0.0000 0.7732
0.0000 0.1076
0.0000 0.7039
0.0000 0.3886
0.0000 1.2607
0.0000 1.2265
0.0000 0.6864
0.0000 0.6833
0.0000 2.3321
0.0000 0.6738
0.0000 1.6149
0.0000 1.1018
0.0000 0.9236
0.0000 0.4048
0.0000 1.1693
0.0000 0.9649
0.0000 1.2633
0.0000 -0.0021
0.0000 2.3140
0.0000 0.3413
0.0000 1.6328
0.0000 1.7741
0.0000 0.5736
0.0000 0.4405
0.0000 1.5238
0.0000 0.3144
0.0000 0.5153
0.0000 0.1888
0.0000 -0.0622
0.0000 1.2021
0.0000 0.2061
0.0000 1.5975
0.0000 0.5094
0.0000 -0.1617
0.0000 -0.0206
0.0000 0.6818
0.0000 0.6093
0.0000 1.0087
0.0000 1.5172
0.0000 0.6079
0.0000 0.9054
0.0000 0.4838
0.0000 0.7256
0.0000 1.3208
0.0000 1.2435
0.0000 0.4586
0.0000 1.6197
0.0000 0.9865
0.0000 1.6124
0.0000 0.7605
0.0000 1.2714
0.0000 0.5879
0.0000 0.1816
0.0000 1.5882
0.0000 1.5000
0.0000 1.0761
0.0000 1.8570
0.0000 0.6284
0.0000 1.1040
0.0000 1.7431
0.0000 1.3464
0.0000 0.5538
0.0000 0.2243
0.0000 0.4670
0.0000 0.8086
0.0000 0.5532
0.0000 0.5594
0.0000 0.6946
0.0000 1.3468
0.0000 0.2672
0.0000 1.4755
0.0000 0.6059
0.0000 0.7725
0.0000 0.7017
0.0000 1.2472
0.0000 0.9170
0.0000 -0.4170
0.0000 1.3482
0.0000 0.9472
0.0000 1.0174
0.0000 0.9680
0.0000 2.3174
0.0000 2.1702
0.0000 1.2513
0.0000 0.4692
0.0000 1.2677
0.0000 1.5137
0.0000 0.2831
0.0000 0.8421
0.0000 0.1442
0.0000 0.9612
0.0000 0.5001
0.0000 0.8292
0.0000 0.4566
0.0000 0.9402
0.0000 0.6311
0.0000 1.5074
0.0000 1.5320
0.0000 0.8908
0.0000 0.8016
0.0000 0.8533
0.0000 -0.6518
0.0000 0.2135
0.0000 0.3306
0.0000 0.9374
0.0000 1.0634
0.0000 0.6554
0.0000 0.2492
0.0000 1.7496
0.0000 0.4851
0.0000 0.5288
0.0000 1.0344
0.0000 1.3286
0.0000 1.1988
0.0000 0.7669
0.0000 1.0399
0.0000 1.2390
0.0000 1.2206
0.0000 2.1988
0.0000 1.2815
0.0000 1.3549
0.0000 0.0715
0.0000 1.5853
0.0000 0.3103
0.0000 0.4175
0.0000 0.1646
0.0000 0.6168
0.0000 1.0696
0.0000 1.0892
0.0000 0.5527
0.0000 0.8560
0.0000 0.9603
0.0000 -0.1316
0.0000 0.5831
0.0000 1.0677
0.0000 1.1357
0.0000 1.8987
0.0000 0.6740
0.0000 0.8181
0.0000 0.2906
0.0000 0.8996
0.0000 0.3829
0.0000 1.3121
0.0000 1.4465
0.0000 1.2059
0.0000 1.2975
0.0000 0.2151
0.0000 -0.5888
0.0000 1.4530
0.0000 0.4912
0.0000 2.1232
0.0000 0.0049
0.0000 0.4066
0.0000 0.8994
0.0000 0.3277
0.0000 0.4934
0.0000 0.4496
0.0000 0.3963
0.0000 0.4005
0.0000 2.0902
0.0000 1.0883
0.0000 1.1486
0.0000 1.1120
0.0000 -0.3986
0.0000 2.0133
0.0000 0.9612
0.0000 1.0825
0.0000 0.4170
0.0000 0.5582
0.0000 0.2230
0.0000 1.1969
0.0000 -0.0724
0.0000 1.3035
0.0000 1.6279
0.0000 0.6738
0.0000 0.1454
0.0000 0.9838
0.0000 0.9244
0.0000 1.0100
0.0000 0.1336
0.0000 0.9198
0.0000 -0.1334
0.0000 0.9905
0.0000 0.8277
0.0000 0.4465
0.0000 1.7155
0.0000 1.3292
0.0000 1.7042
0.0000 1.0080
0.0000 1.6965
0.0000 0.5287
0.0000 1.2427
0.0000 0.5188
0.0000 -0.0335
0.0000 1.2640
0.0000 1.6177
0.0000 0.1932
0.0000 -0.0261
0.0000 1.3486
0.0000 1.1506
0.0000 0.6427
0.0000 0.1637
0.0000 1.1610
0.0000 0.0214
0.0000 0.6218
0.0000 1.1118
0.0000 0.8335
0.0000 1.8414
0.0000 0.6681
0.0000 0.8682
0.0000 1.5134
0.0000 0.7690
0.0000 1.1499
0.0000 0.9755
0.0000 0.0507
0.0000 1.2746
0.0000 1.0620
0.0000 0.5265
0.0000 -0.0637
0.0000 0.3295
0.0000 0.8826
0.0000 1.3081
0.0000 0.1378
0.0000 -0.0519
0.0000 1.0669
0.0000 -0.1587
0.0000 0.6255
0.0000 0.9851
0.0000 0.9747
0.0000 0.3711
0.0000 0.1998
0.0000 1.0390
0.0000 0.8581
0.0000 1.1821
0.0000 1.2290
0.0000 0.9874
0.0000 0.4026
0.0000 1.0406
0.0000 0.7934
0.0000 0.8613
0.0000 0.4201
0.0000 0.8231
0.0000 2.2594
0.0000 1.4579
0.0000 0.4434
0.0000 1.8614
0.0000 0.5405
0.0000 0.7501
0.0000 0.3276
0.0000 0.4938
0.0000 1.4071
0.0000 0.3794
0.0000 1.2193
0.0000 1.5122
0.0000 0.5364
0.0000 0.4219
0.0000 0.8644
0.0000 0.6202
0.0000 1.1629
0.0000 1.1388
0.0000 0.5978
0.0000 0.6571
0.0000 1.0159
0.0000 1.7055
0.0000 1.2895
0.0000 1.6636
0.0000 1.0851
0.0000 0.3228
0.0000 0.5055
0.0000 0.2332
0.0000 1.3423
0.0000 0.4145
0.0000 0.3039
0.0000 1.2730
0.0000 0.9010
0.0000 1.2157
0.0000 1.6513
0.0000 0.9523
0.0000 0.7085
0.0000 0.0559
0.0000 -0.0594
0.0000 0.4813
0.0000 1.7918
0.0000 2.1284
0.0000 0.8876
0.0000 1.1944
0.0000 -0.2775
0.0000 0.5325
0.0000 0.6076
0.0000 1.1160
0.0000 0.1130
0.0000 1.3967
0.0000 0.3762
0.0000 0.9478
0.0000 0.4137
0.0000 -0.0445
0.0000 1.3637
0.0000 1.3611
0.0000 1.5467
0.0000 0.1041
0.0000 1.2214
0.0000 1.3636
0.0000 0.4112
0.0000 1.3283
0.0000 0.6067
0.0000 0.5156
0.0000 0.9753
0.0000 0.9277
0.0000 0.8869
0.0000 0.8058
0.0000 2.0496
0.0000 0.7153
0.0000 1.6651
0.0000 -0.2544
0.0000 0.5653
0.0000 0.4844
0.0000 1.4492
0.0000 0.2640
0.0000 0.7776
0.0000 0.7664
0.0000 0.3054
0.0000 0.9065
0.0000 0.9303
0.0000 0.9510
0.0000 0.3981
0.0000 1.4026
0.0000 0.4713
0.0000 1.5522
0.0000 2.0798
0.0000 0.6183
0.0000 1.2434
0.0000 0.9391
0.0000 1.4297
0.0000 1.0282
0.0000 0.7801
0.0000 -0.1219
0.0000 1.1596
0.0000 1.5657
0.0000 1.0368
0.0000 0.7011
0.0000 0.5575
0.0000 0.7485
0.0000 1.0528
0.0000 1.2114
0.0000 1.3591
0.0000 -0.5854
0.0000 1.3271
0.0000 0.4067
0.0000 0.0406
0.0000 1.1760
0.0000 1.8593
0.0000 0.5206
0.0000 0.5867
0.0000 0.9034
0.0000 0.0400
0.0000 1.8761
0.0000 1.2957
0.0000 -0.0725
0.0000 0.9015
0.0000 0.6978
0.0000 1.1277
0.0000 0.9910
0.0000 0.0585
0.0000 -0.3674
0.0000 1.3377
0.0000 1.0325
0.0000 1.2170
0.0000 0.3480
0.0000 -0.2187
0.0000 1.6846
0.0000 1.0362
0.0000 0.7058
0.0000 0.4164
0.0000 0.6240
0.0000 0.4117
0.0000 0.8054
0.0000 0.5647
0.0000 1.2848
0.0000 0.7805
0.0000 0.9502
0.0000 0.1104
0.0000 0.9002
0.0000 -0.0615
0.0000 1.3972
0.0000 1.8119
0.0000 0.6015
0.0000 0.0584
0.0000 1.2032
0.0000 0.3079
0.0000 0.7304
0.0000 0.4673
0.0000 1.7873
0.0000 1.5218
0.0000 0.1533
0.0000 -0.1344
0.0000 0.4531
0.0000 0.4550
0.0000 1.0110
0.0000 0.4521
0.0000 0.6425
0.0000 0.3740
0.0000 1.0971
0.0000 1.1742
0.0000 1.3560
0.0000 1.0259
0.0000 0.6478
0.0000 1.2079
0.0000 0.7225
0.0000 0.6818
0.0000 1.8081
0.0000 0.9978
0.0000 0.5401
0.0000 0.4763
0.0000 0.5143
0.0000 1.1526
0.0000 1.5984
0.0000 1.2098
0.0000 1.4765
0.0000 0.1742
0.0000 2.0572
0.0000 1.3357
0.0000 0.9813
0.0000 1.4847
0.0000 0.9462
0.0000 -0.3166
0.0000 -0.5171
0.0000 -0.2669
0.0000 -0.0865
0.0000 1.0354
0.0000 0.6325
0.0000 1.4299
0.0000 0.2708
0.0000 0.9970
0.0000 1.0408
0.0000 1.1757
0.0000 0.6168
0.0000 1.0786
0.0000 1.2426
0.0000 0.8740
0.0000 0.4579
0.0000 0.9796
0.0000 0.5971
0.0000 0.8544
0.0000 1.1007
0.0000 1.4289
0.0000 0.8584
0.0000 1.0775
0.0000 0.8559
0.0000 1.6634
0.0000 0.2050
0.0000 0.8321
0.0000 0.5032
0.0000 -0.1748
0.0000 -0.0510
0.0000 1.4916
0.0000 1.4709
0.0000 -0.0089
0.0000 -0.2617
0.0000 1.3741
0.0000 1.0189
0.0000 0.7290
0.0000 1.5017
0.0000 0.2921
0.0000 -0.3091
0.0000 0.4719
0.0000 1.0732
0.0000 0.8444
0.0000 1.9479
0.0000 1.0146
0.0000 0.8664
0.0000 0.8017
0.0000 0.5612
0.0000 1.2619
0.0000 0.7805
0.0000 1.7515
0.0000 1.3431
0.0000 -0.1754
0.0000 0.4946
0.0000 0.9676
0.0000 0.1177
0.0000 1.1656
0.0000 1.9764
0.0000 1.1107
0.0000 1.9387
0.0000 -0.3495
0.0000 0.6101
0.0000 0.1035
0.0000 0.6498
0.0000 0.1020
0.0000 1.5411
0.0000 0.5735
0.0000 1.0886
0.0000 -0.7380
0.0000 0.6063
0.0000 0.4207
0.0000 2.1350
0.0000 1.6024
0.0000 0.8415
0.0000 1.1770
0.0000 1.4796
0.0000 0.7769
0.0000 -0.2973
0.0000 0.7077
0.0000 0.5088
0.0000 1.6726
0.0000 0.7526
0.0000 1.4156
0.0000 1.5781
0.0000 1.2044
0.0000 0.8285
0.0000 0.3630
0.0000 -0.2424
0.0000 1.1037
0.0000 0.6283
0.0000 0.7408
0.0000 -0.4104
0.0000 1.7094
0.0000 0.5263
0.0000 0.8557
0.0000 -0.0636
0.0000 0.4901
0.0000 0.3635
0.0000 0.4432
0.0000 1.8468
0.0000 1.1283
0.0000 0.7668
0.0000 0.7059
0.0000 1.3460
0.0000 -0.1640
0.0000 0.7272
0.0000 1.2309
0.0000 0.3387
0.0000 1.6024
0.0000 -0.0723
0.0000 1.8860
0.0000 0.1558
0.0000 0.6051
0.0000 0.9777
0.0000 0.9430
0.0000 1.1924
0.0000 1.3002
0.0000 1.4586
0.0000 1.1476
0.0000 1.0990
0.0000 0.5207
0.0000 0.1010
0.0000 0.6745
0.0000 0.9899
0.0000 0.8343
0.0000 0.9904
0.0000 1.2775
0.0000 1.1173
0.0000 1.7811
0.0000 1.3246
0.0000 0.2662
0.0000 1.8241
0.0000 1.9658
0.0000 0.2083
0.0000 0.8090
0.0000 1.7075
0.0000 1.1717
0.0000 0.6336
0.0000 1.3537
0.0000 1.2405
0.0000 0.7409
0.0000 1.3710
0.0000 1.6801
0.0000 1.1847
0.0000 0.3647
0.0000 0.9958
0.0000 0.6397
0.0000 1.1426
0.0000 0.8506
0.0000 1.5153
0.0000 0.3779
0.0000 1.7091
0.0000 1.5667
0.0000 0.9402
0.0000 0.5956
0.0000 0.3176
0.0000 0.6092
0.0000 1.8879
0.0000 0.7555
0.0000 0.2891
0.0000 1.1710
0.0000 0.2829
0.0000 1.6493
0.0000 0.5273
0.0000 0.8579
0.0000 0.7501
0.0000 0.9071
0.0000 0.8588
0.0000 0.2977
0.0000 0.5813
0.0000 1.4264
0.0000 1.5410
0.0000 0.9587
0.0000 2.2064
0.0000 1.6867
0.0000 0.2637
0.0000 1.8452
0.0000 0.7048
0.0000 1.3374
0.0000 -0.1172
0.0000 0.4883
0.0000 2.2470
0.0000 1.2115
0.0000 1.5766
0.0000 1.3948
0.0000 1.2499
0.0000 1.3653
0.0000 0.2775
0.0000 0.1403
0.0000 1.4248
0.0000 0.1954
0.0000 1.2125
0.0000 1.8207
0.0000 0.1438
0.0000 1.5991
0.0000 1.1929
0.0000 1.9169
0.0000 0.3986
0.0000 1.3687
0.0000 -0.0114
0.0000 0.3788
0.0000 0.8794
0.0000 1.4074
0.0000 -0.2975
0.0000 1.3055
0.0000 1.7127
0.0000 1.1035
0.0000 1.0880
0.0000 0.2083
0.0000 1.2449
0.0000 0.3440
0.0000 0.5697
0.0000 -0.0767
0.0000 1.1283
0.0000 0.6639
0.0000 1.4431
0.0000 0.4228
0.0000 0.6273
0.0000 -0.1181
0.0000 1.2066
0.0000 0.5899
0.0000 1.5694
0.0000 0.1336
0.0000 0.6830
0.0000 1.6764
0.0000 0.1259
0.0000 0.2505
0.0000 1.2690
0.0000 2.2224
0.0000 0.5795
0.0000 -0.2823
0.0000 0.8569
0.0000 1.1768
0.0000 -0.1681
0.0000 0.0228
0.0000 1.0281
0.0000 1.0779
0.0000 0.7609
0.0000 1.1467
0.0000 0.0323
0.0000 1.1656
0.0000 0.4837
0.0000 1.0458
0.0000 1.3130
0.0000 0.3401
0.0000 0.3497
0.0000 1.2172
0.0000 0.7341
0.0000 0.9986
0.0000 1.6993
0.0000 1.6612
0.0000 0.8497
0.0000 1.2454
0.0000 0.8564
0.0000 0.3588
0.0000 0.5055
0.0000 0.7986
0.0000 0.9747
0.0000 2.0455
0.0000 1.0631
0.0000 0.7404
0.0000 1.0782
0.0000 0.9308
0.0000 1.4811
0.0000 1.2294
0.0000 -0.0015
0.0000 1.4331
0.0000 1.0932
0.0000 1.6836
0.0000 1.6658
0.0000 0.1428
0.0000 0.9417
0.0000 0.6660
0.0000 0.4288
0.0000 0.3203
0.0000 2.2855
0.0000 0.8159
0.0000 1.1450
0.0000 0.8085
0.0000 0.1748
0.0000 1.8974
0.0000 1.6895
0.0000 0.7991
0.0000 1.2976
0.0000 0.4097
0.0000 1.1850
0.0000 0.2050
0.0000 1.6415
0.0000 2.0487
0.0000 1.2147
0.0000 0.7972
0.0000 1.7907
0.0000 2.5146
0.0000 0.6903
0.0000 0.8336
0.0000 1.0467
0.0000 1.6958
0.0000 -0.1732
0.0000 1.8779
0.0000 -0.2005
0.0000 0.5415
0.0000 1.0756
0.0000 0.6445
0.0000 1.3199
0.0000 1.5781
0.0000 0.6997
0.0000 0.3172
0.0000 0.7144
0.0000 -0.0035
0.0000 1.3746
0.0000 0.2361
0.0000 0.6515
0.0000 1.2572
0.0000 0.2338
0.0000 0.4614
0.0000 0.5751
0.0000 0.2516
0.0000 1.1474
0.0000 -0.2640
0.0000 0.4060
0.0000 0.6479
0.0000 0.9209
0.0000 1.1246
0.0000 0.9937
0.0000 1.0670
0.0000 0.5393
0.0000 1.1677
0.0000 1.2632
0.0000 0.5899
0.0000 0.5606
0.0000 0.7638
0.0000 1.1552
0.0000 1.6713
0.0000 1.5731
0.0000 0.6417
0.0000 1.5988
0.0000 1.7989
0.0000 0.0249
0.0000 -0.4703
0.0000 0.8805
0.0000 1.1455
0.0000 0.1557
0.0000 0.7289
0.0000 0.8104
0.0000 0.8990
0.0000 0.5986
0.0000 1.1989
0.0000 0.4849
0.0000 0.7435
0.0000 2.4295
0.0000 1.1521
0.0000 -0.1901
0.0000 1.3384
0.0000 0.6022
0.0000 0.5798
0.0000 0.3215
0.0000 1.3435
0.0000 0.2521
0.0000 1.4676
0.0000 1.3947
0.0000 1.1947
0.0000 -0.0132
0.0000 0.2511
0.0000 1.9299
0.0000 0.9256
0.0000 0.4740
0.0000 0.6179
0.0000 0.8250
0.0000 1.3774
0.0000 1.0960
0.0000 0.8424
0.0000 0.6077
0.0000 1.6148
0.0000 1.0245
0.0000 0.5036
0.0000 0.5380
0.0000 1.3918
0.0000 0.7459
0.0000 1.2766
0.0000 1.6948
0.0000 1.2747
0.0000 1.4606
0.0000 0.8451
0.0000 1.5372
0.0000 1.6958
0.0000 0.7942
0.0000 1.6121
0.0000 0.2336
0.0000 0.5460
0.0000 -0.1407
0.0000 1.1752
0.0000 0.5290
0.0000 1.2831
0.0000 0.9449
0.0000 0.2685
0.0000 0.3167
0.0000 0.9229
0.0000 0.1852
0.0000 0.4754
0.0000 -0.0400
0.0000 0.8452
0.0000 0.0316
0.0000 0.5076
0.0000 1.4516
0.0000 0.8842
0.0000 0.4942
0.0000 0.0638
0.0000 1.5811
0.0000 0.5563
0.0000 0.9092
0.0000 1.4053
0.0000 0.1850
0.0000 0.5353
0.0000 1.4321
0.0000 1.2043
0.0000 1.3619
0.0000 0.2748
0.0000 0.6785
0.0000 0.2160
0.0000 0.2990
0.0000 2.0679
0.0000 0.6706
0.0000 0.9789
0.0000 1.4756
0.0000 0.5714
0.0000 2.1286
0.0000 1.7542
0.0000 0.0846
0.0000 0.4438
0.0000 0.2530
0.0000 1.2778
0.0000 0.7567
0.0000 1.2967
0.0000 2.3384
0.0000 0.8926
0.0000 -0.0669
0.0000 0.4511
0.0000 0.6821
0.0000 -0.0086
0.0000 0.8965
0.0000 1.3707
0.0000 0.2796
0.0000 0.8737
0.0000 0.1063
0.0000 0.3459
0.0000 1.9213
0.0000 1.0529
0.0000 0.9965
0.0000 1.1271
0.0000 -0.1029
0.0000 0.6389
0.0000 0.8271
0.0000 0.3606
0.0000 0.5830
0.0000 1.0969
0.0000 0.2274
0.0000 0.5858
0.0000 1.0317
0.0000 1.4834
0.0000 1.4631
0.0000 1.7372
0.0000 0.1197
0.0000 1.2669
0.0000 0.3158
0.0000 0.4047
0.0000 1.3126
0.0000 0.0066
0.0000 0.5138
0.0000 1.0564
0.0000 0.1700
0.0000 0.8537
0.0000 1.8285
0.0000 0.7196
0.0000 0.0293
0.0000 0.8308
0.0000 1.2863
0.0000 0.3670
0.0000 1.2767
0.0000 0.6449
0.0000 1.8970
0.0000 0.4122
0.0000 0.4006
0.0000 0.6730
0.0000 0.7096
0.0000 0.8310
0.0000 1.1068
0.0000 0.2606
0.0000 0.7107
0.0000 0.3166
0.0000 1.3292
0.0000 0.7289
0.0000 1.1380
0.0000 0.6442
0.0000 1.4199
0.0000 1.1879
0.0000 0.4901
0.0000 0.6651
0.0000 0.6238
0.0000 1.6765
0.0000 0.4689
0.0000 1.0238
0.0000 1.0886
0.0000 0.8246
0.0000 1.6178
0.0000 0.3561
0.0000 1.0086
0.0000 0.5593
0.0000 1.1680
0.0000 1.4634
0.0000 0.4413
0.0000 0.9758
0.0000 0.5486
0.0000 2.0685
0.0000 1.4756
0.0000 0.5766
0.0000 0.8515
0.0000 0.0126
0.0000 1.1197
0.0000 0.4576
0.0000 0.5999
0.0000 0.7566
0.0000 1.6776
0.0000 0.6695
0.0000 2.2411
0.0000 1.1828
0.0000 1.3225
0.0000 1.1672
0.0000 1.3460
0.0000 0.3802
0.0000 0.7346
0.0000 0.7619
0.0000 0.3299
0.0000 1.5843
0.0000 1.1026
0.0000 1.4357
0.0000 0.9492
0.0000 0.1821
0.0000 0.8835
0.0000 0.0539
0.0000 -0.6396
0.0000 1.0123
0.0000 0.5425
0.0000 0.6715
0.0000 0.1440
0.0000 0.7113
0.0000 0.8490
0.0000 1.1495
0.0000 0.7640
0.0000 0.8780
0.0000 0.8990
0.0000 0.2017
0.0000 1.2942
0.0000 1.0753
0.0000 1.2019
0.0000 0.9548
0.0000 -0.0393
0.0000 0.3619
0.0000 0.9447
0.0000 1.7985
0.0000 0.3976
0.0000 0.7270
0.0000 1.1955
0.0000 0.7115
0.0000 1.2387
0.0000 1.1415
0.0000 0.7737
0.0000 1.6371
0.0000 0.5473
0.0000 0.8284
0.0000 -0.1521
0.0000 1.4634
0.0000 0.2080
0.0000 1.3349
0.0000 0.1080
0.0000 0.6578
0.0000 1.7511
0.0000 0.7584
0.0000 1.9316
0.0000 1.4266
0.0000 0.7783
0.0000 0.7834
0.0000 0.9855
0.0000 1.2339
0.0000 -0.6934
0.0000 0.8891
0.0000 0.5052
0.0000 1.3776
0.0000 0.4932
0.0000 0.6853
0.0000 0.1463
0.0000 1.6334
0.0000 1.6763
0.0000 0.6519
0.0000 1.6880
0.0000 0.5772
0.0000 0.6523
0.0000 0.0377
0.0000 1.1021
0.0000 0.3634
0.0000 0.4301
0.0000 1.1494
0.0000 0.6263
0.0000 0.6040
0.0000 0.3969
0.0000 0.7839
0.0000 0.4389
0.0000 1.6231
0.0000 0.8396
0.0000 1.2848
0.0000 0.0392
0.0000 0.6825
0.0000 0.5406
0.0000 0.8134
0.0000 1.2343
0.0000 0.4960
0.0000 1.6443
0.0000 1.3226
0.0000 1.5123
0.0000 0.5611
0.0000 0.4030
0.0000 0.4664
0.0000 1.6904
0.0000 1.0007
0.0000 0.7738
0.0000 1.3990
0.0000 1.0608
0.0000 0.5537
0.0000 2.1294
0.0000 0.5043
0.0000 1.4192
0.0000 -0.3109
0.0000 0.8279
0.0000 1.0054
0.0000 1.4102
0.0000 0.0187
0.0000 1.1674
0.0000 -0.3240
0.0000 1.2282
0.0000 1.2912
0.0000 1.0744
0.0000 0.7955
0.0000 1.0145
0.0000 1.0097
0.0000 0.1566
0.0000 0.3339
0.0000 1.1041
0.0000 1.2750
0.0000 0.6317
0.0000 0.7786
0.0000 0.7069
0.0000 1.1785
0.0000 0.7742
0.0000 0.3250
0.0000 -0.3494
0.0000 0.9283
0.0000 1.2789
0.0000 0.2573
0.0000 0.1608
0.0000 0.4012
0.0000 1.1414
0.0000 0.5289
0.0000 -0.0285
0.0000 0.7056
0.0000 -0.2896
0.0000 1.0926
0.0000 1.1342
0.0000 0.7278
0.0000 0.3308
0.0000 1.0590
0.0000 1.4538
0.0000 1.0402
0.0000 0.6679
0.0000 0.8476
0.0000 0.3040
0.0000 0.5446
0.0000 1.3291
0.0000 0.7810
0.0000 0.4376
0.0000 0.1912
0.0000 0.0608
0.0000 0.9869
0.0000 1.5202
0.0000 0.1452
0.0000 0.1101
0.0000 0.7494
0.0000 1.1139
0.0000 1.4932
0.0000 1.4933
0.0000 1.2456
0.0000 0.8219
0.0000 1.3666
0.0000 -0.0819
0.0000 0.8010
0.0000 1.9350
0.0000 1.6786
0.0000 0.9570
0.0000 0.8539
0.0000 0.6903
0.0000 -0.0601
0.0000 0.4214
0.0000 1.0228
0.0000 0.5111
0.0000 0.2734
0.0000 0.0136
0.0000 0.7430
0.0000 0.4594
0.0000 1.3175
0.0000 0.6806
0.0000 2.5879
0.0000 0.5091
0.0000 0.5773
0.0000 1.1434
0.0000 -0.3522
0.0000 1.3091
0.0000 0.8616
0.0000 1.1589
0.0000 0.4569
0.0000 1.4437
0.0000 0.5248
0.0000 0.5805
0.0000 0.3879
0.0000 1.6316
0.0000 0.9739
0.0000 0.5547
0.0000 0.8647
0.0000 0.8788
0.0000 -0.4766
0.0000 0.6959
0.0000 0.4905
0.0000 -0.0351
0.0000 1.3294
0.0000 0.8154
0.0000 0.7112
0.0000 0.9331
0.0000 0.1055
0.0000 0.8666
0.0000 1.7415
0.0000 1.1275
0.0000 0.2927
0.0000 0.4754
0.0000 0.9458
0.0000 0.1871
0.0000 0.1084
0.0000 0.8877
0.0000 1.1768
0.0000 1.2532
0.0000 1.4775
0.0000 0.6064
0.0000 1.8125
0.0000 0.6017
0.0000 0.1084
0.0000 0.4222
0.0000 1.4270
0.0000 1.0170
0.0000 1.3483
0.0000 1.5562
0.0000 0.3599
0.0000 1.2197
0.0000 0.8849
0.0000 1.7250
0.0000 1.0215
0.0000 0.4835
0.0000 1.0897
0.0000 0.6326
0.0000 0.5716
0.0000 0.7590
0.0000 0.3292
0.0000 0.8383
0.0000 0.4800
0.0000 1.0514
0.0000 0.7482
0.0000 1.2814
0.0000 -0.0762
0.0000 1.1378
0.0000 1.4783
0.0000 1.0362
0.0000 1.5763
0.0000 1.5519
0.0000 -0.5793
0.0000 0.6888
0.0000 2.1359
0.0000 0.2017
0.0000 1.3333
0.0000 0.3747
0.0000 0.3701
0.0000 0.7797
0.0000 0.4083
0.0000 1.5406
0.0000 1.0796
0.0000 0.5938
0.0000 1.2307
0.0000 0.6513
0.0000 1.0788
0.0000 1.1716
0.0000 2.0234
0.0000 1.0450
0.0000 1.2007
0.0000 1.2022
0.0000 0.1858
0.0000 0.5458
0.0000 1.9855
0.0000 1.3848
0.0000 0.4114
0.0000 1.9031
0.0000 1.2616
0.0000 1.1702
0.0000 0.7800
0.0000 0.4631
0.0000 0.9998
0.0000 1.4107
0.0000 0.6488
0.0000 1.2393
0.0000 -0.1619
0.0000 1.4706
0.0000 1.1907
0.0000 -0.7676
0.0000 0.8176
0.0000 1.0449
0.0000 1.1962
0.0000 0.7315
0.0000 1.2988
0.0000 1.4303
0.0000 0.7986
0.0000 0.9549
0.0000 1.8501
0.0000 1.0453
0.0000 1.9242
0.0000 1.1995
0.0000 1.3991
0.0000 1.0888
0.0000 1.2094
0.0000 0.3331
0.0000 0.6541
0.0000 0.3466
0.0000 1.6478
0.0000 0.8215
0.0000 0.2219
0.0000 1.3013
0.0000 0.9715
0.0000 0.9512
0.0000 1.5378
0.0000 0.7370
0.0000 1.3226
0.0000 0.7921
0.0000 0.8996
0.0000 1.7963
0.0000 0.4265
0.0000 1.1954
0.0000 2.1307
0.0000 0.7211
0.0000 0.7469
0.0000 0.3765
0.0000 0.9648
0.0000 1.2999
0.0000 0.9409
0.0000 -0.3158
0.0000 -0.0978
0.0000 0.4856
0.0000 0.1672
0.0000 0.3976
0.0000 0.1506
0.0000 0.9856
0.0000 0.8025
0.0000 0.3640
0.0000 1.4275
0.0000 1.2974
0.0000 0.4136
0.0000 1.2042
0.0000 1.3335
0.0000 0.7772
0.0000 1.2753
0.0000 0.7959
0.0000 0.6587
0.0000 1.1609
0.0000 1.5963
0.0000 1.4908
0.0000 0.3779
0.0000 0.5437
0.0000 1.3016
0.0000 0.9199
0.0000 0.9690
0.0000 0.5547
0.0000 1.5152
0.0000 0.5163
0.0000 -0.3113
0.0000 0.6533
0.0000 0.1088
0.0000 0.0751
0.0000 1.2324
0.0000 -0.1833
0.0000 0.6422
0.0000 1.3812
0.0000 0.6119
0.0000 0.4945
0.0000 0.9616
0.0000 0.7152
0.0000 1.1887
0.0000 0.9012
0.0000 0.4004
0.0000 1.2860
0.0000 -0.0979
0.0000 1.3352
0.0000 1.8796
0.0000 0.9161
0.0000 -0.3386
0.0000 0.3140
0.0000 1.0282
0.0000 1.1859
0.0000 0.7383
0.0000 0.6804
0.0000 0.3781
0.0000 1.4775
0.0000 1.0316
0.0000 0.6312
0.0000 1.1332
0.0000 1.7588
0.0000 0.7572
0.0000 1.8120
0.0000 0.3974
0.0000 1.0091
0.0000 0.9850
0.0000 0.7303
0.0000 0.0459
0.0000 0.7538
0.0000 0.4639
0.0000 0.6405
0.0000 1.0873
0.0000 0.5152
0.0000 0.7162
0.0000 0.6553
0.0000 1.3585
0.0000 0.6853
0.0000 2.3066
0.0000 2.2644
0.0000 0.5443
0.0000 1.4672
0.0000 0.1770
0.0000 1.3017
0.0000 0.6464
0.0000 0.3961
0.0000 0.3701
0.0000 1.0420
0.0000 0.6647
0.0000 0.5219
0.0000 1.2096
0.0000 1.6310
0.0000 1.3486
0.0000 1.2810
0.0000 1.1194
0.0000 1.6432
0.0000 1.3069
0.0000 0.8620
0.0000 1.7232
0.0000 1.2018
0.0000 0.2248
0.0000 0.5927
0.0000 1.7091
0.0000 0.9633
0.0000 0.8531
0.0000 1.3628
0.0000 1.1218
0.0000 -0.2993
0.0000 0.6371
0.0000 0.6368
0.0000 0.8191
0.0000 -0.3213
0.0000 1.6869
0.0000 1.3101
0.0000 0.8931
0.0000 0.2894
0.0000 0.9916
0.0000 0.7077
0.0000 1.1475
0.0000 0.2715
0.0000 2.4219
0.0000 0.8728
0.0000 1.1513
0.0000 0.5418
0.0000 1.7642
0.0000 0.2766
0.0000 1.1899
0.0000 0.1563
0.0000 0.4327
0.0000 0.4440
0.0000 0.8740
0.0000 0.2009
0.0000 1.3678
0.0000 0.6538
0.0000 0.2466
0.0000 0.7145
0.0000 0.3910
0.0000 0.5601
0.0000 1.1021
0.0000 1.6389
0.0000 0.6182
0.0000 1.0746
0.0000 1.1303
0.0000 0.5402
0.0000 0.1748
0.0000 0.2077
0.0000 0.9151
0.0000 1.2107
0.0000 0.0759
0.0000 -0.4452
0.0000 1.1487
0.0000 0.9387
0.0000 0.4404
0.0000 0.8166
0.0000 -0.0231
0.0000 1.1518
0.0000 0.8132
0.0000 0.5618
0.0000 0.1844
0.0000 0.7380
0.0000 0.9602
0.0000 0.8162
0.0000 1.5585
0.0000 1.1722
0.0000 0.3466
0.0000 1.3126
0.0000 0.7995
0.0000 0.2316
0.0000 1.6484
0.0000 0.7993
0.0000 0.3301
0.0000 0.2761
0.0000 1.3117
0.0000 0.5839
0.0000 0.9457
0.0000 -0.3524
0.0000 0.7984
0.0000 0.3223
0.0000 0.3707
0.0000 0.7289
0.0000 0.6511
0.0000 0.8116
0.0000 1.3391
0.0000 1.2416
0.0000 0.8769
0.0000 0.9714
0.0000 0.1025
0.0000 1.3748
0.0000 0.7247
0.0000 1.4905
0.0000 1.0498
0.0000 0.2856
0.0000 1.4680
0.0000 0.2378
0.0000 1.5748
0.0000 0.4296
0.0000 0.7832
0.0000 0.6668
0.0000 0.8540
0.0000 1.3342
0.0000 1.4285
0.0000 0.8727
0.0000 1.2198
0.0000 0.5292
0.0000 0.8280
0.0000 0.2315
0.0000 0.6404
0.0000 1.4153
0.0000 2.1248
0.0000 0.4929
0.0000 1.9087
0.0000 1.3014
0.0000 1.2067
0.0000 0.6501
0.0000 0.7027
0.0000 1.0041
0.0000 1.6476
0.0000 0.5970
0.0000 1.3442
0.0000 0.7761
0.0000 0.8335
0.0000 0.8817
0.0000 0.2593
0.0000 1.5757
0.0000 -0.0059
0.0000 0.7325
0.0000 1.7876
0.0000 0.5021
0.0000 2.0830
0.0000 1.6574
0.0000 0.3029
0.0000 1.3696
0.0000 0.0875
0.0000 -0.2241
0.0000 0.5557
0.0000 0.4166
0.0000 1.4943
0.0000 0.1230
0.0000 1.0724
0.0000 1.6966
0.0000 0.6280
0.0000 1.4952
0.0000 0.9013
0.0000 0.5309
0.0000 0.6056
0.0000 0.3664
0.0000 1.2658
0.0000 1.2780
0.0000 1.0005
0.0000 0.7951
0.0000 -0.0041
0.0000 1.0316
0.0000 0.8652
0.0000 0.2606
0.0000 1.4197
0.0000 1.0932
0.0000 -0.0092
0.0000 0.6431
0.0000 0.5575
0.0000 0.9986
0.0000 0.1629
0.0000 2.1844
0.0000 1.2730
0.0000 0.2046
0.0000 0.4879
0.0000 1.3039
0.0000 1.2625
0.0000 0.4177
0.0000 0.4399
0.0000 0.6580
0.0000 1.3979
0.0000 1.2924
0.0000 1.1943
0.0000 1.4730
0.0000 0.2065
0.0000 0.1422
0.0000 0.1656
0.0000 0.9364
0.0000 1.2016
0.0000 1.8346
0.0000 0.5542
0.0000 -0.4046
0.0000 0.9952
0.0000 0.5651
0.0000 1.1182
0.0000 0.6704
0.0000 0.8810
0.0000 1.2037
0.0000 1.1257
0.0000 0.7901
0.0000 0.3479
0.0000 1.2340
0.0000 1.2258
0.0000 0.6816
0.0000 0.7074
0.0000 1.3548
0.0000 1.5153
0.0000 1.1849
0.0000 1.0546
0.0000 1.0169
0.0000 0.1572
0.0000 0.3420
0.0000 0.9215
0.0000 0.9962
0.0000 1.2236
0.0000 0.6392
0.0000 1.2041
0.0000 0.4341
0.0000 0.7038
0.0000 -0.1128
0.0000 1.5606
0.0000 1.3572
0.0000 0.3319
0.0000 1.3203
0.0000 0.9076
0.0000 1.1923
0.0000 0.7861
0.0000 0.9291
0.0000 -0.2516
0.0000 0.8978
0.0000 1.6632
0.0000 1.6834
0.0000 0.8727
0.0000 0.4166
0.0000 -0.0438
0.0000 0.7720
0.0000 1.3400
0.0000 0.3245
0.0000 0.7596
0.0000 1.4764
0.0000 0.7470
0.0000 0.2815
0.0000 0.0578
0.0000 1.3698
0.0000 0.9091
0.0000 0.8182
0.0000 0.4494
0.0000 0.8485
0.0000 0.1263
0.0000 1.2965
0.0000 0.4411
0.0000 1.2589
0.0000 1.7253
0.0000 0.9909
0.0000 1.2582
0.0000 1.2460
0.0000 0.4172
0.0000 1.2366
0.0000 1.2052
0.0000 0.3197
0.0000 -0.0867
0.0000 0.4394
0.0000 0.9658
0.0000 1.3394
0.0000 1.1343
0.0000 0.3939
0.0000 0.8158
0.0000 0.6204
0.0000 1.0291
0.0000 1.6715
0.0000 0.1746
0.0000 0.9580
0.0000 0.1930
0.0000 -0.0079
0.0000 -0.4784
0.0000 0.4696
0.0000 0.4219
0.0000 1.7149
0.0000 1.1418
0.0000 0.5998
0.0000 1.2377
0.0000 0.6318
0.0000 0.6336
0.0000 0.6251
0.0000 0.2526
0.0000 1.3551
0.0000 -0.8246
0.0000 1.8769
0.0000 1.7236
0.0000 0.3823
0.0000 1.8735
0.0000 0.9208
0.0000 0.7719
0.0000 0.7280
0.0000 1.9037
0.0000 1.4024
0.0000 0.1974
0.0000 0.8370
0.0000 0.7987
0.0000 0.8782
0.0000 0.9826
0.0000 0.2153
0.0000 1.0619
0.0000 0.6746
0.0000 0.1449
0.0000 0.1342
0.0000 0.4741
0.0000 1.0781
0.0000 2.0607
0.0000 0.4787
0.0000 1.4058
0.0000 1.2263
0.0000 0.1189
0.0000 0.6856
0.0000 1.2127
0.0000 1.9294
0.0000 0.9336
0.0000 0.3782
0.0000 1.4057
0.0000 0.1388
0.0000 1.0188
0.0000 1.5709
0.0000 0.7317
0.0000 1.4498
0.0000 1.3138
0.0000 0.7302
0.0000 -0.2946
0.0000 1.7124
0.0000 0.6209
0.0000 -0.0877
0.0000 1.0982
0.0000 0.9302
0.0000 1.0142
0.0000 0.8315
0.0000 1.0884
0.0000 0.9750
0.0000 1.0366
0.0000 1.1582
0.0000 1.3681
0.0000 0.4427
0.0000 1.0877
0.0000 -0.7385
0.0000 0.8103
0.0000 1.3848
0.0000 1.0926
0.0000 0.8083
0.0000 1.0031
0.0000 0.9042
0.0000 0.4485
0.0000 1.0289
0.0000 0.4021
0.0000 0.1788
0.0000 -0.1707
0.0000 1.3420
0.0000 0.9167
0.0000 1.0110
0.0000 0.3571
0.0000 1.0384
0.0000 0.2863
0.0000 1.9850
0.0000 0.8876
0.0000 0.9792
0.0000 0.7124
0.0000 0.4659
0.0000 0.3803
0.0000 0.9686
0.0000 1.1690
0.0000 -0.0005
0.0000 0.3148
0.0000 1.8258
0.0000 -0.0692
0.0000 0.6000
0.0000 0.4720
0.0000 1.1034
0.0000 1.1952
0.0000 0.6602
0.0000 -0.0171
0.0000 -0.1364
0.0000 0.9411
0.0000 1.0718
0.0000 1.2130
0.0000 1.0047
0.0000 0.2690
0.0000 1.3382
0.0000 0.0818
0.0000 1.7069
0.0000 -0.3201
0.0000 1.3010
0.0000 0.6873
0.0000 1.1988
0.0000 1.4076
0.0000 0.6946
0.0000 -0.2733
0.0000 0.9005
0.0000 0.6253
0.0000 1.3859
0.0000 0.8180
0.0000 0.6161
0.0000 -0.0935
0.0000 0.8712
0.0000 0.2486
0.0000 1.2670
0.0000 0.3204
0.0000 0.8085
0.0000 0.6122
0.0000 0.1560
0.0000 0.7383
0.0000 1.0924
0.0000 0.7314
0.0000 0.2748
0.0000 0.5964
0.0000 0.4985
0.0000 0.7825
0.0000 0.2679
0.0000 1.9674
0.0000 0.6653
0.0000 1.2606
0.0000 0.8889
0.0000 1.7130
0.0000 -0.0916
0.0000 0.7226
0.0000 0.3951
0.0000 1.9737
0.0000 0.5434
0.0000 1.3533
0.0000 0.9580
0.0000 0.8348
0.0000 1.0203
0.0000 0.7527
0.0000 0.8600
0.0000 0.5010
0.0000 1.0653
0.0000 0.8080
0.0000 0.5480
0.0000 0.5801
0.0000 0.9502
0.0000 0.3605
0.0000 0.1568
0.0000 0.5757
0.0000 1.1755
0.0000 0.5197
0.0000 1.8828
0.0000 1.0318
0.0000 1.4657
0.0000 1.0999
0.0000 1.1676
0.0000 1.5481
0.0000 -0.0310
0.0000 1.1731
0.0000 1.2217
0.0000 0.9271
0.0000 1.7697
0.0000 0.5049
0.0000 1.2264
0.0000 -0.0300
0.0000 0.7553
0.0000 1.1801
0.0000 1.6444
0.0000 1.8120
0.0000 1.3704
0.0000 0.3569
0.0000 0.9365
0.0000 -0.2221
0.0000 1.0429
0.0000 0.9237
0.0000 1.1449
0.0000 1.0450
0.0000 1.1864
0.0000 1.3365
0.0000 1.1640
0.0000 1.1685
0.0000 0.2856
0.0000 0.9390
0.0000 0.9746
0.0000 0.9731
0.0000 1.2383
0.0000 0.4246
0.0000 1.3064
0.0000 0.1182
0.0000 0.7649
0.0000 0.6308
0.0000 1.1376
0.0000 1.0953
0.0000 0.4759
0.0000 -0.5243
0.0000 1.2640
0.0000 1.7327
0.0000 0.6416
0.0000 0.6198
0.0000 0.6613
0.0000 -0.0258
0.0000 1.4476
0.0000 0.9498
0.0000 1.4574
0.0000 1.0127
0.0000 1.3158
0.0000 0.8074
0.0000 1.5312
0.0000 1.5098
0.0000 0.0002
0.0000 0.1724
0.0000 1.4753
0.0000 1.4173
0.0000 1.3592
0.0000 1.0618
0.0000 1.0845
0.0000 0.3480
0.0000 1.0134
0.0000 -0.3128
0.0000 1.5517
0.0000 1.5726
0.0000 0.9193
0.0000 1.7026
0.0000 1.0280
0.0000 0.8457
0.0000 0.7543
0.0000 0.8999
0.0000 0.5958
0.0000 1.7360
0.0000 0.0799
0.0000 0.8122
0.0000 0.5005
0.0000 1.1835
0.0000 1.2052
0.0000 1.1391
0.0000 1.1306
0.0000 0.3048
0.0000 1.8174
0.0000 1.6605
0.0000 0.6271
0.0000 1.5745
0.0000 0.2220
0.0000 0.8633
0.0000 0.7448
0.0000 0.8190
0.0000 1.3096
0.0000 -0.0343
0.0000 0.7562
0.0000 0.3996
0.0000 0.7664
0.0000 1.8845
0.0000 0.5508
0.0000 0.3451
0.0000 1.1471
0.0000 1.0387
0.0000 0.4421
0.0000 0.7705
0.0000 0.6027
0.0000 1.5101
0.0000 0.0365
0.0000 0.6107
0.0000 0.6054
0.0000 0.4020
0.0000 0.9473
0.0000 0.2077
0.0000 1.1330
0.0000 1.1185
0.0000 0.1759
0.0000 0.2804
0.0000 0.0779
0.0000 0.4227
0.0000 -0.4927
0.0000 0.6313
0.0000 0.5403
0.0000 1.1195
0.0000 1.2529
0.0000 1.2874
0.0000 0.4192
0.0000 0.6869
0.0000 0.9603
0.0000 0.3146
0.0000 0.5244
0.0000 0.2380
0.0000 -0.5317
0.0000 1.6168
0.0000 0.5576
0.0000 0.8396
0.0000 0.6164
0.0000 -0.2196
0.0000 0.8618
0.0000 0.3080
0.0000 0.7812
0.0000 0.8337
0.0000 0.4580
0.0000 0.5622
0.0000 0.5774
0.0000 0.3457
0.0000 0.7387
0.0000 0.2083
0.0000 1.0396
0.0000 -0.8572
0.0000 1.4411
0.0000 0.1914
0.0000 -0.3027
0.0000 1.4719
0.0000 0.4340
0.0000 0.8260
0.0000 1.6507
0.0000 -0.0860
0.0000 1.7966
0.0000 0.2273
0.0000 1.3192
0.0000 0.1821
0.0000 0.4463
0.0000 0.3277
0.0000 1.9566
0.0000 1.1315
0.0000 1.2006
0.0000 0.6716
0.0000 0.7213
0.0000 0.3059
0.0000 1.0422
0.0000 0.8802
0.0000 1.2242
0.0000 0.7819
0.0000 1.5705
0.0000 0.1031
0.0000 1.3066
0.0000 1.9626
0.0000 1.4087
0.0000 1.2975
0.0000 1.2402
0.0000 1.2274
0.0000 0.3221
0.0000 1.5485
0.0000 2.3803
0.0000 0.7902
0.0000 1.5258
0.0000 2.0593
0.0000 1.0365
0.0000 1.1295
0.0000 2.0850
0.0000 0.8314
0.0000 0.6187
0.0000 0.4448
0.0000 1.3777
0.0000 1.1496
0.0000 1.1561
0.0000 0.9169
0.0000 0.6604
0.0000 0.4951
0.0000 0.4015
0.0000 0.2779
0.0000 1.4500
0.0000 0.6523
0.0000 1.4198
0.0000 1.4371
0.0000 1.8019
0.0000 0.8204
0.0000 0.0175
0.0000 0.9931
0.0000 0.4422
0.0000 0.5964
0.0000 0.6558
0.0000 1.6814
0.0000 0.2531
0.0000 0.7419
0.0000 1.5247
0.0000 1.3148
0.0000 1.0954
0.0000 0.7576
0.0000 1.6902
0.0000 0.5188
0.0000 0.4199
0.0000 0.7472
0.0000 1.1191
0.0000 1.6131
0.0000 1.1106
0.0000 0.2577
0.0000 1.4992
0.0000 0.6414
0.0000 1.6641
0.0000 1.2931
0.0000 1.1621
0.0000 -0.1968
0.0000 0.5634
0.0000 0.0061
0.0000 0.9785
0.0000 2.2986
0.0000 1.9359
0.0000 1.2499
0.0000 0.1893
0.0000 -0.0826
0.0000 1.3654
0.0000 -0.2878
0.0000 -0.0710
0.0000 0.2260
0.0000 0.7236
0.0000 0.4656
0.0000 0.4326
0.0000 1.3612
0.0000 0.4804
0.0000 1.0190
0.0000 1.1919
0.0000 0.6732
0.0000 0.2572
0.0000 0.2053
0.0000 0.7840
0.0000 0.7692
0.0000 0.5649
0.0000 1.0838
0.0000 0.9184
0.0000 2.0041
0.0000 1.7399
0.0000 1.4997
0.0000 -0.4570
0.0000 0.9127
0.0000 0.6595
0.0000 1.0302
0.0000 1.5417
0.0000 1.4416
0.0000 0.6524
0.0000 1.0973
0.0000 0.8877
0.0000 1.4670
0.0000 0.5354
0.0000 0.5160
0.0000 0.9725
0.0000 0.7443
0.0000 0.8489
0.0000 1.0323
0.0000 1.1351
0.0000 1.2647
0.0000 0.7220
0.0000 1.0695
0.0000 0.8717
0.0000 1.0834
0.0000 1.1544
0.0000 0.4773
0.0000 -0.3784
0.0000 0.9338
0.0000 0.0933
0.0000 1.8908
0.0000 0.2355
0.0000 0.0336
0.0000 0.9830
0.0000 0.3998
0.0000 1.3741
0.0000 1.9806
0.0000 0.7676
0.0000 -0.0580
0.0000 1.3314
0.0000 1.1446
0.0000 1.7080
0.0000 0.6781
0.0000 0.4077
0.0000 1.4788
0.0000 1.2646
0.0000 0.9439
0.0000 1.3373
0.0000 0.6525
0.0000 1.1576
0.0000 0.9369
0.0000 0.8421
0.0000 0.3273
0.0000 1.0365
0.0000 1.9850
0.0000 1.0606
0.0000 0.6670
0.0000 0.7768
0.0000 0.8039
0.0000 0.6162
0.0000 1.3308
0.0000 0.8974
0.0000 0.7605
0.0000 1.4549
0.0000 1.2378
0.0000 1.2012
0.0000 1.5629
0.0000 -0.2604
0.0000 0.9351
0.0000 1.2239
0.0000 -0.5503
0.0000 1.2818
0.0000 1.1600
0.0000 -0.0209
0.0000 0.2962
0.0000 0.8412
0.0000 0.4962
0.0000 0.0729
0.0000 0.1796
0.0000 -0.8237
0.0000 1.1058
0.0000 0.1551
0.0000 0.9183
0.0000 1.1577
0.0000 0.5463
0.0000 0.7245
0.0000 1.4068
0.0000 1.1823
0.0000 0.1636
0.0000 -0.4465
0.0000 1.3479
0.0000 0.5115
0.0000 1.8086
0.0000 1.5418
0.0000 -0.0113
0.0000 0.7272
0.0000 1.3831
0.0000 0.1872
0.0000 1.2036
0.0000 0.9390
0.0000 0.4727
0.0000 0.4620
0.0000 1.0306
0.0000 0.7864
0.0000 -0.0220
0.0000 0.7357
0.0000 1.3818
0.0000 1.1370
0.0000 1.3359
0.0000 1.4802
0.0000 1.2262
0.0000 1.5238
0.0000 0.8555
0.0000 0.5628
0.0000 1.1826
0.0000 0.3134
0.0000 0.6808
0.0000 1.0603
0.0000 0.5040
0.0000 0.3151
0.0000 0.6305
0.0000 0.6155
0.0000 1.0463
0.0000 0.2374
0.0000 1.3948
0.0000 0.9076
0.0000 0.8588
0.0000 0.4239
0.0000 0.7385
0.0000 1.2158
0.0000 0.5939
0.0000 0.9475
0.0000 -0.0337
0.0000 2.4910
0.0000 0.7928
0.0000 1.1574
0.0000 0.8902
0.0000 0.2482
0.0000 0.4795
0.0000 0.8310
0.0000 0.5653
0.0000 0.1620
0.0000 0.1605
0.0000 -0.5756
0.0000 1.3312
0.0000 1.4754
0.0000 0.8692
0.0000 2.3353
0.0000 0.7254
0.0000 0.0508
0.0000 0.8036
0.0000 1.6076
0.0000 1.1896
0.0000 1.1396
0.0000 1.3662
0.0000 1.1720
0.0000 0.7331
0.0000 1.4016
0.0000 0.8083
0.0000 1.7129
0.0000 1.5709
0.0000 1.2044
0.0000 0.9088
0.0000 1.0343
0.0000 0.4398
0.0000 0.7047
0.0000 0.4812
0.0000 0.4186
0.0000 0.9262
0.0000 0.6767
0.0000 1.0993
0.0000 -0.2891
0.0000 0.7064
0.0000 0.9534
0.0000 1.4728
0.0000 2.0256
0.0000 0.7024
0.0000 1.1085
0.0000 0.7536
0.0000 0.3267
0.0000 -0.1345
0.0000 1.6621
0.0000 0.7216
0.0000 1.3291
0.0000 1.0996
0.0000 0.5056
0.0000 1.5079
0.0000 1.4234
0.0000 0.9210
0.0000 0.3634
0.0000 1.9862
0.0000 0.8329
0.0000 0.0828
0.0000 0.8543
0.0000 1.1696
0.0000 1.1682
0.0000 0.6482
0.0000 1.6081
0.0000 -0.2515
0.0000 0.4037
0.0000 1.0403
0.0000 0.0845
0.0000 -0.1340
0.0000 1.0780
0.0000 1.3202
0.0000 0.1376
0.0000 0.0615
0.0000 0.6598
0.0000 1.3631
0.0000 1.8558
0.0000 0.8914
0.0000 0.3049
0.0000 0.5820
0.0000 0.2435
0.0000 0.9047
0.0000 0.9917
0.0000 0.5803
0.0000 0.8494
0.0000 0.2792
0.0000 0.2701
0.0000 -0.0810
0.0000 1.6399
0.0000 1.7122
0.0000 0.7638
0.0000 2.3565
0.0000 0.8209
0.0000 -0.1925
0.0000 1.1267
0.0000 0.3974
0.0000 -0.0101
0.0000 0.5171
0.0000 1.4214
0.0000 0.0439
0.0000 0.7360
0.0000 0.7761
0.0000 0.6855
0.0000 0.3870
0.0000 0.7484
0.0000 1.6666
0.0000 0.7106
0.0000 0.5670
0.0000 1.2599
0.0000 1.7133
0.0000 1.1473
0.0000 1.1651
0.0000 1.7366
0.0000 -0.1883
0.0000 0.9385
0.0000 1.1647
0.0000 1.3189
0.0000 0.4395
0.0000 1.6032
0.0000 0.5857
0.0000 0.8073
0.0000 0.5829
0.0000 0.5017
0.0000 1.0270
0.0000 1.4939
0.0000 1.2843
0.0000 1.0650
0.0000 -0.4080
0.0000 0.5339
0.0000 0.7618
0.0000 1.6589
0.0000 0.8984
0.0000 -0.4793
0.0000 0.6197
0.0000 0.4656
0.0000 1.9162
0.0000 1.2487
0.0000 1.1785
0.0000 1.3295
0.0000 1.6563
0.0000 0.2266
0.0000 0.9310
0.0000 0.1502
0.0000 1.1154
0.0000 0.7488
0.0000 -0.0917
0.0000 0.7350
0.0000 0.8973
0.0000 0.0715
0.0000 0.5138
0.0000 1.2722
0.0000 0.0893
0.0000 0.9843
0.0000 0.6923
0.0000 1.2816
0.0000 0.5235
0.0000 0.5983
0.0000 0.1187
0.0000 2.2034
0.0000 0.7647
0.0000 1.0521
0.0000 1.3614
0.0000 0.8070
0.0000 0.8136
0.0000 0.7483
0.0000 0.4183
0.0000 0.6949
0.0000 0.8698
0.0000 0.2110
0.0000 0.8330
0.0000 2.3374
0.0000 0.4663
0.0000 0.4618
0.0000 1.1433
0.0000 0.9678
0.0000 1.2409
0.0000 0.9595
0.0000 -0.0489
0.0000 1.0136
0.0000 -0.2162
0.0000 0.9412
0.0000 1.9830
0.0000 0.2614
0.0000 0.5706
0.0000 -0.0001
0.0000 0.8228
0.0000 0.4829
0.0000 0.3852
0.0000 -0.1180
0.0000 0.6596
0.0000 1.5014
0.0000 1.9971
0.0000 0.4800
0.0000 1.4640
0.0000 1.1434
0.0000 0.0956
0.0000 0.6492
0.0000 0.5249
0.0000 0.9600
0.0000 0.4785
0.0000 0.0888
0.0000 0.4880
0.0000 -0.0697
0.0000 1.1299
0.0000 1.1243
0.0000 0.9872
0.0000 0.4166
0.0000 -0.0448
0.0000 0.1757
0.0000 0.9817
0.0000 -0.4738
0.0000 1.5643
0.0000 0.6465
0.0000 0.5192
0.0000 0.4705
0.0000 0.3208
0.0000 0.9121
0.0000 1.0162
0.0000 0.3758
0.0000 1.2156
0.0000 1.0773
0.0000 1.1665
0.0000 -0.1529
0.0000 -0.0499
0.0000 0.8503
0.0000 0.1689
0.0000 1.1137
0.0000 0.7841
0.0000 0.9568
0.0000 0.7477
0.0000 0.6054
0.0000 1.5849
0.0000 0.7195
0.0000 2.2734
0.0000 0.6135
0.0000 -0.0077
0.0000 -0.0021
0.0000 1.2854
0.0000 0.6842
0.0000 0.9385
0.0000 1.8472
0.0000 0.7966
0.0000 0.9996
0.0000 0.5782
0.0000 -0.2165
0.0000 1.0000
0.0000 2.1885
0.0000 1.1589
0.0000 1.2343
0.0000 0.2288
0.0000 0.4315
0.0000 0.8516
0.0000 0.8261
0.0000 0.1441
0.0000 0.9315
0.0000 1.2560
0.0000 0.8499
0.0000 -0.1647
0.0000 0.2519
0.0000 1.0820
0.0000 1.8147
0.0000 0.0218
0.0000 1.3652
0.0000 0.5535
0.0000 0.7123
0.0000 0.4254
0.0000 0.8615
0.0000 1.0952
0.0000 0.6086
0.0000 1.0565
0.0000 0.6721
0.0000 -0.2705
0.0000 0.8926
0.0000 0.7749
0.0000 0.1443
0.0000 0.8068
0.0000 0.1984
0.0000 0.9377
0.0000 1.0764
0.0000 0.7763
0.0000 0.9556
0.0000 2.4861
0.0000 1.5517
0.0000 1.2721
0.0000 1.4158
0.0000 0.6987
0.0000 1.3991
0.0000 0.6762
0.0000 0.4095
0.0000 0.6720
0.0000 0.2653
0.0000 1.3834
0.0000 0.7086
0.0000 0.0903
0.0000 0.9417
0.0000 1.6253
0.0000 0.8117
0.0000 1.9744
