16.0000 15.2028
16.0000 15.6977
16.0000 16.0421
16.0000 15.9127
16.0000 16.9227
16.0000 15.7976
16.0000 15.8430
16.0000 15.5687
16.0000 15.6137
16.0000 15.7606
16.0000 15.7933
16.0000 15.9229
16.0000 15.7544
16.0000 15.7416
16.0000 15.5208
16.0000 15.5570
16.0000 15.8779
16.0000 16.6525
16.0000 16.4364
16.0000 16.5501
16.0000 14.7409
16.0000 16.2504
16.0000 16.7289
16.0000 14.4563
16.0000 16.3227
16.0000 16.0880
16.0000 15.8639
16.0000 16.6242
16.0000 16.8991
16.0000 15.9695
16.0000 15.6912
16.0000 15.2416
16.0000 15.8635
16.0000 15.2353
16.0000 16.1577
16.0000 15.6590
16.0000 16.2377
16.0000 16.7412
16.0000 15.3268
16.0000 16.4195
16.0000 16.2335
16.0000 15.3294
16.0000 16.1568
16.0000 15.8027
16.0000 14.2862
16.0000 16.5680
16.0000 15.8852
16.0000 16.3286
16.0000 16.0478
16.0000 16.3557
16.0000 16.9395
16.0000 15.3894
16.0000 15.7151
16.0000 16.1271
16.0000 16.7634
16.0000 15.8342
16.0000 15.6863
16.0000 14.6244
16.0000 16.4533
16.0000 16.5713
16.0000 14.8919
16.0000 15.2000
16.0000 16.4478
16.0000 16.1321
16.0000 16.1198
16.0000 15.6458
16.0000 15.5600
16.0000 15.0967
16.0000 15.9236
16.0000 14.8213
16.0000 15.0639
16.0000 16.5523
16.0000 15.9318
16.0000 15.7372
16.0000 16.2181
16.0000 16.6255
16.0000 15.6418
16.0000 15.7575
16.0000 15.9165
16.0000 15.9350
16.0000 15.6278
16.0000 16.1616
16.0000 15.4639
16.0000 15.2622
16.0000 16.8546
16.0000 16.3739
16.0000 16.5481
16.0000 16.7195
16.0000 16.6927
16.0000 15.7628
16.0000 15.8361
16.0000 16.5129
16.0000 16.5296
16.0000 15.4524
16.0000 16.5427
16.0000 15.3668
16.0000 15.2327
16.0000 16.2824
16.0000 15.9036
16.0000 15.1666
16.0000 15.6645
16.0000 16.6291
16.0000 15.8889
16.0000 15.5639
16.0000 15.4465
16.0000 15.1348
16.0000 15.2708
16.0000 16.2537
16.0000 14.8863
16.0000 15.9614
16.0000 15.1402
16.0000 15.8091
16.0000 15.4573
16.0000 16.7654
16.0000 16.1189
16.0000 16.1522
16.0000 14.9671
16.0000 15.6015
16.0000 15.8013
16.0000 15.5482
16.0000 17.6566
16.0000 16.1328
16.0000 15.8222
16.0000 15.3744
16.0000 16.3763
16.0000 15.6152
16.0000 15.6324
16.0000 14.3768
16.0000 16.1967
16.0000 14.9653
16.0000 14.9830
16.0000 16.4717
16.0000 16.6530
16.0000 15.3675
16.0000 16.0485
16.0000 15.2804
16.0000 15.4013
16.0000 15.6638
16.0000 15.7702
16.0000 15.5489
16.0000 15.8766
16.0000 16.3006
16.0000 16.3108
16.0000 16.2069
16.0000 16.6834
16.0000 16.3724
16.0000 15.8131
16.0000 16.3129
16.0000 16.0062
16.0000 15.8813
16.0000 14.9872
16.0000 15.1738
16.0000 14.9233
16.0000 16.4415
16.0000 15.8059
16.0000 15.9117
16.0000 16.9071
16.0000 15.7325
16.0000 16.2310
16.0000 16.0983
16.0000 14.9299
16.0000 15.3353
16.0000 15.5809
16.0000 15.5626
16.0000 16.2715
16.0000 15.6993
16.0000 15.7467
16.0000 15.1918
16.0000 15.3996
16.0000 15.6460
16.0000 15.0048
16.0000 16.5042
16.0000 16.5977
16.0000 15.3463
16.0000 16.5274
16.0000 16.8006
16.0000 15.6147
16.0000 16.1473
16.0000 16.5834
16.0000 15.6379
16.0000 15.1884
16.0000 15.8605
16.0000 16.5368
16.0000 15.7303
16.0000 16.9459
16.0000 15.4249
16.0000 15.7956
16.0000 15.6638
16.0000 15.4482
16.0000 15.8281
16.0000 15.4845
16.0000 16.6172
16.0000 15.5451
16.0000 16.5448
16.0000 16.2054
16.0000 16.8019
16.0000 15.6978
16.0000 15.5589
16.0000 17.6877
16.0000 16.1146
16.0000 16.0695
16.0000 16.5699
16.0000 16.2194
16.0000 15.9091
16.0000 15.9917
16.0000 15.2793
16.0000 16.1756
16.0000 16.1934
16.0000 15.8709
16.0000 15.7194
16.0000 15.9466
16.0000 15.3266
16.0000 16.1405
16.0000 15.8147
16.0000 15.8414
16.0000 14.8588
16.0000 16.4549
16.0000 15.6181
16.0000 15.4259
16.0000 16.2119
16.0000 15.1749
16.0000 15.9408
16.0000 16.5228
16.0000 16.0172
16.0000 15.6883
16.0000 15.3486
16.0000 16.8046
16.0000 15.6690
16.0000 15.1321
16.0000 15.0718
16.0000 15.7540
16.0000 15.2941
16.0000 16.4624
16.0000 15.8866
16.0000 16.2454
16.0000 16.0478
16.0000 16.7182
16.0000 15.2948
16.0000 16.0566
16.0000 16.0459
16.0000 15.2084
16.0000 16.5853
16.0000 15.8707
16.0000 16.8148
16.0000 15.8143
16.0000 16.3189
16.0000 15.7957
16.0000 16.8689
16.0000 15.7553
16.0000 15.6139
16.0000 16.1241
16.0000 15.4470
16.0000 16.1858
16.0000 15.1611
16.0000 16.1098
16.0000 15.6697
16.0000 15.0474
16.0000 15.6277
16.0000 16.3031
16.0000 15.9156
16.0000 15.5122
16.0000 15.1571
16.0000 15.1928
16.0000 15.6329
16.0000 14.9175
16.0000 17.0655
16.0000 16.3176
16.0000 15.5326
16.0000 15.8461
16.0000 15.4346
16.0000 15.7879
16.0000 14.6363
16.0000 15.3326
16.0000 15.8309
16.0000 16.6453
16.0000 16.7287
16.0000 15.5434
16.0000 15.8317
16.0000 15.9932
16.0000 15.5155
16.0000 15.6041
16.0000 15.3860
16.0000 15.1292
16.0000 15.3467
16.0000 14.7975
16.0000 15.5256
16.0000 15.4712
16.0000 15.8581
16.0000 15.4795
16.0000 16.8594
16.0000 16.5333
16.0000 15.7358
16.0000 15.2744
16.0000 15.7251
16.0000 14.9248
16.0000 16.2142
16.0000 16.2159
16.0000 16.0437
16.0000 16.3074
16.0000 15.2663
16.0000 15.6693
16.0000 16.2836
16.0000 15.2158
16.0000 15.7647
16.0000 15.1080
16.0000 16.1506
16.0000 16.5377
16.0000 16.6786
16.0000 15.9980
16.0000 15.0564
16.0000 15.3235
16.0000 15.5078
16.0000 16.5375
16.0000 16.3288
16.0000 15.9895
16.0000 15.9636
16.0000 16.0564
16.0000 16.0747
16.0000 16.1096
16.0000 16.4581
16.0000 16.1741
16.0000 16.5448
16.0000 16.2365
16.0000 15.2230
16.0000 15.1854
16.0000 15.1396
16.0000 16.1937
16.0000 16.2770
16.0000 16.1687
16.0000 15.5256
16.0000 14.7414
16.0000 16.1040
16.0000 16.1589
16.0000 15.8650
16.0000 16.0336
16.0000 15.4076
16.0000 15.8968
16.0000 15.0019
16.0000 15.6775
16.0000 15.2182
16.0000 15.9853
16.0000 15.8382
16.0000 15.8344
16.0000 15.4309
16.0000 14.8092
16.0000 16.1603
16.0000 16.0264
16.0000 15.5809
16.0000 16.4619
16.0000 15.4975
16.0000 15.8972
16.0000 16.5772
16.0000 15.6003
16.0000 15.9413
16.0000 16.2494
16.0000 15.7201
16.0000 15.8710
16.0000 16.3974
16.0000 16.0663
16.0000 14.4881
16.0000 15.7137
16.0000 15.7386
16.0000 15.4307
16.0000 15.8539
16.0000 15.5885
16.0000 15.8844
16.0000 15.8690
16.0000 15.3498
16.0000 16.2046
16.0000 15.7851
16.0000 15.6106
16.0000 15.5890
16.0000 15.6092
16.0000 16.5319
16.0000 16.1385
16.0000 16.1023
16.0000 15.6722
16.0000 15.7360
16.0000 14.4099
16.0000 15.9374
16.0000 16.9044
16.0000 14.6573
16.0000 15.3820
16.0000 14.7758
16.0000 16.0287
16.0000 16.0887
16.0000 17.0164
16.0000 15.8654
16.0000 14.8175
16.0000 15.4245
16.0000 15.1002
16.0000 16.6893
16.0000 15.7666
16.0000 15.0675
16.0000 15.7046
16.0000 16.0413
16.0000 16.3018
16.0000 16.5902
16.0000 15.6501
16.0000 16.5271
16.0000 15.4676
16.0000 16.1825
16.0000 15.7984
16.0000 16.5417
16.0000 15.2021
16.0000 15.7484
16.0000 15.1980
16.0000 15.2272
16.0000 15.6033
16.0000 15.8335
16.0000 15.6427
16.0000 15.4543
16.0000 16.6393
16.0000 15.9767
16.0000 15.5491
16.0000 15.8829
16.0000 15.0371
16.0000 16.4632
16.0000 16.2336
16.0000 16.6213
16.0000 15.6984
16.0000 15.4039
16.0000 15.6606
16.0000 14.8544
16.0000 16.4685
16.0000 16.4557
16.0000 16.8331
16.0000 15.5917
16.0000 15.8873
16.0000 16.4349
16.0000 16.3075
16.0000 16.0527
16.0000 14.7106
16.0000 16.0033
16.0000 15.3219
16.0000 15.7874
16.0000 16.7200
16.0000 16.0259
16.0000 14.6299
16.0000 16.3010
16.0000 16.3773
16.0000 16.4235
16.0000 16.1520
16.0000 16.7456
16.0000 14.7398
16.0000 15.5506
16.0000 15.9570
16.0000 15.9996
16.0000 16.3314
16.0000 16.8937
16.0000 16.7087
16.0000 15.7911
16.0000 16.0195
16.0000 15.4207
16.0000 16.2001
16.0000 16.1822
16.0000 15.3829
16.0000 16.1227
16.0000 16.5971
16.0000 16.0254
16.0000 15.9940
16.0000 15.9813
16.0000 15.9490
16.0000 15.5736
16.0000 15.8262
16.0000 15.5374
16.0000 15.4884
16.0000 16.2940
16.0000 15.0273
16.0000 15.6710
16.0000 15.4755
16.0000 15.7947
16.0000 15.6359
16.0000 16.1567
16.0000 15.7412
16.0000 15.6499
16.0000 15.4853
16.0000 16.6359
16.0000 15.8361
16.0000 14.9876
16.0000 15.1892
16.0000 15.6102
16.0000 15.7825
16.0000 16.0412
16.0000 15.8639
16.0000 15.7802
16.0000 15.8441
16.0000 16.1728
16.0000 16.3760
16.0000 13.9109
16.0000 15.3999
16.0000 15.8169
16.0000 16.0003
16.0000 15.9077
16.0000 15.5963
16.0000 16.4792
16.0000 15.4059
16.0000 15.4205
16.0000 16.2657
16.0000 16.4477
16.0000 15.5572
16.0000 16.2607
16.0000 15.9979
16.0000 15.4088
16.0000 15.3523
16.0000 15.6609
16.0000 15.5429
16.0000 15.7180
16.0000 14.8755
16.0000 15.5286
16.0000 15.6600
16.0000 15.2716
16.0000 15.6260
16.0000 15.5127
16.0000 15.3528
16.0000 15.4936
16.0000 16.2284
16.0000 16.1531
16.0000 15.2593
16.0000 16.6295
16.0000 16.0956
16.0000 16.1681
16.0000 15.8270
16.0000 15.4543
16.0000 15.2929
16.0000 17.0231
16.0000 15.7333
16.0000 15.7317
16.0000 16.4162
16.0000 15.7376
16.0000 16.3054
16.0000 16.1194
16.0000 15.6839
16.0000 16.3280
16.0000 16.0266
16.0000 16.0650
16.0000 16.7601
16.0000 15.9286
16.0000 15.4133
16.0000 15.4635
16.0000 15.9530
16.0000 14.9631
16.0000 15.7477
16.0000 15.9988
16.0000 15.3823
16.0000 15.9197
16.0000 15.3016
16.0000 15.9135
16.0000 16.1520
16.0000 16.3394
16.0000 16.2752
16.0000 15.0982
16.0000 15.7471
16.0000 16.5329
16.0000 16.1558
16.0000 15.6591
16.0000 15.6458
16.0000 16.2671
16.0000 15.9861
16.0000 15.1141
16.0000 16.2973
16.0000 15.5918
16.0000 15.8965
16.0000 14.7611
16.0000 15.6200
16.0000 17.1508
16.0000 16.8613
16.0000 16.0138
16.0000 15.7358
16.0000 16.3649
16.0000 15.4385
16.0000 16.3008
16.0000 14.9543
16.0000 15.3725
16.0000 16.5942
16.0000 15.0702
16.0000 16.1060
16.0000 15.5454
16.0000 14.1301
16.0000 14.3449
16.0000 15.9797
16.0000 15.3938
16.0000 15.5372
16.0000 16.2322
16.0000 15.7030
16.0000 15.7775
16.0000 15.3854
16.0000 16.1604
16.0000 15.9336
16.0000 16.2289
16.0000 15.5865
16.0000 15.2939
16.0000 14.6824
16.0000 15.0557
16.0000 15.7318
16.0000 15.6631
16.0000 16.0606
16.0000 16.2030
16.0000 15.4991
16.0000 16.6291
16.0000 15.4666
16.0000 16.2837
16.0000 15.8858
16.0000 16.2519
16.0000 15.8231
16.0000 16.2387
16.0000 16.1962
16.0000 15.8295
16.0000 15.9701
16.0000 16.2512
16.0000 15.6734
16.0000 16.3482
16.0000 15.9218
16.0000 15.5577
16.0000 16.4615
16.0000 15.9764
16.0000 16.0561
16.0000 15.6647
16.0000 16.3055
16.0000 16.4826
16.0000 15.2303
16.0000 16.1724
16.0000 16.0465
16.0000 14.6746
16.0000 15.9208
16.0000 16.3209
16.0000 16.0526
16.0000 17.0802
16.0000 16.1702
16.0000 16.4850
16.0000 16.7263
16.0000 15.7048
16.0000 15.7562
16.0000 15.8879
16.0000 16.1212
16.0000 15.6192
16.0000 16.1095
16.0000 15.1992
16.0000 15.7400
16.0000 16.2698
16.0000 16.2687
16.0000 15.9861
16.0000 15.3870
16.0000 16.2188
16.0000 16.3770
16.0000 16.3026
16.0000 15.8336
16.0000 16.6526
16.0000 16.3700
16.0000 15.4845
16.0000 16.0560
16.0000 15.6635
16.0000 15.8307
16.0000 15.5621
16.0000 15.7528
16.0000 16.0513
16.0000 15.5599
16.0000 15.4071
16.0000 16.0620
16.0000 15.4242
16.0000 15.8363
16.0000 15.5242
16.0000 16.2449
16.0000 15.8710
16.0000 15.9414
16.0000 16.2392
16.0000 15.3285
16.0000 16.1970
16.0000 16.5818
16.0000 14.9587
16.0000 16.1505
16.0000 16.4352
16.0000 16.4512
16.0000 15.8110
16.0000 16.1756
16.0000 16.0816
16.0000 16.0458
16.0000 15.8968
16.0000 16.4315
16.0000 16.3024
16.0000 15.4108
16.0000 16.0458
16.0000 15.6223
16.0000 15.4716
16.0000 15.5642
16.0000 15.3485
16.0000 15.4095
16.0000 15.8925
16.0000 15.5035
16.0000 15.4538
16.0000 15.4284
16.0000 15.8025
16.0000 16.7596
16.0000 15.7327
16.0000 16.3490
16.0000 16.4774
16.0000 15.7592
16.0000 16.5427
16.0000 15.6497
16.0000 15.4087
16.0000 16.6709
16.0000 15.6407
16.0000 15.8645
16.0000 15.5048
16.0000 14.6871
16.0000 15.4979
16.0000 15.7439
16.0000 16.1784
16.0000 14.9805
16.0000 16.4146
16.0000 15.9991
16.0000 14.9674
16.0000 15.5761
16.0000 14.8831
16.0000 16.1821
16.0000 16.3926
16.0000 14.8205
16.0000 16.6835
16.0000 15.8960
16.0000 16.0509
16.0000 15.6181
16.0000 16.1211
16.0000 15.6805
16.0000 15.2483
16.0000 15.2226
16.0000 14.4015
16.0000 15.2869
16.0000 16.5323
16.0000 15.1456
16.0000 15.1872
16.0000 15.2814
16.0000 15.7419
16.0000 14.7159
16.0000 15.1791
16.0000 15.7800
16.0000 16.4446
16.0000 15.4664
16.0000 16.1029
16.0000 15.7160
16.0000 15.8513
16.0000 15.2758
16.0000 16.6938
16.0000 16.6650
16.0000 15.9916
16.0000 16.1608
16.0000 15.1082
16.0000 15.2942
16.0000 16.9507
16.0000 15.4882
16.0000 16.2856
16.0000 15.8407
16.0000 15.7779
16.0000 16.1484
16.0000 15.7055
16.0000 16.9581
16.0000 15.9319
16.0000 15.6425
16.0000 15.4142
16.0000 15.8670
16.0000 15.5394
16.0000 16.2301
16.0000 15.5329
16.0000 15.6604
16.0000 15.6089
16.0000 16.3462
16.0000 16.1273
16.0000 15.5426
16.0000 15.5584
16.0000 14.7346
16.0000 15.6890
16.0000 16.6233
16.0000 15.2826
16.0000 15.8043
16.0000 15.6608
16.0000 15.7173
16.0000 15.5604
16.0000 17.0807
16.0000 15.5667
16.0000 16.6945
16.0000 15.1534
16.0000 14.9437
16.0000 15.1788
16.0000 16.5752
16.0000 14.9095
16.0000 14.6084
16.0000 15.6529
16.0000 16.2241
16.0000 15.4012
16.0000 16.1232
16.0000 15.8257
16.0000 16.7315
16.0000 16.3283
16.0000 15.5343
16.0000 15.2488
16.0000 15.3671
16.0000 16.4324
16.0000 17.0857
16.0000 16.5819
16.0000 15.0086
16.0000 16.4688
16.0000 15.8177
16.0000 16.2267
16.0000 15.3725
16.0000 16.5521
16.0000 15.6273
16.0000 16.4421
16.0000 14.8597
16.0000 15.9752
16.0000 16.2908
16.0000 16.2119
16.0000 15.5671
16.0000 16.1233
16.0000 15.7940
16.0000 15.7569
16.0000 15.6155
16.0000 14.9943
16.0000 15.5866
16.0000 16.0523
16.0000 15.5669
16.0000 15.0360
16.0000 15.7086
16.0000 15.1398
16.0000 15.4750
16.0000 15.6322
16.0000 15.7561
16.0000 14.5297
16.0000 16.5771
16.0000 15.9607
16.0000 16.5908
16.0000 15.6205
16.0000 15.1251
16.0000 15.5920
16.0000 14.9733
16.0000 16.8264
16.0000 15.3889
16.0000 16.2147
16.0000 15.2409
16.0000 15.2057
16.0000 16.4872
16.0000 15.7814
16.0000 16.4070
16.0000 16.0114
16.0000 15.9586
16.0000 15.3055
16.0000 14.5167
16.0000 15.5938
16.0000 15.3398
16.0000 16.0366
16.0000 16.6831
16.0000 16.2763
16.0000 15.8748
16.0000 16.5654
16.0000 15.7438
16.0000 14.8934
16.0000 16.3562
16.0000 16.3545
16.0000 15.3354
16.0000 15.3291
16.0000 15.8241
16.0000 15.0763
16.0000 15.7743
16.0000 15.8827
16.0000 16.0747
16.0000 15.5851
16.0000 16.5564
16.0000 15.3449
16.0000 15.5312
16.0000 15.3369
16.0000 16.0957
16.0000 15.2625
16.0000 15.6048
16.0000 16.9170
16.0000 16.1682
16.0000 15.3060
16.0000 15.1654
16.0000 16.3709
16.0000 14.8876
16.0000 15.1266
16.0000 16.1541
16.0000 15.9648
16.0000 15.9476
16.0000 15.9079
16.0000 15.9984
16.0000 15.2895
16.0000 16.3688
16.0000 15.8536
16.0000 15.5510
16.0000 15.6603
16.0000 15.6934
16.0000 15.0366
16.0000 15.9121
16.0000 16.2414
16.0000 16.1814
16.0000 16.6498
16.0000 16.3419
16.0000 16.7352
16.0000 16.4197
16.0000 15.6491
16.0000 16.3641
16.0000 15.4396
16.0000 15.8536
16.0000 15.9808
16.0000 16.5421
16.0000 15.6043
16.0000 15.7837
16.0000 15.4835
16.0000 14.7732
16.0000 16.9274
16.0000 15.1083
16.0000 15.4387
16.0000 15.0500
16.0000 15.2710
16.0000 15.6644
16.0000 16.0174
16.0000 15.5474
16.0000 15.6622
16.0000 16.4020
16.0000 15.0049
16.0000 15.3300
16.0000 15.9341
16.0000 16.0956
16.0000 15.7427
16.0000 15.9668
16.0000 15.7042
16.0000 15.8017
16.0000 15.9616
16.0000 15.6281
16.0000 15.8064
16.0000 16.2216
16.0000 15.5942
16.0000 16.4972
16.0000 15.8941
16.0000 15.9050
16.0000 15.1225
16.0000 15.7870
16.0000 16.6214
16.0000 15.3446
16.0000 16.0046
16.0000 15.9477
16.0000 15.8128
16.0000 16.0916
16.0000 16.2794
16.0000 16.1486
16.0000 15.7416
16.0000 15.6057
16.0000 15.6233
16.0000 15.6354
16.0000 15.7057
16.0000 16.0593
16.0000 15.4890
16.0000 14.9382
16.0000 16.0722
16.0000 14.9111
16.0000 15.3522
16.0000 15.9511
16.0000 16.2795
16.0000 14.9803
16.0000 15.7236
16.0000 15.6642
16.0000 16.0257
16.0000 16.1486
16.0000 15.5253
16.0000 16.0756
16.0000 16.4958
16.0000 15.9829
16.0000 15.6349
16.0000 15.3263
16.0000 15.2411
16.0000 16.0883
16.0000 16.0696
16.0000 16.0232
16.0000 15.4789
16.0000 16.7310
16.0000 15.8928
16.0000 16.0056
16.0000 15.6365
16.0000 15.8890
16.0000 16.7796
16.0000 14.9424
16.0000 16.0977
16.0000 15.1860
16.0000 16.0870
16.0000 15.5504
16.0000 15.3314
16.0000 15.4094
16.0000 16.1431
16.0000 16.4996
16.0000 15.8653
16.0000 15.8535
16.0000 15.7628
16.0000 16.2229
16.0000 16.3266
16.0000 15.7680
16.0000 15.6190
16.0000 16.0413
16.0000 15.6784
16.0000 16.0441
16.0000 14.9946
16.0000 16.2043
16.0000 17.7099
16.0000 16.0603
16.0000 15.7201
16.0000 15.7710
16.0000 15.7569
16.0000 16.0869
16.0000 16.2486
16.0000 15.4166
16.0000 15.1971
16.0000 15.7149
16.0000 16.7797
16.0000 15.8618
16.0000 15.8003
16.0000 15.6975
16.0000 15.4680
16.0000 15.5035
16.0000 15.5103
16.0000 15.4404
16.0000 15.2192
16.0000 15.4813
16.0000 15.5814
16.0000 15.6144
16.0000 16.0539
16.0000 15.5950
16.0000 16.1874
16.0000 15.9787
16.0000 15.7147
16.0000 15.6566
16.0000 15.9639
16.0000 15.3808
16.0000 16.1373
16.0000 15.5919
16.0000 16.2244
16.0000 16.2967
16.0000 16.0282
16.0000 16.5316
16.0000 15.7809
16.0000 15.2238
16.0000 17.0797
16.0000 15.3752
16.0000 14.9805
16.0000 16.0425
16.0000 15.8397
16.0000 15.4956
16.0000 16.2891
16.0000 17.5151
16.0000 15.4496
16.0000 16.7212
16.0000 16.3590
16.0000 15.8962
16.0000 16.4551
16.0000 15.7271
16.0000 14.7360
16.0000 17.0385
16.0000 15.7605
16.0000 15.6614
16.0000 15.5481
16.0000 15.6736
16.0000 16.0095
16.0000 15.2579
16.0000 15.2639
16.0000 15.9093
16.0000 15.8496
16.0000 15.4182
16.0000 15.4112
16.0000 15.8299
16.0000 15.3578
16.0000 15.3802
16.0000 16.1572
16.0000 15.5970
16.0000 16.6717
16.0000 16.0552
16.0000 16.6363
16.0000 16.3393
16.0000 15.0839
16.0000 15.6533
16.0000 16.1521
16.0000 15.7926
16.0000 14.7036
16.0000 15.8422
16.0000 16.2362
16.0000 15.2802
16.0000 15.5655
16.0000 16.1295
16.0000 15.4820
16.0000 16.2201
16.0000 16.2431
16.0000 15.1426
16.0000 16.4827
16.0000 15.4991
16.0000 15.6772
16.0000 16.3478
16.0000 15.4390
16.0000 15.8469
16.0000 16.3923
16.0000 15.8102
16.0000 15.4391
16.0000 15.1890
16.0000 16.3142
16.0000 15.0262
16.0000 16.2700
16.0000 14.9106
16.0000 16.1350
16.0000 15.9553
16.0000 15.8288
16.0000 15.8327
16.0000 16.5757
16.0000 15.9474
16.0000 15.5849
16.0000 15.4995
16.0000 16.0215
16.0000 16.1072
16.0000 16.1908
16.0000 14.7139
16.0000 15.5661
16.0000 15.3827
16.0000 14.6925
16.0000 16.0054
16.0000 16.6791
16.0000 15.7269
16.0000 16.3133
16.0000 15.0528
16.0000 15.7178
16.0000 15.4997
16.0000 15.7767
16.0000 16.0695
16.0000 15.4196
16.0000 16.1328
16.0000 15.6567
16.0000 15.4164
16.0000 15.8964
16.0000 15.1584
16.0000 15.3378
16.0000 16.7357
16.0000 16.0815
16.0000 16.0161
16.0000 15.9265
16.0000 15.5289
16.0000 16.1582
16.0000 15.5261
16.0000 15.3405
16.0000 15.8060
16.0000 16.0548
16.0000 16.6804
16.0000 15.5385
16.0000 16.3696
16.0000 14.9199
16.0000 16.1266
16.0000 15.7507
16.0000 15.4737
16.0000 15.7994
16.0000 15.8019
16.0000 15.1832
16.0000 15.8823
16.0000 16.3184
16.0000 14.9515
16.0000 15.6945
16.0000 16.4744
16.0000 15.8478
16.0000 15.2378
16.0000 16.1449
16.0000 15.8551
16.0000 16.5988
16.0000 15.5391
16.0000 15.2433
16.0000 15.6510
16.0000 15.4741
16.0000 15.6258
16.0000 16.5408
16.0000 15.4747
16.0000 15.1840
16.0000 15.6047
16.0000 15.1046
16.0000 15.7325
16.0000 16.2928
16.0000 16.5545
16.0000 15.0583
16.0000 16.1997
16.0000 15.2106
16.0000 15.6550
16.0000 15.7063
16.0000 16.5595
16.0000 15.8246
16.0000 15.2230
16.0000 15.9424
16.0000 15.3668
16.0000 17.3278
16.0000 16.2837
16.0000 15.4078
16.0000 15.9838
16.0000 16.3433
16.0000 16.4677
16.0000 15.2483
16.0000 16.0886
16.0000 16.1213
16.0000 16.0655
16.0000 16.6133
16.0000 15.4041
16.0000 16.5404
16.0000 14.7971
16.0000 15.9733
16.0000 16.6907
16.0000 15.7283
16.0000 15.9711
16.0000 16.3132
16.0000 16.3352
16.0000 14.9006
16.0000 16.5884
16.0000 15.9927
16.0000 15.7141
16.0000 15.2560
16.0000 15.0933
16.0000 16.6966
16.0000 15.7754
16.0000 15.7315
16.0000 17.0392
16.0000 16.6666
16.0000 16.5841
16.0000 15.8100
16.0000 15.7176
16.0000 15.7125
16.0000 16.2758
16.0000 15.5184
16.0000 16.0956
16.0000 16.1410
16.0000 15.1561
16.0000 16.2020
16.0000 15.5840
16.0000 15.0290
16.0000 15.6488
16.0000 16.1088
16.0000 15.6134
16.0000 16.2930
16.0000 15.4087
16.0000 15.4744
16.0000 15.7292
16.0000 15.5502
16.0000 15.8722
16.0000 15.6144
16.0000 15.4712
16.0000 15.6923
16.0000 15.8537
16.0000 15.3922
16.0000 15.4363
16.0000 16.1337
16.0000 15.7139
16.0000 15.1213
16.0000 16.3406
16.0000 15.3452
16.0000 14.9811
16.0000 15.6866
16.0000 16.1164
16.0000 15.1286
16.0000 15.4195
16.0000 16.6747
16.0000 15.5717
16.0000 15.6444
16.0000 15.4412
16.0000 15.7014
16.0000 16.5617
16.0000 15.8735
16.0000 15.8143
16.0000 15.9347
16.0000 14.7753
16.0000 16.0265
16.0000 16.2236
16.0000 15.5448
16.0000 15.4916
16.0000 15.9469
16.0000 15.8719
16.0000 16.0563
16.0000 16.2075
16.0000 15.8904
16.0000 15.3431
16.0000 15.7728
16.0000 15.4848
16.0000 15.5623
16.0000 15.8467
16.0000 16.2530
16.0000 16.0386
16.0000 17.0715
16.0000 15.4179
16.0000 15.8303
16.0000 16.3725
16.0000 15.8449
16.0000 15.0670
16.0000 15.4335
16.0000 17.0173
16.0000 15.5973
16.0000 15.5323
16.0000 15.7616
16.0000 14.7983
16.0000 16.8191
16.0000 15.8068
16.0000 15.7898
16.0000 15.4009
16.0000 16.6603
16.0000 15.5016
16.0000 15.2727
16.0000 16.3186
16.0000 15.9020
16.0000 15.9987
16.0000 15.2476
16.0000 16.4214
16.0000 15.2032
16.0000 17.0855
16.0000 15.5076
16.0000 15.7121
16.0000 16.8102
16.0000 17.0342
16.0000 15.0273
16.0000 14.9353
16.0000 16.6139
16.0000 15.0984
16.0000 15.8210
16.0000 14.8496
16.0000 16.0891
16.0000 15.5518
16.0000 15.4955
16.0000 15.3954
16.0000 15.5709
16.0000 14.9935
16.0000 16.3625
16.0000 15.6059
16.0000 15.7856
16.0000 16.3319
16.0000 15.3488
16.0000 15.1555
16.0000 16.1400
16.0000 15.7739
16.0000 15.7422
16.0000 14.9805
16.0000 15.3805
16.0000 15.9994
16.0000 15.2087
16.0000 16.3647
16.0000 15.6728
16.0000 15.3200
16.0000 15.4571
16.0000 16.5739
16.0000 17.0382
16.0000 15.4255
16.0000 16.4051
16.0000 15.3448
16.0000 16.1084
16.0000 16.3509
16.0000 15.7628
16.0000 15.7079
16.0000 16.7605
16.0000 16.3747
16.0000 14.7412
16.0000 15.2654
16.0000 14.9750
16.0000 15.6111
16.0000 16.5472
16.0000 16.2280
16.0000 16.0842
16.0000 16.0275
16.0000 15.9522
16.0000 15.7278
16.0000 15.2233
16.0000 15.3735
16.0000 15.7285
16.0000 15.4245
16.0000 15.6139
16.0000 15.2013
16.0000 15.2773
16.0000 15.8778
16.0000 15.5777
16.0000 16.1738
16.0000 14.7254
16.0000 15.5022
16.0000 15.5507
16.0000 15.6223
16.0000 15.8083
16.0000 16.5450
16.0000 15.9525
16.0000 16.0110
16.0000 15.5062
16.0000 17.4465
16.0000 16.7593
16.0000 15.4223
16.0000 16.7027
16.0000 16.0410
16.0000 15.8294
16.0000 15.7254
16.0000 15.5002
16.0000 15.3709
16.0000 15.8015
16.0000 16.1571
16.0000 16.3528
16.0000 15.5733
16.0000 15.9183
16.0000 14.8476
16.0000 16.4075
16.0000 15.8664
16.0000 15.8648
16.0000 15.6270
16.0000 16.0917
16.0000 15.6654
16.0000 15.7312
16.0000 16.6472
16.0000 16.0607
16.0000 17.1768
16.0000 16.4086
16.0000 16.3410
16.0000 15.5812
16.0000 15.6141
16.0000 15.3454
16.0000 15.6083
16.0000 14.4294
16.0000 16.0051
16.0000 15.7050
16.0000 16.1246
16.0000 15.7471
16.0000 15.5765
16.0000 15.6528
16.0000 16.2178
16.0000 15.4376
16.0000 15.4770
16.0000 15.5155
16.0000 15.7696
16.0000 16.0019
16.0000 15.5104
16.0000 16.6703
16.0000 16.5234
16.0000 15.5464
16.0000 15.6216
16.0000 16.6686
16.0000 15.5930
16.0000 16.1897
16.0000 15.3873
16.0000 15.7320
16.0000 16.0280
16.0000 14.2858
16.0000 15.2442
16.0000 15.7256
16.0000 16.1372
16.0000 16.0209
16.0000 15.1218
16.0000 16.5613
16.0000 16.5253
16.0000 16.1370
16.0000 14.5470
16.0000 15.9776
16.0000 16.0704
16.0000 16.2634
16.0000 16.4994
16.0000 15.8409
16.0000 16.1492
16.0000 15.1631
16.0000 15.2118
16.0000 15.8457
16.0000 15.7781
16.0000 14.9399
16.0000 15.4125
16.0000 15.6465
16.0000 15.9910
16.0000 15.0562
16.0000 15.6430
16.0000 16.1789
16.0000 15.8808
16.0000 16.7191
16.0000 15.2901
16.0000 15.6736
16.0000 15.7392
16.0000 16.0855
16.0000 15.2337
16.0000 16.2062
16.0000 14.8023
16.0000 15.5979
16.0000 15.4627
16.0000 16.4807
16.0000 15.7553
16.0000 16.0879
16.0000 15.4181
16.0000 14.7585
16.0000 16.2073
16.0000 15.9474
16.0000 16.4008
16.0000 15.3775
16.0000 16.0854
16.0000 15.2520
16.0000 15.9131
16.0000 16.3463
16.0000 15.3733
16.0000 15.1572
16.0000 15.9754
16.0000 15.8257
16.0000 15.7999
16.0000 15.6857
16.0000 15.6643
16.0000 15.7156
16.0000 15.8271
16.0000 15.1406
16.0000 16.1152
16.0000 15.6516
16.0000 15.9045
16.0000 15.9685
16.0000 15.2653
16.0000 15.3522
16.0000 15.4198
16.0000 15.9026
16.0000 15.5905
16.0000 15.0488
16.0000 15.7692
16.0000 15.6502
16.0000 15.8461
16.0000 16.0211
16.0000 15.8498
16.0000 17.1435
16.0000 16.3101
16.0000 16.4670
16.0000 15.3614
16.0000 15.2816
16.0000 16.2387
16.0000 15.3663
16.0000 16.3579
16.0000 15.1971
16.0000 16.3013
16.0000 15.8275
16.0000 16.3078
16.0000 15.9162
16.0000 16.0945
16.0000 15.5528
16.0000 16.1400
16.0000 16.8292
16.0000 15.5811
16.0000 14.5744
16.0000 16.6427
16.0000 16.5267
16.0000 15.6153
16.0000 15.6503
16.0000 16.1491
16.0000 15.8625
16.0000 15.5998
16.0000 15.7972
16.0000 16.2105
16.0000 17.0657
16.0000 15.8603
16.0000 15.9609
16.0000 15.6168
16.0000 15.9701
16.0000 16.1586
16.0000 16.7280
16.0000 15.7009
16.0000 15.3312
16.0000 16.2803
16.0000 15.6142
16.0000 16.2829
16.0000 15.1443
16.0000 15.1450
16.0000 16.0798
16.0000 15.5611
16.0000 16.2623
16.0000 16.4966
16.0000 16.4024
16.0000 15.7562
16.0000 15.6443
16.0000 15.6930
16.0000 15.7244
16.0000 15.0684
16.0000 15.5086
16.0000 15.5161
16.0000 16.3086
16.0000 15.2644
16.0000 14.8635
16.0000 16.5455
16.0000 15.0436
16.0000 16.0528
16.0000 16.3660
16.0000 15.0009
16.0000 16.9464
16.0000 16.6533
16.0000 16.5145
16.0000 15.5929
16.0000 15.5092
16.0000 16.0929
16.0000 16.1342
16.0000 16.5860
16.0000 15.5062
16.0000 16.6510
16.0000 16.7773
16.0000 15.0604
16.0000 16.3908
16.0000 15.3274
16.0000 15.7969
16.0000 15.9051
16.0000 15.5972
16.0000 14.6125
16.0000 15.2813
16.0000 15.7755
16.0000 16.2275
16.0000 15.4191
16.0000 16.5756
16.0000 16.1161
16.0000 15.8479
16.0000 15.5486
16.0000 15.7329
16.0000 17.0920
16.0000 16.0134
16.0000 14.7855
16.0000 15.6605
16.0000 15.6838
16.0000 15.9402
16.0000 15.8592
16.0000 15.6372
16.0000 15.3327
16.0000 16.3062
16.0000 15.4950
16.0000 15.8906
16.0000 16.8043
16.0000 15.2287
16.0000 16.2106
16.0000 15.5242
16.0000 15.5807
16.0000 15.9946
16.0000 16.1570
16.0000 15.8253
16.0000 16.2085
16.0000 15.3441
16.0000 16.2708
16.0000 16.1757
16.0000 15.3919
16.0000 15.5072
16.0000 15.4567
16.0000 16.1086
16.0000 15.7204
16.0000 15.7167
16.0000 16.2474
16.0000 15.6647
16.0000 14.8308
16.0000 15.4915
16.0000 16.0174
16.0000 15.6777
16.0000 15.4926
16.0000 16.3085
16.0000 15.6266
16.0000 16.0488
16.0000 15.2930
16.0000 16.0198
16.0000 15.2430
16.0000 15.1648
16.0000 16.6698
16.0000 15.4136
16.0000 15.3464
16.0000 15.7179
16.0000 16.0637
16.0000 15.4236
16.0000 16.0200
16.0000 16.1063
16.0000 15.7417
16.0000 16.7627
16.0000 15.2100
16.0000 14.9555
16.0000 17.0623
16.0000 15.9381
16.0000 15.6905
16.0000 16.2796
16.0000 15.4079
16.0000 15.6256
16.0000 16.4207
16.0000 15.8262
16.0000 15.6055
16.0000 15.6204
16.0000 15.9664
16.0000 15.6356
16.0000 14.8946
16.0000 16.2436
16.0000 15.3786
16.0000 15.9675
16.0000 15.8337
16.0000 16.3002
16.0000 15.1751
16.0000 15.4155
16.0000 15.8699
16.0000 15.1677
16.0000 15.1979
16.0000 15.5151
16.0000 15.4645
16.0000 16.0266
16.0000 15.6584
16.0000 16.0267
16.0000 15.7488
16.0000 15.3178
16.0000 16.8269
16.0000 15.9737
16.0000 16.3588
16.0000 15.5857
16.0000 16.1905
16.0000 15.9136
16.0000 15.3342
16.0000 15.3184
16.0000 16.0637
16.0000 15.5902
16.0000 16.6813
16.0000 15.7135
16.0000 16.1373
16.0000 15.5745
16.0000 15.3269
16.0000 15.5765
16.0000 14.8235
16.0000 15.5193
16.0000 14.6667
16.0000 15.4127
16.0000 15.3619
16.0000 16.2685
16.0000 15.9573
16.0000 14.9819
16.0000 15.8935
16.0000 16.5853
16.0000 15.3841
16.0000 16.7720
16.0000 15.6401
16.0000 16.9367
16.0000 15.2257
16.0000 15.8253
16.0000 16.0074
16.0000 15.8118
16.0000 15.6483
16.0000 15.0431
16.0000 15.9628
16.0000 16.1942
16.0000 17.1675
16.0000 16.4580
16.0000 15.4854
16.0000 15.4971
16.0000 15.2570
16.0000 15.8259
16.0000 16.3195
16.0000 15.7820
16.0000 15.9618
16.0000 15.5714
16.0000 15.0882
16.0000 15.9672
16.0000 15.2767
16.0000 15.7585
16.0000 16.4415
16.0000 14.6766
16.0000 15.7260
16.0000 15.5886
16.0000 15.7616
16.0000 15.6949
16.0000 16.2209
16.0000 16.2181
16.0000 15.8432
16.0000 15.9981
16.0000 15.4531
16.0000 15.2205
16.0000 16.0855
16.0000 15.9264
16.0000 15.3819
16.0000 16.9753
16.0000 14.1615
16.0000 15.7092
16.0000 16.2643
16.0000 15.1845
16.0000 15.1142
16.0000 16.0102
16.0000 16.1907
16.0000 15.1823
16.0000 15.4033
16.0000 15.0921
16.0000 15.8455
16.0000 16.1832
16.0000 16.2430
16.0000 16.4442
16.0000 14.6065
16.0000 15.4721
16.0000 16.1658
16.0000 15.9597
16.0000 15.2743
16.0000 15.9955
16.0000 14.7665
16.0000 16.2282
16.0000 15.7699
16.0000 16.0021
16.0000 15.7459
16.0000 15.7701
16.0000 16.0665
16.0000 15.0343
16.0000 16.6747
16.0000 15.9933
16.0000 16.4112
16.0000 15.9634
16.0000 15.5470
16.0000 14.8731
16.0000 16.3268
16.0000 15.6552
16.0000 16.2368
16.0000 16.3747
16.0000 15.3592
16.0000 16.0716
16.0000 15.7945
16.0000 15.4867
16.0000 16.3198
16.0000 15.8142
16.0000 15.9512
16.0000 16.2678
16.0000 15.6412
16.0000 15.3987
16.0000 15.6754
16.0000 15.7952
16.0000 15.4987
16.0000 15.4532
16.0000 16.1081
16.0000 14.9520
16.0000 15.6571
16.0000 15.3327
16.0000 15.4319
16.0000 16.2491
16.0000 16.0627
16.0000 15.3502
16.0000 15.8980
16.0000 15.7211
16.0000 15.6571
16.0000 14.7613
16.0000 15.9819
16.0000 16.3558
16.0000 15.7854
16.0000 16.0680
16.0000 16.2685
16.0000 15.0215
16.0000 15.7587
16.0000 15.4775
16.0000 17.1981
16.0000 15.8051
16.0000 16.3800
16.0000 16.5341
16.0000 16.8145
16.0000 15.8246
16.0000 16.2100
16.0000 17.2114
16.0000 15.9346
16.0000 16.0154
16.0000 15.6871
16.0000 16.3705
16.0000 14.9869
16.0000 16.0864
16.0000 15.2899
16.0000 15.6106
16.0000 15.7798
16.0000 16.1185
16.0000 15.9099
16.0000 17.0344
16.0000 15.5524
16.0000 15.4067
16.0000 15.0524
16.0000 15.9210
16.0000 16.4931
16.0000 15.2962
16.0000 15.0843
16.0000 15.6288
16.0000 15.8740
16.0000 15.9298
16.0000 14.6700
16.0000 15.7844
16.0000 15.2408
16.0000 16.1412
16.0000 15.5177
16.0000 14.9815
16.0000 16.9903
16.0000 15.7424
16.0000 15.5072
16.0000 15.8422
16.0000 16.1790
16.0000 15.5287
16.0000 15.8703
16.0000 14.8912
16.0000 16.2504
16.0000 16.5172
16.0000 15.8516
16.0000 15.4318
16.0000 16.3939
16.0000 15.7051
16.0000 15.4475
16.0000 16.2662
16.0000 15.7528
16.0000 15.1911
16.0000 16.4631
16.0000 15.5804
16.0000 16.3215
16.0000 16.3241
16.0000 16.8256
16.0000 15.0969
16.0000 15.9805
16.0000 15.6080
16.0000 16.2521
16.0000 14.7080
16.0000 15.3162
16.0000 15.0862
16.0000 14.9092
16.0000 16.1195
16.0000 15.7680
16.0000 15.7671
16.0000 16.2829
16.0000 16.2654
16.0000 15.9382
16.0000 15.3993
16.0000 15.4341
16.0000 15.8142
16.0000 15.1351
16.0000 16.2656
16.0000 15.5954
16.0000 16.3233
16.0000 15.6748
16.0000 15.6663
16.0000 15.3886
16.0000 16.5396
16.0000 16.2963
16.0000 16.3993
16.0000 16.2062
16.0000 15.7172
16.0000 15.9698
16.0000 15.9429
16.0000 15.5595
16.0000 15.9735
16.0000 15.8536
16.0000 15.0683
16.0000 16.1407
16.0000 15.7542
16.0000 15.2935
16.0000 15.6109
16.0000 15.7751
16.0000 15.0132
16.0000 15.8085
16.0000 15.7141
16.0000 15.5370
16.0000 16.5812
16.0000 15.8144
16.0000 16.7827
16.0000 15.6843
16.0000 15.6872
16.0000 16.3546
16.0000 16.3123
16.0000 15.5497
16.0000 15.6696
16.0000 16.1249
16.0000 16.6012
16.0000 15.1898
16.0000 15.5738
16.0000 15.4931
16.0000 15.9816
16.0000 15.7936
16.0000 15.3660
16.0000 15.3854
16.0000 15.1694
16.0000 15.4716
16.0000 16.3416
16.0000 16.4786
16.0000 15.7209
16.0000 15.3965
16.0000 15.4734
16.0000 16.4974
16.0000 16.5239
16.0000 15.0562
16.0000 16.7605
16.0000 15.2712
16.0000 15.6243
16.0000 15.9924
16.0000 16.3861
16.0000 16.3957
16.0000 16.1612
16.0000 15.0084
16.0000 14.3478
16.0000 16.1522
16.0000 15.5517
16.0000 16.0001
16.0000 16.1365
16.0000 16.4480
16.0000 15.7331
16.0000 15.9709
16.0000 16.3643
16.0000 15.5239
16.0000 15.6159
16.0000 15.1987
16.0000 15.5614
16.0000 15.3876
16.0000 15.4851
16.0000 15.4139
16.0000 15.6344
16.0000 15.9038
16.0000 15.1852
16.0000 15.6773
16.0000 16.5026
16.0000 15.9963
16.0000 15.9282
16.0000 16.3675
16.0000 15.8719
16.0000 17.2152
16.0000 15.6404
16.0000 14.7222
16.0000 15.9643
16.0000 15.8855
16.0000 15.3307
16.0000 15.8457
16.0000 15.6947
16.0000 15.4065
16.0000 14.8490
16.0000 15.3816
16.0000 15.3861
16.0000 15.1104
16.0000 15.5066
16.0000 15.3967
16.0000 15.6196
16.0000 15.7117
16.0000 15.9426
16.0000 15.8195
16.0000 15.4554
16.0000 15.4446
16.0000 15.6913
16.0000 15.7680
16.0000 15.7626
16.0000 16.2145
16.0000 14.9492
16.0000 16.1262
16.0000 15.6907
16.0000 16.2020
16.0000 15.6923
16.0000 16.2094
16.0000 15.5421
16.0000 15.5411
16.0000 14.6988
16.0000 15.7768
16.0000 15.4133
16.0000 15.6189
16.0000 16.6656
16.0000 15.0861
16.0000 15.9650
16.0000 16.5703
16.0000 15.6371
16.0000 15.2490
16.0000 16.0698
16.0000 15.8219
16.0000 16.3855
16.0000 16.5190
16.0000 14.7776
16.0000 15.1522
16.0000 15.2602
16.0000 15.5635
16.0000 17.1638
16.0000 15.8384
16.0000 16.1868
16.0000 16.2276
16.0000 16.2386
16.0000 15.5974
16.0000 15.8874
16.0000 16.1189
16.0000 15.3629
16.0000 15.5803
16.0000 16.0602
16.0000 16.4272
16.0000 14.8690
16.0000 16.3729
16.0000 15.7617
16.0000 15.5290
16.0000 15.7592
16.0000 16.9775
16.0000 15.7526
16.0000 16.5025
16.0000 15.7708
16.0000 15.6844
16.0000 14.9627
16.0000 15.6588
16.0000 15.8275
16.0000 16.1957
16.0000 16.8449
16.0000 16.0861
16.0000 15.6480
16.0000 15.1643
16.0000 14.7601
16.0000 16.1937
16.0000 16.1572
16.0000 15.5376
16.0000 15.9112
16.0000 15.8027
16.0000 15.6063
16.0000 16.1126
16.0000 16.5746
16.0000 14.5939
16.0000 16.0345
16.0000 15.0810
16.0000 15.6106
16.0000 16.3306
16.0000 15.1339
16.0000 15.4399
16.0000 15.3807
16.0000 15.4629
16.0000 15.4009
16.0000 16.1018
16.0000 16.1092
16.0000 15.6698
16.0000 16.8699
16.0000 15.9269
16.0000 15.7209
16.0000 16.4374
16.0000 15.9477
16.0000 15.7077
16.0000 16.6799
16.0000 16.0770
16.0000 15.5981
16.0000 16.5142
16.0000 15.4750
16.0000 15.3014
16.0000 15.8194
16.0000 15.0723
16.0000 15.8097
16.0000 15.1595
16.0000 15.9561
16.0000 15.3395
16.0000 15.6512
16.0000 16.5920
16.0000 15.6680
16.0000 16.5470
16.0000 16.3961
16.0000 15.3239
16.0000 16.0144
16.0000 15.6694
16.0000 16.6806
16.0000 14.7083
16.0000 16.3368
16.0000 16.2217
16.0000 15.3485
16.0000 15.9635
16.0000 16.3176
16.0000 16.1402
16.0000 16.6413
16.0000 16.1550
16.0000 15.4475
16.0000 16.0570
16.0000 15.6713
16.0000 16.0155
16.0000 16.2893
16.0000 16.0690
16.0000 16.2268
16.0000 16.1602
16.0000 15.0979
16.0000 14.7991
16.0000 15.9425
16.0000 15.5507
16.0000 15.4735
16.0000 15.1579
16.0000 16.0555
16.0000 15.9341
16.0000 15.9928
16.0000 15.4148
16.0000 15.9163
16.0000 16.2057
16.0000 15.8524
16.0000 15.9830
16.0000 15.9356
16.0000 15.1746
16.0000 15.7694
16.0000 16.1782
16.0000 15.4022
16.0000 15.4234
16.0000 16.0867
16.0000 15.9548
16.0000 15.5301
16.0000 16.0686
16.0000 16.0764
16.0000 16.2426
16.0000 15.7809
16.0000 14.6557
16.0000 15.8983
16.0000 15.1382
16.0000 15.9356
16.0000 14.9001
16.0000 16.0037
16.0000 15.0894
16.0000 16.9526
16.0000 16.5914
16.0000 17.0531
16.0000 16.3815
16.0000 15.2481
16.0000 15.9635
16.0000 15.4090
16.0000 15.7999
16.0000 16.1667
16.0000 16.5655
16.0000 15.6040
16.0000 16.9789
16.0000 15.8277
16.0000 15.5445
16.0000 15.0534
16.0000 15.9230
16.0000 16.8015
16.0000 15.6098
16.0000 16.1507
16.0000 15.5888
16.0000 16.4289
16.0000 16.5432
16.0000 16.4211
16.0000 15.8560
16.0000 15.8329
16.0000 15.8766
16.0000 15.2358
16.0000 16.3285
16.0000 15.6867
16.0000 15.3404
16.0000 16.0289
16.0000 16.4341
16.0000 15.7286
16.0000 15.3723
16.0000 16.7674
16.0000 15.6799
16.0000 16.2538
16.0000 15.7744
16.0000 16.5024
16.0000 15.4721
16.0000 16.4737
16.0000 15.5217
16.0000 16.0766
16.0000 15.7354
16.0000 16.4669
16.0000 16.2827
16.0000 16.0118
16.0000 15.8143
16.0000 14.9761
16.0000 15.9185
16.0000 16.0917
16.0000 15.8719
16.0000 15.6927
16.0000 16.0940
16.0000 16.3990
16.0000 15.3947
16.0000 14.9265
16.0000 15.8096
16.0000 16.0900
16.0000 15.9610
16.0000 15.5859
16.0000 15.8968
16.0000 16.1326
16.0000 16.1548
16.0000 16.1778
16.0000 15.7243
16.0000 16.4048
16.0000 16.5543
16.0000 16.4557
16.0000 14.5377
16.0000 16.1353
16.0000 16.3788
16.0000 15.8395
16.0000 16.6940
16.0000 16.6344
16.0000 14.8283
16.0000 16.7485
16.0000 15.6827
16.0000 14.7803
16.0000 15.9065
16.0000 16.0890
16.0000 15.1704
16.0000 15.8606
16.0000 16.5748
16.0000 15.4673
16.0000 15.8492
16.0000 15.6752
16.0000 15.6984
16.0000 15.9450
16.0000 15.8186
16.0000 15.3129
16.0000 16.0779
16.0000 16.0279
16.0000 15.5061
16.0000 16.4799
16.0000 15.9339
16.0000 16.4742
16.0000 16.7418
16.0000 16.2405
16.0000 16.5149
16.0000 16.3505
16.0000 15.2815
16.0000 15.0874
16.0000 15.8830
16.0000 16.4834
16.0000 16.0050
16.0000 15.6175
16.0000 15.6638
16.0000 14.4535
16.0000 14.8943
16.0000 15.8980
16.0000 16.9084
16.0000 16.2191
16.0000 15.9695
16.0000 16.4854
16.0000 15.9715
16.0000 16.0207
16.0000 15.9100
16.0000 16.1167
16.0000 16.2719
16.0000 15.3357
16.0000 16.4019
16.0000 16.1368
16.0000 14.6402
16.0000 15.1336
16.0000 16.3125
16.0000 15.4282
16.0000 14.6887
16.0000 16.3720
16.0000 15.5194
16.0000 15.4782
16.0000 14.8612
16.0000 15.5522
16.0000 15.4290
16.0000 16.1107
16.0000 15.7045
16.0000 16.4441
16.0000 15.7906
16.0000 14.8862
16.0000 15.9066
16.0000 15.5888
16.0000 15.8147
16.0000 16.4600
16.0000 15.2774
16.0000 16.2007
16.0000 15.2362
16.0000 16.3672
16.0000 16.0145
16.0000 15.8967
16.0000 15.7639
16.0000 15.8059
16.0000 15.8052
16.0000 16.3078
16.0000 15.1700
16.0000 14.9520
16.0000 16.0274
16.0000 15.2522
16.0000 15.9924
16.0000 15.9819
16.0000 15.8838
16.0000 15.3661
16.0000 16.4077
16.0000 15.9562
16.0000 16.3421
16.0000 15.5563
16.0000 15.8685
16.0000 14.7860
16.0000 15.7874
16.0000 14.8838
16.0000 15.5987
16.0000 15.8153
16.0000 15.6854
16.0000 15.7298
16.0000 15.5949
16.0000 16.5497
16.0000 16.5678
16.0000 15.2398
16.0000 15.8536
16.0000 16.0527
16.0000 15.8872
16.0000 15.8202
16.0000 16.2256
16.0000 15.9982
16.0000 16.3101
16.0000 14.9389
16.0000 15.0157
16.0000 16.0806
16.0000 16.8081
16.0000 16.0825
16.0000 15.9641
16.0000 16.0007
16.0000 15.0362
16.0000 16.0618
16.0000 14.5872
16.0000 15.6504
16.0000 16.1878
16.0000 16.1867
16.0000 15.6548
16.0000 15.9636
16.0000 15.7900
16.0000 16.3062
16.0000 15.6939
16.0000 15.5177
16.0000 16.8073
16.0000 15.4239
16.0000 15.6948
16.0000 15.5256
16.0000 16.4062
