17.0000 16.5807
17.0000 16.2884
17.0000 16.7503
17.0000 16.3833
17.0000 17.6625
17.0000 16.6789
17.0000 16.8987
17.0000 16.2557
17.0000 17.7773
17.0000 16.9372
17.0000 16.4351
17.0000 16.3214
17.0000 17.6067
17.0000 15.9503
17.0000 17.1250
17.0000 17.0735
17.0000 16.7047
17.0000 16.7096
17.0000 16.4460
17.0000 17.2084
17.0000 16.1677
17.0000 17.1399
17.0000 16.7000
17.0000 16.9433
17.0000 17.4251
17.0000 16.9846
17.0000 16.7109
17.0000 17.4348
17.0000 16.6549
17.0000 17.5601
17.0000 17.0748
17.0000 15.9866
17.0000 16.2341
17.0000 16.4995
17.0000 16.1965
17.0000 17.0085
17.0000 17.1846
17.0000 17.3760
17.0000 16.0103
17.0000 16.6714
17.0000 16.0662
17.0000 17.4593
17.0000 16.7150
17.0000 16.7471
17.0000 17.1284
17.0000 16.6333
17.0000 17.0984
17.0000 17.0458
17.0000 17.0202
17.0000 16.6529
17.0000 17.1624
17.0000 17.7071
17.0000 17.5724
17.0000 15.7157
17.0000 16.2269
17.0000 16.4632
17.0000 17.0979
17.0000 17.2127
17.0000 16.7365
17.0000 16.5098
17.0000 17.5678
17.0000 16.8481
17.0000 17.6453
17.0000 16.5094
17.0000 17.5277
17.0000 16.8960
17.0000 16.8027
17.0000 16.7590
17.0000 15.9328
17.0000 15.9766
17.0000 16.8908
17.0000 17.2406
17.0000 16.0737
17.0000 17.8989
17.0000 16.6777
17.0000 17.1960
17.0000 16.8514
17.0000 17.1232
17.0000 17.3041
17.0000 16.3688
17.0000 16.0633
17.0000 16.1638
17.0000 16.6369
17.0000 16.7138
17.0000 16.7670
17.0000 16.3368
17.0000 17.1623
17.0000 16.4183
17.0000 16.0726
17.0000 17.1559
17.0000 18.1894
17.0000 16.8096
17.0000 16.3776
17.0000 16.7576
17.0000 16.8992
17.0000 17.5265
17.0000 17.8330
17.0000 16.3853
17.0000 17.0743
17.0000 15.6452
17.0000 16.6244
17.0000 17.3200
17.0000 17.0045
17.0000 16.6840
17.0000 16.7648
17.0000 16.4636
17.0000 17.2131
17.0000 17.4050
17.0000 16.1630
17.0000 16.2067
17.0000 17.1360
17.0000 16.1843
17.0000 17.3783
17.0000 17.0348
17.0000 15.6105
17.0000 17.0171
17.0000 16.4610
17.0000 17.0793
17.0000 17.2549
17.0000 16.5133
17.0000 17.9249
17.0000 18.0985
17.0000 16.8327
17.0000 16.1317
17.0000 17.1763
17.0000 16.2024
17.0000 16.8147
17.0000 16.0943
17.0000 16.6928
17.0000 16.6748
17.0000 17.2433
17.0000 16.6222
17.0000 16.2913
17.0000 16.5033
17.0000 15.7588
17.0000 17.0547
17.0000 16.5363
17.0000 17.0164
17.0000 17.4392
17.0000 16.7974
17.0000 16.4984
17.0000 16.6530
17.0000 17.2571
17.0000 16.5255
17.0000 15.6938
17.0000 16.1495
17.0000 17.2972
17.0000 16.3149
17.0000 16.7328
17.0000 17.2454
17.0000 16.9111
17.0000 16.5337
17.0000 17.7391
17.0000 16.4722
17.0000 16.9008
17.0000 17.4784
17.0000 16.8994
17.0000 16.5198
17.0000 16.4877
17.0000 15.8387
17.0000 17.6494
17.0000 16.4040
17.0000 16.7876
17.0000 16.5627
17.0000 16.4985
17.0000 16.1532
17.0000 16.7942
17.0000 17.0749
17.0000 16.8541
17.0000 16.8569
17.0000 16.7633
17.0000 16.8114
17.0000 16.5951
17.0000 17.0161
17.0000 18.0306
17.0000 16.3331
17.0000 16.5963
17.0000 16.2789
17.0000 16.7732
17.0000 16.5442
17.0000 16.4877
17.0000 16.6693
17.0000 16.1284
17.0000 17.2644
17.0000 16.5207
17.0000 16.2594
17.0000 16.6755
17.0000 16.7619
17.0000 16.6992
17.0000 16.3630
17.0000 17.7886
17.0000 16.5030
17.0000 17.2038
17.0000 16.2881
17.0000 17.4076
17.0000 17.6822
17.0000 16.3566
17.0000 17.3201
17.0000 16.1058
17.0000 15.8170
17.0000 17.2644
17.0000 16.9557
17.0000 16.2610
17.0000 17.5413
17.0000 16.3620
17.0000 17.5629
17.0000 17.2898
17.0000 16.8901
17.0000 15.9560
17.0000 16.9950
17.0000 16.6782
17.0000 16.8028
17.0000 16.8179
17.0000 15.9786
17.0000 17.2543
17.0000 17.3086
17.0000 17.5178
17.0000 16.6659
17.0000 16.6699
17.0000 16.8146
17.0000 17.1286
17.0000 16.6227
17.0000 16.5747
17.0000 16.7708
17.0000 16.8166
17.0000 15.7571
17.0000 16.3286
17.0000 16.9032
17.0000 16.8408
17.0000 17.2433
17.0000 16.4712
17.0000 16.1007
17.0000 17.2145
17.0000 17.5646
17.0000 17.5067
17.0000 17.2327
17.0000 16.6963
17.0000 18.0380
17.0000 16.3406
17.0000 16.6600
17.0000 17.1308
17.0000 17.0809
17.0000 16.5573
17.0000 16.2319
17.0000 16.6292
17.0000 16.5050
17.0000 16.8535
17.0000 17.4813
17.0000 17.5136
17.0000 17.2677
17.0000 17.6477
17.0000 16.9414
17.0000 16.9704
17.0000 17.0130
17.0000 15.9288
17.0000 15.8736
17.0000 16.7419
17.0000 17.4370
17.0000 16.4568
17.0000 15.9999
17.0000 16.6890
17.0000 16.8127
17.0000 16.8802
17.0000 16.3016
17.0000 16.3675
17.0000 15.7677
17.0000 16.4044
17.0000 15.7241
17.0000 15.7688
17.0000 17.0897
17.0000 17.0505
17.0000 16.9128
17.0000 16.5004
17.0000 16.8338
17.0000 16.1117
17.0000 16.3680
17.0000 17.6466
17.0000 16.2446
17.0000 16.7574
17.0000 16.7024
17.0000 16.0542
17.0000 16.1668
17.0000 16.6468
17.0000 16.6827
17.0000 17.4389
17.0000 16.0708
17.0000 16.6930
17.0000 15.2953
17.0000 15.4674
17.0000 16.6299
17.0000 17.2938
17.0000 17.0683
17.0000 16.6651
17.0000 16.8557
17.0000 17.0578
17.0000 16.9471
17.0000 17.0747
17.0000 16.6203
17.0000 17.1856
17.0000 18.3431
17.0000 16.8195
17.0000 17.1647
17.0000 16.8784
17.0000 15.7461
17.0000 16.6722
17.0000 17.5355
17.0000 16.0632
17.0000 16.6759
17.0000 16.3717
17.0000 17.4049
17.0000 15.9950
17.0000 16.9750
17.0000 15.7019
17.0000 16.7928
17.0000 16.7338
17.0000 16.8139
17.0000 16.7083
17.0000 17.1311
17.0000 17.0196
17.0000 15.7602
17.0000 17.4732
17.0000 16.8470
17.0000 17.0392
17.0000 16.4850
17.0000 16.8148
17.0000 16.2179
17.0000 15.7556
17.0000 16.0668
17.0000 16.2152
17.0000 16.6372
17.0000 16.8414
17.0000 16.9298
17.0000 16.2974
17.0000 16.2975
17.0000 16.4809
17.0000 16.6467
17.0000 18.0673
17.0000 16.1539
17.0000 16.6029
17.0000 17.1779
17.0000 16.6189
17.0000 16.3274
17.0000 16.9801
17.0000 17.8442
17.0000 16.8821
17.0000 17.3873
17.0000 17.4768
17.0000 17.4912
17.0000 15.9751
17.0000 17.2096
17.0000 17.2643
17.0000 16.2184
17.0000 17.3955
17.0000 17.2095
17.0000 16.1223
17.0000 16.7271
17.0000 16.3639
17.0000 16.6958
17.0000 15.9765
17.0000 16.9472
17.0000 17.0809
17.0000 16.6051
17.0000 16.5500
17.0000 15.9109
17.0000 15.9059
17.0000 17.3325
17.0000 16.3203
17.0000 16.1630
17.0000 16.2401
17.0000 16.9183
17.0000 16.8262
17.0000 16.5244
17.0000 16.6976
17.0000 15.6979
17.0000 16.3559
17.0000 17.6368
17.0000 17.4531
17.0000 17.0458
17.0000 16.5034
17.0000 18.1011
17.0000 17.2601
17.0000 17.3289
17.0000 16.2667
17.0000 16.7662
17.0000 16.0782
17.0000 17.8190
17.0000 17.2661
17.0000 16.9659
17.0000 16.2438
17.0000 16.3472
17.0000 17.2485
17.0000 16.6220
17.0000 16.9845
17.0000 17.1513
17.0000 16.6163
17.0000 17.8908
17.0000 16.7432
17.0000 17.5512
17.0000 17.2124
17.0000 16.0235
17.0000 16.6377
17.0000 15.4843
17.0000 17.1674
17.0000 17.1460
17.0000 15.8179
17.0000 16.7359
17.0000 17.0639
17.0000 16.6150
17.0000 16.1860
17.0000 16.8341
17.0000 17.7790
17.0000 16.7612
17.0000 16.5095
17.0000 17.7902
17.0000 16.1965
17.0000 17.2816
17.0000 16.5362
17.0000 16.7091
17.0000 15.6970
17.0000 16.4943
17.0000 17.4812
17.0000 16.7657
17.0000 15.5002
17.0000 16.0032
17.0000 16.7312
17.0000 16.8366
17.0000 17.7997
17.0000 17.0781
17.0000 17.2466
17.0000 16.2942
17.0000 16.9322
17.0000 16.4393
17.0000 17.4234
17.0000 16.8917
17.0000 16.4135
17.0000 16.6759
17.0000 17.1102
17.0000 16.6001
17.0000 16.4974
17.0000 16.4902
17.0000 17.5026
17.0000 15.5571
17.0000 16.1831
17.0000 15.7234
17.0000 17.0256
17.0000 16.6546
17.0000 16.7259
17.0000 16.5664
17.0000 16.1105
17.0000 16.0242
17.0000 15.8572
17.0000 17.2898
17.0000 16.8994
17.0000 17.5459
17.0000 16.5018
17.0000 16.3239
17.0000 17.1297
17.0000 16.8783
17.0000 16.2963
17.0000 17.9247
17.0000 17.0073
17.0000 17.2111
17.0000 16.3907
17.0000 16.4687
17.0000 15.8415
17.0000 16.8145
17.0000 16.2532
17.0000 17.4666
17.0000 17.0636
17.0000 16.7314
17.0000 16.5018
17.0000 17.3670
17.0000 16.4642
17.0000 17.2223
17.0000 16.9666
17.0000 18.4825
17.0000 16.4486
17.0000 17.1988
17.0000 15.7505
17.0000 17.1797
17.0000 17.3945
17.0000 15.3649
17.0000 16.8063
17.0000 17.0646
17.0000 15.8721
17.0000 15.5965
17.0000 17.5509
17.0000 17.5665
17.0000 16.9100
17.0000 16.6864
17.0000 16.8367
17.0000 16.4738
17.0000 16.3073
17.0000 16.2805
17.0000 16.6629
17.0000 15.6906
17.0000 16.8911
17.0000 16.4979
17.0000 15.9502
17.0000 17.1676
17.0000 16.8594
17.0000 17.1805
17.0000 17.0747
17.0000 16.2012
17.0000 16.7284
17.0000 16.7124
17.0000 17.5244
17.0000 17.2438
17.0000 16.4657
17.0000 17.1296
17.0000 17.0675
17.0000 17.3528
17.0000 16.2545
17.0000 16.1978
17.0000 17.5004
17.0000 16.6901
17.0000 16.8300
17.0000 17.1139
17.0000 16.9262
17.0000 16.4452
17.0000 16.6922
17.0000 17.1083
17.0000 16.5199
17.0000 15.9635
17.0000 16.8896
17.0000 15.6629
17.0000 17.4917
17.0000 17.4200
17.0000 17.3022
17.0000 16.2674
17.0000 16.9287
17.0000 18.1150
17.0000 17.3723
17.0000 16.3290
17.0000 16.4926
17.0000 16.2210
17.0000 17.8736
17.0000 16.8406
17.0000 17.1413
17.0000 16.5461
17.0000 16.2956
17.0000 17.5575
17.0000 16.8028
17.0000 16.0919
17.0000 16.7451
17.0000 16.1493
17.0000 16.4072
17.0000 16.6003
17.0000 17.5781
17.0000 16.8865
17.0000 16.2566
17.0000 17.0317
17.0000 16.7810
17.0000 16.5405
17.0000 17.2203
17.0000 17.0353
17.0000 16.6416
17.0000 16.8502
17.0000 16.5881
17.0000 16.7391
17.0000 16.7124
17.0000 16.5237
17.0000 16.8742
17.0000 17.1359
17.0000 17.4526
17.0000 16.1575
17.0000 15.8840
17.0000 16.7985
17.0000 16.1873
17.0000 16.7222
17.0000 17.0611
17.0000 16.4548
17.0000 16.2233
17.0000 16.0358
17.0000 16.3731
17.0000 17.2301
17.0000 16.2558
17.0000 17.2087
17.0000 16.1001
17.0000 17.2988
17.0000 16.5740
17.0000 16.9151
17.0000 16.8227
17.0000 17.0999
17.0000 17.7123
17.0000 16.7115
17.0000 17.7836
17.0000 16.7883
17.0000 16.2613
17.0000 16.4456
17.0000 16.7289
17.0000 16.7102
17.0000 16.6954
17.0000 15.7559
17.0000 16.2620
17.0000 16.3877
17.0000 16.9280
17.0000 16.6703
17.0000 16.3189
17.0000 17.4703
17.0000 15.9004
17.0000 16.7138
17.0000 16.7396
17.0000 17.5703
17.0000 16.8062
17.0000 16.9944
17.0000 17.6060
17.0000 16.7752
17.0000 16.0315
17.0000 17.4171
17.0000 16.9291
17.0000 17.6023
17.0000 17.3232
17.0000 17.1377
17.0000 17.1432
17.0000 15.7742
17.0000 17.3206
17.0000 16.1753
17.0000 16.6386
17.0000 16.8427
17.0000 16.6552
17.0000 16.4363
17.0000 17.1448
17.0000 17.7674
17.0000 16.0657
17.0000 17.4858
17.0000 15.9145
17.0000 16.8927
17.0000 15.9255
17.0000 16.9448
17.0000 16.5203
17.0000 15.8511
17.0000 17.7348
17.0000 15.8159
17.0000 17.2914
17.0000 16.7194
17.0000 16.4465
17.0000 16.1838
17.0000 16.7120
17.0000 16.5336
17.0000 16.2003
17.0000 16.3662
17.0000 16.5082
17.0000 16.8658
17.0000 16.6920
17.0000 16.2026
17.0000 16.0797
17.0000 16.4407
17.0000 16.9222
17.0000 16.4816
17.0000 16.5993
17.0000 16.6962
17.0000 17.5153
17.0000 16.5322
17.0000 16.1513
17.0000 16.7048
17.0000 16.9330
17.0000 16.5281
17.0000 16.6068
17.0000 16.9200
17.0000 17.5635
17.0000 16.3476
17.0000 17.5638
17.0000 18.1699
17.0000 17.2726
17.0000 17.0264
17.0000 16.9080
17.0000 17.1036
17.0000 16.2969
17.0000 16.1903
17.0000 16.3603
17.0000 16.6287
17.0000 15.8664
17.0000 17.0200
17.0000 15.9453
17.0000 17.2244
17.0000 16.9606
17.0000 16.2167
17.0000 16.4536
17.0000 17.8668
17.0000 17.2679
17.0000 16.4345
17.0000 16.7662
17.0000 16.1035
17.0000 16.9857
17.0000 17.0198
17.0000 17.1150
17.0000 16.1605
17.0000 16.7037
17.0000 17.7360
17.0000 17.2075
17.0000 16.4605
17.0000 16.2284
17.0000 16.7594
17.0000 16.6503
17.0000 16.0784
17.0000 16.0728
17.0000 16.7252
17.0000 17.1718
17.0000 15.8074
17.0000 16.1002
17.0000 16.9532
17.0000 17.9597
17.0000 16.4374
17.0000 17.2665
17.0000 16.6769
17.0000 16.5988
17.0000 17.0842
17.0000 16.7869
17.0000 16.9977
17.0000 16.9085
17.0000 16.9843
17.0000 16.4171
17.0000 18.2257
17.0000 17.5382
17.0000 16.6577
17.0000 16.7068
17.0000 15.6850
17.0000 17.6176
17.0000 16.1070
17.0000 16.2872
17.0000 15.7153
17.0000 17.3308
17.0000 15.9653
17.0000 15.9332
17.0000 17.6327
17.0000 16.0392
17.0000 17.0760
17.0000 16.2426
17.0000 16.8270
17.0000 17.6768
17.0000 16.5291
17.0000 17.3904
17.0000 16.6390
17.0000 16.1331
17.0000 15.9024
17.0000 16.7935
17.0000 16.9277
17.0000 16.8056
17.0000 17.4587
17.0000 17.0741
17.0000 16.8989
17.0000 16.7577
17.0000 16.2151
17.0000 17.0302
17.0000 16.9259
17.0000 17.1718
17.0000 17.4233
17.0000 15.3699
17.0000 17.3106
17.0000 16.2481
17.0000 16.4619
17.0000 17.4170
17.0000 16.2723
17.0000 16.2752
17.0000 15.8957
17.0000 17.1492
17.0000 15.3591
17.0000 17.2069
17.0000 16.6437
17.0000 15.9988
17.0000 17.0943
17.0000 16.7836
17.0000 17.0851
17.0000 17.5937
17.0000 16.1939
17.0000 16.8929
17.0000 15.5789
17.0000 15.4268
17.0000 17.1140
17.0000 15.9424
17.0000 16.3227
17.0000 17.7673
17.0000 17.1539
17.0000 16.3903
17.0000 17.2276
17.0000 16.1705
17.0000 16.7114
17.0000 17.4092
17.0000 16.1437
17.0000 16.5247
17.0000 17.1216
17.0000 16.7091
17.0000 15.7431
17.0000 16.7790
17.0000 16.1905
17.0000 16.7651
17.0000 17.2408
17.0000 17.7476
17.0000 16.3898
17.0000 16.7436
17.0000 17.4433
17.0000 15.9612
17.0000 16.2085
17.0000 17.1289
17.0000 16.3914
17.0000 17.1115
17.0000 16.0763
17.0000 17.1210
17.0000 15.8832
17.0000 15.7889
17.0000 17.4702
17.0000 16.9276
17.0000 16.5378
17.0000 16.5336
17.0000 16.0015
17.0000 17.2662
17.0000 16.9557
17.0000 16.9191
17.0000 15.9036
17.0000 16.9541
17.0000 16.8797
17.0000 15.8777
17.0000 16.9438
17.0000 17.1776
17.0000 16.6785
17.0000 16.5584
17.0000 16.6367
17.0000 16.2334
17.0000 16.2899
17.0000 15.4533
17.0000 16.5756
17.0000 16.9603
17.0000 17.2476
17.0000 16.4526
17.0000 16.5332
17.0000 17.2823
17.0000 17.0180
17.0000 16.5526
17.0000 17.3254
17.0000 16.0114
17.0000 16.1576
17.0000 16.7243
17.0000 16.6121
17.0000 15.9533
17.0000 16.4885
17.0000 16.5839
17.0000 16.0285
17.0000 15.5156
17.0000 17.2313
17.0000 16.1735
17.0000 16.6251
17.0000 17.5171
17.0000 16.8328
17.0000 17.5601
17.0000 16.7466
17.0000 16.3698
17.0000 16.9031
17.0000 17.0639
17.0000 16.8412
17.0000 17.4613
17.0000 16.8845
17.0000 16.9833
17.0000 17.2352
17.0000 16.8002
17.0000 16.5177
17.0000 16.9998
17.0000 16.9025
17.0000 16.4262
17.0000 16.6616
17.0000 17.5788
17.0000 16.6586
17.0000 16.2050
17.0000 17.0362
17.0000 16.7540
17.0000 15.6145
17.0000 16.8963
17.0000 16.9731
17.0000 16.8359
17.0000 16.8898
17.0000 16.8483
17.0000 16.6797
17.0000 16.7117
17.0000 17.3627
17.0000 17.1733
17.0000 16.9492
17.0000 17.2602
17.0000 16.9629
17.0000 16.9008
17.0000 17.2938
17.0000 16.8169
17.0000 16.7516
17.0000 17.3407
17.0000 16.9136
17.0000 16.8815
17.0000 18.1385
17.0000 16.8733
17.0000 17.5801
17.0000 16.0987
17.0000 16.2217
17.0000 16.3419
17.0000 16.6585
17.0000 17.4543
17.0000 17.1427
17.0000 16.5825
17.0000 17.2364
17.0000 17.1503
17.0000 16.1804
17.0000 17.0170
17.0000 17.1879
17.0000 16.4694
17.0000 17.0783
17.0000 17.0231
17.0000 16.4834
17.0000 16.6194
17.0000 17.8200
17.0000 15.7164
17.0000 16.6736
17.0000 15.9855
17.0000 17.1871
17.0000 17.3566
17.0000 17.0493
17.0000 16.3865
17.0000 16.6862
17.0000 17.1033
17.0000 16.4141
17.0000 16.1455
17.0000 16.4448
17.0000 17.6905
17.0000 16.2637
17.0000 16.6644
17.0000 16.9235
17.0000 16.9153
17.0000 16.3309
17.0000 16.5614
17.0000 17.9986
17.0000 16.3883
17.0000 16.6679
17.0000 17.1067
17.0000 17.1655
17.0000 17.2831
17.0000 17.2332
17.0000 16.7813
17.0000 16.6805
17.0000 17.0199
17.0000 18.2206
17.0000 15.8414
17.0000 16.7613
17.0000 16.7556
17.0000 16.6238
17.0000 16.5707
17.0000 16.4760
17.0000 15.8272
17.0000 16.1893
17.0000 16.7714
17.0000 16.8938
17.0000 17.4696
17.0000 16.4723
17.0000 16.4349
17.0000 16.1628
17.0000 16.4401
17.0000 16.4894
17.0000 17.0794
17.0000 16.0314
17.0000 16.6018
17.0000 16.1797
17.0000 16.8700
17.0000 17.6011
17.0000 17.1003
17.0000 17.2373
17.0000 16.8295
17.0000 15.6518
17.0000 17.5429
17.0000 16.9165
17.0000 17.4306
17.0000 15.6325
17.0000 17.2999
17.0000 17.1389
17.0000 16.9245
17.0000 16.7246
17.0000 17.1576
17.0000 15.9312
17.0000 17.0610
17.0000 16.9967
17.0000 16.6239
17.0000 17.1462
17.0000 16.1463
17.0000 17.2098
17.0000 17.1333
17.0000 16.3703
17.0000 16.8172
17.0000 16.3201
17.0000 17.0908
17.0000 16.3651
17.0000 16.8956
17.0000 17.5532
17.0000 16.4313
17.0000 16.8789
17.0000 17.2856
17.0000 17.7839
17.0000 16.3842
17.0000 16.1964
17.0000 16.6541
17.0000 16.3467
17.0000 16.6926
17.0000 16.3240
17.0000 16.2458
17.0000 16.2216
17.0000 16.3009
17.0000 16.5911
17.0000 16.8966
17.0000 15.5839
17.0000 16.6228
17.0000 16.8375
17.0000 17.3152
17.0000 16.2677
17.0000 16.5787
17.0000 16.2695
17.0000 16.4366
17.0000 17.1950
17.0000 16.6807
17.0000 17.4815
17.0000 16.4183
17.0000 16.6630
17.0000 16.9710
17.0000 16.6289
17.0000 17.0096
17.0000 16.7985
17.0000 15.4124
17.0000 16.0809
17.0000 17.4757
17.0000 16.0632
17.0000 16.8398
17.0000 17.1255
17.0000 17.3422
17.0000 16.7847
17.0000 16.4368
17.0000 17.3641
17.0000 16.1642
17.0000 15.8809
17.0000 16.6079
17.0000 16.2433
17.0000 17.5955
17.0000 15.6724
17.0000 17.7729
17.0000 16.2703
17.0000 16.3587
17.0000 17.4270
17.0000 17.8507
17.0000 16.7893
17.0000 16.8514
17.0000 17.0213
17.0000 16.7597
17.0000 17.1777
17.0000 15.6498
17.0000 16.3477
17.0000 16.7650
17.0000 16.5462
17.0000 16.3330
17.0000 17.2705
17.0000 16.9904
17.0000 16.7211
17.0000 17.2301
17.0000 17.6213
17.0000 16.2476
17.0000 17.0058
17.0000 17.5294
17.0000 16.0938
17.0000 16.2532
17.0000 16.2209
17.0000 16.2091
17.0000 16.7738
17.0000 17.4208
17.0000 17.0564
17.0000 16.8074
17.0000 17.2996
17.0000 17.1444
17.0000 17.6042
17.0000 16.5574
17.0000 17.1421
17.0000 16.4708
17.0000 16.4348
17.0000 16.0563
17.0000 16.3413
17.0000 17.2293
17.0000 17.1578
17.0000 17.1870
17.0000 16.7826
17.0000 16.7923
17.0000 16.5109
17.0000 16.7850
17.0000 16.8853
17.0000 17.5680
17.0000 16.6603
17.0000 16.4689
17.0000 16.0583
17.0000 17.2298
17.0000 17.7542
17.0000 16.6627
17.0000 15.5685
17.0000 16.0753
17.0000 16.7379
17.0000 17.1916
17.0000 17.0681
17.0000 16.6551
17.0000 17.3733
17.0000 16.8114
17.0000 16.7285
17.0000 17.0388
17.0000 16.7017
17.0000 17.5350
17.0000 16.1591
17.0000 15.6124
17.0000 16.5489
17.0000 16.4460
17.0000 16.2664
17.0000 17.4598
17.0000 15.1956
17.0000 17.5877
17.0000 17.2352
17.0000 16.5167
17.0000 16.4883
17.0000 16.8219
17.0000 16.2340
17.0000 15.5598
17.0000 17.3131
17.0000 16.1421
17.0000 15.7557
17.0000 16.6088
17.0000 16.3305
17.0000 16.8071
17.0000 17.4913
17.0000 16.7536
17.0000 15.7249
17.0000 17.0577
17.0000 16.5061
17.0000 16.7810
17.0000 16.2943
17.0000 17.2577
17.0000 16.4907
17.0000 17.2419
17.0000 16.2761
17.0000 17.7424
17.0000 15.6818
17.0000 16.1741
17.0000 17.2610
17.0000 16.4437
17.0000 16.4590
17.0000 16.7590
17.0000 16.2372
17.0000 16.9480
17.0000 15.2613
17.0000 16.2813
17.0000 17.2531
17.0000 16.6149
17.0000 16.2397
17.0000 16.2595
17.0000 16.4959
17.0000 16.9338
17.0000 16.7624
17.0000 17.2752
17.0000 17.2592
17.0000 16.6953
17.0000 17.4277
17.0000 16.4781
17.0000 17.0859
17.0000 16.4719
17.0000 16.5162
17.0000 16.8366
17.0000 16.9615
17.0000 16.0067
17.0000 17.1211
17.0000 15.9440
17.0000 17.7686
17.0000 16.2757
17.0000 16.8709
17.0000 15.7424
17.0000 17.1368
17.0000 17.3217
17.0000 16.3124
17.0000 16.5319
17.0000 16.0839
17.0000 16.1086
17.0000 17.8637
17.0000 17.1848
17.0000 16.0658
17.0000 17.3917
17.0000 16.9194
17.0000 16.8669
17.0000 17.7531
17.0000 16.8692
17.0000 17.0800
17.0000 16.2105
17.0000 16.0087
17.0000 16.5763
17.0000 17.5020
17.0000 17.1125
17.0000 16.0673
17.0000 16.6924
17.0000 16.6462
17.0000 16.8166
17.0000 17.4568
17.0000 15.5218
17.0000 16.7638
17.0000 16.6581
17.0000 16.1178
17.0000 16.5379
17.0000 15.9593
17.0000 16.7649
17.0000 16.2083
17.0000 18.1942
17.0000 16.4275
17.0000 16.9584
17.0000 17.4626
17.0000 17.2293
17.0000 16.8493
17.0000 17.5543
17.0000 17.4723
17.0000 16.7953
17.0000 17.2352
17.0000 17.2893
17.0000 16.4423
17.0000 16.5412
17.0000 16.3685
17.0000 16.7439
17.0000 15.5092
17.0000 16.9860
17.0000 16.5103
17.0000 16.9780
17.0000 16.6671
17.0000 16.3693
17.0000 17.0791
17.0000 17.3190
17.0000 16.7905
17.0000 16.2325
17.0000 18.0747
17.0000 17.4764
17.0000 16.8030
17.0000 17.0273
17.0000 17.7320
17.0000 16.4675
17.0000 15.7663
17.0000 16.2059
17.0000 16.2030
17.0000 16.7273
17.0000 17.1418
17.0000 16.4295
17.0000 16.9847
17.0000 17.0369
17.0000 15.2440
17.0000 16.0647
17.0000 16.7267
17.0000 16.2395
17.0000 16.8105
17.0000 17.1028
17.0000 16.4404
17.0000 17.7875
17.0000 16.9420
17.0000 16.4227
17.0000 15.9937
17.0000 15.5454
17.0000 17.2745
17.0000 17.0557
17.0000 16.9946
17.0000 17.0595
17.0000 16.2692
17.0000 16.4946
17.0000 17.6564
17.0000 16.6114
17.0000 17.5284
17.0000 17.0362
17.0000 17.3612
17.0000 17.1402
17.0000 16.7768
17.0000 16.6567
17.0000 17.1320
17.0000 17.1795
17.0000 17.1478
17.0000 16.6037
17.0000 16.8131
17.0000 17.2741
17.0000 15.8991
17.0000 17.2351
17.0000 16.0316
17.0000 16.5086
17.0000 16.9016
17.0000 16.3738
17.0000 15.9680
17.0000 17.2052
17.0000 15.6835
17.0000 17.3312
17.0000 17.1898
17.0000 17.5020
17.0000 16.9407
17.0000 16.7667
17.0000 17.1298
17.0000 17.7600
17.0000 17.1834
17.0000 17.0839
17.0000 17.2311
17.0000 16.6711
17.0000 17.1560
17.0000 16.0161
17.0000 16.9713
17.0000 16.8995
17.0000 16.8765
17.0000 16.8203
17.0000 17.3248
17.0000 16.7326
17.0000 17.2588
17.0000 16.6035
17.0000 16.3131
17.0000 16.2404
17.0000 16.3118
17.0000 16.5571
17.0000 17.6717
17.0000 17.1887
17.0000 16.1222
17.0000 16.6774
17.0000 16.8983
17.0000 16.8765
17.0000 16.8575
17.0000 15.9293
17.0000 16.9705
17.0000 15.7903
17.0000 15.8245
17.0000 16.2675
17.0000 17.2906
17.0000 16.8073
17.0000 16.6202
17.0000 16.8238
17.0000 16.9193
17.0000 17.1816
17.0000 16.2625
17.0000 16.9063
17.0000 17.0018
17.0000 17.0219
17.0000 16.9540
17.0000 16.3600
17.0000 17.1501
17.0000 16.1406
17.0000 17.1164
17.0000 16.5408
17.0000 17.4488
17.0000 16.8419
17.0000 16.0086
17.0000 16.3783
17.0000 17.1879
17.0000 16.4558
17.0000 17.3578
17.0000 16.8549
17.0000 16.9925
17.0000 16.5211
17.0000 16.1726
17.0000 16.0338
17.0000 17.5793
17.0000 17.3401
17.0000 16.9815
17.0000 16.6978
17.0000 17.6586
17.0000 16.2683
17.0000 16.8712
17.0000 16.7466
17.0000 16.4191
17.0000 16.8292
17.0000 17.1389
17.0000 17.0252
17.0000 17.0247
17.0000 16.7868
17.0000 16.5533
17.0000 17.4254
17.0000 15.9547
17.0000 16.2283
17.0000 16.9099
17.0000 16.8743
17.0000 16.9080
17.0000 16.1217
17.0000 15.9941
17.0000 16.9571
17.0000 14.8810
17.0000 16.2776
17.0000 18.1023
17.0000 16.4548
17.0000 16.2823
17.0000 16.6582
17.0000 17.1612
17.0000 16.6915
17.0000 16.1254
17.0000 16.1262
17.0000 16.5371
17.0000 16.6639
17.0000 16.0008
17.0000 16.5363
17.0000 17.3214
17.0000 16.2529
17.0000 16.4797
17.0000 16.6551
17.0000 17.3656
17.0000 16.1565
17.0000 16.1681
17.0000 15.9999
17.0000 17.4037
17.0000 16.5758
17.0000 16.5388
17.0000 17.4266
17.0000 16.9501
17.0000 16.5720
17.0000 16.1528
17.0000 15.6279
17.0000 16.4196
17.0000 16.4101
17.0000 16.7177
17.0000 16.2892
17.0000 17.4822
17.0000 16.4517
17.0000 16.3970
17.0000 16.8527
17.0000 16.6388
17.0000 17.0900
17.0000 16.9240
17.0000 16.5776
17.0000 16.9278
17.0000 16.4941
17.0000 16.9133
17.0000 17.4087
17.0000 16.3624
17.0000 15.9144
17.0000 17.2628
17.0000 17.8037
17.0000 17.1544
17.0000 17.1317
17.0000 15.8756
17.0000 17.0244
17.0000 16.6163
17.0000 16.0195
17.0000 16.8022
17.0000 16.6568
17.0000 17.0973
17.0000 15.7558
17.0000 17.6103
17.0000 17.1525
17.0000 17.4914
17.0000 17.2834
17.0000 16.9819
17.0000 16.8898
17.0000 17.0073
17.0000 17.5376
17.0000 15.7943
17.0000 16.4712
17.0000 16.8292
17.0000 15.7501
17.0000 17.5804
17.0000 16.3856
17.0000 17.7035
17.0000 16.5140
17.0000 16.5969
17.0000 16.2460
17.0000 16.8439
17.0000 16.6291
17.0000 17.2967
17.0000 15.9196
17.0000 17.0828
17.0000 16.3639
17.0000 16.6135
17.0000 16.1832
17.0000 16.7039
17.0000 16.6541
17.0000 17.8400
17.0000 16.8708
17.0000 16.6118
17.0000 17.0451
17.0000 17.1224
17.0000 16.5145
17.0000 15.6835
17.0000 16.4672
17.0000 16.3028
17.0000 16.2676
17.0000 16.5581
17.0000 16.3085
17.0000 16.3555
17.0000 15.5224
17.0000 17.0150
17.0000 17.3143
17.0000 17.4404
17.0000 15.9015
17.0000 16.8810
17.0000 16.3856
17.0000 16.9925
17.0000 17.0482
17.0000 16.0205
17.0000 17.2117
17.0000 17.6927
17.0000 16.7723
17.0000 16.2623
17.0000 16.8840
17.0000 16.4470
17.0000 16.6012
17.0000 16.5894
17.0000 16.5504
17.0000 16.2379
17.0000 16.4299
17.0000 17.2507
17.0000 16.3470
17.0000 17.1699
17.0000 17.3631
17.0000 16.7490
17.0000 16.6584
17.0000 16.9047
17.0000 16.6328
17.0000 16.7066
17.0000 16.6740
17.0000 16.9826
17.0000 16.8028
17.0000 16.7101
17.0000 17.4673
17.0000 16.2333
17.0000 16.2940
17.0000 17.7112
17.0000 16.8993
17.0000 18.1861
17.0000 17.0429
17.0000 17.0842
17.0000 17.4194
17.0000 16.8639
17.0000 16.6871
17.0000 16.6001
17.0000 17.0553
17.0000 17.0656
17.0000 16.8257
17.0000 17.0793
17.0000 16.8565
17.0000 18.0133
17.0000 16.7951
17.0000 16.1594
17.0000 17.2631
17.0000 16.5667
17.0000 17.3109
17.0000 16.8407
17.0000 17.4727
17.0000 16.8602
17.0000 16.7795
17.0000 16.2948
17.0000 16.4989
17.0000 16.3606
17.0000 16.6033
17.0000 16.8273
17.0000 17.2105
17.0000 16.0010
17.0000 16.7909
17.0000 16.1678
17.0000 16.4558
17.0000 15.7583
17.0000 16.9903
17.0000 16.3911
17.0000 17.9368
17.0000 17.0394
17.0000 16.4623
17.0000 17.3006
17.0000 17.1686
17.0000 17.1018
17.0000 16.9971
17.0000 16.5901
17.0000 16.6982
17.0000 16.6318
17.0000 17.1845
17.0000 16.6743
17.0000 17.3431
17.0000 17.4133
17.0000 16.3073
17.0000 15.8653
17.0000 17.3070
17.0000 16.6708
17.0000 17.4136
17.0000 16.4810
17.0000 16.8454
17.0000 16.3651
17.0000 15.6287
17.0000 16.6037
17.0000 16.7222
17.0000 17.1302
17.0000 15.5864
17.0000 16.9441
17.0000 16.2009
17.0000 15.6818
17.0000 17.8203
17.0000 17.3046
17.0000 17.1520
17.0000 16.7562
17.0000 16.6027
17.0000 15.4285
17.0000 16.6455
17.0000 16.3851
17.0000 15.7673
17.0000 16.9434
17.0000 17.7013
17.0000 17.0782
17.0000 16.7481
17.0000 17.2671
17.0000 16.6208
17.0000 16.8085
17.0000 15.3440
17.0000 16.9418
17.0000 16.2991
17.0000 17.4520
17.0000 16.8245
17.0000 17.0414
17.0000 16.8931
17.0000 17.3814
17.0000 17.2619
17.0000 16.8518
17.0000 15.9708
17.0000 17.2973
17.0000 16.6467
17.0000 15.5144
17.0000 16.5856
17.0000 16.7572
17.0000 17.6722
17.0000 17.0861
17.0000 16.6976
17.0000 16.6194
17.0000 16.5441
17.0000 16.5352
17.0000 15.9739
17.0000 16.1824
17.0000 16.4908
17.0000 17.2451
17.0000 17.4897
17.0000 16.4576
17.0000 15.6654
17.0000 16.9843
17.0000 16.6037
17.0000 16.1128
17.0000 17.3182
17.0000 17.0788
17.0000 16.9802
17.0000 16.9708
17.0000 16.5271
17.0000 17.3983
17.0000 16.3168
17.0000 16.9145
17.0000 17.0393
17.0000 16.5414
17.0000 16.5614
17.0000 16.8228
17.0000 17.3362
17.0000 17.5201
17.0000 15.6774
17.0000 17.1306
17.0000 17.1197
17.0000 16.9297
17.0000 16.9274
17.0000 17.1120
17.0000 16.1698
17.0000 15.3527
17.0000 16.6511
17.0000 16.1293
17.0000 16.4392
17.0000 15.9282
17.0000 16.9320
17.0000 16.8260
17.0000 15.8907
17.0000 16.8227
17.0000 16.5386
17.0000 16.9801
17.0000 17.2649
17.0000 16.7154
17.0000 17.3255
17.0000 16.1215
17.0000 16.6124
17.0000 16.2242
17.0000 17.0966
17.0000 16.6044
17.0000 16.6213
17.0000 15.9746
17.0000 16.4904
17.0000 16.1239
17.0000 16.9380
17.0000 16.4996
17.0000 17.0267
17.0000 16.3863
17.0000 15.9805
17.0000 16.0723
17.0000 17.1277
17.0000 17.3385
17.0000 16.4179
17.0000 17.1067
17.0000 15.5952
17.0000 16.1952
17.0000 16.0196
17.0000 16.4455
17.0000 17.4566
17.0000 16.5028
17.0000 17.1131
17.0000 17.0269
17.0000 17.3108
17.0000 17.0403
17.0000 16.1130
17.0000 16.4757
17.0000 18.1494
17.0000 16.8460
17.0000 16.3147
17.0000 17.0064
17.0000 17.2179
17.0000 16.1238
17.0000 17.3296
17.0000 17.6401
17.0000 17.7899
17.0000 16.1532
17.0000 17.0729
17.0000 16.6414
17.0000 17.5267
17.0000 17.1360
17.0000 17.0263
17.0000 17.2728
17.0000 16.4414
17.0000 16.8073
17.0000 16.2927
17.0000 17.4576
17.0000 16.8902
17.0000 17.5339
17.0000 17.3024
17.0000 15.7868
17.0000 16.9678
17.0000 16.2451
17.0000 16.4613
17.0000 17.1376
17.0000 16.7113
17.0000 17.4429
17.0000 16.0842
17.0000 15.5377
17.0000 17.0321
17.0000 17.0229
17.0000 16.1030
17.0000 15.5108
17.0000 15.9670
17.0000 16.5806
17.0000 17.3417
17.0000 16.4716
17.0000 16.5259
17.0000 17.2306
17.0000 17.1430
17.0000 15.2375
17.0000 16.5550
17.0000 16.4046
17.0000 17.7391
17.0000 16.6857
17.0000 17.0629
17.0000 16.4709
17.0000 17.2833
17.0000 16.9785
17.0000 16.5811
17.0000 15.9285
17.0000 15.9389
17.0000 17.3272
17.0000 16.4082
17.0000 16.3946
17.0000 16.9004
17.0000 16.7886
17.0000 16.3794
17.0000 17.1555
17.0000 17.4524
17.0000 16.7897
17.0000 16.1751
17.0000 15.7881
17.0000 15.9189
17.0000 16.3750
17.0000 15.9774
17.0000 17.3717
17.0000 17.2394
17.0000 17.4911
17.0000 16.6859
17.0000 16.5773
17.0000 15.8173
17.0000 16.2601
17.0000 17.0882
17.0000 17.2515
17.0000 16.8792
17.0000 16.1648
17.0000 16.9778
17.0000 16.8098
17.0000 16.4029
17.0000 16.6222
17.0000 16.4282
17.0000 16.4459
17.0000 17.2689
17.0000 17.0371
17.0000 16.4869
17.0000 17.6903
17.0000 16.7322
17.0000 17.5574
17.0000 16.8364
17.0000 16.3086
17.0000 17.3424
17.0000 17.6058
17.0000 15.7608
17.0000 16.1930
17.0000 16.8294
17.0000 17.3948
17.0000 16.4779
17.0000 15.9643
17.0000 16.4853
17.0000 17.0526
17.0000 16.7686
17.0000 17.4120
17.0000 17.1192
17.0000 17.5070
17.0000 16.3584
17.0000 16.7617
17.0000 15.9016
17.0000 16.7878
17.0000 17.7204
17.0000 17.0541
17.0000 17.2763
17.0000 17.4467
17.0000 16.1421
17.0000 15.6510
17.0000 16.4390
17.0000 17.8212
17.0000 15.1930
17.0000 16.5979
17.0000 17.2334
17.0000 17.6714
17.0000 16.6931
17.0000 17.5346
17.0000 16.9428
17.0000 16.8248
17.0000 16.9163
17.0000 16.9917
17.0000 16.7263
17.0000 16.3219
17.0000 16.2540
17.0000 16.8417
17.0000 15.5318
17.0000 16.5099
17.0000 17.5062
17.0000 16.3979
17.0000 17.1280
17.0000 16.2085
17.0000 17.2841
17.0000 15.8585
17.0000 16.9576
17.0000 16.7862
17.0000 15.7856
17.0000 16.8262
17.0000 16.0075
17.0000 16.4238
17.0000 16.2563
17.0000 16.3832
17.0000 16.8301
17.0000 16.1106
17.0000 17.6521
17.0000 16.5918
17.0000 16.4367
17.0000 16.5393
17.0000 17.7447
17.0000 17.3401
17.0000 15.9468
17.0000 15.4495
17.0000 16.7631
17.0000 16.6868
17.0000 16.0798
17.0000 17.2886
17.0000 17.6622
17.0000 16.7703
17.0000 18.4178
17.0000 17.9398
17.0000 16.8646
17.0000 17.3553
17.0000 17.5134
17.0000 16.8788
17.0000 16.9048
17.0000 16.4262
17.0000 16.3304
17.0000 16.4388
17.0000 17.1530
17.0000 16.8538
17.0000 16.1975
17.0000 15.8730
17.0000 16.6262
17.0000 16.3918
17.0000 17.2479
17.0000 16.2051
17.0000 16.4517
17.0000 16.8012
17.0000 16.3958
17.0000 17.0420
17.0000 16.9073
17.0000 16.1865
17.0000 16.8953
17.0000 17.1682
17.0000 17.0140
17.0000 16.5645
17.0000 16.7279
17.0000 15.6143
17.0000 16.2649
17.0000 16.9202
17.0000 17.5464
17.0000 16.6779
17.0000 17.3182
17.0000 17.7659
17.0000 16.4149
17.0000 17.4787
17.0000 16.5688
17.0000 17.6933
17.0000 16.7759
17.0000 17.1925
17.0000 15.9409
17.0000 18.1576
17.0000 16.9133
17.0000 17.1460
17.0000 17.1084
17.0000 17.4601
17.0000 17.4725
17.0000 16.3643
17.0000 16.8155
17.0000 15.4225
17.0000 16.4983
17.0000 16.7727
17.0000 17.2447
17.0000 16.7886
17.0000 16.7630
17.0000 15.5781
17.0000 17.1261
17.0000 17.9025
17.0000 16.9690
17.0000 16.2267
17.0000 17.2628
17.0000 16.2111
17.0000 15.9238
17.0000 16.1257
17.0000 15.8525
17.0000 17.4848
17.0000 16.7111
17.0000 16.8018
17.0000 16.0079
17.0000 16.6839
17.0000 17.4459
17.0000 16.6597
17.0000 16.2684
17.0000 16.6274
17.0000 16.9128
17.0000 16.5393
17.0000 16.6188
17.0000 18.0992
17.0000 17.0828
17.0000 16.3024
17.0000 16.8158
17.0000 15.8083
17.0000 16.5065
17.0000 17.3265
17.0000 16.5007
17.0000 15.7465
17.0000 16.5485
17.0000 17.4866
17.0000 16.1249
17.0000 16.9802
17.0000 17.0846
17.0000 15.9855
17.0000 16.7425
17.0000 17.2035
17.0000 16.7250
17.0000 16.9582
17.0000 17.9798
17.0000 16.4291
17.0000 17.2590
17.0000 16.9884
17.0000 16.5797
17.0000 17.3975
17.0000 17.0319
17.0000 15.7432
17.0000 17.2549
17.0000 15.9480
17.0000 16.4986
17.0000 17.1780
17.0000 17.0311
17.0000 16.7786
17.0000 16.9624
17.0000 15.7267
17.0000 16.2875
17.0000 15.9950
17.0000 17.0792
17.0000 16.4778
17.0000 17.2129
17.0000 16.3022
17.0000 16.9907
17.0000 17.5618
17.0000 16.3117
17.0000 17.0782
17.0000 17.0199
17.0000 16.3885
17.0000 16.9147
17.0000 16.5324
17.0000 16.3411
17.0000 17.2045
17.0000 17.0946
17.0000 16.3449
17.0000 16.6446
17.0000 16.5158
17.0000 16.5819
17.0000 15.9482
17.0000 16.8093
17.0000 16.8772
17.0000 16.9637
17.0000 17.8715
17.0000 16.4529
17.0000 17.4564
17.0000 16.6990
17.0000 16.3182
17.0000 16.8408
17.0000 17.2139
17.0000 16.0751
17.0000 17.4001
17.0000 17.0997
17.0000 16.1584
17.0000 15.4884
17.0000 17.0954
17.0000 16.2303
17.0000 17.4798
17.0000 16.8503
17.0000 16.5421
17.0000 16.5281
17.0000 16.2309
17.0000 16.6099
17.0000 16.4716
17.0000 16.8832
17.0000 16.4806
17.0000 16.7910
17.0000 16.7489
17.0000 17.0327
17.0000 16.5959
17.0000 16.4269
17.0000 17.3360
17.0000 16.4282
17.0000 17.2852
17.0000 17.5201
17.0000 16.9221
17.0000 17.1011
17.0000 16.6864
17.0000 16.3527
17.0000 16.8159
17.0000 17.2107
17.0000 17.3700
17.0000 16.5479
17.0000 16.8860
17.0000 16.2985
17.0000 16.6049
17.0000 17.3119
17.0000 16.8944
17.0000 15.7434
17.0000 17.4933
17.0000 17.0598
17.0000 16.0965
17.0000 16.5464
17.0000 16.9531
17.0000 16.4413
17.0000 16.4824
17.0000 16.5907
17.0000 16.9516
17.0000 16.7650
17.0000 16.2756
17.0000 16.6312
17.0000 17.1113
17.0000 16.5442
17.0000 16.7200
17.0000 16.5541
17.0000 17.6363
17.0000 17.9476
17.0000 16.1220
17.0000 16.6680
17.0000 16.8723
17.0000 16.0618
17.0000 15.8654
17.0000 16.9790
17.0000 16.9804
17.0000 16.4667
17.0000 16.5184
17.0000 16.6922
17.0000 17.3090
17.0000 16.2292
17.0000 16.9523
17.0000 17.2292
17.0000 16.6004
17.0000 16.2813
17.0000 17.1980
17.0000 16.8495
17.0000 16.5612
17.0000 16.8690
17.0000 16.4961
17.0000 15.8825
17.0000 17.4054
17.0000 17.5109
17.0000 16.3706
17.0000 16.7368
17.0000 15.5046
17.0000 17.1378
17.0000 16.0465
17.0000 15.7778
17.0000 16.5297
17.0000 16.8339
17.0000 16.9137
17.0000 17.0340
17.0000 16.3008
17.0000 16.8675
17.0000 17.0162
17.0000 15.9051
17.0000 16.2942
17.0000 16.5378
17.0000 16.3198
17.0000 16.7865
17.0000 16.9223
17.0000 16.5695
17.0000 16.3936
17.0000 15.9384
17.0000 16.6389
17.0000 16.9928
17.0000 16.0600
17.0000 17.1228
17.0000 16.9224
17.0000 15.8578
17.0000 16.8200
17.0000 16.8586
17.0000 16.8583
17.0000 17.2568
17.0000 16.4014
17.0000 16.7185
17.0000 16.1373
17.0000 16.7159
17.0000 16.4077
17.0000 16.0263
17.0000 16.6856
17.0000 17.0269
17.0000 16.8970
17.0000 16.2413
17.0000 16.7402
17.0000 16.9781
17.0000 17.0735
17.0000 16.8504
17.0000 15.8916
17.0000 16.5130
17.0000 17.3809
17.0000 17.0171
17.0000 17.2257
17.0000 16.6075
17.0000 16.9389
17.0000 17.3098
17.0000 16.8468
17.0000 16.4404
17.0000 17.1327
17.0000 16.7493
17.0000 16.3660
17.0000 16.5408
17.0000 15.8921
17.0000 17.1064
17.0000 17.0273
17.0000 16.7108
17.0000 16.4184
17.0000 16.2309
17.0000 16.2487
17.0000 16.6507
17.0000 16.5357
17.0000 17.3998
17.0000 16.2498
17.0000 16.6702
17.0000 16.4288
17.0000 16.8457
17.0000 17.0278
17.0000 17.0009
17.0000 16.6045
17.0000 16.1136
17.0000 16.7384
17.0000 16.3084
17.0000 16.7716
17.0000 17.4802
17.0000 16.0956
17.0000 17.1676
17.0000 17.3822
17.0000 17.4102
17.0000 16.9809
17.0000 17.1892
17.0000 17.1220
17.0000 16.3736
17.0000 17.0363
17.0000 16.1824
17.0000 17.5669
17.0000 16.8921
17.0000 16.7854
17.0000 17.2684
17.0000 16.8743
17.0000 17.1197
17.0000 17.2495
17.0000 16.4001
17.0000 16.7718
17.0000 17.3696
17.0000 15.9832
17.0000 16.2481
17.0000 16.2866
17.0000 16.8072
17.0000 16.7156
17.0000 16.0246
17.0000 16.2210
17.0000 16.3248
17.0000 17.1138
17.0000 17.2211
17.0000 16.7318
17.0000 16.8296
17.0000 16.8134
17.0000 16.3234
17.0000 16.2249
17.0000 16.4195
17.0000 16.3491
17.0000 17.0578
17.0000 16.4548
17.0000 16.6574
17.0000 16.4200
17.0000 16.8325
17.0000 16.1617
17.0000 17.2012
17.0000 15.7546
17.0000 15.4944
17.0000 16.6578
17.0000 16.2507
17.0000 16.7427
17.0000 16.0401
17.0000 16.4055
17.0000 17.5753
17.0000 17.0520
17.0000 15.8059
17.0000 16.7082
17.0000 16.1227
17.0000 16.5885
17.0000 16.5114
17.0000 17.0382
17.0000 16.0711
17.0000 16.2915
17.0000 16.3779
17.0000 15.1903
17.0000 16.9463
17.0000 16.5710
17.0000 16.9314
17.0000 16.3332
17.0000 16.8004
17.0000 15.9134
17.0000 16.5679
17.0000 16.2441
17.0000 16.4846
17.0000 16.1236
17.0000 15.8693
17.0000 16.8566
17.0000 16.8031
17.0000 16.7621
17.0000 16.4474
17.0000 17.1877
17.0000 16.7978
17.0000 16.8428
17.0000 17.6630
17.0000 16.1688
17.0000 16.7631
17.0000 16.0508
17.0000 17.1818
17.0000 16.7381
17.0000 16.6731
17.0000 17.0422
17.0000 16.3588
17.0000 16.4278
17.0000 17.7447
17.0000 16.4172
17.0000 16.1469
17.0000 16.9291
17.0000 16.5269
17.0000 17.6119
17.0000 17.6360
17.0000 16.2945
17.0000 17.7439
17.0000 16.9523
17.0000 16.3694
17.0000 16.2047
17.0000 15.4109
17.0000 17.4732
17.0000 17.1404
17.0000 15.9995
17.0000 16.2699
17.0000 17.6052
17.0000 16.6538
17.0000 16.7472
17.0000 16.4592
17.0000 17.7094
17.0000 17.5903
17.0000 16.2294
17.0000 16.8204
17.0000 17.3624
17.0000 16.6316
17.0000 16.5399
17.0000 15.6888
17.0000 16.3552
17.0000 14.8881
17.0000 16.5857
17.0000 17.2551
17.0000 17.7514
17.0000 17.0982
17.0000 16.5013
17.0000 17.5812
17.0000 16.8513
17.0000 16.6115
17.0000 16.6768
17.0000 17.4516
17.0000 16.9890
17.0000 17.6141
17.0000 16.6685
17.0000 16.5492
17.0000 16.5157
17.0000 17.4297
17.0000 16.2988
17.0000 16.7983
17.0000 16.9756
17.0000 16.9164
17.0000 16.4791
17.0000 16.0972
17.0000 16.5411
17.0000 16.2946
17.0000 17.2382
17.0000 16.5441
17.0000 16.9264
17.0000 16.6354
17.0000 17.6207
17.0000 16.6583
17.0000 16.6653
17.0000 17.0282
17.0000 17.4750
17.0000 18.5137
17.0000 16.5842
17.0000 16.6786
17.0000 16.9559
17.0000 17.1286
17.0000 16.7381
17.0000 17.1727
17.0000 16.8088
17.0000 16.6642
17.0000 16.4247
17.0000 16.9530
17.0000 16.5164
17.0000 16.7544
17.0000 17.1226
17.0000 17.1662
17.0000 16.0467
17.0000 16.4399
17.0000 16.8867
17.0000 17.2516
17.0000 16.7458
17.0000 17.3332
17.0000 17.0079
17.0000 17.0186
17.0000 17.0925
17.0000 16.6051
17.0000 17.6625
17.0000 17.7136
17.0000 17.3241
17.0000 16.5894
17.0000 16.8311
17.0000 16.6064
17.0000 16.9954
17.0000 17.1426
17.0000 17.1692
17.0000 17.8039
17.0000 16.3450
17.0000 16.6606
17.0000 17.2664
17.0000 16.5228
17.0000 16.6304
17.0000 17.1728
17.0000 16.2025
17.0000 16.5847
17.0000 15.7707
17.0000 17.2589
17.0000 16.0094
17.0000 16.3087
17.0000 16.5039
17.0000 16.5832
17.0000 17.5548
17.0000 16.2620
17.0000 16.4317
17.0000 16.7251
17.0000 17.0812
17.0000 15.8673
17.0000 16.2212
17.0000 17.4704
17.0000 16.3696
17.0000 16.9711
17.0000 17.6438
17.0000 16.8936
17.0000 16.0361
17.0000 16.8259
17.0000 16.9769
17.0000 16.5197
17.0000 16.7106
17.0000 16.6229
17.0000 16.6693
17.0000 16.6242
17.0000 16.9826
17.0000 16.9091
17.0000 16.7338
17.0000 16.9223
17.0000 16.4865
17.0000 16.9889
17.0000 17.1044
17.0000 16.5623
17.0000 17.1228
17.0000 17.3689
17.0000 16.0405
17.0000 15.7085
17.0000 16.7622
17.0000 16.8762
17.0000 16.9973
17.0000 17.0107
17.0000 16.1103
17.0000 17.1010
17.0000 17.3175
17.0000 16.2973
17.0000 16.8011
17.0000 17.3535
17.0000 17.0890
17.0000 16.1083
17.0000 17.4298
17.0000 15.9718
17.0000 16.3044
17.0000 17.3153
17.0000 16.8649
17.0000 17.6514
17.0000 17.5253
17.0000 16.3845
17.0000 16.1411
17.0000 16.8001
17.0000 16.4552
17.0000 17.3292
17.0000 14.4534
17.0000 16.3220
17.0000 15.9688
17.0000 16.5879
17.0000 16.2001
17.0000 17.0522
17.0000 16.1574
17.0000 16.8438
17.0000 17.0556
17.0000 16.5677
17.0000 16.4884
17.0000 16.1390
17.0000 16.2604
17.0000 16.6590
17.0000 16.4084
17.0000 17.2700
17.0000 17.3441
17.0000 16.7543
17.0000 16.8644
17.0000 16.2053
17.0000 16.3184
17.0000 16.2021
17.0000 16.4296
17.0000 16.1166
17.0000 17.3393
17.0000 16.8771
17.0000 16.7552
17.0000 16.9731
17.0000 16.4543
17.0000 17.4033
17.0000 16.9551
17.0000 16.9818
17.0000 16.2709
17.0000 15.8886
17.0000 16.2138
17.0000 16.7688
17.0000 16.8663
17.0000 16.8073
17.0000 17.7269
17.0000 17.2588
17.0000 16.7060
17.0000 16.6698
17.0000 17.0822
17.0000 16.2934
17.0000 16.9048
17.0000 17.5538
17.0000 15.5472
17.0000 16.4274
17.0000 16.6270
17.0000 16.1964
17.0000 17.5498
17.0000 15.6360
17.0000 16.6777
17.0000 16.4820
17.0000 16.2956
17.0000 16.9201
17.0000 17.6718
17.0000 16.0640
17.0000 15.8854
17.0000 17.4759
17.0000 17.2591
17.0000 15.6932
17.0000 15.7769
17.0000 16.4816
17.0000 16.1661
17.0000 16.7297
17.0000 17.3339
17.0000 16.8708
17.0000 16.9758
17.0000 15.5190
17.0000 16.4401
17.0000 17.7830
17.0000 17.5817
17.0000 16.4283
17.0000 16.7512
17.0000 16.4024
17.0000 16.4535
17.0000 17.2310
