19.0000 18.1586
19.0000 18.2565
19.0000 19.8006
19.0000 17.7352
19.0000 18.7028
19.0000 18.3163
19.0000 18.9677
19.0000 19.0354
19.0000 18.6199
19.0000 18.9684
19.0000 18.9570
19.0000 19.5878
19.0000 17.8405
19.0000 19.8910
19.0000 18.7470
19.0000 18.4209
19.0000 18.3090
19.0000 18.1527
19.0000 19.7573
19.0000 19.2993
19.0000 19.3980
19.0000 19.2928
19.0000 18.9537
19.0000 18.4624
19.0000 19.0146
19.0000 19.0568
19.0000 19.2320
19.0000 18.9566
19.0000 18.1396
19.0000 18.7730
19.0000 18.8363
19.0000 18.3809
19.0000 20.3585
19.0000 18.8539
19.0000 18.7096
19.0000 18.3254
19.0000 18.5017
19.0000 18.9541
19.0000 19.3679
19.0000 17.7855
19.0000 17.7372
19.0000 18.7166
19.0000 19.1356
19.0000 18.6694
19.0000 18.3208
19.0000 18.5833
19.0000 18.9617
19.0000 19.3018
19.0000 18.8402
19.0000 17.3920
19.0000 18.3374
19.0000 19.5682
19.0000 18.4736
19.0000 18.6290
19.0000 19.0759
19.0000 18.6888
19.0000 19.1674
19.0000 19.2710
19.0000 19.7569
19.0000 19.0792
19.0000 19.3091
19.0000 18.3839
19.0000 19.4215
19.0000 18.6155
19.0000 19.5452
19.0000 19.0084
19.0000 18.4672
19.0000 19.2062
19.0000 19.4547
19.0000 18.6680
19.0000 19.6857
19.0000 19.3730
19.0000 19.6069
19.0000 18.3870
19.0000 17.9884
19.0000 18.3442
19.0000 17.5762
19.0000 17.4168
19.0000 19.3639
19.0000 18.3954
19.0000 18.1910
19.0000 18.3996
19.0000 18.8610
19.0000 19.1540
19.0000 18.4241
19.0000 18.0627
19.0000 19.4893
19.0000 17.9981
19.0000 18.4852
19.0000 18.7748
19.0000 18.9224
19.0000 18.6363
19.0000 19.3833
19.0000 18.6455
19.0000 18.1414
19.0000 19.7271
19.0000 18.8981
19.0000 18.2347
19.0000 18.8083
19.0000 18.6075
19.0000 19.7467
19.0000 18.9605
19.0000 18.6894
19.0000 19.1888
19.0000 19.1114
19.0000 17.6096
19.0000 19.3954
19.0000 17.5900
19.0000 18.8984
19.0000 18.8655
19.0000 19.5160
19.0000 18.2188
19.0000 17.6616
19.0000 18.6261
19.0000 18.9844
19.0000 17.6935
19.0000 18.6221
19.0000 18.9170
19.0000 18.6756
19.0000 18.7192
19.0000 17.9724
19.0000 18.4612
19.0000 18.1608
19.0000 18.7980
19.0000 18.6340
19.0000 18.5564
19.0000 18.5980
19.0000 18.7638
19.0000 18.5774
19.0000 17.9881
19.0000 19.1371
19.0000 18.4520
19.0000 19.7342
19.0000 17.9589
19.0000 19.3685
19.0000 19.5626
19.0000 19.7618
19.0000 19.0230
19.0000 19.4172
19.0000 18.7602
19.0000 19.2297
19.0000 18.9705
19.0000 19.3311
19.0000 18.7835
19.0000 18.3807
19.0000 19.5767
19.0000 19.3368
19.0000 18.3017
19.0000 18.8140
19.0000 18.2264
19.0000 18.3452
19.0000 17.6183
19.0000 18.5480
19.0000 19.2276
19.0000 17.8647
19.0000 18.2642
19.0000 17.8772
19.0000 18.4796
19.0000 18.6482
19.0000 19.6799
19.0000 18.8904
19.0000 17.8987
19.0000 19.3287
19.0000 19.1145
19.0000 18.3079
19.0000 18.9493
19.0000 18.8596
19.0000 18.6041
19.0000 19.2190
19.0000 18.4319
19.0000 19.9745
19.0000 18.7412
19.0000 18.4288
19.0000 17.8768
19.0000 19.1802
19.0000 18.4702
19.0000 18.3523
19.0000 18.0998
19.0000 18.5371
19.0000 18.7106
19.0000 19.4045
19.0000 18.1237
19.0000 18.1410
19.0000 18.2787
19.0000 18.4664
19.0000 18.3838
19.0000 16.9887
19.0000 18.6842
19.0000 18.0904
19.0000 18.8006
19.0000 18.0255
19.0000 18.4976
19.0000 19.0805
19.0000 18.5858
19.0000 18.5614
19.0000 18.8282
19.0000 18.7484
19.0000 19.2301
19.0000 19.0159
19.0000 18.9006
19.0000 18.5260
19.0000 19.1311
19.0000 18.8040
19.0000 19.5685
19.0000 17.9412
19.0000 18.1358
19.0000 18.5813
19.0000 18.4948
19.0000 18.7769
19.0000 19.5258
19.0000 19.5989
19.0000 17.8481
19.0000 17.7659
19.0000 18.9514
19.0000 18.6559
19.0000 19.2766
19.0000 19.2785
19.0000 19.1935
19.0000 19.6205
19.0000 18.3130
19.0000 18.5287
19.0000 18.4539
19.0000 17.9590
19.0000 18.5334
19.0000 17.7672
19.0000 18.4043
19.0000 19.3480
19.0000 18.9964
19.0000 19.5702
19.0000 18.0020
19.0000 19.0695
19.0000 19.1201
19.0000 18.4585
19.0000 18.9482
19.0000 18.6054
19.0000 18.6718
19.0000 19.2640
19.0000 18.6243
19.0000 17.7028
19.0000 18.4342
19.0000 18.1041
19.0000 18.2389
19.0000 19.4077
19.0000 18.3602
19.0000 18.0639
19.0000 18.5211
19.0000 19.1729
19.0000 18.0454
19.0000 18.9756
19.0000 19.0103
19.0000 18.5665
19.0000 18.7833
19.0000 18.2032
19.0000 18.9112
19.0000 18.0876
19.0000 18.3915
19.0000 17.8529
19.0000 19.3435
19.0000 17.7291
19.0000 18.6585
19.0000 19.0918
19.0000 18.4385
19.0000 19.2911
19.0000 19.1519
19.0000 18.7102
19.0000 19.5650
19.0000 18.4568
19.0000 18.5474
19.0000 19.5827
19.0000 18.3332
19.0000 19.3705
19.0000 18.0966
19.0000 18.2967
19.0000 18.9928
19.0000 18.6177
19.0000 19.3197
19.0000 18.8813
19.0000 17.8661
19.0000 17.8515
19.0000 18.7213
19.0000 19.1340
19.0000 19.0728
19.0000 18.2989
19.0000 18.6311
19.0000 18.9365
19.0000 18.1873
19.0000 18.1093
19.0000 17.7416
19.0000 18.7882
19.0000 17.9676
19.0000 18.2624
19.0000 18.3436
19.0000 18.2270
19.0000 18.9305
19.0000 18.9159
19.0000 19.4567
19.0000 18.9153
19.0000 19.4147
19.0000 18.6603
19.0000 19.1030
19.0000 18.6116
19.0000 18.8877
19.0000 17.9182
19.0000 18.5415
19.0000 18.9213
19.0000 18.9370
19.0000 18.4375
19.0000 19.3215
19.0000 19.0590
19.0000 18.9145
19.0000 19.5506
19.0000 18.4269
19.0000 18.0194
19.0000 18.7377
19.0000 19.4887
19.0000 19.5361
19.0000 18.9118
19.0000 19.1614
19.0000 17.9139
19.0000 18.5789
19.0000 18.2880
19.0000 17.8570
19.0000 18.9147
19.0000 18.9617
19.0000 18.2570
19.0000 19.5417
19.0000 18.5507
19.0000 18.7310
19.0000 18.4110
19.0000 18.6409
19.0000 18.5682
19.0000 18.1715
19.0000 18.4604
19.0000 17.6468
19.0000 19.8187
19.0000 19.4698
19.0000 19.3374
19.0000 18.6382
19.0000 19.0930
19.0000 19.1526
19.0000 18.6615
19.0000 19.1923
19.0000 18.0438
19.0000 18.5652
19.0000 18.4898
19.0000 17.9344
19.0000 18.4621
19.0000 19.3177
19.0000 19.0426
19.0000 18.0510
19.0000 19.5184
19.0000 18.1464
19.0000 18.3160
19.0000 17.6658
19.0000 17.7983
19.0000 18.9457
19.0000 19.5190
19.0000 19.1354
19.0000 18.3979
19.0000 18.4894
19.0000 18.3099
19.0000 18.3401
19.0000 18.8704
19.0000 17.9265
19.0000 18.7951
19.0000 18.6156
19.0000 18.4416
19.0000 19.5118
19.0000 18.8922
19.0000 19.5226
19.0000 18.3160
19.0000 18.9385
19.0000 18.7077
19.0000 19.1384
19.0000 18.6045
19.0000 18.3538
19.0000 18.9664
19.0000 18.8396
19.0000 18.3998
19.0000 19.1069
19.0000 18.1854
19.0000 18.5211
19.0000 19.9184
19.0000 18.9968
19.0000 18.6956
19.0000 17.8333
19.0000 17.9918
19.0000 18.8355
19.0000 18.9845
19.0000 18.8319
19.0000 18.2868
19.0000 19.9407
19.0000 18.9257
19.0000 19.8590
19.0000 17.1443
19.0000 19.3951
19.0000 18.5855
19.0000 18.9172
19.0000 18.5238
19.0000 18.0355
19.0000 19.2398
19.0000 17.8501
19.0000 19.6484
19.0000 18.7839
19.0000 17.1637
19.0000 19.6153
19.0000 19.0369
19.0000 18.7865
19.0000 18.3502
19.0000 18.6304
19.0000 19.2492
19.0000 18.6390
19.0000 19.0854
19.0000 18.1470
19.0000 18.6074
19.0000 18.9212
19.0000 18.7864
19.0000 19.2192
19.0000 19.5929
19.0000 18.1227
19.0000 18.6341
19.0000 18.9740
19.0000 18.7655
19.0000 18.1080
19.0000 18.5995
19.0000 19.2891
19.0000 18.3633
19.0000 18.2349
19.0000 18.0735
19.0000 18.0507
19.0000 19.0800
19.0000 19.6418
19.0000 18.9781
19.0000 18.9877
19.0000 19.5642
19.0000 19.0018
19.0000 18.4802
19.0000 18.5716
19.0000 17.6962
19.0000 19.3704
19.0000 18.3264
19.0000 17.7023
19.0000 18.9618
19.0000 19.7552
19.0000 18.2961
19.0000 19.3717
19.0000 18.9829
19.0000 18.5280
19.0000 17.9350
19.0000 18.3221
19.0000 19.0970
19.0000 19.3087
19.0000 19.6326
19.0000 18.2645
19.0000 18.8019
19.0000 18.0076
19.0000 19.0310
19.0000 18.0050
19.0000 18.8783
19.0000 19.3221
19.0000 19.1532
19.0000 20.0976
19.0000 17.9967
19.0000 19.1616
19.0000 18.7495
19.0000 19.5444
19.0000 18.3969
19.0000 18.7734
19.0000 19.2778
19.0000 18.2705
19.0000 18.7654
19.0000 18.2602
19.0000 18.4533
19.0000 18.3836
19.0000 18.5799
19.0000 18.5886
19.0000 19.4166
19.0000 18.8177
19.0000 17.9359
19.0000 18.5203
19.0000 19.5138
19.0000 17.5520
19.0000 17.8838
19.0000 17.1748
19.0000 18.3483
19.0000 17.1670
19.0000 18.7243
19.0000 18.5551
19.0000 17.9991
19.0000 18.2723
19.0000 18.5650
19.0000 18.4888
19.0000 19.1023
19.0000 18.9430
19.0000 17.1154
19.0000 19.2838
19.0000 18.7259
19.0000 18.3554
19.0000 18.4997
19.0000 19.4582
19.0000 19.4241
19.0000 18.5491
19.0000 18.5055
19.0000 18.5316
19.0000 18.2918
19.0000 19.8784
19.0000 18.6045
19.0000 18.7159
19.0000 18.9228
19.0000 18.1267
19.0000 19.3567
19.0000 18.2794
19.0000 18.6459
19.0000 18.7163
19.0000 19.0290
19.0000 18.7701
19.0000 18.9016
19.0000 18.6936
19.0000 18.9582
19.0000 18.7496
19.0000 18.5863
19.0000 17.8574
19.0000 18.3165
19.0000 18.1415
19.0000 18.1167
19.0000 19.2013
19.0000 19.1520
19.0000 17.9310
19.0000 19.0239
19.0000 18.6545
19.0000 18.6810
19.0000 17.9447
19.0000 17.9531
19.0000 18.3569
19.0000 19.2647
19.0000 18.7445
19.0000 17.7182
19.0000 18.8531
19.0000 18.6290
19.0000 19.0637
19.0000 19.2581
19.0000 18.2035
19.0000 18.5826
19.0000 18.2583
19.0000 18.6652
19.0000 18.4026
19.0000 18.7951
19.0000 18.1985
19.0000 18.5038
19.0000 18.1976
19.0000 19.0718
19.0000 18.7188
19.0000 18.7785
19.0000 18.4035
19.0000 18.3017
19.0000 18.5482
19.0000 18.4446
19.0000 18.9668
19.0000 19.1518
19.0000 18.7281
19.0000 18.8080
19.0000 18.6063
19.0000 18.8642
19.0000 18.7441
19.0000 18.9266
19.0000 18.5329
19.0000 18.2239
19.0000 17.4134
19.0000 18.7648
19.0000 18.7083
19.0000 18.0761
19.0000 17.3908
19.0000 18.6750
19.0000 19.0448
19.0000 18.2052
19.0000 18.3137
19.0000 18.4333
19.0000 17.6343
19.0000 18.3825
19.0000 18.3726
19.0000 19.2358
19.0000 18.3121
19.0000 18.7867
19.0000 19.1961
19.0000 19.5930
19.0000 19.6340
19.0000 18.7951
19.0000 19.1670
19.0000 19.0793
19.0000 19.2555
19.0000 18.8686
19.0000 18.1742
19.0000 18.4234
19.0000 18.3345
19.0000 19.3328
19.0000 18.4247
19.0000 19.4273
19.0000 18.0462
19.0000 18.6187
19.0000 18.7399
19.0000 18.5563
19.0000 18.8249
19.0000 18.8535
19.0000 17.8217
19.0000 19.2227
19.0000 18.9202
19.0000 19.1160
19.0000 18.7503
19.0000 17.8395
19.0000 19.0124
19.0000 19.2725
19.0000 18.2127
19.0000 18.7218
19.0000 19.0908
19.0000 19.0918
19.0000 19.8526
19.0000 19.0988
19.0000 17.9802
19.0000 18.6692
19.0000 17.7283
19.0000 19.4811
19.0000 18.7125
19.0000 17.8581
19.0000 18.8106
19.0000 19.2699
19.0000 18.6044
19.0000 18.6428
19.0000 18.4029
19.0000 18.1343
19.0000 19.0729
19.0000 19.2744
19.0000 17.8055
19.0000 19.2127
19.0000 18.4142
19.0000 17.9380
19.0000 19.1728
19.0000 18.5918
19.0000 18.1104
19.0000 18.6715
19.0000 18.1625
19.0000 18.3887
19.0000 18.9809
19.0000 18.3074
19.0000 19.0187
19.0000 19.0077
19.0000 19.2266
19.0000 17.9502
19.0000 19.2298
19.0000 18.9522
19.0000 18.7763
19.0000 18.3535
19.0000 17.9684
19.0000 18.4866
19.0000 18.3200
19.0000 18.4877
19.0000 18.7165
19.0000 18.7179
19.0000 19.2164
19.0000 18.3507
19.0000 17.8095
19.0000 18.7308
19.0000 19.1937
19.0000 18.7290
19.0000 18.9554
19.0000 17.7910
19.0000 19.6131
19.0000 18.3226
19.0000 18.1636
19.0000 17.6370
19.0000 18.4192
19.0000 18.5030
19.0000 18.9082
19.0000 18.9390
19.0000 17.4088
19.0000 18.5734
19.0000 18.5146
19.0000 17.7350
19.0000 18.3224
19.0000 17.5505
19.0000 19.0671
19.0000 18.3434
19.0000 19.0816
19.0000 19.6291
19.0000 18.5598
19.0000 18.9020
19.0000 18.3696
19.0000 18.5821
19.0000 18.6275
19.0000 19.1068
19.0000 19.7481
19.0000 18.7892
19.0000 18.2363
19.0000 18.8473
19.0000 18.6001
19.0000 18.5670
19.0000 20.0204
19.0000 18.8644
19.0000 18.0783
19.0000 19.1803
19.0000 18.3480
19.0000 18.8866
19.0000 19.0967
19.0000 19.2242
19.0000 18.8097
19.0000 18.3219
19.0000 18.5684
19.0000 17.8773
19.0000 18.6250
19.0000 18.1729
19.0000 18.1714
19.0000 17.8817
19.0000 19.0981
19.0000 18.3206
19.0000 18.9896
19.0000 18.5231
19.0000 17.6824
19.0000 18.2273
19.0000 18.5484
19.0000 18.7789
19.0000 18.5191
19.0000 19.7217
19.0000 18.1712
19.0000 19.2911
19.0000 20.1443
19.0000 18.6018
19.0000 18.0648
19.0000 19.1698
19.0000 18.6975
19.0000 18.8215
19.0000 19.1230
19.0000 19.1863
19.0000 18.7561
19.0000 18.4100
19.0000 18.4332
19.0000 19.0489
19.0000 19.8897
19.0000 18.4148
19.0000 18.4748
19.0000 19.9947
19.0000 18.5623
19.0000 17.8373
19.0000 18.9515
19.0000 18.5042
19.0000 19.1357
19.0000 18.7099
19.0000 19.3948
19.0000 18.9429
19.0000 18.8041
19.0000 18.9518
19.0000 17.7415
19.0000 18.9435
19.0000 18.1154
19.0000 19.2280
19.0000 18.7144
19.0000 19.5773
19.0000 18.5299
19.0000 18.4584
19.0000 19.5386
19.0000 18.4824
19.0000 18.6233
19.0000 17.8133
19.0000 19.3181
19.0000 18.4961
19.0000 17.5726
19.0000 18.3383
19.0000 19.6315
19.0000 18.4596
19.0000 19.0921
19.0000 18.3712
19.0000 18.0165
19.0000 18.0719
19.0000 18.1680
19.0000 18.7739
19.0000 18.6106
19.0000 19.1543
19.0000 18.5959
19.0000 18.8027
19.0000 18.2020
19.0000 17.8928
19.0000 18.7028
19.0000 17.6050
19.0000 18.5987
19.0000 18.5449
19.0000 18.8995
19.0000 18.5714
19.0000 19.6709
19.0000 18.2599
19.0000 18.3415
19.0000 20.0522
19.0000 18.1426
19.0000 18.2795
19.0000 18.2279
19.0000 20.0799
19.0000 18.3250
19.0000 18.9204
19.0000 18.1898
19.0000 19.3404
19.0000 18.3830
19.0000 19.2065
19.0000 17.5684
19.0000 19.0499
19.0000 19.8017
19.0000 19.5476
19.0000 19.7818
19.0000 18.9737
19.0000 19.2959
19.0000 19.3040
19.0000 18.7008
19.0000 17.9342
19.0000 19.3637
19.0000 18.3178
19.0000 18.5781
19.0000 20.0205
19.0000 17.7775
19.0000 17.8613
19.0000 19.2542
19.0000 18.9117
19.0000 18.6496
19.0000 18.7311
19.0000 18.3731
19.0000 18.7386
19.0000 18.6091
19.0000 18.6206
19.0000 18.4463
19.0000 18.9569
19.0000 18.7693
19.0000 19.2253
19.0000 18.0171
19.0000 18.7747
19.0000 18.7066
19.0000 18.9401
19.0000 18.8002
19.0000 18.4563
19.0000 19.0319
19.0000 19.2157
19.0000 19.2972
19.0000 18.7090
19.0000 19.1747
19.0000 19.6554
19.0000 17.7190
19.0000 18.5331
19.0000 19.4092
19.0000 18.1846
19.0000 19.1762
19.0000 18.1693
19.0000 18.3308
19.0000 18.8644
19.0000 18.4891
19.0000 19.6888
19.0000 17.6841
19.0000 18.3357
19.0000 18.8663
19.0000 19.4977
19.0000 18.7950
19.0000 17.5706
19.0000 19.5518
19.0000 20.0810
19.0000 19.0428
19.0000 18.6218
19.0000 19.2497
19.0000 18.3830
19.0000 18.4474
19.0000 18.9657
19.0000 18.8029
19.0000 19.4401
19.0000 18.4693
19.0000 18.3084
19.0000 18.6988
19.0000 19.2395
19.0000 18.4396
19.0000 18.2254
19.0000 19.7387
19.0000 18.3718
19.0000 18.9113
19.0000 18.2078
19.0000 18.6918
19.0000 18.2721
19.0000 19.0283
19.0000 18.9675
19.0000 18.5577
19.0000 18.9842
19.0000 19.3187
19.0000 18.7436
19.0000 19.0238
19.0000 18.8243
19.0000 18.7090
19.0000 18.8847
19.0000 18.8957
19.0000 19.9636
19.0000 17.9016
19.0000 19.2610
19.0000 18.7738
19.0000 18.3376
19.0000 17.8634
19.0000 18.7191
19.0000 18.3031
19.0000 19.7241
19.0000 19.3927
19.0000 17.7155
19.0000 18.1713
19.0000 17.7420
19.0000 18.3479
19.0000 18.8165
19.0000 18.0245
19.0000 18.7344
19.0000 19.3481
19.0000 18.4858
19.0000 17.7118
19.0000 18.5730
19.0000 19.5730
19.0000 19.0300
19.0000 18.4912
19.0000 18.3655
19.0000 18.6468
19.0000 18.9177
19.0000 18.5823
19.0000 18.5273
19.0000 19.2694
19.0000 18.6391
19.0000 18.3928
19.0000 17.1399
19.0000 18.7500
19.0000 18.5442
19.0000 19.0772
19.0000 19.1999
19.0000 18.1968
19.0000 17.9485
19.0000 18.7890
19.0000 18.6529
19.0000 19.0493
19.0000 17.5848
19.0000 18.0931
19.0000 18.9997
19.0000 18.3736
19.0000 18.4016
19.0000 18.5573
19.0000 18.9014
19.0000 19.3152
19.0000 19.1756
19.0000 18.7940
19.0000 18.7558
19.0000 18.6093
19.0000 18.1939
19.0000 18.7443
19.0000 18.5640
19.0000 18.8704
19.0000 18.6731
19.0000 19.2321
19.0000 18.0126
19.0000 18.8901
19.0000 19.6817
19.0000 18.5563
19.0000 18.1142
19.0000 18.9468
19.0000 17.9032
19.0000 18.9135
19.0000 18.7015
19.0000 18.8815
19.0000 19.1646
19.0000 19.4642
19.0000 19.0622
19.0000 18.9746
19.0000 18.1693
19.0000 18.9351
19.0000 19.7756
19.0000 18.9130
19.0000 18.6042
19.0000 18.5823
19.0000 18.7169
19.0000 18.6952
19.0000 18.6652
19.0000 18.1922
19.0000 18.9080
19.0000 18.3525
19.0000 19.3111
19.0000 18.2977
19.0000 18.1084
19.0000 18.2214
19.0000 19.1061
19.0000 19.3832
19.0000 19.0413
19.0000 19.5263
19.0000 18.1868
19.0000 19.0964
19.0000 18.7478
19.0000 19.3399
19.0000 18.7325
19.0000 18.7663
19.0000 17.3834
19.0000 18.5061
19.0000 18.7285
19.0000 17.8397
19.0000 18.1195
19.0000 18.8607
19.0000 18.3764
19.0000 19.7479
19.0000 18.7738
19.0000 18.1370
19.0000 18.2421
19.0000 18.7799
19.0000 17.7243
19.0000 18.2893
19.0000 18.0237
19.0000 18.8427
19.0000 20.2431
19.0000 19.5826
19.0000 18.0173
19.0000 18.8715
19.0000 18.4866
19.0000 18.1631
19.0000 18.6536
19.0000 18.6352
19.0000 17.8055
19.0000 18.2861
19.0000 18.9269
19.0000 18.6009
19.0000 18.3101
19.0000 18.0578
19.0000 18.9922
19.0000 19.6559
19.0000 18.9243
19.0000 19.5304
19.0000 18.0081
19.0000 20.1738
19.0000 18.7449
19.0000 18.1833
19.0000 19.3051
19.0000 18.3112
19.0000 18.4860
19.0000 18.5432
19.0000 19.7787
19.0000 19.3081
19.0000 17.9286
19.0000 19.4141
19.0000 18.6690
19.0000 18.9761
19.0000 19.2196
19.0000 18.8623
19.0000 18.6958
19.0000 19.6908
19.0000 18.6655
19.0000 19.5339
19.0000 18.3238
19.0000 18.9167
19.0000 18.8281
19.0000 18.2731
19.0000 18.4069
19.0000 18.8083
19.0000 20.2070
19.0000 19.1669
19.0000 18.5285
19.0000 18.9101
19.0000 19.0935
19.0000 18.8447
19.0000 19.1173
19.0000 18.7909
19.0000 18.9904
19.0000 18.0347
19.0000 18.8931
19.0000 18.7819
19.0000 18.4471
19.0000 18.7330
19.0000 18.8084
19.0000 18.3509
19.0000 17.9637
19.0000 19.8106
19.0000 19.8859
19.0000 18.6682
19.0000 19.4711
19.0000 19.0082
19.0000 17.6671
19.0000 18.9218
19.0000 19.4468
19.0000 19.2058
19.0000 18.3684
19.0000 18.3537
19.0000 19.1467
19.0000 19.4014
19.0000 18.8309
19.0000 18.3547
19.0000 18.5204
19.0000 19.1175
19.0000 18.2215
19.0000 18.7619
19.0000 18.7951
19.0000 18.1389
19.0000 18.5477
19.0000 18.6378
19.0000 18.5391
19.0000 19.2388
19.0000 18.7864
19.0000 19.3510
19.0000 17.7802
19.0000 18.1214
19.0000 18.7704
19.0000 19.8357
19.0000 18.0301
19.0000 19.2692
19.0000 18.3973
19.0000 18.6993
19.0000 17.9908
19.0000 19.1708
19.0000 17.6325
19.0000 18.8374
19.0000 19.0113
19.0000 18.8444
19.0000 19.6921
19.0000 18.9824
19.0000 18.5128
19.0000 19.2596
19.0000 18.6990
19.0000 18.6438
19.0000 17.7697
19.0000 19.3862
19.0000 18.9710
19.0000 18.9378
19.0000 18.6671
19.0000 18.4062
19.0000 18.0438
19.0000 18.4891
19.0000 19.0932
19.0000 19.4416
19.0000 18.6464
19.0000 18.6633
19.0000 18.5223
19.0000 18.6748
19.0000 17.8145
19.0000 17.7922
19.0000 18.4360
19.0000 18.9390
19.0000 18.0390
19.0000 19.4155
19.0000 17.8669
19.0000 18.2830
19.0000 19.8023
19.0000 18.5190
19.0000 18.6154
19.0000 18.4357
19.0000 18.6539
19.0000 18.5616
19.0000 18.7006
19.0000 17.4709
19.0000 18.6158
19.0000 18.8794
19.0000 19.0004
19.0000 18.5207
19.0000 19.0541
19.0000 18.3059
19.0000 19.8653
19.0000 19.4547
19.0000 17.8292
19.0000 19.2787
19.0000 18.1125
19.0000 18.9712
19.0000 18.5137
19.0000 18.8416
19.0000 18.2536
19.0000 17.8763
19.0000 18.1990
19.0000 17.1154
19.0000 18.5375
19.0000 18.1508
19.0000 18.4878
19.0000 19.1479
19.0000 17.9141
19.0000 18.6322
19.0000 19.1919
19.0000 19.2795
19.0000 18.8717
19.0000 19.1189
19.0000 17.6573
19.0000 18.0504
19.0000 18.5313
19.0000 18.7884
19.0000 17.9489
19.0000 18.5056
19.0000 18.1532
19.0000 18.6632
19.0000 19.9709
19.0000 17.6886
19.0000 19.1688
19.0000 17.7462
19.0000 18.6232
19.0000 18.1332
19.0000 18.1172
19.0000 18.5983
19.0000 19.3584
19.0000 18.8371
19.0000 18.6734
19.0000 19.4741
19.0000 19.1707
19.0000 18.4642
19.0000 18.8516
19.0000 18.0023
19.0000 18.8294
19.0000 19.0300
19.0000 19.2066
19.0000 19.7790
19.0000 18.9638
19.0000 18.9792
19.0000 18.6609
19.0000 17.9636
19.0000 18.2752
19.0000 18.6478
19.0000 18.5342
19.0000 18.8511
19.0000 18.6985
19.0000 18.4021
19.0000 17.2230
19.0000 18.9485
19.0000 19.0715
19.0000 18.6464
19.0000 19.0784
19.0000 19.4278
19.0000 19.6833
19.0000 19.4075
19.0000 18.5394
19.0000 17.8768
19.0000 18.3043
19.0000 19.9914
19.0000 18.0691
19.0000 18.5780
19.0000 17.8472
19.0000 18.3715
19.0000 19.1174
19.0000 19.4631
19.0000 18.8085
19.0000 17.7041
19.0000 18.4467
19.0000 18.9029
19.0000 18.8983
19.0000 17.8715
19.0000 18.3824
19.0000 19.2765
19.0000 18.8948
19.0000 19.0601
19.0000 17.6785
19.0000 18.2034
19.0000 19.0112
19.0000 19.3720
19.0000 18.4202
19.0000 18.3470
19.0000 19.5636
19.0000 18.7517
19.0000 19.3286
19.0000 18.6859
19.0000 18.9253
19.0000 19.1966
19.0000 19.0653
19.0000 18.3006
19.0000 18.6458
19.0000 18.9533
19.0000 18.4347
19.0000 17.8645
19.0000 18.8964
19.0000 18.8933
19.0000 18.6378
19.0000 18.8909
19.0000 17.3622
19.0000 19.6414
19.0000 18.6715
19.0000 19.2211
19.0000 18.4014
19.0000 18.3027
19.0000 17.9587
19.0000 19.8729
19.0000 19.8731
19.0000 18.7417
19.0000 18.4241
19.0000 18.8174
19.0000 17.5624
19.0000 18.9465
19.0000 19.0735
19.0000 18.8431
19.0000 18.1773
19.0000 18.6343
19.0000 18.5315
19.0000 18.3681
19.0000 17.8572
19.0000 19.1129
19.0000 19.2014
19.0000 18.0322
19.0000 17.6557
19.0000 19.2635
19.0000 18.2854
19.0000 19.4294
19.0000 18.6051
19.0000 19.4047
19.0000 19.8298
19.0000 18.2108
19.0000 18.6244
19.0000 18.6603
19.0000 18.0377
19.0000 18.9957
19.0000 18.8349
19.0000 18.7033
19.0000 19.7718
19.0000 18.6868
19.0000 18.3645
19.0000 19.0928
19.0000 18.7397
19.0000 17.8107
19.0000 18.7496
19.0000 19.0718
19.0000 19.0030
19.0000 18.6991
19.0000 17.6844
19.0000 20.1845
19.0000 18.8434
19.0000 17.9472
19.0000 18.6232
19.0000 19.0350
19.0000 18.1530
19.0000 19.4398
19.0000 18.8780
19.0000 18.6770
19.0000 18.3811
19.0000 19.3728
19.0000 18.4869
19.0000 18.4285
19.0000 18.5693
19.0000 19.3160
19.0000 18.2621
19.0000 18.3270
19.0000 17.9426
19.0000 18.4904
19.0000 18.7283
19.0000 18.2809
19.0000 18.2507
19.0000 18.1393
19.0000 18.2153
19.0000 18.9656
19.0000 18.2692
19.0000 18.6872
19.0000 18.9687
19.0000 18.4396
19.0000 19.5135
19.0000 18.8383
19.0000 18.6909
19.0000 18.2064
19.0000 18.9419
19.0000 18.7127
19.0000 19.0194
19.0000 19.3064
19.0000 18.6003
19.0000 19.5617
19.0000 18.1209
19.0000 18.5634
19.0000 18.1246
19.0000 19.9329
19.0000 18.8133
19.0000 20.1603
19.0000 18.3520
19.0000 18.6553
19.0000 18.3762
19.0000 18.2397
19.0000 18.6066
19.0000 19.0535
19.0000 18.2604
19.0000 18.7396
19.0000 19.1452
19.0000 18.8500
19.0000 18.2111
19.0000 18.4155
19.0000 19.2413
19.0000 18.8013
19.0000 18.8774
19.0000 18.8735
19.0000 19.1757
19.0000 18.1146
19.0000 18.2985
19.0000 19.5931
19.0000 18.6896
19.0000 18.8318
19.0000 18.8892
19.0000 19.3659
19.0000 19.3697
19.0000 18.8648
19.0000 19.5650
19.0000 18.7249
19.0000 17.9005
19.0000 19.1023
19.0000 18.5145
19.0000 19.3829
19.0000 18.1235
19.0000 17.9872
19.0000 18.5154
19.0000 18.8673
19.0000 18.9054
19.0000 18.6248
19.0000 18.3319
19.0000 17.8695
19.0000 18.4383
19.0000 19.3300
19.0000 17.8518
19.0000 19.1484
19.0000 19.1418
19.0000 18.3449
19.0000 18.7672
19.0000 20.2812
19.0000 19.7749
19.0000 19.7018
19.0000 18.8456
19.0000 18.1828
19.0000 17.9296
19.0000 19.5329
19.0000 18.7527
19.0000 19.2650
19.0000 18.5694
19.0000 18.3898
19.0000 19.0193
19.0000 19.5680
19.0000 18.3394
19.0000 19.0657
19.0000 19.1502
19.0000 18.5176
19.0000 19.0514
19.0000 18.6285
19.0000 18.6770
19.0000 19.5228
19.0000 18.7320
19.0000 18.7424
19.0000 19.0146
19.0000 18.0775
19.0000 19.6051
19.0000 19.4753
19.0000 19.1539
19.0000 19.3472
19.0000 19.0871
19.0000 18.6925
19.0000 18.8705
19.0000 18.6013
19.0000 19.5374
19.0000 18.2253
19.0000 18.8193
19.0000 18.8869
19.0000 19.3488
19.0000 18.1450
19.0000 18.9359
19.0000 17.8750
19.0000 18.8276
19.0000 18.3419
19.0000 18.5666
19.0000 19.5397
19.0000 17.7042
19.0000 18.0577
19.0000 19.2152
19.0000 18.7340
19.0000 18.7612
19.0000 17.7464
19.0000 18.8121
19.0000 18.7104
19.0000 18.7108
19.0000 18.6816
19.0000 19.2268
19.0000 18.3568
19.0000 18.5004
19.0000 18.7256
19.0000 18.7943
19.0000 17.9684
19.0000 19.1180
19.0000 18.4829
19.0000 17.8846
19.0000 18.3797
19.0000 18.6649
19.0000 19.1991
19.0000 17.7804
19.0000 18.7859
19.0000 18.8170
19.0000 18.5385
19.0000 19.6782
19.0000 18.2709
19.0000 19.2421
19.0000 18.8562
19.0000 19.2536
19.0000 18.4647
19.0000 18.8185
19.0000 18.4089
19.0000 19.6909
19.0000 19.1773
19.0000 18.6877
19.0000 17.9562
19.0000 18.4012
19.0000 18.0977
19.0000 18.3231
19.0000 17.2280
19.0000 18.4769
19.0000 19.1661
19.0000 18.4480
19.0000 18.6598
19.0000 19.0152
19.0000 19.4533
19.0000 18.6350
19.0000 18.0641
19.0000 18.4164
19.0000 18.5296
19.0000 19.4359
19.0000 19.1337
19.0000 18.4607
19.0000 18.2870
19.0000 18.0871
19.0000 17.9555
19.0000 17.8499
19.0000 18.4920
19.0000 19.1280
19.0000 19.4481
19.0000 17.7144
19.0000 18.8345
19.0000 18.5871
19.0000 18.5083
19.0000 18.3513
19.0000 18.8989
19.0000 18.5741
19.0000 17.9738
19.0000 19.1423
19.0000 18.4925
19.0000 17.8268
19.0000 19.0197
19.0000 18.7710
19.0000 18.9004
19.0000 19.9030
19.0000 18.9883
19.0000 19.3737
19.0000 18.9350
19.0000 19.2882
19.0000 19.0384
19.0000 19.1174
19.0000 19.0843
19.0000 19.4323
19.0000 17.6649
19.0000 19.0625
19.0000 18.2668
19.0000 18.8787
19.0000 18.9592
19.0000 18.6127
19.0000 17.7847
19.0000 18.5029
19.0000 18.5486
19.0000 18.3513
19.0000 18.8825
19.0000 18.8541
19.0000 18.0515
19.0000 18.8716
19.0000 18.9871
19.0000 18.8812
19.0000 18.3106
19.0000 18.4308
19.0000 18.4028
19.0000 19.0549
19.0000 19.2019
19.0000 17.9095
19.0000 18.8562
19.0000 18.6665
19.0000 18.6625
19.0000 18.3901
19.0000 19.4471
19.0000 19.1212
19.0000 18.9962
19.0000 19.3562
19.0000 19.8625
19.0000 18.9275
19.0000 17.7986
19.0000 19.0653
19.0000 19.8299
19.0000 18.3585
19.0000 17.9989
19.0000 19.1375
19.0000 18.8538
19.0000 18.2695
19.0000 17.2804
19.0000 18.5248
19.0000 17.9023
19.0000 18.8362
19.0000 18.6286
19.0000 18.7738
19.0000 18.4584
19.0000 19.2664
19.0000 18.3699
19.0000 18.3703
19.0000 19.1884
19.0000 18.9374
19.0000 18.5950
19.0000 18.5479
19.0000 18.6648
19.0000 18.9975
19.0000 18.3816
19.0000 18.6530
19.0000 18.9161
19.0000 18.6221
19.0000 19.4935
19.0000 19.5105
19.0000 18.4293
19.0000 18.2156
19.0000 18.4201
19.0000 18.7321
19.0000 18.0305
19.0000 19.0890
19.0000 18.3088
19.0000 18.6478
19.0000 19.0310
19.0000 17.8554
19.0000 18.5020
19.0000 19.7938
19.0000 17.7922
19.0000 18.0134
19.0000 18.7087
19.0000 18.5765
19.0000 18.8205
19.0000 17.6019
19.0000 19.0820
19.0000 18.2239
19.0000 18.0925
19.0000 19.0340
19.0000 19.1476
19.0000 18.9491
19.0000 17.8498
19.0000 18.6932
19.0000 18.7995
19.0000 18.5496
19.0000 19.0055
19.0000 18.2032
19.0000 18.9940
19.0000 18.1025
19.0000 18.9850
19.0000 19.5662
19.0000 18.6345
19.0000 18.0586
19.0000 18.7255
19.0000 19.5728
19.0000 19.7519
19.0000 18.4989
19.0000 18.8875
19.0000 18.6010
19.0000 19.3693
19.0000 18.4485
19.0000 17.9223
19.0000 18.4912
19.0000 18.8564
19.0000 17.9615
19.0000 19.0286
19.0000 19.4702
19.0000 18.8007
19.0000 17.5541
19.0000 18.6170
19.0000 19.1117
19.0000 19.0355
19.0000 19.4725
19.0000 19.5195
19.0000 18.7630
19.0000 18.2169
19.0000 17.6645
19.0000 18.1420
19.0000 18.6514
19.0000 18.3838
19.0000 18.2351
19.0000 19.3033
19.0000 18.9445
19.0000 19.0467
19.0000 18.2488
19.0000 17.9680
19.0000 18.0906
19.0000 19.7091
19.0000 17.6256
19.0000 18.8204
19.0000 18.1024
19.0000 18.3253
19.0000 19.6378
19.0000 19.0709
19.0000 18.5889
19.0000 17.8755
19.0000 18.6621
19.0000 18.8078
19.0000 18.9711
19.0000 18.9892
19.0000 19.9354
19.0000 19.3814
19.0000 18.3666
19.0000 18.4587
19.0000 19.2059
19.0000 17.8963
19.0000 17.9923
19.0000 18.6167
19.0000 19.1165
19.0000 18.0625
19.0000 18.7974
19.0000 18.5516
19.0000 17.7817
19.0000 19.6750
19.0000 18.1615
19.0000 18.6755
19.0000 18.8645
19.0000 19.2978
19.0000 18.6155
19.0000 19.3832
19.0000 18.8248
19.0000 17.7866
19.0000 19.6697
19.0000 19.1641
19.0000 19.8944
19.0000 18.4280
19.0000 18.9137
19.0000 18.3421
19.0000 17.7410
19.0000 19.7713
19.0000 19.2604
19.0000 17.8867
19.0000 18.6176
19.0000 19.8295
19.0000 18.9180
19.0000 18.1648
19.0000 17.9697
19.0000 18.3790
19.0000 19.1408
19.0000 19.0818
19.0000 19.5447
19.0000 18.9950
19.0000 18.5246
19.0000 18.4695
19.0000 18.8820
19.0000 17.5724
19.0000 17.4831
19.0000 19.0469
19.0000 18.6026
19.0000 19.0553
19.0000 19.2875
19.0000 19.3202
19.0000 18.6241
19.0000 18.9716
19.0000 18.3545
19.0000 19.0519
19.0000 19.2106
19.0000 19.4252
19.0000 18.5665
19.0000 18.7706
19.0000 18.4819
19.0000 17.8388
19.0000 18.7857
19.0000 19.5883
19.0000 17.7604
19.0000 20.0556
19.0000 18.4623
19.0000 18.4331
19.0000 19.1554
19.0000 18.6110
19.0000 18.5034
19.0000 17.8833
19.0000 19.1972
19.0000 19.3505
19.0000 19.3721
19.0000 18.8205
19.0000 18.1276
19.0000 18.5607
19.0000 18.9587
19.0000 19.2707
19.0000 18.0246
19.0000 19.0166
19.0000 19.3827
19.0000 18.1877
19.0000 18.5358
19.0000 18.9861
19.0000 19.1066
19.0000 19.1050
19.0000 19.1277
19.0000 18.4668
19.0000 18.2564
19.0000 19.0807
19.0000 18.4939
19.0000 19.1724
19.0000 18.5491
19.0000 18.1130
19.0000 18.2226
19.0000 18.5511
19.0000 18.6784
19.0000 19.2497
19.0000 19.0660
19.0000 17.8257
19.0000 18.5093
19.0000 18.8906
19.0000 19.2490
19.0000 18.6215
19.0000 17.8551
19.0000 18.5601
19.0000 18.9419
19.0000 19.0364
19.0000 18.5948
19.0000 18.1960
19.0000 19.1563
19.0000 17.5492
19.0000 18.5852
19.0000 19.7366
19.0000 18.7636
19.0000 18.5800
19.0000 19.3630
19.0000 18.4552
19.0000 19.0960
19.0000 18.0461
19.0000 19.6873
19.0000 18.4193
19.0000 18.8739
19.0000 18.8968
19.0000 18.3607
19.0000 19.3253
19.0000 18.4845
19.0000 19.2995
19.0000 18.5547
19.0000 18.9184
19.0000 18.9063
19.0000 18.6964
19.0000 19.0522
19.0000 18.1297
19.0000 18.9843
19.0000 19.1053
19.0000 18.9287
19.0000 17.9884
19.0000 19.2713
19.0000 18.4676
19.0000 18.3450
19.0000 19.2935
19.0000 18.3507
19.0000 18.9985
19.0000 17.7667
19.0000 19.2279
19.0000 18.3791
19.0000 18.1723
19.0000 18.7657
19.0000 18.2839
19.0000 18.2565
19.0000 18.0560
19.0000 19.2466
19.0000 18.2087
19.0000 18.9594
19.0000 17.8473
19.0000 18.3764
19.0000 18.2384
19.0000 19.2576
19.0000 18.1824
19.0000 18.6155
19.0000 17.4674
19.0000 19.0470
19.0000 18.6178
19.0000 18.8607
19.0000 18.3964
19.0000 18.7310
19.0000 19.0270
19.0000 18.5221
19.0000 17.9371
19.0000 18.9831
19.0000 19.5685
19.0000 18.3465
19.0000 19.4177
19.0000 19.9994
19.0000 18.6990
19.0000 17.7900
19.0000 18.9740
19.0000 18.1023
19.0000 18.9596
19.0000 19.0255
19.0000 18.9300
19.0000 19.2937
19.0000 19.2802
19.0000 18.8310
19.0000 19.4828
19.0000 19.2203
19.0000 18.2023
19.0000 19.3921
19.0000 19.0525
19.0000 17.9088
19.0000 18.2158
19.0000 19.3222
19.0000 19.1472
19.0000 18.1801
19.0000 17.7881
19.0000 18.6609
19.0000 18.4139
19.0000 19.3444
19.0000 19.0445
19.0000 18.7415
19.0000 19.1175
19.0000 20.0355
19.0000 17.9238
19.0000 18.5154
19.0000 18.7420
19.0000 19.6096
19.0000 17.6422
19.0000 18.3490
19.0000 19.2293
19.0000 17.9779
19.0000 19.1053
19.0000 19.1218
19.0000 18.5169
19.0000 19.4730
19.0000 17.6645
19.0000 18.4650
19.0000 19.6429
19.0000 18.9219
19.0000 18.7879
19.0000 18.5543
19.0000 19.2096
19.0000 18.7025
19.0000 18.2138
19.0000 19.0700
19.0000 17.1106
19.0000 18.7180
19.0000 17.8896
19.0000 18.9385
19.0000 18.2866
19.0000 18.2559
19.0000 17.9818
19.0000 18.7779
19.0000 19.4074
19.0000 18.1204
19.0000 19.0939
19.0000 18.8808
19.0000 18.4739
19.0000 18.0718
19.0000 18.5661
19.0000 18.4019
19.0000 18.6570
19.0000 19.2671
19.0000 18.3496
19.0000 18.6779
19.0000 18.4186
19.0000 18.6999
19.0000 18.1677
19.0000 18.1518
19.0000 18.0829
19.0000 18.2322
19.0000 19.2552
19.0000 18.9004
19.0000 17.7914
19.0000 18.6006
19.0000 19.0145
19.0000 19.3024
19.0000 17.7416
19.0000 18.5542
19.0000 17.7296
19.0000 18.8193
19.0000 18.1674
19.0000 17.9579
19.0000 18.6473
19.0000 18.5889
19.0000 18.0531
19.0000 18.1121
19.0000 18.5498
19.0000 19.1077
19.0000 18.5878
19.0000 18.3496
19.0000 19.0381
19.0000 18.4024
19.0000 18.5471
19.0000 18.8991
19.0000 19.1871
19.0000 19.2502
19.0000 20.0026
19.0000 18.1734
19.0000 18.5183
19.0000 18.9080
19.0000 19.6652
19.0000 19.0948
19.0000 18.0983
19.0000 18.7324
19.0000 19.2926
19.0000 18.1960
19.0000 19.2665
19.0000 19.1240
19.0000 18.5139
19.0000 19.3184
19.0000 18.9422
19.0000 18.4784
19.0000 18.8761
19.0000 18.3214
19.0000 19.0745
19.0000 18.2849
19.0000 19.0634
19.0000 18.3951
19.0000 20.0548
19.0000 18.1825
19.0000 17.6449
19.0000 18.7718
19.0000 18.7369
19.0000 19.3346
19.0000 18.9316
19.0000 19.4181
19.0000 18.7336
19.0000 19.1091
19.0000 18.6301
19.0000 18.6050
19.0000 18.3341
19.0000 18.9912
19.0000 18.5658
19.0000 19.1754
19.0000 19.7955
19.0000 18.8677
19.0000 18.8520
19.0000 18.8633
19.0000 18.3312
19.0000 18.1869
19.0000 17.8908
19.0000 19.2050
19.0000 19.5906
19.0000 18.9621
19.0000 18.3800
19.0000 18.6420
19.0000 18.2154
19.0000 18.7365
19.0000 18.9592
19.0000 18.7186
19.0000 18.3502
19.0000 18.4976
19.0000 18.1977
19.0000 19.0878
19.0000 19.3905
19.0000 17.8024
19.0000 19.0834
19.0000 18.3486
19.0000 19.4899
19.0000 19.3326
19.0000 18.7448
19.0000 18.4684
19.0000 18.4993
19.0000 18.2342
19.0000 18.1230
19.0000 18.5528
19.0000 17.8701
19.0000 18.8064
19.0000 18.9516
19.0000 19.3785
19.0000 18.5022
19.0000 19.2183
19.0000 19.5199
19.0000 18.8796
19.0000 17.5104
19.0000 18.1014
19.0000 18.1764
19.0000 19.5442
19.0000 18.3821
19.0000 18.2698
19.0000 19.6613
19.0000 18.8530
19.0000 18.6355
19.0000 19.2875
19.0000 18.4828
19.0000 18.3260
19.0000 18.9654
19.0000 18.4072
19.0000 19.8009
19.0000 18.5117
19.0000 18.4778
19.0000 18.5969
19.0000 19.1737
19.0000 18.4107
19.0000 18.9367
19.0000 18.4660
19.0000 17.0815
19.0000 18.9087
19.0000 18.6771
19.0000 18.4716
19.0000 18.2315
19.0000 19.6550
19.0000 17.8940
19.0000 18.2397
19.0000 18.6183
19.0000 18.5778
19.0000 18.7974
19.0000 18.4162
19.0000 19.3057
19.0000 18.4470
19.0000 19.4464
19.0000 17.1026
19.0000 19.4857
19.0000 18.5603
19.0000 18.6042
19.0000 18.3369
19.0000 18.5556
19.0000 17.7221
19.0000 19.1691
19.0000 18.8835
19.0000 18.7886
19.0000 17.7139
19.0000 19.1221
19.0000 18.7471
19.0000 18.4888
19.0000 18.1963
19.0000 18.8342
19.0000 19.0121
19.0000 18.3860
19.0000 18.5016
19.0000 18.6741
19.0000 18.4055
19.0000 19.7870
19.0000 19.1419
19.0000 19.1499
19.0000 18.1726
19.0000 19.2057
19.0000 19.1887
19.0000 18.8454
19.0000 18.2923
19.0000 19.3081
19.0000 18.3394
19.0000 17.8261
19.0000 18.4690
19.0000 18.5757
19.0000 18.7075
19.0000 19.1792
19.0000 18.8110
19.0000 17.0856
19.0000 18.4297
19.0000 19.0522
19.0000 17.2143
19.0000 18.4187
19.0000 18.3559
19.0000 18.3601
19.0000 19.5349
19.0000 18.2453
19.0000 18.8747
19.0000 19.1135
19.0000 18.2659
19.0000 18.0418
19.0000 18.2621
19.0000 18.2391
19.0000 19.2316
19.0000 18.7573
19.0000 18.6301
19.0000 19.0269
19.0000 18.6966
19.0000 18.1865
19.0000 18.2242
19.0000 19.0354
19.0000 18.5140
19.0000 18.9702
19.0000 18.8094
19.0000 19.1048
19.0000 19.5303
19.0000 18.2602
19.0000 19.7439
19.0000 18.2861
19.0000 18.6599
19.0000 19.0960
19.0000 19.1044
19.0000 18.9399
19.0000 18.5231
19.0000 19.5173
19.0000 20.0523
19.0000 18.2896
19.0000 18.9009
19.0000 19.0101
19.0000 17.9916
19.0000 19.1390
19.0000 19.2416
19.0000 18.6491
19.0000 18.9688
19.0000 18.1787
19.0000 18.4714
19.0000 19.0194
19.0000 18.8149
19.0000 18.6096
19.0000 19.4897
19.0000 18.0832
19.0000 18.4175
19.0000 18.6617
19.0000 19.0593
19.0000 18.1150
19.0000 18.8607
19.0000 18.8046
19.0000 20.1504
19.0000 19.7482
19.0000 19.3329
19.0000 18.6810
19.0000 18.4167
19.0000 18.4909
19.0000 18.1039
19.0000 19.1388
19.0000 18.2877
19.0000 17.6713
19.0000 19.8141
19.0000 18.6908
19.0000 19.2656
19.0000 18.5131
19.0000 17.6538
19.0000 18.2776
19.0000 17.9092
19.0000 18.3278
19.0000 19.8119
19.0000 19.1049
19.0000 18.7401
19.0000 19.0094
19.0000 18.6600
19.0000 19.1172
19.0000 18.2735
19.0000 18.6256
19.0000 18.4773
19.0000 19.2059
19.0000 18.7308
19.0000 19.5438
19.0000 18.8932
19.0000 18.3190
19.0000 19.0331
19.0000 18.2794
19.0000 18.9298
19.0000 19.4276
19.0000 19.7499
19.0000 19.5442
19.0000 18.9476
19.0000 19.5792
19.0000 18.7685
19.0000 18.7493
19.0000 18.4425
19.0000 18.3795
19.0000 18.4273
19.0000 19.0067
19.0000 18.4072
19.0000 18.2352
19.0000 18.8799
19.0000 18.6264
19.0000 18.3544
19.0000 18.2398
19.0000 18.3816
19.0000 19.2409
19.0000 19.1001
19.0000 20.1524
19.0000 18.6740
19.0000 17.8721
19.0000 17.7971
19.0000 19.1430
19.0000 18.2242
19.0000 19.1374
19.0000 18.7741
19.0000 18.9855
19.0000 19.1522
19.0000 19.8685
19.0000 19.4515
19.0000 18.2482
19.0000 18.8126
19.0000 16.7943
19.0000 19.5900
19.0000 17.9369
19.0000 18.4571
19.0000 18.4420
19.0000 19.0836
19.0000 18.3962
19.0000 18.7163
19.0000 19.7822
19.0000 18.6707
19.0000 17.8241
19.0000 19.1455
19.0000 17.5820
19.0000 18.7922
19.0000 18.3842
19.0000 18.8793
19.0000 19.7206
19.0000 18.9575
19.0000 18.5970
19.0000 19.2987
19.0000 19.0846
19.0000 18.0588
19.0000 18.4818
19.0000 18.4476
19.0000 18.3178
19.0000 19.4896
19.0000 18.6011
19.0000 19.7724
19.0000 18.5158
19.0000 17.4844
19.0000 19.2541
19.0000 18.2837
19.0000 18.8344
19.0000 19.4721
19.0000 18.8541
19.0000 18.1683
19.0000 18.5187
19.0000 19.5297
19.0000 18.5227
19.0000 19.1769
19.0000 18.7167
19.0000 18.4257
19.0000 18.1872
19.0000 18.3111
19.0000 19.1054
19.0000 18.5111
19.0000 18.1802
19.0000 18.9275
19.0000 18.0088
19.0000 19.4109
19.0000 18.3251
19.0000 18.2939
19.0000 18.7827
19.0000 18.3182
19.0000 18.1498
19.0000 17.9866
19.0000 18.4911
19.0000 19.4681
19.0000 18.8435
19.0000 17.1034
19.0000 18.2239
19.0000 17.2696
19.0000 18.7379
19.0000 18.2055
19.0000 18.6423
19.0000 18.8610
19.0000 19.2534
19.0000 18.5920
19.0000 18.6483
19.0000 18.7084
19.0000 18.2360
19.0000 18.1662
19.0000 17.9989
19.0000 19.9760
19.0000 18.9243
19.0000 18.5006
19.0000 18.8733
19.0000 19.1107
19.0000 18.5101
19.0000 18.9297
19.0000 19.5090
19.0000 18.5902
19.0000 18.3038
19.0000 19.4937
19.0000 18.4987
19.0000 18.7684
19.0000 18.3973
19.0000 19.1574
19.0000 19.0734
19.0000 18.3741
19.0000 18.2466
19.0000 19.3009
19.0000 18.7812
19.0000 18.5691
19.0000 18.8121
19.0000 18.5833
19.0000 18.9515
19.0000 19.1982
19.0000 19.1188
19.0000 18.6627
19.0000 18.5344
19.0000 18.6605
19.0000 19.7605
19.0000 18.0949
19.0000 19.9183
19.0000 19.4525
19.0000 18.6135
19.0000 19.3403
19.0000 18.5792
19.0000 18.7626
19.0000 18.9399
19.0000 19.0457
19.0000 18.9276
19.0000 19.0949
19.0000 18.6996
19.0000 18.7855
19.0000 18.5299
19.0000 18.3052
19.0000 19.2860
19.0000 18.1443
19.0000 17.8222
19.0000 18.5211
19.0000 19.1759
19.0000 17.9857
19.0000 17.8910
19.0000 18.5368
19.0000 18.1996
19.0000 19.5211
19.0000 18.2773
19.0000 19.2437
19.0000 19.3829
19.0000 18.4491
19.0000 18.7190
19.0000 19.3643
19.0000 18.5597
19.0000 17.3631
19.0000 19.5142
19.0000 18.1438
19.0000 18.4344
19.0000 18.6903
19.0000 18.3742
19.0000 18.5565
19.0000 17.7324
19.0000 18.9141
19.0000 19.5082
19.0000 18.3583
19.0000 19.0016
19.0000 18.5733
19.0000 18.3988
19.0000 17.9128
19.0000 19.0674
19.0000 19.3226
19.0000 18.2105
19.0000 18.1006
19.0000 19.1634
19.0000 18.3898
19.0000 19.7013
19.0000 18.2430
19.0000 18.8236
19.0000 18.2371
19.0000 19.0454
19.0000 18.6247
19.0000 20.1298
19.0000 18.4151
19.0000 19.1960
19.0000 18.2828
19.0000 18.0856
19.0000 19.2412
19.0000 19.2681
19.0000 18.2241
19.0000 18.4976
19.0000 17.6771
19.0000 18.2029
19.0000 18.2259
19.0000 18.9668
19.0000 17.9851
19.0000 19.4098
19.0000 19.1847
19.0000 18.9553
19.0000 19.0269
19.0000 18.1159
19.0000 18.6377
19.0000 19.1981
19.0000 17.7934
19.0000 19.5393
19.0000 18.3325
19.0000 19.9802
19.0000 18.9586
19.0000 18.5965
19.0000 18.3432
19.0000 17.7071
19.0000 18.2676
19.0000 19.5092
19.0000 19.5330
19.0000 19.0610
19.0000 17.9682
19.0000 19.4885
19.0000 19.3517
19.0000 18.4812
19.0000 18.8325
19.0000 19.5550
19.0000 18.5000
19.0000 18.9112
19.0000 18.8978
19.0000 19.1305
19.0000 18.4196
19.0000 19.2065
19.0000 18.8693
19.0000 19.8079
19.0000 18.5521
19.0000 18.4050
19.0000 18.6994
19.0000 18.7452
19.0000 17.6420
19.0000 18.3196
19.0000 17.6643
19.0000 17.7891
19.0000 18.9447
19.0000 17.4874
19.0000 19.0837
19.0000 18.4701
19.0000 19.0006
19.0000 19.5473
19.0000 18.9657
19.0000 19.2112
19.0000 18.3710
19.0000 18.7773
19.0000 19.2284
19.0000 17.8328
19.0000 19.2165
19.0000 18.3332
19.0000 18.8005
19.0000 18.6914
19.0000 17.4643
19.0000 18.5425
19.0000 17.9398
19.0000 19.2811
19.0000 18.8108
19.0000 18.7583
19.0000 17.8989
19.0000 18.8586
19.0000 18.0552
19.0000 18.3298
19.0000 18.7448
19.0000 19.5856
19.0000 18.3937
19.0000 18.4121
19.0000 19.3200
19.0000 18.3839
19.0000 18.7591
19.0000 18.9170
19.0000 19.7141
19.0000 18.8927
19.0000 18.8110
19.0000 18.7943
19.0000 18.5970
19.0000 18.3621
19.0000 19.7452
19.0000 18.7762
19.0000 17.8173
19.0000 19.1642
19.0000 18.7291
19.0000 18.9100
19.0000 18.5366
19.0000 18.9979
19.0000 18.6131
19.0000 18.9864
19.0000 18.1779
