21.0000 19.9647
21.0000 20.7305
21.0000 20.5510
21.0000 20.3355
21.0000 20.9449
21.0000 20.6681
21.0000 19.4561
21.0000 19.9709
21.0000 20.3731
21.0000 21.3762
21.0000 20.8745
21.0000 20.7816
21.0000 21.4200
21.0000 20.7624
21.0000 20.4466
21.0000 21.0359
21.0000 21.0464
21.0000 19.7131
21.0000 20.7494
21.0000 20.8777
21.0000 20.2710
21.0000 20.7085
21.0000 18.9858
21.0000 20.5822
21.0000 20.3334
21.0000 20.1350
21.0000 20.6733
21.0000 20.9475
21.0000 20.1585
21.0000 22.0519
21.0000 20.1887
21.0000 20.1931
21.0000 20.6249
21.0000 21.0949
21.0000 21.6186
21.0000 20.8611
21.0000 21.6642
21.0000 20.8532
21.0000 20.1566
21.0000 20.8621
21.0000 21.6343
21.0000 20.9468
21.0000 20.0267
21.0000 20.4446
21.0000 20.8886
21.0000 21.2063
21.0000 20.1080
21.0000 20.9904
21.0000 20.2801
21.0000 20.0276
21.0000 20.9844
21.0000 20.3374
21.0000 20.7357
21.0000 20.2583
21.0000 20.3944
21.0000 19.9852
21.0000 19.9177
21.0000 20.3304
21.0000 19.7604
21.0000 20.4119
21.0000 20.7146
21.0000 20.5706
21.0000 21.1439
21.0000 21.2687
21.0000 20.5514
21.0000 19.9030
21.0000 19.9668
21.0000 20.0990
21.0000 21.8221
21.0000 19.7167
21.0000 20.3152
21.0000 20.8406
21.0000 20.7726
21.0000 20.5209
21.0000 20.8322
21.0000 20.8027
21.0000 20.0112
21.0000 21.6116
21.0000 19.6736
21.0000 21.1229
21.0000 20.2585
21.0000 20.9541
21.0000 20.0145
21.0000 20.7024
21.0000 21.4796
21.0000 20.2675
21.0000 20.7118
21.0000 19.9649
21.0000 22.2193
21.0000 20.8819
21.0000 20.0860
21.0000 20.5833
21.0000 20.6815
21.0000 20.6090
21.0000 20.6193
21.0000 21.1745
21.0000 20.6501
21.0000 20.8603
21.0000 21.3332
21.0000 21.0200
21.0000 20.2841
21.0000 20.9979
21.0000 20.2235
21.0000 20.7366
21.0000 20.4556
21.0000 20.2474
21.0000 20.7916
21.0000 21.0478
21.0000 20.5619
21.0000 20.6619
21.0000 19.2350
21.0000 20.2952
21.0000 20.3170
21.0000 21.0607
21.0000 20.5355
21.0000 21.1795
21.0000 19.3549
21.0000 21.1222
21.0000 21.0630
21.0000 20.8345
21.0000 20.9976
21.0000 20.2557
21.0000 20.6973
21.0000 19.9759
21.0000 21.0501
21.0000 21.0072
21.0000 21.1615
21.0000 20.8464
21.0000 21.6813
21.0000 20.9426
21.0000 19.8059
21.0000 20.3992
21.0000 20.5008
21.0000 21.2101
21.0000 20.4002
21.0000 20.1731
21.0000 20.4792
21.0000 21.2518
21.0000 20.9685
21.0000 20.5528
21.0000 20.5463
21.0000 20.1744
21.0000 20.7380
21.0000 20.2340
21.0000 20.3104
21.0000 21.0365
21.0000 20.9490
21.0000 20.8254
21.0000 20.7521
21.0000 20.8697
21.0000 19.7960
21.0000 20.9507
21.0000 19.8441
21.0000 20.6122
21.0000 21.8149
21.0000 20.0959
21.0000 20.0180
21.0000 20.9968
21.0000 19.4359
21.0000 20.7908
21.0000 19.9988
21.0000 20.9532
21.0000 20.3164
21.0000 19.6107
21.0000 20.8995
21.0000 21.8867
21.0000 19.0479
21.0000 20.9224
21.0000 20.9399
21.0000 20.3284
21.0000 19.6411
21.0000 20.0935
21.0000 20.9565
21.0000 20.7044
21.0000 20.3172
21.0000 21.0960
21.0000 21.3726
21.0000 20.4967
21.0000 20.1363
21.0000 20.8992
21.0000 20.6749
21.0000 20.5372
21.0000 20.8974
21.0000 20.9513
21.0000 20.6527
21.0000 19.8570
21.0000 20.3135
21.0000 20.8110
21.0000 20.4068
21.0000 20.7061
21.0000 19.8596
21.0000 20.5562
21.0000 19.7881
21.0000 21.4314
21.0000 21.3904
21.0000 20.8426
21.0000 20.9072
21.0000 20.8482
21.0000 21.0142
21.0000 20.2873
21.0000 20.4915
21.0000 20.5376
21.0000 21.6811
21.0000 20.8273
21.0000 21.1885
21.0000 20.3290
21.0000 20.4882
21.0000 19.7602
21.0000 20.3085
21.0000 21.6356
21.0000 20.3605
21.0000 19.8901
21.0000 20.2980
21.0000 19.7932
21.0000 20.1441
21.0000 20.6684
21.0000 20.4475
21.0000 20.9847
21.0000 20.2663
21.0000 20.3628
21.0000 20.0987
21.0000 21.3133
21.0000 20.8816
21.0000 20.9260
21.0000 19.9517
21.0000 20.2445
21.0000 19.7705
21.0000 19.9898
21.0000 20.1427
21.0000 21.2713
21.0000 21.2930
21.0000 21.1287
21.0000 20.5489
21.0000 21.3758
21.0000 21.2066
21.0000 20.0900
21.0000 20.5179
21.0000 21.0093
21.0000 19.9500
21.0000 20.2051
21.0000 19.5441
21.0000 20.7750
21.0000 20.3387
21.0000 20.8937
21.0000 20.3100
21.0000 20.0087
21.0000 21.6215
21.0000 19.6543
21.0000 20.7058
21.0000 20.1541
21.0000 19.5714
21.0000 20.4121
21.0000 19.6036
21.0000 20.3762
21.0000 20.1308
21.0000 21.2062
21.0000 20.2460
21.0000 22.3011
21.0000 19.8597
21.0000 20.3759
21.0000 19.6745
21.0000 20.4712
21.0000 20.4691
21.0000 19.4076
21.0000 20.4769
21.0000 20.9349
21.0000 20.2469
21.0000 20.7314
21.0000 19.8849
21.0000 21.7046
21.0000 21.8539
21.0000 20.6532
21.0000 20.6330
21.0000 21.4243
21.0000 19.9349
21.0000 20.0583
21.0000 19.7167
21.0000 21.3535
21.0000 20.1365
21.0000 20.6424
21.0000 20.7506
21.0000 20.6378
21.0000 20.7059
21.0000 20.4319
21.0000 20.4515
21.0000 20.9168
21.0000 20.5758
21.0000 20.3544
21.0000 21.1017
21.0000 21.5327
21.0000 21.3743
21.0000 20.3990
21.0000 19.9081
21.0000 20.1486
21.0000 21.3622
21.0000 21.0447
21.0000 20.3123
21.0000 19.5892
21.0000 20.2132
21.0000 20.1257
21.0000 20.5409
21.0000 19.8050
21.0000 21.0288
21.0000 21.0767
21.0000 21.0266
21.0000 20.2516
21.0000 20.0641
21.0000 19.4228
21.0000 21.1013
21.0000 21.2865
21.0000 21.1403
21.0000 20.1921
21.0000 20.3383
21.0000 20.0211
21.0000 21.2721
21.0000 20.5985
21.0000 20.3436
21.0000 20.5031
21.0000 20.5925
21.0000 21.0760
21.0000 20.6150
21.0000 20.8758
21.0000 20.7255
21.0000 20.5329
21.0000 20.7053
21.0000 20.0727
21.0000 20.9160
21.0000 20.6105
21.0000 21.0465
21.0000 20.2390
21.0000 20.3226
21.0000 20.0180
21.0000 20.6140
21.0000 20.9468
21.0000 20.7535
21.0000 21.0870
21.0000 20.4808
21.0000 20.1174
21.0000 21.2225
21.0000 20.8889
21.0000 19.9049
21.0000 21.3075
21.0000 20.0359
21.0000 20.2053
21.0000 20.7962
21.0000 20.7078
21.0000 20.5512
21.0000 20.6442
21.0000 20.2690
21.0000 20.7890
21.0000 20.9393
21.0000 20.4196
21.0000 20.8414
21.0000 21.1458
21.0000 19.6405
21.0000 21.0099
21.0000 21.3308
21.0000 20.3067
21.0000 21.0327
21.0000 20.7163
21.0000 21.3289
21.0000 21.9008
21.0000 21.1436
21.0000 20.8871
21.0000 20.5578
21.0000 19.7039
21.0000 20.5538
21.0000 19.4520
21.0000 20.5961
21.0000 20.3706
21.0000 21.9442
21.0000 20.9668
21.0000 20.9895
21.0000 20.1426
21.0000 19.3234
21.0000 20.7515
21.0000 20.6322
21.0000 21.1654
21.0000 19.3829
21.0000 21.6249
21.0000 21.1853
21.0000 21.8078
21.0000 19.7661
21.0000 20.2696
21.0000 21.0686
21.0000 21.6772
21.0000 20.4402
21.0000 19.8172
21.0000 20.2445
21.0000 20.5551
21.0000 20.5334
21.0000 19.8817
21.0000 20.9777
21.0000 20.2209
21.0000 20.1112
21.0000 20.1458
21.0000 20.4107
21.0000 20.5938
21.0000 19.8835
21.0000 20.4540
21.0000 20.7829
21.0000 20.4368
21.0000 19.8186
21.0000 20.1260
21.0000 21.9549
21.0000 21.3426
21.0000 21.6524
21.0000 21.6741
21.0000 20.7681
21.0000 20.8815
21.0000 19.9719
21.0000 20.8237
21.0000 21.1406
21.0000 20.9506
21.0000 20.1438
21.0000 20.7744
21.0000 21.1276
21.0000 21.5687
21.0000 21.0149
21.0000 19.9178
21.0000 20.8649
21.0000 20.0603
21.0000 20.7573
21.0000 21.4135
21.0000 20.2421
21.0000 20.2364
21.0000 20.6648
21.0000 20.3447
21.0000 20.6276
21.0000 21.0206
21.0000 20.3550
21.0000 20.3604
21.0000 20.5309
21.0000 20.2709
21.0000 20.1972
21.0000 20.8238
21.0000 20.7755
21.0000 20.4238
21.0000 20.8716
21.0000 20.3045
21.0000 20.8538
21.0000 20.3847
21.0000 21.8994
21.0000 19.8286
21.0000 20.6012
21.0000 19.7823
21.0000 21.5917
21.0000 21.6448
21.0000 21.3220
21.0000 21.8449
21.0000 20.0355
21.0000 20.1813
21.0000 20.3997
21.0000 21.5504
21.0000 20.0861
21.0000 20.5685
21.0000 19.9367
21.0000 20.5282
21.0000 20.3210
21.0000 20.3493
21.0000 21.7449
21.0000 19.8977
21.0000 20.4360
21.0000 20.8783
21.0000 21.6381
21.0000 20.2472
21.0000 20.4374
21.0000 20.1542
21.0000 21.6944
21.0000 20.3185
21.0000 20.3593
21.0000 20.2270
21.0000 21.1659
21.0000 19.4312
21.0000 21.3499
21.0000 20.1564
21.0000 21.5437
21.0000 19.7859
21.0000 20.3539
21.0000 19.4942
21.0000 20.3993
21.0000 20.4327
21.0000 21.1752
21.0000 19.6735
21.0000 19.2735
21.0000 20.9534
21.0000 20.5976
21.0000 20.4427
21.0000 20.3115
21.0000 20.5865
21.0000 20.4684
21.0000 20.4056
21.0000 20.8511
21.0000 21.2371
21.0000 20.3791
21.0000 19.9684
21.0000 20.8761
21.0000 20.2096
21.0000 20.3080
21.0000 20.1695
21.0000 20.3061
21.0000 21.0195
21.0000 20.3654
21.0000 22.2379
21.0000 21.3316
21.0000 20.8375
21.0000 20.9298
21.0000 20.5678
21.0000 20.0875
21.0000 20.6712
21.0000 20.5894
21.0000 20.8554
21.0000 20.1128
21.0000 20.6103
21.0000 20.5651
21.0000 21.1133
21.0000 20.2097
21.0000 21.1920
21.0000 20.7755
21.0000 21.2845
21.0000 20.6425
21.0000 20.2572
21.0000 20.9577
21.0000 20.3736
21.0000 21.0352
21.0000 21.0220
21.0000 20.3253
21.0000 20.6489
21.0000 20.2022
21.0000 20.5432
21.0000 20.9985
21.0000 20.4407
21.0000 21.4622
21.0000 20.6224
21.0000 20.1659
21.0000 19.6754
21.0000 19.8376
21.0000 19.5956
21.0000 20.9807
21.0000 21.5934
21.0000 20.5709
21.0000 20.7575
21.0000 20.2015
21.0000 20.9462
21.0000 21.1308
21.0000 20.0080
21.0000 20.3587
21.0000 21.1782
21.0000 20.3202
21.0000 20.8403
21.0000 19.6398
21.0000 20.1685
21.0000 20.5827
21.0000 20.7500
21.0000 19.7918
21.0000 21.2716
21.0000 20.5840
21.0000 20.9769
21.0000 20.2933
21.0000 20.6612
21.0000 21.2380
21.0000 20.8332
21.0000 20.6410
21.0000 19.9238
21.0000 20.4731
21.0000 20.7161
21.0000 20.0432
21.0000 20.6557
21.0000 20.0170
21.0000 21.1669
21.0000 20.2747
21.0000 20.0681
21.0000 20.4571
21.0000 20.9271
21.0000 20.9065
21.0000 20.9534
21.0000 19.7076
21.0000 21.1116
21.0000 21.3551
21.0000 21.9819
21.0000 19.9786
21.0000 21.2293
21.0000 20.5327
21.0000 20.5126
21.0000 19.9125
21.0000 20.9943
21.0000 19.3701
21.0000 21.0056
21.0000 21.3547
21.0000 20.8297
21.0000 20.3390
21.0000 21.0270
21.0000 20.9676
21.0000 20.5821
21.0000 21.2591
21.0000 19.9116
21.0000 20.5407
21.0000 20.1567
21.0000 19.6758
21.0000 20.0424
21.0000 20.4868
21.0000 20.9579
21.0000 21.7841
21.0000 21.2449
21.0000 20.9106
21.0000 20.3597
21.0000 19.5122
21.0000 20.4195
21.0000 19.7491
21.0000 21.4378
21.0000 20.4654
21.0000 20.4659
21.0000 21.0540
21.0000 21.0129
21.0000 20.0393
21.0000 20.0847
21.0000 20.0374
21.0000 20.9961
21.0000 21.3081
21.0000 20.4941
21.0000 20.7056
21.0000 20.8133
21.0000 21.1378
21.0000 21.2685
21.0000 20.4033
21.0000 21.1849
21.0000 20.8427
21.0000 20.7767
21.0000 21.2008
21.0000 19.1102
21.0000 20.3721
21.0000 21.2119
21.0000 20.5031
21.0000 21.5819
21.0000 19.6642
21.0000 21.4983
21.0000 21.3408
21.0000 20.9011
21.0000 20.4233
21.0000 19.7751
21.0000 20.2192
21.0000 20.9092
21.0000 20.1152
21.0000 20.4369
21.0000 20.5414
21.0000 20.8217
21.0000 20.9047
21.0000 20.6007
21.0000 21.3833
21.0000 20.9505
21.0000 20.6730
21.0000 22.1070
21.0000 20.9869
21.0000 20.6193
21.0000 19.9871
21.0000 20.5658
21.0000 20.1576
21.0000 21.1291
21.0000 20.2726
21.0000 19.9962
21.0000 21.0523
21.0000 19.8818
21.0000 21.0909
21.0000 20.8982
21.0000 21.0530
21.0000 20.1716
21.0000 20.8546
21.0000 20.9283
21.0000 21.6417
21.0000 20.4665
21.0000 20.0492
21.0000 20.1250
21.0000 20.6668
21.0000 21.4612
21.0000 22.2115
21.0000 21.2622
21.0000 20.0769
21.0000 20.8003
21.0000 20.7430
21.0000 19.8768
21.0000 19.4333
21.0000 20.7876
21.0000 20.7179
21.0000 20.2325
21.0000 21.0231
21.0000 21.2318
21.0000 21.3446
21.0000 20.6027
21.0000 19.9926
21.0000 21.1419
21.0000 20.9190
21.0000 19.8171
21.0000 20.2845
21.0000 21.6296
21.0000 20.2476
21.0000 20.4612
21.0000 21.3207
21.0000 20.5028
21.0000 20.6238
21.0000 21.0310
21.0000 19.3448
21.0000 20.0112
21.0000 20.3907
21.0000 20.8373
21.0000 21.1654
21.0000 20.5788
21.0000 21.8435
21.0000 20.9322
21.0000 20.4306
21.0000 20.5153
21.0000 20.5462
21.0000 20.4688
21.0000 20.2417
21.0000 21.1303
21.0000 20.4298
21.0000 20.3097
21.0000 20.2219
21.0000 21.8104
21.0000 20.0027
21.0000 21.3131
21.0000 20.4734
21.0000 19.2130
21.0000 21.0410
21.0000 21.3916
21.0000 20.6480
21.0000 20.3645
21.0000 20.5480
21.0000 20.2279
21.0000 20.1350
21.0000 21.0214
21.0000 20.7149
21.0000 20.1825
21.0000 20.8525
21.0000 21.2180
21.0000 21.0882
21.0000 19.8224
21.0000 21.2962
21.0000 21.3572
21.0000 20.3551
21.0000 21.7223
21.0000 20.4746
21.0000 21.0702
21.0000 21.4598
21.0000 21.2638
21.0000 21.5973
21.0000 20.1822
21.0000 21.0546
21.0000 21.2104
21.0000 19.6160
21.0000 19.9953
21.0000 20.8654
21.0000 20.2107
21.0000 20.9660
21.0000 21.5290
21.0000 20.5094
21.0000 19.8704
21.0000 19.5853
21.0000 19.8856
21.0000 20.7150
21.0000 20.8419
21.0000 20.2991
21.0000 20.9454
21.0000 21.1072
21.0000 20.8032
21.0000 21.2655
21.0000 20.2291
21.0000 20.7685
21.0000 21.3450
21.0000 19.8034
21.0000 20.3478
21.0000 20.2906
21.0000 20.9099
21.0000 21.4728
21.0000 20.6239
21.0000 21.0858
21.0000 20.8956
21.0000 19.5294
21.0000 20.4151
21.0000 19.8574
21.0000 20.4819
21.0000 20.3938
21.0000 20.4751
21.0000 21.7880
21.0000 21.1696
21.0000 21.0786
21.0000 20.8778
21.0000 20.9388
21.0000 21.2797
21.0000 21.2933
21.0000 19.9412
21.0000 19.9689
21.0000 20.5436
21.0000 21.6777
21.0000 20.0955
21.0000 21.3550
21.0000 20.6972
21.0000 20.7147
21.0000 20.7207
21.0000 20.3599
21.0000 20.5454
21.0000 20.0399
21.0000 20.0525
21.0000 20.4290
21.0000 20.5112
21.0000 21.7731
21.0000 21.2123
21.0000 20.4955
21.0000 20.4911
21.0000 19.9832
21.0000 20.4145
21.0000 20.8569
21.0000 20.4616
21.0000 20.9012
21.0000 21.3403
21.0000 20.5807
21.0000 19.8534
21.0000 21.2922
21.0000 20.1188
21.0000 21.0178
21.0000 21.1866
21.0000 21.1348
21.0000 21.1462
21.0000 21.1759
21.0000 19.8862
21.0000 20.1657
21.0000 20.0358
21.0000 20.4098
21.0000 20.4253
21.0000 19.5062
21.0000 21.4776
21.0000 20.4061
21.0000 20.0852
21.0000 20.6707
21.0000 21.3488
21.0000 20.9700
21.0000 21.2195
21.0000 20.2668
21.0000 20.3817
21.0000 20.3558
21.0000 21.3282
21.0000 20.5175
21.0000 19.5934
21.0000 21.1240
21.0000 21.2892
21.0000 20.4259
21.0000 20.3376
21.0000 20.8963
21.0000 21.0908
21.0000 20.4927
21.0000 20.2656
21.0000 21.7662
21.0000 21.1135
21.0000 20.5244
21.0000 20.3048
21.0000 21.6121
21.0000 19.9664
21.0000 20.0955
21.0000 20.9636
21.0000 21.1241
21.0000 21.3967
21.0000 20.7407
21.0000 20.0518
21.0000 21.2471
21.0000 20.3059
21.0000 20.4611
21.0000 20.7892
21.0000 20.6141
21.0000 19.8611
21.0000 20.2398
21.0000 20.6670
21.0000 20.3860
21.0000 21.0347
21.0000 19.8238
21.0000 21.2709
21.0000 20.5790
21.0000 20.6856
21.0000 20.2669
21.0000 20.6558
21.0000 20.7564
21.0000 20.6252
21.0000 21.0164
21.0000 20.0792
21.0000 21.3203
21.0000 19.8933
21.0000 20.3738
21.0000 21.3857
21.0000 20.5223
21.0000 20.6821
21.0000 20.2798
21.0000 19.8768
21.0000 19.7289
21.0000 21.3143
21.0000 20.7817
21.0000 20.3694
21.0000 20.9136
21.0000 21.0010
21.0000 20.2724
21.0000 19.9179
21.0000 21.0011
21.0000 20.2953
21.0000 20.3923
21.0000 21.7278
21.0000 20.7081
21.0000 19.7180
21.0000 20.4608
21.0000 20.4080
21.0000 19.8127
21.0000 20.9436
21.0000 19.7900
21.0000 21.5312
21.0000 20.6700
21.0000 19.8811
21.0000 19.3694
21.0000 19.9754
21.0000 20.1755
21.0000 20.7456
21.0000 20.2699
21.0000 20.2328
21.0000 22.1006
21.0000 20.2604
21.0000 20.3131
21.0000 21.6662
21.0000 21.0210
21.0000 20.5798
21.0000 20.7190
21.0000 20.0759
21.0000 21.1050
21.0000 19.9972
21.0000 20.7093
21.0000 20.6680
21.0000 20.1899
21.0000 19.9742
21.0000 20.4591
21.0000 21.7466
21.0000 20.4445
21.0000 21.0336
21.0000 20.2769
21.0000 20.9519
21.0000 20.2924
21.0000 20.7944
21.0000 19.9706
21.0000 20.1784
21.0000 21.1264
21.0000 20.7715
21.0000 20.9480
21.0000 20.4605
21.0000 20.9071
21.0000 21.2807
21.0000 20.9320
21.0000 20.2556
21.0000 20.1844
21.0000 21.5391
21.0000 20.5623
21.0000 20.3812
21.0000 21.0668
21.0000 19.5839
21.0000 21.3666
21.0000 21.2261
21.0000 19.6989
21.0000 20.4256
21.0000 20.3754
21.0000 20.5726
21.0000 20.6229
21.0000 20.9287
21.0000 20.1232
21.0000 20.5517
21.0000 20.0989
21.0000 20.8680
21.0000 20.7282
21.0000 21.7366
21.0000 20.3808
21.0000 21.3025
21.0000 20.9630
21.0000 20.0674
21.0000 20.9137
21.0000 19.8833
21.0000 20.5914
21.0000 20.5635
21.0000 21.0939
21.0000 20.0007
21.0000 21.4486
21.0000 20.3914
21.0000 20.9560
21.0000 20.9003
21.0000 21.7944
21.0000 20.8322
21.0000 20.4480
21.0000 20.6280
21.0000 20.0384
21.0000 20.6590
21.0000 20.6927
21.0000 21.6767
21.0000 19.8492
21.0000 20.5643
21.0000 21.7061
21.0000 20.7562
21.0000 20.8621
21.0000 20.8272
21.0000 20.5607
21.0000 21.3475
21.0000 19.3901
21.0000 20.4361
21.0000 20.7383
21.0000 21.4334
21.0000 20.8536
21.0000 20.3340
21.0000 20.7397
21.0000 19.3961
21.0000 20.4730
21.0000 21.2609
21.0000 20.3786
21.0000 19.9554
21.0000 20.0209
21.0000 21.2393
21.0000 20.6477
21.0000 20.7078
21.0000 20.7294
21.0000 21.3042
21.0000 19.9812
21.0000 19.7456
21.0000 19.8277
21.0000 20.1497
21.0000 20.4429
21.0000 21.1695
21.0000 20.0207
21.0000 20.9009
21.0000 21.4685
21.0000 19.8762
21.0000 19.6106
21.0000 21.3221
21.0000 20.2554
21.0000 21.0849
21.0000 20.1647
21.0000 20.4848
21.0000 21.6441
21.0000 21.3182
21.0000 20.7067
21.0000 20.2901
21.0000 20.6697
21.0000 20.5253
21.0000 20.2384
21.0000 21.2337
21.0000 19.6815
21.0000 20.5045
21.0000 21.5998
21.0000 21.3609
21.0000 20.6540
21.0000 20.5415
21.0000 20.2258
21.0000 20.7234
21.0000 20.9164
21.0000 19.7826
21.0000 19.7245
21.0000 20.4707
21.0000 20.2559
21.0000 20.9398
21.0000 20.3388
21.0000 20.3935
21.0000 21.4825
21.0000 20.2075
21.0000 19.2812
21.0000 19.8932
21.0000 19.8537
21.0000 20.7224
21.0000 20.7944
21.0000 20.1614
21.0000 21.1813
21.0000 20.5627
21.0000 20.3708
21.0000 20.2554
21.0000 20.4202
21.0000 20.2469
21.0000 21.7881
21.0000 22.0836
21.0000 20.5128
21.0000 20.6077
21.0000 20.0320
21.0000 20.3886
21.0000 21.0991
21.0000 19.5473
21.0000 20.3913
21.0000 20.3012
21.0000 21.0413
21.0000 20.6721
21.0000 20.0580
21.0000 20.2432
21.0000 19.6371
21.0000 20.7067
21.0000 20.7613
21.0000 21.7781
21.0000 20.4291
21.0000 20.7815
21.0000 21.8137
21.0000 20.1106
21.0000 19.5778
21.0000 20.7232
21.0000 21.3271
21.0000 21.9718
21.0000 20.3354
21.0000 20.4073
21.0000 21.1189
21.0000 20.8332
21.0000 21.6365
21.0000 20.9532
21.0000 20.0220
21.0000 20.4531
21.0000 21.4261
21.0000 20.7087
21.0000 20.9319
21.0000 20.2419
21.0000 20.2372
21.0000 20.8096
21.0000 21.4533
21.0000 20.1682
21.0000 20.6578
21.0000 20.6361
21.0000 20.2790
21.0000 19.8121
21.0000 21.0854
21.0000 20.2303
21.0000 20.9971
21.0000 20.1580
21.0000 20.9406
21.0000 21.3828
21.0000 19.7361
21.0000 21.0596
21.0000 20.1092
21.0000 21.5279
21.0000 20.3608
21.0000 20.1398
21.0000 20.5254
21.0000 20.7695
21.0000 21.5404
21.0000 20.8522
21.0000 20.4262
21.0000 20.4873
21.0000 19.8731
21.0000 20.9940
21.0000 20.3244
21.0000 20.1338
21.0000 21.0045
21.0000 21.4738
21.0000 20.2215
21.0000 19.9075
21.0000 20.3300
21.0000 19.7852
21.0000 19.2283
21.0000 21.7333
21.0000 20.9502
21.0000 21.4628
21.0000 21.4391
21.0000 20.6768
21.0000 19.3849
21.0000 20.6088
21.0000 20.4065
21.0000 19.9106
21.0000 19.6734
21.0000 21.4890
21.0000 19.4033
21.0000 21.7137
21.0000 20.0124
21.0000 20.7059
21.0000 20.4486
21.0000 20.4827
21.0000 20.5625
21.0000 20.2828
21.0000 20.0873
21.0000 19.6110
21.0000 20.3332
21.0000 21.0097
21.0000 20.2112
21.0000 20.5795
21.0000 20.0521
21.0000 20.9719
21.0000 21.0701
21.0000 20.7308
21.0000 20.8106
21.0000 20.3188
21.0000 20.5060
21.0000 20.7492
21.0000 20.9088
21.0000 20.4360
21.0000 20.4914
21.0000 20.8187
21.0000 19.5375
21.0000 20.7418
21.0000 19.7959
21.0000 21.8453
21.0000 19.1130
21.0000 21.0883
21.0000 20.2261
21.0000 20.0380
21.0000 20.5603
21.0000 20.4210
21.0000 20.5134
21.0000 20.2882
21.0000 21.2785
21.0000 21.4811
21.0000 20.2162
21.0000 21.0038
21.0000 20.8201
21.0000 20.8902
21.0000 20.9124
21.0000 20.9378
21.0000 20.8772
21.0000 21.3294
21.0000 21.4920
21.0000 20.6118
21.0000 21.0179
21.0000 21.0590
21.0000 20.5347
21.0000 21.0741
21.0000 21.0239
21.0000 19.7852
21.0000 20.7579
21.0000 19.8674
21.0000 21.4949
21.0000 19.8906
21.0000 21.4687
21.0000 21.6756
21.0000 20.2317
21.0000 20.3350
21.0000 20.6496
21.0000 21.2120
21.0000 21.2145
21.0000 21.4933
21.0000 20.0460
21.0000 20.0766
21.0000 21.3083
21.0000 20.0767
21.0000 20.5008
21.0000 20.6337
21.0000 21.1885
21.0000 19.8530
21.0000 20.7571
21.0000 20.1967
21.0000 20.6866
21.0000 20.6824
21.0000 22.1119
21.0000 20.6424
21.0000 19.9623
21.0000 19.8084
21.0000 20.6958
21.0000 20.2202
21.0000 20.7973
21.0000 20.7958
21.0000 20.1112
21.0000 20.9598
21.0000 20.8701
21.0000 20.1929
21.0000 20.1562
21.0000 20.8323
21.0000 20.6740
21.0000 20.1678
21.0000 21.3055
21.0000 21.0662
21.0000 20.9782
21.0000 19.9020
21.0000 20.8263
21.0000 20.8830
21.0000 20.8346
21.0000 19.8566
21.0000 21.4798
21.0000 21.6152
21.0000 20.7149
21.0000 21.8365
21.0000 21.2639
21.0000 20.4647
21.0000 21.1961
21.0000 20.2397
21.0000 21.1704
21.0000 20.1095
21.0000 20.5538
21.0000 20.9739
21.0000 20.6148
21.0000 21.4057
21.0000 21.8914
21.0000 20.5020
21.0000 21.4432
21.0000 20.5956
21.0000 20.4615
21.0000 20.9686
21.0000 20.1821
21.0000 21.0073
21.0000 20.5821
21.0000 20.0888
21.0000 21.2975
21.0000 20.7712
21.0000 20.5785
21.0000 19.4385
21.0000 19.9930
21.0000 20.5848
21.0000 20.1466
21.0000 20.5744
21.0000 20.5358
21.0000 20.7646
21.0000 22.1620
21.0000 21.4521
21.0000 20.1295
21.0000 20.3555
21.0000 20.8100
21.0000 21.3219
21.0000 21.0937
21.0000 20.6501
21.0000 20.7681
21.0000 19.2001
21.0000 20.9694
21.0000 21.0712
21.0000 21.0860
21.0000 19.2965
21.0000 21.1800
21.0000 20.8860
21.0000 20.1671
21.0000 21.4924
21.0000 20.5500
21.0000 20.4601
21.0000 20.7463
21.0000 21.0557
21.0000 20.3587
21.0000 20.6285
21.0000 19.6209
21.0000 19.8275
21.0000 19.3847
21.0000 20.7747
21.0000 19.9496
21.0000 20.4429
21.0000 20.8654
21.0000 20.4533
21.0000 20.3989
21.0000 20.9951
21.0000 20.9747
21.0000 21.1911
21.0000 21.0647
21.0000 20.4801
21.0000 20.2458
21.0000 20.8356
21.0000 20.1864
21.0000 20.8946
21.0000 20.3707
21.0000 19.3635
21.0000 21.0499
21.0000 20.8707
21.0000 19.7792
21.0000 20.0022
21.0000 19.8851
21.0000 21.3070
21.0000 21.7977
21.0000 21.0835
21.0000 20.5434
21.0000 19.9310
21.0000 20.1252
21.0000 21.2308
21.0000 20.3098
21.0000 21.6037
21.0000 20.7610
21.0000 20.6232
21.0000 20.4822
21.0000 19.3040
21.0000 20.5916
21.0000 19.9376
21.0000 21.4175
21.0000 21.6032
21.0000 20.6616
21.0000 21.5797
21.0000 20.5361
21.0000 20.8402
21.0000 20.6983
21.0000 20.4070
21.0000 19.8497
21.0000 19.9043
21.0000 20.2576
21.0000 20.3198
21.0000 20.8085
21.0000 20.8485
21.0000 20.7004
21.0000 20.4375
21.0000 21.4320
21.0000 22.0392
21.0000 20.2957
21.0000 20.8093
21.0000 19.3762
21.0000 20.4329
21.0000 22.2224
21.0000 20.8849
21.0000 20.9046
21.0000 21.6219
21.0000 20.8517
21.0000 19.9065
21.0000 20.3944
21.0000 20.8999
21.0000 21.0330
21.0000 20.4713
21.0000 19.9195
21.0000 20.4541
21.0000 20.0214
21.0000 20.0716
21.0000 20.6161
21.0000 20.8938
21.0000 21.5421
21.0000 20.1163
21.0000 20.4172
21.0000 20.3065
21.0000 21.4091
21.0000 20.3154
21.0000 21.3292
21.0000 20.8573
21.0000 20.8285
21.0000 20.6721
21.0000 20.4582
21.0000 21.2665
21.0000 19.6354
21.0000 21.1039
21.0000 20.7460
21.0000 20.3764
21.0000 21.2055
21.0000 20.7057
21.0000 22.0104
21.0000 20.5117
21.0000 21.2876
21.0000 20.6165
21.0000 21.0214
21.0000 20.7718
21.0000 20.4200
21.0000 20.0607
21.0000 20.2491
21.0000 20.2797
21.0000 19.6462
21.0000 20.1692
21.0000 20.5120
21.0000 21.1848
21.0000 20.1465
21.0000 20.0981
21.0000 20.4369
21.0000 21.4525
21.0000 20.6508
21.0000 20.1108
21.0000 19.6246
21.0000 20.5746
21.0000 19.8357
21.0000 19.5465
21.0000 20.0042
21.0000 20.3049
21.0000 19.9544
21.0000 19.6675
21.0000 20.0597
21.0000 19.8616
21.0000 21.1646
21.0000 20.7163
21.0000 21.2404
21.0000 21.1805
21.0000 20.5533
21.0000 20.9645
21.0000 20.9303
21.0000 19.5523
21.0000 21.1359
21.0000 20.6566
21.0000 21.1595
21.0000 21.4075
21.0000 21.0039
21.0000 21.6844
21.0000 21.2822
21.0000 20.1853
21.0000 20.2750
21.0000 20.3735
21.0000 20.1807
21.0000 20.1957
21.0000 20.4845
21.0000 20.7446
21.0000 20.9788
21.0000 19.9403
21.0000 20.1136
21.0000 20.5989
21.0000 19.6918
21.0000 20.9105
21.0000 21.1929
21.0000 20.6292
21.0000 20.0351
21.0000 20.6861
21.0000 20.3220
21.0000 21.7933
21.0000 20.7008
21.0000 19.2858
21.0000 20.1291
21.0000 21.3351
21.0000 21.6552
21.0000 21.1714
21.0000 21.0208
21.0000 20.5614
21.0000 21.5338
21.0000 22.1155
21.0000 19.4447
21.0000 20.8505
21.0000 20.2652
21.0000 20.1778
21.0000 21.0917
21.0000 20.2461
21.0000 20.0145
21.0000 21.2185
21.0000 20.5113
21.0000 20.8387
21.0000 19.7070
21.0000 21.3481
21.0000 20.6005
21.0000 21.8521
21.0000 20.2979
21.0000 19.9376
21.0000 20.5517
21.0000 20.4647
21.0000 20.8531
21.0000 20.9512
21.0000 21.1242
21.0000 21.2269
21.0000 20.5642
21.0000 21.6749
21.0000 21.7257
21.0000 20.5163
21.0000 21.5789
21.0000 20.4645
21.0000 20.1720
21.0000 20.6623
21.0000 20.2909
21.0000 21.0358
21.0000 19.5254
21.0000 21.9096
21.0000 20.6241
21.0000 20.4068
21.0000 21.2148
21.0000 20.2405
21.0000 20.1724
21.0000 20.8632
21.0000 20.6656
21.0000 20.3770
21.0000 19.9790
21.0000 19.7574
21.0000 20.5063
21.0000 20.8843
21.0000 20.6778
21.0000 20.8643
21.0000 20.5562
21.0000 20.3579
21.0000 21.2466
21.0000 21.1535
21.0000 20.1469
21.0000 20.2252
21.0000 19.4390
21.0000 19.9615
21.0000 20.7563
21.0000 21.6306
21.0000 20.4347
21.0000 20.4791
21.0000 20.8510
21.0000 19.8670
21.0000 20.7248
21.0000 20.5060
21.0000 20.5754
21.0000 20.2757
21.0000 21.3320
21.0000 20.4759
21.0000 20.8733
21.0000 20.5108
21.0000 20.8975
21.0000 21.0948
21.0000 20.4707
21.0000 20.1696
21.0000 20.3387
21.0000 20.8555
21.0000 21.1561
21.0000 20.8570
21.0000 20.5800
21.0000 20.1005
21.0000 19.9239
21.0000 21.0835
21.0000 19.8809
21.0000 20.8867
21.0000 21.6839
21.0000 20.3533
21.0000 20.3232
21.0000 20.6582
21.0000 20.1480
21.0000 19.8392
21.0000 20.8388
21.0000 20.3632
21.0000 21.0405
21.0000 20.1001
21.0000 20.4382
21.0000 21.5586
21.0000 20.4483
21.0000 21.1738
21.0000 20.4737
21.0000 19.8554
21.0000 19.7723
21.0000 21.1267
21.0000 21.4751
21.0000 21.0252
21.0000 21.0013
21.0000 20.9098
21.0000 20.7852
21.0000 20.8493
21.0000 21.7541
21.0000 20.0335
21.0000 20.5749
21.0000 20.3037
21.0000 20.5281
21.0000 20.8874
21.0000 20.7225
21.0000 20.4602
21.0000 20.2158
21.0000 20.4373
21.0000 21.3579
21.0000 20.4334
21.0000 19.4077
21.0000 20.5825
21.0000 20.7501
21.0000 20.0678
21.0000 20.1507
21.0000 19.4876
21.0000 20.5220
21.0000 20.7127
21.0000 20.3131
21.0000 21.2357
21.0000 21.3024
21.0000 21.4134
21.0000 20.8804
21.0000 21.4656
21.0000 21.4573
21.0000 20.9878
21.0000 19.8145
21.0000 21.0264
21.0000 19.6252
21.0000 21.4658
21.0000 20.8445
21.0000 21.7940
21.0000 21.1339
21.0000 21.7212
21.0000 20.9683
21.0000 20.9767
21.0000 20.1069
21.0000 21.3552
21.0000 21.4313
21.0000 20.3316
21.0000 19.4239
21.0000 19.5751
21.0000 20.8918
21.0000 20.2409
21.0000 19.6460
21.0000 20.2996
21.0000 21.7962
21.0000 19.8020
21.0000 20.9378
21.0000 21.0338
21.0000 21.5661
21.0000 20.3197
21.0000 19.8377
21.0000 20.0788
21.0000 20.7018
21.0000 20.0902
21.0000 20.0507
21.0000 20.7940
21.0000 20.3947
21.0000 20.7997
21.0000 19.9547
21.0000 20.9331
21.0000 19.5581
21.0000 21.2002
21.0000 20.6666
21.0000 20.1275
21.0000 20.9482
21.0000 20.9416
21.0000 20.6373
21.0000 22.0513
21.0000 20.2067
21.0000 20.3816
21.0000 21.0519
21.0000 20.4255
21.0000 21.4837
21.0000 20.4874
21.0000 20.0654
21.0000 21.6844
21.0000 20.2454
21.0000 20.6409
21.0000 21.4839
21.0000 20.2183
21.0000 20.7697
21.0000 20.3868
21.0000 20.8091
21.0000 21.0178
21.0000 20.8781
21.0000 19.7876
21.0000 21.4607
21.0000 21.0693
21.0000 20.3884
21.0000 20.0586
21.0000 21.2665
21.0000 20.0245
21.0000 20.0892
21.0000 20.5070
21.0000 20.9741
21.0000 19.8631
21.0000 20.0074
21.0000 20.8686
21.0000 20.5249
21.0000 20.2954
21.0000 20.6243
21.0000 20.6185
21.0000 20.3142
21.0000 20.3662
21.0000 19.6925
21.0000 21.1141
21.0000 19.5261
21.0000 19.7508
21.0000 21.1251
21.0000 20.3313
21.0000 19.8930
21.0000 21.0254
21.0000 20.1067
21.0000 20.9761
21.0000 20.6065
21.0000 19.8499
21.0000 20.5939
21.0000 20.5521
21.0000 21.2310
21.0000 20.5873
21.0000 20.1080
21.0000 20.8012
21.0000 20.8433
21.0000 21.5546
21.0000 19.8904
21.0000 20.6696
21.0000 20.1145
21.0000 21.2916
21.0000 20.1663
21.0000 19.7383
21.0000 20.2584
21.0000 20.6460
21.0000 20.2202
21.0000 21.3749
21.0000 21.2535
21.0000 20.0358
21.0000 20.1428
21.0000 20.8259
21.0000 21.0956
21.0000 19.8365
21.0000 19.9455
21.0000 20.8562
21.0000 19.9668
21.0000 20.2845
21.0000 21.7630
21.0000 21.2498
21.0000 20.8854
21.0000 21.7484
21.0000 21.0684
21.0000 20.7705
21.0000 20.2960
21.0000 21.2238
21.0000 19.6746
21.0000 20.8495
21.0000 20.7426
21.0000 19.9784
21.0000 21.5731
21.0000 19.9237
21.0000 20.3293
21.0000 20.4830
21.0000 21.1683
21.0000 19.8016
21.0000 20.2779
21.0000 20.9940
21.0000 20.3637
21.0000 19.5665
21.0000 22.0374
21.0000 20.6448
21.0000 20.7698
21.0000 20.7340
21.0000 21.1306
21.0000 20.6890
21.0000 20.1889
21.0000 20.7829
21.0000 20.4488
21.0000 20.4829
21.0000 21.3863
21.0000 20.2488
21.0000 20.2168
21.0000 20.9123
21.0000 21.2747
21.0000 20.5397
21.0000 21.0176
21.0000 21.0474
21.0000 20.0264
21.0000 20.3829
21.0000 20.3514
21.0000 21.3157
21.0000 20.5232
21.0000 21.9387
21.0000 19.9495
21.0000 20.9101
21.0000 20.6303
21.0000 20.7324
21.0000 20.5812
21.0000 21.5400
21.0000 20.8762
21.0000 19.8207
21.0000 20.4156
21.0000 19.8820
21.0000 20.8488
21.0000 20.6314
21.0000 21.3312
21.0000 20.6181
21.0000 19.8782
21.0000 20.3601
21.0000 20.3132
21.0000 21.0863
21.0000 20.2780
21.0000 20.3666
21.0000 21.0488
21.0000 20.1258
21.0000 20.6783
21.0000 20.7684
21.0000 20.2659
21.0000 19.6958
21.0000 21.3977
21.0000 19.8930
21.0000 20.1843
21.0000 20.0244
21.0000 20.1216
21.0000 20.7206
21.0000 20.7120
21.0000 20.7273
21.0000 20.6228
21.0000 18.9059
21.0000 21.1203
21.0000 20.6658
21.0000 21.1933
21.0000 20.5847
21.0000 20.0003
21.0000 20.0208
21.0000 21.1104
21.0000 19.8867
21.0000 20.3624
21.0000 19.8491
21.0000 20.0418
21.0000 19.9948
21.0000 20.6890
21.0000 20.3613
21.0000 21.6332
21.0000 20.2815
21.0000 20.9397
21.0000 19.3890
21.0000 20.3480
21.0000 20.7495
21.0000 20.4128
21.0000 20.4346
21.0000 20.7611
21.0000 21.3346
21.0000 21.7550
21.0000 20.4644
21.0000 21.0298
21.0000 20.5956
21.0000 21.1272
21.0000 20.2004
21.0000 20.5852
21.0000 20.6560
21.0000 21.2414
21.0000 20.3672
21.0000 21.1707
21.0000 21.4965
21.0000 20.5133
21.0000 21.0408
21.0000 20.3492
21.0000 21.2518
21.0000 21.6757
21.0000 19.8979
21.0000 21.6867
21.0000 20.8467
21.0000 21.2862
21.0000 21.1585
21.0000 21.3182
21.0000 20.5688
21.0000 21.3573
21.0000 20.5898
21.0000 21.4343
21.0000 20.2683
21.0000 20.1617
21.0000 20.8954
21.0000 20.6598
21.0000 19.9695
21.0000 20.8768
21.0000 20.9121
21.0000 20.4685
21.0000 21.0873
21.0000 20.7755
21.0000 20.9392
21.0000 20.3480
21.0000 21.1139
21.0000 20.2229
21.0000 21.1998
21.0000 20.9694
21.0000 20.6133
21.0000 20.1736
21.0000 21.0949
21.0000 20.9063
21.0000 19.9921
21.0000 20.7319
21.0000 20.2302
21.0000 21.3457
21.0000 21.1850
21.0000 20.6375
21.0000 20.4516
21.0000 19.9413
21.0000 20.0374
21.0000 20.8002
21.0000 20.1630
21.0000 20.4037
21.0000 21.3798
21.0000 21.7664
21.0000 20.3301
21.0000 20.8328
21.0000 20.0312
21.0000 20.6114
21.0000 20.7088
21.0000 20.1316
21.0000 20.6282
21.0000 20.4930
21.0000 20.2511
21.0000 19.3300
21.0000 20.9819
21.0000 20.5065
21.0000 20.8682
21.0000 20.7032
21.0000 20.6593
21.0000 20.2073
21.0000 19.6176
21.0000 21.3901
21.0000 20.6798
21.0000 20.8433
21.0000 21.2791
21.0000 20.4582
21.0000 20.5236
21.0000 20.5047
21.0000 20.6979
21.0000 20.2120
21.0000 20.1250
21.0000 19.7770
21.0000 19.8977
21.0000 20.8434
21.0000 20.0593
21.0000 20.4141
21.0000 19.6601
21.0000 20.4032
21.0000 19.4862
21.0000 20.6009
21.0000 20.0082
21.0000 20.9917
21.0000 20.0144
21.0000 20.9061
21.0000 19.7243
21.0000 20.5769
21.0000 20.1592
21.0000 21.4519
21.0000 20.4308
21.0000 20.8055
21.0000 20.4102
21.0000 20.7619
21.0000 21.0776
21.0000 20.2595
21.0000 20.9319
21.0000 20.9557
21.0000 20.0681
21.0000 20.7614
21.0000 20.8548
21.0000 20.4383
21.0000 20.1632
21.0000 20.4769
21.0000 20.0509
21.0000 19.6316
21.0000 21.1856
21.0000 21.2037
21.0000 19.5899
21.0000 20.8259
21.0000 21.0581
21.0000 20.1246
21.0000 21.2843
21.0000 20.9005
21.0000 21.0206
21.0000 20.1310
21.0000 19.8107
21.0000 21.3417
21.0000 20.7783
21.0000 19.5235
21.0000 20.8618
21.0000 21.6569
21.0000 20.5413
21.0000 21.5922
21.0000 19.5446
21.0000 19.7566
21.0000 20.1086
21.0000 21.2434
21.0000 20.7726
21.0000 21.1422
21.0000 21.1009
21.0000 20.2534
21.0000 20.8224
21.0000 20.0263
21.0000 20.1990
21.0000 21.4806
21.0000 20.2738
21.0000 21.5561
21.0000 19.6030
21.0000 20.1079
21.0000 21.2461
21.0000 19.5942
21.0000 19.2203
21.0000 21.7901
21.0000 20.6043
21.0000 20.6582
21.0000 20.3700
21.0000 20.3716
21.0000 20.2541
21.0000 20.8029
21.0000 20.2601
21.0000 20.6721
21.0000 20.4047
21.0000 20.4712
21.0000 20.9028
21.0000 21.5417
21.0000 20.6095
21.0000 20.3916
21.0000 20.4111
21.0000 20.9421
21.0000 20.9240
21.0000 20.2922
21.0000 19.5301
21.0000 20.4951
21.0000 20.5667
21.0000 20.5384
21.0000 20.4629
21.0000 20.2298
21.0000 20.5148
21.0000 20.7544
21.0000 21.4914
21.0000 21.6393
21.0000 20.6883
21.0000 19.7737
21.0000 20.7669
21.0000 20.0635
21.0000 20.3158
21.0000 20.3733
21.0000 21.2198
21.0000 21.3275
21.0000 21.5618
21.0000 20.7060
21.0000 21.0943
21.0000 21.0404
21.0000 19.7040
21.0000 20.5763
21.0000 19.7450
21.0000 20.9700
21.0000 20.9593
21.0000 21.0855
21.0000 21.0644
21.0000 20.1105
21.0000 19.7544
21.0000 19.8597
21.0000 20.3793
21.0000 20.7060
21.0000 20.1425
21.0000 20.9340
21.0000 20.5938
21.0000 20.7015
21.0000 20.5623
21.0000 21.0388
21.0000 20.1513
21.0000 21.1595
21.0000 20.6260
21.0000 20.2956
21.0000 20.9860
21.0000 21.0873
21.0000 21.2022
21.0000 20.7683
21.0000 21.1459
21.0000 20.6957
21.0000 20.0463
21.0000 20.7427
21.0000 21.3915
21.0000 20.4290
21.0000 19.6347
21.0000 20.7610
21.0000 20.6807
21.0000 20.5385
21.0000 20.2957
21.0000 21.6261
21.0000 20.8565
21.0000 20.9266
21.0000 20.0485
21.0000 19.8592
21.0000 21.0382
21.0000 19.7031
21.0000 21.4446
21.0000 20.5175
21.0000 21.0663
21.0000 21.1987
21.0000 20.4771
21.0000 21.7374
21.0000 21.1826
21.0000 20.3717
21.0000 19.7771
21.0000 20.0533
21.0000 20.4306
21.0000 20.7164
21.0000 20.9882
21.0000 20.4561
21.0000 19.7279
21.0000 20.4430
21.0000 20.5338
21.0000 20.2774
21.0000 20.2722
21.0000 21.1130
21.0000 20.4846
21.0000 21.1589
21.0000 19.8051
21.0000 20.2512
21.0000 21.0203
21.0000 20.8959
21.0000 19.7605
21.0000 20.0772
21.0000 19.4156
21.0000 20.7994
21.0000 19.6419
21.0000 19.8756
21.0000 22.0162
21.0000 20.5750
21.0000 21.2030
21.0000 21.9505
21.0000 20.6582
21.0000 21.0349
21.0000 21.1425
21.0000 20.6022
21.0000 20.9173
21.0000 20.6362
21.0000 19.6157
21.0000 20.9766
21.0000 20.2087
21.0000 20.6644
21.0000 21.0382
21.0000 19.7217
21.0000 21.0648
21.0000 18.6422
21.0000 21.3065
21.0000 20.8164
21.0000 20.4779
21.0000 20.4506
21.0000 20.7355
21.0000 20.0164
21.0000 21.6550
21.0000 21.5434
21.0000 20.0742
21.0000 20.1052
21.0000 20.8013
21.0000 20.3512
21.0000 20.6197
21.0000 19.9314
21.0000 20.5675
21.0000 22.1537
21.0000 21.1923
21.0000 20.4964
21.0000 20.2214
21.0000 20.0126
21.0000 20.9039
21.0000 20.5029
21.0000 20.4771
21.0000 20.4304
21.0000 20.0190
21.0000 20.5925
21.0000 21.3016
21.0000 20.3553
21.0000 19.7154
21.0000 20.5909
21.0000 21.5323
21.0000 20.8718
21.0000 20.5596
21.0000 21.1093
21.0000 20.3197
21.0000 20.8466
21.0000 20.4138
21.0000 21.6208
21.0000 20.3889
21.0000 20.8883
21.0000 20.2751
21.0000 21.1804
21.0000 21.3232
21.0000 19.4820
21.0000 20.6837
21.0000 21.0255
21.0000 21.0580
21.0000 21.1757
21.0000 19.6178
21.0000 21.2670
21.0000 20.1450
21.0000 20.4349
21.0000 20.1745
21.0000 20.3715
21.0000 19.8609
21.0000 21.2370
21.0000 21.4828
21.0000 19.8037
21.0000 20.8920
21.0000 21.3176
21.0000 20.7648
21.0000 21.4910
21.0000 19.2491
21.0000 21.1689
21.0000 21.7097
21.0000 20.0704
21.0000 20.1448
21.0000 20.7709
21.0000 20.5660
21.0000 19.9826
21.0000 20.0544
21.0000 21.5275
21.0000 20.3871
21.0000 20.6276
21.0000 20.4371
21.0000 21.0680
21.0000 19.8823
21.0000 20.3499
21.0000 20.7536
21.0000 20.0752
21.0000 19.8109
21.0000 20.3099
21.0000 19.7159
21.0000 20.6237
21.0000 21.1048
21.0000 20.6851
21.0000 21.8110
21.0000 20.0293
21.0000 20.4077
21.0000 21.0557
21.0000 19.9207
21.0000 19.7554
21.0000 20.5009
21.0000 19.5343
21.0000 20.6669
21.0000 20.8617
21.0000 20.5350
21.0000 19.4400
21.0000 19.9355
21.0000 20.8976
21.0000 20.7681
21.0000 20.7948
21.0000 20.2301
21.0000 20.2207
21.0000 20.9371
21.0000 20.3128
21.0000 21.1318
21.0000 20.0941
21.0000 20.3792
21.0000 21.4263
21.0000 20.6113
21.0000 20.4363
21.0000 20.6071
21.0000 20.4931
21.0000 20.2949
21.0000 20.3451
21.0000 20.5460
21.0000 20.5164
21.0000 20.6464
21.0000 20.3904
21.0000 21.3720
21.0000 21.2745
21.0000 21.3040
21.0000 20.2913
21.0000 20.5180
21.0000 20.4214
21.0000 19.9932
21.0000 20.9941
21.0000 19.6114
21.0000 21.1899
21.0000 19.6705
21.0000 19.4739
21.0000 19.7951
21.0000 21.0794
21.0000 20.9281
21.0000 21.4581
21.0000 20.5425
21.0000 20.9751
21.0000 20.9795
21.0000 21.1364
21.0000 21.4657
21.0000 21.3285
21.0000 19.9556
21.0000 20.7921
21.0000 20.8334
21.0000 20.3910
21.0000 21.1000
21.0000 20.6645
21.0000 20.2916
21.0000 20.7524
21.0000 20.9799
21.0000 21.0384
21.0000 20.3749
21.0000 21.8487
21.0000 20.2797
21.0000 20.2333
21.0000 20.4631
21.0000 20.0039
21.0000 20.3138
21.0000 19.8227
21.0000 21.2664
21.0000 20.7244
21.0000 19.7984
21.0000 21.1896
21.0000 19.8621
21.0000 20.9922
21.0000 20.7909
21.0000 22.4885
21.0000 21.2713
21.0000 20.9972
21.0000 21.3619
21.0000 21.1737
21.0000 20.1672
21.0000 19.5463
21.0000 19.7957
21.0000 20.4941
21.0000 19.9137
21.0000 20.8631
21.0000 20.6146
21.0000 20.9020
21.0000 21.8477
21.0000 20.1086
21.0000 20.1981
21.0000 22.0112
21.0000 19.5374
21.0000 21.0134
21.0000 21.2901
21.0000 20.1549
21.0000 20.7150
21.0000 19.8358
21.0000 19.7056
21.0000 20.4185
21.0000 21.1601
21.0000 20.1545
21.0000 21.0687
21.0000 20.8461
21.0000 21.3165
21.0000 20.8212
21.0000 19.8157
21.0000 20.9680
21.0000 19.8649
21.0000 21.3178
21.0000 21.1010
21.0000 20.6298
21.0000 20.8639
21.0000 21.0936
21.0000 21.5557
21.0000 19.7626
21.0000 21.1241
21.0000 20.3016
21.0000 19.7271
21.0000 20.0512
21.0000 19.4582
21.0000 20.5097
21.0000 21.5716
21.0000 20.9478
21.0000 20.6747
21.0000 20.7733
21.0000 20.1315
21.0000 20.3450
21.0000 20.4818
21.0000 19.4254
21.0000 19.6935
21.0000 19.7878
21.0000 19.9541
21.0000 20.4245
21.0000 21.0475
21.0000 19.5176
21.0000 21.1979
21.0000 20.5358
21.0000 20.5070
21.0000 20.4142
21.0000 20.3368
21.0000 20.3501
21.0000 21.2365
21.0000 21.5424
21.0000 19.2523
21.0000 20.3282
21.0000 19.6116
21.0000 20.8051
21.0000 21.1898
21.0000 20.1777
21.0000 20.7810
21.0000 20.6695
21.0000 19.3074
21.0000 20.9746
21.0000 21.2326
21.0000 20.2596
21.0000 21.1689
21.0000 20.1816
21.0000 20.3641
21.0000 20.1754
21.0000 20.5063
21.0000 20.6474
21.0000 20.7522
21.0000 20.4571
21.0000 20.3697
21.0000 20.5986
21.0000 20.9604
21.0000 21.4391
21.0000 21.1789
21.0000 20.6340
21.0000 20.7430
21.0000 20.3607
21.0000 20.1098
21.0000 20.4730
21.0000 19.5476
21.0000 19.7726
21.0000 20.3180
21.0000 20.9475
21.0000 19.8046
21.0000 20.3289
21.0000 22.6882
21.0000 22.2409
21.0000 20.4629
21.0000 20.1549
21.0000 20.8711
21.0000 21.0898
21.0000 21.5629
21.0000 20.1109
21.0000 20.5085
21.0000 19.4871
21.0000 20.7837
21.0000 20.0328
21.0000 20.3415
21.0000 20.5063
21.0000 19.7091
21.0000 20.4589
21.0000 20.3469
21.0000 21.0924
21.0000 20.4349
21.0000 20.1678
21.0000 20.7917
21.0000 21.1547
21.0000 19.5649
21.0000 20.2754
21.0000 21.0742
21.0000 20.4787
21.0000 20.2878
21.0000 21.8331
21.0000 19.9691
21.0000 20.2789
21.0000 19.6353
21.0000 20.7043
21.0000 20.9311
21.0000 20.5007
21.0000 20.3128
21.0000 21.5796
21.0000 20.7953
21.0000 20.6332
21.0000 21.3278
21.0000 21.1104
21.0000 21.3739
21.0000 21.1168
21.0000 20.6232
21.0000 20.7236
21.0000 20.3753
21.0000 20.1567
21.0000 20.3930
21.0000 20.0598
21.0000 20.9323
21.0000 21.1338
21.0000 20.3618
21.0000 22.0787
21.0000 21.1041
21.0000 20.1182
21.0000 21.4240
21.0000 21.0437
21.0000 20.2196
21.0000 22.0226
21.0000 20.7581
21.0000 19.9791
21.0000 20.9175
21.0000 21.2724
21.0000 20.3583
21.0000 20.4178
21.0000 20.5232
21.0000 20.0781
21.0000 19.6947
21.0000 20.7503
21.0000 20.7774
21.0000 19.7928
21.0000 21.5496
21.0000 21.0631
21.0000 20.8198
21.0000 20.3070
21.0000 21.0625
21.0000 20.6819
21.0000 21.4900
21.0000 20.7516
21.0000 20.6715
21.0000 20.4167
21.0000 20.5773
21.0000 20.0025
21.0000 20.2158
21.0000 21.2917
