26.0000 26.2330
26.0000 26.5479
26.0000 27.6348
26.0000 26.7012
26.0000 26.3779
26.0000 25.5867
26.0000 26.3606
26.0000 26.7041
26.0000 25.3756
26.0000 25.8090
26.0000 26.3144
26.0000 27.0763
26.0000 25.9648
26.0000 25.8863
26.0000 25.9827
26.0000 26.3711
26.0000 26.7411
26.0000 26.6738
26.0000 24.7802
26.0000 25.5400
26.0000 25.9218
26.0000 26.4167
26.0000 25.9245
26.0000 25.3822
26.0000 25.3214
26.0000 25.6522
26.0000 26.4413
26.0000 26.3066
26.0000 25.8915
26.0000 25.8865
26.0000 25.7315
26.0000 25.8105
26.0000 25.5712
26.0000 24.7179
26.0000 25.7616
26.0000 25.4766
26.0000 25.3799
26.0000 25.6392
26.0000 25.8527
26.0000 25.4733
26.0000 26.7578
26.0000 25.2165
26.0000 26.0327
26.0000 25.4131
26.0000 26.2599
26.0000 26.2215
26.0000 26.0509
26.0000 25.9818
26.0000 25.2237
26.0000 26.4827
26.0000 25.5522
26.0000 26.0578
26.0000 26.0620
26.0000 26.3313
26.0000 25.6738
26.0000 26.8400
26.0000 25.7599
26.0000 25.3337
26.0000 26.8711
26.0000 26.3523
26.0000 25.3925
26.0000 25.4272
26.0000 25.9465
26.0000 26.2925
26.0000 26.6035
26.0000 25.6108
26.0000 26.6847
26.0000 26.0737
26.0000 26.6680
26.0000 26.5132
26.0000 26.0668
26.0000 25.5796
26.0000 26.6076
26.0000 26.0439
26.0000 25.7919
26.0000 25.8161
26.0000 25.5442
26.0000 26.3078
26.0000 25.9215
26.0000 26.0969
26.0000 26.6116
26.0000 25.3973
26.0000 25.9246
26.0000 26.1578
26.0000 26.5533
26.0000 24.4284
26.0000 25.6086
26.0000 25.8258
26.0000 26.2527
26.0000 27.0211
26.0000 26.0179
26.0000 25.8224
26.0000 26.2118
26.0000 25.5667
26.0000 26.6325
26.0000 25.4451
26.0000 25.5602
26.0000 25.8696
26.0000 25.2049
26.0000 26.7093
26.0000 24.5143
26.0000 26.0803
26.0000 25.7252
26.0000 26.3165
26.0000 26.1056
26.0000 26.0349
26.0000 26.1067
26.0000 26.1040
26.0000 27.2326
26.0000 26.3610
26.0000 26.3537
26.0000 25.6798
26.0000 26.3800
26.0000 25.5555
26.0000 26.5560
26.0000 26.2943
26.0000 26.4103
26.0000 26.2427
26.0000 25.1231
26.0000 26.0016
26.0000 25.5234
26.0000 25.8517
26.0000 25.6018
26.0000 25.8395
26.0000 26.7067
26.0000 25.9197
26.0000 26.4098
26.0000 26.1269
26.0000 25.9091
26.0000 26.3262
26.0000 26.2667
26.0000 25.9723
26.0000 26.6557
26.0000 26.0650
26.0000 26.5370
26.0000 25.7755
26.0000 26.1287
26.0000 24.9799
26.0000 26.0950
26.0000 25.6517
26.0000 26.4517
26.0000 26.3388
26.0000 27.0371
26.0000 25.7482
26.0000 26.2301
26.0000 26.9051
26.0000 25.9222
26.0000 25.6234
26.0000 26.0572
26.0000 26.2077
26.0000 26.4682
26.0000 25.9327
26.0000 25.7834
26.0000 26.1225
26.0000 26.2462
26.0000 26.6673
26.0000 25.8684
26.0000 25.7539
26.0000 26.6576
26.0000 25.8330
26.0000 25.5652
26.0000 25.6425
26.0000 26.0212
26.0000 25.7192
26.0000 25.5313
26.0000 26.8583
26.0000 25.6646
26.0000 25.4990
26.0000 26.2561
26.0000 26.2675
26.0000 25.9457
26.0000 26.5473
26.0000 25.9992
26.0000 25.7691
26.0000 26.8900
26.0000 26.5199
26.0000 26.1684
26.0000 26.1438
26.0000 25.1340
26.0000 25.5615
26.0000 25.3706
26.0000 26.2650
26.0000 26.2665
26.0000 26.8060
26.0000 26.2530
26.0000 25.9083
26.0000 25.3634
26.0000 25.9878
26.0000 25.9888
26.0000 25.9399
26.0000 26.1084
26.0000 25.3423
26.0000 26.3306
26.0000 26.2488
26.0000 25.5469
26.0000 26.4393
26.0000 26.6786
26.0000 25.7513
26.0000 25.6259
26.0000 26.6331
26.0000 25.7051
26.0000 27.0230
26.0000 26.6998
26.0000 25.0979
26.0000 25.2932
26.0000 25.7421
26.0000 25.2910
26.0000 26.1540
26.0000 26.2648
26.0000 25.1349
26.0000 26.2477
26.0000 26.8140
26.0000 25.4925
26.0000 26.7009
26.0000 25.8888
26.0000 25.6790
26.0000 25.8647
26.0000 26.7321
26.0000 25.9980
26.0000 26.0190
26.0000 26.7133
26.0000 26.2167
26.0000 25.7175
26.0000 25.8807
26.0000 24.8121
26.0000 25.9837
26.0000 25.6488
26.0000 26.6431
26.0000 26.2055
26.0000 25.7033
26.0000 27.2036
26.0000 25.9710
26.0000 26.3925
26.0000 26.2360
26.0000 27.3068
26.0000 25.0816
26.0000 25.3098
26.0000 26.2552
26.0000 26.7526
26.0000 24.8860
26.0000 26.0867
26.0000 24.4912
26.0000 25.9613
26.0000 25.6654
26.0000 25.7473
26.0000 27.0863
26.0000 26.0340
26.0000 25.5757
26.0000 26.5465
26.0000 25.6459
26.0000 24.8807
26.0000 26.4654
26.0000 26.2888
26.0000 25.2227
26.0000 26.7194
26.0000 25.1815
26.0000 25.8221
26.0000 26.2796
26.0000 26.7673
26.0000 25.8424
26.0000 26.1005
26.0000 25.9479
26.0000 25.5084
26.0000 25.5773
26.0000 26.4316
26.0000 24.9497
26.0000 25.7356
26.0000 26.6032
26.0000 26.2663
26.0000 25.4954
26.0000 26.0529
26.0000 25.8732
26.0000 25.9168
26.0000 26.4911
26.0000 26.4004
26.0000 26.2874
26.0000 26.3077
26.0000 25.8029
26.0000 26.6505
26.0000 25.9482
26.0000 25.3996
26.0000 25.9777
26.0000 26.6342
26.0000 26.0443
26.0000 26.4899
26.0000 25.7472
26.0000 25.4726
26.0000 25.6477
26.0000 26.1820
26.0000 25.6334
26.0000 25.7823
26.0000 26.3315
26.0000 25.2093
26.0000 26.7221
26.0000 25.9692
26.0000 26.6785
26.0000 25.8656
26.0000 26.3158
26.0000 25.5497
26.0000 25.2760
26.0000 26.4630
26.0000 26.0932
26.0000 25.7968
26.0000 26.4416
26.0000 25.8098
26.0000 26.6503
26.0000 26.4793
26.0000 25.6692
26.0000 26.6159
26.0000 26.7299
26.0000 25.9585
26.0000 26.0147
26.0000 25.1386
26.0000 26.8369
26.0000 26.1749
26.0000 27.3259
26.0000 25.4426
26.0000 25.5542
26.0000 26.3598
26.0000 26.9075
26.0000 26.1356
26.0000 26.6175
26.0000 26.0149
26.0000 26.5016
26.0000 25.4875
26.0000 26.6762
26.0000 25.7975
26.0000 26.8778
26.0000 25.6481
26.0000 24.7354
26.0000 26.7781
26.0000 26.4114
26.0000 26.5278
26.0000 26.3763
26.0000 26.0694
26.0000 26.9166
26.0000 26.8661
26.0000 26.7151
26.0000 25.7342
26.0000 26.0225
26.0000 26.4462
26.0000 26.1633
26.0000 25.6762
26.0000 25.4869
26.0000 26.2342
26.0000 25.8345
26.0000 25.8944
26.0000 25.0893
26.0000 25.9180
26.0000 26.9086
26.0000 26.4454
26.0000 25.2020
26.0000 25.6696
26.0000 25.9131
26.0000 26.7948
26.0000 25.0164
26.0000 26.8173
26.0000 25.4825
26.0000 25.8067
26.0000 26.1212
26.0000 26.4894
26.0000 25.6281
26.0000 25.6353
26.0000 25.5087
26.0000 26.0097
26.0000 25.4279
26.0000 25.9318
26.0000 26.5523
26.0000 25.9940
26.0000 25.5255
26.0000 24.9863
26.0000 26.0230
26.0000 25.9246
26.0000 25.9631
26.0000 26.1024
26.0000 26.3055
26.0000 26.6643
26.0000 26.9075
26.0000 25.9328
26.0000 25.3714
26.0000 26.3061
26.0000 24.8470
26.0000 27.5917
26.0000 26.0571
26.0000 25.4185
26.0000 25.5686
26.0000 26.8860
26.0000 26.3615
26.0000 26.1787
26.0000 25.2525
26.0000 26.0117
26.0000 25.5945
26.0000 25.4467
26.0000 25.7282
26.0000 26.0493
26.0000 26.3707
26.0000 25.8818
26.0000 26.1087
26.0000 26.5282
26.0000 26.1777
26.0000 25.7110
26.0000 25.6004
26.0000 26.0748
26.0000 25.8990
26.0000 25.8972
26.0000 26.8916
26.0000 26.5003
26.0000 26.7183
26.0000 25.9833
26.0000 26.3136
26.0000 26.3422
26.0000 25.9887
26.0000 25.6667
26.0000 26.0458
26.0000 25.8416
26.0000 25.2367
26.0000 26.3428
26.0000 26.6040
26.0000 26.0487
26.0000 26.6477
26.0000 25.7483
26.0000 26.7468
26.0000 25.6716
26.0000 25.3287
26.0000 24.5998
26.0000 26.3359
26.0000 26.2722
26.0000 26.4587
26.0000 26.2869
26.0000 25.9549
26.0000 26.7009
26.0000 26.1549
26.0000 25.4563
26.0000 26.2941
26.0000 26.2658
26.0000 26.0023
26.0000 26.3129
26.0000 26.7314
26.0000 25.8013
26.0000 25.6143
26.0000 26.3006
26.0000 26.7159
26.0000 26.1207
26.0000 24.2971
26.0000 26.3042
26.0000 25.9738
26.0000 25.6638
26.0000 24.9215
26.0000 25.7629
26.0000 26.1046
26.0000 25.2177
26.0000 26.2316
26.0000 26.3016
26.0000 25.8089
26.0000 27.4960
26.0000 26.4536
26.0000 25.5056
26.0000 25.4197
26.0000 25.5304
26.0000 25.0151
26.0000 25.6969
26.0000 25.8372
26.0000 24.8422
26.0000 26.1136
26.0000 26.2798
26.0000 26.6495
26.0000 26.1276
26.0000 26.5361
26.0000 25.9028
26.0000 25.6041
26.0000 25.5664
26.0000 26.2043
26.0000 26.6299
26.0000 26.6704
26.0000 25.2596
26.0000 26.0887
26.0000 27.3289
26.0000 26.9600
26.0000 25.7620
26.0000 25.4575
26.0000 25.7142
26.0000 26.3686
26.0000 26.3232
26.0000 26.8081
26.0000 25.5476
26.0000 26.3880
26.0000 25.5086
26.0000 26.9436
26.0000 26.0712
26.0000 26.2065
26.0000 26.8437
26.0000 25.8059
26.0000 26.2363
26.0000 26.2092
26.0000 25.5370
26.0000 26.5164
26.0000 26.0240
26.0000 25.3453
26.0000 25.3326
26.0000 26.3710
26.0000 26.3372
26.0000 24.7786
26.0000 26.5805
26.0000 24.7490
26.0000 25.8650
26.0000 26.1655
26.0000 25.6569
26.0000 25.6786
26.0000 25.2408
26.0000 25.7251
26.0000 26.3498
26.0000 26.0344
26.0000 25.3513
26.0000 26.5882
26.0000 26.2850
26.0000 26.2895
26.0000 26.5599
26.0000 25.8384
26.0000 26.6395
26.0000 25.4739
26.0000 25.2515
26.0000 25.6793
26.0000 26.9461
26.0000 25.4934
26.0000 26.7239
26.0000 25.4684
26.0000 25.8139
26.0000 25.9218
26.0000 25.8140
26.0000 26.7095
26.0000 25.1979
26.0000 25.0976
26.0000 26.0698
26.0000 24.9268
26.0000 24.5207
26.0000 26.4405
26.0000 26.0034
26.0000 25.5996
26.0000 26.7174
26.0000 26.3027
26.0000 25.6958
26.0000 26.9438
26.0000 25.7623
26.0000 26.2991
26.0000 25.1529
26.0000 25.5245
26.0000 26.5029
26.0000 24.6225
26.0000 26.1924
26.0000 25.8220
26.0000 26.6546
26.0000 25.3424
26.0000 26.4314
26.0000 26.0080
26.0000 26.2338
26.0000 26.3279
26.0000 25.6579
26.0000 25.9436
26.0000 25.8244
26.0000 24.4301
26.0000 26.3656
26.0000 26.1458
26.0000 26.1218
26.0000 26.1065
26.0000 26.8170
26.0000 25.8574
26.0000 25.9248
26.0000 25.9144
26.0000 25.9885
26.0000 25.9456
26.0000 26.0002
26.0000 25.6546
26.0000 26.5834
26.0000 26.1979
26.0000 26.0412
26.0000 24.3162
26.0000 25.4870
26.0000 26.0315
26.0000 26.0007
26.0000 26.2068
26.0000 26.3880
26.0000 27.0627
26.0000 25.7933
26.0000 26.7590
26.0000 25.7948
26.0000 26.5211
26.0000 25.4326
26.0000 25.8170
26.0000 26.3375
26.0000 25.5102
26.0000 25.2043
26.0000 26.0245
26.0000 25.0566
26.0000 26.1574
26.0000 24.8382
26.0000 27.2686
26.0000 24.8712
26.0000 25.2112
26.0000 25.6962
26.0000 25.1463
26.0000 26.7656
26.0000 26.0827
26.0000 26.5080
26.0000 26.2337
26.0000 25.9929
26.0000 25.7904
26.0000 27.0313
26.0000 25.8963
26.0000 25.8446
26.0000 24.9932
26.0000 24.9786
26.0000 25.2775
26.0000 25.3344
26.0000 26.3788
26.0000 26.2560
26.0000 26.0050
26.0000 25.5880
26.0000 26.6291
26.0000 25.4967
26.0000 25.6173
26.0000 26.0705
26.0000 25.6297
26.0000 25.2341
26.0000 26.2241
26.0000 27.0271
26.0000 26.3041
26.0000 25.8966
26.0000 25.9549
26.0000 26.0658
26.0000 27.1301
26.0000 26.1044
26.0000 25.8886
26.0000 26.6539
26.0000 25.5952
26.0000 25.8580
26.0000 25.8724
26.0000 25.1752
26.0000 25.9087
26.0000 25.0434
26.0000 26.5882
26.0000 25.8624
26.0000 26.7769
26.0000 25.4877
26.0000 25.5323
26.0000 25.7192
26.0000 26.9481
26.0000 25.6679
26.0000 26.4974
26.0000 24.9429
26.0000 25.9607
26.0000 26.5786
26.0000 25.1086
26.0000 25.9440
26.0000 25.5393
26.0000 25.6589
26.0000 25.0685
26.0000 25.1533
26.0000 26.3967
26.0000 25.9138
26.0000 26.1088
26.0000 26.4565
26.0000 25.4760
26.0000 26.1096
26.0000 26.0948
26.0000 27.1896
26.0000 26.7987
26.0000 26.2254
26.0000 26.6681
26.0000 25.6676
26.0000 25.2521
26.0000 25.8548
26.0000 26.1297
26.0000 26.4276
26.0000 26.2382
26.0000 25.7358
26.0000 26.9502
26.0000 24.5299
26.0000 26.6411
26.0000 27.3028
26.0000 26.1682
26.0000 26.1544
26.0000 25.8851
26.0000 25.4768
26.0000 26.1573
26.0000 26.6819
26.0000 26.5859
26.0000 26.6699
26.0000 26.0444
26.0000 26.0385
26.0000 24.9467
26.0000 25.6740
26.0000 26.3775
26.0000 26.4013
26.0000 25.7204
26.0000 25.8930
26.0000 25.5697
26.0000 26.5392
26.0000 26.6689
26.0000 26.1706
26.0000 26.2161
26.0000 25.7572
26.0000 25.0827
26.0000 25.1885
26.0000 25.9751
26.0000 26.8540
26.0000 25.5090
26.0000 26.2148
26.0000 25.6361
26.0000 25.6147
26.0000 24.9124
26.0000 26.2545
26.0000 25.6238
26.0000 27.5300
26.0000 26.2375
26.0000 26.0244
26.0000 26.1604
26.0000 25.2969
26.0000 26.5209
26.0000 26.0352
26.0000 25.8066
26.0000 24.9885
26.0000 25.8977
26.0000 25.9648
26.0000 26.2995
26.0000 27.3447
26.0000 26.0965
26.0000 26.0172
26.0000 25.6391
26.0000 26.5161
26.0000 26.7661
26.0000 25.9974
26.0000 26.2159
26.0000 25.8130
26.0000 26.1710
26.0000 25.3009
26.0000 25.6368
26.0000 25.7204
26.0000 25.8825
26.0000 25.9197
26.0000 26.1079
26.0000 25.6810
26.0000 25.5431
26.0000 25.3948
26.0000 26.5833
26.0000 27.0504
26.0000 25.2862
26.0000 26.2915
26.0000 26.1257
26.0000 25.8934
26.0000 25.6029
26.0000 25.7307
26.0000 25.8903
26.0000 25.6808
26.0000 27.0648
26.0000 26.5058
26.0000 26.2897
26.0000 26.1853
26.0000 24.6006
26.0000 26.1854
26.0000 26.4714
26.0000 25.3141
26.0000 25.7711
26.0000 25.2623
26.0000 25.5153
26.0000 26.5519
26.0000 26.3444
26.0000 26.6224
26.0000 25.6488
26.0000 26.6602
26.0000 25.5706
26.0000 25.9466
26.0000 26.4185
26.0000 25.5530
26.0000 26.9046
26.0000 25.7742
26.0000 26.3266
26.0000 26.3157
26.0000 26.3456
26.0000 25.3111
26.0000 25.6201
26.0000 26.9623
26.0000 26.4126
26.0000 25.4675
26.0000 25.8685
26.0000 25.3507
26.0000 25.5088
26.0000 25.9956
26.0000 26.3812
26.0000 26.3439
26.0000 25.6270
26.0000 26.3138
26.0000 25.4265
26.0000 26.0004
26.0000 26.4632
26.0000 26.4413
26.0000 26.1869
26.0000 25.7503
26.0000 25.9124
26.0000 25.7912
26.0000 26.2610
26.0000 25.6760
26.0000 26.0567
26.0000 25.6715
26.0000 26.6667
26.0000 25.7453
26.0000 25.6911
26.0000 25.6038
26.0000 25.8946
26.0000 27.6630
26.0000 25.6663
26.0000 25.4841
26.0000 25.5108
26.0000 25.6570
26.0000 26.0961
26.0000 26.2018
26.0000 25.7212
26.0000 25.8890
26.0000 26.9177
26.0000 25.8986
26.0000 25.4248
26.0000 24.9353
26.0000 25.8011
26.0000 25.9092
26.0000 26.5703
26.0000 26.5388
26.0000 25.8785
26.0000 24.7052
26.0000 26.9256
26.0000 25.5858
26.0000 26.8139
26.0000 26.2630
26.0000 25.4265
26.0000 26.3838
26.0000 26.5036
26.0000 25.7749
26.0000 26.0447
26.0000 26.1139
26.0000 25.3190
26.0000 25.4620
26.0000 26.0584
26.0000 25.8914
26.0000 26.3560
26.0000 25.7911
26.0000 24.9484
26.0000 25.5119
26.0000 25.8425
26.0000 26.0613
26.0000 26.3091
26.0000 26.8836
26.0000 26.0736
26.0000 25.9146
26.0000 25.5535
26.0000 26.5733
26.0000 26.0542
26.0000 25.7487
26.0000 25.1256
26.0000 25.1831
26.0000 26.4572
26.0000 26.4264
26.0000 26.0850
26.0000 26.2038
26.0000 25.4842
26.0000 25.5430
26.0000 24.9352
26.0000 25.5997
26.0000 26.0037
26.0000 25.3820
26.0000 26.4883
26.0000 27.2253
26.0000 25.5895
26.0000 25.6238
26.0000 25.4913
26.0000 27.1134
26.0000 26.0362
26.0000 26.3231
26.0000 25.6915
26.0000 25.9991
26.0000 25.3171
26.0000 25.7403
26.0000 25.7083
26.0000 25.5295
26.0000 26.7386
26.0000 25.6188
26.0000 26.5239
26.0000 26.2780
26.0000 26.1939
26.0000 25.6764
26.0000 24.8328
26.0000 25.2097
26.0000 26.8248
26.0000 26.0988
26.0000 26.0028
26.0000 25.5882
26.0000 25.3501
26.0000 26.0492
26.0000 26.4996
26.0000 24.6694
26.0000 24.8042
26.0000 25.9965
26.0000 26.0942
26.0000 25.4870
26.0000 25.5055
26.0000 25.2792
26.0000 25.2112
26.0000 25.7118
26.0000 25.7658
26.0000 25.8957
26.0000 26.6062
26.0000 24.8680
26.0000 25.7036
26.0000 25.5568
26.0000 25.7764
26.0000 25.4762
26.0000 25.9702
26.0000 25.4899
26.0000 26.6246
26.0000 26.3893
26.0000 25.7664
26.0000 26.0012
26.0000 25.6050
26.0000 25.5248
26.0000 25.8271
26.0000 26.3132
26.0000 26.5909
26.0000 26.1211
26.0000 25.5887
26.0000 27.1999
26.0000 25.7166
26.0000 25.3096
26.0000 25.3152
26.0000 26.6109
26.0000 26.2173
26.0000 25.3846
26.0000 25.5376
26.0000 26.4253
26.0000 25.5797
26.0000 26.3400
26.0000 26.7755
26.0000 25.6162
26.0000 25.5504
26.0000 26.4912
26.0000 26.1759
26.0000 25.9265
26.0000 25.7796
26.0000 26.5375
26.0000 26.4628
26.0000 26.8067
26.0000 26.1037
26.0000 25.9437
26.0000 25.2420
26.0000 24.8416
26.0000 25.8495
26.0000 26.4670
26.0000 25.4560
26.0000 25.5478
26.0000 25.0792
26.0000 26.4985
26.0000 25.5483
26.0000 25.9536
26.0000 26.1261
26.0000 25.8005
26.0000 26.3697
26.0000 25.1164
26.0000 26.0421
26.0000 25.9371
26.0000 24.9904
26.0000 25.6658
26.0000 25.6586
26.0000 25.8754
26.0000 25.2518
26.0000 25.9023
26.0000 25.5739
26.0000 25.4723
26.0000 26.2766
26.0000 25.0313
26.0000 26.3428
26.0000 26.4828
26.0000 26.8631
26.0000 26.2045
26.0000 25.4551
26.0000 26.0086
26.0000 26.1217
26.0000 26.8448
26.0000 25.0556
26.0000 24.5223
26.0000 24.8011
26.0000 26.0610
26.0000 26.1302
26.0000 25.8539
26.0000 25.9069
26.0000 26.9854
26.0000 26.5100
26.0000 25.9563
26.0000 26.8427
26.0000 26.0037
26.0000 25.9042
26.0000 25.5511
26.0000 25.5369
26.0000 27.4423
26.0000 26.2578
26.0000 26.6859
26.0000 26.0396
26.0000 24.9301
26.0000 25.4908
26.0000 26.0281
26.0000 25.4941
26.0000 25.9010
26.0000 26.0815
26.0000 26.5819
26.0000 26.0320
26.0000 26.3435
26.0000 24.8008
26.0000 26.1494
26.0000 26.7710
26.0000 26.8323
26.0000 25.5168
26.0000 26.3981
26.0000 26.2338
26.0000 24.9820
26.0000 25.4850
26.0000 26.4553
26.0000 25.6481
26.0000 25.6623
26.0000 25.8336
26.0000 25.4055
26.0000 25.2579
26.0000 25.9031
26.0000 26.5846
26.0000 26.3017
26.0000 25.2830
26.0000 25.6854
26.0000 25.6908
26.0000 24.7576
26.0000 25.6653
26.0000 25.6674
26.0000 26.7299
26.0000 27.0657
26.0000 25.9990
26.0000 25.7745
26.0000 25.2783
26.0000 25.8479
26.0000 26.7935
26.0000 25.3217
26.0000 25.3384
26.0000 27.0842
26.0000 25.1616
26.0000 26.1679
26.0000 26.6565
26.0000 25.6858
26.0000 25.9498
26.0000 26.3585
26.0000 26.0402
26.0000 25.8323
26.0000 25.9840
26.0000 26.4192
26.0000 26.4200
26.0000 25.8907
26.0000 25.9336
26.0000 25.5622
26.0000 27.1343
26.0000 25.2830
26.0000 25.8824
26.0000 26.2275
26.0000 26.6086
26.0000 25.7861
26.0000 25.9384
26.0000 26.0994
26.0000 25.7790
26.0000 26.2162
26.0000 26.6082
26.0000 26.3396
26.0000 25.5441
26.0000 26.0938
26.0000 26.9432
26.0000 25.8996
26.0000 25.8248
26.0000 25.2844
26.0000 26.4287
26.0000 26.6059
26.0000 25.3310
26.0000 26.1052
26.0000 25.9111
26.0000 26.6437
26.0000 25.8925
26.0000 26.2614
26.0000 25.7275
26.0000 25.4743
26.0000 25.6499
26.0000 24.6496
26.0000 26.6393
26.0000 25.7997
26.0000 25.9965
26.0000 25.8479
26.0000 26.2502
26.0000 26.4366
26.0000 24.8157
26.0000 26.7943
26.0000 26.0748
26.0000 25.4545
26.0000 25.6937
26.0000 25.9716
26.0000 26.6329
26.0000 25.0248
26.0000 25.6449
26.0000 27.3250
26.0000 26.4067
26.0000 26.8101
26.0000 26.3963
26.0000 26.2992
26.0000 25.2925
26.0000 25.8499
26.0000 26.3824
26.0000 26.3095
26.0000 25.6221
26.0000 25.6815
26.0000 25.4702
26.0000 25.9806
26.0000 25.0343
26.0000 26.4270
26.0000 26.1462
26.0000 25.6751
26.0000 26.2022
26.0000 24.6076
26.0000 25.8488
26.0000 26.6428
26.0000 24.8999
26.0000 25.2806
26.0000 25.2806
26.0000 25.2656
26.0000 26.4548
26.0000 25.4376
26.0000 26.6272
26.0000 25.4522
26.0000 25.8858
26.0000 25.6558
26.0000 25.9030
26.0000 25.2419
26.0000 25.9418
26.0000 26.4686
26.0000 26.3914
26.0000 25.5951
26.0000 27.2334
26.0000 25.3294
26.0000 25.9236
26.0000 25.7874
26.0000 25.7337
26.0000 25.4142
26.0000 26.0875
26.0000 24.8506
26.0000 26.4028
26.0000 26.1172
26.0000 26.1372
26.0000 26.0074
26.0000 25.4749
26.0000 25.4901
26.0000 25.3166
26.0000 25.2004
26.0000 25.6633
26.0000 25.9981
26.0000 26.3287
26.0000 26.1932
26.0000 25.6463
26.0000 25.4827
26.0000 26.3312
26.0000 25.7777
26.0000 26.2734
26.0000 26.2189
26.0000 26.2803
26.0000 25.4236
26.0000 24.9424
26.0000 26.7969
26.0000 26.8592
26.0000 25.6665
26.0000 25.8745
26.0000 26.4143
26.0000 27.0832
26.0000 25.5779
26.0000 26.2782
26.0000 25.6829
26.0000 24.5721
26.0000 26.8383
26.0000 25.5032
26.0000 25.7411
26.0000 26.1457
26.0000 26.2473
26.0000 26.5777
26.0000 25.4118
26.0000 25.7392
26.0000 27.0263
26.0000 25.1981
26.0000 26.4376
26.0000 26.8508
26.0000 26.3904
26.0000 26.1818
26.0000 26.0682
26.0000 26.3990
26.0000 25.3215
26.0000 25.5685
26.0000 26.4964
26.0000 25.3779
26.0000 26.0673
26.0000 26.4242
26.0000 26.0745
26.0000 26.7585
26.0000 25.7716
26.0000 26.4772
26.0000 25.2437
26.0000 25.8200
26.0000 24.7935
26.0000 26.1088
26.0000 26.0681
26.0000 25.8419
26.0000 25.2517
26.0000 24.6849
26.0000 26.0345
26.0000 26.8549
26.0000 25.5305
26.0000 25.7224
26.0000 25.3973
26.0000 26.3386
26.0000 25.2454
26.0000 25.7067
26.0000 26.0617
26.0000 25.5392
26.0000 26.0280
26.0000 26.6652
26.0000 25.9581
26.0000 26.4382
26.0000 26.3789
26.0000 27.1909
26.0000 25.7781
26.0000 25.9887
26.0000 26.0995
26.0000 26.5296
26.0000 26.7528
26.0000 26.3838
26.0000 26.7481
26.0000 26.3694
26.0000 26.2942
26.0000 24.6720
26.0000 25.8412
26.0000 24.9871
26.0000 26.2569
26.0000 25.6039
26.0000 24.8273
26.0000 26.4534
26.0000 25.7730
26.0000 25.8671
26.0000 26.3488
26.0000 25.9685
26.0000 26.4615
26.0000 26.0372
26.0000 27.1048
26.0000 25.7891
26.0000 26.1072
26.0000 25.9007
26.0000 26.9054
26.0000 25.8264
26.0000 25.6211
26.0000 25.7039
26.0000 25.4532
26.0000 25.6177
26.0000 26.3902
26.0000 26.2609
26.0000 25.3784
26.0000 25.0220
26.0000 26.4501
26.0000 25.4248
26.0000 25.9678
26.0000 25.0596
26.0000 26.8839
26.0000 25.4655
26.0000 26.6702
26.0000 25.4458
26.0000 26.2532
26.0000 25.9221
26.0000 25.6038
26.0000 25.2707
26.0000 26.6261
26.0000 26.2439
26.0000 27.0325
26.0000 26.4505
26.0000 25.7564
26.0000 24.9408
26.0000 25.9481
26.0000 24.8895
26.0000 26.2199
26.0000 26.1395
26.0000 25.7576
26.0000 25.1346
26.0000 25.8768
26.0000 24.8918
26.0000 25.5082
26.0000 25.4424
26.0000 27.2456
26.0000 26.7405
26.0000 26.3232
26.0000 26.0023
26.0000 26.5319
26.0000 25.8934
26.0000 26.2674
26.0000 25.4621
26.0000 25.4735
26.0000 26.5711
26.0000 26.5181
26.0000 26.0085
26.0000 25.4630
26.0000 25.7289
26.0000 25.8226
26.0000 26.6975
26.0000 26.3246
26.0000 26.8319
26.0000 25.8275
26.0000 25.4242
26.0000 25.0167
26.0000 26.0011
26.0000 25.7425
26.0000 26.7113
26.0000 25.3442
26.0000 25.4129
26.0000 26.5808
26.0000 26.1271
26.0000 25.6768
26.0000 24.5965
26.0000 25.8501
26.0000 25.2721
26.0000 26.4231
26.0000 26.5575
26.0000 25.7341
26.0000 25.6250
26.0000 27.0444
26.0000 25.9034
26.0000 25.5943
26.0000 26.3084
26.0000 25.8344
26.0000 26.3275
26.0000 25.9297
26.0000 25.9127
26.0000 26.8697
26.0000 25.8941
26.0000 25.8626
26.0000 25.9305
26.0000 25.6422
26.0000 25.7331
26.0000 26.2901
26.0000 25.7426
26.0000 25.9328
26.0000 25.8070
26.0000 26.5202
26.0000 25.9077
26.0000 26.1853
26.0000 26.9176
26.0000 26.2144
26.0000 25.9276
26.0000 26.3496
26.0000 26.0246
26.0000 25.4119
26.0000 25.7337
26.0000 24.9052
26.0000 25.7213
26.0000 25.4051
26.0000 25.5608
26.0000 27.1169
26.0000 25.8436
26.0000 26.2238
26.0000 25.4150
26.0000 26.1702
26.0000 26.0374
26.0000 25.8980
26.0000 25.0156
26.0000 26.4676
26.0000 26.3113
26.0000 25.8045
26.0000 25.1413
26.0000 25.0328
26.0000 25.3004
26.0000 26.4193
26.0000 26.4301
26.0000 26.0140
26.0000 26.3807
26.0000 25.7975
26.0000 25.1233
26.0000 25.5766
26.0000 26.8451
26.0000 27.3473
26.0000 26.1809
26.0000 25.3096
26.0000 25.8196
26.0000 26.0713
26.0000 25.9890
26.0000 26.8826
26.0000 26.6578
26.0000 27.0882
26.0000 25.6416
26.0000 25.5600
26.0000 25.1165
26.0000 26.5154
26.0000 26.2803
26.0000 26.0524
26.0000 25.2403
26.0000 26.2699
26.0000 25.2469
26.0000 26.3822
26.0000 26.4398
26.0000 25.0770
26.0000 25.8622
26.0000 25.7466
26.0000 25.6868
26.0000 26.2431
26.0000 26.7761
26.0000 26.0924
26.0000 26.2906
26.0000 25.9942
26.0000 25.8292
26.0000 26.6570
26.0000 24.8568
26.0000 25.4018
26.0000 25.7436
26.0000 26.0884
26.0000 26.1692
26.0000 25.7356
26.0000 24.9125
26.0000 25.6410
26.0000 26.1676
26.0000 26.6644
26.0000 26.7631
26.0000 26.4196
26.0000 25.4610
26.0000 26.5828
26.0000 25.4170
26.0000 26.1919
26.0000 25.8575
26.0000 25.9992
26.0000 25.3778
26.0000 25.4204
26.0000 26.5866
26.0000 26.7039
26.0000 25.9225
26.0000 25.9954
26.0000 25.8001
26.0000 26.3334
26.0000 25.0278
26.0000 25.0681
26.0000 26.1220
26.0000 25.5112
26.0000 26.5798
26.0000 25.1954
26.0000 26.4181
26.0000 26.2174
26.0000 25.6640
26.0000 25.9075
26.0000 26.6601
26.0000 26.2570
26.0000 26.0689
26.0000 25.6041
26.0000 26.3993
26.0000 26.0566
26.0000 25.6257
26.0000 26.2508
26.0000 26.0039
26.0000 26.7497
26.0000 26.0722
26.0000 27.0265
26.0000 26.4060
26.0000 25.5304
26.0000 26.1517
26.0000 26.9904
26.0000 26.0479
26.0000 25.9825
26.0000 26.7376
26.0000 26.6805
26.0000 25.2342
26.0000 25.6513
26.0000 25.5127
26.0000 25.5969
26.0000 25.9479
26.0000 26.5034
26.0000 26.2317
26.0000 25.8355
26.0000 26.6282
26.0000 26.0242
26.0000 26.4671
26.0000 25.2799
26.0000 26.1302
26.0000 25.7529
26.0000 26.1867
26.0000 26.1745
26.0000 25.7292
26.0000 26.3128
26.0000 25.6859
26.0000 26.6062
26.0000 25.2066
26.0000 25.2808
26.0000 26.7579
26.0000 26.4882
26.0000 26.3482
26.0000 25.5010
26.0000 27.0822
26.0000 25.6484
26.0000 25.7371
26.0000 27.0750
26.0000 25.4705
26.0000 26.8212
26.0000 25.0676
26.0000 26.2339
26.0000 25.7903
26.0000 26.0860
26.0000 25.2759
26.0000 26.6840
26.0000 26.1908
26.0000 27.2681
26.0000 26.3614
26.0000 26.1492
26.0000 26.4287
26.0000 24.8687
26.0000 25.9365
26.0000 26.6772
26.0000 25.7065
26.0000 26.4163
26.0000 25.7639
26.0000 26.1105
26.0000 26.1219
26.0000 26.1117
26.0000 26.7207
26.0000 26.1938
26.0000 26.9834
26.0000 27.1229
26.0000 25.9670
26.0000 26.3374
26.0000 27.1593
26.0000 26.0735
26.0000 25.7732
26.0000 26.6912
26.0000 26.2474
26.0000 27.0615
26.0000 26.4742
26.0000 25.6737
26.0000 25.4191
26.0000 26.0056
26.0000 26.3971
26.0000 26.6671
26.0000 26.3720
26.0000 24.6768
26.0000 25.7941
26.0000 25.5264
26.0000 26.0603
26.0000 26.5457
26.0000 25.4380
26.0000 26.1726
26.0000 26.5808
26.0000 25.8357
26.0000 25.8469
26.0000 25.2946
26.0000 25.5499
26.0000 26.8860
26.0000 25.6570
26.0000 26.6259
26.0000 25.8672
26.0000 26.0557
26.0000 25.8955
26.0000 26.2854
26.0000 25.7082
26.0000 25.0014
26.0000 25.3599
26.0000 25.5593
26.0000 26.4640
26.0000 25.9068
26.0000 26.0608
26.0000 26.2977
26.0000 26.0785
26.0000 25.8279
26.0000 25.3183
26.0000 26.6352
26.0000 26.1947
26.0000 25.2567
26.0000 26.9127
26.0000 25.9227
26.0000 25.7310
26.0000 25.1382
26.0000 26.3307
26.0000 25.8581
26.0000 26.7974
26.0000 25.4656
26.0000 24.9786
26.0000 25.5792
26.0000 25.6131
26.0000 25.9234
26.0000 25.2202
26.0000 26.9776
26.0000 27.0489
26.0000 24.8758
26.0000 26.7043
26.0000 26.1716
26.0000 26.5628
26.0000 25.9490
26.0000 26.2786
26.0000 25.4804
26.0000 25.6830
26.0000 25.8002
26.0000 25.9283
26.0000 25.6277
26.0000 25.8218
26.0000 26.2438
26.0000 25.0545
26.0000 25.2305
26.0000 25.7003
26.0000 25.6092
26.0000 25.9547
26.0000 26.4465
26.0000 25.6772
26.0000 25.6649
26.0000 26.9257
26.0000 26.3991
26.0000 26.0055
26.0000 26.2516
26.0000 26.5809
26.0000 26.0156
26.0000 25.9657
26.0000 26.1444
26.0000 25.0452
26.0000 27.2426
26.0000 25.9945
26.0000 27.0358
26.0000 25.7307
26.0000 26.1936
26.0000 26.2011
26.0000 25.9465
26.0000 26.1148
26.0000 26.4956
26.0000 26.4162
26.0000 25.7754
26.0000 26.0279
26.0000 25.4520
26.0000 27.6299
26.0000 25.9169
26.0000 26.4627
26.0000 26.3342
26.0000 25.4778
26.0000 24.9187
26.0000 26.5453
26.0000 25.3741
26.0000 25.7629
26.0000 24.5537
26.0000 25.7630
26.0000 26.4717
26.0000 25.3973
26.0000 25.8085
26.0000 25.6511
26.0000 26.3488
26.0000 25.0204
26.0000 25.0289
26.0000 26.0138
26.0000 24.9772
26.0000 26.2533
26.0000 26.4366
26.0000 26.5371
26.0000 25.3941
26.0000 25.3968
26.0000 25.5745
26.0000 26.7029
26.0000 25.7336
26.0000 26.3869
26.0000 25.9966
26.0000 25.5254
26.0000 26.4747
26.0000 25.4107
26.0000 24.2629
26.0000 26.6032
26.0000 25.5776
26.0000 26.2331
26.0000 25.7512
26.0000 25.5623
26.0000 25.8845
26.0000 26.5048
26.0000 25.1048
26.0000 26.0295
26.0000 25.5209
26.0000 25.8386
26.0000 25.5970
26.0000 26.7321
26.0000 27.0854
26.0000 26.9343
26.0000 26.3882
26.0000 25.7179
26.0000 25.4438
26.0000 25.8111
26.0000 25.9932
26.0000 25.5216
26.0000 26.7878
26.0000 26.2994
26.0000 26.3600
26.0000 25.5290
26.0000 25.6095
26.0000 25.6124
26.0000 27.1271
26.0000 26.3678
26.0000 25.8171
26.0000 26.1053
26.0000 26.0940
26.0000 25.6212
26.0000 26.1575
26.0000 26.6071
26.0000 26.7916
26.0000 26.1109
26.0000 26.9058
26.0000 25.9484
26.0000 26.0833
26.0000 25.5548
26.0000 27.0660
26.0000 27.2004
26.0000 26.0024
26.0000 25.5400
26.0000 26.1472
26.0000 25.0862
26.0000 25.5045
26.0000 25.9005
26.0000 25.6838
26.0000 26.6898
26.0000 26.3956
26.0000 25.6367
26.0000 25.4863
26.0000 25.3695
26.0000 27.7554
26.0000 26.3136
26.0000 25.3220
26.0000 26.1299
26.0000 25.4570
26.0000 25.7297
26.0000 26.2509
26.0000 25.8857
26.0000 25.3915
26.0000 24.4831
26.0000 25.4289
26.0000 25.2759
26.0000 24.6288
26.0000 26.2210
26.0000 26.0487
26.0000 24.4346
26.0000 25.6150
26.0000 25.7597
26.0000 25.4225
26.0000 26.2466
26.0000 25.7006
26.0000 26.5951
26.0000 26.5712
26.0000 25.9160
26.0000 25.4207
26.0000 25.7211
26.0000 25.5118
26.0000 26.4658
26.0000 26.3563
26.0000 25.7933
26.0000 26.3536
26.0000 26.0283
26.0000 24.7140
26.0000 26.7767
26.0000 26.2358
26.0000 25.9385
26.0000 26.3734
26.0000 25.6221
26.0000 25.8001
26.0000 26.5904
26.0000 25.6583
26.0000 26.3479
26.0000 25.9125
26.0000 26.5854
26.0000 26.1730
26.0000 25.8993
26.0000 26.6919
26.0000 25.9362
26.0000 26.3433
26.0000 26.0983
26.0000 25.5120
26.0000 25.5988
26.0000 25.4902
26.0000 26.0737
26.0000 26.4915
26.0000 25.7759
26.0000 26.3135
26.0000 26.2137
26.0000 24.9417
26.0000 26.0638
26.0000 26.2921
26.0000 27.0307
26.0000 25.8138
26.0000 26.1639
26.0000 25.4118
26.0000 25.9012
26.0000 25.2080
26.0000 26.0144
26.0000 26.1148
26.0000 26.0087
26.0000 26.2103
26.0000 26.0224
26.0000 26.0123
26.0000 25.5015
26.0000 26.8025
26.0000 26.8206
26.0000 26.1836
26.0000 26.1188
26.0000 25.8210
26.0000 25.7189
26.0000 24.7795
26.0000 25.4786
26.0000 25.8493
26.0000 26.3951
26.0000 25.1273
26.0000 26.0123
26.0000 26.7308
26.0000 26.2684
26.0000 25.5308
26.0000 26.0588
26.0000 25.7225
26.0000 26.1874
26.0000 27.2039
26.0000 26.0556
26.0000 25.1152
26.0000 26.2653
26.0000 25.4269
26.0000 26.7127
26.0000 26.1902
26.0000 25.9487
26.0000 26.0959
26.0000 25.6002
26.0000 25.8977
26.0000 25.8899
26.0000 25.8519
26.0000 25.8843
26.0000 25.9252
26.0000 25.9267
26.0000 26.3124
26.0000 26.5529
26.0000 25.7331
26.0000 25.9962
26.0000 26.3719
26.0000 25.6852
26.0000 24.9341
26.0000 26.3380
26.0000 25.5488
26.0000 24.9848
26.0000 25.2413
26.0000 26.7069
26.0000 26.1589
26.0000 25.2437
26.0000 26.8196
26.0000 25.9010
26.0000 25.9520
26.0000 26.3553
26.0000 25.6672
26.0000 25.4263
26.0000 25.9952
26.0000 26.3427
26.0000 26.4267
26.0000 26.0096
26.0000 25.3032
26.0000 25.8313
26.0000 25.5690
26.0000 25.1440
26.0000 25.3254
26.0000 26.8748
26.0000 25.7843
26.0000 26.3380
26.0000 26.0807
26.0000 26.2836
26.0000 26.0581
26.0000 26.4100
26.0000 26.7957
26.0000 26.8920
26.0000 26.7176
26.0000 26.3592
26.0000 26.0176
26.0000 26.0001
26.0000 26.2318
26.0000 26.0674
26.0000 26.4491
26.0000 25.3603
26.0000 25.0234
26.0000 24.8500
26.0000 25.9152
26.0000 25.7686
26.0000 25.8144
26.0000 26.4323
26.0000 26.6493
26.0000 26.3883
26.0000 26.2412
26.0000 25.0683
26.0000 25.1756
26.0000 26.1384
26.0000 26.2255
26.0000 25.8688
26.0000 26.2068
26.0000 24.8789
26.0000 25.2410
26.0000 25.5363
26.0000 25.5984
26.0000 26.3476
26.0000 25.9706
26.0000 26.1955
26.0000 25.6778
26.0000 24.9615
26.0000 25.2602
26.0000 26.2002
26.0000 25.6863
26.0000 25.2958
26.0000 25.7511
26.0000 25.8284
26.0000 26.5342
26.0000 26.5911
26.0000 25.7928
26.0000 25.9671
26.0000 26.5722
26.0000 26.2728
26.0000 25.5804
26.0000 26.0684
26.0000 26.0773
26.0000 26.2204
26.0000 25.6432
26.0000 25.4921
26.0000 25.8045
26.0000 26.3993
26.0000 25.4010
26.0000 25.5040
26.0000 26.4903
26.0000 25.7119
26.0000 25.9550
26.0000 26.2620
26.0000 25.9123
26.0000 26.3460
26.0000 26.2027
26.0000 25.5783
26.0000 26.4857
26.0000 25.1460
26.0000 25.6122
26.0000 25.9117
26.0000 25.4481
26.0000 26.0816
26.0000 25.7749
26.0000 25.3535
26.0000 26.8363
26.0000 26.1075
26.0000 27.0209
26.0000 27.5256
26.0000 25.2079
26.0000 24.9291
26.0000 24.9749
26.0000 26.4010
26.0000 25.2713
26.0000 25.6789
26.0000 25.0754
26.0000 26.3368
26.0000 25.6653
26.0000 25.6697
26.0000 26.6309
26.0000 26.0188
26.0000 25.7740
26.0000 26.7586
26.0000 26.3007
26.0000 25.7035
26.0000 25.8079
26.0000 26.1977
26.0000 25.8425
26.0000 25.4290
26.0000 26.1463
26.0000 25.8547
26.0000 26.4336
26.0000 25.8699
26.0000 26.9167
26.0000 26.8366
26.0000 26.5628
26.0000 25.6054
26.0000 25.2296
26.0000 25.4853
26.0000 26.2748
26.0000 25.5922
26.0000 25.7751
26.0000 26.3721
26.0000 26.1908
26.0000 25.9978
26.0000 25.5329
26.0000 26.9655
26.0000 25.2793
26.0000 26.2096
26.0000 26.1008
26.0000 25.2590
26.0000 25.2108
26.0000 26.1447
26.0000 25.6793
26.0000 25.9516
26.0000 24.8994
26.0000 25.3790
26.0000 26.1171
26.0000 26.4676
26.0000 25.8228
26.0000 26.3899
26.0000 26.1146
26.0000 26.4234
26.0000 25.8672
26.0000 25.3836
26.0000 26.3452
26.0000 25.6562
26.0000 24.9463
26.0000 26.2036
26.0000 26.9629
26.0000 25.4739
26.0000 26.2426
26.0000 25.4761
26.0000 25.8928
26.0000 26.0625
26.0000 25.7645
26.0000 26.0514
26.0000 25.8607
26.0000 25.1589
26.0000 25.6089
26.0000 25.4802
26.0000 24.1602
26.0000 25.4806
26.0000 26.1877
26.0000 26.1770
26.0000 26.1926
26.0000 26.4923
26.0000 25.5032
26.0000 26.4874
26.0000 26.0169
26.0000 25.3232
26.0000 26.5729
26.0000 26.2474
26.0000 26.0920
26.0000 26.1372
26.0000 26.4090
26.0000 25.0258
26.0000 26.0502
26.0000 26.2293
26.0000 26.2619
26.0000 25.3443
26.0000 25.8884
26.0000 26.4994
26.0000 25.6582
26.0000 25.8808
26.0000 26.7908
26.0000 26.1251
26.0000 26.6108
26.0000 26.3178
26.0000 25.3322
26.0000 26.1146
26.0000 26.7516
26.0000 25.7907
26.0000 25.4544
26.0000 25.9566
26.0000 26.0723
26.0000 25.7853
26.0000 25.7322
26.0000 26.1863
26.0000 25.4644
26.0000 26.0678
26.0000 26.0154
26.0000 26.3739
26.0000 25.6052
26.0000 24.9906
26.0000 26.1244
26.0000 26.5126
26.0000 25.4821
26.0000 25.0693
26.0000 25.8076
26.0000 25.1204
26.0000 25.2792
26.0000 25.9696
26.0000 25.8045
26.0000 25.2320
26.0000 26.5503
26.0000 25.8819
26.0000 26.5077
26.0000 27.0275
26.0000 27.1258
26.0000 27.1682
26.0000 25.9165
26.0000 25.8860
26.0000 26.5568
26.0000 25.3206
26.0000 26.1042
26.0000 26.1842
26.0000 26.2818
26.0000 26.4787
26.0000 26.3604
26.0000 24.9247
26.0000 25.6164
26.0000 25.9194
26.0000 25.3857
26.0000 26.0365
26.0000 26.0874
26.0000 26.6472
26.0000 26.3051
26.0000 26.9934
26.0000 26.4429
26.0000 25.2577
26.0000 25.2559
26.0000 25.2043
26.0000 25.6311
26.0000 24.8987
26.0000 25.5412
26.0000 26.6898
26.0000 26.4501
26.0000 25.6569
26.0000 25.5612
26.0000 25.2244
26.0000 26.8743
26.0000 25.7585
26.0000 24.4337
26.0000 26.3393
26.0000 26.4070
26.0000 25.4931
26.0000 25.5426
26.0000 26.4104
26.0000 25.6915
26.0000 26.0221
26.0000 25.3883
26.0000 26.0767
26.0000 25.2779
26.0000 25.5870
26.0000 26.3150
26.0000 25.4172
26.0000 26.5033
26.0000 25.8639
26.0000 25.5936
26.0000 26.3521
26.0000 25.7281
26.0000 25.9650
26.0000 26.8672
26.0000 26.3615
26.0000 25.8947
26.0000 26.8659
26.0000 26.9246
26.0000 25.7027
26.0000 25.3592
26.0000 25.5979
26.0000 26.6511
26.0000 25.6970
26.0000 25.8225
26.0000 25.6691
26.0000 26.0860
26.0000 26.2728
26.0000 25.1076
26.0000 25.8211
26.0000 26.6053
26.0000 25.9225
26.0000 25.6265
26.0000 26.3690
26.0000 25.2812
26.0000 27.3154
26.0000 26.5330
26.0000 26.0378
26.0000 25.2513
26.0000 26.1506
26.0000 25.5657
26.0000 26.8825
26.0000 26.0307
26.0000 24.6932
26.0000 25.5261
26.0000 25.3804
26.0000 26.4973
26.0000 25.0409
26.0000 25.9756
26.0000 26.1014
26.0000 25.8125
26.0000 25.1878
26.0000 24.9523
26.0000 26.4321
26.0000 24.9914
26.0000 25.7042
26.0000 25.1050
26.0000 25.5402
26.0000 25.9387
26.0000 26.3206
26.0000 25.8643
26.0000 26.6098
26.0000 25.9723
26.0000 25.9569
26.0000 26.2729
26.0000 26.2389
26.0000 25.8278
26.0000 25.3004
26.0000 26.1544
26.0000 25.6750
26.0000 26.0662
26.0000 25.5850
26.0000 25.3473
26.0000 25.8613
26.0000 25.7071
26.0000 26.4189
26.0000 25.4467
26.0000 26.3603
26.0000 25.7608
26.0000 26.1623
26.0000 26.3639
26.0000 26.3496
26.0000 25.1372
26.0000 25.9593
26.0000 25.5621
26.0000 25.8753
26.0000 26.9323
26.0000 26.0803
26.0000 26.4801
26.0000 26.4982
26.0000 26.2653
26.0000 25.4679
26.0000 26.1694
26.0000 25.4131
26.0000 25.5183
26.0000 26.2511
26.0000 24.5436
26.0000 25.7795
26.0000 26.1693
26.0000 26.7095
26.0000 25.9476
26.0000 25.5609
26.0000 25.5096
26.0000 24.7372
26.0000 25.6832
26.0000 26.1866
26.0000 25.8179
26.0000 26.3584
26.0000 24.9704
26.0000 26.6378
26.0000 26.5345
26.0000 25.7127
26.0000 24.6271
26.0000 26.2382
26.0000 25.6902
26.0000 25.8763
26.0000 26.0235
26.0000 25.1757
26.0000 25.1009
26.0000 25.1268
26.0000 25.6177
26.0000 26.5945
26.0000 26.3121
26.0000 25.8162
26.0000 25.7194
26.0000 25.2612
26.0000 25.5811
26.0000 26.3083
26.0000 25.7057
26.0000 25.3913
26.0000 26.2909
26.0000 26.2772
26.0000 26.1922
26.0000 26.2400
26.0000 24.7669
26.0000 26.1836
26.0000 26.3188
26.0000 26.6391
26.0000 26.3890
26.0000 26.3251
26.0000 26.7363
26.0000 25.4737
26.0000 25.4573
26.0000 25.4263
26.0000 26.0264
26.0000 26.0581
26.0000 25.7593
26.0000 25.6813
26.0000 25.1501
26.0000 26.5249
26.0000 26.4945
26.0000 25.5227
26.0000 25.9097
26.0000 24.9122
26.0000 26.0202
26.0000 26.2382
26.0000 26.2228
26.0000 26.0181
26.0000 25.7362
26.0000 25.4220
26.0000 25.5924
26.0000 26.1647
26.0000 25.6936
26.0000 27.4035
26.0000 25.3651
26.0000 26.2151
26.0000 25.4312
26.0000 26.2108
26.0000 25.6725
26.0000 26.0188
26.0000 26.5019
26.0000 26.0950
26.0000 25.4563
26.0000 25.6750
26.0000 26.9842
26.0000 25.2460
26.0000 24.9563
26.0000 26.3823
26.0000 25.2540
26.0000 25.7987
26.0000 25.9656
26.0000 26.1731
26.0000 25.8940
26.0000 27.0631
26.0000 25.2506
26.0000 26.0271
26.0000 25.1472
26.0000 26.5598
26.0000 25.5871
26.0000 25.7281
26.0000 26.5064
26.0000 26.5959
26.0000 25.6271
26.0000 26.4312
26.0000 26.4624
26.0000 26.3430
26.0000 25.2788
26.0000 26.7308
26.0000 25.7716
26.0000 25.5496
26.0000 25.3986
26.0000 25.4307
26.0000 26.4887
26.0000 25.8285
26.0000 25.8298
26.0000 25.8599
26.0000 26.0425
26.0000 26.4414
26.0000 25.3227
26.0000 25.2383
26.0000 24.8498
26.0000 25.3300
26.0000 26.8436
26.0000 24.8179
26.0000 26.6708
26.0000 25.6211
26.0000 24.9317
26.0000 25.5913
26.0000 26.2654
26.0000 25.1666
26.0000 25.8636
26.0000 26.7147
26.0000 26.2212
26.0000 26.0866
26.0000 25.6689
26.0000 26.7233
26.0000 26.3726
26.0000 25.8041
26.0000 25.7848
26.0000 26.9515
26.0000 25.2132
26.0000 25.5118
26.0000 26.0701
26.0000 26.3432
26.0000 26.1771
26.0000 25.6242
26.0000 25.9499
26.0000 26.2019
26.0000 24.9177
26.0000 26.2608
26.0000 26.0715
26.0000 25.5512
26.0000 25.9477
26.0000 26.1116
26.0000 26.7097
26.0000 25.1751
26.0000 26.1667
26.0000 25.4694
26.0000 25.4440
26.0000 25.9182
26.0000 24.9172
26.0000 25.5010
26.0000 25.1067
26.0000 25.5859
26.0000 25.5305
26.0000 25.7775
26.0000 26.5301
26.0000 26.9372
26.0000 26.3124
26.0000 25.3875
26.0000 25.6763
26.0000 26.5175
26.0000 26.1382
26.0000 26.9005
26.0000 25.4233
26.0000 26.3962
26.0000 25.1914
26.0000 26.3256
26.0000 25.2893
26.0000 27.0489
26.0000 25.4642
26.0000 25.8729
26.0000 25.4740
26.0000 26.4517
26.0000 25.6617
26.0000 26.1178
26.0000 26.1576
26.0000 26.0666
26.0000 25.5220
26.0000 26.0373
26.0000 25.7451
26.0000 25.3647
26.0000 26.2520
26.0000 25.6604
26.0000 25.7606
26.0000 25.8557
26.0000 26.8637
26.0000 26.9499
26.0000 26.8992
26.0000 26.1855
26.0000 26.4561
26.0000 25.9610
26.0000 25.6293
26.0000 26.6487
26.0000 26.1616
26.0000 24.3995
26.0000 25.4193
26.0000 25.1160
26.0000 26.0580
26.0000 25.9496
26.0000 26.2847
26.0000 26.0693
26.0000 26.0165
26.0000 25.3854
26.0000 25.6404
26.0000 26.3550
26.0000 26.9325
26.0000 25.2950
26.0000 25.4153
26.0000 24.6417
26.0000 25.5674
26.0000 25.7726
26.0000 26.6207
26.0000 25.5942
26.0000 25.0707
26.0000 25.4839
26.0000 25.4484
26.0000 26.5347
26.0000 25.6037
26.0000 25.8459
26.0000 26.9175
26.0000 26.2335
26.0000 25.4834
26.0000 26.2721
26.0000 25.2385
26.0000 26.7213
26.0000 26.9990
26.0000 25.5684
26.0000 25.6712
26.0000 25.0373
26.0000 25.5489
26.0000 26.2523
26.0000 25.9435
26.0000 25.9066
26.0000 25.2980
26.0000 26.6697
26.0000 26.1146
26.0000 25.7956
26.0000 25.5288
26.0000 25.0017
26.0000 26.6028
26.0000 25.7672
26.0000 25.6179
26.0000 26.1346
26.0000 26.4451
26.0000 26.3984
26.0000 25.5579
26.0000 26.2461
26.0000 25.9685
26.0000 25.1300
26.0000 25.3565
26.0000 26.1701
26.0000 26.6257
26.0000 26.6552
26.0000 26.1994
26.0000 26.2498
26.0000 25.9581
26.0000 26.2080
26.0000 25.3443
26.0000 25.6817
26.0000 26.2740
26.0000 27.2099
26.0000 26.4527
26.0000 26.3822
26.0000 26.0289
26.0000 25.9565
26.0000 25.3968
26.0000 25.6628
26.0000 25.9874
26.0000 26.4771
26.0000 25.4404
26.0000 25.5204
26.0000 25.1943
26.0000 25.5714
26.0000 26.2950
26.0000 26.3268
26.0000 25.7697
26.0000 26.4932
26.0000 25.6639
26.0000 25.1202
26.0000 24.8172
26.0000 25.8778
26.0000 25.1570
26.0000 25.6894
26.0000 25.0798
26.0000 25.1945
26.0000 25.9235
26.0000 26.9130
26.0000 25.6277
