4.0000 4.7800
4.0000 4.6760
4.0000 3.1482
4.0000 3.6515
4.0000 2.7327
4.0000 5.1829
4.0000 4.0788
4.0000 5.1234
4.0000 5.2367
4.0000 4.1562
4.0000 3.3547
4.0000 4.7475
4.0000 3.4687
4.0000 5.3327
4.0000 5.6228
4.0000 5.7673
4.0000 5.0650
4.0000 6.1262
4.0000 4.2382
4.0000 3.7429
4.0000 4.9020
4.0000 5.5021
4.0000 4.0018
4.0000 4.3024
4.0000 4.3514
4.0000 5.6353
4.0000 5.3879
4.0000 3.4239
4.0000 5.0186
4.0000 4.7155
4.0000 5.0144
4.0000 5.4936
4.0000 5.2337
4.0000 3.9863
4.0000 2.9212
4.0000 5.3183
4.0000 2.1737
4.0000 3.3521
4.0000 2.9389
4.0000 5.4575
4.0000 5.7951
4.0000 3.6111
4.0000 4.9232
4.0000 4.5992
4.0000 3.2626
4.0000 5.9778
4.0000 5.5626
4.0000 4.8951
4.0000 4.8170
4.0000 5.1145
4.0000 4.5214
4.0000 5.0694
4.0000 4.7801
4.0000 5.8548
4.0000 5.3151
4.0000 3.7060
4.0000 3.4300
4.0000 4.3871
4.0000 3.2871
4.0000 5.9717
4.0000 5.9699
4.0000 4.7286
4.0000 4.3481
4.0000 4.9345
4.0000 3.7350
4.0000 2.7892
4.0000 5.6200
4.0000 5.9705
4.0000 6.1267
4.0000 4.6561
4.0000 2.5251
4.0000 6.2936
4.0000 3.4021
4.0000 5.5315
4.0000 4.7632
4.0000 2.1414
4.0000 3.0070
4.0000 5.1190
4.0000 2.6580
4.0000 4.1813
4.0000 4.8402
4.0000 4.5860
4.0000 4.1703
4.0000 4.0666
4.0000 4.6448
4.0000 5.0453
4.0000 4.9361
4.0000 4.8808
4.0000 4.6813
4.0000 5.2441
4.0000 5.6724
4.0000 5.8781
4.0000 3.3022
4.0000 1.7224
4.0000 3.8856
4.0000 5.9909
4.0000 6.2195
4.0000 4.6557
4.0000 2.3649
4.0000 5.5221
4.0000 4.6169
4.0000 4.8145
4.0000 3.7912
4.0000 3.3249
4.0000 3.6931
4.0000 4.0457
4.0000 5.8860
4.0000 5.4339
4.0000 2.3132
4.0000 4.8485
4.0000 4.2855
4.0000 4.2552
4.0000 3.3773
4.0000 2.8362
4.0000 4.7181
4.0000 3.7880
4.0000 4.3888
4.0000 4.5754
4.0000 4.0870
4.0000 5.3284
4.0000 4.2807
4.0000 3.7198
4.0000 4.2945
4.0000 4.5960
4.0000 5.2583
4.0000 5.2679
4.0000 3.3916
4.0000 3.8133
4.0000 2.4928
4.0000 4.8120
4.0000 4.3827
4.0000 4.6160
4.0000 3.6286
4.0000 5.9996
4.0000 2.9218
4.0000 4.2550
4.0000 4.7004
4.0000 5.0368
4.0000 4.9451
4.0000 4.6099
4.0000 6.4977
4.0000 5.4293
4.0000 4.6759
4.0000 3.0611
4.0000 3.2625
4.0000 6.0578
4.0000 4.5182
4.0000 6.1329
4.0000 4.1736
4.0000 6.9829
4.0000 6.3211
4.0000 4.6152
4.0000 6.2293
4.0000 4.1121
4.0000 3.6806
4.0000 4.8753
4.0000 2.7115
4.0000 6.2596
4.0000 4.6513
4.0000 3.1944
4.0000 5.0252
4.0000 5.4240
4.0000 5.9952
4.0000 4.8664
4.0000 4.3237
4.0000 2.8758
4.0000 3.1961
4.0000 4.3324
4.0000 4.7802
4.0000 3.4400
4.0000 6.3311
4.0000 5.8916
4.0000 5.6115
4.0000 4.9457
4.0000 4.0731
4.0000 6.0367
4.0000 4.8616
4.0000 5.3186
4.0000 2.9724
4.0000 4.3274
4.0000 5.0881
4.0000 4.4657
4.0000 3.3325
4.0000 4.9908
4.0000 4.7375
4.0000 4.7525
4.0000 6.2337
4.0000 5.1625
4.0000 3.3139
4.0000 4.8035
4.0000 5.2850
4.0000 5.0113
4.0000 3.0725
4.0000 2.6717
4.0000 3.5897
4.0000 5.9451
4.0000 5.6131
4.0000 4.7516
4.0000 3.3598
4.0000 3.5667
4.0000 4.2327
4.0000 4.7870
4.0000 5.3841
4.0000 4.4004
4.0000 5.2012
4.0000 4.9357
4.0000 5.4846
4.0000 5.0944
4.0000 5.0717
4.0000 5.8984
4.0000 5.4921
4.0000 4.3405
4.0000 2.3461
4.0000 3.3610
4.0000 4.3512
4.0000 5.6689
4.0000 3.3212
4.0000 3.0926
4.0000 5.9659
4.0000 5.0560
4.0000 4.9169
4.0000 3.9476
4.0000 3.3420
4.0000 3.9318
4.0000 4.6889
4.0000 5.9773
4.0000 5.8280
4.0000 4.4026
4.0000 5.5733
4.0000 4.0344
4.0000 5.1563
4.0000 4.3744
4.0000 3.2507
4.0000 4.0209
4.0000 5.8634
4.0000 2.6844
4.0000 4.7011
4.0000 5.0248
4.0000 2.8034
4.0000 4.1918
4.0000 3.8224
4.0000 4.3393
4.0000 5.6805
4.0000 5.5082
4.0000 3.9708
4.0000 4.4419
4.0000 4.7989
4.0000 5.1490
4.0000 3.9094
4.0000 6.1843
4.0000 4.8392
4.0000 5.8254
4.0000 5.2744
4.0000 4.8456
4.0000 6.1572
4.0000 4.8810
4.0000 4.8189
4.0000 4.9008
4.0000 4.0296
4.0000 6.0263
4.0000 5.0860
4.0000 5.8169
4.0000 5.8290
4.0000 4.8946
4.0000 4.2542
4.0000 5.5195
4.0000 6.0382
4.0000 4.8168
4.0000 6.0181
4.0000 4.8794
4.0000 6.0727
4.0000 4.9663
4.0000 5.1469
4.0000 5.2510
4.0000 5.1899
4.0000 3.3604
4.0000 4.7879
4.0000 5.1940
4.0000 1.2938
4.0000 5.8322
4.0000 3.2595
4.0000 4.8313
4.0000 5.8622
4.0000 7.5460
4.0000 5.0410
4.0000 3.7474
4.0000 5.8810
4.0000 4.1005
4.0000 5.1142
4.0000 2.7905
4.0000 3.6736
4.0000 4.8577
4.0000 5.0953
4.0000 3.7179
4.0000 6.0912
4.0000 5.8778
4.0000 4.9605
4.0000 3.4691
4.0000 5.0431
4.0000 5.8104
4.0000 3.8232
4.0000 5.6835
4.0000 5.0713
4.0000 4.1064
4.0000 4.9659
4.0000 5.0380
4.0000 4.9063
4.0000 4.5760
4.0000 5.3305
4.0000 5.4720
4.0000 4.2435
4.0000 4.6035
4.0000 6.3248
4.0000 2.5765
4.0000 5.4589
4.0000 2.9844
4.0000 4.5860
4.0000 5.0925
4.0000 5.0362
4.0000 4.9415
4.0000 6.0873
4.0000 2.1163
4.0000 2.3829
4.0000 4.3581
4.0000 5.5222
4.0000 3.9881
4.0000 1.5207
4.0000 3.7281
4.0000 5.1926
4.0000 5.6488
4.0000 2.8958
4.0000 3.9271
4.0000 4.8169
4.0000 4.8160
4.0000 3.3295
4.0000 5.6500
4.0000 5.1127
4.0000 3.9683
4.0000 2.3171
4.0000 4.2086
4.0000 5.3858
4.0000 5.3230
4.0000 6.2595
4.0000 5.0891
4.0000 3.9901
4.0000 2.7785
4.0000 5.5074
4.0000 4.5459
4.0000 5.2210
4.0000 6.0102
4.0000 5.0767
4.0000 3.3756
4.0000 5.2698
4.0000 4.8395
4.0000 5.4800
4.0000 6.3208
4.0000 5.1940
4.0000 4.5851
4.0000 4.4208
4.0000 3.7678
4.0000 4.4804
4.0000 5.3951
4.0000 4.5750
4.0000 4.1739
4.0000 3.8752
4.0000 4.1478
4.0000 4.7483
4.0000 2.3100
4.0000 6.1976
4.0000 5.7701
4.0000 4.1062
4.0000 5.5702
4.0000 3.9215
4.0000 5.6727
4.0000 4.6199
4.0000 3.5452
4.0000 7.3240
4.0000 3.6380
4.0000 3.8001
4.0000 6.1290
4.0000 5.4528
4.0000 4.9320
4.0000 2.5228
4.0000 4.5285
4.0000 3.7675
4.0000 2.6765
4.0000 3.2824
4.0000 2.4528
4.0000 6.5147
4.0000 5.6079
4.0000 4.4193
4.0000 4.2980
4.0000 6.0130
4.0000 3.7071
4.0000 5.0831
4.0000 5.5684
4.0000 4.0197
4.0000 2.5077
4.0000 4.0162
4.0000 5.8650
4.0000 4.2524
4.0000 2.8231
4.0000 4.8144
4.0000 3.6192
4.0000 5.0152
4.0000 4.6618
4.0000 4.0065
4.0000 4.9986
4.0000 4.0061
4.0000 4.8159
4.0000 5.6394
4.0000 6.3930
4.0000 2.8739
4.0000 5.0917
4.0000 5.2686
4.0000 2.8932
4.0000 5.6448
4.0000 5.4145
4.0000 3.9428
4.0000 5.6492
4.0000 5.2699
4.0000 5.4101
4.0000 4.8903
4.0000 4.4589
4.0000 5.0379
4.0000 4.7161
4.0000 5.2449
4.0000 3.8317
4.0000 1.4162
4.0000 2.4212
4.0000 3.8714
4.0000 7.2799
4.0000 2.3265
4.0000 4.8530
4.0000 3.7970
4.0000 4.9854
4.0000 6.0754
4.0000 5.8090
4.0000 5.5827
4.0000 3.6045
4.0000 5.8879
4.0000 3.5636
4.0000 5.5956
4.0000 5.6572
4.0000 5.5468
4.0000 4.2137
4.0000 4.7625
4.0000 4.3034
4.0000 3.3571
4.0000 2.9583
4.0000 6.3176
4.0000 5.0843
4.0000 2.8468
4.0000 3.8848
4.0000 3.5163
4.0000 2.4077
4.0000 5.8091
4.0000 5.7286
4.0000 3.5504
4.0000 4.9769
4.0000 6.6551
4.0000 2.4074
4.0000 5.1945
4.0000 5.1949
4.0000 1.2869
4.0000 4.3325
4.0000 4.3798
4.0000 3.3698
4.0000 5.7267
4.0000 3.4887
4.0000 4.2091
4.0000 5.1697
4.0000 4.8543
4.0000 3.5112
4.0000 4.6618
4.0000 3.3604
4.0000 5.7288
4.0000 4.9366
4.0000 4.1354
4.0000 2.8983
4.0000 5.9497
4.0000 5.7311
4.0000 4.4864
4.0000 4.1514
4.0000 5.2883
4.0000 5.6767
4.0000 3.7142
4.0000 4.4360
4.0000 2.9683
4.0000 5.4615
4.0000 4.2599
4.0000 3.3486
4.0000 5.0402
4.0000 4.3031
4.0000 4.4113
4.0000 5.9150
4.0000 2.5015
4.0000 5.3647
4.0000 4.2507
4.0000 4.7600
4.0000 3.6078
4.0000 4.1191
4.0000 2.8300
4.0000 4.4742
4.0000 4.9094
4.0000 4.2780
4.0000 5.6507
4.0000 3.4566
4.0000 6.2102
4.0000 4.9018
4.0000 3.4067
4.0000 4.3468
4.0000 5.6899
4.0000 5.3183
4.0000 5.1259
4.0000 2.2733
4.0000 4.1216
4.0000 5.7076
4.0000 4.6430
4.0000 4.7485
4.0000 3.5302
4.0000 4.5528
4.0000 5.1658
4.0000 4.8165
4.0000 5.0344
4.0000 4.9111
4.0000 5.0942
4.0000 5.0907
4.0000 4.1794
4.0000 4.7256
4.0000 5.4265
4.0000 5.1739
4.0000 6.5015
4.0000 3.8735
4.0000 5.4801
4.0000 4.7988
4.0000 4.6762
4.0000 5.8062
4.0000 5.1000
4.0000 3.4736
4.0000 5.4441
4.0000 5.2572
4.0000 2.7632
4.0000 4.6288
4.0000 6.0922
4.0000 5.4553
4.0000 5.7727
4.0000 5.4107
4.0000 4.8837
4.0000 6.2637
4.0000 5.3110
4.0000 4.3550
4.0000 5.1047
4.0000 3.4693
4.0000 5.4479
4.0000 4.0969
4.0000 3.4672
4.0000 5.2982
4.0000 2.4228
4.0000 5.5409
4.0000 6.1096
4.0000 3.5496
4.0000 4.6120
4.0000 5.0508
4.0000 3.9426
4.0000 5.3264
4.0000 5.3681
4.0000 4.5183
4.0000 3.5300
4.0000 5.5465
4.0000 6.5484
4.0000 2.1280
4.0000 5.0112
4.0000 3.1552
4.0000 3.7852
4.0000 5.4693
4.0000 4.7925
4.0000 5.2068
4.0000 4.3003
4.0000 3.3631
4.0000 4.2462
4.0000 4.8224
4.0000 3.6379
4.0000 6.5533
4.0000 4.0631
4.0000 1.5314
4.0000 4.7202
4.0000 5.9741
4.0000 3.7753
4.0000 3.6054
4.0000 5.2770
4.0000 3.2200
4.0000 4.1376
4.0000 2.6078
4.0000 3.8558
4.0000 3.8844
4.0000 6.1124
4.0000 5.7872
4.0000 4.1940
4.0000 1.5486
4.0000 5.4822
4.0000 5.0473
4.0000 6.1613
4.0000 3.2724
4.0000 5.8604
4.0000 4.8899
4.0000 3.3473
4.0000 4.2758
4.0000 3.0123
4.0000 3.3765
4.0000 5.6137
4.0000 5.3529
4.0000 3.5104
4.0000 6.6071
4.0000 5.0382
4.0000 3.6669
4.0000 3.4891
4.0000 5.5548
4.0000 4.9779
4.0000 5.1509
4.0000 3.4881
4.0000 5.5958
4.0000 6.5229
4.0000 5.1518
4.0000 4.9115
4.0000 5.2017
4.0000 4.3163
4.0000 4.9879
4.0000 1.7746
4.0000 3.2597
4.0000 3.3806
4.0000 5.8786
4.0000 5.3764
4.0000 2.2456
4.0000 3.6318
4.0000 4.7170
4.0000 5.2047
4.0000 5.4324
4.0000 4.4770
4.0000 2.4513
4.0000 5.1945
4.0000 5.9580
4.0000 5.0062
4.0000 4.9874
4.0000 4.4906
4.0000 5.2603
4.0000 4.0310
4.0000 3.6006
4.0000 5.5120
4.0000 5.7565
4.0000 3.5642
4.0000 5.1984
4.0000 5.5077
4.0000 5.4254
4.0000 4.3554
4.0000 5.4403
4.0000 5.3153
4.0000 3.0560
4.0000 3.3497
4.0000 5.5386
4.0000 5.4723
4.0000 4.1191
4.0000 2.7372
4.0000 4.4392
4.0000 3.4212
4.0000 4.7801
4.0000 6.0730
4.0000 6.3395
4.0000 3.1049
4.0000 3.7102
4.0000 4.3362
4.0000 6.2005
4.0000 6.2541
4.0000 4.8929
4.0000 5.9796
4.0000 5.6157
4.0000 4.5466
4.0000 6.1277
4.0000 3.1310
4.0000 3.0692
4.0000 3.8023
4.0000 4.5140
4.0000 5.1789
4.0000 4.6906
4.0000 4.1561
4.0000 6.1627
4.0000 3.9128
4.0000 5.3632
4.0000 2.9171
4.0000 3.3900
4.0000 4.9912
4.0000 4.8667
4.0000 3.8401
4.0000 3.9397
4.0000 6.1089
4.0000 4.8230
4.0000 4.8958
4.0000 4.8698
4.0000 3.6573
4.0000 4.6550
4.0000 6.1951
4.0000 3.7391
4.0000 4.3517
4.0000 5.0364
4.0000 3.4134
4.0000 5.7587
4.0000 2.2402
4.0000 3.6225
4.0000 2.8608
4.0000 3.9336
4.0000 5.8371
4.0000 3.6312
4.0000 3.9072
4.0000 5.8261
4.0000 6.1273
4.0000 4.7890
4.0000 4.4545
4.0000 5.5386
4.0000 6.7012
4.0000 6.0761
4.0000 4.9039
4.0000 4.6121
4.0000 5.3625
4.0000 5.7718
4.0000 2.5001
4.0000 4.2635
4.0000 4.9687
4.0000 3.5934
4.0000 6.0996
4.0000 5.3260
4.0000 3.7771
4.0000 2.8440
4.0000 4.4284
4.0000 2.8327
4.0000 2.3763
4.0000 3.9547
4.0000 5.7412
4.0000 4.6401
4.0000 5.8937
4.0000 4.7923
4.0000 4.5524
4.0000 6.8042
4.0000 2.3068
4.0000 4.5302
4.0000 5.4609
4.0000 3.3828
4.0000 5.7963
4.0000 3.0496
4.0000 4.6404
4.0000 4.4933
4.0000 5.5281
4.0000 4.9672
4.0000 3.8122
4.0000 5.3549
4.0000 3.2706
4.0000 3.7245
4.0000 5.3866
4.0000 5.0044
4.0000 2.0289
4.0000 5.7227
4.0000 5.6285
4.0000 4.8941
4.0000 3.1829
4.0000 6.9484
4.0000 4.1976
4.0000 4.9939
4.0000 5.1986
4.0000 5.1563
4.0000 5.0708
4.0000 4.9967
4.0000 4.8166
4.0000 3.1505
4.0000 4.2316
4.0000 2.6474
4.0000 5.6149
4.0000 4.6263
4.0000 4.9585
4.0000 5.3352
4.0000 5.2603
4.0000 5.4483
4.0000 4.3706
4.0000 6.2654
4.0000 3.3849
4.0000 4.4972
4.0000 5.4809
4.0000 3.5552
4.0000 4.3700
4.0000 4.5783
4.0000 4.9317
4.0000 5.0732
4.0000 5.8436
4.0000 4.2502
4.0000 2.8118
4.0000 2.9392
4.0000 2.9520
4.0000 5.3611
4.0000 4.7966
4.0000 4.5542
4.0000 4.2855
4.0000 2.7478
4.0000 3.0855
4.0000 2.7539
4.0000 4.7126
4.0000 6.5299
4.0000 4.0307
4.0000 2.8622
4.0000 3.3528
4.0000 3.2862
4.0000 3.4740
4.0000 5.1930
4.0000 5.7978
4.0000 3.9750
4.0000 5.8819
4.0000 3.6089
4.0000 2.0403
4.0000 5.4733
4.0000 5.4936
4.0000 5.2005
4.0000 5.4111
4.0000 4.7562
4.0000 3.3587
4.0000 4.9322
4.0000 5.8999
4.0000 3.5875
4.0000 5.6775
4.0000 4.9312
4.0000 4.1448
4.0000 5.8872
4.0000 5.7330
4.0000 3.1152
4.0000 5.2449
4.0000 5.3059
4.0000 5.7899
4.0000 4.8719
4.0000 6.2732
4.0000 5.7736
4.0000 4.9621
4.0000 6.3005
4.0000 4.7673
4.0000 4.4277
4.0000 4.1291
4.0000 5.0780
4.0000 5.5318
4.0000 4.4733
4.0000 3.8349
4.0000 6.5036
4.0000 5.2600
4.0000 3.8051
4.0000 4.2960
4.0000 4.2660
4.0000 3.8136
4.0000 5.9080
4.0000 3.0139
4.0000 4.4837
4.0000 2.3579
4.0000 5.2737
4.0000 3.9427
4.0000 3.8112
4.0000 4.2942
4.0000 4.4383
4.0000 4.0026
4.0000 4.8603
4.0000 5.3072
4.0000 4.1068
4.0000 4.3623
4.0000 1.3352
4.0000 5.4510
4.0000 4.4368
4.0000 3.3267
4.0000 3.9862
4.0000 5.1792
4.0000 4.3098
4.0000 4.9501
4.0000 4.5875
4.0000 4.6927
4.0000 4.7512
4.0000 5.4533
4.0000 5.1776
4.0000 3.8606
4.0000 2.9549
4.0000 5.3474
4.0000 4.2344
4.0000 3.8955
4.0000 5.7908
4.0000 3.5055
4.0000 2.6153
4.0000 3.7086
4.0000 5.6489
4.0000 4.6726
4.0000 5.0460
4.0000 5.7871
4.0000 4.5459
4.0000 5.7485
4.0000 5.3478
4.0000 5.6743
4.0000 4.2074
4.0000 5.3827
4.0000 4.6114
4.0000 4.3877
4.0000 4.7464
4.0000 4.2480
4.0000 6.4876
4.0000 4.3182
4.0000 5.0540
4.0000 5.0956
4.0000 3.1713
4.0000 4.1818
4.0000 6.4403
4.0000 3.6137
4.0000 4.3275
4.0000 4.9867
4.0000 4.6170
4.0000 4.0257
4.0000 6.3636
4.0000 5.1220
4.0000 2.4710
4.0000 5.1086
4.0000 5.2481
4.0000 4.7925
4.0000 4.7768
4.0000 3.8844
4.0000 4.3541
4.0000 2.7947
4.0000 5.4991
4.0000 3.0559
4.0000 3.5959
4.0000 3.5012
4.0000 5.0732
4.0000 4.8066
4.0000 4.0820
4.0000 3.6250
4.0000 5.2431
4.0000 4.7400
4.0000 5.1551
4.0000 5.5292
4.0000 4.1388
4.0000 3.6022
4.0000 3.9572
4.0000 4.1855
4.0000 4.3348
4.0000 5.9141
4.0000 3.6798
4.0000 5.5925
4.0000 2.3879
4.0000 4.2619
4.0000 5.1536
4.0000 4.9799
4.0000 2.9753
4.0000 2.8590
4.0000 3.9491
4.0000 4.1452
4.0000 5.6742
4.0000 5.6804
4.0000 5.5964
4.0000 2.8252
4.0000 3.4860
4.0000 3.7916
4.0000 5.8932
4.0000 5.4550
4.0000 5.1267
4.0000 3.6660
4.0000 3.9695
4.0000 4.1779
4.0000 5.2062
4.0000 3.0106
4.0000 3.8663
4.0000 5.2996
4.0000 5.6498
4.0000 5.1994
4.0000 6.2047
4.0000 2.5408
4.0000 6.4953
4.0000 5.9481
4.0000 5.4165
4.0000 5.6156
4.0000 6.1770
4.0000 3.8925
4.0000 5.0640
4.0000 4.7197
4.0000 3.1388
4.0000 6.6686
4.0000 4.9195
4.0000 5.5977
4.0000 4.4988
4.0000 3.8237
4.0000 3.7929
4.0000 4.0476
4.0000 1.9308
4.0000 4.3635
4.0000 4.3994
4.0000 5.5938
4.0000 4.2335
4.0000 5.0657
4.0000 3.9255
4.0000 5.5282
4.0000 4.5959
4.0000 3.8276
4.0000 3.3477
4.0000 5.5720
4.0000 5.1036
4.0000 4.1751
4.0000 5.6249
4.0000 5.1075
4.0000 4.2108
4.0000 4.1646
4.0000 3.9656
4.0000 3.3795
4.0000 5.5448
4.0000 5.1642
4.0000 5.4163
4.0000 4.2958
4.0000 3.8602
4.0000 3.7671
4.0000 5.5525
4.0000 3.8384
4.0000 6.5717
4.0000 5.2941
4.0000 3.2131
4.0000 5.2280
4.0000 5.4909
4.0000 5.0894
4.0000 4.1544
4.0000 5.1473
4.0000 5.4083
4.0000 3.4087
4.0000 4.1744
4.0000 6.0443
4.0000 4.0263
4.0000 3.9142
4.0000 5.6811
4.0000 2.7953
4.0000 2.2407
4.0000 3.9867
4.0000 5.0899
4.0000 3.5957
4.0000 5.0814
4.0000 5.1653
4.0000 3.6539
4.0000 4.8892
4.0000 3.7433
4.0000 4.6746
4.0000 3.9861
4.0000 3.1251
4.0000 5.0471
4.0000 5.9399
4.0000 4.2813
4.0000 4.7005
4.0000 4.5290
4.0000 4.2314
4.0000 4.7158
4.0000 4.2861
4.0000 2.0465
4.0000 3.8726
4.0000 3.6352
4.0000 4.0356
4.0000 4.8872
4.0000 5.7894
4.0000 3.6655
4.0000 4.6628
4.0000 6.4057
4.0000 4.2544
4.0000 6.6990
4.0000 4.8951
4.0000 4.2153
4.0000 4.5245
4.0000 4.9242
4.0000 4.7695
4.0000 5.3355
4.0000 5.8043
4.0000 3.9905
4.0000 5.4825
4.0000 5.8969
4.0000 5.9369
4.0000 3.4043
4.0000 4.8414
4.0000 4.7375
4.0000 5.4907
4.0000 5.0805
4.0000 6.2378
4.0000 5.2139
4.0000 6.7115
4.0000 6.9189
4.0000 5.1500
4.0000 5.7647
4.0000 5.5013
4.0000 5.5424
4.0000 4.1766
4.0000 5.4881
4.0000 4.8714
4.0000 4.9977
4.0000 5.1758
4.0000 2.3475
4.0000 4.0136
4.0000 3.8885
4.0000 5.7965
4.0000 3.6718
4.0000 4.8549
4.0000 3.2778
4.0000 2.7233
4.0000 5.3705
4.0000 6.0881
4.0000 6.5540
4.0000 3.9187
4.0000 4.7737
4.0000 4.2261
4.0000 4.3676
4.0000 2.6456
4.0000 3.1046
4.0000 4.5590
4.0000 5.2488
4.0000 5.1676
4.0000 5.5093
4.0000 5.4721
4.0000 4.9707
4.0000 3.2091
4.0000 5.2602
4.0000 5.3812
4.0000 5.0740
4.0000 6.4757
4.0000 4.8984
4.0000 6.0104
4.0000 3.3749
4.0000 6.1395
4.0000 5.6874
4.0000 5.2543
4.0000 5.1315
4.0000 3.0659
4.0000 4.4259
4.0000 3.7246
4.0000 5.1858
4.0000 5.1941
4.0000 3.6873
4.0000 5.5215
4.0000 5.4608
4.0000 4.3969
4.0000 3.8931
4.0000 3.7960
4.0000 3.5519
4.0000 4.1490
4.0000 4.8843
4.0000 5.0650
4.0000 5.0441
4.0000 5.6399
4.0000 4.4745
4.0000 5.0287
4.0000 3.1101
4.0000 6.0028
4.0000 4.0107
4.0000 5.4847
4.0000 6.7119
4.0000 4.7713
4.0000 5.4011
4.0000 3.4644
4.0000 5.6183
4.0000 5.3725
4.0000 5.4909
4.0000 3.1209
4.0000 3.7174
4.0000 5.5088
4.0000 5.2428
4.0000 4.9919
4.0000 4.6047
4.0000 3.9300
4.0000 6.2041
4.0000 6.6340
4.0000 5.5271
4.0000 4.1359
4.0000 3.6310
4.0000 3.4854
4.0000 5.9280
4.0000 5.4721
4.0000 4.1247
4.0000 4.2470
4.0000 3.6038
4.0000 5.3971
4.0000 5.6039
4.0000 3.8913
4.0000 6.2557
4.0000 3.4661
4.0000 5.4089
4.0000 5.0304
4.0000 6.1965
4.0000 4.4634
4.0000 3.6092
4.0000 4.3850
4.0000 4.8850
4.0000 3.3888
4.0000 4.3596
4.0000 5.7269
4.0000 6.3196
4.0000 5.4656
4.0000 6.0158
4.0000 3.2585
4.0000 5.2084
4.0000 4.8683
4.0000 4.0600
4.0000 5.6599
4.0000 4.1011
4.0000 4.9013
4.0000 4.9339
4.0000 5.3150
4.0000 2.2480
4.0000 4.8129
4.0000 4.8687
4.0000 5.2087
4.0000 4.6788
4.0000 3.0584
4.0000 6.2048
4.0000 3.3402
4.0000 5.0655
4.0000 4.7071
4.0000 3.0965
4.0000 4.5540
4.0000 3.3365
4.0000 3.9693
4.0000 5.6709
4.0000 3.1732
4.0000 4.4211
4.0000 2.5773
4.0000 5.0520
4.0000 4.7892
4.0000 1.9757
4.0000 4.9219
4.0000 4.7317
4.0000 5.2077
4.0000 4.0112
4.0000 5.4737
4.0000 5.2521
4.0000 3.2012
4.0000 4.3254
4.0000 5.3475
4.0000 4.5902
4.0000 4.0419
4.0000 5.8717
4.0000 5.6579
4.0000 4.2712
4.0000 2.8211
4.0000 5.2314
4.0000 4.5011
4.0000 5.0409
4.0000 5.0957
4.0000 4.6859
4.0000 3.0915
4.0000 5.8570
4.0000 5.1515
4.0000 5.7211
4.0000 4.7941
4.0000 5.9331
4.0000 3.8974
4.0000 4.1501
4.0000 5.4178
4.0000 5.7705
4.0000 4.7153
4.0000 5.7676
4.0000 4.8569
4.0000 4.2897
4.0000 3.5118
4.0000 4.7243
4.0000 4.1837
4.0000 4.5655
4.0000 5.8293
4.0000 3.4248
4.0000 2.5956
4.0000 4.6178
4.0000 4.5343
4.0000 3.6672
4.0000 4.3467
4.0000 3.7643
4.0000 4.7535
4.0000 4.1487
4.0000 3.8446
4.0000 3.4312
4.0000 4.3240
4.0000 4.6257
4.0000 4.9343
4.0000 6.1219
4.0000 6.1643
4.0000 6.2233
4.0000 5.1653
4.0000 3.3929
4.0000 4.0800
4.0000 3.3237
4.0000 5.2485
4.0000 3.1934
4.0000 4.3230
4.0000 5.2190
4.0000 4.7248
4.0000 4.5577
4.0000 3.9365
4.0000 4.7694
4.0000 3.2403
4.0000 4.4391
4.0000 4.0799
4.0000 4.8002
4.0000 3.3325
4.0000 5.9274
4.0000 3.3763
4.0000 5.6157
4.0000 3.9288
4.0000 4.8165
4.0000 5.0361
4.0000 3.1102
4.0000 5.2913
4.0000 5.5199
4.0000 5.2811
4.0000 5.4596
4.0000 4.4383
4.0000 5.1305
4.0000 3.7127
4.0000 4.6091
4.0000 4.8199
4.0000 3.6395
4.0000 4.8657
4.0000 3.6471
4.0000 5.4586
4.0000 6.4060
4.0000 5.9499
4.0000 5.6966
4.0000 4.1788
4.0000 5.1040
4.0000 3.0595
4.0000 3.4151
4.0000 5.3402
4.0000 6.2809
4.0000 3.9114
4.0000 5.3516
4.0000 4.8546
4.0000 3.9566
4.0000 5.1958
4.0000 4.2342
4.0000 7.3148
4.0000 5.1267
4.0000 3.0486
4.0000 3.8043
4.0000 6.1382
4.0000 5.6284
4.0000 6.6361
4.0000 5.6889
4.0000 3.5852
4.0000 5.6791
4.0000 4.8470
4.0000 6.0881
4.0000 4.0709
4.0000 6.0804
4.0000 3.9545
4.0000 3.1897
4.0000 4.3389
4.0000 4.9581
4.0000 3.6855
4.0000 5.6979
4.0000 6.4282
4.0000 4.5817
4.0000 3.5982
4.0000 4.1731
4.0000 3.0829
4.0000 5.7315
4.0000 3.7814
4.0000 5.9120
4.0000 4.9415
4.0000 3.3576
4.0000 5.3277
4.0000 4.0207
4.0000 4.2749
4.0000 5.4665
4.0000 3.4803
4.0000 3.7735
4.0000 4.6601
4.0000 2.3957
4.0000 4.0085
4.0000 5.1387
4.0000 2.3796
4.0000 4.7121
4.0000 5.1799
4.0000 3.6202
4.0000 4.5249
4.0000 4.6232
4.0000 4.1008
4.0000 2.6685
4.0000 3.6174
4.0000 5.2865
4.0000 3.0766
4.0000 3.7805
4.0000 4.5042
4.0000 4.3980
4.0000 5.1866
4.0000 4.1959
4.0000 4.8712
4.0000 2.7886
4.0000 3.7136
4.0000 4.9335
4.0000 5.2886
4.0000 4.6548
4.0000 4.9319
4.0000 4.0200
4.0000 3.2241
4.0000 5.2910
4.0000 5.6344
4.0000 3.3786
4.0000 6.0165
4.0000 3.1484
4.0000 6.3025
4.0000 5.1582
4.0000 6.4699
4.0000 5.1403
4.0000 5.7764
4.0000 5.4008
4.0000 3.3354
4.0000 4.3686
4.0000 2.8646
4.0000 3.4604
4.0000 5.3630
4.0000 4.8981
4.0000 4.5173
4.0000 4.9990
4.0000 2.4734
4.0000 4.3398
4.0000 4.7095
4.0000 6.6490
4.0000 5.6278
4.0000 4.4194
4.0000 6.1291
4.0000 5.6754
4.0000 5.6277
4.0000 4.1684
4.0000 4.6679
4.0000 4.5454
4.0000 3.6175
4.0000 4.4980
4.0000 5.1113
4.0000 6.6255
4.0000 5.1441
4.0000 3.9502
4.0000 4.3729
4.0000 3.3887
4.0000 3.9728
4.0000 6.8002
4.0000 4.5624
4.0000 6.2996
4.0000 5.3099
4.0000 6.3275
4.0000 4.1075
4.0000 4.9720
4.0000 3.0554
4.0000 5.2573
4.0000 6.1810
4.0000 4.8164
4.0000 2.6330
4.0000 5.6082
4.0000 3.4036
4.0000 4.4576
4.0000 6.2250
4.0000 3.5207
4.0000 3.3792
4.0000 5.8435
4.0000 3.2850
4.0000 4.2946
4.0000 3.4000
4.0000 5.1146
4.0000 5.2351
4.0000 4.7897
4.0000 3.6846
4.0000 2.0193
4.0000 5.8860
4.0000 5.4930
4.0000 5.4912
4.0000 3.6880
4.0000 3.6848
4.0000 5.6898
4.0000 6.0700
4.0000 5.6005
4.0000 5.3401
4.0000 2.4869
4.0000 2.1545
4.0000 5.4837
4.0000 3.7582
4.0000 4.6684
4.0000 3.9337
4.0000 2.3723
4.0000 5.4839
4.0000 5.3339
4.0000 5.6428
4.0000 4.9888
4.0000 4.6193
4.0000 5.0632
4.0000 3.7260
4.0000 3.9857
4.0000 6.5410
4.0000 2.9013
4.0000 5.9645
4.0000 6.0510
4.0000 5.6501
4.0000 4.6975
4.0000 3.5250
4.0000 5.4516
4.0000 4.5135
4.0000 3.2123
4.0000 6.5955
4.0000 2.3098
4.0000 4.6339
4.0000 4.0476
4.0000 2.6451
4.0000 6.2452
4.0000 5.5411
4.0000 4.8254
4.0000 3.5129
4.0000 4.9498
4.0000 4.8926
4.0000 2.6872
4.0000 5.3762
4.0000 2.2179
4.0000 4.7313
4.0000 6.9912
4.0000 5.5941
4.0000 4.7945
4.0000 3.6654
4.0000 3.1319
4.0000 6.2767
4.0000 4.1704
4.0000 2.8715
4.0000 4.8212
4.0000 3.5612
4.0000 4.1161
4.0000 3.7528
4.0000 5.2898
4.0000 5.1474
4.0000 5.5590
4.0000 3.0167
4.0000 5.1244
4.0000 5.7568
4.0000 4.1701
4.0000 5.4685
4.0000 5.7557
4.0000 3.6739
4.0000 3.6265
4.0000 5.2829
4.0000 4.2055
4.0000 4.0028
4.0000 3.6467
4.0000 5.6663
4.0000 4.7402
4.0000 5.3259
4.0000 5.2893
4.0000 4.3574
4.0000 4.2493
4.0000 3.5148
4.0000 2.8711
4.0000 7.0512
4.0000 3.6153
4.0000 5.2934
4.0000 5.3434
4.0000 5.2602
4.0000 5.0643
4.0000 4.5652
4.0000 5.5513
4.0000 2.6033
4.0000 3.6460
4.0000 4.0170
4.0000 4.5950
4.0000 4.5731
4.0000 2.6867
4.0000 5.0615
4.0000 5.6178
4.0000 3.0077
4.0000 4.6358
4.0000 3.0001
4.0000 4.9011
4.0000 4.3722
4.0000 4.8747
4.0000 5.7177
4.0000 5.3737
4.0000 5.4136
4.0000 4.1349
4.0000 3.0038
4.0000 4.8880
4.0000 4.8256
4.0000 5.5624
4.0000 4.4578
4.0000 4.4275
4.0000 4.4318
4.0000 5.4687
4.0000 4.1278
4.0000 3.4766
4.0000 4.7309
4.0000 4.0385
4.0000 2.9804
4.0000 4.8066
4.0000 4.1977
4.0000 4.9545
4.0000 5.8019
4.0000 2.0479
4.0000 4.3608
4.0000 6.1923
4.0000 4.5361
4.0000 5.8756
4.0000 5.5663
4.0000 4.8624
4.0000 4.3914
4.0000 4.0875
4.0000 5.3925
4.0000 4.8645
4.0000 5.1718
4.0000 4.7042
4.0000 4.8394
4.0000 3.5236
4.0000 4.8899
4.0000 5.8098
4.0000 3.5980
4.0000 4.3252
4.0000 3.8010
4.0000 4.7477
4.0000 4.3813
4.0000 4.4198
4.0000 4.5511
4.0000 4.5315
4.0000 5.1732
4.0000 4.6438
4.0000 5.5121
4.0000 4.8136
4.0000 2.8937
4.0000 5.0088
4.0000 4.2799
4.0000 3.5730
4.0000 5.2455
4.0000 4.1920
4.0000 5.3176
4.0000 5.5530
4.0000 2.8119
4.0000 5.5968
4.0000 5.3370
4.0000 5.6391
4.0000 5.4152
4.0000 5.7775
4.0000 5.1317
4.0000 5.3056
4.0000 5.2552
4.0000 4.6115
4.0000 4.4499
4.0000 2.4004
4.0000 6.3941
4.0000 4.0288
4.0000 5.4405
4.0000 2.5968
4.0000 6.0307
4.0000 3.4050
4.0000 3.3108
4.0000 5.0019
4.0000 5.7941
4.0000 4.7627
4.0000 5.1087
4.0000 4.2347
4.0000 3.8898
4.0000 5.4937
4.0000 5.9009
4.0000 5.1205
4.0000 4.8506
4.0000 5.1466
4.0000 4.2159
4.0000 5.1204
4.0000 4.8714
4.0000 5.0222
4.0000 4.4339
4.0000 3.1197
4.0000 3.2849
4.0000 4.7293
4.0000 5.4046
4.0000 3.3827
4.0000 5.2631
4.0000 6.1263
4.0000 3.7188
4.0000 6.2813
4.0000 6.2130
4.0000 2.1670
4.0000 3.1928
4.0000 5.2624
4.0000 5.0711
4.0000 5.0501
4.0000 5.0259
4.0000 3.8215
4.0000 6.6993
4.0000 3.1025
4.0000 6.1821
4.0000 3.2528
4.0000 5.3947
4.0000 4.8580
4.0000 5.9260
4.0000 5.9571
4.0000 4.8419
4.0000 4.0422
4.0000 4.3925
4.0000 5.1589
4.0000 5.9622
4.0000 3.4492
4.0000 4.5268
4.0000 4.5563
4.0000 4.4489
4.0000 3.9227
4.0000 3.9206
4.0000 4.6429
4.0000 4.7158
4.0000 5.0370
4.0000 4.0448
4.0000 3.0878
4.0000 4.9014
4.0000 3.8971
4.0000 5.7115
4.0000 4.8280
4.0000 5.9565
4.0000 5.0961
4.0000 3.7652
4.0000 5.6565
4.0000 5.0548
4.0000 4.9297
4.0000 3.8195
4.0000 5.1478
4.0000 5.8667
4.0000 2.7521
4.0000 4.7661
4.0000 2.8012
4.0000 6.1731
4.0000 5.3511
4.0000 4.6148
4.0000 3.0631
4.0000 3.2802
4.0000 5.0934
4.0000 6.8483
4.0000 4.4391
4.0000 3.4767
4.0000 3.4473
4.0000 4.6455
4.0000 5.5607
4.0000 4.7517
4.0000 4.3145
4.0000 5.4147
4.0000 4.7226
4.0000 2.7735
4.0000 3.4646
4.0000 3.9062
4.0000 4.9674
4.0000 5.1311
4.0000 5.2141
4.0000 4.6939
4.0000 3.6626
4.0000 5.5273
4.0000 3.5113
4.0000 3.4961
4.0000 4.2152
4.0000 5.8071
4.0000 5.1762
4.0000 3.6915
4.0000 4.3771
4.0000 4.8030
4.0000 5.0899
4.0000 4.8713
4.0000 5.9702
4.0000 3.6087
4.0000 3.9939
4.0000 5.8413
4.0000 4.9012
4.0000 5.5100
4.0000 5.4930
4.0000 3.8438
4.0000 3.1338
4.0000 3.7936
4.0000 3.9421
4.0000 3.9633
4.0000 5.3515
4.0000 3.9309
4.0000 5.3692
4.0000 5.2571
4.0000 6.5109
4.0000 4.6291
4.0000 4.0776
4.0000 6.2551
4.0000 4.9949
4.0000 5.7954
4.0000 4.6405
4.0000 3.5714
4.0000 5.3929
4.0000 3.7644
4.0000 4.0306
4.0000 3.5457
4.0000 3.1032
4.0000 3.7803
4.0000 5.7485
4.0000 3.4000
4.0000 5.8550
4.0000 5.4391
4.0000 4.7630
4.0000 6.3466
4.0000 3.9735
4.0000 3.4681
4.0000 4.5383
4.0000 5.3102
4.0000 4.3077
4.0000 3.2069
4.0000 5.6852
4.0000 3.0525
4.0000 3.6800
4.0000 6.4879
4.0000 4.2151
4.0000 5.7601
4.0000 3.7644
4.0000 3.9500
4.0000 3.6867
4.0000 4.8803
4.0000 4.1992
4.0000 3.3618
4.0000 5.3117
4.0000 4.4652
4.0000 5.4725
4.0000 4.4116
4.0000 5.2113
4.0000 3.3579
4.0000 3.6562
4.0000 3.9419
4.0000 5.0103
4.0000 5.6011
4.0000 5.9229
4.0000 4.4952
4.0000 5.7201
4.0000 3.1856
4.0000 4.0668
4.0000 5.7659
4.0000 3.7162
4.0000 5.8234
4.0000 2.8712
4.0000 4.7592
4.0000 5.1090
4.0000 5.5480
4.0000 4.9516
4.0000 2.8012
4.0000 3.6481
4.0000 5.1495
4.0000 4.5153
4.0000 6.2373
4.0000 4.7139
4.0000 6.3493
4.0000 3.7715
4.0000 6.0816
4.0000 4.3394
4.0000 6.4457
4.0000 4.9231
4.0000 2.8809
4.0000 5.0929
4.0000 4.8415
4.0000 5.8149
4.0000 4.4637
4.0000 5.6160
4.0000 3.3037
4.0000 3.8220
4.0000 4.0783
4.0000 5.4231
4.0000 4.2514
4.0000 5.9440
4.0000 3.9609
4.0000 2.8964
4.0000 4.8322
4.0000 4.6350
4.0000 5.4878
4.0000 4.1670
4.0000 3.7416
4.0000 5.6243
4.0000 3.3431
4.0000 2.2193
4.0000 5.4832
4.0000 4.0731
4.0000 5.6845
4.0000 4.8944
4.0000 5.4668
4.0000 6.2662
4.0000 4.7642
4.0000 3.6011
4.0000 3.8527
4.0000 5.2736
4.0000 4.8593
4.0000 5.1573
4.0000 4.2471
4.0000 6.3985
4.0000 4.1341
4.0000 2.3571
4.0000 4.5068
4.0000 5.1304
4.0000 3.8428
4.0000 5.4115
4.0000 5.1445
4.0000 3.3949
4.0000 5.0007
4.0000 5.9087
4.0000 2.6884
4.0000 4.4335
4.0000 5.8415
4.0000 5.2479
4.0000 4.3431
4.0000 4.5360
4.0000 3.6686
4.0000 4.0159
4.0000 5.6591
4.0000 6.0320
4.0000 3.4588
4.0000 4.3144
4.0000 3.8669
4.0000 3.3423
4.0000 4.1673
4.0000 6.1952
4.0000 6.2434
4.0000 4.9755
4.0000 4.7655
4.0000 5.7708
4.0000 3.8957
4.0000 4.8881
4.0000 5.0271
4.0000 4.9004
4.0000 5.1451
4.0000 4.8648
4.0000 3.7867
4.0000 3.8430
4.0000 1.7640
4.0000 5.4102
4.0000 5.9492
4.0000 5.3552
4.0000 5.4816
4.0000 6.1207
4.0000 4.7467
4.0000 4.0269
4.0000 4.7353
4.0000 4.7747
4.0000 5.7049
4.0000 5.0104
4.0000 6.1575
4.0000 5.6479
4.0000 3.8733
4.0000 3.0751
4.0000 3.5616
4.0000 6.2699
4.0000 6.6677
4.0000 6.2743
4.0000 5.0752
4.0000 4.6013
4.0000 4.6547
4.0000 5.0477
4.0000 5.5860
4.0000 4.5720
4.0000 4.9656
4.0000 4.9578
4.0000 4.1832
4.0000 3.3100
4.0000 4.3696
4.0000 4.5512
4.0000 2.7720
4.0000 4.2483
4.0000 4.5685
4.0000 4.9879
4.0000 3.9308
4.0000 3.4851
4.0000 4.8040
4.0000 4.9249
4.0000 6.5317
4.0000 4.9198
4.0000 4.2419
4.0000 4.1843
4.0000 6.1761
4.0000 5.6990
4.0000 4.5962
4.0000 5.6380
4.0000 4.7524
4.0000 5.7000
4.0000 3.1113
4.0000 4.2356
4.0000 2.4935
4.0000 6.5708
4.0000 5.7344
4.0000 3.3496
4.0000 5.4222
4.0000 5.2613
4.0000 4.9998
4.0000 3.3793
4.0000 3.6745
4.0000 4.3731
4.0000 5.1789
4.0000 4.0593
4.0000 3.3295
4.0000 4.9641
4.0000 3.6217
4.0000 4.8607
4.0000 4.6793
4.0000 5.2182
4.0000 5.3780
4.0000 5.2606
4.0000 4.0230
4.0000 1.8802
4.0000 6.3816
4.0000 2.8708
4.0000 3.2979
4.0000 5.7262
4.0000 4.2684
4.0000 2.6613
4.0000 6.3912
4.0000 4.2345
4.0000 5.4371
4.0000 3.2130
4.0000 5.2337
4.0000 3.1238
4.0000 3.4453
4.0000 4.2685
4.0000 5.7731
4.0000 5.0284
4.0000 3.1047
4.0000 2.8004
4.0000 5.0532
4.0000 3.3336
4.0000 4.1791
4.0000 6.1316
4.0000 5.4211
4.0000 4.1781
4.0000 5.1668
4.0000 2.9918
4.0000 4.9432
4.0000 5.6849
4.0000 4.2145
4.0000 5.5068
4.0000 2.9916
4.0000 3.4810
4.0000 4.5440
4.0000 7.3647
4.0000 6.1066
4.0000 6.0357
4.0000 5.0945
4.0000 5.3199
4.0000 5.0019
4.0000 4.1685
4.0000 4.7969
4.0000 4.0159
4.0000 3.0720
4.0000 4.8125
4.0000 4.9095
4.0000 6.8301
4.0000 3.8678
4.0000 4.2076
4.0000 4.9244
4.0000 3.1408
4.0000 3.7203
4.0000 5.1387
4.0000 4.9086
4.0000 4.1715
4.0000 4.8211
4.0000 6.0046
4.0000 3.5737
4.0000 5.1055
4.0000 6.8001
4.0000 3.7983
4.0000 5.4156
4.0000 4.7572
4.0000 4.1617
4.0000 2.9662
4.0000 4.0837
4.0000 4.5798
4.0000 5.7725
4.0000 2.5128
4.0000 5.5133
4.0000 3.3018
4.0000 3.9051
4.0000 4.8350
4.0000 3.1343
4.0000 3.8521
4.0000 4.5396
4.0000 5.9308
4.0000 5.1750
4.0000 5.7926
4.0000 4.3438
4.0000 4.9203
4.0000 5.5705
4.0000 4.2814
4.0000 5.9854
4.0000 4.0292
4.0000 4.0355
4.0000 3.7400
4.0000 4.9238
4.0000 5.7119
4.0000 5.8693
4.0000 6.0194
4.0000 4.0580
4.0000 4.8688
4.0000 4.8207
4.0000 6.1273
4.0000 4.0410
4.0000 4.2650
4.0000 5.8026
4.0000 4.3318
4.0000 4.5542
4.0000 3.1567
4.0000 4.1395
4.0000 3.0348
4.0000 6.4765
4.0000 1.9430
4.0000 3.7313
4.0000 4.7775
4.0000 3.5927
4.0000 5.4327
4.0000 4.9019
4.0000 4.2732
4.0000 4.8768
4.0000 4.8174
4.0000 4.3592
4.0000 4.7991
4.0000 4.2987
4.0000 5.3560
4.0000 5.3362
4.0000 3.9377
4.0000 5.1398
4.0000 3.5854
4.0000 2.8245
4.0000 1.9771
4.0000 4.7778
4.0000 5.8555
4.0000 4.0049
4.0000 2.6599
4.0000 3.1039
4.0000 4.5780
4.0000 4.8523
4.0000 3.4369
4.0000 3.1384
4.0000 4.1941
4.0000 3.4652
4.0000 4.2337
4.0000 4.2444
4.0000 3.7319
4.0000 4.4937
4.0000 4.3818
4.0000 5.3595
4.0000 6.4664
4.0000 5.8735
4.0000 3.4999
4.0000 4.4889
4.0000 5.6373
4.0000 5.1780
4.0000 4.5193
4.0000 5.2758
4.0000 5.3758
4.0000 5.0021
4.0000 4.7620
4.0000 5.3741
4.0000 2.2268
4.0000 5.0081
4.0000 3.6253
4.0000 5.5407
4.0000 4.3837
4.0000 5.0795
4.0000 2.7812
4.0000 3.0695
4.0000 2.0362
4.0000 4.6445
4.0000 4.4084
4.0000 4.4794
4.0000 6.0344
4.0000 5.9736
4.0000 3.0088
4.0000 6.6310
4.0000 6.3748
4.0000 5.0483
4.0000 5.6322
4.0000 6.7139
4.0000 6.0691
4.0000 5.5375
4.0000 4.4173
4.0000 5.4096
4.0000 6.3000
4.0000 3.7113
4.0000 4.2672
4.0000 5.6089
4.0000 6.3163
4.0000 4.0243
4.0000 3.4224
4.0000 4.7070
4.0000 5.2189
4.0000 4.0460
4.0000 4.5186
4.0000 5.3770
4.0000 5.8643
4.0000 5.0206
4.0000 5.9107
4.0000 3.9630
4.0000 5.9678
4.0000 5.1845
4.0000 4.9579
4.0000 4.9710
4.0000 4.5099
4.0000 4.8082
4.0000 5.9185
4.0000 4.2009
4.0000 4.3494
4.0000 2.6914
4.0000 5.9466
4.0000 3.0855
4.0000 2.5935
4.0000 5.7885
4.0000 3.7640
4.0000 3.7897
4.0000 5.5878
4.0000 4.6205
4.0000 5.8386
4.0000 4.2971
4.0000 3.3768
4.0000 6.0474
4.0000 5.9916
4.0000 4.7180
4.0000 5.5838
4.0000 4.9487
4.0000 3.9816
4.0000 5.7114
4.0000 3.9635
4.0000 5.0428
4.0000 5.7240
4.0000 2.3484
4.0000 5.2203
4.0000 4.2915
4.0000 5.1091
4.0000 4.0228
4.0000 4.4954
4.0000 4.6079
4.0000 3.3371
4.0000 4.1768
4.0000 6.0409
4.0000 5.3045
4.0000 6.0106
4.0000 3.5876
4.0000 2.4559
4.0000 3.3734
4.0000 6.2320
4.0000 3.6532
4.0000 2.7910
4.0000 5.6414
4.0000 6.1913
4.0000 4.6309
4.0000 5.0306
4.0000 4.9938
4.0000 4.9881
4.0000 5.1192
4.0000 3.1059
4.0000 4.9824
4.0000 5.9219
4.0000 5.7795
4.0000 4.5010
4.0000 5.5175
4.0000 3.1357
4.0000 5.2094
4.0000 3.9198
4.0000 3.5433
4.0000 5.6302
4.0000 3.6731
4.0000 4.0562
4.0000 4.8144
4.0000 4.2557
4.0000 5.3664
4.0000 5.5245
4.0000 3.6666
4.0000 3.0925
4.0000 5.1186
4.0000 3.9269
4.0000 4.8589
4.0000 6.8289
4.0000 4.5838
4.0000 3.4847
4.0000 4.3078
4.0000 3.8701
4.0000 4.6488
4.0000 3.1847
4.0000 4.1796
4.0000 2.9719
4.0000 4.2811
4.0000 5.1403
4.0000 3.8146
4.0000 5.4652
4.0000 6.8608
4.0000 4.9855
4.0000 5.4192
4.0000 5.4003
4.0000 5.1877
4.0000 5.4849
4.0000 4.8772
4.0000 3.7198
4.0000 2.7332
4.0000 4.3744
4.0000 4.4385
4.0000 5.2718
4.0000 4.8614
4.0000 4.3328
4.0000 2.7456
4.0000 4.0732
4.0000 2.5043
4.0000 6.5547
4.0000 4.2712
4.0000 5.0031
4.0000 4.9122
4.0000 5.6704
4.0000 4.4756
4.0000 4.4593
4.0000 3.4484
4.0000 3.2426
4.0000 3.7881
4.0000 2.6439
4.0000 3.7250
4.0000 5.4238
4.0000 5.2584
4.0000 4.0709
4.0000 5.5372
4.0000 5.3634
4.0000 5.3864
4.0000 3.7661
4.0000 4.2638
4.0000 4.9558
4.0000 3.4263
4.0000 2.3649
4.0000 4.5224
4.0000 5.1851
4.0000 5.5096
4.0000 3.7602
4.0000 4.3761
4.0000 6.3626
4.0000 3.3933
4.0000 4.3949
4.0000 4.1985
4.0000 2.8079
4.0000 4.7828
4.0000 4.1728
4.0000 2.6048
4.0000 5.1004
4.0000 6.1627
4.0000 5.2993
4.0000 3.3511
4.0000 4.8240
4.0000 4.5917
4.0000 5.6742
4.0000 3.6269
4.0000 3.4989
4.0000 4.0652
4.0000 3.8252
4.0000 4.8623
4.0000 4.3717
4.0000 4.5676
4.0000 3.9684
4.0000 5.5726
4.0000 5.2084
4.0000 4.7042
4.0000 4.6548
4.0000 4.6260
4.0000 5.0273
4.0000 4.6305
4.0000 5.0589
4.0000 3.9036
4.0000 5.4054
4.0000 4.2940
4.0000 3.8451
4.0000 4.8377
4.0000 5.9796
4.0000 2.8173
4.0000 3.4406
4.0000 3.6408
4.0000 5.7117
4.0000 4.5975
4.0000 5.8777
4.0000 5.2618
4.0000 2.7816
4.0000 4.3888
4.0000 4.0099
4.0000 5.8164
4.0000 5.4773
4.0000 4.1818
4.0000 6.2354
4.0000 4.5938
4.0000 5.1190
4.0000 6.1339
4.0000 5.9748
4.0000 5.6065
4.0000 5.3122
4.0000 2.8645
4.0000 3.9889
4.0000 3.7670
4.0000 6.0056
4.0000 5.4545
4.0000 4.4569
4.0000 4.8267
4.0000 2.9206
4.0000 4.8311
4.0000 4.5308
4.0000 2.6555
4.0000 3.5857
4.0000 5.1698
4.0000 5.8277
4.0000 7.1637
4.0000 5.4402
4.0000 6.0596
4.0000 5.7751
4.0000 2.9651
4.0000 6.7595
4.0000 5.7533
4.0000 4.2109
4.0000 3.6981
4.0000 6.8317
4.0000 3.3024
4.0000 6.1359
4.0000 4.2959
4.0000 4.9791
4.0000 4.1462
4.0000 4.9738
4.0000 2.2600
4.0000 3.9493
4.0000 2.9096
4.0000 5.5138
4.0000 3.6723
4.0000 5.6154
4.0000 5.5185
4.0000 5.4615
4.0000 5.9239
4.0000 4.7227
4.0000 4.6894
4.0000 5.2822
4.0000 3.1857
4.0000 4.9922
4.0000 5.8256
4.0000 3.2005
4.0000 2.9281
4.0000 3.9926
4.0000 3.8627
4.0000 3.7951
4.0000 6.7105
4.0000 5.0601
4.0000 3.8731
4.0000 4.1617
4.0000 3.1956
4.0000 4.8201
4.0000 4.4606
4.0000 4.5265
4.0000 3.6389
4.0000 5.0016
4.0000 4.1176
4.0000 2.1979
4.0000 1.8859
4.0000 4.9398
4.0000 3.5973
4.0000 4.1122
4.0000 3.1525
4.0000 3.5970
4.0000 4.5169
4.0000 7.0732
4.0000 1.8334
4.0000 3.1304
4.0000 5.5168
4.0000 4.3359
4.0000 5.0037
4.0000 2.9051
4.0000 4.0558
4.0000 5.8155
4.0000 3.0263
4.0000 3.9862
4.0000 3.4559
4.0000 3.6193
4.0000 6.1843
4.0000 2.1512
4.0000 5.0026
4.0000 4.0453
4.0000 5.8329
4.0000 3.3784
4.0000 4.7462
4.0000 3.0155
4.0000 3.9861
4.0000 5.8517
4.0000 6.2026
4.0000 5.5945
4.0000 6.2348
4.0000 5.7499
4.0000 5.2306
4.0000 4.1806
4.0000 6.0803
4.0000 3.5432
4.0000 4.7625
4.0000 6.1123
4.0000 4.1281
4.0000 4.5000
4.0000 5.3786
4.0000 3.1594
4.0000 6.4318
4.0000 4.2488
4.0000 3.2265
4.0000 4.9534
4.0000 4.6772
4.0000 5.5293
4.0000 4.8034
4.0000 3.3031
4.0000 5.2259
4.0000 6.1381
4.0000 4.2205
4.0000 5.4533
4.0000 5.7926
4.0000 2.8885
4.0000 3.3983
4.0000 4.1005
4.0000 4.2982
4.0000 6.1192
4.0000 3.2987
4.0000 6.2954
4.0000 5.3234
