0.0000 1.5691
0.0000 0.8631
0.0000 0.4779
0.0000 1.1913
0.0000 0.9416
0.0000 1.2799
0.0000 0.6227
0.0000 0.8723
0.0000 2.1510
0.0000 0.6722
0.0000 1.7904
0.0000 1.1491
0.0000 1.6480
0.0000 0.9289
0.0000 1.3450
0.0000 1.3173
0.0000 0.3946
0.0000 0.9717
0.0000 1.0775
0.0000 1.0486
0.0000 0.6429
0.0000 -0.0953
0.0000 2.0104
0.0000 0.1389
0.0000 1.6309
0.0000 0.9240
0.0000 0.1943
0.0000 0.4639
0.0000 1.0697
0.0000 0.4457
0.0000 0.5159
0.0000 1.4095
0.0000 1.3934
0.0000 0.3428
0.0000 1.2633
0.0000 0.2531
0.0000 0.4865
0.0000 0.4543
0.0000 1.4576
0.0000 0.8216
0.0000 2.1251
0.0000 0.7930
0.0000 0.1117
0.0000 0.5213
0.0000 2.1595
0.0000 1.4264
0.0000 0.8702
0.0000 -0.1696
0.0000 1.6705
0.0000 0.5594
0.0000 0.0376
0.0000 1.2718
0.0000 0.6768
0.0000 1.5129
0.0000 -0.1693
0.0000 0.6589
0.0000 0.6534
0.0000 1.8815
0.0000 0.7065
0.0000 0.5873
0.0000 1.2685
0.0000 1.3566
0.0000 1.4485
0.0000 1.1392
0.0000 0.9267
0.0000 0.0139
0.0000 1.1135
0.0000 0.6384
0.0000 2.0939
0.0000 1.0712
0.0000 0.5608
0.0000 1.0623
0.0000 0.4945
0.0000 1.0540
0.0000 0.7987
0.0000 0.5362
0.0000 0.9324
0.0000 1.2677
0.0000 0.6197
0.0000 1.2500
0.0000 2.4598
0.0000 0.8040
0.0000 1.1324
0.0000 1.1571
0.0000 0.5487
0.0000 0.8007
0.0000 0.0430
0.0000 1.2487
0.0000 1.8233
0.0000 1.0700
0.0000 1.2543
0.0000 0.0826
0.0000 0.9126
0.0000 0.8070
0.0000 0.3791
0.0000 0.6094
0.0000 1.2769
0.0000 1.2661
0.0000 0.9419
0.0000 1.3057
0.0000 1.0930
0.0000 1.3458
0.0000 0.3719
0.0000 1.1543
0.0000 0.4453
0.0000 0.5610
0.0000 2.2736
0.0000 0.9076
0.0000 0.2895
0.0000 1.1082
0.0000 1.2481
0.0000 1.0356
0.0000 1.4836
0.0000 0.1305
0.0000 1.7057
0.0000 1.4236
0.0000 0.2018
0.0000 1.3402
0.0000 0.5647
0.0000 0.2461
0.0000 0.9791
0.0000 0.7543
0.0000 1.2246
0.0000 -0.0506
0.0000 1.4024
0.0000 1.0710
0.0000 1.7344
0.0000 0.3471
0.0000 1.8684
0.0000 1.2854
0.0000 0.7492
0.0000 1.0754
0.0000 1.2460
0.0000 1.1185
0.0000 1.4682
0.0000 0.9348
0.0000 1.0345
0.0000 1.9614
0.0000 1.1309
0.0000 0.8620
0.0000 0.4346
0.0000 -0.1481
0.0000 -0.0159
0.0000 1.0594
0.0000 0.8332
0.0000 1.3117
0.0000 1.4282
0.0000 -0.2901
0.0000 0.9671
0.0000 1.0727
0.0000 0.5138
0.0000 0.6954
0.0000 1.0911
0.0000 1.4979
0.0000 0.3703
0.0000 0.5660
0.0000 1.0445
0.0000 1.2309
0.0000 0.3425
0.0000 1.5125
0.0000 1.9578
0.0000 0.5110
0.0000 0.2195
0.0000 0.7243
0.0000 0.4788
0.0000 1.0343
0.0000 1.2451
0.0000 0.6818
0.0000 0.5268
0.0000 1.2149
0.0000 1.1614
0.0000 1.3117
0.0000 1.4939
0.0000 -0.4219
0.0000 0.6907
0.0000 0.1521
0.0000 0.9243
0.0000 1.1663
0.0000 1.2753
0.0000 0.5277
0.0000 1.0691
0.0000 0.2597
0.0000 0.5446
0.0000 2.2815
0.0000 1.3395
0.0000 0.8819
0.0000 1.1551
0.0000 0.1806
0.0000 0.6291
0.0000 1.1525
0.0000 1.8814
0.0000 1.0786
0.0000 1.6608
0.0000 1.0781
0.0000 0.7041
0.0000 1.1436
0.0000 0.9035
0.0000 1.0532
0.0000 0.4376
0.0000 1.3000
0.0000 0.3511
0.0000 0.7407
0.0000 1.0737
0.0000 1.4075
0.0000 0.3305
0.0000 1.1747
0.0000 0.4606
0.0000 0.9198
0.0000 0.5114
0.0000 1.1498
0.0000 2.2829
0.0000 1.0786
0.0000 1.3743
0.0000 0.3791
0.0000 0.4634
0.0000 0.8180
0.0000 1.2779
0.0000 0.8823
0.0000 1.1090
0.0000 -0.2682
0.0000 0.7305
0.0000 -0.0275
0.0000 1.1528
0.0000 0.6834
0.0000 1.3948
0.0000 0.3869
0.0000 0.1828
0.0000 0.6360
0.0000 0.6332
0.0000 0.5730
0.0000 1.4319
0.0000 0.5038
0.0000 0.8687
0.0000 0.8854
0.0000 0.9520
0.0000 0.4416
0.0000 0.6324
0.0000 1.7251
0.0000 0.9013
0.0000 0.6757
0.0000 0.7191
0.0000 1.4366
0.0000 0.3430
0.0000 1.0417
0.0000 0.5453
0.0000 0.7933
0.0000 1.4317
0.0000 1.0987
0.0000 0.6959
0.0000 0.8353
0.0000 1.3611
0.0000 0.9359
0.0000 1.2590
0.0000 1.6424
0.0000 0.6248
0.0000 0.5389
0.0000 0.5002
0.0000 0.6658
0.0000 0.1605
0.0000 1.0514
0.0000 0.5255
0.0000 2.2645
0.0000 1.4048
0.0000 1.3194
0.0000 0.1286
0.0000 0.2305
0.0000 0.2492
0.0000 0.8222
0.0000 0.8906
0.0000 0.4841
0.0000 1.2827
0.0000 0.3648
0.0000 -0.1956
0.0000 0.9861
0.0000 0.9731
0.0000 1.4649
0.0000 0.8765
0.0000 1.2628
0.0000 0.9541
0.0000 0.8311
0.0000 0.5130
0.0000 1.0887
0.0000 1.0043
0.0000 0.4172
0.0000 0.5254
0.0000 -0.0638
0.0000 0.7380
0.0000 0.7614
0.0000 0.5920
0.0000 -0.0675
0.0000 1.9620
0.0000 0.4037
0.0000 0.7877
0.0000 1.5939
0.0000 1.4498
0.0000 0.7692
0.0000 0.9773
0.0000 0.8733
0.0000 0.9448
0.0000 0.1120
0.0000 1.3608
0.0000 1.1268
0.0000 0.0524
0.0000 1.5185
0.0000 0.9179
0.0000 0.8164
0.0000 1.3954
0.0000 0.2100
0.0000 0.2235
0.0000 0.8915
0.0000 0.6954
0.0000 1.4399
0.0000 1.4859
0.0000 1.7725
0.0000 0.7306
0.0000 0.9649
0.0000 0.1305
0.0000 0.8534
0.0000 0.3595
0.0000 0.9383
0.0000 0.8076
0.0000 0.8180
0.0000 0.8942
0.0000 0.6607
0.0000 0.8135
0.0000 1.1347
0.0000 0.7837
0.0000 1.0720
0.0000 1.5912
0.0000 0.0285
0.0000 1.2250
0.0000 1.2421
0.0000 0.7818
0.0000 0.8404
0.0000 0.8635
0.0000 1.3547
0.0000 1.2890
0.0000 1.5780
0.0000 1.7060
0.0000 -0.0977
0.0000 0.5987
0.0000 1.2073
0.0000 -0.2744
0.0000 0.7734
0.0000 0.6006
0.0000 0.3788
0.0000 0.7518
0.0000 -0.2058
0.0000 1.6298
0.0000 1.9921
0.0000 2.0129
0.0000 1.8154
0.0000 1.1080
0.0000 1.1922
0.0000 1.5471
0.0000 0.4580
0.0000 0.8878
0.0000 0.7390
0.0000 0.3830
0.0000 0.2901
0.0000 0.4958
0.0000 -0.0942
0.0000 0.2064
0.0000 1.9288
0.0000 1.9665
0.0000 0.9977
0.0000 0.6166
0.0000 0.6253
0.0000 -0.0667
0.0000 0.7282
0.0000 1.2357
0.0000 0.3183
0.0000 0.8323
0.0000 0.7530
0.0000 -0.2369
0.0000 2.0433
0.0000 0.7336
0.0000 -0.2446
0.0000 1.0991
0.0000 0.4794
0.0000 1.3823
0.0000 -0.1140
0.0000 1.5210
0.0000 1.3528
0.0000 2.5152
0.0000 0.1647
0.0000 1.2858
0.0000 -0.1405
0.0000 0.5970
0.0000 0.1612
0.0000 0.5260
0.0000 0.7048
0.0000 0.3578
0.0000 1.3337
0.0000 1.0950
0.0000 0.6552
0.0000 0.1241
0.0000 1.1787
0.0000 0.7686
0.0000 1.9447
0.0000 1.2327
0.0000 0.5664
0.0000 1.2305
0.0000 1.4458
0.0000 1.9722
0.0000 0.5553
0.0000 1.5247
0.0000 0.2461
0.0000 1.3385
0.0000 1.4453
0.0000 0.7739
0.0000 1.0155
0.0000 0.9308
0.0000 0.8031
0.0000 1.0343
0.0000 0.4826
0.0000 0.8222
0.0000 0.2752
0.0000 1.7125
0.0000 0.8251
0.0000 0.1402
0.0000 -0.1512
0.0000 1.0433
0.0000 1.1333
0.0000 0.9212
0.0000 0.6765
0.0000 1.2034
0.0000 0.3535
0.0000 1.0100
0.0000 0.2500
0.0000 -0.0649
0.0000 0.2699
0.0000 0.8268
0.0000 0.6413
0.0000 0.9520
0.0000 0.0562
0.0000 -0.0041
0.0000 0.8516
0.0000 1.6211
0.0000 1.3098
0.0000 2.3956
0.0000 0.0377
0.0000 1.4172
0.0000 1.4313
0.0000 0.7807
0.0000 1.0828
0.0000 0.9663
0.0000 0.5595
0.0000 0.4458
0.0000 0.8672
0.0000 1.4067
0.0000 0.9326
0.0000 0.4683
0.0000 1.5662
0.0000 1.5065
0.0000 0.3346
0.0000 0.6866
0.0000 0.5311
0.0000 0.8628
0.0000 -0.0566
0.0000 0.9561
0.0000 0.0697
0.0000 0.5662
0.0000 1.5329
0.0000 0.9350
0.0000 0.4712
0.0000 0.7949
0.0000 1.3660
0.0000 0.4954
0.0000 1.0556
0.0000 0.2597
0.0000 0.7150
0.0000 0.7571
0.0000 1.2407
0.0000 1.3135
0.0000 0.7616
0.0000 0.5253
0.0000 0.1896
0.0000 0.2229
0.0000 1.6356
0.0000 1.4254
0.0000 0.3238
0.0000 1.1158
0.0000 0.5276
0.0000 2.1095
0.0000 -0.2769
0.0000 0.3663
0.0000 0.4301
0.0000 1.3185
0.0000 0.5875
0.0000 0.7521
0.0000 0.2920
0.0000 1.6012
0.0000 0.4145
0.0000 1.8252
0.0000 1.4785
0.0000 0.7759
0.0000 0.2360
0.0000 0.2639
0.0000 0.5474
0.0000 0.9855
0.0000 -0.4326
0.0000 0.9889
0.0000 0.8197
0.0000 1.1746
0.0000 0.5315
0.0000 0.7431
0.0000 1.2708
0.0000 0.5985
0.0000 0.9291
0.0000 0.6340
0.0000 1.4702
0.0000 0.3545
0.0000 1.1412
0.0000 0.3818
0.0000 0.5779
0.0000 1.0911
0.0000 1.4773
0.0000 0.7370
0.0000 0.3311
0.0000 1.7341
0.0000 1.1819
0.0000 0.8264
0.0000 0.9706
0.0000 0.7659
0.0000 1.5595
0.0000 1.6810
0.0000 0.5984
0.0000 0.1401
0.0000 0.6694
0.0000 0.9821
0.0000 1.1288
0.0000 0.4119
0.0000 0.4432
0.0000 0.2185
0.0000 0.9695
0.0000 0.6245
0.0000 0.9705
0.0000 0.9767
0.0000 1.5447
0.0000 0.9709
0.0000 0.5401
0.0000 0.4575
0.0000 0.9449
0.0000 0.5681
0.0000 0.8902
0.0000 0.6984
0.0000 1.0577
0.0000 1.7672
0.0000 1.0732
0.0000 1.0886
0.0000 1.2329
0.0000 0.3521
0.0000 0.4014
0.0000 0.9297
0.0000 1.3108
0.0000 0.9949
0.0000 0.7625
0.0000 1.5999
0.0000 1.4045
0.0000 1.0695
0.0000 0.4773
0.0000 0.4628
0.0000 -0.1738
0.0000 1.3300
0.0000 0.7085
0.0000 1.6972
0.0000 0.6127
0.0000 0.8661
0.0000 1.7265
0.0000 -0.0933
0.0000 0.1317
0.0000 -0.0548
0.0000 0.8591
0.0000 0.1662
0.0000 1.4691
0.0000 1.2987
0.0000 1.7649
0.0000 1.6363
0.0000 0.6774
0.0000 1.4362
0.0000 0.4774
0.0000 0.5867
0.0000 1.4870
0.0000 0.2323
0.0000 1.4278
0.0000 0.4165
0.0000 0.8750
0.0000 0.8122
0.0000 0.6886
0.0000 0.9903
0.0000 1.1480
0.0000 1.4858
0.0000 0.8123
0.0000 1.2371
0.0000 0.2461
0.0000 0.4755
0.0000 1.2576
0.0000 1.3253
0.0000 0.2747
0.0000 1.2004
0.0000 0.9511
0.0000 1.2413
0.0000 1.4698
0.0000 2.1909
0.0000 1.9798
0.0000 0.7055
0.0000 1.0414
0.0000 1.0867
0.0000 1.1252
0.0000 0.3775
0.0000 0.4242
0.0000 0.0315
0.0000 0.3654
0.0000 -0.1606
0.0000 0.4880
0.0000 1.1695
0.0000 0.3528
0.0000 1.4807
0.0000 -0.0276
0.0000 0.6887
0.0000 1.2353
0.0000 0.4103
0.0000 0.7887
0.0000 0.8056
0.0000 1.4050
0.0000 1.8970
0.0000 1.5242
0.0000 1.3730
0.0000 1.4476
0.0000 1.2290
0.0000 0.6359
0.0000 2.0887
0.0000 0.8999
0.0000 1.2181
0.0000 1.0927
0.0000 1.0080
0.0000 0.7849
0.0000 0.7073
0.0000 0.2009
0.0000 0.8399
0.0000 0.5778
0.0000 2.3829
0.0000 1.1919
0.0000 1.2707
0.0000 0.7322
0.0000 0.6436
0.0000 0.6311
0.0000 0.8050
0.0000 0.8300
0.0000 0.5438
0.0000 0.8782
0.0000 1.4479
0.0000 0.6650
0.0000 1.0868
0.0000 0.7651
0.0000 0.9976
0.0000 -0.3706
0.0000 0.8622
0.0000 -0.0428
0.0000 0.9189
0.0000 1.2247
0.0000 0.6852
0.0000 0.4902
0.0000 1.0669
0.0000 1.2848
0.0000 0.6802
0.0000 0.6021
0.0000 1.5337
0.0000 0.0472
0.0000 0.6765
0.0000 1.4168
0.0000 1.4245
0.0000 0.3420
0.0000 0.9031
0.0000 1.4399
0.0000 0.7852
0.0000 1.8885
0.0000 1.8632
0.0000 1.3699
0.0000 0.5745
0.0000 0.8432
0.0000 0.8220
0.0000 0.3962
0.0000 0.9612
0.0000 1.3831
0.0000 1.6979
0.0000 1.1163
0.0000 0.5107
0.0000 1.1666
0.0000 0.6365
0.0000 1.5715
0.0000 0.8265
0.0000 1.3176
0.0000 1.1197
0.0000 1.2071
0.0000 0.7331
0.0000 1.1265
0.0000 0.7824
0.0000 1.0980
0.0000 1.9429
0.0000 0.5718
0.0000 0.4047
0.0000 1.1059
0.0000 1.2800
0.0000 1.2897
0.0000 0.6892
0.0000 1.1254
0.0000 0.9074
0.0000 0.9129
0.0000 0.9917
0.0000 0.6718
0.0000 1.0195
0.0000 0.7384
0.0000 1.2445
0.0000 0.3633
0.0000 2.0881
0.0000 0.1745
0.0000 0.8395
0.0000 0.6858
0.0000 0.9598
0.0000 0.3353
0.0000 0.8103
0.0000 1.0324
0.0000 -0.0058
0.0000 -0.1515
0.0000 1.2479
0.0000 1.2955
0.0000 0.1910
0.0000 1.1372
0.0000 -0.0278
0.0000 0.7362
0.0000 1.0414
0.0000 1.3037
0.0000 0.6274
0.0000 0.4219
0.0000 1.1563
0.0000 0.2381
0.0000 1.2201
0.0000 1.2256
0.0000 0.3472
0.0000 0.8853
0.0000 1.6171
0.0000 0.5824
0.0000 1.6598
0.0000 0.6715
0.0000 0.6181
0.0000 1.5752
0.0000 0.9869
0.0000 0.8939
0.0000 0.5438
0.0000 1.0364
0.0000 0.9669
0.0000 1.7648
0.0000 1.4460
0.0000 1.1000
0.0000 0.1020
0.0000 -0.2809
0.0000 0.6545
0.0000 0.5849
0.0000 0.2637
0.0000 0.5320
0.0000 1.5179
0.0000 2.2059
0.0000 1.5897
0.0000 1.1579
0.0000 0.8577
0.0000 0.9457
0.0000 1.6002
0.0000 -0.5863
0.0000 0.5400
0.0000 1.4289
0.0000 0.6042
0.0000 0.9840
0.0000 0.8274
0.0000 0.4405
0.0000 1.4475
0.0000 1.1895
0.0000 1.2396
0.0000 1.1836
0.0000 1.0246
0.0000 -0.5995
0.0000 1.2542
0.0000 0.5013
0.0000 1.7987
0.0000 1.4031
0.0000 0.3423
0.0000 0.3758
0.0000 0.9708
0.0000 0.1533
0.0000 0.2606
0.0000 1.5142
0.0000 0.6557
0.0000 1.2017
0.0000 0.4258
0.0000 0.7331
0.0000 1.0766
0.0000 -0.0079
0.0000 1.4769
0.0000 0.6077
0.0000 0.5361
0.0000 1.0928
0.0000 0.4260
0.0000 0.1669
0.0000 0.6101
0.0000 1.0723
0.0000 1.1263
0.0000 0.1889
0.0000 0.9504
0.0000 0.8645
0.0000 1.4756
0.0000 1.0361
0.0000 0.6809
0.0000 1.3630
0.0000 0.3291
0.0000 0.9717
0.0000 0.6200
0.0000 0.6048
0.0000 0.7977
0.0000 0.9783
0.0000 0.5102
0.0000 0.2158
0.0000 0.4058
0.0000 1.5520
0.0000 0.7159
0.0000 0.9434
0.0000 1.5872
0.0000 0.3353
0.0000 0.9413
0.0000 1.0728
0.0000 1.0159
0.0000 1.4938
0.0000 0.7524
0.0000 0.0985
0.0000 0.7958
0.0000 2.0226
0.0000 0.8929
0.0000 -0.6511
0.0000 1.8834
0.0000 0.7172
0.0000 0.1568
0.0000 0.9817
0.0000 0.6820
0.0000 1.6054
0.0000 0.8806
0.0000 0.9491
0.0000 1.1606
0.0000 1.8711
0.0000 1.1858
0.0000 1.3276
0.0000 1.3823
0.0000 1.2299
0.0000 1.0618
0.0000 0.2079
0.0000 0.3409
0.0000 1.2184
0.0000 0.6342
0.0000 0.4706
0.0000 1.4043
0.0000 0.7425
0.0000 1.1309
0.0000 1.6353
0.0000 1.3684
0.0000 1.1176
0.0000 0.1195
0.0000 0.2617
0.0000 0.2917
0.0000 0.8090
0.0000 0.6613
0.0000 1.0708
0.0000 0.7109
0.0000 1.6982
0.0000 1.2653
0.0000 1.5338
0.0000 1.2925
0.0000 1.8282
0.0000 2.2820
0.0000 1.1346
0.0000 0.8779
0.0000 0.3331
0.0000 0.5954
0.0000 0.4891
0.0000 1.5010
0.0000 0.1395
0.0000 1.6538
0.0000 0.5008
0.0000 1.1702
0.0000 1.3214
0.0000 1.6415
0.0000 1.2027
0.0000 1.0283
0.0000 0.3044
0.0000 1.6846
0.0000 1.5568
0.0000 0.3348
0.0000 -0.1255
0.0000 1.4293
0.0000 1.3060
0.0000 0.6571
0.0000 0.8792
0.0000 0.1361
0.0000 1.8054
0.0000 0.2922
0.0000 1.3614
0.0000 1.6429
0.0000 0.8288
0.0000 0.2621
0.0000 0.6544
0.0000 0.2970
0.0000 0.4244
0.0000 0.7265
0.0000 0.9073
0.0000 0.5569
0.0000 0.9632
0.0000 -0.4107
0.0000 1.1175
0.0000 -0.3560
0.0000 0.7266
0.0000 0.5940
0.0000 0.9934
0.0000 1.1600
0.0000 1.0324
0.0000 0.9400
0.0000 1.0058
0.0000 -0.0609
0.0000 0.9071
0.0000 -0.0865
0.0000 0.2704
0.0000 -0.0730
0.0000 1.8949
0.0000 0.2568
0.0000 0.3137
0.0000 0.9752
0.0000 0.2388
0.0000 1.4464
0.0000 0.6293
0.0000 0.7695
0.0000 1.2796
0.0000 1.4532
0.0000 1.1893
0.0000 0.6589
0.0000 0.5120
0.0000 1.1412
0.0000 0.2534
0.0000 0.9528
0.0000 1.2361
0.0000 0.7675
0.0000 0.6596
0.0000 0.5676
0.0000 1.1723
0.0000 0.4799
0.0000 1.1731
0.0000 1.5315
0.0000 0.4571
0.0000 0.7713
0.0000 0.8334
0.0000 1.2630
0.0000 1.8204
0.0000 0.4317
0.0000 0.5414
0.0000 1.4711
0.0000 1.1310
0.0000 0.5315
0.0000 0.4462
0.0000 0.5846
0.0000 0.3280
0.0000 0.2970
0.0000 0.6801
0.0000 1.5804
0.0000 0.9154
0.0000 1.1388
0.0000 0.7939
0.0000 1.2627
0.0000 1.7769
0.0000 -0.1642
0.0000 0.7992
0.0000 0.7961
0.0000 0.3922
0.0000 0.4291
0.0000 1.0877
0.0000 1.6027
0.0000 0.9545
0.0000 0.9922
0.0000 1.1795
0.0000 0.0007
0.0000 1.7478
0.0000 1.4117
0.0000 1.4074
0.0000 0.6117
0.0000 -0.1823
0.0000 1.2201
0.0000 0.5609
0.0000 0.7873
0.0000 0.8196
0.0000 1.2682
0.0000 1.0445
0.0000 0.6981
0.0000 -0.0607
0.0000 0.5553
0.0000 1.2011
0.0000 1.2327
0.0000 0.3488
0.0000 1.5299
0.0000 0.7657
0.0000 0.4807
0.0000 0.6067
0.0000 1.1683
0.0000 1.0691
0.0000 1.6176
0.0000 1.1744
0.0000 0.2601
0.0000 0.5593
0.0000 0.8321
0.0000 1.2634
0.0000 0.7405
0.0000 1.1132
0.0000 1.3104
0.0000 0.6389
0.0000 0.4445
0.0000 1.5788
0.0000 0.4242
0.0000 1.4033
0.0000 1.0329
0.0000 1.0476
0.0000 0.4394
0.0000 0.9932
0.0000 1.3428
0.0000 1.7518
0.0000 0.6260
0.0000 1.1807
0.0000 1.0987
0.0000 1.0705
0.0000 0.7129
0.0000 1.0275
0.0000 1.2291
0.0000 0.7069
0.0000 0.9427
0.0000 0.5302
0.0000 0.6880
0.0000 0.8534
0.0000 1.1207
0.0000 1.0632
0.0000 0.6457
0.0000 0.7087
0.0000 2.2315
0.0000 1.2740
0.0000 1.5827
0.0000 0.0503
0.0000 -0.1697
0.0000 0.5174
0.0000 -0.1252
0.0000 1.8563
0.0000 0.4115
0.0000 0.5171
0.0000 -0.1025
0.0000 1.8215
0.0000 -0.3144
0.0000 0.3157
0.0000 1.1610
0.0000 1.3877
0.0000 0.6468
0.0000 1.1131
0.0000 0.4225
0.0000 0.2250
0.0000 0.5858
0.0000 1.6295
0.0000 1.5914
0.0000 1.1190
0.0000 1.0942
0.0000 2.4835
0.0000 0.1009
0.0000 0.9595
0.0000 0.4109
0.0000 0.3108
0.0000 1.1658
0.0000 0.1462
0.0000 0.1839
0.0000 0.4003
0.0000 1.7151
0.0000 1.0773
0.0000 1.8151
0.0000 0.6164
0.0000 1.2271
0.0000 0.9719
0.0000 0.9823
0.0000 0.0635
0.0000 1.2080
0.0000 1.8573
0.0000 0.0118
0.0000 1.0541
0.0000 1.7802
0.0000 1.0897
0.0000 0.8565
0.0000 -0.1412
0.0000 0.7827
0.0000 0.5407
0.0000 1.6121
0.0000 1.0075
0.0000 0.4963
0.0000 1.4020
0.0000 1.3850
0.0000 0.4779
0.0000 1.0398
0.0000 0.0915
0.0000 1.0446
0.0000 1.1995
0.0000 0.7164
0.0000 1.0252
0.0000 1.6076
0.0000 0.7573
0.0000 1.0578
0.0000 0.5967
0.0000 1.7246
0.0000 0.7652
0.0000 0.6155
0.0000 0.4395
0.0000 2.3546
0.0000 1.1570
0.0000 -0.1897
0.0000 1.1254
0.0000 0.7011
0.0000 1.3880
0.0000 1.5009
0.0000 1.5094
0.0000 0.8231
0.0000 2.3468
0.0000 0.6859
0.0000 0.2842
0.0000 0.9315
0.0000 1.2866
0.0000 0.3503
0.0000 2.1508
0.0000 0.5529
0.0000 0.1109
0.0000 0.7526
0.0000 1.3850
0.0000 0.5059
0.0000 0.7013
0.0000 0.5446
0.0000 -0.5987
0.0000 0.5808
0.0000 0.5388
0.0000 1.0171
0.0000 1.6947
0.0000 1.3844
0.0000 0.9500
0.0000 0.7914
0.0000 0.3295
0.0000 1.2328
0.0000 1.3613
0.0000 -0.1582
0.0000 -0.0479
0.0000 0.6468
0.0000 1.5946
0.0000 1.3543
0.0000 1.3537
0.0000 0.3395
0.0000 -0.2102
0.0000 1.2878
0.0000 1.1159
0.0000 1.3859
0.0000 1.8785
0.0000 1.1961
0.0000 1.8276
0.0000 0.9616
0.0000 1.6175
0.0000 1.2272
0.0000 0.7656
0.0000 0.5213
0.0000 0.1889
0.0000 1.0662
0.0000 1.1550
0.0000 0.3885
0.0000 1.2051
0.0000 0.1089
0.0000 0.1975
0.0000 1.6237
0.0000 1.2707
0.0000 -0.2267
0.0000 0.9612
0.0000 1.0723
0.0000 0.6214
0.0000 0.9933
0.0000 0.6213
0.0000 0.8598
0.0000 0.6426
0.0000 1.2924
0.0000 0.7250
0.0000 0.7634
0.0000 0.6426
0.0000 0.8342
0.0000 1.0333
0.0000 0.4026
0.0000 0.6211
0.0000 0.1580
0.0000 0.5340
0.0000 0.0492
0.0000 1.4832
0.0000 1.1900
0.0000 1.0155
0.0000 1.1646
0.0000 1.1673
0.0000 0.7198
0.0000 0.6563
0.0000 0.8674
0.0000 1.5383
0.0000 0.3445
0.0000 0.3032
0.0000 1.2170
0.0000 1.0867
0.0000 1.8025
0.0000 0.6070
0.0000 0.3766
0.0000 0.7820
0.0000 1.6330
0.0000 0.0114
0.0000 1.2422
0.0000 0.6423
0.0000 0.9378
0.0000 1.4945
0.0000 0.9668
0.0000 0.6875
0.0000 1.1398
0.0000 1.0787
0.0000 0.4780
0.0000 1.4382
0.0000 0.5523
0.0000 0.7831
0.0000 0.5791
0.0000 1.5560
0.0000 0.7455
0.0000 0.3219
0.0000 1.5197
0.0000 0.5801
0.0000 0.5247
0.0000 0.1858
0.0000 1.3265
0.0000 0.7881
0.0000 0.8600
0.0000 1.3001
0.0000 0.4003
0.0000 0.7458
0.0000 1.0360
0.0000 0.5547
0.0000 0.6957
0.0000 1.1169
0.0000 1.0732
0.0000 0.2768
0.0000 1.1909
0.0000 1.4506
0.0000 0.6138
0.0000 0.7957
0.0000 0.9563
0.0000 0.4191
0.0000 0.9108
0.0000 0.6549
0.0000 0.8197
0.0000 1.5738
0.0000 1.3332
0.0000 -0.0638
0.0000 0.6383
0.0000 0.8882
0.0000 0.3650
0.0000 2.5862
0.0000 0.5595
0.0000 1.0826
0.0000 1.5380
0.0000 0.7943
0.0000 0.3430
0.0000 0.6853
0.0000 0.7467
0.0000 2.1489
0.0000 1.1366
0.0000 1.5919
0.0000 0.7425
0.0000 1.9803
0.0000 1.1892
0.0000 0.8150
0.0000 -0.0554
0.0000 0.9707
0.0000 0.0012
0.0000 1.5091
0.0000 -0.0807
0.0000 0.7593
0.0000 1.0051
0.0000 0.5163
0.0000 0.7477
0.0000 0.2248
0.0000 0.4846
0.0000 1.4952
0.0000 0.5013
0.0000 -0.0540
0.0000 0.6595
0.0000 0.4285
0.0000 1.0187
0.0000 0.9616
0.0000 1.1404
0.0000 0.5451
0.0000 0.2839
0.0000 0.6559
0.0000 -0.4026
0.0000 0.9853
0.0000 1.1917
0.0000 0.0242
0.0000 0.8279
0.0000 0.5207
0.0000 0.8935
0.0000 0.9551
0.0000 0.7733
0.0000 0.3549
0.0000 -1.0607
0.0000 0.4135
0.0000 0.0413
0.0000 0.8797
0.0000 1.2444
0.0000 1.0098
0.0000 1.0134
0.0000 0.2046
0.0000 0.3494
0.0000 1.5477
0.0000 0.9796
0.0000 1.3424
0.0000 0.4033
0.0000 0.3689
0.0000 0.6504
0.0000 1.2100
0.0000 0.7355
0.0000 0.8430
0.0000 1.1394
0.0000 0.7701
0.0000 1.1441
0.0000 -0.4322
0.0000 1.9428
0.0000 0.4763
0.0000 1.5058
0.0000 1.3746
0.0000 0.8275
0.0000 1.3510
0.0000 1.6163
0.0000 0.6808
0.0000 0.5732
0.0000 0.4732
0.0000 0.7189
0.0000 0.5771
0.0000 2.0938
0.0000 0.7907
0.0000 1.2965
0.0000 0.3937
0.0000 1.1223
0.0000 0.3210
0.0000 0.7683
0.0000 0.8861
0.0000 2.0468
0.0000 0.2515
0.0000 2.1000
0.0000 0.4778
0.0000 1.6660
0.0000 0.8219
0.0000 0.7342
0.0000 -0.1274
0.0000 -0.7812
0.0000 0.8889
0.0000 1.7502
0.0000 2.0464
0.0000 0.7763
0.0000 0.7738
0.0000 0.4239
0.0000 0.8755
0.0000 0.7046
0.0000 2.3756
0.0000 0.4877
0.0000 1.0060
0.0000 1.2344
0.0000 1.2725
0.0000 1.1785
0.0000 -0.0397
0.0000 0.3718
0.0000 0.5189
0.0000 0.4620
0.0000 0.3361
0.0000 0.6271
0.0000 0.8544
0.0000 -0.0141
0.0000 0.6218
0.0000 0.4885
0.0000 0.4115
0.0000 0.9764
0.0000 0.6164
0.0000 0.4412
0.0000 1.1076
0.0000 0.6900
0.0000 0.3941
0.0000 0.9740
0.0000 0.0422
0.0000 0.5953
0.0000 0.2843
0.0000 0.1266
0.0000 1.2635
0.0000 1.2097
0.0000 0.3693
0.0000 0.6064
0.0000 1.5078
0.0000 0.3158
0.0000 0.9102
0.0000 -0.2908
0.0000 0.6337
0.0000 0.7520
0.0000 1.1656
0.0000 0.8697
0.0000 2.4541
0.0000 0.7512
0.0000 0.9342
0.0000 0.6324
0.0000 0.2320
0.0000 1.6800
0.0000 1.0615
0.0000 1.4504
0.0000 1.3406
0.0000 0.8740
0.0000 0.7602
0.0000 0.4981
0.0000 0.7434
0.0000 0.8913
0.0000 0.7063
0.0000 0.1889
0.0000 1.9293
0.0000 1.1625
0.0000 0.9173
0.0000 1.5523
0.0000 0.7015
0.0000 0.2268
0.0000 -0.0250
0.0000 1.0842
0.0000 0.8026
0.0000 0.5766
0.0000 0.7717
0.0000 1.2542
0.0000 1.5391
0.0000 0.3993
0.0000 0.8107
0.0000 1.0441
0.0000 -0.0541
0.0000 0.9341
0.0000 0.1303
0.0000 0.8546
0.0000 0.6444
0.0000 0.8336
0.0000 0.8964
0.0000 0.7446
0.0000 1.0576
0.0000 -0.2685
0.0000 0.2932
0.0000 0.7641
0.0000 2.1882
0.0000 1.7128
0.0000 1.0648
0.0000 1.8613
0.0000 0.3405
0.0000 0.9542
0.0000 1.0486
0.0000 1.5832
0.0000 0.4081
0.0000 -0.1256
0.0000 0.3826
0.0000 0.5368
0.0000 0.1174
0.0000 0.9720
0.0000 0.7154
0.0000 0.9799
0.0000 1.0243
0.0000 1.3871
0.0000 0.8966
0.0000 1.5962
0.0000 1.1611
0.0000 1.6291
0.0000 1.3482
0.0000 0.7547
0.0000 0.3166
0.0000 0.9174
0.0000 -0.0900
0.0000 -0.4398
0.0000 0.2042
0.0000 0.6157
0.0000 1.9549
0.0000 -0.0510
0.0000 0.2703
0.0000 1.0671
0.0000 0.7078
0.0000 0.9722
0.0000 0.6121
0.0000 0.8779
0.0000 0.8417
0.0000 1.4803
0.0000 1.2368
0.0000 1.1461
0.0000 1.0441
0.0000 0.2914
0.0000 1.6206
0.0000 1.0472
0.0000 0.3881
0.0000 0.1655
0.0000 -0.1972
0.0000 0.5559
0.0000 0.3131
0.0000 0.9601
0.0000 1.1246
0.0000 1.2426
0.0000 0.7261
0.0000 0.6918
0.0000 0.9550
0.0000 0.5507
0.0000 1.9564
0.0000 2.3093
0.0000 1.8043
0.0000 0.8585
0.0000 1.4430
0.0000 0.8971
0.0000 0.8545
0.0000 0.9900
0.0000 1.0204
0.0000 0.1063
0.0000 0.7238
0.0000 1.6142
0.0000 1.2561
0.0000 1.1987
0.0000 1.5327
0.0000 0.8738
0.0000 1.5447
0.0000 0.6703
0.0000 0.6793
0.0000 1.4816
0.0000 1.5004
0.0000 -0.7710
0.0000 0.4440
0.0000 1.7546
0.0000 0.8129
0.0000 1.6694
0.0000 2.0413
0.0000 0.4784
0.0000 0.2685
0.0000 0.2877
0.0000 0.7786
0.0000 0.8934
0.0000 1.1305
0.0000 0.4497
0.0000 0.7516
0.0000 1.1213
0.0000 0.2131
0.0000 1.8942
0.0000 0.1743
0.0000 0.0304
0.0000 0.4934
0.0000 0.2018
0.0000 1.6874
0.0000 0.7729
0.0000 1.7336
0.0000 2.4444
0.0000 0.6565
0.0000 -0.5578
0.0000 1.0597
0.0000 0.3299
0.0000 0.2299
0.0000 0.1449
0.0000 1.1787
0.0000 2.0885
0.0000 0.5374
0.0000 0.6011
0.0000 0.8299
0.0000 0.7514
0.0000 0.8317
0.0000 1.0110
0.0000 0.5983
0.0000 1.3393
0.0000 0.2539
0.0000 0.2687
0.0000 0.1383
0.0000 1.9016
0.0000 0.8885
0.0000 2.1866
0.0000 -0.0953
0.0000 0.8937
0.0000 0.9412
0.0000 0.9603
0.0000 2.4677
0.0000 1.1663
0.0000 0.6564
0.0000 -0.1557
0.0000 -0.6273
0.0000 1.5411
0.0000 1.0376
0.0000 0.6822
0.0000 0.4867
0.0000 1.8034
0.0000 1.5933
0.0000 0.4656
0.0000 1.2217
0.0000 0.1673
0.0000 0.2247
0.0000 1.3191
0.0000 0.6718
0.0000 0.6802
0.0000 1.0019
0.0000 0.3187
0.0000 0.7270
0.0000 0.9632
0.0000 0.5411
0.0000 1.2461
0.0000 0.9192
0.0000 0.4233
0.0000 1.4274
0.0000 0.4654
0.0000 1.9492
0.0000 1.0901
0.0000 0.5940
0.0000 0.3354
0.0000 0.7969
0.0000 1.5986
0.0000 0.8085
0.0000 0.5449
0.0000 0.9338
0.0000 0.8799
0.0000 1.1851
0.0000 1.2721
0.0000 0.4493
0.0000 0.8171
0.0000 1.1454
0.0000 0.7669
0.0000 0.1515
0.0000 0.4487
0.0000 1.0719
0.0000 0.3166
0.0000 1.5591
0.0000 0.5600
0.0000 -0.0390
0.0000 -0.0708
0.0000 1.0362
0.0000 0.6104
0.0000 1.1673
0.0000 0.9366
0.0000 1.7274
0.0000 0.3873
0.0000 1.2285
0.0000 0.6174
0.0000 0.0171
0.0000 0.5687
0.0000 0.6467
0.0000 0.8509
0.0000 0.4675
0.0000 0.8531
0.0000 0.9955
0.0000 0.4183
0.0000 0.6169
0.0000 0.8804
0.0000 0.6945
0.0000 1.4966
0.0000 0.2167
0.0000 0.7570
0.0000 0.1710
0.0000 0.8536
0.0000 1.6699
0.0000 1.5082
0.0000 -0.3316
0.0000 0.7123
0.0000 1.2813
0.0000 0.7720
0.0000 1.2907
0.0000 0.7570
0.0000 0.4862
0.0000 0.8444
0.0000 0.6060
0.0000 0.8964
0.0000 1.8529
0.0000 1.0464
0.0000 0.5345
0.0000 0.3969
0.0000 1.1726
0.0000 0.2080
0.0000 1.7472
0.0000 0.5150
0.0000 1.5205
0.0000 0.3755
0.0000 0.6309
0.0000 1.5575
0.0000 0.5767
0.0000 0.8096
0.0000 0.3824
0.0000 1.5768
0.0000 1.4909
0.0000 0.9288
0.0000 1.3641
0.0000 0.4888
0.0000 -0.1493
0.0000 1.2805
0.0000 0.3021
0.0000 -0.0173
0.0000 0.8173
0.0000 1.6158
0.0000 0.6699
0.0000 0.9786
0.0000 0.6954
0.0000 1.2915
0.0000 0.2786
0.0000 0.6848
0.0000 -0.1690
0.0000 1.0862
0.0000 0.6691
0.0000 0.4930
0.0000 0.9421
0.0000 1.3068
0.0000 1.2143
0.0000 0.3748
0.0000 0.5820
0.0000 0.5302
0.0000 0.7518
0.0000 0.9376
0.0000 -0.0980
0.0000 1.9918
0.0000 0.2073
0.0000 0.7371
0.0000 1.3347
0.0000 -0.2604
0.0000 1.4923
0.0000 0.7852
0.0000 0.6478
0.0000 0.8014
0.0000 0.8704
0.0000 1.8338
0.0000 0.4596
0.0000 1.0781
0.0000 1.4080
0.0000 0.9692
0.0000 0.7794
0.0000 1.3504
0.0000 1.2991
0.0000 1.3161
0.0000 0.9909
0.0000 2.1803
0.0000 0.5283
0.0000 0.2250
0.0000 0.4939
0.0000 1.2023
0.0000 0.6193
0.0000 0.0465
0.0000 0.9422
0.0000 0.5398
0.0000 0.4718
0.0000 1.2428
0.0000 1.8544
0.0000 -0.0167
0.0000 1.6480
0.0000 0.0506
0.0000 1.0033
0.0000 0.7755
0.0000 2.2311
0.0000 1.3183
0.0000 0.8482
0.0000 0.8193
0.0000 1.1236
0.0000 0.2085
0.0000 0.6201
0.0000 1.5947
0.0000 0.3443
0.0000 0.8646
0.0000 1.4105
0.0000 -0.0674
0.0000 2.1047
0.0000 1.6359
0.0000 0.7110
0.0000 1.6935
0.0000 0.6407
0.0000 0.2967
0.0000 0.2563
0.0000 0.7599
0.0000 2.1529
0.0000 0.9157
0.0000 1.7149
0.0000 0.8446
0.0000 1.3415
0.0000 1.2259
0.0000 0.6119
0.0000 0.7066
0.0000 1.6491
0.0000 0.8315
0.0000 0.6146
0.0000 0.6338
0.0000 0.2649
0.0000 -0.2511
0.0000 0.2820
0.0000 1.1172
0.0000 0.8868
0.0000 -0.2372
0.0000 1.1899
0.0000 1.0640
0.0000 0.2190
0.0000 0.9369
0.0000 1.4932
0.0000 1.1955
0.0000 1.3066
0.0000 0.3754
0.0000 0.3085
0.0000 0.7336
0.0000 0.3500
0.0000 -0.0635
0.0000 0.6566
0.0000 -0.0775
0.0000 1.6151
0.0000 0.6862
0.0000 1.1476
0.0000 0.8155
0.0000 -0.2364
0.0000 1.0731
0.0000 0.8190
0.0000 1.0274
0.0000 1.2134
0.0000 0.9309
0.0000 -0.1247
0.0000 0.0396
0.0000 0.3720
0.0000 1.7794
0.0000 1.2469
0.0000 0.6649
0.0000 1.2498
0.0000 0.8996
0.0000 0.2754
0.0000 1.5499
0.0000 0.9967
0.0000 0.5513
0.0000 1.0457
0.0000 1.6346
0.0000 0.4661
0.0000 0.2961
0.0000 1.7954
0.0000 1.6147
0.0000 0.9942
0.0000 0.6972
0.0000 1.2395
0.0000 0.1299
0.0000 1.2347
0.0000 0.8788
0.0000 0.0191
0.0000 0.5327
0.0000 0.9902
0.0000 1.5954
0.0000 0.5604
0.0000 -0.1157
0.0000 1.1452
0.0000 0.3997
0.0000 0.3054
0.0000 0.1406
0.0000 0.8901
0.0000 2.0112
0.0000 0.6022
0.0000 1.7475
0.0000 1.3931
0.0000 1.2168
0.0000 -0.1685
0.0000 1.5361
0.0000 0.8641
0.0000 1.5399
0.0000 1.3577
0.0000 0.7396
0.0000 1.2322
0.0000 1.2509
0.0000 1.0453
0.0000 0.9590
0.0000 0.0448
0.0000 0.8606
0.0000 1.4696
0.0000 0.7488
0.0000 0.9623
0.0000 1.4825
0.0000 1.3829
0.0000 0.0507
0.0000 1.5255
0.0000 1.2073
0.0000 0.8068
0.0000 0.1819
0.0000 0.2205
0.0000 0.6077
0.0000 0.7535
0.0000 0.9244
0.0000 1.0079
0.0000 0.5676
0.0000 0.9472
0.0000 1.0812
0.0000 0.6516
0.0000 1.0006
0.0000 1.7305
0.0000 0.9456
0.0000 1.5124
0.0000 1.9580
0.0000 1.2248
0.0000 1.1536
0.0000 2.0180
0.0000 0.8868
0.0000 0.0553
0.0000 1.2289
0.0000 1.5808
0.0000 0.7505
0.0000 0.4812
0.0000 0.2932
0.0000 -0.2337
0.0000 1.2836
0.0000 1.5290
0.0000 0.1945
0.0000 0.3579
0.0000 1.1226
0.0000 1.2817
0.0000 1.6637
0.0000 1.5904
0.0000 0.4686
0.0000 0.7130
0.0000 1.4007
0.0000 1.4585
0.0000 2.1167
0.0000 1.1836
0.0000 1.5080
0.0000 1.5318
0.0000 0.6794
0.0000 0.7439
0.0000 0.6162
0.0000 1.6217
0.0000 1.0176
0.0000 0.9966
0.0000 1.0301
0.0000 2.1025
0.0000 0.9883
0.0000 1.9290
0.0000 1.7956
0.0000 0.2103
0.0000 1.3715
0.0000 1.4462
0.0000 1.0408
0.0000 0.6397
0.0000 1.9029
0.0000 0.9654
0.0000 0.3762
0.0000 1.2079
0.0000 -0.0980
0.0000 1.8369
0.0000 1.3482
0.0000 -0.4334
0.0000 0.8698
0.0000 1.0612
0.0000 -0.3680
0.0000 1.4759
0.0000 0.9339
0.0000 0.5239
0.0000 1.4931
0.0000 0.1886
0.0000 0.9563
0.0000 0.7580
0.0000 0.5905
0.0000 1.5950
0.0000 1.6588
0.0000 2.3678
0.0000 0.8599
0.0000 0.5822
0.0000 0.8193
0.0000 1.5267
0.0000 0.7280
0.0000 0.7562
0.0000 0.8499
0.0000 1.1445
0.0000 0.1213
0.0000 2.3076
0.0000 0.7933
0.0000 0.7483
0.0000 0.9344
0.0000 2.4324
0.0000 0.8648
0.0000 1.4253
0.0000 1.6122
0.0000 1.1955
0.0000 1.4658
0.0000 0.7563
0.0000 0.6094
0.0000 -0.1515
0.0000 1.0818
0.0000 0.8194
0.0000 0.9785
0.0000 1.5127
0.0000 0.3720
0.0000 0.5618
0.0000 0.7311
0.0000 1.4377
0.0000 1.3764
0.0000 0.3259
0.0000 0.9610
0.0000 1.8952
0.0000 0.8766
0.0000 0.5285
0.0000 1.4263
0.0000 0.1079
0.0000 1.2392
0.0000 0.1822
0.0000 0.7911
0.0000 1.0286
0.0000 0.2038
0.0000 0.7283
0.0000 1.6691
0.0000 1.1206
0.0000 0.4741
0.0000 1.1182
0.0000 0.7434
0.0000 0.7592
0.0000 0.3445
0.0000 1.0563
0.0000 1.2913
0.0000 1.2535
0.0000 0.3744
0.0000 0.5866
0.0000 1.3658
0.0000 1.4087
0.0000 -0.0092
0.0000 0.6975
0.0000 0.8805
0.0000 0.6084
0.0000 0.6614
0.0000 1.4737
0.0000 0.4631
0.0000 1.1895
0.0000 0.5117
0.0000 0.2068
0.0000 0.3221
0.0000 0.5740
0.0000 1.6681
0.0000 0.1841
0.0000 1.5260
0.0000 -0.1922
0.0000 0.6108
0.0000 0.1906
0.0000 1.3177
0.0000 0.9307
0.0000 0.4229
0.0000 -0.1034
0.0000 1.0984
0.0000 1.6878
0.0000 1.0703
0.0000 1.0047
0.0000 0.5257
0.0000 0.8880
0.0000 0.2954
0.0000 -0.1871
0.0000 0.7771
0.0000 1.2908
0.0000 0.1418
0.0000 1.9647
0.0000 1.4696
0.0000 0.6079
0.0000 1.8408
0.0000 0.1451
0.0000 1.1804
0.0000 0.6135
0.0000 0.0533
0.0000 0.6679
0.0000 1.2200
0.0000 0.1731
0.0000 1.0086
0.0000 1.5182
0.0000 1.4066
0.0000 0.7141
0.0000 -0.3899
0.0000 0.6869
0.0000 1.3360
0.0000 0.5448
0.0000 0.5712
0.0000 0.5582
0.0000 0.1939
0.0000 0.3112
0.0000 -0.3953
0.0000 0.6683
0.0000 0.7495
0.0000 1.3341
0.0000 -0.5789
0.0000 0.5003
0.0000 1.6857
0.0000 0.2000
0.0000 0.8165
0.0000 0.1302
0.0000 0.7803
0.0000 0.8257
0.0000 1.4238
0.0000 1.0810
0.0000 1.5896
0.0000 1.4306
0.0000 0.6778
0.0000 0.8384
0.0000 0.1064
0.0000 0.8005
0.0000 1.5368
0.0000 0.4590
0.0000 1.1755
0.0000 0.6032
0.0000 0.3531
0.0000 -0.6063
0.0000 -0.9963
0.0000 1.6813
0.0000 0.9419
0.0000 0.9534
0.0000 1.2316
0.0000 1.5837
0.0000 -0.1952
0.0000 1.0209
0.0000 0.4988
0.0000 1.1580
0.0000 0.9885
0.0000 0.9005
0.0000 0.9001
0.0000 0.7307
0.0000 0.5033
0.0000 1.3348
0.0000 0.7971
0.0000 1.4007
0.0000 1.4960
0.0000 -0.1886
0.0000 0.6979
0.0000 0.7745
0.0000 1.0578
0.0000 0.2790
0.0000 1.9821
0.0000 0.4331
0.0000 1.0820
0.0000 0.4836
0.0000 1.5285
0.0000 1.4533
0.0000 0.2573
0.0000 0.9036
0.0000 0.6689
0.0000 0.9791
0.0000 0.1159
0.0000 0.8424
0.0000 0.9011
0.0000 0.5610
0.0000 1.1907
0.0000 1.5489
0.0000 1.7751
0.0000 0.6100
0.0000 0.3101
0.0000 1.0799
0.0000 0.7619
0.0000 0.5622
0.0000 0.2031
0.0000 0.1511
0.0000 0.4603
0.0000 0.1185
0.0000 1.3730
0.0000 -0.2480
0.0000 1.4144
0.0000 1.0379
0.0000 0.2770
0.0000 0.8482
0.0000 1.0184
0.0000 0.1508
0.0000 0.5650
0.0000 0.8062
0.0000 0.8880
0.0000 1.9778
0.0000 -0.0730
0.0000 0.5588
0.0000 -0.1521
0.0000 1.5108
0.0000 0.4708
0.0000 1.2076
0.0000 1.5181
0.0000 1.2032
0.0000 1.0092
0.0000 2.1836
0.0000 1.0678
0.0000 1.1054
0.0000 1.2157
0.0000 0.4231
0.0000 0.9994
0.0000 1.2159
0.0000 1.3540
0.0000 0.1193
0.0000 0.7758
0.0000 0.4565
0.0000 1.1773
0.0000 0.7943
0.0000 0.4853
0.0000 1.0139
0.0000 1.3271
0.0000 0.2387
0.0000 1.2593
0.0000 0.7074
0.0000 1.1986
0.0000 1.0736
0.0000 0.9812
0.0000 -0.1233
0.0000 0.6902
0.0000 0.4592
0.0000 0.9542
0.0000 0.4047
0.0000 0.3247
0.0000 -0.1743
0.0000 0.3486
0.0000 0.6272
0.0000 1.1649
0.0000 -0.0446
0.0000 0.3344
0.0000 1.7869
0.0000 0.9638
0.0000 0.5572
0.0000 0.8387
0.0000 0.6280
0.0000 1.1693
0.0000 1.0736
0.0000 1.2307
0.0000 0.9942
0.0000 0.7682
0.0000 1.4588
0.0000 1.0702
0.0000 0.5641
0.0000 1.3409
0.0000 1.9039
0.0000 0.3624
0.0000 -0.4834
0.0000 0.8039
0.0000 0.9261
0.0000 1.9987
0.0000 0.1567
0.0000 1.1515
0.0000 1.2585
0.0000 1.3657
0.0000 0.6882
0.0000 1.2571
0.0000 0.3968
0.0000 0.6606
0.0000 0.4683
0.0000 1.6290
0.0000 1.5653
0.0000 0.4941
0.0000 -0.1519
0.0000 0.4139
0.0000 1.5650
0.0000 1.5598
0.0000 1.5386
0.0000 1.2729
0.0000 1.0533
0.0000 1.0822
0.0000 0.5121
0.0000 0.5067
0.0000 0.2965
0.0000 1.1605
0.0000 0.2656
0.0000 1.3726
0.0000 0.6741
0.0000 1.2494
0.0000 0.8524
0.0000 0.8295
0.0000 0.6134
0.0000 0.6155
0.0000 0.7080
0.0000 0.7196
0.0000 0.4611
0.0000 0.6253
0.0000 1.9295
0.0000 0.9266
0.0000 0.2380
0.0000 0.7769
0.0000 0.9169
0.0000 0.3469
0.0000 1.3636
0.0000 1.6364
0.0000 1.4182
0.0000 0.2101
0.0000 0.5536
0.0000 1.8586
0.0000 0.4960
0.0000 0.6422
0.0000 1.7192
0.0000 0.7689
0.0000 0.3009
0.0000 1.2012
0.0000 0.7943
0.0000 1.1583
0.0000 0.1514
0.0000 0.9276
0.0000 0.4332
0.0000 0.6858
0.0000 2.0788
0.0000 1.1490
0.0000 1.3404
0.0000 0.5358
0.0000 0.3516
0.0000 1.2956
0.0000 1.4574
0.0000 0.3372
0.0000 0.5079
0.0000 0.8598
0.0000 -0.2355
0.0000 1.1762
0.0000 -0.1167
0.0000 1.2184
0.0000 0.7752
0.0000 0.5021
0.0000 1.1726
0.0000 0.6001
0.0000 0.2783
0.0000 1.3497
0.0000 -0.3267
0.0000 1.7882
0.0000 0.4949
0.0000 1.4014
0.0000 0.7721
0.0000 1.1589
0.0000 0.9161
0.0000 1.4104
0.0000 0.7477
0.0000 0.9260
0.0000 0.6527
0.0000 1.0860
0.0000 1.4926
0.0000 0.4916
0.0000 0.8450
0.0000 2.1804
0.0000 1.1378
0.0000 0.3289
0.0000 1.0855
0.0000 1.6063
0.0000 0.2187
0.0000 0.7993
0.0000 0.5867
0.0000 1.1721
0.0000 0.4542
0.0000 0.0688
0.0000 0.2144
0.0000 0.9495
0.0000 0.2628
0.0000 0.6578
0.0000 1.1765
0.0000 1.0140
0.0000 0.3165
0.0000 -0.2277
0.0000 0.9218
0.0000 1.0939
0.0000 0.9065
0.0000 0.4738
0.0000 0.8168
0.0000 0.9982
0.0000 0.1228
0.0000 0.6011
0.0000 0.4496
0.0000 0.8440
0.0000 1.0167
0.0000 0.3052
0.0000 0.7718
0.0000 0.6681
0.0000 0.9889
0.0000 0.8742
0.0000 0.8714
0.0000 0.2384
0.0000 1.0389
0.0000 1.2235
0.0000 0.8641
0.0000 1.6594
0.0000 0.4611
0.0000 -0.2310
0.0000 1.2994
0.0000 0.5817
0.0000 0.0846
0.0000 0.7033
0.0000 1.9587
0.0000 1.5746
0.0000 1.1124
0.0000 0.4218
0.0000 0.5072
0.0000 0.5874
0.0000 1.4162
0.0000 0.8033
0.0000 0.2713
0.0000 0.2872
0.0000 0.2691
0.0000 1.1445
0.0000 0.9193
0.0000 1.5546
0.0000 1.4950
0.0000 -0.3554
0.0000 0.9991
0.0000 0.9481
0.0000 0.4779
0.0000 0.7073
0.0000 1.8912
0.0000 0.5575
0.0000 0.2726
0.0000 0.4216
0.0000 0.8803
0.0000 1.9588
0.0000 0.3810
0.0000 0.8969
0.0000 0.8486
0.0000 0.6373
0.0000 0.2486
0.0000 1.3829
0.0000 0.8532
0.0000 0.7889
0.0000 1.4877
0.0000 1.5991
0.0000 0.7186
0.0000 0.2947
0.0000 0.8359
0.0000 0.3962
0.0000 0.4426
0.0000 0.8865
0.0000 0.3817
0.0000 0.1080
0.0000 1.1866
0.0000 1.3072
0.0000 0.9492
0.0000 -0.3622
0.0000 0.5232
0.0000 1.2968
0.0000 -0.3974
0.0000 1.6653
0.0000 -0.0908
0.0000 0.5570
0.0000 0.2319
0.0000 1.9580
0.0000 0.9555
0.0000 -0.2053
0.0000 0.5439
0.0000 1.3483
0.0000 1.1493
0.0000 2.1491
0.0000 0.5309
0.0000 0.0878
0.0000 0.1404
0.0000 0.4816
0.0000 1.3932
0.0000 0.7913
0.0000 0.3597
0.0000 0.5746
0.0000 0.9336
0.0000 0.3226
0.0000 0.7908
0.0000 0.5280
0.0000 0.9942
0.0000 0.4154
0.0000 1.5403
0.0000 0.9136
0.0000 1.0840
0.0000 -0.0949
0.0000 0.7072
0.0000 0.2857
0.0000 1.2818
0.0000 -0.0129
0.0000 0.7598
0.0000 1.0466
0.0000 0.6044
0.0000 0.7501
0.0000 -0.0288
0.0000 -0.2645
0.0000 1.0055
0.0000 0.4766
0.0000 0.0479
0.0000 0.4542
0.0000 1.3024
0.0000 0.7401
0.0000 0.6197
0.0000 0.8263
0.0000 -0.0836
0.0000 0.4956
0.0000 0.7201
0.0000 1.3108
0.0000 0.8036
0.0000 1.1806
0.0000 1.3810
0.0000 0.5741
0.0000 1.3701
0.0000 0.6249
0.0000 1.5785
0.0000 1.3353
0.0000 0.4883
0.0000 1.7839
0.0000 0.5089
0.0000 1.5066
0.0000 0.8503
0.0000 1.5297
0.0000 0.6429
0.0000 0.8028
0.0000 1.4029
0.0000 0.6238
0.0000 0.5639
0.0000 1.4824
0.0000 0.9525
0.0000 1.1715
0.0000 0.5456
0.0000 0.8215
0.0000 0.7279
0.0000 1.5967
0.0000 0.6004
0.0000 0.4402
0.0000 1.1492
0.0000 1.4615
0.0000 0.7092
0.0000 1.5781
0.0000 0.9546
0.0000 1.0163
0.0000 -0.0362
0.0000 1.8086
