10.0000 10.2262
10.0000 10.1719
10.0000 10.5750
10.0000 9.9541
10.0000 10.3374
10.0000 10.3839
10.0000 9.8102
10.0000 10.1955
10.0000 10.4865
10.0000 9.6167
10.0000 10.5182
10.0000 10.7723
10.0000 10.8007
10.0000 11.0610
10.0000 11.2104
10.0000 9.6574
10.0000 9.6300
10.0000 11.1819
10.0000 9.7191
10.0000 10.2961
10.0000 10.3165
10.0000 11.6636
10.0000 10.0414
10.0000 10.8850
10.0000 10.7511
10.0000 10.3640
10.0000 10.8271
10.0000 11.0948
10.0000 10.2325
10.0000 10.2226
10.0000 9.7462
10.0000 10.8199
10.0000 9.7983
10.0000 9.6443
10.0000 10.1555
10.0000 10.0232
10.0000 10.4051
10.0000 9.9704
10.0000 10.6080
10.0000 10.3870
10.0000 10.3550
10.0000 10.2081
10.0000 11.0900
10.0000 10.6348
10.0000 11.2337
10.0000 10.2979
10.0000 10.3913
10.0000 9.6998
10.0000 9.7180
10.0000 10.3036
10.0000 9.8772
10.0000 10.3008
10.0000 12.0837
10.0000 10.5750
10.0000 11.3586
10.0000 10.4501
10.0000 10.1975
10.0000 9.1280
10.0000 10.7721
10.0000 10.3193
10.0000 10.3810
10.0000 9.5943
10.0000 11.4626
10.0000 10.6676
10.0000 10.3493
10.0000 10.2011
10.0000 10.5868
10.0000 10.1209
10.0000 11.2492
10.0000 10.4208
10.0000 9.7727
10.0000 11.6925
10.0000 9.9084
10.0000 9.8326
10.0000 11.0504
10.0000 11.1392
10.0000 10.9960
10.0000 10.5640
10.0000 10.8707
10.0000 9.9780
10.0000 9.8802
10.0000 9.4403
10.0000 9.4894
10.0000 9.9882
10.0000 10.2858
10.0000 10.2775
10.0000 10.5226
10.0000 9.9570
10.0000 9.8129
10.0000 9.3771
10.0000 10.3875
10.0000 10.7987
10.0000 9.7180
10.0000 9.4178
10.0000 10.2971
10.0000 10.6569
10.0000 10.3979
10.0000 10.9194
10.0000 9.9044
10.0000 9.9668
10.0000 10.2974
10.0000 9.7343
10.0000 10.7397
10.0000 10.2112
10.0000 10.8880
10.0000 10.7863
10.0000 10.1432
10.0000 9.8779
10.0000 10.2048
10.0000 9.9184
10.0000 9.9201
10.0000 9.3285
10.0000 10.4721
10.0000 10.0479
10.0000 10.0217
10.0000 9.4868
10.0000 10.3366
10.0000 10.3105
10.0000 10.7853
10.0000 10.7435
10.0000 9.4570
10.0000 10.1281
10.0000 9.9005
10.0000 11.6313
10.0000 9.7784
10.0000 10.1317
10.0000 9.9372
10.0000 10.4844
10.0000 10.5853
10.0000 10.3806
10.0000 10.3871
10.0000 9.3778
10.0000 9.1700
10.0000 10.2122
10.0000 11.5986
10.0000 10.6728
10.0000 10.1119
10.0000 10.5686
10.0000 10.7894
10.0000 10.7534
10.0000 9.9405
10.0000 10.5516
10.0000 10.9206
10.0000 9.9151
10.0000 10.7847
10.0000 9.4326
10.0000 10.7386
10.0000 10.1723
10.0000 9.7765
10.0000 10.5057
10.0000 10.7070
10.0000 9.8732
10.0000 9.6229
10.0000 10.9013
10.0000 10.0987
10.0000 10.0152
10.0000 9.7602
10.0000 10.2931
10.0000 9.9062
10.0000 9.4757
10.0000 10.0141
10.0000 9.3363
10.0000 10.3459
10.0000 9.7211
10.0000 10.1355
10.0000 10.9395
10.0000 10.0960
10.0000 9.4814
10.0000 9.8579
10.0000 10.7045
10.0000 9.9912
10.0000 9.8341
10.0000 10.1363
10.0000 10.3720
10.0000 10.2071
10.0000 9.8503
10.0000 9.8217
10.0000 10.7598
10.0000 10.2488
10.0000 10.5272
10.0000 10.0866
10.0000 9.4892
10.0000 10.0379
10.0000 10.0468
10.0000 10.5672
10.0000 10.3228
10.0000 10.2994
10.0000 9.5520
10.0000 9.7800
10.0000 10.2638
10.0000 9.9944
10.0000 10.4223
10.0000 9.7766
10.0000 9.7840
10.0000 9.8708
10.0000 11.0694
10.0000 9.8394
10.0000 10.5795
10.0000 10.5514
10.0000 10.4886
10.0000 10.3918
10.0000 10.8360
10.0000 10.2110
10.0000 10.5871
10.0000 10.0877
10.0000 11.3761
10.0000 10.0844
10.0000 10.3538
10.0000 10.6893
10.0000 10.5235
10.0000 10.7391
10.0000 10.8161
10.0000 9.9364
10.0000 10.1644
10.0000 9.1911
10.0000 8.9987
10.0000 10.4456
10.0000 10.7624
10.0000 10.1722
10.0000 9.5109
10.0000 10.1643
10.0000 10.2944
10.0000 10.4698
10.0000 9.6827
10.0000 10.6579
10.0000 11.7731
10.0000 10.8579
10.0000 10.2766
10.0000 9.9214
10.0000 9.5376
10.0000 10.1068
10.0000 10.9979
10.0000 9.5700
10.0000 9.8216
10.0000 11.0663
10.0000 10.8074
10.0000 10.0669
10.0000 10.2831
10.0000 11.0090
10.0000 9.6590
10.0000 9.7232
10.0000 9.7804
10.0000 10.7445
10.0000 10.8119
10.0000 10.8106
10.0000 10.1462
10.0000 10.6142
10.0000 10.0519
10.0000 10.9005
10.0000 9.9016
10.0000 9.7313
10.0000 10.3019
10.0000 9.2386
10.0000 10.4825
10.0000 8.9920
10.0000 10.0810
10.0000 9.5080
10.0000 9.4674
10.0000 10.0049
10.0000 9.8568
10.0000 9.7822
10.0000 10.1512
10.0000 11.1268
10.0000 9.6085
10.0000 10.1088
10.0000 9.5826
10.0000 10.4907
10.0000 10.2252
10.0000 9.8814
10.0000 10.4205
10.0000 9.6100
10.0000 10.6734
10.0000 10.4277
10.0000 10.0492
10.0000 10.7520
10.0000 10.7601
10.0000 9.7418
10.0000 10.1413
10.0000 10.6886
10.0000 9.6216
10.0000 10.1887
10.0000 9.3732
10.0000 9.6744
10.0000 10.2754
10.0000 9.7207
10.0000 9.9111
10.0000 9.9734
10.0000 10.4265
10.0000 9.6253
10.0000 10.3034
10.0000 10.8397
10.0000 9.9846
10.0000 10.3869
10.0000 10.0798
10.0000 10.2534
10.0000 9.8492
10.0000 11.0820
10.0000 9.1203
10.0000 10.9545
10.0000 10.5395
10.0000 10.1305
10.0000 9.7914
10.0000 9.7264
10.0000 9.1407
10.0000 9.9779
10.0000 10.1724
10.0000 10.1816
10.0000 9.6843
10.0000 10.1396
10.0000 10.2501
10.0000 10.0740
10.0000 10.2779
10.0000 10.7059
10.0000 9.8156
10.0000 10.4723
10.0000 10.9989
10.0000 10.4502
10.0000 9.9476
10.0000 9.9419
10.0000 10.3941
10.0000 10.1532
10.0000 10.9196
10.0000 9.5654
10.0000 9.6193
10.0000 10.6552
10.0000 11.1216
10.0000 10.2252
10.0000 10.5957
10.0000 9.6608
10.0000 10.7854
10.0000 9.3598
10.0000 10.1858
10.0000 10.1105
10.0000 9.8566
10.0000 10.1030
10.0000 10.2090
10.0000 9.8145
10.0000 9.2906
10.0000 10.9151
10.0000 11.0724
10.0000 9.7683
10.0000 11.2236
10.0000 9.2670
10.0000 9.3095
10.0000 10.3384
10.0000 9.9641
10.0000 9.8466
10.0000 9.8772
10.0000 9.4249
10.0000 10.7465
10.0000 10.9393
10.0000 9.7559
10.0000 10.5094
10.0000 9.6484
10.0000 11.1715
10.0000 10.6957
10.0000 10.4865
10.0000 9.6618
10.0000 10.7091
10.0000 9.7276
10.0000 10.2296
10.0000 9.3758
10.0000 10.4466
10.0000 10.1248
10.0000 10.6937
10.0000 10.1778
10.0000 10.3553
10.0000 10.5007
10.0000 9.8445
10.0000 10.4131
10.0000 10.2886
10.0000 9.8269
10.0000 10.2809
10.0000 9.4255
10.0000 9.5325
10.0000 9.4278
10.0000 10.5256
10.0000 9.6812
10.0000 10.1889
10.0000 9.6178
10.0000 10.7314
10.0000 10.2465
10.0000 9.5132
10.0000 9.8952
10.0000 10.4281
10.0000 9.6963
10.0000 10.0627
10.0000 10.8542
10.0000 10.2238
10.0000 10.4418
10.0000 9.3601
10.0000 10.6791
10.0000 9.0430
10.0000 9.2643
10.0000 10.3848
10.0000 9.7630
10.0000 10.6214
10.0000 10.4472
10.0000 11.3841
10.0000 11.6031
10.0000 10.4206
10.0000 9.7039
10.0000 9.9499
10.0000 8.9323
10.0000 10.2501
10.0000 10.0608
10.0000 9.4253
10.0000 10.9450
10.0000 10.0578
10.0000 9.6537
10.0000 10.2614
10.0000 9.9209
10.0000 10.5811
10.0000 9.9359
10.0000 10.1111
10.0000 11.0839
10.0000 10.5258
10.0000 9.8980
10.0000 9.3626
10.0000 10.9189
10.0000 10.3575
10.0000 10.6103
10.0000 9.4698
10.0000 10.2925
10.0000 10.5810
10.0000 9.5547
10.0000 10.3735
10.0000 10.8820
10.0000 10.3539
10.0000 9.6905
10.0000 11.0269
10.0000 10.5243
10.0000 10.6752
10.0000 10.1137
10.0000 9.2193
10.0000 10.2105
10.0000 9.8396
10.0000 10.7923
10.0000 9.4665
10.0000 10.4369
10.0000 10.6893
10.0000 10.2041
10.0000 10.6663
10.0000 11.1323
10.0000 10.4559
10.0000 10.6472
10.0000 10.8717
10.0000 9.3609
10.0000 10.0770
10.0000 9.6550
10.0000 10.6511
10.0000 10.7348
10.0000 9.9647
10.0000 10.0218
10.0000 9.9805
10.0000 10.8471
10.0000 10.3565
10.0000 9.6461
10.0000 10.7155
10.0000 9.2737
10.0000 11.1520
10.0000 9.5592
10.0000 10.2593
10.0000 11.2663
10.0000 10.7308
10.0000 10.0342
10.0000 10.0672
10.0000 11.0566
10.0000 9.9464
10.0000 9.6277
10.0000 10.0052
10.0000 10.2014
10.0000 9.5728
10.0000 9.8987
10.0000 9.4525
10.0000 10.5030
10.0000 9.8185
10.0000 9.5743
10.0000 10.6976
10.0000 10.6388
10.0000 10.3078
10.0000 9.3632
10.0000 11.4674
10.0000 10.5187
10.0000 10.1362
10.0000 9.9435
10.0000 10.8911
10.0000 10.2583
10.0000 11.5048
10.0000 10.4551
10.0000 10.0832
10.0000 9.7418
10.0000 10.9932
10.0000 10.1160
10.0000 11.4343
10.0000 9.9087
10.0000 9.3784
10.0000 11.0750
10.0000 11.3180
10.0000 10.3099
10.0000 10.1814
10.0000 10.5924
10.0000 9.6739
10.0000 9.9667
10.0000 9.8859
10.0000 10.9915
10.0000 10.7661
10.0000 10.4536
10.0000 9.9774
10.0000 10.5199
10.0000 9.9175
10.0000 10.2927
10.0000 9.9762
10.0000 10.2710
10.0000 9.7302
10.0000 10.5110
10.0000 10.3511
10.0000 10.2315
10.0000 10.3746
10.0000 10.2201
10.0000 9.8960
10.0000 10.0183
10.0000 9.8371
10.0000 10.4882
10.0000 10.0906
10.0000 10.8138
10.0000 10.5763
10.0000 9.5980
10.0000 9.2601
10.0000 10.1053
10.0000 9.7660
10.0000 10.1486
10.0000 10.4026
10.0000 9.9203
10.0000 10.2346
10.0000 10.1596
10.0000 10.7347
10.0000 10.4472
10.0000 10.0488
10.0000 10.5417
10.0000 10.1975
10.0000 9.6971
10.0000 9.2383
10.0000 10.6105
10.0000 10.5441
10.0000 10.5707
10.0000 10.5677
10.0000 10.1814
10.0000 10.1686
10.0000 10.3362
10.0000 9.4278
10.0000 9.8293
10.0000 10.4762
10.0000 10.7170
10.0000 10.4163
10.0000 9.3035
10.0000 8.7008
10.0000 9.7492
10.0000 9.9947
10.0000 10.1307
10.0000 11.7886
10.0000 9.6226
10.0000 10.3648
10.0000 10.9521
10.0000 10.4763
10.0000 10.3982
10.0000 9.7449
10.0000 9.4459
10.0000 10.2103
10.0000 9.7334
10.0000 10.4782
10.0000 9.8593
10.0000 9.9258
10.0000 8.7441
10.0000 9.3475
10.0000 10.3336
10.0000 11.0267
10.0000 10.1223
10.0000 9.5380
10.0000 9.4255
10.0000 10.2608
10.0000 10.3400
10.0000 10.5486
10.0000 10.1070
10.0000 10.6745
10.0000 10.1581
10.0000 10.6977
10.0000 10.5528
10.0000 9.8305
10.0000 9.6007
10.0000 10.5757
10.0000 10.3854
10.0000 9.9002
10.0000 9.7389
10.0000 10.3262
10.0000 10.2381
10.0000 9.8621
10.0000 9.7896
10.0000 9.4186
10.0000 10.4500
10.0000 10.0460
10.0000 10.1208
10.0000 9.9710
10.0000 10.8261
10.0000 10.4277
10.0000 10.0468
10.0000 10.5448
10.0000 10.6143
10.0000 10.0185
10.0000 9.8472
10.0000 10.1611
10.0000 10.4425
10.0000 10.2509
10.0000 10.2952
10.0000 10.3459
10.0000 10.8944
10.0000 9.6997
10.0000 10.1417
10.0000 9.3831
10.0000 10.8095
10.0000 9.8022
10.0000 9.7732
10.0000 8.6445
10.0000 9.5357
10.0000 10.6704
10.0000 9.5727
10.0000 10.9909
10.0000 9.9606
10.0000 9.4868
10.0000 9.6033
10.0000 10.1156
10.0000 9.5857
10.0000 11.1716
10.0000 10.0369
10.0000 9.9812
10.0000 9.9520
10.0000 10.6454
10.0000 10.8458
10.0000 10.4625
10.0000 10.4546
10.0000 11.1958
10.0000 10.3446
10.0000 11.2954
10.0000 9.8122
10.0000 9.9528
10.0000 10.4710
10.0000 10.2024
10.0000 9.7666
10.0000 11.0842
10.0000 10.8182
10.0000 10.1086
10.0000 9.2775
10.0000 9.9517
10.0000 10.6885
10.0000 10.3913
10.0000 10.1116
10.0000 8.7657
10.0000 9.7451
10.0000 10.6217
10.0000 10.0519
10.0000 10.0920
10.0000 10.3069
10.0000 9.9718
10.0000 10.2575
10.0000 10.2708
10.0000 10.7427
10.0000 10.0484
10.0000 10.8200
10.0000 10.1895
10.0000 10.1873
10.0000 10.1282
10.0000 10.3320
10.0000 9.3242
10.0000 9.6212
10.0000 9.8735
10.0000 10.1383
10.0000 10.2565
10.0000 11.5156
10.0000 10.3394
10.0000 10.9369
10.0000 9.8843
10.0000 11.2772
10.0000 10.6925
10.0000 10.1753
10.0000 10.0944
10.0000 9.9505
10.0000 10.4805
10.0000 9.7147
10.0000 10.2266
10.0000 10.3285
10.0000 10.4432
10.0000 10.3764
10.0000 10.6891
10.0000 11.2593
10.0000 11.0112
10.0000 10.2962
10.0000 9.8610
10.0000 10.7403
10.0000 10.7986
10.0000 9.3124
10.0000 10.5572
10.0000 9.7495
10.0000 10.7417
10.0000 9.5566
10.0000 9.5650
10.0000 9.8215
10.0000 9.7538
10.0000 10.4582
10.0000 9.4194
10.0000 10.7282
10.0000 9.9188
10.0000 9.3724
10.0000 9.8665
10.0000 9.8819
10.0000 9.8082
10.0000 10.6363
10.0000 10.1725
10.0000 10.8120
10.0000 10.6224
10.0000 10.7095
10.0000 10.5676
10.0000 10.1791
10.0000 10.2829
10.0000 10.5887
10.0000 10.4092
10.0000 10.1087
10.0000 9.4480
10.0000 10.1808
10.0000 10.4338
10.0000 10.0628
10.0000 9.6682
10.0000 10.2980
10.0000 9.2639
10.0000 10.2484
10.0000 9.3996
10.0000 10.2773
10.0000 10.3745
10.0000 10.1769
10.0000 9.7269
10.0000 9.8875
10.0000 9.7997
10.0000 10.1522
10.0000 10.4766
10.0000 9.8294
10.0000 10.7330
10.0000 9.8865
10.0000 9.5299
10.0000 9.6000
10.0000 9.9782
10.0000 10.2261
10.0000 10.2918
10.0000 10.1741
10.0000 9.7209
10.0000 9.2457
10.0000 10.4652
10.0000 10.9020
10.0000 9.8877
10.0000 11.3686
10.0000 10.3426
10.0000 9.9060
10.0000 9.6285
10.0000 10.2454
10.0000 10.1041
10.0000 9.7623
10.0000 10.5862
10.0000 10.0556
10.0000 10.4251
10.0000 9.7977
10.0000 11.6096
10.0000 9.7520
10.0000 10.9421
10.0000 11.1397
10.0000 9.7379
10.0000 10.4522
10.0000 9.6781
10.0000 10.1828
10.0000 10.6578
10.0000 10.4680
10.0000 10.5214
10.0000 10.3115
10.0000 9.5520
10.0000 10.4325
10.0000 10.0977
10.0000 10.4565
10.0000 10.5625
10.0000 10.7912
10.0000 10.1602
10.0000 11.0152
10.0000 10.5317
10.0000 10.2778
10.0000 10.7656
10.0000 10.1743
10.0000 9.8933
10.0000 10.9677
10.0000 9.2358
10.0000 10.0366
10.0000 10.0635
10.0000 10.6752
10.0000 10.2055
10.0000 10.8049
10.0000 9.8412
10.0000 9.8816
10.0000 10.3626
10.0000 10.6823
10.0000 9.1178
10.0000 9.6949
10.0000 10.0081
10.0000 11.2744
10.0000 9.8346
10.0000 10.8669
10.0000 10.0580
10.0000 9.8744
10.0000 10.9530
10.0000 10.1598
10.0000 10.3305
10.0000 10.1049
10.0000 9.4478
10.0000 10.5261
10.0000 10.4238
10.0000 10.0918
10.0000 9.3634
10.0000 10.3899
10.0000 10.0945
10.0000 10.6419
10.0000 9.5503
10.0000 10.3391
10.0000 9.9364
10.0000 9.6208
10.0000 11.3496
10.0000 9.7217
10.0000 9.9789
10.0000 9.6001
10.0000 10.0123
10.0000 10.3536
10.0000 10.5142
10.0000 10.7927
10.0000 10.3166
10.0000 10.4401
10.0000 9.5020
10.0000 9.9607
10.0000 9.2657
10.0000 10.0239
10.0000 9.9804
10.0000 10.6919
10.0000 10.5695
10.0000 10.5917
10.0000 9.5539
10.0000 10.1393
10.0000 10.1337
10.0000 10.4324
10.0000 9.7020
10.0000 10.3656
10.0000 9.4534
10.0000 9.9654
10.0000 9.6277
10.0000 10.0596
10.0000 11.0045
10.0000 9.9730
10.0000 10.5603
10.0000 9.7512
10.0000 10.5312
10.0000 9.7937
10.0000 9.9842
10.0000 10.0828
10.0000 10.2327
10.0000 9.8710
10.0000 10.0854
10.0000 10.2704
10.0000 10.6223
10.0000 10.4328
10.0000 10.9435
10.0000 9.6756
10.0000 9.9792
10.0000 10.0524
10.0000 10.6304
10.0000 10.2322
10.0000 10.2551
10.0000 9.9909
10.0000 10.0974
10.0000 10.6566
10.0000 10.2289
10.0000 9.6774
10.0000 10.3004
10.0000 9.9516
10.0000 10.3134
10.0000 11.3879
10.0000 9.3364
10.0000 10.5567
10.0000 10.3206
10.0000 10.8651
10.0000 10.8126
10.0000 10.7211
10.0000 9.4785
10.0000 9.5020
10.0000 10.5891
10.0000 9.9849
10.0000 9.3876
10.0000 10.8388
10.0000 10.4959
10.0000 11.0241
10.0000 9.7353
10.0000 10.4598
10.0000 10.2018
10.0000 10.4259
10.0000 10.9386
10.0000 11.6289
10.0000 9.8588
10.0000 9.8467
10.0000 11.4494
10.0000 10.3600
10.0000 10.4077
10.0000 10.0698
10.0000 9.9302
10.0000 10.8708
10.0000 9.7525
10.0000 10.5590
10.0000 9.9650
10.0000 9.5394
10.0000 10.9991
10.0000 10.2896
10.0000 9.5989
10.0000 9.5830
10.0000 9.9245
10.0000 10.1919
10.0000 10.2567
10.0000 9.1519
10.0000 9.9701
10.0000 10.2522
10.0000 10.7448
10.0000 10.0436
10.0000 9.6161
10.0000 10.3505
10.0000 10.6954
10.0000 10.1623
10.0000 9.3440
10.0000 10.2129
10.0000 9.7643
10.0000 10.0653
10.0000 9.2053
10.0000 9.9737
10.0000 9.8574
10.0000 10.1848
10.0000 10.1938
10.0000 10.0201
10.0000 10.3092
10.0000 10.1872
10.0000 9.6560
10.0000 9.8384
10.0000 10.2305
10.0000 10.4458
10.0000 10.8786
10.0000 10.3173
10.0000 10.4515
10.0000 10.5752
10.0000 9.2577
10.0000 10.6609
10.0000 10.2866
10.0000 9.5385
10.0000 10.1796
10.0000 9.9476
10.0000 9.8503
10.0000 10.4612
10.0000 9.7913
10.0000 11.0718
10.0000 10.6561
10.0000 10.1102
10.0000 10.6634
10.0000 9.7702
10.0000 10.2898
10.0000 10.4458
10.0000 10.4192
10.0000 10.4617
10.0000 10.5766
10.0000 10.1676
10.0000 10.2088
10.0000 11.0978
10.0000 10.5740
10.0000 10.1466
10.0000 11.5327
10.0000 9.8211
10.0000 9.6402
10.0000 10.5532
10.0000 9.5431
10.0000 11.1710
10.0000 11.1519
10.0000 10.5531
10.0000 9.9424
10.0000 10.2900
10.0000 10.7455
10.0000 11.1365
10.0000 10.0181
10.0000 9.8077
10.0000 9.6870
10.0000 10.1012
10.0000 9.8531
10.0000 9.4654
10.0000 9.6190
10.0000 9.7955
10.0000 10.5003
10.0000 10.1321
10.0000 11.1298
10.0000 10.1727
10.0000 9.6381
10.0000 9.9071
10.0000 10.1751
10.0000 9.4889
10.0000 10.1798
10.0000 9.6794
10.0000 11.3824
10.0000 9.9035
10.0000 9.4620
10.0000 10.8702
10.0000 9.4987
10.0000 10.3321
10.0000 9.8968
10.0000 10.0925
10.0000 10.6277
10.0000 10.2504
10.0000 9.8946
10.0000 11.1285
10.0000 9.4704
10.0000 10.7745
10.0000 9.5318
10.0000 9.5965
10.0000 9.4677
10.0000 9.4636
10.0000 9.7441
10.0000 10.0411
10.0000 10.3344
10.0000 9.6129
10.0000 10.5362
10.0000 9.8163
10.0000 10.1224
10.0000 10.1997
10.0000 9.9795
10.0000 9.7182
10.0000 9.9877
10.0000 9.8290
10.0000 11.6706
10.0000 10.1361
10.0000 9.3466
10.0000 10.6858
10.0000 11.0547
10.0000 9.9730
10.0000 10.5754
10.0000 10.5920
10.0000 10.9278
10.0000 9.9933
10.0000 9.6746
10.0000 10.2830
10.0000 10.0827
10.0000 10.4241
10.0000 10.2437
10.0000 10.1099
10.0000 9.9743
10.0000 9.6301
10.0000 10.8681
10.0000 10.4776
10.0000 11.3579
10.0000 11.1362
10.0000 10.2994
10.0000 9.9162
10.0000 10.0595
10.0000 9.7122
10.0000 11.1752
10.0000 10.6236
10.0000 10.2211
10.0000 10.5930
10.0000 10.8775
10.0000 10.5595
10.0000 9.5900
10.0000 9.8400
10.0000 10.1056
10.0000 10.2063
10.0000 10.7702
10.0000 10.8409
10.0000 10.6332
10.0000 9.7903
10.0000 10.7945
10.0000 10.7558
10.0000 10.8649
10.0000 10.4348
10.0000 10.5057
10.0000 9.9561
10.0000 9.0994
10.0000 9.9736
10.0000 10.1631
10.0000 9.3912
10.0000 10.8807
10.0000 10.4207
10.0000 10.2085
10.0000 9.9942
10.0000 9.6340
10.0000 9.2533
10.0000 9.6431
10.0000 10.3805
10.0000 10.3335
10.0000 9.8336
10.0000 9.2235
10.0000 10.5968
10.0000 10.2885
10.0000 10.4563
10.0000 10.3344
10.0000 10.5387
10.0000 9.4405
10.0000 10.8669
10.0000 10.3124
10.0000 10.3316
10.0000 10.4062
10.0000 10.4296
10.0000 10.2458
10.0000 10.3234
10.0000 10.9106
10.0000 10.4457
10.0000 10.3794
10.0000 9.9534
10.0000 10.0537
10.0000 9.5801
10.0000 9.8188
10.0000 10.8049
10.0000 10.3553
10.0000 10.1704
10.0000 10.3919
10.0000 10.1301
10.0000 10.2846
10.0000 10.0150
10.0000 11.2461
10.0000 10.5641
10.0000 11.1490
10.0000 10.5264
10.0000 10.3075
10.0000 9.3899
10.0000 9.8563
10.0000 10.2776
10.0000 11.1456
10.0000 10.0398
10.0000 10.1877
10.0000 10.6296
10.0000 9.7238
10.0000 10.2448
10.0000 10.5411
10.0000 10.3634
10.0000 10.3532
10.0000 9.3267
10.0000 11.2072
10.0000 10.3111
10.0000 10.6228
10.0000 10.0907
10.0000 9.6762
10.0000 9.9622
10.0000 9.4110
10.0000 10.6103
10.0000 10.2256
10.0000 9.8504
10.0000 10.1114
10.0000 9.5735
10.0000 10.1633
10.0000 10.5383
10.0000 10.4955
10.0000 10.0507
10.0000 9.6438
10.0000 8.7403
10.0000 9.7062
10.0000 10.7883
10.0000 9.8712
10.0000 11.0035
10.0000 9.8825
10.0000 10.7254
10.0000 10.4537
10.0000 10.6198
10.0000 10.0960
10.0000 10.0193
10.0000 10.0597
10.0000 10.2025
10.0000 10.4957
10.0000 9.9204
10.0000 11.0641
10.0000 9.5123
10.0000 9.9703
10.0000 9.3829
10.0000 10.3049
10.0000 10.1448
10.0000 10.5041
10.0000 10.8834
10.0000 9.3981
10.0000 10.5142
10.0000 8.7491
10.0000 9.7327
10.0000 10.3260
10.0000 10.6334
10.0000 9.9284
10.0000 10.6447
10.0000 11.1178
10.0000 11.4486
10.0000 9.8534
10.0000 10.6598
10.0000 9.4237
10.0000 8.9548
10.0000 9.1250
10.0000 10.3410
10.0000 9.8772
10.0000 10.4837
10.0000 10.1795
10.0000 9.5901
10.0000 10.4805
10.0000 10.5337
10.0000 9.8377
10.0000 10.1325
10.0000 10.8766
10.0000 9.4002
10.0000 10.6225
10.0000 10.8096
10.0000 9.2912
10.0000 10.5619
10.0000 10.0886
10.0000 10.2373
10.0000 10.5827
10.0000 10.2292
10.0000 9.3527
10.0000 10.1125
10.0000 9.2977
10.0000 10.6374
10.0000 9.6947
10.0000 11.2536
10.0000 10.9009
10.0000 9.8976
10.0000 9.9792
10.0000 10.5807
10.0000 10.0401
10.0000 10.8711
10.0000 10.2698
10.0000 9.9573
10.0000 10.7487
10.0000 10.5041
10.0000 10.8909
10.0000 10.7491
10.0000 11.1454
10.0000 9.5108
10.0000 10.7030
10.0000 10.1002
10.0000 9.6841
10.0000 10.6583
10.0000 10.4058
10.0000 10.5124
10.0000 9.5967
10.0000 10.9228
10.0000 9.5983
10.0000 9.8470
10.0000 11.1103
10.0000 10.1472
10.0000 9.7639
10.0000 9.2123
10.0000 10.6325
10.0000 9.7917
10.0000 9.6250
10.0000 10.7528
10.0000 10.1844
10.0000 9.7634
10.0000 11.2439
10.0000 9.9703
10.0000 10.0535
10.0000 9.9865
10.0000 8.9857
10.0000 10.4047
10.0000 10.3235
10.0000 10.1677
10.0000 10.2390
10.0000 10.6279
10.0000 10.9809
10.0000 10.2984
10.0000 10.0876
10.0000 10.3731
10.0000 10.2857
10.0000 10.6863
10.0000 10.5591
10.0000 10.0846
10.0000 10.8031
10.0000 10.8451
10.0000 10.8412
10.0000 9.5660
10.0000 10.0789
10.0000 9.8352
10.0000 10.8019
10.0000 9.9715
10.0000 9.7871
10.0000 10.1460
10.0000 9.8020
10.0000 9.8968
10.0000 9.6386
10.0000 10.3321
10.0000 10.4695
10.0000 10.2668
10.0000 9.7196
10.0000 9.9628
10.0000 10.1817
10.0000 10.0415
10.0000 10.2352
10.0000 9.8034
10.0000 10.9564
10.0000 10.6414
10.0000 10.6667
10.0000 9.8210
10.0000 10.4681
10.0000 11.2981
10.0000 10.7008
10.0000 9.7171
10.0000 10.6005
10.0000 10.4027
10.0000 10.9341
10.0000 9.0793
10.0000 10.7433
10.0000 10.7103
10.0000 10.1017
10.0000 9.7884
10.0000 10.1129
10.0000 10.0915
10.0000 11.1082
10.0000 9.8735
10.0000 9.6334
10.0000 10.4785
10.0000 9.9538
10.0000 9.1300
10.0000 9.2317
10.0000 9.5303
10.0000 10.1653
10.0000 9.6053
10.0000 10.4344
10.0000 10.4438
10.0000 9.5082
10.0000 11.4328
10.0000 10.0407
10.0000 10.8452
10.0000 10.5334
10.0000 10.9572
10.0000 9.6597
10.0000 10.1876
10.0000 10.8477
10.0000 10.2538
10.0000 10.8871
10.0000 10.8426
10.0000 9.7729
10.0000 9.8437
10.0000 10.4386
10.0000 10.1366
10.0000 10.5117
10.0000 10.6387
10.0000 11.2843
10.0000 10.4493
10.0000 11.7708
10.0000 10.1713
10.0000 11.1699
10.0000 9.5902
10.0000 10.3372
10.0000 11.1070
10.0000 11.1103
10.0000 10.8709
10.0000 10.1999
10.0000 10.1495
10.0000 9.5798
10.0000 9.9206
10.0000 10.4599
10.0000 9.7677
10.0000 10.7787
10.0000 9.8254
10.0000 11.0089
10.0000 9.9985
10.0000 10.1256
10.0000 8.9410
10.0000 9.9421
10.0000 9.3070
10.0000 10.3659
10.0000 9.6627
10.0000 10.3374
10.0000 9.7652
10.0000 9.7929
10.0000 9.9054
10.0000 10.6805
10.0000 10.0602
10.0000 9.4452
10.0000 10.5574
10.0000 10.9918
10.0000 10.6934
10.0000 10.4486
10.0000 9.6225
10.0000 10.1266
10.0000 9.9047
10.0000 9.6860
10.0000 9.8967
10.0000 10.0134
10.0000 10.7574
10.0000 11.1485
10.0000 9.7783
10.0000 10.4245
10.0000 10.0366
10.0000 10.4643
10.0000 9.9404
10.0000 10.4472
10.0000 9.5452
10.0000 11.3217
10.0000 10.6994
10.0000 9.1046
10.0000 10.6638
10.0000 9.6263
10.0000 10.1257
10.0000 10.1651
10.0000 10.2373
10.0000 9.4156
10.0000 9.8505
10.0000 10.8475
10.0000 10.1716
10.0000 10.0822
10.0000 9.6818
10.0000 10.1390
10.0000 10.1981
10.0000 10.2825
10.0000 9.8993
10.0000 11.1246
10.0000 10.9375
10.0000 10.8470
10.0000 10.2409
10.0000 9.4742
10.0000 10.6252
10.0000 9.5336
10.0000 9.7230
10.0000 10.6551
10.0000 10.1987
10.0000 9.9712
10.0000 10.7095
10.0000 10.0644
10.0000 10.2975
10.0000 10.0242
10.0000 10.0830
10.0000 10.9254
10.0000 10.0159
10.0000 10.3437
10.0000 9.9692
10.0000 10.0024
10.0000 9.9337
10.0000 9.8485
10.0000 9.6633
10.0000 9.5434
10.0000 10.4207
10.0000 10.8411
10.0000 9.8608
10.0000 10.2832
10.0000 10.1809
10.0000 10.3095
10.0000 9.9667
10.0000 10.7775
10.0000 10.4955
10.0000 10.4311
10.0000 9.6282
10.0000 10.9958
10.0000 10.0701
10.0000 10.4552
10.0000 10.6855
10.0000 10.5093
10.0000 9.7991
10.0000 9.8614
10.0000 10.5851
10.0000 10.0147
10.0000 9.7568
10.0000 10.5773
10.0000 10.2397
10.0000 10.3894
10.0000 10.4650
10.0000 9.5761
10.0000 10.0968
10.0000 10.1044
10.0000 9.9407
10.0000 10.8511
10.0000 9.8654
10.0000 9.8666
10.0000 10.5584
10.0000 10.5249
10.0000 9.2649
10.0000 9.5616
10.0000 10.3576
10.0000 9.9424
10.0000 10.8999
10.0000 10.6441
10.0000 10.8228
10.0000 9.7854
10.0000 10.0157
10.0000 10.3896
10.0000 9.9304
10.0000 10.4285
10.0000 10.6139
10.0000 10.3372
10.0000 9.0299
10.0000 10.6824
10.0000 9.8831
10.0000 10.3504
10.0000 10.1107
10.0000 10.2540
10.0000 9.2664
10.0000 9.5132
10.0000 10.8885
10.0000 9.4868
10.0000 9.8887
10.0000 9.1908
10.0000 10.7520
10.0000 9.9529
10.0000 10.3008
10.0000 9.9330
10.0000 10.5486
10.0000 11.4434
10.0000 9.1512
10.0000 10.2870
10.0000 9.8262
10.0000 9.8198
10.0000 10.1432
10.0000 10.3654
10.0000 10.1927
10.0000 10.1559
10.0000 10.9818
10.0000 9.6752
10.0000 9.3146
10.0000 10.2350
10.0000 10.5968
10.0000 10.4633
10.0000 10.8479
10.0000 10.6717
10.0000 9.6101
10.0000 10.9938
10.0000 10.1108
10.0000 10.0565
10.0000 10.4186
10.0000 10.2797
10.0000 9.7086
10.0000 9.2855
10.0000 11.0242
10.0000 10.0661
10.0000 9.7976
10.0000 10.2437
10.0000 9.2107
10.0000 9.3236
10.0000 9.1950
10.0000 10.2197
10.0000 10.3147
10.0000 9.7076
10.0000 10.2086
10.0000 9.5229
10.0000 9.6115
10.0000 10.4256
10.0000 10.5696
10.0000 9.9786
10.0000 10.5639
10.0000 10.9897
10.0000 9.9115
10.0000 10.5228
10.0000 10.5549
10.0000 11.1674
10.0000 10.4873
10.0000 10.5210
10.0000 10.0295
10.0000 9.7066
10.0000 9.7122
10.0000 11.2234
10.0000 9.3930
10.0000 10.2688
10.0000 9.8093
10.0000 10.3011
10.0000 10.4339
10.0000 9.6714
10.0000 9.9762
10.0000 10.5182
10.0000 10.1792
10.0000 10.0241
10.0000 9.6504
10.0000 10.2918
10.0000 10.6861
10.0000 10.3581
10.0000 10.4011
10.0000 9.5538
10.0000 9.2810
10.0000 9.5121
10.0000 10.9318
10.0000 10.2696
10.0000 10.1673
10.0000 10.3532
10.0000 10.6181
10.0000 10.4992
10.0000 9.2678
10.0000 10.8997
10.0000 9.6355
10.0000 10.2369
10.0000 10.4350
10.0000 10.7679
10.0000 9.4965
10.0000 10.2060
10.0000 10.3354
10.0000 10.1791
10.0000 10.3844
10.0000 11.1025
10.0000 11.0040
10.0000 9.3579
10.0000 11.0899
10.0000 10.2727
10.0000 9.4267
10.0000 10.7131
10.0000 10.9914
10.0000 10.4759
10.0000 9.9182
10.0000 10.5671
10.0000 10.3601
10.0000 10.3940
10.0000 9.9353
10.0000 10.0627
10.0000 10.3282
10.0000 10.1258
10.0000 9.7889
10.0000 9.3447
10.0000 9.5622
10.0000 10.6872
10.0000 10.3676
10.0000 10.4891
10.0000 10.0453
10.0000 9.8574
10.0000 10.2748
10.0000 9.3596
10.0000 9.9627
10.0000 10.0063
10.0000 9.9371
10.0000 10.4581
10.0000 10.4948
10.0000 9.8599
10.0000 9.5283
10.0000 10.7406
10.0000 10.0490
10.0000 10.2634
10.0000 10.9744
10.0000 10.5963
10.0000 10.3590
10.0000 9.9107
10.0000 10.5154
10.0000 10.8698
10.0000 10.1121
10.0000 9.7988
10.0000 9.7718
10.0000 10.1142
10.0000 9.7248
10.0000 9.8226
10.0000 9.9054
10.0000 10.2718
10.0000 9.7581
10.0000 9.8712
10.0000 10.5582
10.0000 9.8173
10.0000 9.8428
10.0000 10.2336
10.0000 9.4879
10.0000 9.9766
10.0000 11.0917
10.0000 10.2732
10.0000 9.6157
10.0000 10.2753
10.0000 10.3696
10.0000 10.3043
10.0000 9.9584
10.0000 10.2973
10.0000 10.5197
10.0000 10.4589
10.0000 10.0763
10.0000 10.5299
10.0000 9.4805
10.0000 9.9343
10.0000 10.3210
10.0000 9.8894
10.0000 11.1399
10.0000 9.7724
10.0000 10.0557
10.0000 9.7483
10.0000 10.4066
10.0000 10.4851
10.0000 11.3006
10.0000 10.7285
10.0000 10.3745
10.0000 10.4290
10.0000 9.9661
10.0000 10.9877
10.0000 9.6336
10.0000 10.2304
10.0000 10.8046
10.0000 10.3785
10.0000 10.0279
10.0000 10.3392
10.0000 10.1033
10.0000 10.7292
10.0000 10.3295
10.0000 10.9431
10.0000 9.7443
10.0000 10.7987
10.0000 9.9659
10.0000 10.2690
10.0000 10.4379
10.0000 10.4060
10.0000 10.5595
10.0000 9.7820
10.0000 9.7917
10.0000 11.3142
10.0000 9.3019
10.0000 10.1246
10.0000 10.2365
10.0000 10.5473
10.0000 9.4143
10.0000 9.5754
10.0000 9.6259
10.0000 11.0406
10.0000 10.4792
10.0000 9.3485
10.0000 10.3213
10.0000 9.6040
10.0000 10.2305
10.0000 9.9513
10.0000 10.8567
10.0000 10.7594
10.0000 10.6621
10.0000 8.6952
10.0000 10.3001
10.0000 10.0106
10.0000 10.6204
10.0000 10.8409
10.0000 9.7383
10.0000 10.0858
10.0000 10.2997
10.0000 9.2429
10.0000 10.4655
10.0000 9.7787
10.0000 9.5374
10.0000 9.5006
10.0000 9.6971
10.0000 9.2869
10.0000 8.8772
10.0000 10.1582
10.0000 11.0226
10.0000 10.3703
10.0000 10.3969
10.0000 9.8642
10.0000 10.1771
10.0000 10.6324
10.0000 9.8931
10.0000 10.1272
10.0000 10.2615
10.0000 9.7996
10.0000 10.1729
10.0000 10.6418
10.0000 9.5871
10.0000 9.5205
10.0000 10.2596
10.0000 10.0824
10.0000 10.3692
10.0000 10.5246
10.0000 11.4804
10.0000 9.9090
10.0000 8.8641
10.0000 9.6345
10.0000 10.2160
10.0000 10.8995
10.0000 10.0935
10.0000 9.7136
10.0000 10.6937
10.0000 10.5828
10.0000 9.9190
10.0000 10.2311
10.0000 9.8065
10.0000 10.1749
10.0000 10.7921
10.0000 10.4869
10.0000 9.7119
10.0000 10.3675
10.0000 10.5799
10.0000 9.7964
10.0000 10.7316
10.0000 10.7068
10.0000 10.1623
10.0000 10.6429
10.0000 11.1234
10.0000 11.4821
10.0000 11.0357
10.0000 10.5297
10.0000 10.5185
10.0000 9.8974
10.0000 9.9419
10.0000 9.2938
10.0000 9.1681
10.0000 10.1475
10.0000 10.1302
10.0000 9.7738
10.0000 9.8553
10.0000 10.2545
10.0000 10.3794
10.0000 10.4190
10.0000 10.2219
10.0000 11.2464
10.0000 9.6165
10.0000 10.6686
10.0000 10.0665
10.0000 9.7584
10.0000 9.6502
10.0000 10.1542
10.0000 9.7184
10.0000 10.4862
10.0000 10.7949
10.0000 10.5027
10.0000 10.4543
10.0000 10.2228
10.0000 10.9176
10.0000 10.8180
10.0000 10.1821
10.0000 10.0393
10.0000 9.8827
10.0000 9.8051
10.0000 10.0110
10.0000 9.9036
10.0000 10.9493
10.0000 11.3811
10.0000 9.5235
10.0000 10.0924
10.0000 9.0154
10.0000 10.3749
10.0000 10.5363
10.0000 10.0432
10.0000 8.9440
10.0000 10.1736
10.0000 10.3076
10.0000 9.8867
10.0000 10.4622
10.0000 10.4185
10.0000 9.9392
10.0000 10.4102
10.0000 10.6771
10.0000 10.4525
10.0000 9.6811
10.0000 10.3567
10.0000 9.8242
10.0000 10.0564
10.0000 10.2121
10.0000 9.1271
10.0000 9.8922
10.0000 9.7037
10.0000 10.2476
10.0000 10.1685
10.0000 10.5522
10.0000 9.2521
10.0000 10.5225
10.0000 10.3593
10.0000 10.0206
10.0000 9.9318
10.0000 10.1882
10.0000 10.3391
10.0000 9.7909
10.0000 10.1425
10.0000 9.9434
10.0000 10.8459
10.0000 11.0194
10.0000 10.2818
10.0000 10.2135
10.0000 10.4305
10.0000 10.4668
10.0000 10.4392
10.0000 10.4365
10.0000 10.9087
10.0000 10.2095
10.0000 11.0291
10.0000 10.4608
10.0000 10.4272
10.0000 10.6616
10.0000 10.6872
10.0000 11.0429
10.0000 10.6081
10.0000 11.0215
10.0000 11.2117
10.0000 10.0298
10.0000 10.0956
10.0000 9.6635
10.0000 10.7668
10.0000 10.2758
10.0000 9.8151
10.0000 10.8206
10.0000 9.8227
10.0000 10.3272
10.0000 9.8763
10.0000 9.7246
10.0000 9.9915
10.0000 10.1410
10.0000 10.0213
10.0000 10.5051
10.0000 10.4556
10.0000 10.4578
10.0000 10.3184
10.0000 10.2842
10.0000 9.8566
10.0000 11.1047
10.0000 10.2256
10.0000 9.2409
10.0000 10.1067
10.0000 9.6107
10.0000 9.6888
10.0000 11.5769
10.0000 10.6045
10.0000 9.7843
10.0000 10.6447
10.0000 9.6833
10.0000 9.8649
10.0000 10.2323
10.0000 10.5737
10.0000 10.0208
10.0000 10.1383
10.0000 10.5991
10.0000 10.4675
10.0000 10.6226
10.0000 10.2779
10.0000 11.6971
10.0000 10.5379
10.0000 10.4753
10.0000 8.7770
10.0000 10.1535
10.0000 10.4054
10.0000 9.9922
10.0000 9.6760
10.0000 10.3440
10.0000 10.1753
10.0000 9.7810
10.0000 10.3972
10.0000 10.5979
10.0000 10.1418
10.0000 10.9343
10.0000 10.6568
10.0000 10.3489
10.0000 10.0243
10.0000 10.2886
10.0000 10.2250
10.0000 10.8959
10.0000 10.8394
10.0000 10.7577
10.0000 9.1127
10.0000 10.4213
10.0000 9.5586
10.0000 9.9732
10.0000 9.6294
10.0000 9.6765
10.0000 9.8632
10.0000 9.2349
10.0000 10.5853
10.0000 10.2626
10.0000 10.1225
10.0000 9.9463
10.0000 9.4895
10.0000 11.2033
10.0000 9.9835
10.0000 10.0757
10.0000 9.6643
10.0000 9.2561
10.0000 9.8829
10.0000 9.5191
10.0000 11.0967
10.0000 10.4345
10.0000 11.0214
10.0000 10.4715
10.0000 8.5258
10.0000 10.0578
10.0000 10.0943
10.0000 10.6044
10.0000 9.6071
10.0000 10.1596
10.0000 10.3808
10.0000 9.9297
10.0000 9.4363
10.0000 9.9701
10.0000 9.6079
10.0000 9.4749
10.0000 10.9474
10.0000 10.5606
10.0000 10.3301
10.0000 10.1406
10.0000 10.7648
10.0000 9.8793
10.0000 10.9077
10.0000 10.1785
10.0000 10.5603
10.0000 9.6777
10.0000 10.5765
10.0000 10.3302
10.0000 10.7482
10.0000 10.1792
10.0000 10.0019
10.0000 10.0228
10.0000 10.1286
10.0000 10.3020
10.0000 9.4746
10.0000 10.7815
10.0000 9.8419
10.0000 9.9821
10.0000 10.0384
10.0000 10.4411
10.0000 10.9960
10.0000 10.9584
10.0000 10.2698
10.0000 10.0090
10.0000 9.9743
10.0000 10.3232
10.0000 9.2555
10.0000 9.3323
10.0000 10.3401
10.0000 9.9954
10.0000 10.2973
10.0000 11.2019
10.0000 9.9164
10.0000 10.6245
10.0000 10.3566
10.0000 9.2245
10.0000 10.1580
10.0000 9.7914
10.0000 10.8285
10.0000 9.8483
10.0000 10.1335
10.0000 10.9735
10.0000 9.1581
10.0000 9.8961
10.0000 9.6991
10.0000 10.7860
10.0000 11.0799
10.0000 10.2093
10.0000 10.0474
10.0000 10.4149
10.0000 10.6266
10.0000 8.9781
10.0000 10.9113
10.0000 10.7575
10.0000 10.0794
10.0000 10.3693
10.0000 10.1252
10.0000 10.7631
10.0000 10.1463
10.0000 9.9916
10.0000 9.4719
10.0000 10.3349
10.0000 10.4483
10.0000 10.5746
10.0000 11.0137
10.0000 10.2048
10.0000 9.7854
10.0000 10.1139
10.0000 10.3885
10.0000 10.0419
10.0000 10.0321
10.0000 10.1453
10.0000 10.8783
10.0000 10.4524
10.0000 10.6021
10.0000 10.7740
10.0000 10.1822
10.0000 9.9487
10.0000 9.9336
10.0000 10.5180
10.0000 9.9186
10.0000 10.3876
10.0000 10.5514
10.0000 11.1446
10.0000 10.0449
10.0000 10.6162
10.0000 10.4784
10.0000 10.2892
10.0000 10.1504
10.0000 9.7415
10.0000 10.0206
10.0000 10.8957
10.0000 10.0168
10.0000 10.6237
10.0000 10.3896
10.0000 11.0631
10.0000 10.7529
10.0000 9.7412
10.0000 10.3943
10.0000 11.1374
10.0000 10.7375
10.0000 10.8853
10.0000 8.9964
10.0000 9.9602
10.0000 10.0954
10.0000 10.0736
10.0000 9.7235
10.0000 9.9685
10.0000 10.2378
10.0000 10.2268
10.0000 10.0744
10.0000 9.9543
10.0000 10.0696
10.0000 9.9199
10.0000 10.3760
10.0000 9.7397
10.0000 10.3595
10.0000 10.5988
10.0000 9.0026
10.0000 9.7617
10.0000 11.1217
10.0000 10.7150
10.0000 11.6488
10.0000 10.5830
10.0000 10.1246
10.0000 11.0330
10.0000 8.6193
10.0000 10.0384
10.0000 10.9486
10.0000 9.9034
10.0000 10.4291
10.0000 9.4969
10.0000 10.9559
10.0000 9.8634
10.0000 9.9503
10.0000 10.4586
10.0000 9.9011
10.0000 10.4872
10.0000 10.6446
10.0000 9.9595
10.0000 9.6981
10.0000 10.5316
10.0000 9.7491
10.0000 10.6881
10.0000 10.2907
10.0000 10.1544
10.0000 10.5311
10.0000 10.8953
10.0000 9.3472
10.0000 10.6198
10.0000 10.2652
10.0000 9.7539
10.0000 9.8643
10.0000 9.7474
10.0000 9.8910
10.0000 10.2592
10.0000 9.2147
10.0000 10.8447
10.0000 10.8884
10.0000 9.7308
10.0000 10.6654
10.0000 10.6272
10.0000 10.7112
10.0000 10.7920
10.0000 9.7747
10.0000 10.4770
10.0000 8.6885
10.0000 10.3315
10.0000 9.9973
10.0000 10.1627
10.0000 9.4376
10.0000 10.7088
10.0000 10.5508
10.0000 10.3649
10.0000 9.9116
10.0000 8.8197
10.0000 10.1719
10.0000 10.1979
10.0000 10.2653
10.0000 10.8175
10.0000 9.8287
10.0000 9.7008
10.0000 10.3743
10.0000 10.5173
10.0000 9.7860
10.0000 10.1105
10.0000 10.5481
10.0000 10.9743
10.0000 10.2519
10.0000 8.4374
10.0000 9.9365
10.0000 10.4967
10.0000 10.5801
10.0000 9.9430
10.0000 10.4913
10.0000 11.7112
10.0000 10.1087
10.0000 10.2588
10.0000 9.4384
10.0000 9.3776
10.0000 9.7006
10.0000 10.4652
10.0000 9.8626
10.0000 9.9261
10.0000 9.5995
10.0000 10.6467
10.0000 10.5666
10.0000 9.7290
10.0000 10.4026
10.0000 9.8235
10.0000 10.3071
10.0000 10.3687
10.0000 10.4366
10.0000 10.4990
10.0000 9.7126
10.0000 10.2165
10.0000 9.6734
10.0000 10.6204
10.0000 10.6546
10.0000 9.7529
10.0000 10.1824
10.0000 10.6485
10.0000 10.5588
10.0000 9.5752
10.0000 10.3247
10.0000 10.2894
10.0000 9.4207
10.0000 10.0746
10.0000 9.2649
10.0000 10.5603
10.0000 10.2042
10.0000 11.4586
10.0000 10.5182
10.0000 9.3737
10.0000 10.1929
10.0000 10.0460
10.0000 9.8473
10.0000 10.3050
10.0000 10.6081
10.0000 10.1469
10.0000 9.8039
10.0000 10.7654
10.0000 10.4018
10.0000 10.3400
10.0000 10.1444
10.0000 10.1548
10.0000 10.3740
10.0000 10.3256
10.0000 10.0355
10.0000 10.4355
10.0000 10.3495
10.0000 9.9011
10.0000 10.0359
10.0000 10.1021
10.0000 10.8574
10.0000 10.2534
10.0000 10.5145
10.0000 9.8126
10.0000 10.2614
10.0000 10.0572
10.0000 10.0352
10.0000 10.3049
10.0000 10.6268
10.0000 10.2677
10.0000 9.6792
10.0000 9.5813
10.0000 10.2035
10.0000 10.4564
10.0000 9.3210
10.0000 10.7150
10.0000 10.8817
10.0000 9.7395
10.0000 10.1744
10.0000 10.2467
10.0000 10.6112
10.0000 11.0160
10.0000 9.7988
10.0000 10.0004
10.0000 11.2203
10.0000 10.9264
10.0000 10.5833
10.0000 10.1246
10.0000 9.8043
10.0000 9.4712
10.0000 9.4514
10.0000 9.9522
10.0000 10.5847
10.0000 10.0341
10.0000 10.9629
10.0000 11.2399
10.0000 9.4633
10.0000 10.7398
10.0000 10.5250
10.0000 10.1310
10.0000 9.3467
10.0000 10.5724
10.0000 10.5654
10.0000 10.0789
10.0000 9.5453
10.0000 10.3840
10.0000 9.8182
10.0000 10.5467
10.0000 10.3402
10.0000 9.5803
10.0000 10.9088
10.0000 9.9222
10.0000 9.7969
10.0000 10.2690
10.0000 11.0117
10.0000 10.2442
10.0000 10.2914
10.0000 9.7878
10.0000 9.3520
10.0000 10.3907
10.0000 10.2582
10.0000 10.4798
10.0000 10.2032
10.0000 9.3500
10.0000 9.9883
10.0000 10.2224
10.0000 9.8317
10.0000 10.4707
10.0000 9.4923
10.0000 10.6797
10.0000 9.2327
10.0000 11.0750
10.0000 9.6676
10.0000 9.1675
10.0000 10.3605
10.0000 9.5640
10.0000 10.7688
10.0000 10.5061
10.0000 9.8621
10.0000 10.3007
10.0000 10.5497
10.0000 10.3571
10.0000 10.6438
10.0000 10.3478
10.0000 9.4482
10.0000 9.9597
10.0000 10.5777
10.0000 10.0841
10.0000 10.6050
10.0000 10.1290
10.0000 10.2817
10.0000 10.5535
10.0000 10.5015
10.0000 10.6328
10.0000 10.4371
10.0000 9.8154
10.0000 9.6308
10.0000 9.9273
10.0000 9.9937
10.0000 10.5918
10.0000 10.0066
10.0000 9.7187
10.0000 9.3046
10.0000 10.2996
10.0000 9.6557
10.0000 10.4923
10.0000 10.6604
10.0000 10.2641
10.0000 9.8271
10.0000 10.3256
10.0000 9.7759
10.0000 10.8084
10.0000 10.9334
10.0000 9.7097
10.0000 9.4869
10.0000 11.5007
10.0000 10.6618
10.0000 9.5644
10.0000 10.1937
10.0000 10.3393
10.0000 9.9281
10.0000 10.9806
10.0000 10.8312
10.0000 9.5904
10.0000 9.5237
10.0000 10.0124
10.0000 9.6529
10.0000 9.7036
10.0000 9.9237
10.0000 9.9963
10.0000 10.4156
10.0000 10.9114
10.0000 10.0600
10.0000 9.5139
10.0000 9.7597
10.0000 10.6306
10.0000 10.3045
10.0000 10.1876
10.0000 10.8267
10.0000 9.9534
10.0000 10.2826
10.0000 10.2889
10.0000 9.1860
10.0000 10.7450
10.0000 11.3358
10.0000 10.3746
10.0000 9.7495
10.0000 9.5971
10.0000 10.8289
10.0000 10.0643
10.0000 10.7377
10.0000 9.4399
10.0000 10.3087
10.0000 9.1961
10.0000 10.3380
10.0000 9.9038
10.0000 11.0081
10.0000 10.0823
10.0000 10.3058
10.0000 9.9940
10.0000 10.0672
10.0000 10.4177
10.0000 10.3198
10.0000 10.7595
10.0000 9.7484
10.0000 9.6425
10.0000 10.1227
10.0000 10.7516
10.0000 10.4211
10.0000 10.1282
10.0000 10.0524
10.0000 10.2977
10.0000 10.0718
10.0000 10.3547
10.0000 10.6674
10.0000 9.2330
10.0000 11.1350
10.0000 10.0173
10.0000 10.7673
10.0000 9.9583
10.0000 9.4484
10.0000 10.0636
10.0000 9.7837
10.0000 10.6529
10.0000 10.2231
10.0000 10.1041
10.0000 10.4484
10.0000 10.1854
10.0000 10.1219
10.0000 10.2858
10.0000 10.6257
10.0000 10.4787
10.0000 10.0493
10.0000 10.4584
10.0000 10.3333
10.0000 10.4741
10.0000 9.9980
10.0000 10.3800
10.0000 10.1731
10.0000 10.3994
10.0000 10.5024
10.0000 10.5648
10.0000 10.5681
10.0000 10.9690
10.0000 10.7790
10.0000 10.2068
10.0000 10.1824
10.0000 9.6591
10.0000 10.6436
10.0000 9.5380
10.0000 9.8401
10.0000 9.0938
10.0000 10.3495
10.0000 10.6945
10.0000 9.3133
10.0000 9.4494
10.0000 10.9715
10.0000 10.8078
10.0000 10.2743
10.0000 9.2941
10.0000 10.3363
10.0000 10.2290
10.0000 10.4922
10.0000 10.7460
10.0000 11.0491
10.0000 10.0623
10.0000 10.6302
10.0000 10.4823
10.0000 9.2976
10.0000 9.0052
10.0000 9.6172
10.0000 10.2237
10.0000 10.4892
10.0000 10.8697
10.0000 10.9266
10.0000 10.3763
10.0000 10.3847
10.0000 10.2459
10.0000 9.5959
10.0000 10.2052
10.0000 10.9717
10.0000 9.7011
10.0000 10.8007
10.0000 10.2836
10.0000 10.2042
10.0000 9.5185
10.0000 10.0366
10.0000 10.5993
10.0000 9.8820
10.0000 9.0955
10.0000 11.1957
10.0000 11.0546
10.0000 10.1139
10.0000 10.3424
10.0000 9.8542
10.0000 9.5987
10.0000 10.0435
10.0000 9.1870
10.0000 10.7058
10.0000 8.7901
10.0000 9.9106
10.0000 10.5527
10.0000 10.3179
10.0000 10.7445
10.0000 9.8831
10.0000 9.6328
10.0000 9.9509
10.0000 9.7622
10.0000 10.0357
10.0000 9.9041
10.0000 10.0970
