17.0000 17.5726
17.0000 16.1964
17.0000 16.7401
17.0000 16.9273
17.0000 15.9891
17.0000 17.9612
17.0000 17.6277
17.0000 15.9495
17.0000 16.5360
17.0000 16.7873
17.0000 16.6225
17.0000 16.3196
17.0000 15.5793
17.0000 16.7987
17.0000 15.6778
17.0000 17.1934
17.0000 15.3467
17.0000 17.2504
17.0000 16.5000
17.0000 17.4051
17.0000 17.1720
17.0000 17.2425
17.0000 16.4121
17.0000 17.5373
17.0000 16.0704
17.0000 15.9702
17.0000 15.8583
17.0000 16.4858
17.0000 17.1448
17.0000 16.2845
17.0000 16.9787
17.0000 16.6092
17.0000 17.3314
17.0000 15.2379
17.0000 17.1178
17.0000 17.9679
17.0000 17.6286
17.0000 17.4939
17.0000 16.2060
17.0000 16.7847
17.0000 16.6523
17.0000 17.4335
17.0000 16.9629
17.0000 16.5408
17.0000 16.7107
17.0000 17.1757
17.0000 16.4134
17.0000 17.2366
17.0000 16.9665
17.0000 16.5921
17.0000 17.2489
17.0000 15.4900
17.0000 17.4416
17.0000 16.9589
17.0000 16.6802
17.0000 17.8547
17.0000 17.2848
17.0000 17.0460
17.0000 16.6315
17.0000 16.3046
17.0000 17.1904
17.0000 17.0396
17.0000 16.5977
17.0000 16.2770
17.0000 16.7450
17.0000 15.8887
17.0000 16.2857
17.0000 16.9520
17.0000 16.8387
17.0000 16.5493
17.0000 16.5157
17.0000 16.9779
17.0000 15.5869
17.0000 16.6068
17.0000 16.3951
17.0000 15.9500
17.0000 15.5368
17.0000 16.3429
17.0000 15.8237
17.0000 15.8571
17.0000 15.7777
17.0000 17.6040
17.0000 17.1363
17.0000 16.8089
17.0000 16.1216
17.0000 16.7589
17.0000 15.8691
17.0000 16.9083
17.0000 15.3256
17.0000 15.4368
17.0000 17.0368
17.0000 18.0060
17.0000 17.8167
17.0000 16.9270
17.0000 17.4935
17.0000 15.3171
17.0000 17.0898
17.0000 15.7766
17.0000 16.4196
17.0000 16.9452
17.0000 15.8389
17.0000 16.3656
17.0000 15.9784
17.0000 16.6145
17.0000 15.8804
17.0000 16.8167
17.0000 16.6292
17.0000 17.1985
17.0000 17.4719
17.0000 15.0666
17.0000 16.9903
17.0000 16.2114
17.0000 16.1641
17.0000 16.1274
17.0000 16.5990
17.0000 16.6024
17.0000 16.6510
17.0000 17.3713
17.0000 16.4508
17.0000 15.5772
17.0000 17.2923
17.0000 16.6920
17.0000 17.1656
17.0000 16.4156
17.0000 16.9915
17.0000 15.9781
17.0000 16.6124
17.0000 16.8205
17.0000 16.6678
17.0000 16.1009
17.0000 17.3948
17.0000 16.8649
17.0000 17.4074
17.0000 15.6920
17.0000 16.4259
17.0000 16.3783
17.0000 17.8493
17.0000 16.6931
17.0000 17.2752
17.0000 16.3717
17.0000 16.9264
17.0000 15.9566
17.0000 17.1372
17.0000 16.9368
17.0000 17.2477
17.0000 16.3556
17.0000 16.2887
17.0000 18.0118
17.0000 16.8139
17.0000 16.7289
17.0000 15.6849
17.0000 16.4808
17.0000 17.1264
17.0000 16.9753
17.0000 16.5086
17.0000 16.0000
17.0000 16.8027
17.0000 16.4856
17.0000 16.8513
17.0000 17.4835
17.0000 16.2199
17.0000 16.9273
17.0000 17.0044
17.0000 17.4487
17.0000 17.4483
17.0000 15.2218
17.0000 15.1306
17.0000 17.9290
17.0000 16.8851
17.0000 16.1247
17.0000 17.2659
17.0000 15.3126
17.0000 16.7275
17.0000 15.9190
17.0000 17.4439
17.0000 16.7687
17.0000 17.6088
17.0000 17.4246
17.0000 16.3541
17.0000 17.3514
17.0000 15.6879
17.0000 17.6442
17.0000 17.5538
17.0000 17.5420
17.0000 16.4268
17.0000 16.4072
17.0000 16.5519
17.0000 16.2247
17.0000 16.2203
17.0000 17.1572
17.0000 17.6282
17.0000 15.4069
17.0000 16.1625
17.0000 16.2926
17.0000 16.5066
17.0000 16.2444
17.0000 16.4439
17.0000 16.5531
17.0000 17.1121
17.0000 15.6990
17.0000 16.9435
17.0000 17.1251
17.0000 16.0304
17.0000 16.1553
17.0000 17.2108
17.0000 17.5097
17.0000 16.0595
17.0000 16.9915
17.0000 16.9220
17.0000 16.1012
17.0000 16.8195
17.0000 16.3561
17.0000 16.0432
17.0000 17.0316
17.0000 15.8967
17.0000 16.1415
17.0000 17.6997
17.0000 16.9703
17.0000 17.4960
17.0000 16.0596
17.0000 17.6546
17.0000 16.4466
17.0000 16.5245
17.0000 17.0058
17.0000 16.7605
17.0000 16.6931
17.0000 15.7132
17.0000 17.2416
17.0000 15.6713
17.0000 16.3028
17.0000 15.5289
17.0000 16.6258
17.0000 16.2598
17.0000 16.0121
17.0000 16.4091
17.0000 16.3430
17.0000 16.9745
17.0000 17.5660
17.0000 17.0565
17.0000 15.6785
17.0000 17.6315
17.0000 16.7840
17.0000 16.7463
17.0000 18.1281
17.0000 17.1507
17.0000 17.4369
17.0000 17.3410
17.0000 16.3256
17.0000 16.4177
17.0000 16.6531
17.0000 16.1881
17.0000 15.9711
17.0000 16.6539
17.0000 16.1571
17.0000 17.6367
17.0000 16.5482
17.0000 17.4000
17.0000 16.0256
17.0000 16.7277
17.0000 16.5176
17.0000 16.5596
17.0000 16.6202
17.0000 16.1211
17.0000 16.7270
17.0000 17.7006
17.0000 16.8873
17.0000 16.8956
17.0000 17.0953
17.0000 17.3290
17.0000 16.0480
17.0000 16.4544
17.0000 16.2908
17.0000 18.0257
17.0000 17.9940
17.0000 16.6620
17.0000 17.7189
17.0000 16.0836
17.0000 17.0876
17.0000 16.4213
17.0000 16.2781
17.0000 17.2867
17.0000 17.0844
17.0000 16.8438
17.0000 17.5100
17.0000 16.6167
17.0000 16.9868
17.0000 16.5094
17.0000 16.4338
17.0000 16.6657
17.0000 15.9017
17.0000 16.9408
17.0000 16.6656
17.0000 17.6702
17.0000 15.5301
17.0000 16.9515
17.0000 17.2647
17.0000 15.5569
17.0000 16.2910
17.0000 17.3769
17.0000 16.8636
17.0000 15.8969
17.0000 16.1501
17.0000 18.1470
17.0000 16.1638
17.0000 16.9937
17.0000 16.1539
17.0000 16.6463
17.0000 17.1425
17.0000 16.7320
17.0000 16.8097
17.0000 15.9041
17.0000 17.5074
17.0000 16.7357
17.0000 16.7125
17.0000 17.5672
17.0000 16.1933
17.0000 16.7868
17.0000 16.8031
17.0000 16.4295
17.0000 15.7298
17.0000 17.5272
17.0000 17.0573
17.0000 16.6430
17.0000 16.4431
17.0000 16.3688
17.0000 17.4222
17.0000 17.1591
17.0000 17.7607
17.0000 17.8974
17.0000 17.3844
17.0000 16.5892
17.0000 17.1116
17.0000 16.7530
17.0000 15.5854
17.0000 17.9124
17.0000 16.1128
17.0000 17.4129
17.0000 16.2137
17.0000 17.6402
17.0000 18.3582
17.0000 16.5535
17.0000 17.4853
17.0000 16.6460
17.0000 16.0562
17.0000 17.6353
17.0000 17.0638
17.0000 15.2804
17.0000 16.3412
17.0000 16.5200
17.0000 16.6611
17.0000 16.4845
17.0000 16.1553
17.0000 16.0220
17.0000 16.6041
17.0000 16.2031
17.0000 17.2161
17.0000 17.1828
17.0000 16.5434
17.0000 17.5852
17.0000 16.6751
17.0000 16.0917
17.0000 18.5574
17.0000 17.5701
17.0000 16.5961
17.0000 16.1876
17.0000 16.0970
17.0000 16.7634
17.0000 16.9386
17.0000 16.3206
17.0000 17.0355
17.0000 17.2776
17.0000 16.4483
17.0000 17.3114
17.0000 16.4045
17.0000 16.3202
17.0000 16.4446
17.0000 17.1902
17.0000 16.1068
17.0000 15.5321
17.0000 16.9181
17.0000 16.5180
17.0000 16.7512
17.0000 16.8849
17.0000 15.9736
17.0000 16.2653
17.0000 15.9938
17.0000 16.9169
17.0000 16.8900
17.0000 15.7532
17.0000 15.8394
17.0000 17.2890
17.0000 16.0678
17.0000 15.6286
17.0000 16.8760
17.0000 17.0896
17.0000 17.9674
17.0000 16.0404
17.0000 16.4062
17.0000 17.2832
17.0000 16.4083
17.0000 15.9926
17.0000 17.0243
17.0000 16.0166
17.0000 16.7110
17.0000 17.5472
17.0000 16.0704
17.0000 16.9625
17.0000 17.6613
17.0000 16.1153
17.0000 17.4836
17.0000 16.1662
17.0000 17.2713
17.0000 17.1912
17.0000 17.3067
17.0000 16.3311
17.0000 16.2186
17.0000 15.8472
17.0000 16.2463
17.0000 16.4678
17.0000 17.0232
17.0000 18.3489
17.0000 17.2931
17.0000 16.1440
17.0000 16.4547
17.0000 15.7067
17.0000 16.6780
17.0000 16.5924
17.0000 16.8369
17.0000 16.7618
17.0000 15.7759
17.0000 17.7055
17.0000 16.6742
17.0000 16.0904
17.0000 17.1147
17.0000 16.4896
17.0000 16.4332
17.0000 15.2439
17.0000 17.0672
17.0000 17.4797
17.0000 16.3001
17.0000 16.0915
17.0000 16.7681
17.0000 16.2985
17.0000 17.0416
17.0000 16.0687
17.0000 17.0373
17.0000 16.1096
17.0000 17.2015
17.0000 17.9022
17.0000 16.4433
17.0000 16.1234
17.0000 17.2286
17.0000 16.7443
17.0000 16.4407
17.0000 16.0594
17.0000 16.7666
17.0000 16.8538
17.0000 16.4202
17.0000 16.7636
17.0000 15.4968
17.0000 16.5378
17.0000 16.9408
17.0000 16.7139
17.0000 18.7393
17.0000 16.2900
17.0000 16.7410
17.0000 18.4699
17.0000 15.2008
17.0000 17.1050
17.0000 15.6115
17.0000 16.7187
17.0000 16.5557
17.0000 16.9148
17.0000 16.2594
17.0000 17.4215
17.0000 17.8800
17.0000 16.6942
17.0000 15.9996
17.0000 17.3187
17.0000 17.6895
17.0000 17.3966
17.0000 16.5272
17.0000 15.4947
17.0000 17.2437
17.0000 17.3651
17.0000 15.6194
17.0000 17.3417
17.0000 16.5348
17.0000 16.2068
17.0000 16.7965
17.0000 17.5569
17.0000 16.6010
17.0000 16.1848
17.0000 15.9431
17.0000 16.9838
17.0000 17.5345
17.0000 15.7944
17.0000 16.8033
17.0000 16.2957
17.0000 16.9738
17.0000 17.5346
17.0000 16.7962
17.0000 15.5407
17.0000 16.6580
17.0000 17.1246
17.0000 16.4277
17.0000 17.9797
17.0000 17.5522
17.0000 15.7249
17.0000 16.9908
17.0000 17.2542
17.0000 16.9694
17.0000 16.2638
17.0000 16.0908
17.0000 16.4151
17.0000 16.6000
17.0000 15.9475
17.0000 16.9911
17.0000 16.9045
17.0000 16.6623
17.0000 16.2744
17.0000 17.1705
17.0000 17.6020
17.0000 17.8692
17.0000 15.8352
17.0000 17.6475
17.0000 17.0182
17.0000 16.9608
17.0000 16.0887
17.0000 16.7539
17.0000 16.7425
17.0000 17.0474
17.0000 17.6710
17.0000 16.6955
17.0000 16.4636
17.0000 15.6428
17.0000 16.8097
17.0000 16.6109
17.0000 17.0257
17.0000 16.4760
17.0000 16.5517
17.0000 16.5745
17.0000 17.1381
17.0000 16.5678
17.0000 16.3196
17.0000 16.1466
17.0000 16.0050
17.0000 16.9534
17.0000 16.2825
17.0000 17.0052
17.0000 16.3129
17.0000 17.1475
17.0000 16.4901
17.0000 17.7719
17.0000 16.3268
17.0000 16.7675
17.0000 16.2853
17.0000 16.3232
17.0000 16.8453
17.0000 16.5841
17.0000 16.6858
17.0000 15.6610
17.0000 16.6243
17.0000 17.1280
17.0000 16.4770
17.0000 16.0460
17.0000 15.3799
17.0000 16.5426
17.0000 16.7729
17.0000 17.2180
17.0000 15.8990
17.0000 17.2101
17.0000 17.1250
17.0000 16.9631
17.0000 16.7704
17.0000 15.5151
17.0000 16.3285
17.0000 16.0717
17.0000 15.8635
17.0000 16.7859
17.0000 15.4874
17.0000 17.0628
17.0000 17.1169
17.0000 16.6333
17.0000 16.1423
17.0000 17.0684
17.0000 16.2166
17.0000 16.7728
17.0000 16.6808
17.0000 15.8006
17.0000 17.4430
17.0000 17.4298
17.0000 17.5252
17.0000 17.2272
17.0000 16.6900
17.0000 17.5769
17.0000 14.7998
17.0000 16.2706
17.0000 16.8237
17.0000 17.2247
17.0000 16.7230
17.0000 15.8493
17.0000 16.4471
17.0000 17.2005
17.0000 17.2671
17.0000 17.2027
17.0000 16.8916
17.0000 16.1378
17.0000 16.5291
17.0000 15.9866
17.0000 16.4866
17.0000 17.3325
17.0000 15.7227
17.0000 17.2176
17.0000 16.9389
17.0000 16.7880
17.0000 17.8395
17.0000 16.8828
17.0000 16.0346
17.0000 16.5786
17.0000 16.1902
17.0000 17.0236
17.0000 16.1281
17.0000 17.8764
17.0000 16.4572
17.0000 16.3264
17.0000 17.1029
17.0000 18.1239
17.0000 16.1875
17.0000 16.3252
17.0000 16.2568
17.0000 16.3439
17.0000 17.5581
17.0000 15.7641
17.0000 17.4519
17.0000 16.3113
17.0000 16.1979
17.0000 16.2986
17.0000 17.1573
17.0000 16.0822
17.0000 17.3788
17.0000 17.3238
17.0000 18.2638
17.0000 16.1637
17.0000 16.8053
17.0000 16.5391
17.0000 16.5577
17.0000 17.4610
17.0000 16.8760
17.0000 15.6185
17.0000 16.1875
17.0000 16.6452
17.0000 17.0600
17.0000 17.3499
17.0000 17.3165
17.0000 15.9298
17.0000 17.4524
17.0000 16.9102
17.0000 18.0085
17.0000 16.7221
17.0000 15.5309
17.0000 16.6889
17.0000 16.8862
17.0000 16.6833
17.0000 16.4847
17.0000 16.9137
17.0000 16.4152
17.0000 17.5243
17.0000 15.7303
17.0000 16.7570
17.0000 16.9257
17.0000 16.5523
17.0000 16.5760
17.0000 16.0984
17.0000 17.0098
17.0000 17.4518
17.0000 17.6509
17.0000 17.3262
17.0000 16.8788
17.0000 16.4263
17.0000 16.4111
17.0000 17.5631
17.0000 16.1412
17.0000 16.9013
17.0000 17.7477
17.0000 17.2837
17.0000 16.9153
17.0000 15.5113
17.0000 17.6090
17.0000 16.8190
17.0000 16.8606
17.0000 17.3573
17.0000 15.3969
17.0000 16.0058
17.0000 16.8165
17.0000 17.1672
17.0000 17.5199
17.0000 17.0918
17.0000 17.2523
17.0000 17.3214
17.0000 17.2276
17.0000 16.5336
17.0000 16.2436
17.0000 17.0207
17.0000 17.5412
17.0000 16.9354
17.0000 15.7668
17.0000 16.4261
17.0000 17.0999
17.0000 18.0466
17.0000 15.2022
17.0000 16.7483
17.0000 17.1966
17.0000 16.8229
17.0000 16.4996
17.0000 17.0176
17.0000 16.7364
17.0000 15.2090
17.0000 15.8361
17.0000 17.0586
17.0000 17.9897
17.0000 15.7120
17.0000 16.3402
17.0000 16.8675
17.0000 16.1509
17.0000 16.6000
17.0000 16.2501
17.0000 17.1607
17.0000 17.9929
17.0000 17.2541
17.0000 16.3863
17.0000 16.6618
17.0000 17.0354
17.0000 16.8518
17.0000 16.4309
17.0000 15.9542
17.0000 16.1876
17.0000 16.9589
17.0000 16.5112
17.0000 17.3442
17.0000 17.2881
17.0000 16.1760
17.0000 16.9941
17.0000 17.5166
17.0000 15.7118
17.0000 16.9006
17.0000 15.7534
17.0000 17.5184
17.0000 16.9301
17.0000 17.5918
17.0000 16.3220
17.0000 16.6987
17.0000 16.0700
17.0000 16.9525
17.0000 17.0793
17.0000 16.7900
17.0000 16.9695
17.0000 16.6860
17.0000 16.4376
17.0000 17.3666
17.0000 17.0208
17.0000 15.9883
17.0000 16.3843
17.0000 16.0707
17.0000 15.8935
17.0000 16.3475
17.0000 16.2985
17.0000 16.8263
17.0000 17.0738
17.0000 18.1502
17.0000 16.0545
17.0000 15.7908
17.0000 17.1398
17.0000 17.4666
17.0000 15.5417
17.0000 16.1810
17.0000 18.0136
17.0000 16.2880
17.0000 16.9783
17.0000 17.2518
17.0000 16.5980
17.0000 16.1652
17.0000 17.8735
17.0000 16.2043
17.0000 16.7456
17.0000 16.5125
17.0000 15.9388
17.0000 16.4154
17.0000 15.6932
17.0000 17.1057
17.0000 15.9149
17.0000 15.6528
17.0000 15.6795
17.0000 17.1881
17.0000 17.1904
17.0000 17.8740
17.0000 15.4926
17.0000 16.5899
17.0000 17.0085
17.0000 16.3060
17.0000 16.7392
17.0000 15.5020
17.0000 16.4535
17.0000 16.3591
17.0000 16.3784
17.0000 17.3339
17.0000 17.3041
17.0000 17.4643
17.0000 18.2045
17.0000 17.0083
17.0000 17.8574
17.0000 16.1832
17.0000 16.1429
17.0000 16.2296
17.0000 15.9306
17.0000 16.4309
17.0000 15.0774
17.0000 16.3657
17.0000 15.9065
17.0000 16.0881
17.0000 16.4989
17.0000 16.0335
17.0000 16.5539
17.0000 15.9032
17.0000 16.9321
17.0000 16.6180
17.0000 16.2403
17.0000 17.8019
17.0000 16.8437
17.0000 17.0984
17.0000 16.4095
17.0000 16.2849
17.0000 16.2797
17.0000 16.7252
17.0000 16.6588
17.0000 16.4259
17.0000 17.0054
17.0000 16.3306
17.0000 15.5105
17.0000 17.8220
17.0000 15.7691
17.0000 16.6545
17.0000 16.4262
17.0000 17.4303
17.0000 16.6874
17.0000 15.7962
17.0000 15.8998
17.0000 16.8613
17.0000 16.9421
17.0000 17.5277
17.0000 17.9518
17.0000 16.4266
17.0000 15.9901
17.0000 16.8021
17.0000 16.9686
17.0000 16.0563
17.0000 15.8024
17.0000 16.7186
17.0000 16.8890
17.0000 16.7277
17.0000 16.9869
17.0000 16.7642
17.0000 15.9556
17.0000 17.4921
17.0000 17.7538
17.0000 15.8746
17.0000 16.5787
17.0000 16.3234
17.0000 16.8830
17.0000 17.7889
17.0000 15.7183
17.0000 15.9881
17.0000 17.2194
17.0000 15.9964
17.0000 16.4090
17.0000 16.1818
17.0000 15.5747
17.0000 17.0243
17.0000 16.0590
17.0000 17.9943
17.0000 17.1278
17.0000 16.7371
17.0000 17.1019
17.0000 15.9321
17.0000 15.8015
17.0000 17.2297
17.0000 16.3393
17.0000 16.7230
17.0000 16.2231
17.0000 15.4508
17.0000 16.3758
17.0000 16.4174
17.0000 15.5943
17.0000 16.8558
17.0000 17.2411
17.0000 16.1217
17.0000 17.0041
17.0000 17.3149
17.0000 16.2248
17.0000 16.6518
17.0000 15.6990
17.0000 16.7095
17.0000 17.6420
17.0000 17.2038
17.0000 17.2550
17.0000 16.1381
17.0000 15.8782
17.0000 17.1165
17.0000 17.2083
17.0000 15.0490
17.0000 16.8562
17.0000 15.4972
17.0000 18.0645
17.0000 16.0892
17.0000 17.9560
17.0000 17.2680
17.0000 16.9320
17.0000 16.6635
17.0000 16.3591
17.0000 15.1368
17.0000 17.2619
17.0000 16.1095
17.0000 17.5093
17.0000 17.8635
17.0000 16.5897
17.0000 16.5515
17.0000 16.1107
17.0000 16.9780
17.0000 16.9668
17.0000 16.5414
17.0000 16.3576
17.0000 16.9306
17.0000 15.5143
17.0000 16.9491
17.0000 17.3957
17.0000 16.8325
17.0000 17.4878
17.0000 17.1000
17.0000 16.6698
17.0000 16.0253
17.0000 17.4130
17.0000 17.2306
17.0000 16.7642
17.0000 16.2393
17.0000 17.4265
17.0000 17.5088
17.0000 15.7613
17.0000 15.9901
17.0000 15.4652
17.0000 16.6698
17.0000 16.7942
17.0000 16.0776
17.0000 16.5270
17.0000 15.9870
17.0000 16.8343
17.0000 17.4949
17.0000 17.1875
17.0000 17.4250
17.0000 16.4232
17.0000 16.3943
17.0000 16.7157
17.0000 16.2158
17.0000 16.8291
17.0000 16.5383
17.0000 16.2167
17.0000 17.3148
17.0000 17.5546
17.0000 17.2374
17.0000 17.5531
17.0000 16.4901
17.0000 16.2466
17.0000 17.0097
17.0000 17.1738
17.0000 15.9135
17.0000 16.2088
17.0000 17.1839
17.0000 16.4356
17.0000 16.0751
17.0000 17.0403
17.0000 16.7429
17.0000 16.6613
17.0000 15.6326
17.0000 16.6769
17.0000 16.3982
17.0000 17.7558
17.0000 16.6109
17.0000 16.6754
17.0000 17.5118
17.0000 17.2064
17.0000 17.0295
17.0000 16.2328
17.0000 18.1622
17.0000 16.2334
17.0000 17.1895
17.0000 16.2860
17.0000 16.4259
17.0000 17.5626
17.0000 17.5998
17.0000 16.8581
17.0000 17.0327
17.0000 16.9813
17.0000 16.6259
17.0000 16.5343
17.0000 15.9796
17.0000 16.1882
17.0000 16.1732
17.0000 16.7985
17.0000 17.1203
17.0000 16.6195
17.0000 17.7524
17.0000 16.8385
17.0000 16.8033
17.0000 17.5284
17.0000 16.5238
17.0000 16.2354
17.0000 16.6821
17.0000 15.8640
17.0000 16.6123
17.0000 16.0739
17.0000 16.9532
17.0000 18.2367
17.0000 17.1124
17.0000 17.2795
17.0000 16.9491
17.0000 16.7828
17.0000 16.7265
17.0000 16.8226
17.0000 16.2061
17.0000 16.9763
17.0000 17.4126
17.0000 15.7049
17.0000 15.8912
17.0000 17.5041
17.0000 17.8878
17.0000 16.2524
17.0000 17.6023
17.0000 16.9712
17.0000 17.3171
17.0000 16.6469
17.0000 16.2422
17.0000 17.0677
17.0000 16.6262
17.0000 16.5653
17.0000 15.9327
17.0000 16.3185
17.0000 15.6242
17.0000 16.3873
17.0000 15.9373
17.0000 16.2007
17.0000 17.3043
17.0000 17.1567
17.0000 16.5954
17.0000 16.9698
17.0000 16.4095
17.0000 16.6948
17.0000 17.6223
17.0000 16.2766
17.0000 16.7722
17.0000 15.3208
17.0000 17.4342
17.0000 17.3248
17.0000 17.2466
17.0000 17.9206
17.0000 17.2608
17.0000 16.5999
17.0000 16.0604
17.0000 16.6264
17.0000 17.6984
17.0000 16.2594
17.0000 16.9328
17.0000 17.5481
17.0000 16.7115
17.0000 15.5663
17.0000 16.7734
17.0000 16.6080
17.0000 17.6809
17.0000 17.6446
17.0000 17.0112
17.0000 15.5795
17.0000 16.8070
17.0000 16.9750
17.0000 17.3220
17.0000 16.7739
17.0000 17.3577
17.0000 16.7446
17.0000 16.4336
17.0000 16.0990
17.0000 15.5136
17.0000 17.0133
17.0000 16.3060
17.0000 16.3071
17.0000 15.9159
17.0000 15.6435
17.0000 16.7717
17.0000 16.4217
17.0000 15.4394
17.0000 15.5391
17.0000 16.2447
17.0000 16.3447
17.0000 17.0865
17.0000 16.1552
17.0000 15.6109
17.0000 16.4617
17.0000 16.6875
17.0000 16.4461
17.0000 16.0690
17.0000 16.7250
17.0000 17.6141
17.0000 17.0267
17.0000 15.6436
17.0000 17.1432
17.0000 17.4153
17.0000 17.1865
17.0000 16.8660
17.0000 16.6233
17.0000 16.3119
17.0000 16.6096
17.0000 17.0272
17.0000 17.2772
17.0000 17.2966
17.0000 16.3704
17.0000 16.5043
17.0000 16.7238
17.0000 17.2070
17.0000 16.5038
17.0000 16.6911
17.0000 16.7609
17.0000 16.8385
17.0000 17.3937
17.0000 17.2223
17.0000 16.9091
17.0000 17.4715
17.0000 16.0619
17.0000 16.3741
17.0000 16.5466
17.0000 17.5309
17.0000 16.6391
17.0000 17.3298
17.0000 15.8855
17.0000 16.6409
17.0000 16.0361
17.0000 15.9611
17.0000 15.3052
17.0000 16.7790
17.0000 17.7025
17.0000 15.6374
17.0000 17.1745
17.0000 16.3435
17.0000 18.1063
17.0000 17.5265
17.0000 16.9296
17.0000 17.3513
17.0000 15.7774
17.0000 15.5760
17.0000 16.7846
17.0000 16.1644
17.0000 17.0462
17.0000 17.2797
17.0000 17.0645
17.0000 16.7329
17.0000 15.2969
17.0000 15.9810
17.0000 17.8196
17.0000 17.4776
17.0000 17.5905
17.0000 15.5853
17.0000 17.2374
17.0000 16.6992
17.0000 17.5468
17.0000 17.3271
17.0000 16.7876
17.0000 18.0060
17.0000 17.5593
17.0000 17.7471
17.0000 16.9293
17.0000 17.2790
17.0000 16.3113
17.0000 17.2294
17.0000 16.7266
17.0000 17.3994
17.0000 15.8752
17.0000 16.8979
17.0000 15.9405
17.0000 16.9581
17.0000 16.9001
17.0000 16.2943
17.0000 16.3093
17.0000 16.4998
17.0000 16.1844
17.0000 17.8069
17.0000 16.5850
17.0000 16.6611
17.0000 17.0071
17.0000 17.3245
17.0000 15.9449
17.0000 15.8841
17.0000 16.9048
17.0000 16.2658
17.0000 17.2045
17.0000 17.0141
17.0000 16.0911
17.0000 17.0575
17.0000 16.7971
17.0000 17.1102
17.0000 16.8077
17.0000 16.0694
17.0000 16.5816
17.0000 16.8078
17.0000 17.0638
17.0000 16.0048
17.0000 17.5152
17.0000 16.3892
17.0000 16.6439
17.0000 16.9535
17.0000 16.3876
17.0000 15.8070
17.0000 17.2100
17.0000 16.5205
17.0000 16.2509
17.0000 16.4966
17.0000 16.5634
17.0000 18.0032
17.0000 16.6663
17.0000 16.0013
17.0000 15.5556
17.0000 17.4213
17.0000 17.0018
17.0000 16.6050
17.0000 17.2193
17.0000 17.5787
17.0000 16.3298
17.0000 16.1248
17.0000 17.5003
17.0000 17.3320
17.0000 16.9453
17.0000 16.9378
17.0000 17.1916
17.0000 17.3213
17.0000 16.8196
17.0000 17.3583
17.0000 16.4326
17.0000 15.9584
17.0000 17.5252
17.0000 17.0937
17.0000 16.0234
17.0000 16.6962
17.0000 15.8435
17.0000 17.3498
17.0000 16.7632
17.0000 17.2480
17.0000 17.5417
17.0000 16.7935
17.0000 16.0146
17.0000 16.2704
17.0000 16.4326
17.0000 18.3418
17.0000 16.8663
17.0000 17.2148
17.0000 16.6311
17.0000 16.2958
17.0000 17.0978
17.0000 17.5368
17.0000 16.8454
17.0000 16.6035
17.0000 15.4441
17.0000 16.8081
17.0000 16.1104
17.0000 16.3309
17.0000 15.4186
17.0000 16.0739
17.0000 17.4555
17.0000 16.6271
17.0000 18.0244
17.0000 17.4070
17.0000 16.5461
17.0000 15.8121
17.0000 16.5313
17.0000 17.5157
17.0000 16.4936
17.0000 16.4681
17.0000 16.7464
17.0000 16.3854
17.0000 17.6202
17.0000 17.2585
17.0000 16.3283
17.0000 18.6066
17.0000 16.8045
17.0000 15.8005
17.0000 16.6485
17.0000 17.0334
17.0000 17.0548
17.0000 17.0636
17.0000 17.3480
17.0000 16.2471
17.0000 15.9574
17.0000 16.2693
17.0000 16.3582
17.0000 15.7980
17.0000 16.5656
17.0000 16.8080
17.0000 16.9521
17.0000 17.0436
17.0000 15.8618
17.0000 16.8233
17.0000 17.0260
17.0000 16.9007
17.0000 17.1504
17.0000 17.3907
17.0000 16.8373
17.0000 16.3418
17.0000 17.4745
17.0000 17.1133
17.0000 17.5323
17.0000 17.2296
17.0000 16.5942
17.0000 16.5356
17.0000 16.0478
17.0000 16.6691
17.0000 17.2067
17.0000 15.8738
17.0000 16.5938
17.0000 15.6910
17.0000 16.2487
17.0000 15.8110
17.0000 15.6558
17.0000 17.0334
17.0000 16.3298
17.0000 17.7927
17.0000 17.4641
17.0000 16.6407
17.0000 16.6085
17.0000 16.4001
17.0000 16.2777
17.0000 17.6040
17.0000 17.2262
17.0000 17.2685
17.0000 16.0125
17.0000 17.4375
17.0000 16.3879
17.0000 14.9006
17.0000 16.2822
17.0000 16.3729
17.0000 17.0160
17.0000 18.1706
17.0000 16.7738
17.0000 15.1545
17.0000 17.0138
17.0000 16.2625
17.0000 16.5761
17.0000 15.9534
17.0000 17.1447
17.0000 17.5029
17.0000 15.9348
17.0000 16.4935
17.0000 17.8791
17.0000 15.9543
17.0000 16.8334
17.0000 16.5010
17.0000 17.3917
17.0000 17.1726
17.0000 16.6798
17.0000 16.9896
17.0000 17.4452
17.0000 16.3255
17.0000 17.4156
17.0000 17.2221
17.0000 17.6495
17.0000 16.1974
17.0000 16.4480
17.0000 16.1783
17.0000 16.3897
17.0000 16.5227
17.0000 17.7996
17.0000 17.4549
17.0000 15.9308
17.0000 16.3141
17.0000 17.1740
17.0000 17.0261
17.0000 16.6736
17.0000 16.2418
17.0000 17.8949
17.0000 16.5167
17.0000 18.0783
17.0000 17.4069
17.0000 17.3144
17.0000 16.2152
17.0000 16.4817
17.0000 17.3344
17.0000 17.2045
17.0000 16.1948
17.0000 16.3786
17.0000 15.9776
17.0000 17.0366
17.0000 15.7546
17.0000 17.0041
17.0000 16.7027
17.0000 17.1955
17.0000 15.6900
17.0000 16.2839
17.0000 16.1092
17.0000 15.9375
17.0000 17.0023
17.0000 16.3580
17.0000 16.8339
17.0000 16.4278
17.0000 16.8258
17.0000 17.0055
17.0000 17.2692
17.0000 16.5949
17.0000 16.8990
17.0000 16.6433
17.0000 16.4476
17.0000 15.8576
17.0000 17.0088
17.0000 17.1564
17.0000 16.3002
17.0000 17.2899
17.0000 16.0554
17.0000 16.7801
17.0000 16.2900
17.0000 17.9080
17.0000 17.0033
17.0000 16.6856
17.0000 16.4950
17.0000 16.6701
17.0000 16.9913
17.0000 15.7856
17.0000 16.7255
17.0000 16.6700
17.0000 16.1152
17.0000 16.8610
17.0000 17.2087
17.0000 16.1424
17.0000 16.5532
17.0000 16.0544
17.0000 15.6525
17.0000 17.0474
17.0000 16.4138
17.0000 15.8893
17.0000 16.9472
17.0000 16.1467
17.0000 17.3333
17.0000 17.6628
17.0000 15.8371
17.0000 15.5604
17.0000 18.5551
17.0000 16.6686
17.0000 15.3424
17.0000 16.3137
17.0000 16.2920
17.0000 15.8897
17.0000 16.8214
17.0000 16.1145
17.0000 17.9477
17.0000 16.6873
17.0000 16.3156
17.0000 16.5901
17.0000 17.6767
17.0000 17.7110
17.0000 16.4182
17.0000 17.1158
17.0000 15.8934
17.0000 17.1916
17.0000 16.9368
17.0000 16.3933
17.0000 16.5994
17.0000 17.9371
17.0000 17.3128
17.0000 17.8187
17.0000 16.7217
17.0000 15.7795
17.0000 16.0061
17.0000 16.3721
17.0000 17.4754
17.0000 17.1270
17.0000 16.4392
17.0000 17.0418
17.0000 17.3167
17.0000 16.0482
17.0000 16.4121
17.0000 16.1437
17.0000 16.5192
17.0000 16.1494
17.0000 16.4753
17.0000 17.7917
17.0000 17.2411
17.0000 17.9123
17.0000 17.2949
17.0000 17.3348
17.0000 16.7452
17.0000 15.7940
17.0000 15.4439
17.0000 17.2328
17.0000 17.6280
17.0000 17.2671
17.0000 15.9546
17.0000 15.9944
17.0000 16.9456
17.0000 17.2823
17.0000 16.7726
17.0000 16.2983
17.0000 17.0468
17.0000 17.8592
17.0000 16.3641
17.0000 17.8011
17.0000 16.0615
17.0000 16.2748
17.0000 16.7785
17.0000 16.5472
17.0000 15.5156
17.0000 17.3153
17.0000 16.0148
17.0000 16.9834
17.0000 17.6567
17.0000 17.2113
17.0000 16.3290
17.0000 16.5725
17.0000 16.7908
17.0000 16.7023
17.0000 16.3255
17.0000 16.8975
17.0000 16.4083
17.0000 17.8166
17.0000 17.3461
17.0000 16.3420
17.0000 16.8996
17.0000 16.0440
17.0000 18.4108
17.0000 18.6908
17.0000 16.7352
17.0000 15.9191
17.0000 16.9463
17.0000 16.6849
17.0000 16.4534
17.0000 15.7559
17.0000 17.1331
17.0000 17.1529
17.0000 16.8651
17.0000 16.6589
17.0000 16.0510
17.0000 15.8728
17.0000 16.9242
17.0000 17.5496
17.0000 15.9852
17.0000 17.3235
17.0000 17.0503
17.0000 16.4655
17.0000 17.0819
17.0000 18.0870
17.0000 16.4675
17.0000 16.0827
17.0000 17.4763
17.0000 18.0723
17.0000 16.7151
17.0000 16.0739
17.0000 16.8636
17.0000 15.9325
17.0000 16.6523
17.0000 17.2513
17.0000 16.6666
17.0000 18.1767
17.0000 17.0860
17.0000 16.7781
17.0000 15.7682
17.0000 16.9852
17.0000 17.1820
17.0000 16.5684
17.0000 16.8124
17.0000 17.1309
17.0000 18.1357
17.0000 16.9786
17.0000 16.4526
17.0000 16.5230
17.0000 15.9018
17.0000 17.1298
17.0000 17.0172
17.0000 15.6991
17.0000 16.1644
17.0000 17.3608
17.0000 16.1760
17.0000 17.5913
17.0000 15.9145
17.0000 17.4474
17.0000 17.0889
17.0000 16.2204
17.0000 16.7439
17.0000 16.3696
17.0000 17.9290
17.0000 16.4176
17.0000 17.1037
17.0000 16.8441
17.0000 17.1802
17.0000 17.6651
17.0000 16.6170
17.0000 16.2389
17.0000 17.0098
17.0000 16.8708
17.0000 16.7691
17.0000 16.1924
17.0000 16.4528
17.0000 16.1816
17.0000 17.0732
17.0000 16.9291
17.0000 16.5548
17.0000 16.7724
17.0000 16.5791
17.0000 15.9036
17.0000 15.7522
17.0000 17.0776
17.0000 16.0038
17.0000 16.4151
17.0000 17.2286
17.0000 16.9238
17.0000 16.5663
17.0000 17.2573
17.0000 16.9658
17.0000 16.4847
17.0000 16.2174
17.0000 15.5212
17.0000 17.3362
17.0000 16.9510
17.0000 17.2540
17.0000 17.1074
17.0000 17.2961
17.0000 16.3197
17.0000 16.7235
17.0000 17.6939
17.0000 17.1680
17.0000 17.1177
17.0000 17.1192
17.0000 16.7079
17.0000 16.0450
17.0000 15.6612
17.0000 17.7215
17.0000 17.1704
17.0000 16.3318
17.0000 15.4243
17.0000 16.3287
17.0000 16.4879
17.0000 15.9799
17.0000 16.3397
17.0000 16.2092
17.0000 17.0821
17.0000 17.4774
17.0000 15.4487
17.0000 16.6073
17.0000 15.8235
17.0000 16.6773
17.0000 17.7615
17.0000 16.3957
17.0000 16.6495
17.0000 18.2663
17.0000 17.3567
17.0000 16.6314
17.0000 17.1976
17.0000 16.8204
17.0000 16.9025
17.0000 16.4343
17.0000 17.4608
17.0000 16.5268
17.0000 16.9900
17.0000 15.8602
17.0000 16.9820
17.0000 17.2923
17.0000 16.7061
17.0000 16.5498
17.0000 17.5428
17.0000 16.2422
17.0000 16.8027
17.0000 15.4079
17.0000 16.7490
17.0000 17.5210
17.0000 17.8303
17.0000 16.5616
17.0000 17.9082
17.0000 15.8499
17.0000 17.0181
17.0000 16.5871
17.0000 17.1900
17.0000 16.7871
17.0000 16.2099
17.0000 16.5659
17.0000 16.1451
17.0000 16.2786
17.0000 16.0042
17.0000 16.2993
17.0000 16.4670
17.0000 17.3780
17.0000 16.1158
17.0000 17.3434
17.0000 16.0957
17.0000 16.2355
17.0000 16.9851
17.0000 16.7313
17.0000 17.2463
17.0000 15.9389
17.0000 16.6278
17.0000 16.6841
17.0000 16.3453
17.0000 16.1545
17.0000 16.5925
17.0000 16.7154
17.0000 17.1300
17.0000 17.1781
17.0000 16.5571
17.0000 16.5083
17.0000 15.8922
17.0000 16.7678
17.0000 15.7196
17.0000 16.8424
17.0000 16.3802
17.0000 16.8257
17.0000 16.5186
17.0000 16.4532
17.0000 16.0342
17.0000 16.0837
17.0000 18.2672
17.0000 16.4450
17.0000 15.9315
17.0000 17.3654
17.0000 17.5924
17.0000 15.6724
17.0000 17.7749
17.0000 16.2349
17.0000 17.7708
17.0000 15.9885
17.0000 17.1962
17.0000 17.0685
17.0000 16.4119
17.0000 16.3562
17.0000 16.0893
17.0000 16.7660
17.0000 15.6609
17.0000 16.4865
17.0000 16.5846
17.0000 16.4924
17.0000 17.0115
17.0000 16.8686
17.0000 17.1964
17.0000 16.9279
17.0000 17.1015
17.0000 17.2457
17.0000 16.0408
17.0000 16.6517
17.0000 16.9906
17.0000 17.4550
17.0000 16.4780
17.0000 17.1688
17.0000 16.2346
17.0000 16.2836
17.0000 16.9382
17.0000 17.2697
17.0000 17.2276
17.0000 16.5902
17.0000 15.5425
17.0000 17.0573
17.0000 16.8951
17.0000 17.2126
17.0000 15.8880
17.0000 15.4630
17.0000 16.4751
17.0000 17.4434
17.0000 16.8164
17.0000 15.5472
17.0000 17.4414
17.0000 15.6942
17.0000 16.3737
17.0000 17.1584
17.0000 16.5931
17.0000 16.2652
17.0000 16.1611
17.0000 16.2812
17.0000 16.8697
17.0000 17.0873
17.0000 17.2177
17.0000 16.9830
17.0000 15.7037
17.0000 17.2691
17.0000 16.2351
17.0000 16.3499
17.0000 17.5138
17.0000 17.2160
17.0000 16.6606
17.0000 17.5493
17.0000 16.3116
17.0000 17.3609
17.0000 17.3144
17.0000 17.6431
17.0000 15.6430
17.0000 16.9133
17.0000 16.3335
17.0000 16.6082
17.0000 17.2839
17.0000 16.3799
17.0000 15.6127
17.0000 17.4301
17.0000 17.0359
17.0000 16.7228
17.0000 17.1957
17.0000 15.9752
17.0000 17.1766
17.0000 16.1032
17.0000 17.8926
17.0000 16.5442
17.0000 16.0613
17.0000 15.9198
17.0000 17.1067
17.0000 17.1957
17.0000 15.9436
17.0000 16.7872
17.0000 16.2889
17.0000 16.7752
17.0000 16.9610
17.0000 17.0521
17.0000 16.6785
17.0000 15.5885
17.0000 16.7851
17.0000 16.6570
17.0000 16.8051
17.0000 16.2214
17.0000 16.8306
17.0000 17.8004
17.0000 16.8887
17.0000 16.4053
17.0000 17.4299
17.0000 15.9752
17.0000 16.8955
17.0000 16.0252
17.0000 15.8732
17.0000 16.9988
17.0000 16.5035
17.0000 17.3036
17.0000 16.4278
17.0000 17.4584
17.0000 15.7976
17.0000 16.6785
17.0000 16.9116
17.0000 16.8600
17.0000 15.8355
17.0000 15.5892
17.0000 17.2795
17.0000 16.9685
17.0000 16.0167
17.0000 16.1932
17.0000 16.7032
17.0000 17.1463
17.0000 16.5123
17.0000 17.3413
17.0000 15.8717
17.0000 14.9834
17.0000 18.0598
17.0000 16.6995
17.0000 16.2675
17.0000 17.3693
17.0000 16.6766
17.0000 17.2552
17.0000 17.2223
17.0000 17.2880
17.0000 15.9743
17.0000 17.5605
17.0000 16.2040
17.0000 15.3184
17.0000 16.8735
17.0000 16.7836
17.0000 17.4245
17.0000 16.0178
17.0000 16.5080
17.0000 17.2634
17.0000 16.3894
17.0000 16.9232
17.0000 15.3921
17.0000 16.4442
17.0000 16.4340
17.0000 17.2020
17.0000 16.6124
17.0000 16.1257
17.0000 16.5545
17.0000 16.8393
17.0000 16.2814
17.0000 16.6319
17.0000 16.9361
17.0000 16.3331
17.0000 16.9887
17.0000 16.6748
17.0000 17.2757
17.0000 16.9229
17.0000 16.9526
17.0000 16.6344
17.0000 17.0126
17.0000 17.0247
17.0000 16.3382
17.0000 15.4212
17.0000 17.7621
17.0000 17.2430
17.0000 17.1354
17.0000 15.9363
17.0000 16.1234
17.0000 16.2573
17.0000 16.1188
17.0000 16.3003
17.0000 16.2867
17.0000 16.4058
17.0000 16.3711
17.0000 16.8653
17.0000 17.7607
17.0000 17.2014
17.0000 16.7199
17.0000 15.8401
17.0000 15.8824
17.0000 17.5081
17.0000 16.1813
17.0000 16.6386
17.0000 15.7921
17.0000 17.6434
17.0000 17.4449
17.0000 17.5778
17.0000 17.2244
17.0000 17.1034
17.0000 16.7752
17.0000 16.0821
17.0000 15.4543
17.0000 17.0894
17.0000 16.1141
17.0000 15.7579
17.0000 16.6379
17.0000 17.0634
17.0000 16.1747
17.0000 17.3795
17.0000 15.8741
17.0000 17.2162
17.0000 16.2294
17.0000 17.4279
17.0000 16.2049
17.0000 17.5533
17.0000 16.7693
17.0000 17.2476
17.0000 16.9857
17.0000 16.8764
17.0000 16.6333
17.0000 15.9535
17.0000 17.7498
17.0000 16.7228
17.0000 16.1547
17.0000 17.7397
17.0000 17.1835
17.0000 16.0383
17.0000 15.8927
17.0000 17.1272
17.0000 15.7483
17.0000 16.5380
17.0000 16.4655
17.0000 16.9686
17.0000 17.2347
17.0000 16.5208
17.0000 15.8711
17.0000 17.8558
17.0000 17.6622
17.0000 16.6851
17.0000 15.8241
17.0000 16.2841
17.0000 16.3604
17.0000 15.5023
17.0000 17.0765
17.0000 15.4723
17.0000 15.9781
17.0000 16.4602
17.0000 16.7303
17.0000 18.0853
17.0000 17.4633
17.0000 16.7282
17.0000 17.6424
17.0000 15.6670
17.0000 16.9415
17.0000 16.6986
17.0000 15.8887
17.0000 17.5386
17.0000 16.6436
17.0000 16.7111
17.0000 16.3037
17.0000 16.4854
17.0000 16.1392
17.0000 15.3588
17.0000 16.8475
17.0000 15.5483
17.0000 16.3824
17.0000 17.4039
17.0000 16.0560
17.0000 16.4330
17.0000 16.6023
17.0000 17.7310
17.0000 16.8355
17.0000 16.7754
17.0000 16.6675
17.0000 16.9492
17.0000 16.5309
17.0000 16.2836
17.0000 15.8194
17.0000 17.4240
17.0000 17.1370
17.0000 16.9799
17.0000 17.4323
17.0000 16.6217
17.0000 16.1856
17.0000 15.9692
17.0000 17.7231
17.0000 15.8534
17.0000 17.2433
17.0000 16.3232
17.0000 16.7662
17.0000 16.0126
17.0000 17.3774
17.0000 17.4999
17.0000 16.1665
17.0000 16.5696
17.0000 16.3555
17.0000 16.7002
17.0000 15.6673
17.0000 16.3478
17.0000 17.1322
17.0000 16.4247
17.0000 16.2706
17.0000 16.5500
17.0000 17.4198
17.0000 16.5589
17.0000 16.0794
17.0000 17.2956
17.0000 17.8322
17.0000 15.9120
17.0000 16.5668
17.0000 16.7965
17.0000 16.7516
17.0000 15.8230
17.0000 17.4986
17.0000 17.0261
17.0000 17.2065
17.0000 17.7077
17.0000 16.5459
17.0000 16.8031
17.0000 16.9692
17.0000 16.5570
17.0000 17.9419
17.0000 16.8144
17.0000 16.0284
17.0000 16.8746
17.0000 17.2895
17.0000 16.8970
17.0000 17.2888
17.0000 16.5770
17.0000 16.0178
17.0000 16.1926
17.0000 16.6439
17.0000 17.2631
17.0000 15.3543
17.0000 17.1460
17.0000 16.5489
17.0000 17.0656
17.0000 15.6934
17.0000 17.2961
17.0000 15.4176
17.0000 17.0187
17.0000 16.9835
17.0000 15.7852
17.0000 17.6044
17.0000 17.0116
17.0000 17.8899
17.0000 16.7607
17.0000 16.8470
17.0000 16.3104
17.0000 16.3764
17.0000 16.4780
17.0000 17.5715
17.0000 17.6364
17.0000 16.0825
17.0000 17.2937
17.0000 17.3098
17.0000 15.7428
17.0000 16.6762
17.0000 17.1044
17.0000 17.2896
17.0000 15.8598
17.0000 17.0566
17.0000 16.6342
17.0000 15.9263
17.0000 15.3694
17.0000 17.4038
17.0000 16.5207
17.0000 17.1812
17.0000 16.4908
17.0000 16.5350
17.0000 16.3712
17.0000 16.7498
17.0000 18.0247
17.0000 16.6058
17.0000 15.8564
17.0000 16.8420
17.0000 17.0329
17.0000 16.6333
17.0000 16.6742
17.0000 17.5338
17.0000 16.3543
17.0000 15.8960
17.0000 16.1456
17.0000 16.8356
17.0000 16.6039
17.0000 18.1446
17.0000 16.2299
17.0000 16.0199
17.0000 16.3814
17.0000 16.7498
17.0000 16.6937
17.0000 17.2336
17.0000 17.5381
17.0000 15.9831
17.0000 16.8436
17.0000 16.4684
17.0000 16.3838
17.0000 15.9566
17.0000 15.9485
17.0000 16.3593
17.0000 17.2590
17.0000 16.1139
17.0000 15.8664
17.0000 17.4062
17.0000 16.7798
17.0000 16.7324
17.0000 15.5148
17.0000 16.4143
17.0000 16.2120
17.0000 17.3012
17.0000 17.0112
17.0000 16.3575
17.0000 16.4386
17.0000 15.4240
17.0000 17.8692
17.0000 16.7605
17.0000 16.6274
17.0000 16.9563
17.0000 16.5750
17.0000 16.1276
17.0000 17.7491
17.0000 17.2601
17.0000 15.8085
17.0000 16.1414
17.0000 16.1644
17.0000 17.4648
17.0000 15.5379
17.0000 17.4812
17.0000 16.4258
17.0000 15.9587
17.0000 16.7738
17.0000 17.4353
17.0000 16.5167
17.0000 17.2074
17.0000 15.6677
17.0000 16.4251
17.0000 17.0263
17.0000 17.0763
17.0000 16.7167
17.0000 16.6836
17.0000 15.8317
17.0000 17.1870
17.0000 16.8448
17.0000 17.5206
17.0000 17.1930
17.0000 15.6945
17.0000 15.7802
17.0000 17.8669
17.0000 16.7910
17.0000 16.4883
17.0000 16.6526
17.0000 15.6158
17.0000 16.3426
17.0000 16.7170
17.0000 17.1269
17.0000 16.9620
17.0000 16.0335
17.0000 16.0089
17.0000 16.3611
17.0000 17.3540
17.0000 17.2424
17.0000 17.2817
17.0000 15.9947
17.0000 16.8832
17.0000 16.0074
17.0000 16.0486
17.0000 17.4019
17.0000 17.5523
17.0000 16.9682
17.0000 16.9203
17.0000 16.8009
17.0000 15.6568
17.0000 16.0983
17.0000 17.9369
17.0000 17.1854
17.0000 16.7683
17.0000 15.8052
17.0000 16.4340
17.0000 16.2989
17.0000 17.9575
17.0000 16.7507
17.0000 15.9824
17.0000 17.0324
17.0000 15.9509
17.0000 16.9660
17.0000 15.7254
17.0000 16.7886
17.0000 17.0584
17.0000 16.7923
17.0000 16.7754
17.0000 16.3769
17.0000 16.7869
17.0000 17.0035
17.0000 16.1674
17.0000 15.3612
17.0000 15.3549
17.0000 17.3237
17.0000 17.0887
17.0000 15.8551
17.0000 17.0482
17.0000 15.5103
17.0000 16.8037
17.0000 16.5828
17.0000 15.5732
17.0000 15.8647
17.0000 16.7061
17.0000 16.5478
17.0000 16.0560
17.0000 16.4192
17.0000 17.2885
17.0000 16.0046
17.0000 17.8038
17.0000 17.4302
17.0000 17.4450
17.0000 17.4814
17.0000 17.6588
17.0000 17.8611
17.0000 16.9132
17.0000 15.6681
17.0000 16.9547
17.0000 16.7294
17.0000 17.0504
17.0000 16.5447
17.0000 17.9023
17.0000 16.4219
17.0000 17.1933
17.0000 16.8001
17.0000 17.1057
17.0000 16.4697
17.0000 17.0241
17.0000 16.8235
17.0000 16.7248
17.0000 17.0078
17.0000 17.1826
17.0000 17.2015
17.0000 17.9101
17.0000 15.4779
17.0000 17.4621
17.0000 17.5760
17.0000 18.0316
17.0000 16.5786
17.0000 16.2466
17.0000 16.4792
17.0000 17.5961
17.0000 17.0535
17.0000 16.4714
17.0000 16.2180
17.0000 17.3913
17.0000 16.2415
17.0000 16.8930
17.0000 16.1298
17.0000 16.0375
17.0000 17.2297
17.0000 16.5127
17.0000 15.9542
17.0000 17.1632
17.0000 17.4719
17.0000 16.5254
17.0000 16.8974
17.0000 17.3796
17.0000 17.3919
17.0000 16.1796
17.0000 16.5719
17.0000 16.4432
17.0000 17.7500
17.0000 16.4956
17.0000 16.5425
17.0000 16.8638
17.0000 15.8096
17.0000 17.3210
17.0000 17.0660
17.0000 16.8160
17.0000 17.3013
17.0000 17.0187
17.0000 17.4419
17.0000 15.7280
17.0000 16.0938
17.0000 17.8299
17.0000 16.6688
17.0000 16.6911
17.0000 15.4823
17.0000 16.7761
17.0000 17.3954
17.0000 18.7798
17.0000 17.0221
17.0000 17.1933
17.0000 15.4079
17.0000 16.0453
17.0000 17.2007
17.0000 16.7089
17.0000 16.9846
17.0000 17.1286
17.0000 16.3193
17.0000 16.9757
17.0000 15.4281
17.0000 17.4337
17.0000 16.0230
17.0000 17.1077
17.0000 16.5234
17.0000 16.9419
17.0000 16.7048
17.0000 17.1483
17.0000 17.4330
17.0000 16.1851
17.0000 15.4537
17.0000 17.0302
17.0000 16.4615
17.0000 17.0204
17.0000 16.7880
17.0000 15.8950
17.0000 18.9035
17.0000 16.8840
17.0000 15.9076
17.0000 16.8534
17.0000 17.3586
17.0000 16.1526
17.0000 17.8280
17.0000 17.5580
17.0000 16.0580
17.0000 16.4971
17.0000 16.8729
17.0000 17.4535
17.0000 16.3657
17.0000 17.4142
17.0000 15.0268
17.0000 16.5773
17.0000 16.7573
17.0000 17.8610
17.0000 16.8984
17.0000 15.2944
17.0000 16.9181
17.0000 16.3750
17.0000 16.7248
17.0000 16.1494
17.0000 16.5255
17.0000 16.5967
17.0000 17.2973
17.0000 16.6320
17.0000 18.0314
17.0000 17.1928
17.0000 16.8407
17.0000 17.0032
17.0000 16.3806
17.0000 17.4526
17.0000 17.3659
17.0000 16.6097
17.0000 16.0876
17.0000 16.7933
17.0000 15.9682
17.0000 17.8182
17.0000 16.9409
17.0000 17.1776
17.0000 16.8884
17.0000 16.2557
17.0000 17.1738
17.0000 17.1156
17.0000 16.2620
17.0000 16.6629
17.0000 16.4787
17.0000 17.0490
17.0000 17.4311
17.0000 17.0346
17.0000 16.9943
17.0000 15.4901
17.0000 16.5598
17.0000 15.9666
17.0000 16.0477
17.0000 16.6600
17.0000 16.4746
17.0000 16.3286
17.0000 17.0874
17.0000 15.7832
17.0000 17.1106
17.0000 17.9818
17.0000 16.8578
17.0000 17.0201
17.0000 17.4735
17.0000 18.1843
17.0000 17.8728
17.0000 16.2328
17.0000 17.2113
17.0000 16.8720
17.0000 16.9343
17.0000 16.9831
17.0000 17.1263
17.0000 16.5750
17.0000 17.9678
17.0000 16.5238
17.0000 16.8242
17.0000 17.2230
17.0000 16.7629
17.0000 16.4559
17.0000 15.6894
17.0000 16.8667
17.0000 17.1959
17.0000 15.8328
17.0000 16.8915
17.0000 16.2563
17.0000 16.3975
17.0000 16.0647
17.0000 17.2952
17.0000 15.5342
17.0000 17.6883
17.0000 17.5179
17.0000 18.4173
17.0000 17.2639
17.0000 16.8907
17.0000 17.3613
17.0000 17.6346
17.0000 16.3701
17.0000 15.2955
17.0000 16.2647
17.0000 16.6142
17.0000 18.1115
17.0000 16.8332
17.0000 17.4263
17.0000 16.5983
17.0000 15.6515
17.0000 16.8147
17.0000 16.5822
17.0000 15.6856
17.0000 17.1912
17.0000 15.7308
17.0000 15.8203
17.0000 16.6494
17.0000 16.2128
17.0000 16.2633
17.0000 17.1615
17.0000 17.0075
17.0000 16.8083
17.0000 15.3223
17.0000 17.3066
17.0000 16.8280
17.0000 16.0054
17.0000 17.2212
17.0000 18.3799
17.0000 16.4562
17.0000 15.7872
17.0000 16.6290
17.0000 15.4563
17.0000 16.5564
17.0000 17.6616
17.0000 17.4664
17.0000 17.3393
17.0000 16.9660
17.0000 17.6555
17.0000 16.1049
17.0000 17.7179
17.0000 15.7660
17.0000 17.0000
17.0000 16.1570
17.0000 17.0696
17.0000 15.5919
17.0000 16.6400
17.0000 17.3549
17.0000 16.3425
17.0000 15.0960
17.0000 16.3663
17.0000 16.5390
17.0000 16.7435
17.0000 16.0779
17.0000 15.9859
17.0000 17.9600
17.0000 16.6041
17.0000 17.0702
17.0000 16.3910
17.0000 16.1785
17.0000 16.1265
17.0000 17.3847
17.0000 17.6366
17.0000 17.6987
17.0000 16.5048
17.0000 16.6201
17.0000 16.9616
17.0000 16.8946
17.0000 17.0462
17.0000 17.1790
17.0000 16.6594
17.0000 17.2253
17.0000 17.0825
17.0000 15.3657
17.0000 16.6003
