21.0000 20.1450
21.0000 19.5450
21.0000 20.0749
21.0000 20.5037
21.0000 19.7518
21.0000 20.1639
21.0000 20.7762
21.0000 20.2889
21.0000 20.6798
21.0000 20.2934
21.0000 20.2003
21.0000 20.9915
21.0000 19.6114
21.0000 19.4239
21.0000 20.7572
21.0000 20.4521
21.0000 20.2648
21.0000 20.0598
21.0000 20.2452
21.0000 20.9525
21.0000 20.5036
21.0000 21.6952
21.0000 19.9294
21.0000 21.3848
21.0000 21.0186
21.0000 20.4930
21.0000 20.4982
21.0000 20.4501
21.0000 20.5012
21.0000 20.6635
21.0000 20.8108
21.0000 20.1732
21.0000 21.6276
21.0000 20.9420
21.0000 19.9326
21.0000 19.4358
21.0000 21.0546
21.0000 19.7799
21.0000 21.0876
21.0000 21.2732
21.0000 19.8361
21.0000 20.9031
21.0000 21.2930
21.0000 21.1906
21.0000 20.6709
21.0000 21.0299
21.0000 21.0499
21.0000 20.4879
21.0000 20.1761
21.0000 20.1212
21.0000 20.8219
21.0000 21.0296
21.0000 20.3901
21.0000 20.6964
21.0000 20.8734
21.0000 20.9369
21.0000 19.7735
21.0000 20.8806
21.0000 19.6941
21.0000 20.8782
21.0000 21.7218
21.0000 21.3597
21.0000 20.2159
21.0000 20.7577
21.0000 20.8231
21.0000 20.1914
21.0000 19.7333
21.0000 20.6591
21.0000 19.6207
21.0000 20.0982
21.0000 20.1534
21.0000 21.2810
21.0000 19.9712
21.0000 21.1020
21.0000 20.6840
21.0000 21.1986
21.0000 19.6366
21.0000 21.7959
21.0000 20.6968
21.0000 21.4238
21.0000 20.3740
21.0000 20.5063
21.0000 20.4219
21.0000 19.5703
21.0000 20.2604
21.0000 21.0119
21.0000 20.0873
21.0000 21.2869
21.0000 20.3558
21.0000 20.2058
21.0000 21.2570
21.0000 20.7966
21.0000 21.4735
21.0000 20.8317
21.0000 20.9770
21.0000 20.7063
21.0000 20.1586
21.0000 20.1906
21.0000 20.0827
21.0000 21.6527
21.0000 20.3273
21.0000 21.1287
21.0000 20.6363
21.0000 21.3469
21.0000 19.6973
21.0000 21.0014
21.0000 20.5850
21.0000 19.6596
21.0000 20.5863
21.0000 21.3405
21.0000 20.5004
21.0000 20.9279
21.0000 21.0576
21.0000 20.5575
21.0000 20.1897
21.0000 20.9305
21.0000 21.1474
21.0000 20.1327
21.0000 21.0207
21.0000 21.2785
21.0000 19.9080
21.0000 20.7928
21.0000 20.1887
21.0000 20.4178
21.0000 20.4757
21.0000 20.9661
21.0000 21.4285
21.0000 20.5778
21.0000 20.9673
21.0000 20.6532
21.0000 20.2917
21.0000 20.4297
21.0000 20.5673
21.0000 19.9933
21.0000 21.0608
21.0000 20.1715
21.0000 20.3265
21.0000 20.4277
21.0000 20.3939
21.0000 20.9068
21.0000 20.8444
21.0000 20.4384
21.0000 20.2598
21.0000 20.3274
21.0000 20.1547
21.0000 20.8940
21.0000 20.8649
21.0000 19.6014
21.0000 21.0867
21.0000 20.0893
21.0000 21.0769
21.0000 21.0065
21.0000 21.1565
21.0000 19.9832
21.0000 20.7633
21.0000 20.6807
21.0000 20.2997
21.0000 20.3620
21.0000 20.0308
21.0000 20.7930
21.0000 20.7732
21.0000 21.1391
21.0000 20.7198
21.0000 20.4536
21.0000 19.6532
21.0000 21.0322
21.0000 20.6048
21.0000 21.0306
21.0000 21.2029
21.0000 19.8958
21.0000 20.5393
21.0000 20.4789
21.0000 19.1067
21.0000 20.4782
21.0000 20.9229
21.0000 19.9136
21.0000 20.3148
21.0000 20.0679
21.0000 20.1634
21.0000 21.6251
21.0000 20.2935
21.0000 20.0334
21.0000 20.1895
21.0000 19.9111
21.0000 19.4999
21.0000 20.2259
21.0000 20.7705
21.0000 20.5292
21.0000 20.4945
21.0000 21.0091
21.0000 20.1493
21.0000 20.7987
21.0000 21.1429
21.0000 19.7065
21.0000 20.3620
21.0000 21.0171
21.0000 21.1498
21.0000 20.6042
21.0000 21.6597
21.0000 19.8909
21.0000 21.4399
21.0000 20.6905
21.0000 20.9539
21.0000 20.8437
21.0000 20.7068
21.0000 20.4156
21.0000 20.6309
21.0000 20.5344
21.0000 20.7088
21.0000 20.8245
21.0000 21.5588
21.0000 21.1753
21.0000 20.4288
21.0000 20.0174
21.0000 20.8529
21.0000 20.3859
21.0000 20.9640
21.0000 21.7760
21.0000 20.8345
21.0000 20.3693
21.0000 20.4230
21.0000 21.0808
21.0000 20.7593
21.0000 20.5678
21.0000 20.4536
21.0000 20.1366
21.0000 19.7995
21.0000 20.1403
21.0000 20.7423
21.0000 20.1514
21.0000 20.3590
21.0000 20.6314
21.0000 20.6348
21.0000 21.3338
21.0000 20.7373
21.0000 20.4152
21.0000 20.3169
21.0000 20.8247
21.0000 21.0979
21.0000 20.6734
21.0000 21.2155
21.0000 20.0593
21.0000 21.1156
21.0000 20.8013
21.0000 19.8620
21.0000 21.1889
21.0000 20.4483
21.0000 20.9519
21.0000 20.4883
21.0000 20.3608
21.0000 20.7481
21.0000 20.1801
21.0000 19.4878
21.0000 21.1498
21.0000 20.3305
21.0000 20.7101
21.0000 20.3792
21.0000 20.8045
21.0000 20.3026
21.0000 20.3017
21.0000 21.3455
21.0000 19.7100
21.0000 20.7483
21.0000 19.7082
21.0000 20.8824
21.0000 21.1682
21.0000 20.6299
21.0000 20.3069
21.0000 20.9703
21.0000 20.2217
21.0000 22.0846
21.0000 20.6311
21.0000 20.4544
21.0000 20.6934
21.0000 21.6395
21.0000 20.0574
21.0000 20.9372
21.0000 20.4508
21.0000 20.9102
21.0000 20.6653
21.0000 20.9791
21.0000 20.4822
21.0000 20.0059
21.0000 20.2710
21.0000 21.2855
21.0000 20.0799
21.0000 20.9787
21.0000 20.8584
21.0000 20.5629
21.0000 20.7226
21.0000 21.0602
21.0000 20.1181
21.0000 20.8652
21.0000 19.7757
21.0000 20.6149
21.0000 21.0874
21.0000 20.7852
21.0000 20.9931
21.0000 20.0553
21.0000 20.6766
21.0000 20.5822
21.0000 20.3696
21.0000 20.8001
21.0000 19.7851
21.0000 20.5680
21.0000 20.8840
21.0000 20.5170
21.0000 20.5954
21.0000 20.1712
21.0000 19.6571
21.0000 21.4777
21.0000 21.3393
21.0000 21.1879
21.0000 20.4656
21.0000 20.5961
21.0000 19.8192
21.0000 20.9782
21.0000 21.6848
21.0000 21.4077
21.0000 19.9535
21.0000 20.8482
21.0000 20.3652
21.0000 20.9189
21.0000 20.3326
21.0000 20.6018
21.0000 21.4127
21.0000 21.2027
21.0000 20.3856
21.0000 20.6779
21.0000 20.9386
21.0000 20.9252
21.0000 20.8236
21.0000 20.5754
21.0000 20.5940
21.0000 21.5229
21.0000 20.3762
21.0000 20.6099
21.0000 19.4842
21.0000 20.7635
21.0000 20.7842
21.0000 21.4716
21.0000 20.4906
21.0000 20.6107
21.0000 19.5144
21.0000 20.7726
21.0000 20.9836
21.0000 20.5768
21.0000 19.6537
21.0000 20.3889
21.0000 19.9907
21.0000 20.8165
21.0000 20.3191
21.0000 20.3566
21.0000 21.6525
21.0000 19.9640
21.0000 19.3924
21.0000 20.8995
21.0000 20.3969
21.0000 20.6556
21.0000 19.5393
21.0000 20.8946
21.0000 21.0688
21.0000 19.8847
21.0000 20.3102
21.0000 20.7126
21.0000 19.5847
21.0000 20.1250
21.0000 20.8144
21.0000 20.1676
21.0000 20.2491
21.0000 20.9354
21.0000 20.0580
21.0000 20.8015
21.0000 20.8976
21.0000 19.9066
21.0000 20.9198
21.0000 21.6520
21.0000 21.1079
21.0000 20.9162
21.0000 20.5922
21.0000 20.8193
21.0000 20.5235
21.0000 20.3223
21.0000 20.6162
21.0000 21.5218
21.0000 21.7517
21.0000 19.9395
21.0000 21.3724
21.0000 20.7643
21.0000 21.0228
21.0000 20.4607
21.0000 20.1760
21.0000 21.5029
21.0000 20.7690
21.0000 20.5202
21.0000 20.1673
21.0000 19.8234
21.0000 19.6684
21.0000 21.4823
21.0000 20.5184
21.0000 19.7683
21.0000 20.2917
21.0000 19.8207
21.0000 21.7545
21.0000 20.2076
21.0000 19.7892
21.0000 21.0941
21.0000 20.0258
21.0000 20.6196
21.0000 20.3101
21.0000 20.4866
21.0000 20.2589
21.0000 20.4946
21.0000 21.6569
21.0000 20.2669
21.0000 20.1757
21.0000 20.6364
21.0000 20.5306
21.0000 21.5970
21.0000 20.3641
21.0000 19.7718
21.0000 21.2201
21.0000 19.8254
21.0000 21.0684
21.0000 20.2163
21.0000 20.8841
21.0000 20.8470
21.0000 20.1874
21.0000 20.8151
21.0000 19.2434
21.0000 20.0236
21.0000 19.7400
21.0000 20.2427
21.0000 20.9039
21.0000 20.6486
21.0000 20.8300
21.0000 21.1269
21.0000 20.1744
21.0000 20.5552
21.0000 20.6826
21.0000 21.3690
21.0000 20.6895
21.0000 19.5762
21.0000 21.2038
21.0000 20.8856
21.0000 20.6112
21.0000 19.7156
21.0000 21.2232
21.0000 20.7235
21.0000 21.0443
21.0000 21.5762
21.0000 19.8693
21.0000 20.0441
21.0000 20.3899
21.0000 20.8663
21.0000 20.7235
21.0000 20.7627
21.0000 20.5351
21.0000 20.3119
21.0000 20.8728
21.0000 20.6743
21.0000 20.9027
21.0000 20.8015
21.0000 20.8414
21.0000 20.0424
21.0000 19.8869
21.0000 20.9724
21.0000 20.5250
21.0000 20.7356
21.0000 21.2839
21.0000 21.1613
21.0000 19.4557
21.0000 20.5785
21.0000 20.6880
21.0000 20.7137
21.0000 21.2449
21.0000 19.9585
21.0000 20.7722
21.0000 20.2940
21.0000 20.5200
21.0000 20.4040
21.0000 20.2797
21.0000 20.1419
21.0000 20.3727
21.0000 20.0665
21.0000 20.4947
21.0000 20.1751
21.0000 20.7948
21.0000 21.4056
21.0000 19.6120
21.0000 20.4576
21.0000 19.9021
21.0000 19.9245
21.0000 20.7841
21.0000 21.0618
21.0000 20.0580
21.0000 20.4331
21.0000 19.5002
21.0000 21.1356
21.0000 21.4998
21.0000 21.1800
21.0000 20.6022
21.0000 20.2060
21.0000 20.9534
21.0000 21.0671
21.0000 20.2414
21.0000 20.5175
21.0000 20.4321
21.0000 20.3307
21.0000 19.9764
21.0000 20.6789
21.0000 19.8856
21.0000 20.4069
21.0000 20.4084
21.0000 19.8012
21.0000 20.0785
21.0000 21.3605
21.0000 20.5554
21.0000 19.8997
21.0000 19.8555
21.0000 20.6005
21.0000 19.8417
21.0000 19.1697
21.0000 20.7041
21.0000 19.4214
21.0000 20.5935
21.0000 20.8680
21.0000 20.1669
21.0000 20.7002
21.0000 21.0318
21.0000 20.8473
21.0000 20.7028
21.0000 20.3328
21.0000 20.4160
21.0000 21.3066
21.0000 20.9897
21.0000 21.0402
21.0000 20.7155
21.0000 20.3449
21.0000 21.1446
21.0000 21.0047
21.0000 20.2148
21.0000 20.1470
21.0000 20.6784
21.0000 20.0198
21.0000 20.3693
21.0000 21.3477
21.0000 20.3053
21.0000 20.3075
21.0000 20.1725
21.0000 20.5980
21.0000 20.5297
21.0000 19.7249
21.0000 21.1293
21.0000 20.1927
21.0000 20.6887
21.0000 20.8446
21.0000 19.9030
21.0000 19.2303
21.0000 21.0857
21.0000 21.1623
21.0000 20.0902
21.0000 20.7953
21.0000 20.2675
21.0000 20.0382
21.0000 20.3921
21.0000 21.0662
21.0000 19.6179
21.0000 20.1721
21.0000 20.3930
21.0000 19.9049
21.0000 20.2864
21.0000 19.9964
21.0000 20.8099
21.0000 20.1773
21.0000 21.4147
21.0000 19.8590
21.0000 20.1801
21.0000 20.0935
21.0000 20.9355
21.0000 21.2110
21.0000 20.0236
21.0000 19.7095
21.0000 20.8378
21.0000 20.4195
21.0000 19.9976
21.0000 20.3337
21.0000 20.1948
21.0000 19.9319
21.0000 20.1481
21.0000 20.9940
21.0000 20.4190
21.0000 21.4271
21.0000 20.4025
21.0000 20.2430
21.0000 20.8774
21.0000 20.9852
21.0000 20.1593
21.0000 20.2999
21.0000 19.6677
21.0000 21.3781
21.0000 21.1177
21.0000 20.0784
21.0000 20.9908
21.0000 20.5422
21.0000 20.9807
21.0000 19.8419
21.0000 21.3417
21.0000 19.8227
21.0000 20.1542
21.0000 20.0662
21.0000 20.6402
21.0000 19.4684
21.0000 21.1188
21.0000 19.9595
21.0000 20.3650
21.0000 20.5257
21.0000 19.3989
21.0000 20.6012
21.0000 20.4850
21.0000 21.2814
21.0000 19.0302
21.0000 21.0602
21.0000 20.1918
21.0000 21.0276
21.0000 20.7140
21.0000 20.3766
21.0000 21.2612
21.0000 19.6352
21.0000 20.9477
21.0000 20.4970
21.0000 20.4845
21.0000 19.9165
21.0000 19.6193
21.0000 20.3392
21.0000 21.5496
21.0000 19.8616
21.0000 20.2952
21.0000 20.7098
21.0000 20.6432
21.0000 20.4498
21.0000 20.2867
21.0000 20.1337
21.0000 20.6011
21.0000 20.6788
21.0000 21.5508
21.0000 21.2156
21.0000 19.5787
21.0000 20.5199
21.0000 20.8766
21.0000 20.6954
21.0000 20.8043
21.0000 19.7722
21.0000 21.3427
21.0000 20.7008
21.0000 20.6814
21.0000 20.7305
21.0000 21.1382
21.0000 21.2021
21.0000 20.8719
21.0000 21.5379
21.0000 19.9935
21.0000 20.6822
21.0000 20.6526
21.0000 21.4753
21.0000 20.6176
21.0000 19.9777
21.0000 20.5210
21.0000 19.9594
21.0000 20.5957
21.0000 19.8491
21.0000 20.6149
21.0000 21.6432
21.0000 20.1630
21.0000 21.8737
21.0000 21.1474
21.0000 19.2821
21.0000 20.7230
21.0000 20.6752
21.0000 20.6807
21.0000 20.5960
21.0000 21.0758
21.0000 19.8112
21.0000 19.6639
21.0000 20.2699
21.0000 21.3331
21.0000 20.2086
21.0000 20.3498
21.0000 20.5950
21.0000 20.3092
21.0000 20.4784
21.0000 21.3578
21.0000 20.3614
21.0000 19.3451
21.0000 20.7341
21.0000 20.8217
21.0000 20.6659
21.0000 20.5677
21.0000 20.0984
21.0000 19.9717
21.0000 21.0531
21.0000 20.0900
21.0000 20.2274
21.0000 21.1638
21.0000 20.4509
21.0000 20.3607
21.0000 20.2112
21.0000 19.2504
21.0000 20.3193
21.0000 20.6045
21.0000 20.2071
21.0000 21.2168
21.0000 20.2634
21.0000 20.6739
21.0000 20.7146
21.0000 19.7529
21.0000 20.6306
21.0000 20.6634
21.0000 20.7917
21.0000 20.6036
21.0000 20.7942
21.0000 21.4644
21.0000 20.1034
21.0000 21.2740
21.0000 21.9118
21.0000 21.0558
21.0000 20.4205
21.0000 20.4898
21.0000 20.1497
21.0000 21.4517
21.0000 20.8699
21.0000 19.9368
21.0000 20.7389
21.0000 19.9985
21.0000 20.3261
21.0000 20.0230
21.0000 19.5158
21.0000 21.3135
21.0000 20.5196
21.0000 20.5485
21.0000 20.1677
21.0000 20.6632
21.0000 20.5143
21.0000 20.6128
21.0000 20.9968
21.0000 20.7549
21.0000 20.2402
21.0000 20.2500
21.0000 20.1822
21.0000 20.6540
21.0000 21.1591
21.0000 19.8700
21.0000 20.3127
21.0000 20.3935
21.0000 20.4002
21.0000 19.9441
21.0000 19.7919
21.0000 20.1357
21.0000 19.5574
21.0000 19.9519
21.0000 21.3712
21.0000 21.3376
21.0000 20.5324
21.0000 21.3405
21.0000 19.9866
21.0000 21.0683
21.0000 21.0196
21.0000 20.9416
21.0000 20.3941
21.0000 20.6424
21.0000 20.9770
21.0000 20.9123
21.0000 20.5005
21.0000 20.5805
21.0000 21.3348
21.0000 20.5588
21.0000 20.8094
21.0000 20.3471
21.0000 20.9056
21.0000 20.0258
21.0000 20.9635
21.0000 20.6224
21.0000 19.7460
21.0000 20.7033
21.0000 20.7757
21.0000 20.7786
21.0000 20.4016
21.0000 19.7746
21.0000 20.6623
21.0000 19.9930
21.0000 21.4868
21.0000 20.6759
21.0000 20.2026
21.0000 19.7331
21.0000 20.4669
21.0000 20.6210
21.0000 21.1413
21.0000 20.8274
21.0000 21.3525
21.0000 20.9226
21.0000 20.7614
21.0000 20.4697
21.0000 20.6592
21.0000 20.4925
21.0000 20.8372
21.0000 20.0554
21.0000 20.4575
21.0000 20.8318
21.0000 21.4466
21.0000 20.8474
21.0000 20.8472
21.0000 20.3284
21.0000 20.1507
21.0000 19.9052
21.0000 21.1776
21.0000 20.5318
21.0000 20.7807
21.0000 20.5510
21.0000 21.1934
21.0000 21.2218
21.0000 20.6617
21.0000 20.3263
21.0000 21.1630
21.0000 21.7002
21.0000 20.8990
21.0000 20.2534
21.0000 20.1036
21.0000 20.8174
21.0000 18.8925
21.0000 19.9231
21.0000 20.5996
21.0000 20.5664
21.0000 19.4929
21.0000 20.4793
21.0000 20.2496
21.0000 20.5773
21.0000 20.3519
21.0000 20.8080
21.0000 19.7473
21.0000 20.7931
21.0000 19.9085
21.0000 20.6469
21.0000 21.1969
21.0000 20.2618
21.0000 20.3262
21.0000 19.6935
21.0000 21.6848
21.0000 20.3181
21.0000 20.8759
21.0000 20.3452
21.0000 21.9938
21.0000 20.0345
21.0000 19.9995
21.0000 20.6962
21.0000 19.8840
21.0000 21.3261
21.0000 20.7536
21.0000 20.2458
21.0000 21.6191
21.0000 21.8613
21.0000 20.2880
21.0000 20.5618
21.0000 20.9474
21.0000 20.2438
21.0000 20.6703
21.0000 20.2810
21.0000 20.5315
21.0000 20.5121
21.0000 20.2400
21.0000 20.8672
21.0000 21.5240
21.0000 20.2556
21.0000 20.8662
21.0000 21.2559
21.0000 20.4557
21.0000 20.5676
21.0000 19.5035
21.0000 20.5695
21.0000 20.2757
21.0000 20.4986
21.0000 20.8948
21.0000 20.6619
21.0000 20.8797
21.0000 20.1441
21.0000 20.4861
21.0000 20.4748
21.0000 20.1930
21.0000 19.3337
21.0000 19.9709
21.0000 20.5586
21.0000 20.8331
21.0000 21.7949
21.0000 20.2877
21.0000 21.1512
21.0000 21.8201
21.0000 20.5416
21.0000 21.9172
21.0000 20.6955
21.0000 20.2971
21.0000 20.2638
21.0000 19.8719
21.0000 20.7058
21.0000 20.2938
21.0000 20.8838
21.0000 19.5876
21.0000 21.1973
21.0000 20.0193
21.0000 20.6248
21.0000 21.1021
21.0000 19.9907
21.0000 21.3287
21.0000 20.8549
21.0000 19.1083
21.0000 20.5871
21.0000 20.9751
21.0000 21.1878
21.0000 20.6459
21.0000 20.4899
21.0000 21.0386
21.0000 21.0089
21.0000 20.4153
21.0000 20.3487
21.0000 20.5017
21.0000 20.1652
21.0000 20.6525
21.0000 20.0155
21.0000 20.5813
21.0000 20.0954
21.0000 20.6957
21.0000 20.0985
21.0000 20.2394
21.0000 20.7502
21.0000 21.3862
21.0000 21.1741
21.0000 20.6475
21.0000 21.0394
21.0000 19.7406
21.0000 21.2309
21.0000 20.4718
21.0000 20.6059
21.0000 20.0389
21.0000 20.3387
21.0000 21.0576
21.0000 19.4059
21.0000 20.8770
21.0000 20.6449
21.0000 21.0162
21.0000 19.7700
21.0000 20.9405
21.0000 21.1489
21.0000 20.4715
21.0000 21.4406
21.0000 20.1958
21.0000 21.0329
21.0000 20.0074
21.0000 21.8138
21.0000 19.7753
21.0000 20.6619
21.0000 21.1241
21.0000 20.5776
21.0000 20.1269
21.0000 20.4640
21.0000 21.4824
21.0000 20.2227
21.0000 20.6835
21.0000 20.9217
21.0000 21.1523
21.0000 21.4731
21.0000 20.3754
21.0000 21.0510
21.0000 19.7029
21.0000 20.3180
21.0000 20.1168
21.0000 20.7729
21.0000 19.4243
21.0000 20.4396
21.0000 20.9901
21.0000 20.8976
21.0000 21.2988
21.0000 20.4438
21.0000 19.9558
21.0000 20.9473
21.0000 19.6603
21.0000 20.8416
21.0000 20.5888
21.0000 20.6996
21.0000 21.0930
21.0000 21.8952
21.0000 19.5044
21.0000 21.2986
21.0000 20.2753
21.0000 20.6692
21.0000 20.3564
21.0000 20.0104
21.0000 21.0308
21.0000 20.5653
21.0000 20.9690
21.0000 20.5436
21.0000 20.9372
21.0000 20.6698
21.0000 20.5542
21.0000 20.0928
21.0000 21.4317
21.0000 20.7066
21.0000 20.1025
21.0000 20.5595
21.0000 19.7862
21.0000 20.2570
21.0000 20.5294
21.0000 21.2329
21.0000 19.9799
21.0000 20.2324
21.0000 19.6401
21.0000 20.7553
21.0000 19.9133
21.0000 20.4779
21.0000 21.0879
21.0000 20.2427
21.0000 20.0728
21.0000 19.4689
21.0000 20.0508
21.0000 20.9457
21.0000 19.7680
21.0000 20.8358
21.0000 20.1901
21.0000 20.9870
21.0000 20.5185
21.0000 21.3228
21.0000 19.8609
21.0000 20.4021
21.0000 20.8877
21.0000 20.7053
21.0000 20.8112
21.0000 20.5779
21.0000 19.3484
21.0000 20.1459
21.0000 20.3728
21.0000 20.3305
21.0000 20.9762
21.0000 21.3370
21.0000 21.0104
21.0000 20.4204
21.0000 20.7680
21.0000 20.4349
21.0000 21.1693
21.0000 20.3939
21.0000 20.8101
21.0000 20.3587
21.0000 20.2529
21.0000 20.0194
21.0000 19.7484
21.0000 20.4054
21.0000 21.4856
21.0000 19.8141
21.0000 20.6037
21.0000 20.9089
21.0000 20.5770
21.0000 20.8511
21.0000 20.7795
21.0000 20.3043
21.0000 20.3531
21.0000 20.6893
21.0000 21.2186
21.0000 20.7870
21.0000 21.1040
21.0000 20.6626
21.0000 21.2585
21.0000 21.3568
21.0000 20.3929
21.0000 20.5459
21.0000 21.2372
21.0000 20.3995
21.0000 21.4044
21.0000 19.6566
21.0000 21.2988
21.0000 20.6320
21.0000 21.0182
21.0000 20.1884
21.0000 20.2790
21.0000 20.0292
21.0000 20.7123
21.0000 20.5480
21.0000 20.4735
21.0000 19.9488
21.0000 20.5888
21.0000 20.9802
21.0000 20.2186
21.0000 20.1307
21.0000 20.7420
21.0000 20.6922
21.0000 21.1184
21.0000 20.7006
21.0000 20.0605
21.0000 21.2073
21.0000 20.0028
21.0000 20.9162
21.0000 20.6056
21.0000 20.2704
21.0000 20.8350
21.0000 20.0521
21.0000 20.7196
21.0000 21.0851
21.0000 20.4970
21.0000 20.3349
21.0000 19.9244
21.0000 20.1824
21.0000 20.6273
21.0000 19.9119
21.0000 19.8944
21.0000 20.5377
21.0000 20.4778
21.0000 19.9895
21.0000 20.0713
21.0000 20.6516
21.0000 20.9716
21.0000 20.9263
21.0000 20.8169
21.0000 21.0506
21.0000 20.5335
21.0000 20.6178
21.0000 21.1092
21.0000 20.1804
21.0000 19.9032
21.0000 20.4208
21.0000 19.7349
21.0000 20.8953
21.0000 19.8441
21.0000 20.3296
21.0000 20.3618
21.0000 21.5732
21.0000 19.9538
21.0000 20.7829
21.0000 20.1530
21.0000 19.3864
21.0000 19.0412
21.0000 20.6367
21.0000 20.0924
21.0000 21.2592
21.0000 21.3069
21.0000 20.9944
21.0000 20.4265
21.0000 20.4286
21.0000 19.9475
21.0000 20.2874
21.0000 19.6421
21.0000 20.8379
21.0000 20.8237
21.0000 20.7280
21.0000 20.1553
21.0000 20.0947
21.0000 20.3312
21.0000 20.5441
21.0000 21.2685
21.0000 19.9196
21.0000 20.7196
21.0000 20.7098
21.0000 21.3473
21.0000 19.9562
21.0000 20.2096
21.0000 21.3083
21.0000 20.9938
21.0000 20.3735
21.0000 21.1935
21.0000 20.8317
21.0000 19.7842
21.0000 20.0879
21.0000 19.8935
21.0000 20.4817
21.0000 20.4039
21.0000 20.8090
21.0000 20.6629
21.0000 20.4826
21.0000 20.4064
21.0000 20.4479
21.0000 21.1956
21.0000 19.8980
21.0000 20.8466
21.0000 20.7159
21.0000 20.3680
21.0000 20.8408
21.0000 20.2188
21.0000 20.4348
21.0000 20.6515
21.0000 20.4576
21.0000 20.8939
21.0000 20.2159
21.0000 20.8007
21.0000 20.2626
21.0000 20.2999
21.0000 20.9253
21.0000 19.9880
21.0000 20.6077
21.0000 20.7495
21.0000 20.4136
21.0000 21.7971
21.0000 20.3245
21.0000 19.7234
21.0000 19.9708
21.0000 20.1848
21.0000 20.7895
21.0000 19.6332
21.0000 20.2824
21.0000 20.3608
21.0000 20.2941
21.0000 20.6908
21.0000 21.2316
21.0000 20.5160
21.0000 20.1969
21.0000 20.0871
21.0000 21.4108
21.0000 20.4177
21.0000 19.3026
21.0000 20.4934
21.0000 20.0660
21.0000 20.8652
21.0000 19.8324
21.0000 20.4441
21.0000 21.7989
21.0000 20.9158
21.0000 21.6085
21.0000 21.0708
21.0000 21.7290
21.0000 21.8487
21.0000 21.2891
21.0000 20.8706
21.0000 20.0842
21.0000 20.4860
21.0000 20.3095
21.0000 20.5292
21.0000 19.9939
21.0000 20.7672
21.0000 20.6353
21.0000 20.9528
21.0000 20.2896
21.0000 20.9133
21.0000 19.2024
21.0000 20.6068
21.0000 21.1495
21.0000 19.1659
21.0000 20.9672
21.0000 20.7080
21.0000 20.1800
21.0000 20.5115
21.0000 20.6487
21.0000 21.6563
21.0000 20.3525
21.0000 19.5608
21.0000 21.1376
21.0000 20.1301
21.0000 21.2179
21.0000 20.3588
21.0000 20.1262
21.0000 21.5665
21.0000 20.3699
21.0000 20.5382
21.0000 21.8404
21.0000 19.6773
21.0000 20.8459
21.0000 20.5970
21.0000 20.3842
21.0000 19.6993
21.0000 21.1470
21.0000 20.7632
21.0000 20.3122
21.0000 20.8137
21.0000 20.9540
21.0000 19.9880
21.0000 19.7979
21.0000 21.1403
21.0000 20.9997
21.0000 20.0930
21.0000 20.2772
21.0000 19.9696
21.0000 20.2132
21.0000 21.1059
21.0000 20.0899
21.0000 20.2886
21.0000 19.9196
21.0000 20.4393
21.0000 19.8566
21.0000 20.3675
21.0000 20.8911
21.0000 20.5074
21.0000 21.4376
21.0000 20.9102
21.0000 20.6985
21.0000 20.5716
21.0000 18.9747
21.0000 20.4436
21.0000 20.8235
21.0000 21.2497
21.0000 19.8896
21.0000 20.2232
21.0000 20.5490
21.0000 21.0067
21.0000 19.9546
21.0000 20.8121
21.0000 20.6703
21.0000 20.3406
21.0000 21.0021
21.0000 20.4945
21.0000 20.1517
21.0000 21.0151
21.0000 21.4076
21.0000 20.4048
21.0000 20.7876
21.0000 20.1515
21.0000 20.5026
21.0000 19.8195
21.0000 20.4107
21.0000 21.2484
21.0000 20.2947
21.0000 20.8854
21.0000 20.5399
21.0000 19.8452
21.0000 20.0378
21.0000 20.8749
21.0000 20.1704
21.0000 21.4037
21.0000 21.0565
21.0000 20.7013
21.0000 20.0090
21.0000 20.6297
21.0000 20.6339
21.0000 20.9514
21.0000 20.2759
21.0000 20.2440
21.0000 20.8007
21.0000 20.3174
21.0000 20.2444
21.0000 19.9872
21.0000 19.9392
21.0000 19.6404
21.0000 20.1794
21.0000 21.5807
21.0000 20.5889
21.0000 19.9287
21.0000 21.3822
21.0000 20.6758
21.0000 19.7095
21.0000 21.4616
21.0000 20.5213
21.0000 21.0040
21.0000 20.5721
21.0000 20.0773
21.0000 20.6140
21.0000 20.1216
21.0000 20.1057
21.0000 20.4146
21.0000 20.9085
21.0000 20.8136
21.0000 21.2740
21.0000 20.1318
21.0000 20.1843
21.0000 19.7944
21.0000 22.1340
21.0000 20.2577
21.0000 20.8317
21.0000 20.1828
21.0000 20.1562
21.0000 21.1526
21.0000 19.6990
21.0000 20.9595
21.0000 20.4349
21.0000 20.5893
21.0000 20.5920
21.0000 19.5517
21.0000 20.2690
21.0000 20.8163
21.0000 20.1610
21.0000 20.6545
21.0000 19.5707
21.0000 21.1785
21.0000 20.1768
21.0000 20.0420
21.0000 19.0749
21.0000 20.5233
21.0000 20.5155
21.0000 20.8542
21.0000 20.4187
21.0000 20.6372
21.0000 20.2479
21.0000 20.9383
21.0000 20.7108
21.0000 20.2310
21.0000 20.8699
21.0000 19.9369
21.0000 21.7826
21.0000 19.6273
21.0000 20.5540
21.0000 20.0250
21.0000 21.3177
21.0000 20.1450
21.0000 20.6112
21.0000 20.3238
21.0000 20.8323
21.0000 19.9145
21.0000 20.0260
21.0000 20.7945
21.0000 21.2519
21.0000 20.6852
21.0000 21.2363
21.0000 20.3155
21.0000 20.1693
21.0000 20.9795
21.0000 20.7272
21.0000 20.8565
21.0000 20.6711
21.0000 20.6590
21.0000 19.9100
21.0000 22.1814
21.0000 21.2007
21.0000 20.7096
21.0000 21.2209
21.0000 20.4497
21.0000 20.2681
21.0000 20.2338
21.0000 20.6537
21.0000 20.9425
21.0000 19.7428
21.0000 20.0710
21.0000 20.8221
21.0000 19.8478
21.0000 19.9372
21.0000 20.6299
21.0000 21.4928
21.0000 20.6435
21.0000 20.0188
21.0000 20.4250
21.0000 20.1466
21.0000 20.8072
21.0000 21.2949
21.0000 20.7622
21.0000 20.8789
21.0000 20.0079
21.0000 20.0687
21.0000 20.8925
21.0000 20.8714
21.0000 20.5205
21.0000 20.2025
21.0000 21.3884
21.0000 21.3721
21.0000 19.9976
21.0000 20.1991
21.0000 21.1308
21.0000 20.3805
21.0000 20.6457
21.0000 19.7393
21.0000 20.2557
21.0000 20.5104
21.0000 20.6101
21.0000 19.9520
21.0000 19.8887
21.0000 20.7812
21.0000 20.6436
21.0000 20.6912
21.0000 21.5440
21.0000 20.8055
21.0000 20.4908
21.0000 21.8364
21.0000 20.2102
21.0000 19.9439
21.0000 21.0752
21.0000 20.5631
21.0000 20.8569
21.0000 20.3980
21.0000 20.9828
21.0000 19.9193
21.0000 20.1936
21.0000 20.2305
21.0000 20.9935
21.0000 21.5294
21.0000 19.9914
21.0000 21.4156
21.0000 20.5656
21.0000 19.7249
21.0000 21.0234
21.0000 19.6803
21.0000 20.3184
21.0000 20.9378
21.0000 20.6228
21.0000 20.5738
21.0000 21.3959
21.0000 20.4791
21.0000 19.8041
21.0000 20.9781
21.0000 20.4645
21.0000 20.1726
21.0000 19.8403
21.0000 20.1713
21.0000 20.7180
21.0000 20.6561
21.0000 21.1032
21.0000 19.9660
21.0000 20.4370
21.0000 20.0201
21.0000 19.8527
21.0000 20.8713
21.0000 20.3478
21.0000 20.0396
21.0000 20.7825
21.0000 20.5093
21.0000 20.3546
21.0000 19.9817
21.0000 20.9828
21.0000 20.8364
21.0000 20.3430
21.0000 20.9630
21.0000 20.6863
21.0000 20.8838
21.0000 20.4968
21.0000 20.8716
21.0000 21.3814
21.0000 21.1803
21.0000 20.7606
21.0000 20.9487
21.0000 20.2777
21.0000 19.8094
21.0000 19.9987
21.0000 20.1516
21.0000 20.1621
21.0000 19.9680
21.0000 20.9090
21.0000 20.8758
21.0000 20.5758
21.0000 20.5049
21.0000 20.0430
21.0000 20.8103
21.0000 21.0852
21.0000 19.7692
21.0000 20.7293
21.0000 20.1733
21.0000 21.2085
21.0000 20.1992
21.0000 20.4404
21.0000 20.8929
21.0000 20.6271
21.0000 21.3545
21.0000 20.1794
21.0000 21.4453
21.0000 20.8277
21.0000 20.4209
21.0000 19.9903
21.0000 20.1321
21.0000 20.2374
21.0000 20.3388
21.0000 20.0598
21.0000 19.7317
21.0000 20.4195
21.0000 20.2572
21.0000 20.5101
21.0000 20.4311
21.0000 19.7863
21.0000 20.7120
21.0000 20.3284
21.0000 20.6218
21.0000 20.9596
21.0000 21.9013
21.0000 20.2211
21.0000 20.6216
21.0000 19.6522
21.0000 20.2452
21.0000 20.2570
21.0000 19.8004
21.0000 21.0438
21.0000 20.2268
21.0000 20.5202
21.0000 19.9298
21.0000 19.6746
21.0000 20.3892
21.0000 20.5814
21.0000 21.0314
21.0000 20.3113
21.0000 19.4802
21.0000 21.0312
21.0000 20.4319
21.0000 21.0618
21.0000 20.7389
21.0000 20.0154
21.0000 18.6944
21.0000 20.4531
21.0000 19.8956
21.0000 21.5040
21.0000 20.6620
21.0000 21.1220
21.0000 20.2707
21.0000 21.0151
21.0000 19.3522
21.0000 20.1261
21.0000 20.3492
21.0000 20.4418
21.0000 20.8171
21.0000 20.4481
21.0000 20.9791
21.0000 21.0976
21.0000 21.2603
21.0000 20.4762
21.0000 19.1994
21.0000 21.3084
21.0000 19.5667
21.0000 20.6752
21.0000 21.5536
21.0000 20.7199
21.0000 20.0514
21.0000 20.8919
21.0000 20.3291
21.0000 21.7325
21.0000 20.6129
21.0000 19.8213
21.0000 21.1549
21.0000 19.7913
21.0000 20.5037
21.0000 20.7482
21.0000 20.5614
21.0000 20.5676
21.0000 20.0475
21.0000 20.4488
21.0000 20.7311
21.0000 20.1288
21.0000 20.8041
21.0000 21.5965
21.0000 20.7181
21.0000 20.9981
21.0000 21.0597
21.0000 20.3692
21.0000 20.1433
21.0000 21.2013
21.0000 20.4975
21.0000 19.2019
21.0000 19.6245
21.0000 20.9735
21.0000 20.8417
21.0000 20.2557
21.0000 19.8646
21.0000 20.9679
21.0000 19.5209
21.0000 20.8102
21.0000 20.1655
21.0000 21.2420
21.0000 20.2907
21.0000 20.4299
21.0000 20.4999
21.0000 21.4082
21.0000 19.5809
21.0000 21.0726
21.0000 20.8958
21.0000 19.8683
21.0000 20.3906
21.0000 21.3802
21.0000 19.9743
21.0000 20.3312
21.0000 20.1983
21.0000 20.8739
21.0000 20.4061
21.0000 20.5229
21.0000 20.7182
21.0000 20.1985
21.0000 21.1000
21.0000 19.7339
21.0000 21.1668
21.0000 19.3731
21.0000 20.5208
21.0000 20.5045
21.0000 20.1831
21.0000 20.9561
21.0000 20.8245
21.0000 20.4982
21.0000 20.0329
21.0000 20.1763
21.0000 21.6964
21.0000 20.5252
21.0000 20.0140
21.0000 21.7104
21.0000 20.9209
21.0000 21.1106
21.0000 20.2364
21.0000 20.2600
21.0000 19.6436
21.0000 21.2283
21.0000 19.7424
21.0000 21.1640
21.0000 21.8172
21.0000 20.7793
21.0000 22.1206
21.0000 19.8686
21.0000 21.4382
21.0000 21.2968
21.0000 20.2181
21.0000 19.9703
21.0000 21.5006
21.0000 20.5787
21.0000 21.0554
21.0000 20.2285
21.0000 20.6219
21.0000 20.7488
21.0000 21.6812
21.0000 20.1886
21.0000 20.6477
21.0000 20.0742
21.0000 20.8027
21.0000 20.3668
21.0000 20.7557
21.0000 19.4991
21.0000 20.8922
21.0000 20.6300
21.0000 20.6527
21.0000 19.8704
21.0000 21.0554
21.0000 20.7177
21.0000 20.3080
21.0000 21.7689
21.0000 20.4882
21.0000 20.7082
21.0000 20.7117
21.0000 20.2120
21.0000 20.2436
21.0000 20.3635
21.0000 20.4410
21.0000 20.5532
21.0000 20.7334
21.0000 20.3537
21.0000 20.3712
21.0000 20.1375
21.0000 20.8627
21.0000 21.4225
21.0000 20.6390
21.0000 20.3188
21.0000 20.9925
21.0000 19.9886
21.0000 20.8982
21.0000 20.9206
21.0000 20.5907
21.0000 19.9147
21.0000 20.8307
21.0000 19.9010
21.0000 19.6384
21.0000 20.5615
21.0000 21.2057
21.0000 19.8278
21.0000 20.4039
21.0000 19.9130
21.0000 21.0854
21.0000 20.8957
21.0000 20.6238
21.0000 20.3911
21.0000 20.2636
21.0000 20.6523
21.0000 20.6019
21.0000 20.1886
21.0000 20.7922
21.0000 19.3417
21.0000 19.5377
21.0000 20.6471
21.0000 19.0582
21.0000 21.3864
21.0000 19.9613
21.0000 20.5058
21.0000 20.5483
21.0000 19.7242
21.0000 19.8091
21.0000 20.3256
21.0000 20.7709
21.0000 20.3549
21.0000 21.2979
21.0000 21.1035
21.0000 21.1919
21.0000 21.1621
21.0000 20.8332
21.0000 20.2550
21.0000 19.9667
21.0000 21.4533
21.0000 21.0858
21.0000 20.1619
21.0000 20.4102
21.0000 20.8553
21.0000 20.6651
21.0000 21.3314
21.0000 21.2919
21.0000 21.6596
21.0000 19.8917
21.0000 20.2880
21.0000 21.6215
21.0000 19.9572
21.0000 21.0854
21.0000 20.3763
21.0000 20.4192
21.0000 20.9507
21.0000 20.1452
21.0000 20.9352
21.0000 20.8396
21.0000 20.6233
21.0000 21.3356
21.0000 21.2418
21.0000 21.4752
21.0000 21.7480
21.0000 20.6228
21.0000 19.6033
21.0000 19.9430
21.0000 20.1727
21.0000 20.5191
21.0000 19.7681
21.0000 20.8204
21.0000 20.4441
21.0000 21.3877
21.0000 20.5364
21.0000 20.4130
21.0000 21.0763
21.0000 20.7505
21.0000 20.4140
21.0000 20.6989
21.0000 20.7437
21.0000 20.4914
21.0000 20.7067
21.0000 20.9532
21.0000 20.0199
21.0000 20.2773
21.0000 20.4009
21.0000 20.5765
21.0000 20.5872
21.0000 20.8906
21.0000 19.9183
21.0000 21.3281
21.0000 20.5740
21.0000 20.1556
21.0000 19.8057
21.0000 20.5564
21.0000 20.3410
21.0000 20.6674
21.0000 20.7404
21.0000 20.4326
21.0000 20.1349
21.0000 19.8687
21.0000 19.5055
21.0000 20.1607
21.0000 20.8182
21.0000 20.1047
21.0000 20.7262
21.0000 20.8578
21.0000 21.3028
21.0000 20.3909
21.0000 20.3515
21.0000 20.8027
21.0000 20.8193
21.0000 20.9453
21.0000 21.0123
21.0000 20.1474
21.0000 20.7473
21.0000 20.2182
21.0000 20.5091
21.0000 19.9324
21.0000 20.9937
21.0000 20.7480
21.0000 20.6656
21.0000 20.2166
21.0000 21.0107
21.0000 21.1695
21.0000 21.0946
21.0000 20.7767
21.0000 20.5374
21.0000 20.4759
21.0000 19.8335
21.0000 20.1348
21.0000 20.0392
21.0000 20.8850
21.0000 20.6402
21.0000 20.2879
21.0000 20.7906
21.0000 21.4395
21.0000 20.3327
21.0000 21.5691
21.0000 20.3164
21.0000 20.7106
21.0000 20.9668
21.0000 20.7770
21.0000 21.0263
21.0000 20.0259
21.0000 20.9855
21.0000 20.1751
21.0000 21.4773
21.0000 21.6320
21.0000 20.9566
21.0000 20.5314
21.0000 20.4410
21.0000 20.5822
21.0000 20.0733
21.0000 20.5263
21.0000 20.9710
21.0000 21.2168
21.0000 21.1642
21.0000 20.9089
21.0000 20.7539
21.0000 20.8302
21.0000 20.1846
21.0000 19.7992
21.0000 20.2235
21.0000 20.5058
21.0000 19.9464
21.0000 21.6205
21.0000 20.8029
21.0000 20.3175
21.0000 21.0057
21.0000 20.5266
21.0000 20.8673
21.0000 20.5480
21.0000 20.8987
21.0000 20.5483
21.0000 20.7169
21.0000 20.6752
21.0000 21.1550
21.0000 20.0712
21.0000 21.2455
21.0000 20.9346
21.0000 20.9629
21.0000 21.6390
21.0000 21.5089
21.0000 19.7476
21.0000 21.1304
21.0000 20.7779
21.0000 21.1281
21.0000 20.9660
21.0000 20.4577
21.0000 19.8498
21.0000 21.6667
21.0000 20.4568
21.0000 20.2707
21.0000 20.1513
21.0000 20.5356
21.0000 20.4069
21.0000 20.7782
21.0000 21.1154
21.0000 20.5768
21.0000 19.6871
21.0000 20.6207
21.0000 20.1028
21.0000 21.4994
21.0000 20.0867
21.0000 20.2680
21.0000 20.4985
21.0000 21.1316
21.0000 20.9891
21.0000 20.2508
21.0000 20.6058
21.0000 20.8263
21.0000 20.2368
21.0000 20.0096
21.0000 21.2933
21.0000 20.5688
21.0000 20.3914
21.0000 20.0784
21.0000 20.1062
21.0000 20.3299
21.0000 20.7666
21.0000 20.2453
21.0000 21.2054
21.0000 19.6199
21.0000 21.0343
21.0000 20.5904
21.0000 21.2554
21.0000 21.3380
21.0000 19.7594
21.0000 20.7992
21.0000 21.0159
21.0000 19.8312
21.0000 20.1511
21.0000 20.9809
21.0000 20.5912
21.0000 19.7583
21.0000 20.3578
21.0000 21.2272
21.0000 20.2061
21.0000 18.9984
21.0000 20.0581
21.0000 20.2864
21.0000 21.9127
21.0000 18.9238
21.0000 20.2736
21.0000 19.3104
21.0000 20.3461
21.0000 19.6090
21.0000 21.3221
21.0000 21.3504
21.0000 20.5325
21.0000 20.2213
21.0000 20.2404
21.0000 19.3187
21.0000 20.8151
21.0000 20.4878
21.0000 20.9397
21.0000 21.4355
21.0000 20.4249
21.0000 20.3987
21.0000 19.9091
21.0000 20.2380
21.0000 21.2340
21.0000 20.7951
21.0000 20.0775
21.0000 20.5233
21.0000 21.0336
21.0000 20.5059
21.0000 21.1508
21.0000 20.8686
21.0000 19.8762
21.0000 20.3900
21.0000 20.2466
21.0000 19.5473
21.0000 20.9614
21.0000 20.6821
21.0000 20.3857
21.0000 19.8917
21.0000 20.7113
21.0000 19.6578
21.0000 19.3450
21.0000 20.0150
21.0000 20.2884
21.0000 19.8963
21.0000 20.2450
21.0000 21.3244
21.0000 20.6894
21.0000 19.6983
21.0000 19.8805
21.0000 19.6004
21.0000 20.3032
21.0000 20.2822
21.0000 21.5752
21.0000 21.1926
21.0000 21.2527
21.0000 20.5768
21.0000 20.3641
21.0000 20.7102
21.0000 20.8319
21.0000 20.4579
21.0000 19.8270
21.0000 21.6466
21.0000 20.1850
21.0000 20.8796
21.0000 20.2746
21.0000 19.4981
21.0000 21.2924
21.0000 21.1547
21.0000 20.9367
21.0000 20.9696
21.0000 20.5121
21.0000 21.1554
21.0000 20.1332
21.0000 20.7450
21.0000 20.8612
21.0000 19.9489
21.0000 20.6675
21.0000 21.0105
21.0000 20.0822
21.0000 20.6584
21.0000 20.7476
21.0000 20.1305
21.0000 20.5404
21.0000 20.9971
21.0000 20.2027
21.0000 20.8247
21.0000 20.5982
21.0000 20.5756
21.0000 19.9103
21.0000 20.5204
21.0000 20.0275
21.0000 20.0076
21.0000 20.4531
21.0000 19.9795
21.0000 20.4246
21.0000 20.5426
21.0000 20.0541
21.0000 20.2639
21.0000 20.4569
21.0000 20.1299
21.0000 20.5009
21.0000 20.6953
21.0000 19.6215
21.0000 20.8347
21.0000 20.6834
21.0000 21.1064
21.0000 20.3547
21.0000 19.6017
21.0000 19.9783
21.0000 20.1678
21.0000 19.9211
21.0000 20.2013
21.0000 20.2997
21.0000 19.9784
21.0000 21.3375
21.0000 20.4991
21.0000 20.7430
21.0000 20.2604
21.0000 20.5369
21.0000 20.5993
21.0000 20.3859
21.0000 20.3829
21.0000 19.9936
21.0000 19.9760
21.0000 20.3002
21.0000 20.4262
21.0000 20.3793
21.0000 20.4178
21.0000 20.7125
21.0000 21.0162
21.0000 19.8389
21.0000 20.6495
21.0000 20.0005
21.0000 21.1990
21.0000 20.9463
21.0000 20.2689
21.0000 20.3732
21.0000 20.8897
21.0000 20.4442
21.0000 20.5683
21.0000 20.1067
21.0000 20.6859
21.0000 20.8071
21.0000 21.0551
21.0000 19.9952
21.0000 21.3245
21.0000 20.3730
21.0000 19.8055
21.0000 20.7272
21.0000 20.1049
21.0000 20.7624
21.0000 21.4015
21.0000 21.1807
21.0000 20.2060
21.0000 20.1163
21.0000 21.6401
21.0000 20.9172
21.0000 20.4100
21.0000 20.2876
21.0000 20.5441
21.0000 19.6186
21.0000 20.2223
21.0000 19.6403
21.0000 21.6092
21.0000 21.1660
21.0000 20.5784
21.0000 21.2005
21.0000 19.8009
21.0000 21.0231
21.0000 20.7473
21.0000 21.4746
21.0000 20.6589
21.0000 19.6314
21.0000 19.7773
21.0000 21.0389
21.0000 21.2558
21.0000 20.8716
21.0000 20.4497
21.0000 21.3469
21.0000 20.2233
21.0000 21.2646
21.0000 20.1674
21.0000 19.9242
21.0000 20.6272
21.0000 19.9041
21.0000 20.0808
21.0000 20.4301
21.0000 20.2633
21.0000 20.8252
21.0000 20.2161
21.0000 19.8326
21.0000 20.8583
21.0000 20.4467
21.0000 20.1637
21.0000 20.9922
21.0000 19.8085
21.0000 20.2497
21.0000 19.7834
21.0000 21.9329
21.0000 20.1397
21.0000 21.3949
21.0000 20.0227
21.0000 21.0592
21.0000 19.9724
21.0000 20.6439
21.0000 20.5274
21.0000 21.1810
21.0000 20.5485
21.0000 20.0651
21.0000 20.5936
21.0000 20.0230
21.0000 20.4863
21.0000 20.3884
21.0000 20.1399
21.0000 19.7755
21.0000 20.7219
21.0000 19.4329
21.0000 20.5549
21.0000 20.2964
21.0000 20.1747
21.0000 21.1189
21.0000 20.7447
21.0000 20.9044
21.0000 20.7905
21.0000 20.5738
21.0000 19.9857
21.0000 20.5723
21.0000 20.4046
21.0000 20.3712
21.0000 20.2735
21.0000 19.8627
21.0000 19.7249
21.0000 21.2668
21.0000 19.9889
21.0000 20.6502
21.0000 20.9015
21.0000 20.3340
21.0000 20.4334
21.0000 21.7227
21.0000 20.4831
21.0000 19.3762
21.0000 21.0611
21.0000 19.9487
21.0000 20.2262
21.0000 21.9489
21.0000 19.6723
21.0000 21.1007
21.0000 21.1104
21.0000 20.4937
21.0000 21.7975
21.0000 20.5205
21.0000 20.6641
21.0000 20.6637
21.0000 20.8394
21.0000 20.2154
21.0000 20.2303
21.0000 20.2127
21.0000 20.3375
21.0000 20.8241
21.0000 20.3602
21.0000 20.2903
21.0000 20.1969
21.0000 20.9749
21.0000 20.0267
21.0000 20.0575
21.0000 21.5221
21.0000 19.6965
21.0000 21.1057
21.0000 20.3821
21.0000 20.9769
21.0000 19.9943
21.0000 20.2474
21.0000 20.2353
21.0000 20.5426
21.0000 20.5238
21.0000 20.0259
21.0000 20.4866
21.0000 20.2656
21.0000 20.6324
21.0000 19.9217
21.0000 20.8444
21.0000 20.8143
21.0000 19.6760
21.0000 19.9650
21.0000 20.6135
21.0000 20.7133
21.0000 20.6404
21.0000 20.7118
21.0000 21.1185
21.0000 21.1978
21.0000 20.5343
21.0000 20.1675
21.0000 19.9565
21.0000 20.1599
21.0000 20.4828
21.0000 20.2028
21.0000 20.7779
21.0000 20.0947
21.0000 20.3228
21.0000 20.2375
21.0000 20.5791
21.0000 20.3519
21.0000 20.6288
21.0000 20.6889
21.0000 19.2578
21.0000 20.7484
21.0000 19.9901
21.0000 20.3140
21.0000 19.7107
21.0000 20.3237
21.0000 21.0973
21.0000 21.3263
21.0000 19.6496
21.0000 20.0074
21.0000 19.9744
21.0000 20.2697
21.0000 19.5426
21.0000 20.8642
21.0000 20.8601
21.0000 20.3545
21.0000 21.6542
21.0000 21.0890
21.0000 20.4346
21.0000 20.8791
21.0000 20.3862
21.0000 20.2872
21.0000 20.1778
21.0000 20.5601
21.0000 20.5749
21.0000 20.7244
21.0000 20.2254
21.0000 20.4202
21.0000 19.6064
21.0000 20.4855
21.0000 19.7188
21.0000 20.9662
21.0000 21.2625
21.0000 20.8577
21.0000 21.5425
21.0000 20.9846
21.0000 19.6829
21.0000 20.6393
21.0000 20.8956
21.0000 20.1439
21.0000 20.3312
21.0000 20.1203
21.0000 19.8793
21.0000 20.3711
21.0000 19.9389
21.0000 21.3754
21.0000 20.3608
21.0000 20.6387
21.0000 20.7358
21.0000 20.6076
21.0000 20.7201
21.0000 19.9099
21.0000 20.8152
21.0000 20.9423
21.0000 20.5697
21.0000 20.5504
21.0000 21.0952
21.0000 21.0528
21.0000 20.6866
21.0000 20.1657
21.0000 20.5404
21.0000 19.8339
21.0000 20.6028
21.0000 19.3559
21.0000 20.6671
21.0000 19.8947
21.0000 19.7988
21.0000 21.0485
21.0000 20.5891
21.0000 20.9162
21.0000 19.9418
21.0000 21.0416
21.0000 20.5952
21.0000 20.0737
21.0000 20.4482
21.0000 20.9242
21.0000 21.3461
21.0000 19.9759
21.0000 19.8306
21.0000 22.0192
21.0000 20.1445
21.0000 21.0551
21.0000 20.7545
21.0000 20.3884
21.0000 20.8418
21.0000 20.1753
21.0000 19.3612
21.0000 20.6180
21.0000 21.5751
21.0000 20.6045
21.0000 20.3920
21.0000 21.3062
21.0000 20.7299
21.0000 20.0970
21.0000 20.2973
21.0000 19.8604
21.0000 20.7232
21.0000 20.8243
21.0000 21.1213
21.0000 21.0731
21.0000 20.7567
21.0000 20.1861
21.0000 20.9891
21.0000 19.9723
21.0000 21.3739
21.0000 20.8120
21.0000 20.8211
21.0000 21.4179
21.0000 19.9646
21.0000 21.1072
21.0000 20.2180
21.0000 19.8134
21.0000 20.2610
21.0000 19.9566
21.0000 20.4812
21.0000 21.4210
21.0000 20.9397
21.0000 19.8052
21.0000 20.4092
21.0000 20.2245
21.0000 20.9132
21.0000 20.7520
21.0000 20.7491
21.0000 20.4316
21.0000 19.7929
21.0000 20.5657
21.0000 20.2644
21.0000 20.8836
21.0000 20.6871
21.0000 21.5663
21.0000 20.6841
21.0000 20.8186
21.0000 19.9904
21.0000 20.3930
21.0000 20.6024
21.0000 20.5704
21.0000 20.5052
21.0000 20.3173
21.0000 20.3080
21.0000 20.6843
21.0000 20.3828
21.0000 20.0776
21.0000 19.9599
21.0000 20.2316
21.0000 20.8711
21.0000 20.9350
21.0000 20.3155
21.0000 20.6356
21.0000 19.7925
21.0000 20.8139
21.0000 21.0612
21.0000 20.6691
21.0000 21.4142
21.0000 21.2167
21.0000 21.2392
21.0000 20.8022
21.0000 20.8236
21.0000 20.5060
21.0000 20.4239
21.0000 19.5706
21.0000 20.9468
21.0000 20.1526
21.0000 20.2709
21.0000 20.1387
21.0000 20.4937
21.0000 20.1311
21.0000 20.5727
21.0000 20.2619
21.0000 20.7605
21.0000 20.0104
21.0000 19.6551
21.0000 21.2334
21.0000 19.8726
21.0000 21.0040
21.0000 20.8260
21.0000 19.8703
21.0000 20.8652
21.0000 20.6767
21.0000 20.8016
21.0000 20.0874
21.0000 21.2271
21.0000 21.3364
21.0000 20.4740
21.0000 20.9756
21.0000 20.2182
21.0000 21.0472
21.0000 20.7648
21.0000 21.1620
21.0000 19.7837
21.0000 21.1739
21.0000 19.7999
21.0000 21.2675
21.0000 21.1924
21.0000 20.2167
21.0000 19.7011
21.0000 21.2134
21.0000 20.6027
21.0000 20.2837
21.0000 20.3339
21.0000 20.5888
21.0000 21.3455
21.0000 20.2915
21.0000 20.6653
21.0000 20.1571
21.0000 20.2960
21.0000 20.4152
21.0000 20.9465
21.0000 21.1035
21.0000 21.2784
21.0000 21.8795
21.0000 20.3083
21.0000 20.4677
21.0000 20.1496
21.0000 20.5595
21.0000 20.6226
21.0000 21.2500
21.0000 19.8330
21.0000 21.5278
21.0000 20.1411
21.0000 20.0174
21.0000 21.1118
21.0000 19.9422
21.0000 20.4538
21.0000 20.2002
21.0000 20.9408
21.0000 19.7921
