22.0000 21.8100
22.0000 22.4387
22.0000 21.2518
22.0000 21.6530
22.0000 21.0740
22.0000 21.0141
22.0000 21.3862
22.0000 21.4936
22.0000 22.0445
22.0000 21.7680
22.0000 20.9119
22.0000 20.9254
22.0000 21.6438
22.0000 21.1800
22.0000 21.3306
22.0000 20.9743
22.0000 21.4064
22.0000 20.3679
22.0000 21.0664
22.0000 21.5122
22.0000 20.7965
22.0000 21.4725
22.0000 21.8053
22.0000 20.3111
22.0000 21.5624
22.0000 20.6217
22.0000 21.6302
22.0000 19.9049
22.0000 21.3416
22.0000 21.1022
22.0000 22.0710
22.0000 20.8230
22.0000 21.6508
22.0000 20.8911
22.0000 21.2696
22.0000 21.6685
22.0000 21.5685
22.0000 22.2452
22.0000 22.4480
22.0000 21.4934
22.0000 21.5774
22.0000 21.7275
22.0000 21.3363
22.0000 22.6587
22.0000 22.0581
22.0000 21.1603
22.0000 21.4358
22.0000 20.2534
22.0000 21.3433
22.0000 22.6451
22.0000 22.2419
22.0000 20.0493
22.0000 21.1115
22.0000 21.7347
22.0000 20.6416
22.0000 21.2462
22.0000 21.4843
22.0000 20.9396
22.0000 21.8329
22.0000 22.3041
22.0000 21.9707
22.0000 21.6218
22.0000 21.4354
22.0000 21.7156
22.0000 21.3448
22.0000 21.2902
22.0000 21.7676
22.0000 21.6237
22.0000 20.6189
22.0000 21.6855
22.0000 21.6758
22.0000 21.9498
22.0000 20.9634
22.0000 21.7209
22.0000 21.0430
22.0000 21.6837
22.0000 21.0843
22.0000 20.9336
22.0000 20.9012
22.0000 21.0964
22.0000 21.0320
22.0000 20.7691
22.0000 21.8352
22.0000 21.6160
22.0000 21.8388
22.0000 22.3208
22.0000 21.7099
22.0000 21.1847
22.0000 21.7631
22.0000 22.0873
22.0000 22.0019
22.0000 21.1427
22.0000 21.6598
22.0000 21.4526
22.0000 20.9929
22.0000 20.1412
22.0000 22.1059
22.0000 21.9056
22.0000 20.7114
22.0000 21.8857
22.0000 21.9001
22.0000 20.9292
22.0000 21.7577
22.0000 20.5991
22.0000 21.7299
22.0000 21.6753
22.0000 21.4206
22.0000 21.4642
22.0000 21.4889
22.0000 22.2057
22.0000 20.4694
22.0000 21.9475
22.0000 21.9768
22.0000 21.1081
22.0000 21.2459
22.0000 21.2503
22.0000 21.4599
22.0000 21.2805
22.0000 21.4598
22.0000 19.8280
22.0000 21.5571
22.0000 21.4876
22.0000 21.3797
22.0000 21.2347
22.0000 20.9045
22.0000 21.2579
22.0000 21.0784
22.0000 20.8412
22.0000 21.7106
22.0000 20.8804
22.0000 22.2017
22.0000 21.1382
22.0000 20.7260
22.0000 22.3048
22.0000 23.0711
22.0000 22.1616
22.0000 21.9439
22.0000 21.5642
22.0000 22.7741
22.0000 21.1825
22.0000 21.4133
22.0000 21.1271
22.0000 21.8364
22.0000 22.2176
22.0000 21.2885
22.0000 21.3856
22.0000 21.7227
22.0000 22.0486
22.0000 21.0943
22.0000 21.0026
22.0000 21.5750
22.0000 21.2646
22.0000 20.6385
22.0000 20.7107
22.0000 21.4287
22.0000 20.5211
22.0000 22.0002
22.0000 21.6260
22.0000 21.7815
22.0000 21.3766
22.0000 20.6136
22.0000 21.7684
22.0000 22.1124
22.0000 20.5940
22.0000 21.9723
22.0000 21.3277
22.0000 21.7743
22.0000 20.6189
22.0000 21.5456
22.0000 20.9002
22.0000 21.7098
22.0000 20.9591
22.0000 21.5815
22.0000 21.9102
22.0000 21.6850
22.0000 21.9138
22.0000 21.2723
22.0000 22.1461
22.0000 21.1648
22.0000 20.5346
22.0000 21.1649
22.0000 21.2603
22.0000 20.9452
22.0000 22.9341
22.0000 21.6489
22.0000 21.9089
22.0000 21.4626
22.0000 21.4798
22.0000 21.0720
22.0000 21.9330
22.0000 21.1506
22.0000 21.0298
22.0000 20.7526
22.0000 21.0400
22.0000 21.4372
22.0000 20.7644
22.0000 21.5867
22.0000 21.7471
22.0000 20.3400
22.0000 21.7716
22.0000 21.7617
22.0000 21.8729
22.0000 21.4073
22.0000 20.9687
22.0000 21.0942
22.0000 21.5241
22.0000 21.8416
22.0000 22.0041
22.0000 21.5226
22.0000 21.5418
22.0000 21.5546
22.0000 21.6934
22.0000 21.4491
22.0000 22.0236
22.0000 21.7182
22.0000 21.6740
22.0000 21.0737
22.0000 21.2273
22.0000 22.0414
22.0000 21.6229
22.0000 21.4479
22.0000 21.0190
22.0000 21.6160
22.0000 21.7893
22.0000 21.6509
22.0000 21.7744
22.0000 20.8973
22.0000 21.4513
22.0000 21.2934
22.0000 21.6035
22.0000 21.5659
22.0000 21.4936
22.0000 21.2291
22.0000 22.3148
22.0000 21.8985
22.0000 21.9923
22.0000 20.5509
22.0000 21.7085
22.0000 21.9328
22.0000 20.4844
22.0000 20.8650
22.0000 20.2720
22.0000 21.2564
22.0000 20.6283
22.0000 21.0434
22.0000 21.7450
22.0000 21.6246
22.0000 20.7650
22.0000 21.5280
22.0000 21.6807
22.0000 21.2266
22.0000 20.8491
22.0000 21.2537
22.0000 20.6440
22.0000 21.3881
22.0000 21.3994
22.0000 21.1858
22.0000 21.3470
22.0000 21.7551
22.0000 21.2300
22.0000 21.5913
22.0000 20.8531
22.0000 20.7680
22.0000 21.7878
22.0000 21.9911
22.0000 21.4732
22.0000 22.1040
22.0000 22.5161
22.0000 21.7293
22.0000 21.7096
22.0000 21.8872
22.0000 21.3116
22.0000 21.6675
22.0000 20.3906
22.0000 20.9743
22.0000 22.0674
22.0000 21.5570
22.0000 20.7915
22.0000 20.9145
22.0000 21.5336
22.0000 21.3133
22.0000 21.0986
22.0000 21.1966
22.0000 22.1010
22.0000 21.3477
22.0000 22.7793
22.0000 21.6824
22.0000 22.1896
22.0000 22.6132
22.0000 21.4109
22.0000 21.8250
22.0000 21.9680
22.0000 21.6958
22.0000 19.9882
22.0000 21.4973
22.0000 21.4555
22.0000 21.5819
22.0000 21.1575
22.0000 21.7074
22.0000 21.2439
22.0000 21.2181
22.0000 20.8931
22.0000 21.4331
22.0000 21.1725
22.0000 19.6105
22.0000 21.3143
22.0000 21.5476
22.0000 20.9197
22.0000 21.6839
22.0000 21.7467
22.0000 20.9495
22.0000 21.9183
22.0000 21.4117
22.0000 20.9330
22.0000 21.5310
22.0000 21.9704
22.0000 20.8270
22.0000 21.6308
22.0000 22.2177
22.0000 21.7850
22.0000 20.7609
22.0000 21.7688
22.0000 21.1600
22.0000 22.0350
22.0000 21.4194
22.0000 21.3390
22.0000 21.4056
22.0000 21.6432
22.0000 22.1338
22.0000 20.9998
22.0000 21.2023
22.0000 22.0172
22.0000 20.8953
22.0000 20.2007
22.0000 21.2005
22.0000 21.8509
22.0000 21.0126
22.0000 20.5971
22.0000 21.4859
22.0000 20.5570
22.0000 20.9740
22.0000 21.4070
22.0000 20.5889
22.0000 22.3061
22.0000 21.2060
22.0000 20.7951
22.0000 20.9662
22.0000 22.0702
22.0000 21.1572
22.0000 21.2753
22.0000 21.6632
22.0000 21.7444
22.0000 20.6008
22.0000 21.3167
22.0000 21.6368
22.0000 21.6828
22.0000 21.8625
22.0000 22.3041
22.0000 21.4501
22.0000 21.3957
22.0000 20.1176
22.0000 21.5754
22.0000 21.0056
22.0000 20.4821
22.0000 21.4426
22.0000 21.0772
22.0000 21.0930
22.0000 21.4080
22.0000 21.9499
22.0000 20.9960
22.0000 20.7368
22.0000 20.2001
22.0000 22.4960
22.0000 22.0614
22.0000 21.6732
22.0000 21.2422
22.0000 21.2294
22.0000 21.8291
22.0000 21.8714
22.0000 22.1068
22.0000 20.2968
22.0000 21.7024
22.0000 21.4597
22.0000 20.6229
22.0000 21.6396
22.0000 21.6953
22.0000 21.5544
22.0000 20.0318
22.0000 21.7474
22.0000 21.4086
22.0000 21.8717
22.0000 21.0339
22.0000 21.7289
22.0000 22.3691
22.0000 22.0830
22.0000 22.2653
22.0000 21.6335
22.0000 22.6254
22.0000 22.5309
22.0000 21.1123
22.0000 21.7660
22.0000 21.3143
22.0000 20.8813
22.0000 22.1547
22.0000 21.2255
22.0000 21.8943
22.0000 21.4928
22.0000 20.8360
22.0000 22.6989
22.0000 21.1300
22.0000 22.8357
22.0000 21.5480
22.0000 20.8058
22.0000 22.2261
22.0000 23.6028
22.0000 21.5555
22.0000 20.5742
22.0000 20.6309
22.0000 21.5133
22.0000 21.3090
22.0000 21.8566
22.0000 20.9167
22.0000 21.3671
22.0000 22.5454
22.0000 20.9809
22.0000 22.5407
22.0000 21.3566
22.0000 21.3688
22.0000 21.0594
22.0000 21.8143
22.0000 21.3211
22.0000 21.6915
22.0000 21.2474
22.0000 21.1297
22.0000 21.9576
22.0000 22.2237
22.0000 21.2436
22.0000 20.8856
22.0000 21.5968
22.0000 21.5789
22.0000 21.2111
22.0000 20.9480
22.0000 21.5054
22.0000 21.6096
22.0000 21.7542
22.0000 22.3815
22.0000 21.1482
22.0000 21.3524
22.0000 21.4521
22.0000 21.1871
22.0000 22.0588
22.0000 21.7858
22.0000 21.8610
22.0000 20.7443
22.0000 21.4866
22.0000 21.8675
22.0000 21.3446
22.0000 21.0089
22.0000 21.5966
22.0000 21.1943
22.0000 20.6173
22.0000 20.7914
22.0000 21.2404
22.0000 21.5699
22.0000 21.3537
22.0000 20.8977
22.0000 22.0705
22.0000 22.1389
22.0000 21.4147
22.0000 21.9473
22.0000 21.4243
22.0000 21.5763
22.0000 20.8927
22.0000 21.5889
22.0000 21.0420
22.0000 22.1425
22.0000 21.8332
22.0000 21.3075
22.0000 20.6642
22.0000 22.4282
22.0000 21.6951
22.0000 21.7801
22.0000 20.7309
22.0000 21.7191
22.0000 20.8811
22.0000 21.7474
22.0000 21.1271
22.0000 21.6549
22.0000 21.3173
22.0000 21.7686
22.0000 21.0023
22.0000 21.9419
22.0000 21.2841
22.0000 21.8606
22.0000 20.8286
22.0000 21.4925
22.0000 21.4424
22.0000 21.3182
22.0000 21.1734
22.0000 20.9825
22.0000 21.1580
22.0000 21.9518
22.0000 22.2228
22.0000 21.5481
22.0000 21.5129
22.0000 21.5085
22.0000 21.7625
22.0000 20.4569
22.0000 20.5425
22.0000 20.0099
22.0000 21.3529
22.0000 21.9464
22.0000 22.4810
22.0000 21.4699
22.0000 21.3364
22.0000 21.4817
22.0000 21.8263
22.0000 21.7578
22.0000 21.0573
22.0000 21.5560
22.0000 22.2260
22.0000 21.3721
22.0000 21.8581
22.0000 21.1784
22.0000 21.4643
22.0000 20.7326
22.0000 21.9539
22.0000 21.6681
22.0000 21.2907
22.0000 21.1869
22.0000 21.6390
22.0000 21.4385
22.0000 21.9242
22.0000 21.7709
22.0000 21.3588
22.0000 21.1858
22.0000 23.3213
22.0000 21.4699
22.0000 21.4789
22.0000 21.3294
22.0000 21.8838
22.0000 21.5798
22.0000 22.4497
22.0000 21.5206
22.0000 21.9357
22.0000 22.3368
22.0000 21.1111
22.0000 21.2618
22.0000 20.8532
22.0000 21.3832
22.0000 22.1172
22.0000 21.6353
22.0000 20.8193
22.0000 21.5786
22.0000 21.3261
22.0000 21.6677
22.0000 21.3426
22.0000 21.4609
22.0000 21.4099
22.0000 22.5280
22.0000 21.2506
22.0000 21.7321
22.0000 20.4018
22.0000 21.4301
22.0000 21.7359
22.0000 21.7798
22.0000 20.9236
22.0000 21.2893
22.0000 20.9925
22.0000 21.4129
22.0000 20.9916
22.0000 21.1052
22.0000 21.7185
22.0000 21.8803
22.0000 21.2168
22.0000 22.2252
22.0000 21.8278
22.0000 21.0357
22.0000 21.3339
22.0000 21.4249
22.0000 23.3084
22.0000 21.5764
22.0000 21.3877
22.0000 22.0864
22.0000 21.8176
22.0000 21.7111
22.0000 21.8435
22.0000 20.7628
22.0000 21.2585
22.0000 20.6756
22.0000 21.9533
22.0000 21.3889
22.0000 21.1090
22.0000 21.5570
22.0000 21.1616
22.0000 20.9569
22.0000 21.3800
22.0000 20.7629
22.0000 21.0685
22.0000 21.0956
22.0000 21.5692
22.0000 20.9215
22.0000 22.3325
22.0000 20.8398
22.0000 21.3460
22.0000 21.3095
22.0000 20.3316
22.0000 21.8751
22.0000 21.4437
22.0000 21.0010
22.0000 21.2365
22.0000 21.2742
22.0000 20.9818
22.0000 21.6980
22.0000 20.4459
22.0000 21.1910
22.0000 22.2003
22.0000 22.6124
22.0000 21.6960
22.0000 22.1972
22.0000 21.1641
22.0000 21.7685
22.0000 21.1913
22.0000 21.1968
22.0000 21.2515
22.0000 21.9425
22.0000 21.2119
22.0000 22.1382
22.0000 21.1744
22.0000 20.6041
22.0000 20.2695
22.0000 21.2241
22.0000 22.5259
22.0000 20.4503
22.0000 21.3759
22.0000 22.6401
22.0000 19.9940
22.0000 20.9706
22.0000 22.5113
22.0000 20.5571
22.0000 20.8397
22.0000 21.7137
22.0000 21.4288
22.0000 21.9830
22.0000 21.1233
22.0000 21.5896
22.0000 20.0643
22.0000 22.1717
22.0000 20.9263
22.0000 21.3707
22.0000 21.6742
22.0000 21.8037
22.0000 21.5264
22.0000 21.2099
22.0000 21.8257
22.0000 22.0311
22.0000 21.2206
22.0000 20.9874
22.0000 21.3922
22.0000 20.9948
22.0000 21.0249
22.0000 21.2615
22.0000 21.6901
22.0000 21.0431
22.0000 21.3176
22.0000 21.3900
22.0000 21.7327
22.0000 21.5920
22.0000 21.0640
22.0000 21.5282
22.0000 21.0030
22.0000 20.7948
22.0000 21.4280
22.0000 21.1685
22.0000 21.3482
22.0000 21.2505
22.0000 20.9549
22.0000 22.0485
22.0000 21.2225
22.0000 21.1285
22.0000 21.7804
22.0000 21.7242
22.0000 21.2748
22.0000 21.8678
22.0000 21.6564
22.0000 20.4330
22.0000 21.2444
22.0000 21.4391
22.0000 21.5642
22.0000 21.9080
22.0000 22.3869
22.0000 21.3085
22.0000 21.6865
22.0000 21.7407
22.0000 21.7389
22.0000 20.0656
22.0000 21.4449
22.0000 21.7080
22.0000 21.6779
22.0000 19.6043
22.0000 21.8289
22.0000 22.0269
22.0000 21.1201
22.0000 21.6214
22.0000 20.5393
22.0000 21.4070
22.0000 21.8749
22.0000 21.5233
22.0000 21.4254
22.0000 21.6069
22.0000 21.7318
22.0000 21.7522
22.0000 21.6165
22.0000 20.3959
22.0000 21.4918
22.0000 20.9541
22.0000 21.2602
22.0000 22.0185
22.0000 21.5015
22.0000 22.9448
22.0000 21.3792
22.0000 22.1899
22.0000 21.8974
22.0000 21.9864
22.0000 22.1088
22.0000 21.4405
22.0000 21.7075
22.0000 20.8917
22.0000 21.2502
22.0000 20.8175
22.0000 21.0220
22.0000 20.9997
22.0000 22.0934
22.0000 21.7204
22.0000 21.6302
22.0000 21.3546
22.0000 21.3244
22.0000 20.9672
22.0000 21.0089
22.0000 21.8225
22.0000 21.3642
22.0000 22.0800
22.0000 21.3980
22.0000 22.0474
22.0000 21.3462
22.0000 21.4784
22.0000 21.6237
22.0000 20.3801
22.0000 22.2745
22.0000 22.0139
22.0000 21.3103
22.0000 21.6908
22.0000 20.9531
22.0000 21.1886
22.0000 21.3975
22.0000 21.2806
22.0000 21.6349
22.0000 20.7965
22.0000 20.7576
22.0000 21.1913
22.0000 21.9805
22.0000 21.3868
22.0000 21.1953
22.0000 20.9779
22.0000 21.7587
22.0000 21.7788
22.0000 21.4676
22.0000 22.3860
22.0000 21.2294
22.0000 21.4896
22.0000 20.9005
22.0000 22.0494
22.0000 20.9789
22.0000 21.3446
22.0000 21.2462
22.0000 21.6048
22.0000 21.5009
22.0000 21.0407
22.0000 22.0812
22.0000 21.2409
22.0000 20.8626
22.0000 22.3892
22.0000 21.6562
22.0000 21.1968
22.0000 21.0108
22.0000 20.9168
22.0000 20.7723
22.0000 20.9867
22.0000 20.9463
22.0000 21.1966
22.0000 21.7452
22.0000 22.0894
22.0000 22.6316
22.0000 21.3546
22.0000 20.3095
22.0000 21.7540
22.0000 21.3713
22.0000 21.6837
22.0000 20.9541
22.0000 21.8148
22.0000 21.5420
22.0000 21.0746
22.0000 20.9253
22.0000 21.6658
22.0000 21.4081
22.0000 21.1983
22.0000 21.5054
22.0000 20.8445
22.0000 22.0292
22.0000 21.5989
22.0000 20.4388
22.0000 21.5568
22.0000 22.1287
22.0000 22.2308
22.0000 22.0518
22.0000 20.9253
22.0000 20.8688
22.0000 21.4251
22.0000 21.4925
22.0000 21.6970
22.0000 21.5472
22.0000 22.2614
22.0000 21.2452
22.0000 21.3022
22.0000 21.3423
22.0000 21.2285
22.0000 21.1979
22.0000 21.9967
22.0000 21.4252
22.0000 21.7857
22.0000 20.5495
22.0000 21.8288
22.0000 21.9573
22.0000 21.5237
22.0000 20.9789
22.0000 21.6672
22.0000 21.1714
22.0000 21.9286
22.0000 21.7821
22.0000 22.3407
22.0000 22.0946
22.0000 21.4185
22.0000 21.7786
22.0000 21.3022
22.0000 20.7889
22.0000 21.1988
22.0000 22.2442
22.0000 21.9847
22.0000 22.6475
22.0000 21.8077
22.0000 21.5648
22.0000 21.8297
22.0000 21.0222
22.0000 21.6235
22.0000 21.0809
22.0000 21.5030
22.0000 20.7129
22.0000 22.0539
22.0000 21.1886
22.0000 20.6870
22.0000 21.1218
22.0000 20.5826
22.0000 21.9763
22.0000 21.1099
22.0000 20.9730
22.0000 21.7721
22.0000 21.1508
22.0000 22.3300
22.0000 21.4292
22.0000 21.7179
22.0000 20.9195
22.0000 21.8114
22.0000 21.1363
22.0000 21.5889
22.0000 21.4596
22.0000 21.5177
22.0000 21.3580
22.0000 22.1382
22.0000 21.4044
22.0000 20.9826
22.0000 21.4847
22.0000 21.8200
22.0000 22.0671
22.0000 21.2571
22.0000 21.6118
22.0000 20.8225
22.0000 21.3731
22.0000 21.0284
22.0000 21.6212
22.0000 20.9631
22.0000 21.6268
22.0000 21.2611
22.0000 21.9819
22.0000 21.4863
22.0000 21.0308
22.0000 21.8544
22.0000 21.5016
22.0000 22.5851
22.0000 21.8973
22.0000 21.4663
22.0000 20.9557
22.0000 22.0496
22.0000 21.5603
22.0000 21.4735
22.0000 22.1733
22.0000 21.3148
22.0000 20.4160
22.0000 21.8406
22.0000 20.7636
22.0000 20.7190
22.0000 21.7872
22.0000 22.0739
22.0000 21.5605
22.0000 20.9205
22.0000 21.4058
22.0000 20.8679
22.0000 22.7932
22.0000 22.4371
22.0000 21.7189
22.0000 21.6563
22.0000 20.9647
22.0000 21.2751
22.0000 21.5026
22.0000 21.9188
22.0000 21.6112
22.0000 21.7336
22.0000 19.9561
22.0000 22.0667
22.0000 20.8421
22.0000 21.4151
22.0000 21.2940
22.0000 21.1854
22.0000 22.0524
22.0000 21.7940
22.0000 20.1705
22.0000 21.5262
22.0000 22.0871
22.0000 21.1863
22.0000 21.2593
22.0000 21.1883
22.0000 21.4825
22.0000 21.9023
22.0000 21.6756
22.0000 21.8004
22.0000 21.5491
22.0000 21.9433
22.0000 21.5716
22.0000 21.7517
22.0000 20.5596
22.0000 21.2191
22.0000 21.0777
22.0000 22.0567
22.0000 21.4193
22.0000 20.8199
22.0000 20.4501
22.0000 22.7192
22.0000 21.5062
22.0000 20.8570
22.0000 21.7468
22.0000 21.4433
22.0000 21.3911
22.0000 23.0694
22.0000 21.9162
22.0000 21.9593
22.0000 20.8810
22.0000 22.1295
22.0000 22.5809
22.0000 21.9356
22.0000 21.1778
22.0000 20.7692
22.0000 21.7624
22.0000 20.9185
22.0000 21.9716
22.0000 21.2201
22.0000 20.3351
22.0000 21.6700
22.0000 22.4955
22.0000 21.5324
22.0000 20.5953
22.0000 22.1137
22.0000 21.7656
22.0000 21.5190
22.0000 20.4766
22.0000 20.6193
22.0000 21.6621
22.0000 22.0703
22.0000 21.9983
22.0000 21.8160
22.0000 21.6871
22.0000 21.7864
22.0000 22.1311
22.0000 21.7387
22.0000 21.8147
22.0000 22.6485
22.0000 21.4676
22.0000 20.6844
22.0000 21.8267
22.0000 21.8166
22.0000 20.1450
22.0000 20.4077
22.0000 20.6557
22.0000 20.2830
22.0000 21.9931
22.0000 21.0782
22.0000 21.8254
22.0000 21.5597
22.0000 21.8257
22.0000 22.1846
22.0000 21.9319
22.0000 21.4480
22.0000 21.2580
22.0000 21.0043
22.0000 22.2188
22.0000 22.0365
22.0000 21.4473
22.0000 21.6993
22.0000 21.1661
22.0000 22.1918
22.0000 21.6030
22.0000 21.6863
22.0000 20.9599
22.0000 21.4255
22.0000 21.6584
22.0000 21.2415
22.0000 21.3649
22.0000 20.7106
22.0000 21.5910
22.0000 22.0340
22.0000 21.7368
22.0000 21.4927
22.0000 21.2501
22.0000 20.6758
22.0000 20.9383
22.0000 20.7567
22.0000 20.6607
22.0000 20.8075
22.0000 19.9151
22.0000 21.7055
22.0000 21.3857
22.0000 21.6055
22.0000 21.8101
22.0000 21.8777
22.0000 21.3982
22.0000 21.0852
22.0000 22.4051
22.0000 20.8471
22.0000 21.9284
22.0000 21.3704
22.0000 20.9997
22.0000 20.9473
22.0000 21.1833
22.0000 21.8164
22.0000 21.5220
22.0000 21.3062
22.0000 22.5884
22.0000 21.0425
22.0000 22.6009
22.0000 21.6551
22.0000 21.0103
22.0000 21.1019
22.0000 21.1703
22.0000 21.0765
22.0000 21.7789
22.0000 21.3994
22.0000 20.4729
22.0000 20.5573
22.0000 21.3209
22.0000 21.8470
22.0000 20.9648
22.0000 21.7014
22.0000 21.1240
22.0000 20.7138
22.0000 20.7712
22.0000 20.9577
22.0000 21.9058
22.0000 21.7918
22.0000 22.4491
22.0000 20.8355
22.0000 21.9786
22.0000 20.8494
22.0000 22.1772
22.0000 21.5785
22.0000 20.9485
22.0000 21.1621
22.0000 21.1184
22.0000 22.0254
22.0000 21.7676
22.0000 20.9884
22.0000 20.9992
22.0000 21.8487
22.0000 22.5019
22.0000 21.5919
22.0000 21.1354
22.0000 20.6620
22.0000 21.9974
22.0000 21.6303
22.0000 21.9518
22.0000 21.7936
22.0000 21.0069
22.0000 21.2746
22.0000 20.7011
22.0000 21.7981
22.0000 21.1517
22.0000 21.4308
22.0000 21.2977
22.0000 21.3010
22.0000 21.6557
22.0000 21.9183
22.0000 21.0196
22.0000 21.8714
22.0000 20.2715
22.0000 21.1714
22.0000 21.4496
22.0000 21.3899
22.0000 20.6439
22.0000 21.1449
22.0000 21.6812
22.0000 21.0520
22.0000 22.6352
22.0000 21.2579
22.0000 21.9439
22.0000 22.0684
22.0000 20.6980
22.0000 21.7108
22.0000 20.9903
22.0000 21.0078
22.0000 20.8033
22.0000 21.9091
22.0000 21.0497
22.0000 21.9336
22.0000 21.2685
22.0000 21.7486
22.0000 20.9281
22.0000 22.0253
22.0000 21.7222
22.0000 21.4116
22.0000 21.8455
22.0000 22.5054
22.0000 21.5941
22.0000 21.4879
22.0000 21.6247
22.0000 20.7475
22.0000 21.2644
22.0000 22.7436
22.0000 21.2073
22.0000 21.2843
22.0000 20.2956
22.0000 21.5466
22.0000 21.7950
22.0000 20.7528
22.0000 21.3882
22.0000 21.5275
22.0000 21.4420
22.0000 21.4777
22.0000 20.8340
22.0000 22.7256
22.0000 20.8408
22.0000 22.2954
22.0000 20.8429
22.0000 21.8237
22.0000 21.7768
22.0000 20.9865
22.0000 22.7186
22.0000 21.7215
22.0000 21.7113
22.0000 21.0770
22.0000 22.6491
22.0000 21.9008
22.0000 20.7572
22.0000 20.4916
22.0000 20.0605
22.0000 22.0666
22.0000 20.5908
22.0000 21.4748
22.0000 21.6813
22.0000 21.8280
22.0000 21.1031
22.0000 19.7147
22.0000 21.8570
22.0000 23.0556
22.0000 21.9540
22.0000 21.2619
22.0000 21.2781
22.0000 21.2850
22.0000 20.9056
22.0000 21.6678
22.0000 21.1336
22.0000 21.5891
22.0000 21.1970
22.0000 21.0054
22.0000 21.0979
22.0000 20.6332
22.0000 22.2507
22.0000 20.5029
22.0000 21.6928
22.0000 21.0839
22.0000 21.2998
22.0000 22.6086
22.0000 20.5561
22.0000 21.6063
22.0000 20.6980
22.0000 20.5199
22.0000 21.4094
22.0000 20.9305
22.0000 21.3751
22.0000 21.5703
22.0000 21.4654
22.0000 21.3241
22.0000 19.9836
22.0000 22.1045
22.0000 21.1502
22.0000 22.5079
22.0000 21.5475
22.0000 21.7377
22.0000 20.5839
22.0000 21.0103
22.0000 21.2602
22.0000 21.8651
22.0000 21.0025
22.0000 21.2108
22.0000 20.3733
22.0000 21.8175
22.0000 21.1609
22.0000 21.9990
22.0000 21.5128
22.0000 21.6320
22.0000 20.2467
22.0000 20.7162
22.0000 20.9364
22.0000 21.2302
22.0000 21.9678
22.0000 20.5231
22.0000 21.6134
22.0000 21.4651
22.0000 21.8602
22.0000 21.4807
22.0000 22.2175
22.0000 22.0675
22.0000 20.6439
22.0000 21.5395
22.0000 21.1455
22.0000 21.1303
22.0000 21.4536
22.0000 22.1260
22.0000 21.8471
22.0000 21.1123
22.0000 21.0819
22.0000 22.3881
22.0000 21.8019
22.0000 20.9898
22.0000 21.6041
22.0000 21.4576
22.0000 21.2185
22.0000 22.8209
22.0000 21.3454
22.0000 22.8290
22.0000 20.5977
22.0000 21.8365
22.0000 22.0724
22.0000 22.1028
22.0000 21.4925
22.0000 20.9132
22.0000 22.0076
22.0000 21.2048
22.0000 21.1613
22.0000 20.5391
22.0000 21.7479
22.0000 22.3505
22.0000 20.9432
22.0000 21.9585
22.0000 22.0560
22.0000 21.9005
22.0000 21.3794
22.0000 20.8092
22.0000 22.1034
22.0000 20.2616
22.0000 21.2469
22.0000 20.3100
22.0000 22.2833
22.0000 21.7339
22.0000 21.4039
22.0000 22.0576
22.0000 21.0957
22.0000 21.7858
22.0000 21.6228
22.0000 21.0796
22.0000 21.2856
22.0000 22.6645
22.0000 21.6377
22.0000 21.3320
22.0000 21.2398
22.0000 21.0384
22.0000 20.7446
22.0000 20.5822
22.0000 20.9888
22.0000 20.9071
22.0000 21.4037
22.0000 20.1865
22.0000 21.2684
22.0000 21.3169
22.0000 22.0326
22.0000 21.2114
22.0000 21.4362
22.0000 22.7086
22.0000 20.6568
22.0000 21.7117
22.0000 20.9385
22.0000 22.4598
22.0000 21.7028
22.0000 21.0689
22.0000 20.5470
22.0000 21.1387
22.0000 21.3725
22.0000 23.1232
22.0000 21.4310
22.0000 22.6132
22.0000 21.9705
22.0000 20.4611
22.0000 20.6658
22.0000 21.1664
22.0000 22.3520
22.0000 21.5820
22.0000 21.1706
22.0000 22.1168
22.0000 21.9998
22.0000 21.7527
22.0000 20.9545
22.0000 20.7759
22.0000 20.5513
22.0000 21.1766
22.0000 21.4109
22.0000 21.0330
22.0000 21.3077
22.0000 21.6100
22.0000 21.5504
22.0000 21.0932
22.0000 21.7848
22.0000 20.8876
22.0000 22.3600
22.0000 20.0438
22.0000 23.1023
22.0000 20.7168
22.0000 21.6658
22.0000 21.4970
22.0000 22.0973
22.0000 22.1211
22.0000 22.1841
22.0000 21.6130
22.0000 21.0299
22.0000 21.9235
22.0000 21.5654
22.0000 21.2178
22.0000 21.2758
22.0000 21.0758
22.0000 21.6635
22.0000 21.4326
22.0000 20.9807
22.0000 22.3107
22.0000 21.4478
22.0000 21.4199
22.0000 22.3949
22.0000 22.1538
22.0000 21.0449
22.0000 21.0908
22.0000 21.1668
22.0000 21.6640
22.0000 21.2236
22.0000 21.3933
22.0000 20.8432
22.0000 21.3884
22.0000 21.9967
22.0000 20.9520
22.0000 21.6705
22.0000 20.1471
22.0000 21.1980
22.0000 21.4326
22.0000 22.2895
22.0000 20.9488
22.0000 21.2000
22.0000 21.5787
22.0000 21.1735
22.0000 20.9595
22.0000 21.2481
22.0000 21.1377
22.0000 20.8214
22.0000 21.7461
22.0000 20.2327
22.0000 21.4387
22.0000 21.5015
22.0000 21.3770
22.0000 21.8280
22.0000 22.2181
22.0000 22.8526
22.0000 21.6090
22.0000 21.0711
22.0000 22.7968
22.0000 20.9424
22.0000 21.1309
22.0000 21.5769
22.0000 21.6519
22.0000 21.7595
22.0000 21.6971
22.0000 20.3740
22.0000 20.9680
22.0000 20.4561
22.0000 22.5314
22.0000 21.9777
22.0000 21.1364
22.0000 21.5225
22.0000 21.7652
22.0000 21.9456
22.0000 21.3727
22.0000 21.9250
22.0000 21.4892
22.0000 21.7837
22.0000 21.2700
22.0000 20.9512
22.0000 22.4274
22.0000 22.6986
22.0000 20.9163
22.0000 21.3667
22.0000 21.1196
22.0000 22.2110
22.0000 21.3803
22.0000 21.7391
22.0000 20.9831
22.0000 22.1647
22.0000 21.3487
22.0000 21.1294
22.0000 20.8255
22.0000 21.2693
22.0000 22.1473
22.0000 21.7450
22.0000 21.0768
22.0000 21.6450
22.0000 20.9848
22.0000 21.9993
22.0000 22.3881
22.0000 21.6228
22.0000 21.0398
22.0000 21.0858
22.0000 21.5242
22.0000 21.0767
22.0000 21.3703
22.0000 21.0070
22.0000 21.9354
22.0000 21.0246
22.0000 21.3992
22.0000 21.0104
22.0000 21.1329
22.0000 21.3709
22.0000 21.2034
22.0000 21.7796
22.0000 21.5967
22.0000 21.0622
22.0000 22.0812
22.0000 21.5716
22.0000 22.1589
22.0000 21.8582
22.0000 21.7254
22.0000 21.8581
22.0000 21.8555
22.0000 21.2018
22.0000 21.2893
22.0000 21.5993
22.0000 21.5406
22.0000 21.4674
22.0000 21.6521
22.0000 21.6817
22.0000 21.1731
22.0000 20.6842
22.0000 20.7774
22.0000 22.0276
22.0000 22.0788
22.0000 21.4641
22.0000 21.3769
22.0000 22.3149
22.0000 21.7889
22.0000 21.8565
22.0000 20.9128
22.0000 21.0510
22.0000 22.2545
22.0000 21.3270
22.0000 22.5871
22.0000 21.0917
22.0000 22.4032
22.0000 21.6730
22.0000 21.8555
22.0000 21.4413
22.0000 22.3973
22.0000 20.7229
22.0000 21.0001
22.0000 21.8767
22.0000 21.9230
22.0000 21.0025
22.0000 21.8114
22.0000 21.3255
22.0000 21.0055
22.0000 21.5602
22.0000 21.5368
22.0000 21.5962
22.0000 20.9792
22.0000 21.4376
22.0000 21.6130
22.0000 21.5438
22.0000 21.7402
22.0000 21.7430
22.0000 21.3225
22.0000 21.2698
22.0000 21.1956
22.0000 21.7475
22.0000 21.2040
22.0000 20.9298
22.0000 21.6658
22.0000 22.4113
22.0000 21.9321
22.0000 22.3932
22.0000 21.2732
22.0000 22.0985
22.0000 20.8741
22.0000 22.1753
22.0000 21.2938
22.0000 20.6147
22.0000 20.9771
22.0000 21.5632
22.0000 21.5932
22.0000 21.0877
22.0000 21.5754
22.0000 21.1611
22.0000 21.7889
22.0000 21.0973
22.0000 21.3712
22.0000 21.3821
22.0000 22.4284
22.0000 21.1576
22.0000 20.7530
22.0000 21.5639
22.0000 21.4753
22.0000 21.9838
22.0000 21.7951
22.0000 21.0471
22.0000 21.6115
22.0000 21.3768
22.0000 21.4090
22.0000 21.6281
22.0000 21.5896
22.0000 21.5167
22.0000 21.6625
22.0000 20.9988
22.0000 21.2926
22.0000 21.1732
22.0000 21.6630
22.0000 21.6214
22.0000 21.2548
22.0000 21.0718
22.0000 21.4544
22.0000 22.0105
22.0000 22.3251
22.0000 21.4683
22.0000 21.2835
22.0000 21.9926
22.0000 21.8383
22.0000 21.1624
22.0000 21.6904
22.0000 21.1671
22.0000 20.9712
22.0000 20.9285
22.0000 21.0536
22.0000 21.4158
22.0000 21.8835
22.0000 21.1684
22.0000 21.6923
22.0000 20.9060
22.0000 22.1528
22.0000 21.4381
22.0000 21.0482
22.0000 22.0521
22.0000 21.5447
22.0000 21.4281
22.0000 21.6073
22.0000 21.9397
22.0000 20.6516
22.0000 22.1240
22.0000 20.7126
22.0000 21.8651
22.0000 22.0096
22.0000 20.6777
22.0000 20.5909
22.0000 22.4628
22.0000 21.7949
22.0000 21.5271
22.0000 21.5630
22.0000 21.1361
22.0000 22.8499
22.0000 21.4157
22.0000 21.6737
22.0000 20.5439
22.0000 21.8184
22.0000 20.1245
22.0000 20.7366
22.0000 22.1871
22.0000 22.1121
22.0000 21.4912
22.0000 21.0535
22.0000 21.9477
22.0000 21.6591
22.0000 21.5683
22.0000 21.1242
22.0000 20.9657
22.0000 21.1950
22.0000 22.3897
22.0000 21.7833
22.0000 21.2741
22.0000 21.6454
22.0000 21.0079
22.0000 21.6695
22.0000 20.9496
22.0000 21.8407
22.0000 20.6615
22.0000 20.5815
22.0000 21.7014
22.0000 20.6122
22.0000 21.4803
22.0000 21.6143
22.0000 21.1729
22.0000 21.8652
22.0000 21.8467
22.0000 20.4189
22.0000 21.4968
22.0000 21.1756
22.0000 21.1465
22.0000 21.5137
22.0000 20.9941
22.0000 21.0531
22.0000 21.1792
22.0000 22.3854
22.0000 23.0337
22.0000 21.9297
22.0000 21.8936
22.0000 21.9022
22.0000 21.2958
22.0000 20.3433
22.0000 21.2491
22.0000 21.5344
22.0000 21.2670
22.0000 20.7585
22.0000 21.3684
22.0000 21.6331
22.0000 20.5604
22.0000 20.5596
22.0000 20.9879
22.0000 21.1421
22.0000 22.0643
22.0000 20.9717
22.0000 21.8737
22.0000 21.0759
22.0000 22.0179
22.0000 20.9684
22.0000 21.5468
22.0000 22.5821
22.0000 20.7535
22.0000 21.9536
22.0000 21.6494
22.0000 22.1259
22.0000 21.6256
22.0000 20.0662
22.0000 21.7996
22.0000 22.2354
22.0000 21.5797
22.0000 21.4860
22.0000 21.9594
22.0000 20.6441
22.0000 21.6223
22.0000 21.2543
22.0000 20.5871
22.0000 22.3243
22.0000 20.9402
22.0000 21.7415
22.0000 22.2864
22.0000 22.0255
22.0000 20.3274
22.0000 21.7759
22.0000 21.9683
22.0000 20.7801
22.0000 21.2084
22.0000 22.2570
22.0000 21.0040
22.0000 21.2621
22.0000 21.7421
22.0000 20.4510
22.0000 21.1408
22.0000 21.6410
22.0000 21.2880
22.0000 21.1076
22.0000 21.5687
22.0000 21.3326
22.0000 22.1177
22.0000 21.2525
22.0000 21.6160
22.0000 21.6173
22.0000 22.1622
22.0000 20.9756
22.0000 21.0543
22.0000 22.1363
22.0000 20.7936
22.0000 21.5881
22.0000 21.1456
22.0000 21.8893
22.0000 21.2856
22.0000 21.7123
22.0000 21.3453
22.0000 21.8685
22.0000 21.2560
22.0000 22.0239
22.0000 21.9636
22.0000 21.7629
22.0000 21.5131
22.0000 20.7882
22.0000 21.9962
22.0000 19.8149
22.0000 21.3187
22.0000 20.5749
22.0000 21.6938
22.0000 21.3283
22.0000 20.7647
22.0000 21.1031
22.0000 21.8016
22.0000 21.8279
22.0000 21.5165
22.0000 20.9922
22.0000 21.1098
22.0000 21.1156
22.0000 21.1270
22.0000 21.6214
22.0000 21.5148
22.0000 20.6412
22.0000 21.5631
22.0000 21.1477
22.0000 21.7274
22.0000 20.5151
22.0000 21.0165
22.0000 20.9566
22.0000 21.2057
22.0000 20.7540
22.0000 21.3376
22.0000 21.5215
22.0000 22.3079
22.0000 21.4382
22.0000 21.6742
22.0000 20.9265
22.0000 21.0146
22.0000 21.5553
22.0000 20.8694
22.0000 22.1286
22.0000 21.1187
22.0000 21.5987
22.0000 22.1951
22.0000 22.3703
22.0000 21.1956
22.0000 21.1257
22.0000 21.3946
22.0000 21.3205
22.0000 21.0199
22.0000 21.7559
22.0000 21.9507
22.0000 20.4333
22.0000 21.6602
22.0000 21.2209
22.0000 21.1023
22.0000 21.6828
22.0000 21.3938
22.0000 21.0073
22.0000 19.8585
22.0000 21.1002
22.0000 21.8117
22.0000 21.5573
22.0000 20.8216
22.0000 21.8083
22.0000 21.6632
22.0000 21.1213
22.0000 21.6234
22.0000 21.5619
22.0000 21.1071
22.0000 22.6602
22.0000 20.9968
22.0000 20.2208
22.0000 21.9537
22.0000 22.3632
22.0000 21.7157
22.0000 21.8475
22.0000 21.7670
22.0000 20.9140
22.0000 20.9664
22.0000 21.8424
22.0000 21.6746
22.0000 20.5266
22.0000 21.5258
22.0000 21.7035
22.0000 22.2585
22.0000 21.9174
22.0000 20.7589
22.0000 21.3396
22.0000 21.6982
22.0000 22.5037
22.0000 21.6216
22.0000 21.1270
22.0000 21.5987
22.0000 22.1638
22.0000 20.8420
22.0000 21.8640
22.0000 21.9180
22.0000 20.5577
22.0000 21.1260
22.0000 21.9295
22.0000 21.7181
22.0000 21.2833
22.0000 20.0216
22.0000 21.3705
22.0000 22.5923
22.0000 22.9746
22.0000 21.4303
22.0000 21.6896
22.0000 21.9172
22.0000 20.9977
22.0000 21.4401
22.0000 21.8329
22.0000 21.6870
22.0000 21.4050
22.0000 20.1064
22.0000 21.7776
22.0000 21.8878
22.0000 20.7835
22.0000 21.5430
22.0000 21.6085
22.0000 21.7144
22.0000 21.6898
22.0000 21.9493
22.0000 21.1723
22.0000 22.0226
22.0000 21.7231
22.0000 19.8793
22.0000 22.2844
22.0000 20.9163
22.0000 21.1245
22.0000 22.0334
22.0000 21.6017
22.0000 22.2293
22.0000 22.1408
22.0000 20.6326
22.0000 21.8275
22.0000 21.1308
22.0000 21.5120
22.0000 20.6444
22.0000 21.5577
22.0000 21.4556
22.0000 20.9129
22.0000 21.5922
22.0000 20.4612
22.0000 22.2589
22.0000 20.6439
22.0000 21.7703
22.0000 21.3488
22.0000 21.3373
22.0000 21.3133
22.0000 21.2668
22.0000 21.8645
22.0000 21.7226
22.0000 20.8041
22.0000 21.2251
22.0000 22.6536
22.0000 21.5746
22.0000 22.3863
22.0000 21.2789
22.0000 21.3460
22.0000 20.8412
22.0000 20.9298
22.0000 21.7364
22.0000 21.8190
22.0000 21.1913
22.0000 21.7747
22.0000 21.1541
22.0000 21.3499
22.0000 20.9026
22.0000 21.7946
22.0000 22.0568
22.0000 21.6758
22.0000 21.9547
22.0000 20.7906
22.0000 21.3050
22.0000 20.7370
22.0000 21.3048
22.0000 21.5945
22.0000 22.8202
22.0000 21.2374
22.0000 22.1805
22.0000 21.1502
22.0000 21.5110
22.0000 22.1076
22.0000 21.5522
22.0000 21.8376
22.0000 21.4412
22.0000 21.1802
22.0000 22.1990
22.0000 20.7206
22.0000 21.2036
22.0000 22.1155
22.0000 21.2720
22.0000 21.7817
22.0000 21.5854
22.0000 22.4240
22.0000 21.3082
22.0000 21.9188
22.0000 22.5119
22.0000 20.8991
22.0000 21.6623
22.0000 21.2654
22.0000 20.4179
22.0000 20.8455
22.0000 21.9135
22.0000 22.1205
22.0000 21.4436
22.0000 21.2212
22.0000 22.5596
22.0000 20.4665
22.0000 21.4356
22.0000 21.7575
22.0000 21.4435
22.0000 22.0293
22.0000 20.6999
22.0000 20.8574
22.0000 21.9772
22.0000 21.4343
22.0000 21.2990
22.0000 21.5837
22.0000 20.8914
22.0000 21.7666
22.0000 20.8549
22.0000 21.8431
22.0000 20.5554
22.0000 21.2867
22.0000 21.3742
22.0000 21.7249
22.0000 22.2550
22.0000 20.3950
22.0000 21.9984
22.0000 21.0287
22.0000 21.8213
22.0000 21.3469
22.0000 21.6147
22.0000 20.1251
22.0000 21.0595
22.0000 22.4915
22.0000 21.7410
22.0000 20.6034
22.0000 21.2520
22.0000 20.9000
22.0000 22.2794
22.0000 20.5072
22.0000 21.8614
22.0000 22.6570
22.0000 21.8319
22.0000 21.5371
22.0000 21.4199
22.0000 22.2471
22.0000 21.4421
22.0000 20.7880
22.0000 21.7772
22.0000 21.2758
22.0000 21.5455
22.0000 21.2754
22.0000 22.1175
22.0000 21.4576
22.0000 21.9672
22.0000 21.3634
22.0000 21.1496
22.0000 20.6628
22.0000 21.2643
22.0000 21.1476
22.0000 22.0233
22.0000 22.0109
22.0000 21.8220
22.0000 21.4066
22.0000 22.2238
22.0000 21.2558
22.0000 21.4021
22.0000 21.0070
22.0000 21.2426
22.0000 21.7472
22.0000 22.2474
22.0000 20.9816
22.0000 21.2075
22.0000 21.0137
22.0000 21.8019
22.0000 21.8467
22.0000 21.8210
22.0000 21.0588
22.0000 21.5652
22.0000 22.1825
22.0000 22.0164
22.0000 21.9996
22.0000 22.0803
22.0000 21.5875
22.0000 21.6439
22.0000 21.4133
22.0000 20.7324
22.0000 22.5807
22.0000 21.2600
22.0000 21.2510
22.0000 21.6192
22.0000 21.6037
22.0000 21.6683
22.0000 21.5127
22.0000 20.7446
22.0000 21.3792
22.0000 21.7213
22.0000 21.7609
22.0000 21.7687
22.0000 21.4025
22.0000 21.3543
22.0000 22.2849
22.0000 21.6161
22.0000 21.2895
22.0000 21.2735
22.0000 21.4453
22.0000 22.0752
22.0000 21.9267
22.0000 21.4242
22.0000 20.7027
22.0000 21.9105
22.0000 22.6183
22.0000 22.2558
22.0000 23.5597
22.0000 21.0667
22.0000 22.4649
22.0000 21.5342
22.0000 20.7775
22.0000 21.8949
22.0000 20.9567
22.0000 20.6387
22.0000 21.2564
22.0000 21.5373
22.0000 20.5258
22.0000 21.6101
22.0000 20.9517
22.0000 21.3416
22.0000 21.7147
22.0000 21.0670
22.0000 21.5816
22.0000 21.5451
22.0000 20.7347
22.0000 21.8905
22.0000 21.5579
22.0000 21.7739
22.0000 21.8528
22.0000 21.8295
22.0000 21.2755
22.0000 22.1406
22.0000 21.8263
22.0000 21.1649
22.0000 21.5452
22.0000 20.0868
22.0000 21.2022
22.0000 21.4969
22.0000 21.3846
22.0000 21.5364
22.0000 21.4172
22.0000 21.1406
22.0000 20.8758
22.0000 20.5520
22.0000 21.7051
22.0000 20.8594
22.0000 20.9271
22.0000 20.8450
22.0000 21.5967
22.0000 21.3836
22.0000 20.8286
22.0000 21.4741
22.0000 21.6407
22.0000 21.5521
22.0000 22.1070
22.0000 20.9818
22.0000 21.6663
22.0000 21.6933
22.0000 21.3604
22.0000 21.9180
22.0000 20.8649
22.0000 21.3798
22.0000 21.4214
22.0000 21.6266
22.0000 21.0312
22.0000 20.4373
22.0000 21.5209
22.0000 21.5248
22.0000 21.1243
22.0000 20.9302
22.0000 21.0084
22.0000 21.0504
22.0000 21.7663
22.0000 21.1207
22.0000 20.2429
22.0000 21.1388
22.0000 22.0224
22.0000 21.3623
22.0000 21.6337
22.0000 22.0500
22.0000 22.1598
22.0000 22.0179
22.0000 21.3506
22.0000 21.2516
22.0000 22.6860
22.0000 20.8971
22.0000 21.4940
22.0000 21.3172
22.0000 21.0871
22.0000 21.7835
22.0000 22.7679
22.0000 21.2918
22.0000 21.5572
22.0000 21.0654
22.0000 22.0771
22.0000 21.3398
22.0000 21.3199
22.0000 21.1994
22.0000 21.6338
22.0000 21.7084
22.0000 21.1713
22.0000 21.5399
22.0000 21.1265
22.0000 21.7929
22.0000 21.9032
22.0000 21.9296
22.0000 21.6182
22.0000 21.1461
22.0000 21.2846
22.0000 22.1756
22.0000 21.7978
22.0000 21.4788
22.0000 20.7621
22.0000 21.2171
22.0000 21.4874
22.0000 20.7120
22.0000 21.4011
22.0000 22.0511
22.0000 20.9850
22.0000 20.7329
22.0000 21.7268
22.0000 21.0562
22.0000 21.0408
22.0000 21.0766
22.0000 21.7661
22.0000 21.0905
22.0000 21.3615
22.0000 22.0035
22.0000 21.5520
22.0000 22.3036
22.0000 21.1492
22.0000 21.2340
22.0000 21.7811
22.0000 20.3128
22.0000 21.7583
22.0000 21.5766
22.0000 21.4511
22.0000 21.3590
22.0000 21.1196
22.0000 21.0765
22.0000 21.7059
22.0000 21.2718
22.0000 21.3116
22.0000 22.1282
22.0000 21.1527
22.0000 20.8687
22.0000 22.2148
22.0000 22.0693
22.0000 21.3163
22.0000 21.0188
22.0000 21.3893
22.0000 21.8480
22.0000 20.3827
22.0000 22.0408
22.0000 21.3248
22.0000 20.9750
22.0000 21.3358
22.0000 21.4854
22.0000 21.9703
22.0000 21.5145
22.0000 20.7784
22.0000 21.7603
22.0000 21.3076
22.0000 22.1065
22.0000 21.8211
22.0000 21.7730
22.0000 21.4871
22.0000 22.7613
22.0000 20.8826
22.0000 21.3040
22.0000 21.7016
22.0000 20.2030
22.0000 21.9460
22.0000 21.6504
22.0000 21.4588
22.0000 21.6213
22.0000 21.1295
22.0000 21.5236
22.0000 20.7997
22.0000 21.5521
22.0000 20.9590
22.0000 21.4508
22.0000 22.0199
22.0000 21.3426
22.0000 21.7533
22.0000 21.1546
22.0000 21.7358
22.0000 20.8923
22.0000 21.1500
22.0000 21.4999
22.0000 21.5331
22.0000 21.8629
22.0000 21.7525
22.0000 20.4050
22.0000 20.9532
22.0000 22.1714
22.0000 21.1394
22.0000 21.6697
22.0000 21.8945
22.0000 20.7696
22.0000 21.1354
22.0000 21.2920
22.0000 22.1174
22.0000 21.4024
22.0000 21.5246
22.0000 21.1085
22.0000 20.5795
22.0000 21.3430
22.0000 21.9171
22.0000 21.4922
22.0000 21.4547
22.0000 21.4512
22.0000 21.1924
22.0000 21.5273
22.0000 20.8990
22.0000 20.8274
22.0000 21.8897
22.0000 21.9007
22.0000 21.5836
22.0000 21.0203
22.0000 21.2875
22.0000 21.2158
22.0000 21.7656
22.0000 21.4788
22.0000 21.9351
22.0000 22.3652
22.0000 20.7411
22.0000 21.9886
22.0000 21.4640
22.0000 20.9930
22.0000 21.3640
22.0000 21.4570
22.0000 20.7562
22.0000 22.1809
22.0000 21.0519
22.0000 21.6880
22.0000 21.4088
22.0000 21.8092
22.0000 21.1347
22.0000 21.6441
22.0000 21.7471
22.0000 22.3893
22.0000 21.1293
22.0000 22.8211
22.0000 21.2091
22.0000 21.9089
22.0000 21.8127
22.0000 22.2902
22.0000 21.4857
22.0000 22.2966
22.0000 20.8722
22.0000 21.9217
22.0000 21.4296
22.0000 21.7227
22.0000 20.9026
22.0000 20.9287
22.0000 21.8467
22.0000 22.1375
22.0000 21.4265
22.0000 21.2785
22.0000 21.2090
22.0000 21.6897
22.0000 21.6948
22.0000 20.8661
22.0000 20.5367
22.0000 21.0904
22.0000 21.1596
22.0000 20.9104
22.0000 21.0516
22.0000 22.5236
22.0000 21.3854
22.0000 21.2450
22.0000 22.4434
22.0000 21.4138
22.0000 21.3296
22.0000 21.0522
22.0000 21.6905
22.0000 21.1483
22.0000 20.9402
22.0000 20.8280
22.0000 22.6614
22.0000 22.6721
22.0000 22.3120
22.0000 21.4039
22.0000 21.5744
22.0000 22.0806
22.0000 21.5751
22.0000 21.0694
22.0000 21.4346
22.0000 21.5778
22.0000 21.6074
22.0000 20.2402
22.0000 21.5842
22.0000 21.3850
22.0000 21.8825
22.0000 21.2925
22.0000 20.4500
22.0000 22.0256
22.0000 22.6112
22.0000 21.1586
22.0000 20.9310
22.0000 22.0534
22.0000 21.0044
22.0000 21.3103
22.0000 21.1702
22.0000 21.9396
22.0000 21.5887
22.0000 20.9960
22.0000 21.2896
22.0000 21.3417
22.0000 22.0469
22.0000 22.0482
22.0000 21.5533
22.0000 21.2737
22.0000 20.7917
22.0000 21.3755
22.0000 21.7564
22.0000 21.2672
22.0000 21.1781
22.0000 21.7965
22.0000 20.8479
22.0000 22.1575
22.0000 21.7348
22.0000 21.2967
22.0000 21.0920
22.0000 20.6381
22.0000 21.6361
22.0000 20.5772
22.0000 22.1961
22.0000 21.6818
22.0000 20.4783
22.0000 22.2454
22.0000 21.6396
22.0000 21.7909
22.0000 21.0513
22.0000 21.7658
22.0000 20.9692
22.0000 21.0262
22.0000 22.0394
22.0000 21.1721
22.0000 21.7544
22.0000 21.7309
22.0000 21.5839
22.0000 21.1929
22.0000 20.7268
22.0000 22.0598
22.0000 20.8786
22.0000 21.3355
22.0000 21.8847
22.0000 21.0096
22.0000 20.3101
22.0000 20.4881
22.0000 21.4786
22.0000 21.4817
22.0000 21.9526
22.0000 20.7623
22.0000 21.7366
22.0000 21.0530
22.0000 22.1853
22.0000 21.2952
22.0000 20.7038
22.0000 21.7386
22.0000 21.6083
22.0000 22.0473
22.0000 23.0291
22.0000 21.0076
22.0000 21.7164
22.0000 22.3333
22.0000 22.3126
22.0000 21.4692
22.0000 21.7036
22.0000 21.4849
22.0000 22.0036
22.0000 21.3999
22.0000 21.8420
22.0000 21.4999
22.0000 21.1638
22.0000 21.1505
22.0000 20.7172
22.0000 19.9991
22.0000 21.4259
22.0000 20.8626
22.0000 22.7949
22.0000 21.7731
22.0000 21.6697
22.0000 22.4255
22.0000 20.9291
22.0000 21.5082
22.0000 21.4232
22.0000 22.6015
22.0000 21.1499
22.0000 20.6087
22.0000 20.5032
22.0000 21.5173
22.0000 23.1520
22.0000 21.4197
22.0000 20.5150
22.0000 21.6906
22.0000 21.9923
22.0000 21.3720
22.0000 21.4402
22.0000 21.2430
22.0000 21.3503
22.0000 21.8701
22.0000 21.8782
22.0000 21.1005
22.0000 21.4834
22.0000 22.4163
22.0000 22.0191
22.0000 22.4816
22.0000 21.3395
22.0000 22.2323
22.0000 20.7519
22.0000 20.9973
22.0000 21.7185
22.0000 21.1192
22.0000 22.1513
22.0000 21.1575
22.0000 21.1131
22.0000 21.2980
22.0000 22.2441
22.0000 22.0575
22.0000 21.9056
22.0000 21.9798
22.0000 21.1582
22.0000 21.9375
22.0000 21.0947
22.0000 20.4591
22.0000 22.0985
22.0000 21.5412
22.0000 21.1712
22.0000 21.2907
22.0000 21.3807
22.0000 21.2023
22.0000 21.6604
22.0000 20.7610
22.0000 21.7013
22.0000 21.3234
22.0000 21.2421
22.0000 21.9823
22.0000 21.0558
22.0000 21.9064
22.0000 20.9109
22.0000 21.2462
22.0000 21.2864
22.0000 21.1199
22.0000 22.1294
22.0000 21.5006
22.0000 20.9632
22.0000 21.7294
22.0000 21.8402
22.0000 21.3382
22.0000 21.1123
22.0000 20.0866
22.0000 22.1005
22.0000 21.0027
22.0000 21.4717
22.0000 20.9232
22.0000 22.0439
22.0000 21.1395
22.0000 21.4513
22.0000 21.8480
22.0000 21.8339
22.0000 21.5652
22.0000 21.7226
22.0000 21.4965
22.0000 21.3586
22.0000 22.1143
22.0000 20.8941
22.0000 21.6315
22.0000 20.8297
22.0000 21.4981
22.0000 21.5349
22.0000 21.3546
22.0000 21.2562
22.0000 20.7069
