24.0000 23.3203
24.0000 22.2999
24.0000 23.3087
24.0000 24.0388
24.0000 24.1294
24.0000 23.5271
24.0000 23.4911
24.0000 23.5268
24.0000 23.3276
24.0000 23.0006
24.0000 22.2561
24.0000 23.4422
24.0000 23.8362
24.0000 23.0502
24.0000 23.4061
24.0000 23.5459
24.0000 23.8255
24.0000 22.7327
24.0000 23.3769
24.0000 23.4862
24.0000 22.7702
24.0000 23.0065
24.0000 22.9120
24.0000 23.5167
24.0000 23.4354
24.0000 24.6296
24.0000 23.4901
24.0000 22.5485
24.0000 22.9246
24.0000 22.5298
24.0000 23.4030
24.0000 24.0595
24.0000 23.7904
24.0000 24.4262
24.0000 22.9572
24.0000 23.0017
24.0000 22.0373
24.0000 23.8268
24.0000 23.5598
24.0000 22.9052
24.0000 23.0630
24.0000 23.9324
24.0000 24.4368
24.0000 22.4222
24.0000 23.2168
24.0000 23.1707
24.0000 22.8724
24.0000 23.2818
24.0000 23.4568
24.0000 22.8051
24.0000 23.3804
24.0000 22.8662
24.0000 23.0835
24.0000 23.7097
24.0000 22.5645
24.0000 23.5348
24.0000 23.0969
24.0000 23.6400
24.0000 23.4775
24.0000 22.4915
24.0000 23.6669
24.0000 23.3931
24.0000 23.1497
24.0000 22.5222
24.0000 23.5030
24.0000 23.1777
24.0000 23.4540
24.0000 23.6053
24.0000 24.3722
24.0000 23.2820
24.0000 23.9875
24.0000 23.3615
24.0000 23.6361
24.0000 23.7838
24.0000 23.8201
24.0000 23.2419
24.0000 22.3957
24.0000 23.9993
24.0000 23.1792
24.0000 23.8350
24.0000 23.2991
24.0000 22.0770
24.0000 24.3101
24.0000 23.5560
24.0000 23.7774
24.0000 24.3097
24.0000 24.3900
24.0000 23.6286
24.0000 24.0606
24.0000 23.7231
24.0000 23.5367
24.0000 23.1714
24.0000 22.5080
24.0000 23.7997
24.0000 23.0904
24.0000 23.9963
24.0000 23.1663
24.0000 23.5622
24.0000 23.9246
24.0000 22.9035
24.0000 23.8550
24.0000 24.2168
24.0000 23.3660
24.0000 23.3995
24.0000 23.0633
24.0000 23.8442
24.0000 23.5853
24.0000 22.9765
24.0000 23.3903
24.0000 23.3603
24.0000 23.7603
24.0000 23.8990
24.0000 24.3223
24.0000 22.5677
24.0000 23.5479
24.0000 23.3874
24.0000 23.0620
24.0000 23.3783
24.0000 23.7810
24.0000 23.1567
24.0000 23.2657
24.0000 24.3606
24.0000 23.1528
24.0000 23.3536
24.0000 24.1238
24.0000 22.5058
24.0000 23.0325
24.0000 23.9646
24.0000 23.1472
24.0000 23.3066
24.0000 23.7985
24.0000 22.1953
24.0000 23.4060
24.0000 23.3871
24.0000 24.0903
24.0000 23.6027
24.0000 23.9537
24.0000 23.3655
24.0000 23.5478
24.0000 22.9034
24.0000 22.9914
24.0000 22.2382
24.0000 23.0835
24.0000 24.1978
24.0000 23.5604
24.0000 23.1521
24.0000 24.8409
24.0000 24.2964
24.0000 23.6280
24.0000 23.2194
24.0000 22.6959
24.0000 23.4966
24.0000 23.7293
24.0000 23.7755
24.0000 24.0994
24.0000 23.3130
24.0000 23.8641
24.0000 23.7528
24.0000 23.4098
24.0000 24.5469
24.0000 23.0431
24.0000 23.3366
24.0000 23.0179
24.0000 23.2051
24.0000 23.3931
24.0000 22.9916
24.0000 24.0087
24.0000 23.6282
24.0000 22.8956
24.0000 23.4041
24.0000 24.3344
24.0000 23.3760
24.0000 23.5675
24.0000 22.7143
24.0000 22.5252
24.0000 24.1559
24.0000 22.7324
24.0000 23.7700
24.0000 23.9056
24.0000 24.1744
24.0000 22.9147
24.0000 22.4909
24.0000 23.0870
24.0000 23.3011
24.0000 24.0827
24.0000 23.6231
24.0000 24.2638
24.0000 24.0353
24.0000 23.5051
24.0000 24.1683
24.0000 23.9416
24.0000 23.4688
24.0000 22.7275
24.0000 24.5884
24.0000 23.3839
24.0000 24.2260
24.0000 23.9528
24.0000 24.0922
24.0000 24.2035
24.0000 23.4049
24.0000 23.6232
24.0000 23.4179
24.0000 23.2015
24.0000 23.7236
24.0000 23.3595
24.0000 23.8042
24.0000 23.4851
24.0000 22.6862
24.0000 24.0405
24.0000 23.7243
24.0000 24.0165
24.0000 24.0078
24.0000 23.6203
24.0000 23.4536
24.0000 23.7371
24.0000 23.4694
24.0000 22.9864
24.0000 22.7390
24.0000 22.7298
24.0000 22.8666
24.0000 23.4335
24.0000 23.7538
24.0000 23.7195
24.0000 23.1854
24.0000 22.6065
24.0000 22.1936
24.0000 23.0582
24.0000 23.7054
24.0000 23.7781
24.0000 23.0853
24.0000 23.0247
24.0000 22.1862
24.0000 23.6690
24.0000 23.4616
24.0000 22.4990
24.0000 23.6122
24.0000 23.0518
24.0000 23.4803
24.0000 23.6122
24.0000 23.1107
24.0000 23.4890
24.0000 22.9924
24.0000 23.3504
24.0000 23.8766
24.0000 24.1130
24.0000 23.9749
24.0000 24.3900
24.0000 23.4492
24.0000 23.1698
24.0000 23.3927
24.0000 23.3604
24.0000 23.1346
24.0000 23.1740
24.0000 23.6304
24.0000 22.1820
24.0000 23.2816
24.0000 23.1286
24.0000 22.5183
24.0000 23.9743
24.0000 23.9977
24.0000 22.9924
24.0000 22.9573
24.0000 24.2760
24.0000 23.3723
24.0000 22.8091
24.0000 23.1500
24.0000 22.7700
24.0000 24.3266
24.0000 24.0703
24.0000 23.6945
24.0000 23.9835
24.0000 23.4766
24.0000 23.7958
24.0000 23.4733
24.0000 23.9503
24.0000 23.1421
24.0000 23.6662
24.0000 24.9624
24.0000 23.4725
24.0000 23.5132
24.0000 23.5330
24.0000 23.1148
24.0000 23.0496
24.0000 23.7675
24.0000 23.9818
24.0000 22.7828
24.0000 23.7325
24.0000 23.6938
24.0000 22.7438
24.0000 23.2732
24.0000 24.0359
24.0000 23.9269
24.0000 22.8290
24.0000 23.1971
24.0000 23.6467
24.0000 22.8149
24.0000 23.9231
24.0000 23.3787
24.0000 23.3938
24.0000 23.7351
24.0000 23.3843
24.0000 24.2192
24.0000 23.5940
24.0000 22.9026
24.0000 23.7676
24.0000 23.9823
24.0000 23.2979
24.0000 22.7499
24.0000 23.7264
24.0000 23.3769
24.0000 22.9937
24.0000 23.6439
24.0000 22.8994
24.0000 23.7810
24.0000 23.5095
24.0000 24.2094
24.0000 23.2272
24.0000 23.9831
24.0000 23.8976
24.0000 23.6766
24.0000 23.5677
24.0000 23.3922
24.0000 22.7747
24.0000 22.4675
24.0000 23.7650
24.0000 23.4209
24.0000 23.4261
24.0000 23.8019
24.0000 24.1382
24.0000 23.2565
24.0000 23.5725
24.0000 22.8022
24.0000 23.3992
24.0000 23.2661
24.0000 22.9948
24.0000 23.9325
24.0000 23.6027
24.0000 23.2835
24.0000 23.3227
24.0000 23.4051
24.0000 23.0539
24.0000 23.3370
24.0000 21.6460
24.0000 22.9534
24.0000 23.5127
24.0000 23.0446
24.0000 23.7991
24.0000 23.4133
24.0000 23.6917
24.0000 23.3012
24.0000 23.8662
24.0000 24.2632
24.0000 23.8136
24.0000 23.3407
24.0000 23.1287
24.0000 24.1747
24.0000 23.8378
24.0000 22.6466
24.0000 23.1657
24.0000 23.8176
24.0000 24.4989
24.0000 23.8394
24.0000 22.7363
24.0000 23.0911
24.0000 23.5335
24.0000 23.2204
24.0000 24.6261
24.0000 23.2919
24.0000 22.7961
24.0000 24.5027
24.0000 23.4203
24.0000 23.0273
24.0000 23.3501
24.0000 23.7819
24.0000 23.3786
24.0000 23.1124
24.0000 23.1041
24.0000 24.0153
24.0000 23.0014
24.0000 23.3729
24.0000 23.6018
24.0000 23.0057
24.0000 23.9730
24.0000 23.4851
24.0000 22.9984
24.0000 23.2115
24.0000 22.4210
24.0000 23.3776
24.0000 22.6334
24.0000 23.7243
24.0000 23.5026
24.0000 23.1851
24.0000 23.5299
24.0000 23.2844
24.0000 23.1980
24.0000 23.7565
24.0000 23.5730
24.0000 23.4746
24.0000 23.9421
24.0000 22.3548
24.0000 23.8671
24.0000 22.6747
24.0000 24.5372
24.0000 23.3120
24.0000 23.3500
24.0000 23.1887
24.0000 22.5554
24.0000 23.0861
24.0000 23.6189
24.0000 23.0627
24.0000 24.2949
24.0000 23.4834
24.0000 22.5512
24.0000 23.6997
24.0000 23.2683
24.0000 23.3290
24.0000 23.2130
24.0000 23.6155
24.0000 22.6376
24.0000 23.5926
24.0000 23.3129
24.0000 23.4362
24.0000 24.0321
24.0000 23.1726
24.0000 23.2434
24.0000 23.2973
24.0000 23.3416
24.0000 23.9644
24.0000 22.8976
24.0000 24.2912
24.0000 22.7490
24.0000 24.0763
24.0000 22.2568
24.0000 24.2113
24.0000 23.2142
24.0000 23.6278
24.0000 23.7567
24.0000 22.6290
24.0000 23.2592
24.0000 24.2854
24.0000 23.7522
24.0000 23.1010
24.0000 23.2037
24.0000 23.6372
24.0000 23.7773
24.0000 23.7384
24.0000 23.8872
24.0000 24.1139
24.0000 23.5207
24.0000 23.2162
24.0000 23.7046
24.0000 22.7461
24.0000 23.8340
24.0000 23.5328
24.0000 23.8746
24.0000 23.9467
24.0000 24.5055
24.0000 23.4648
24.0000 22.9342
24.0000 22.7825
24.0000 24.0696
24.0000 23.8723
24.0000 23.4008
24.0000 23.5485
24.0000 22.5778
24.0000 23.5688
24.0000 21.7901
24.0000 24.2145
24.0000 24.0037
24.0000 23.2233
24.0000 24.2848
24.0000 22.8712
24.0000 23.1668
24.0000 23.1139
24.0000 23.1607
24.0000 24.1059
24.0000 23.0493
24.0000 22.9195
24.0000 23.5802
24.0000 22.6974
24.0000 22.7069
24.0000 22.8673
24.0000 22.8037
24.0000 24.1162
24.0000 24.2964
24.0000 23.2838
24.0000 23.0120
24.0000 23.0201
24.0000 23.3621
24.0000 24.1853
24.0000 23.0445
24.0000 22.9794
24.0000 23.8931
24.0000 24.8239
24.0000 23.7106
24.0000 23.4668
24.0000 23.3919
24.0000 22.8011
24.0000 22.6739
24.0000 23.7105
24.0000 23.5517
24.0000 24.5594
24.0000 23.7231
24.0000 22.9015
24.0000 23.0625
24.0000 23.7136
24.0000 23.3609
24.0000 23.9041
24.0000 22.7601
24.0000 23.1884
24.0000 23.2626
24.0000 22.8592
24.0000 23.3045
24.0000 23.2389
24.0000 23.5638
24.0000 22.7498
24.0000 23.8633
24.0000 23.5708
24.0000 24.0577
24.0000 23.7515
24.0000 23.7146
24.0000 24.0793
24.0000 23.5188
24.0000 24.1368
24.0000 24.0492
24.0000 23.4527
24.0000 22.3228
24.0000 23.2012
24.0000 23.0071
24.0000 22.9073
24.0000 23.1539
24.0000 23.2710
24.0000 23.2250
24.0000 23.6321
24.0000 24.0326
24.0000 24.0712
24.0000 23.9307
24.0000 22.7635
24.0000 23.1364
24.0000 23.3009
24.0000 24.0354
24.0000 23.2453
24.0000 23.2304
24.0000 23.3683
24.0000 22.2643
24.0000 23.1125
24.0000 24.1099
24.0000 22.7547
24.0000 23.4126
24.0000 23.3244
24.0000 23.1456
24.0000 24.3769
24.0000 23.7041
24.0000 23.3003
24.0000 24.6727
24.0000 23.5832
24.0000 22.8712
24.0000 22.7944
24.0000 23.4404
24.0000 24.2548
24.0000 23.0055
24.0000 23.0341
24.0000 23.5133
24.0000 22.6519
24.0000 23.1713
24.0000 23.7685
24.0000 23.1705
24.0000 24.1031
24.0000 23.7524
24.0000 22.8013
24.0000 23.2800
24.0000 23.1575
24.0000 23.5385
24.0000 22.6457
24.0000 22.8930
24.0000 22.7572
24.0000 23.4663
24.0000 24.3236
24.0000 23.2595
24.0000 24.4175
24.0000 22.7930
24.0000 22.9472
24.0000 22.8948
24.0000 22.4229
24.0000 23.5520
24.0000 23.1982
24.0000 22.1303
24.0000 23.2876
24.0000 23.7741
24.0000 23.8990
24.0000 23.6699
24.0000 24.2601
24.0000 23.7074
24.0000 23.3689
24.0000 23.2403
24.0000 23.5303
24.0000 23.0076
24.0000 22.6890
24.0000 23.2227
24.0000 23.3497
24.0000 23.2254
24.0000 23.6360
24.0000 23.3714
24.0000 23.0432
24.0000 23.8575
24.0000 23.4025
24.0000 22.6485
24.0000 23.1376
24.0000 23.4151
24.0000 23.7259
24.0000 23.6277
24.0000 22.9280
24.0000 22.8590
24.0000 23.4010
24.0000 23.1540
24.0000 24.2673
24.0000 22.6681
24.0000 23.8389
24.0000 23.6078
24.0000 24.6811
24.0000 22.8665
24.0000 23.6748
24.0000 24.5606
24.0000 23.5269
24.0000 23.2885
24.0000 24.0434
24.0000 24.0555
24.0000 24.0347
24.0000 23.7880
24.0000 24.3106
24.0000 23.0364
24.0000 23.7924
24.0000 23.8577
24.0000 23.1040
24.0000 23.0756
24.0000 23.2676
24.0000 24.8516
24.0000 23.8876
24.0000 22.9852
24.0000 22.7091
24.0000 23.2633
24.0000 23.2787
24.0000 23.5348
24.0000 22.6612
24.0000 23.2442
24.0000 23.0063
24.0000 23.6000
24.0000 23.1358
24.0000 24.0597
24.0000 23.1158
24.0000 23.8548
24.0000 23.5395
24.0000 23.2572
24.0000 23.9378
24.0000 24.2440
24.0000 24.2319
24.0000 23.7111
24.0000 22.0761
24.0000 23.0596
24.0000 23.1721
24.0000 22.6648
24.0000 23.2963
24.0000 22.6088
24.0000 23.2605
24.0000 22.7694
24.0000 24.0845
24.0000 24.1304
24.0000 23.5950
24.0000 23.5879
24.0000 23.5830
24.0000 23.3338
24.0000 23.6585
24.0000 22.5813
24.0000 24.3863
24.0000 22.7936
24.0000 22.3661
24.0000 23.0016
24.0000 22.5764
24.0000 23.6862
24.0000 23.2104
24.0000 24.8455
24.0000 24.0640
24.0000 22.2410
24.0000 23.2003
24.0000 23.1533
24.0000 23.2951
24.0000 23.6720
24.0000 23.9214
24.0000 22.2708
24.0000 22.8563
24.0000 23.9291
24.0000 23.7635
24.0000 23.7421
24.0000 23.3704
24.0000 23.5443
24.0000 23.8062
24.0000 23.7061
24.0000 23.6822
24.0000 23.5334
24.0000 24.4357
24.0000 23.1851
24.0000 23.9005
24.0000 23.3394
24.0000 23.5301
24.0000 22.7121
24.0000 23.7957
24.0000 22.5933
24.0000 23.7456
24.0000 23.9876
24.0000 24.3731
24.0000 23.7354
24.0000 23.6917
24.0000 23.1366
24.0000 23.4685
24.0000 23.4402
24.0000 22.6433
24.0000 22.8608
24.0000 23.7062
24.0000 24.5949
24.0000 23.8410
24.0000 24.2454
24.0000 23.7820
24.0000 23.5172
24.0000 23.5253
24.0000 22.7762
24.0000 22.9554
24.0000 23.9847
24.0000 24.4504
24.0000 23.2607
24.0000 24.0503
24.0000 23.5252
24.0000 24.2464
24.0000 22.6162
24.0000 24.0026
24.0000 23.2013
24.0000 23.5463
24.0000 22.8975
24.0000 22.9380
24.0000 23.8138
24.0000 23.1800
24.0000 23.6821
24.0000 23.5237
24.0000 23.1249
24.0000 24.0626
24.0000 23.9167
24.0000 22.5434
24.0000 23.2166
24.0000 24.2951
24.0000 23.8203
24.0000 23.6382
24.0000 23.3754
24.0000 23.8853
24.0000 23.9576
24.0000 23.8821
24.0000 24.2900
24.0000 23.6124
24.0000 23.0263
24.0000 23.3743
24.0000 24.3353
24.0000 22.9191
24.0000 24.1301
24.0000 23.7316
24.0000 22.8092
24.0000 24.3470
24.0000 24.1679
24.0000 23.1245
24.0000 23.6810
24.0000 23.6518
24.0000 23.2885
24.0000 23.2829
24.0000 23.6889
24.0000 23.5523
24.0000 24.1710
24.0000 23.7279
24.0000 23.8705
24.0000 22.9487
24.0000 23.5618
24.0000 23.6500
24.0000 23.3411
24.0000 23.5890
24.0000 23.2910
24.0000 23.6106
24.0000 23.5974
24.0000 23.6901
24.0000 22.6036
24.0000 24.1576
24.0000 23.6207
24.0000 23.4099
24.0000 23.4578
24.0000 23.9386
24.0000 23.2749
24.0000 21.6595
24.0000 23.1429
24.0000 22.3077
24.0000 25.0949
24.0000 22.3370
24.0000 24.3515
24.0000 23.3498
24.0000 22.7715
24.0000 24.1362
24.0000 22.8807
24.0000 23.7345
24.0000 23.4435
24.0000 23.4487
24.0000 23.7589
24.0000 23.9531
24.0000 23.3449
24.0000 23.5941
24.0000 23.9943
24.0000 23.4944
24.0000 22.4717
24.0000 23.8515
24.0000 23.0635
24.0000 23.2055
24.0000 24.0833
24.0000 23.5623
24.0000 23.0707
24.0000 23.1094
24.0000 23.2359
24.0000 22.9561
24.0000 22.6505
24.0000 23.8778
24.0000 23.8135
24.0000 23.1176
24.0000 23.6181
24.0000 23.1263
24.0000 23.5146
24.0000 24.3019
24.0000 23.3934
24.0000 23.9626
24.0000 22.5948
24.0000 22.9762
24.0000 23.2052
24.0000 23.7012
24.0000 22.7107
24.0000 22.9670
24.0000 23.2092
24.0000 23.7469
24.0000 22.6989
24.0000 23.2276
24.0000 23.4106
24.0000 23.3417
24.0000 23.8081
24.0000 23.6910
24.0000 23.3410
24.0000 23.0599
24.0000 23.4452
24.0000 23.0217
24.0000 23.3865
24.0000 23.0620
24.0000 23.6202
24.0000 22.7294
24.0000 23.0962
24.0000 23.7269
24.0000 22.8774
24.0000 23.8057
24.0000 24.1560
24.0000 23.7330
24.0000 23.8502
24.0000 23.1991
24.0000 24.3463
24.0000 23.4235
24.0000 23.2504
24.0000 23.3691
24.0000 23.1114
24.0000 22.8108
24.0000 23.0966
24.0000 23.3705
24.0000 23.0513
24.0000 23.2833
24.0000 24.3682
24.0000 24.0855
24.0000 22.7889
24.0000 24.1269
24.0000 23.1829
24.0000 22.8440
24.0000 23.7453
24.0000 22.9888
24.0000 22.9273
24.0000 23.0801
24.0000 22.7617
24.0000 22.5278
24.0000 23.2432
24.0000 23.0146
24.0000 22.8821
24.0000 24.1912
24.0000 23.2311
24.0000 22.9087
24.0000 23.5836
24.0000 23.3281
24.0000 22.8748
24.0000 23.6583
24.0000 23.3494
24.0000 23.8048
24.0000 23.2653
24.0000 22.8678
24.0000 24.5240
24.0000 23.2373
24.0000 23.7868
24.0000 23.9700
24.0000 24.0533
24.0000 23.3631
24.0000 23.7009
24.0000 23.8033
24.0000 24.0117
24.0000 22.8748
24.0000 23.5832
24.0000 22.6807
24.0000 23.2845
24.0000 23.2108
24.0000 23.1262
24.0000 23.5780
24.0000 23.1618
24.0000 23.5909
24.0000 23.2528
24.0000 24.0021
24.0000 23.3662
24.0000 23.5619
24.0000 23.1555
24.0000 23.7470
24.0000 23.0511
24.0000 24.2893
24.0000 23.8414
24.0000 24.3595
24.0000 23.8164
24.0000 23.9825
24.0000 23.9385
24.0000 22.8059
24.0000 22.7631
24.0000 23.7875
24.0000 23.7220
24.0000 24.0871
24.0000 22.6973
24.0000 24.3663
24.0000 22.2888
24.0000 23.2984
24.0000 24.1931
24.0000 23.5521
24.0000 22.9457
24.0000 22.6900
24.0000 23.5608
24.0000 22.1394
24.0000 23.1811
24.0000 23.4273
24.0000 23.2630
24.0000 23.4678
24.0000 23.5215
24.0000 23.3664
24.0000 23.1954
24.0000 23.8279
24.0000 23.1279
24.0000 23.8960
24.0000 23.8770
24.0000 23.1219
24.0000 23.3698
24.0000 22.8454
24.0000 23.7222
24.0000 23.5003
24.0000 24.5599
24.0000 23.9920
24.0000 24.2432
24.0000 23.0253
24.0000 23.5500
24.0000 24.4376
24.0000 22.8106
24.0000 23.7624
24.0000 23.7214
24.0000 22.9064
24.0000 23.1235
24.0000 23.5585
24.0000 22.8378
24.0000 23.3914
24.0000 23.3642
24.0000 24.0576
24.0000 23.0991
24.0000 23.7349
24.0000 23.2626
24.0000 23.5222
24.0000 23.4435
24.0000 22.8604
24.0000 23.6394
24.0000 22.4568
24.0000 23.6267
24.0000 23.2780
24.0000 22.0585
24.0000 23.1861
24.0000 23.8675
24.0000 22.8926
24.0000 24.3845
24.0000 22.8691
24.0000 23.4734
24.0000 23.0784
24.0000 23.3760
24.0000 23.5293
24.0000 24.0078
24.0000 23.4887
24.0000 23.1472
24.0000 23.5450
24.0000 22.8681
24.0000 23.8922
24.0000 23.6510
24.0000 24.0350
24.0000 23.9366
24.0000 23.3271
24.0000 24.0957
24.0000 22.2527
24.0000 23.6668
24.0000 23.2985
24.0000 23.3410
24.0000 23.8269
24.0000 23.6613
24.0000 23.1993
24.0000 23.1243
24.0000 23.4721
24.0000 23.9726
24.0000 23.6845
24.0000 24.0332
24.0000 23.2272
24.0000 23.3983
24.0000 23.8890
24.0000 23.4078
24.0000 22.2828
24.0000 23.6890
24.0000 23.4538
24.0000 23.7849
24.0000 24.2045
24.0000 23.1503
24.0000 22.9728
24.0000 23.4542
24.0000 23.0062
24.0000 24.0755
24.0000 23.0640
24.0000 23.0778
24.0000 24.0573
24.0000 23.4822
24.0000 24.0521
24.0000 23.0075
24.0000 24.1469
24.0000 23.8766
24.0000 23.5595
24.0000 22.4546
24.0000 23.4527
24.0000 23.5393
24.0000 23.3658
24.0000 23.6064
24.0000 23.4407
24.0000 22.8611
24.0000 23.5782
24.0000 23.5843
24.0000 23.8768
24.0000 23.3726
24.0000 23.6841
24.0000 23.9899
24.0000 23.1578
24.0000 22.5788
24.0000 23.3943
24.0000 23.4679
24.0000 23.3845
24.0000 23.4767
24.0000 23.0100
24.0000 23.3461
24.0000 23.4224
24.0000 23.2936
24.0000 23.1479
24.0000 23.3320
24.0000 23.0153
24.0000 23.6395
24.0000 23.8851
24.0000 24.0188
24.0000 23.5765
24.0000 23.2001
24.0000 24.0751
24.0000 23.1570
24.0000 22.8913
24.0000 23.1748
24.0000 22.1322
24.0000 23.8317
24.0000 22.9660
24.0000 23.3282
24.0000 23.8470
24.0000 23.0163
24.0000 23.6621
24.0000 23.4684
24.0000 23.7870
24.0000 23.4530
24.0000 23.7358
24.0000 23.0129
24.0000 23.6577
24.0000 23.6462
24.0000 23.6492
24.0000 24.3792
24.0000 23.4081
24.0000 24.3844
24.0000 22.2520
24.0000 23.2254
24.0000 23.4539
24.0000 22.9828
24.0000 23.4404
24.0000 23.4018
24.0000 23.4065
24.0000 24.0703
24.0000 23.2638
24.0000 23.7480
24.0000 23.5019
24.0000 23.9405
24.0000 23.9410
24.0000 24.4490
24.0000 23.1049
24.0000 23.5863
24.0000 23.1334
24.0000 24.1067
24.0000 23.2385
24.0000 24.0819
24.0000 23.4353
24.0000 23.0876
24.0000 23.2145
24.0000 23.5419
24.0000 23.6003
24.0000 23.9296
24.0000 22.9490
24.0000 24.3902
24.0000 23.7776
24.0000 23.4263
24.0000 23.5476
24.0000 23.7383
24.0000 22.5756
24.0000 22.6299
24.0000 22.6039
24.0000 23.5670
24.0000 23.4152
24.0000 23.1061
24.0000 22.3616
24.0000 23.6301
24.0000 23.9765
24.0000 24.4303
24.0000 22.5226
24.0000 23.6795
24.0000 23.8316
24.0000 23.7453
24.0000 23.7166
24.0000 24.0011
24.0000 23.2962
24.0000 23.7374
24.0000 23.6786
24.0000 22.8336
24.0000 23.4302
24.0000 23.6275
24.0000 23.3355
24.0000 24.0344
24.0000 23.2570
24.0000 23.5655
24.0000 24.8136
24.0000 23.8878
24.0000 22.9222
24.0000 23.7355
24.0000 23.6520
24.0000 23.3112
24.0000 23.2420
24.0000 23.7946
24.0000 23.9856
24.0000 24.2677
24.0000 23.6470
24.0000 23.1554
24.0000 22.4911
24.0000 23.6580
24.0000 25.0748
24.0000 24.0940
24.0000 22.9653
24.0000 23.8145
24.0000 24.3124
24.0000 23.8917
24.0000 23.7008
24.0000 23.3645
24.0000 23.6234
24.0000 23.6004
24.0000 23.0490
24.0000 22.6434
24.0000 22.6214
24.0000 22.6561
24.0000 22.9940
24.0000 22.8853
24.0000 22.8970
24.0000 23.1392
24.0000 23.0610
24.0000 23.3712
24.0000 24.3809
24.0000 23.8130
24.0000 23.8167
24.0000 23.9738
24.0000 23.6321
24.0000 23.9750
24.0000 22.9585
24.0000 22.0708
24.0000 23.3554
24.0000 23.9391
24.0000 23.3466
24.0000 23.6566
24.0000 23.9151
24.0000 23.1133
24.0000 23.7700
24.0000 22.4884
24.0000 22.9293
24.0000 23.7083
24.0000 23.9362
24.0000 23.2946
24.0000 23.5167
24.0000 22.9982
24.0000 23.3381
24.0000 22.7778
24.0000 24.2389
24.0000 23.7372
24.0000 24.8091
24.0000 23.1622
24.0000 23.1296
24.0000 23.6632
24.0000 23.1238
24.0000 23.9739
24.0000 24.7420
24.0000 23.5035
24.0000 23.4069
24.0000 22.3111
24.0000 23.4340
24.0000 22.5268
24.0000 23.0546
24.0000 23.8428
24.0000 23.6953
24.0000 22.7107
24.0000 23.3926
24.0000 23.3073
24.0000 23.6130
24.0000 22.5155
24.0000 23.4748
24.0000 23.2922
24.0000 23.5371
24.0000 23.2808
24.0000 23.7806
24.0000 23.1457
24.0000 24.3092
24.0000 23.4073
24.0000 23.3510
24.0000 23.4468
24.0000 23.9218
24.0000 23.9140
24.0000 24.3988
24.0000 23.6465
24.0000 22.6889
24.0000 23.1727
24.0000 22.9919
24.0000 23.5799
24.0000 22.9184
24.0000 24.6675
24.0000 23.1678
24.0000 23.0987
24.0000 21.4909
24.0000 22.6793
24.0000 23.8839
24.0000 23.6057
24.0000 22.8670
24.0000 22.8062
24.0000 22.9323
24.0000 23.9851
24.0000 23.2068
24.0000 23.0731
24.0000 23.4430
24.0000 23.8351
24.0000 23.0439
24.0000 22.3096
24.0000 22.7075
24.0000 23.2404
24.0000 23.4426
24.0000 22.6750
24.0000 23.8210
24.0000 23.5239
24.0000 23.6234
24.0000 23.5300
24.0000 24.1300
24.0000 22.3836
24.0000 23.7681
24.0000 23.2566
24.0000 24.4885
24.0000 23.8322
24.0000 23.5542
24.0000 22.8189
24.0000 23.4692
24.0000 23.0536
24.0000 23.5514
24.0000 22.8894
24.0000 24.3609
24.0000 23.6703
24.0000 23.6925
24.0000 23.7989
24.0000 23.3181
24.0000 22.6976
24.0000 23.7407
24.0000 22.2068
24.0000 23.4150
24.0000 23.9125
24.0000 24.3138
24.0000 22.7506
24.0000 22.8676
24.0000 23.3210
24.0000 23.3936
24.0000 23.2626
24.0000 23.3065
24.0000 22.4938
24.0000 22.6254
24.0000 23.6419
24.0000 22.7967
24.0000 22.1572
24.0000 23.8837
24.0000 22.6155
24.0000 23.4656
24.0000 24.3482
24.0000 23.5773
24.0000 23.0017
24.0000 23.4149
24.0000 22.1457
24.0000 23.2082
24.0000 23.4442
24.0000 23.6676
24.0000 24.2851
24.0000 23.3778
24.0000 22.5556
24.0000 23.0546
24.0000 23.3046
24.0000 24.0524
24.0000 22.0377
24.0000 23.8705
24.0000 23.2952
24.0000 23.4504
24.0000 23.3068
24.0000 23.4889
24.0000 24.5041
24.0000 23.4264
24.0000 23.0406
24.0000 23.3685
24.0000 23.1904
24.0000 23.0000
24.0000 22.0006
24.0000 23.8980
24.0000 23.2844
24.0000 23.0744
24.0000 22.9508
24.0000 23.7032
24.0000 22.8111
24.0000 22.4791
24.0000 23.8796
24.0000 22.8995
24.0000 22.3879
24.0000 23.2434
24.0000 24.0093
24.0000 22.8448
24.0000 22.7683
24.0000 22.7431
24.0000 24.0751
24.0000 22.6601
24.0000 23.0891
24.0000 24.2197
24.0000 23.2503
24.0000 23.1764
24.0000 23.9596
24.0000 23.9017
24.0000 23.3753
24.0000 23.2619
24.0000 22.2232
24.0000 24.1462
24.0000 23.4638
24.0000 23.1942
24.0000 23.0644
24.0000 23.7758
24.0000 22.7858
24.0000 23.8014
24.0000 23.8793
24.0000 24.0732
24.0000 23.8627
24.0000 22.7121
24.0000 22.7875
24.0000 23.1958
24.0000 22.4724
24.0000 24.2579
24.0000 23.3176
24.0000 23.9807
24.0000 23.6328
24.0000 22.9865
24.0000 23.8175
24.0000 23.2153
24.0000 23.3674
24.0000 24.2175
24.0000 24.6367
24.0000 23.2426
24.0000 23.6504
24.0000 23.2361
24.0000 22.8730
24.0000 22.7195
24.0000 22.7842
24.0000 22.7153
24.0000 23.4371
24.0000 23.9268
24.0000 24.0674
24.0000 23.6545
24.0000 23.4453
24.0000 23.4362
24.0000 23.6814
24.0000 23.7206
24.0000 23.6366
24.0000 24.0050
24.0000 23.5824
24.0000 24.7043
24.0000 23.0213
24.0000 23.4653
24.0000 23.7596
24.0000 23.5003
24.0000 23.8790
24.0000 23.7268
24.0000 23.3030
24.0000 24.2424
24.0000 23.1956
24.0000 22.6999
24.0000 23.8775
24.0000 23.7091
24.0000 23.7594
24.0000 24.2314
24.0000 23.6103
24.0000 24.7755
24.0000 23.0723
24.0000 23.1814
24.0000 23.3624
24.0000 23.1924
24.0000 22.7856
24.0000 23.6087
24.0000 22.5264
24.0000 22.9113
24.0000 22.9065
24.0000 23.1317
24.0000 23.1429
24.0000 23.8239
24.0000 23.5017
24.0000 24.0696
24.0000 24.0172
24.0000 23.7752
24.0000 23.4942
24.0000 23.8853
24.0000 23.2569
24.0000 23.7337
24.0000 23.1876
24.0000 22.7709
24.0000 23.6066
24.0000 23.7283
24.0000 24.0909
24.0000 22.8601
24.0000 23.6630
24.0000 23.9831
24.0000 24.3924
24.0000 23.8367
24.0000 23.0592
24.0000 22.6328
24.0000 23.3244
24.0000 24.2406
24.0000 24.6840
24.0000 23.6959
24.0000 22.3112
24.0000 23.4542
24.0000 22.5720
24.0000 23.1545
24.0000 22.8729
24.0000 23.8736
24.0000 23.6834
24.0000 23.8010
24.0000 24.6859
24.0000 22.8329
24.0000 22.8499
24.0000 23.3577
24.0000 23.8623
24.0000 24.5728
24.0000 23.2205
24.0000 23.7366
24.0000 23.4949
24.0000 22.7855
24.0000 23.9441
24.0000 24.3908
24.0000 22.8264
24.0000 24.1811
24.0000 23.1658
24.0000 23.6423
24.0000 23.2406
24.0000 22.9963
24.0000 22.8430
24.0000 24.3850
24.0000 23.8457
24.0000 23.7577
24.0000 23.3581
24.0000 22.9881
24.0000 23.6526
24.0000 23.4506
24.0000 24.2934
24.0000 23.9853
24.0000 23.3715
24.0000 22.9151
24.0000 23.4341
24.0000 23.3815
24.0000 22.7258
24.0000 23.5636
24.0000 23.6861
24.0000 23.9181
24.0000 23.8244
24.0000 23.0783
24.0000 23.3009
24.0000 22.6493
24.0000 23.9268
24.0000 23.3917
24.0000 23.9715
24.0000 22.9756
24.0000 23.8231
24.0000 23.0723
24.0000 23.3330
24.0000 24.2746
24.0000 23.2077
24.0000 24.2594
24.0000 22.5208
24.0000 23.4856
24.0000 23.3648
24.0000 22.3131
24.0000 23.7441
24.0000 23.3788
24.0000 22.7642
24.0000 23.8111
24.0000 23.3331
24.0000 23.5886
24.0000 23.3296
24.0000 24.1778
24.0000 23.8384
24.0000 23.1586
24.0000 22.7931
24.0000 23.2852
24.0000 23.2732
24.0000 23.0534
24.0000 24.8389
24.0000 24.0621
24.0000 23.5206
24.0000 22.7447
24.0000 23.7134
24.0000 23.2530
24.0000 23.0617
24.0000 24.1631
24.0000 22.8783
24.0000 23.4491
24.0000 23.7837
24.0000 23.1959
24.0000 23.5859
24.0000 23.5889
24.0000 23.5202
24.0000 23.6763
24.0000 23.3919
24.0000 23.6522
24.0000 23.7427
24.0000 22.9442
24.0000 23.2422
24.0000 23.7631
24.0000 23.4524
24.0000 24.7704
24.0000 23.0724
24.0000 23.1056
24.0000 23.9579
24.0000 23.8247
24.0000 24.1612
24.0000 23.1778
24.0000 23.2303
24.0000 22.3376
24.0000 23.5462
24.0000 23.6024
24.0000 23.8175
24.0000 23.6493
24.0000 23.0126
24.0000 24.0282
24.0000 23.7083
24.0000 22.2523
24.0000 23.2647
24.0000 23.4227
24.0000 22.5792
24.0000 23.3576
24.0000 23.1883
24.0000 23.6453
24.0000 23.8759
24.0000 23.3129
24.0000 23.2275
24.0000 23.4856
24.0000 23.4232
24.0000 23.1538
24.0000 22.7792
24.0000 23.7769
24.0000 24.5689
24.0000 24.3184
24.0000 23.3354
24.0000 23.5460
24.0000 23.6390
24.0000 23.7108
24.0000 21.9952
24.0000 22.8599
24.0000 24.4130
24.0000 23.4233
24.0000 23.4030
24.0000 23.4935
24.0000 23.4230
24.0000 23.5166
24.0000 24.3783
24.0000 24.0298
24.0000 23.0027
24.0000 23.8593
24.0000 24.0120
24.0000 23.5111
24.0000 23.9732
24.0000 23.4144
24.0000 23.1885
24.0000 22.3014
24.0000 23.7501
24.0000 22.8436
24.0000 23.3254
24.0000 23.0763
24.0000 23.1964
24.0000 23.4735
24.0000 23.6105
24.0000 23.1633
24.0000 23.3684
24.0000 23.2226
24.0000 23.2938
24.0000 23.1668
24.0000 22.5992
24.0000 23.8780
24.0000 23.7098
24.0000 24.3197
24.0000 24.3502
24.0000 23.4904
24.0000 23.6952
24.0000 23.3063
24.0000 24.0638
24.0000 24.2885
24.0000 24.4300
24.0000 23.7317
24.0000 23.3283
24.0000 23.7156
24.0000 23.2460
24.0000 22.6703
24.0000 23.2087
24.0000 23.9085
24.0000 23.1515
24.0000 23.8347
24.0000 23.8178
24.0000 23.5682
24.0000 22.9690
24.0000 23.4494
24.0000 23.8649
24.0000 23.4034
24.0000 22.5378
24.0000 23.3518
24.0000 23.5568
24.0000 24.0486
24.0000 23.4177
24.0000 24.0506
24.0000 23.6425
24.0000 23.7910
24.0000 24.2851
24.0000 22.7436
24.0000 22.5979
24.0000 23.5737
24.0000 23.3978
24.0000 22.7360
24.0000 24.0257
24.0000 23.8884
24.0000 23.1571
24.0000 22.4713
24.0000 23.4278
24.0000 23.5788
24.0000 23.6065
24.0000 23.4470
24.0000 23.8329
24.0000 23.3459
24.0000 23.1687
24.0000 24.2892
24.0000 24.1854
24.0000 23.2206
24.0000 23.6630
24.0000 23.6159
24.0000 23.5463
24.0000 23.7652
24.0000 23.4479
24.0000 23.5508
24.0000 23.2368
24.0000 24.3885
24.0000 23.4851
24.0000 23.9514
24.0000 22.8666
24.0000 24.0186
24.0000 22.9546
24.0000 24.6051
24.0000 23.3013
24.0000 23.1199
24.0000 24.0862
24.0000 23.6215
24.0000 24.3637
24.0000 22.2724
24.0000 22.9250
24.0000 23.7072
24.0000 23.7659
24.0000 24.0979
24.0000 22.9768
24.0000 22.0512
24.0000 23.2878
24.0000 23.4588
24.0000 22.5705
24.0000 22.8350
24.0000 23.5450
24.0000 22.4013
24.0000 24.0960
24.0000 23.7210
24.0000 23.2466
24.0000 21.9320
24.0000 24.1075
24.0000 23.4756
24.0000 22.7408
24.0000 23.5626
24.0000 24.0623
24.0000 23.2546
24.0000 23.1495
24.0000 23.4200
24.0000 22.9363
24.0000 23.4860
24.0000 22.9550
24.0000 23.3620
24.0000 23.4687
24.0000 23.6467
24.0000 23.1829
24.0000 22.6519
24.0000 23.5363
24.0000 23.4251
24.0000 24.1738
24.0000 22.8891
24.0000 23.3331
24.0000 22.3683
24.0000 23.8901
24.0000 23.1972
24.0000 22.5493
24.0000 23.4353
24.0000 22.7292
24.0000 23.4048
24.0000 22.6140
24.0000 22.7219
24.0000 23.5237
24.0000 23.3572
24.0000 23.3607
24.0000 24.1907
24.0000 22.3324
24.0000 23.1889
24.0000 23.3961
24.0000 23.4661
24.0000 23.1581
24.0000 22.0518
24.0000 23.4750
24.0000 22.2647
24.0000 23.6763
24.0000 23.0208
24.0000 24.0451
24.0000 23.9081
24.0000 22.3430
24.0000 23.3444
24.0000 22.9056
24.0000 23.3873
24.0000 23.1761
24.0000 23.6703
24.0000 22.6611
24.0000 23.7375
24.0000 23.3976
24.0000 23.2836
24.0000 23.0276
24.0000 23.0164
24.0000 24.2521
24.0000 23.3229
24.0000 23.1722
24.0000 23.5207
24.0000 23.1716
24.0000 23.3841
24.0000 24.0044
24.0000 23.6546
24.0000 23.0966
24.0000 23.5657
24.0000 24.0405
24.0000 24.0406
24.0000 23.4617
24.0000 24.0346
24.0000 23.3542
24.0000 23.1981
24.0000 24.3937
24.0000 23.1052
24.0000 23.7832
24.0000 23.2343
24.0000 22.8129
24.0000 23.0083
24.0000 23.7593
24.0000 23.5456
24.0000 22.4965
24.0000 24.2164
24.0000 23.6387
24.0000 24.3830
24.0000 23.2875
24.0000 23.4875
24.0000 23.5080
24.0000 23.6167
24.0000 23.4400
24.0000 23.7288
24.0000 22.6920
24.0000 24.3259
24.0000 23.7127
24.0000 23.3901
24.0000 23.8805
24.0000 23.6856
24.0000 22.8652
24.0000 23.7679
24.0000 24.1906
24.0000 23.7369
24.0000 23.3144
24.0000 24.0688
24.0000 23.1452
24.0000 22.6919
24.0000 23.2732
24.0000 23.2111
24.0000 23.7163
24.0000 23.4247
24.0000 22.8405
24.0000 24.1321
24.0000 23.1587
24.0000 23.7076
24.0000 24.6662
24.0000 23.5852
24.0000 22.8436
24.0000 24.3184
24.0000 23.3600
24.0000 22.6444
24.0000 22.8592
24.0000 23.1297
24.0000 23.6109
24.0000 24.1345
24.0000 22.5366
24.0000 24.5294
24.0000 23.1032
24.0000 24.2258
24.0000 23.0702
24.0000 22.8737
24.0000 23.3010
24.0000 23.5821
24.0000 23.1113
24.0000 23.1436
24.0000 23.9209
24.0000 23.9955
24.0000 23.7070
24.0000 23.7438
24.0000 23.2365
24.0000 23.3991
24.0000 23.3534
24.0000 23.2705
24.0000 23.5115
24.0000 22.8206
24.0000 22.5215
24.0000 23.8336
24.0000 22.4066
24.0000 22.7801
24.0000 22.9367
24.0000 23.7178
24.0000 23.2142
24.0000 22.5853
24.0000 23.0289
24.0000 23.5454
24.0000 24.0512
24.0000 23.9970
24.0000 23.4349
24.0000 22.4592
24.0000 23.0938
24.0000 23.2777
24.0000 23.0673
24.0000 24.0195
24.0000 24.3568
24.0000 22.9951
24.0000 22.3841
24.0000 23.8180
24.0000 23.4768
24.0000 23.6077
24.0000 23.4028
24.0000 23.1141
24.0000 23.4663
24.0000 23.9147
24.0000 23.2122
24.0000 22.8027
24.0000 22.8099
24.0000 22.7539
24.0000 23.9382
24.0000 24.8034
24.0000 23.8042
24.0000 23.0585
24.0000 23.0208
24.0000 23.5576
24.0000 23.4168
24.0000 22.5938
24.0000 22.9505
24.0000 22.8902
24.0000 23.3511
24.0000 23.9725
24.0000 23.0377
24.0000 23.2691
24.0000 23.8247
24.0000 23.1882
24.0000 24.3597
24.0000 23.5078
24.0000 23.3449
24.0000 23.5312
24.0000 22.4755
24.0000 23.1645
24.0000 23.2604
24.0000 23.1849
24.0000 23.7930
24.0000 23.1277
24.0000 23.3291
24.0000 23.4408
24.0000 23.3375
24.0000 23.1395
24.0000 23.6399
24.0000 23.3497
24.0000 23.2213
24.0000 23.7556
24.0000 23.6782
24.0000 23.1286
24.0000 23.0394
24.0000 23.3194
24.0000 23.7880
24.0000 23.6161
24.0000 23.6934
24.0000 22.4518
24.0000 23.3441
24.0000 24.0814
24.0000 23.1903
24.0000 23.0306
24.0000 22.6951
24.0000 23.2861
24.0000 22.6247
24.0000 23.3814
24.0000 23.1982
24.0000 24.3869
24.0000 22.2928
24.0000 23.2025
24.0000 23.6819
24.0000 22.1789
24.0000 23.5407
24.0000 23.2777
24.0000 23.3321
24.0000 23.2063
24.0000 22.9869
24.0000 22.6916
24.0000 23.9909
24.0000 23.1206
24.0000 24.1170
24.0000 22.7884
24.0000 23.6709
24.0000 23.4164
24.0000 23.6414
24.0000 22.8410
24.0000 23.4334
24.0000 23.8972
24.0000 24.3995
24.0000 23.9791
24.0000 22.2268
24.0000 23.1583
24.0000 23.4755
24.0000 23.6791
24.0000 23.7420
24.0000 23.7680
24.0000 23.1716
24.0000 23.7128
24.0000 23.6928
24.0000 22.7388
24.0000 23.3252
24.0000 23.5184
24.0000 23.0724
24.0000 23.6295
24.0000 23.5798
24.0000 23.4061
24.0000 23.0080
24.0000 24.7174
24.0000 23.8335
24.0000 23.5881
24.0000 23.8136
24.0000 24.4616
24.0000 24.6512
24.0000 24.0670
24.0000 22.6536
24.0000 22.9269
24.0000 23.3350
24.0000 22.6532
24.0000 23.2143
24.0000 23.3180
24.0000 23.2512
24.0000 23.6587
24.0000 23.1934
24.0000 23.5029
24.0000 23.8504
24.0000 23.0908
24.0000 23.8249
24.0000 23.9592
24.0000 23.1684
24.0000 24.4087
24.0000 23.7039
24.0000 23.7459
24.0000 23.2124
24.0000 23.1928
24.0000 23.6885
24.0000 23.7546
24.0000 24.0986
24.0000 23.4282
24.0000 24.1837
24.0000 23.6195
24.0000 23.2534
24.0000 22.7034
24.0000 23.1989
24.0000 24.3940
24.0000 23.2007
24.0000 23.3936
24.0000 23.8772
24.0000 23.6414
24.0000 24.2774
24.0000 23.1550
24.0000 23.3378
24.0000 24.5466
24.0000 23.2799
24.0000 23.6400
24.0000 23.1231
24.0000 23.3462
24.0000 22.7996
24.0000 22.7178
24.0000 23.5130
24.0000 23.8528
24.0000 23.9969
24.0000 23.9417
24.0000 22.8644
24.0000 23.1279
24.0000 24.1740
24.0000 23.7931
24.0000 23.8574
24.0000 23.0736
24.0000 23.4579
24.0000 24.0032
24.0000 23.6923
24.0000 23.6864
24.0000 23.7180
24.0000 23.4911
24.0000 23.3464
24.0000 22.2880
24.0000 23.6493
24.0000 23.3918
24.0000 23.8094
24.0000 23.1599
24.0000 23.7126
24.0000 23.2148
24.0000 23.2115
24.0000 23.7902
24.0000 23.3684
24.0000 22.9431
24.0000 23.1532
24.0000 24.0669
24.0000 23.6515
24.0000 23.7936
24.0000 23.2265
24.0000 23.8362
24.0000 22.4867
24.0000 23.3890
24.0000 23.5050
24.0000 23.9301
24.0000 23.6819
24.0000 24.1327
24.0000 23.9452
24.0000 23.2615
24.0000 23.9602
24.0000 23.2555
24.0000 23.8362
24.0000 22.7772
24.0000 23.3241
24.0000 23.1875
24.0000 23.3636
24.0000 23.7640
24.0000 23.8784
24.0000 24.5050
24.0000 22.6445
24.0000 24.0322
24.0000 23.4567
24.0000 24.0343
24.0000 23.4759
24.0000 23.4781
24.0000 22.6821
24.0000 23.2716
24.0000 23.9117
24.0000 23.8233
24.0000 23.6879
24.0000 23.5564
24.0000 23.0233
24.0000 23.1328
24.0000 23.7679
24.0000 23.6579
24.0000 22.6685
24.0000 24.0034
24.0000 22.9556
24.0000 23.9413
24.0000 22.3617
24.0000 22.5684
24.0000 22.9998
24.0000 24.4425
24.0000 23.7073
24.0000 23.2957
24.0000 23.4473
24.0000 24.1885
24.0000 23.6201
24.0000 23.8414
24.0000 23.4900
24.0000 23.8791
24.0000 23.9285
24.0000 23.5729
24.0000 21.9230
24.0000 23.7693
24.0000 22.9831
24.0000 24.1954
24.0000 23.3755
24.0000 23.7373
24.0000 23.1076
24.0000 23.8391
24.0000 23.9834
24.0000 24.6635
24.0000 23.7974
24.0000 22.9014
24.0000 23.8224
24.0000 24.4183
24.0000 23.6153
24.0000 22.4558
24.0000 23.1180
24.0000 23.3502
24.0000 23.1758
24.0000 23.8246
24.0000 22.8729
24.0000 23.0352
24.0000 23.7169
24.0000 23.0901
24.0000 23.9015
24.0000 22.5671
24.0000 24.1827
24.0000 23.2473
24.0000 23.7589
24.0000 24.0748
24.0000 23.1482
24.0000 23.3294
24.0000 23.7018
24.0000 23.3676
24.0000 23.3784
24.0000 23.0922
24.0000 23.2354
24.0000 23.4211
24.0000 22.9075
24.0000 23.1657
24.0000 23.4378
24.0000 23.7290
24.0000 23.3248
24.0000 23.1098
24.0000 22.7116
24.0000 22.8364
24.0000 24.2283
24.0000 23.8063
24.0000 23.4527
24.0000 23.1823
24.0000 23.9182
24.0000 24.2493
24.0000 22.7318
24.0000 23.2819
24.0000 23.6424
24.0000 23.6075
24.0000 23.6669
24.0000 23.6093
24.0000 23.0302
24.0000 23.7171
24.0000 23.2830
24.0000 23.1866
24.0000 23.1691
24.0000 23.9138
24.0000 23.7799
24.0000 23.1598
24.0000 23.1476
24.0000 23.1599
24.0000 23.0954
24.0000 22.9106
24.0000 23.9033
24.0000 23.9386
24.0000 23.6335
24.0000 22.9688
24.0000 24.8611
24.0000 23.0386
24.0000 23.8520
24.0000 23.1057
24.0000 23.0995
24.0000 22.9014
24.0000 23.6193
24.0000 23.5560
24.0000 23.2682
24.0000 23.0725
24.0000 22.5579
24.0000 23.7925
24.0000 23.6600
24.0000 23.7900
24.0000 23.8770
24.0000 23.4200
24.0000 23.3711
24.0000 23.8917
24.0000 23.4807
24.0000 23.2335
24.0000 23.5473
24.0000 23.8661
24.0000 21.9049
24.0000 23.7374
24.0000 23.0561
24.0000 23.4970
24.0000 22.9724
24.0000 23.0538
24.0000 22.8026
24.0000 23.0870
24.0000 22.8994
24.0000 22.5825
24.0000 23.5976
24.0000 24.3529
24.0000 23.4949
24.0000 22.9490
24.0000 23.8907
24.0000 23.4711
24.0000 22.6063
24.0000 23.6705
24.0000 23.9822
24.0000 23.2671
24.0000 23.5594
24.0000 23.1666
24.0000 22.9156
24.0000 23.0022
24.0000 22.9028
24.0000 23.1881
24.0000 23.4796
24.0000 23.5647
24.0000 22.6914
24.0000 23.3679
24.0000 23.8836
24.0000 23.3942
24.0000 23.5853
24.0000 24.2327
24.0000 23.8822
24.0000 22.5793
24.0000 23.5164
24.0000 22.8213
24.0000 23.6636
24.0000 23.2615
24.0000 23.8109
24.0000 23.5939
24.0000 23.4265
24.0000 23.6399
24.0000 23.5434
24.0000 21.9494
24.0000 23.8634
24.0000 22.4567
24.0000 22.7273
24.0000 22.6119
24.0000 22.9748
24.0000 23.1196
24.0000 23.0099
24.0000 23.0130
24.0000 24.0437
24.0000 23.2310
24.0000 23.5097
24.0000 24.1674
24.0000 22.9640
24.0000 24.3143
24.0000 22.8594
24.0000 23.3812
24.0000 23.5445
24.0000 23.3913
24.0000 23.5795
24.0000 23.1207
24.0000 22.6584
24.0000 23.2789
24.0000 22.9869
24.0000 22.6332
24.0000 23.7173
24.0000 23.2322
24.0000 23.5926
24.0000 24.5985
24.0000 23.1216
24.0000 22.8426
24.0000 23.5305
24.0000 23.5250
24.0000 23.6091
24.0000 24.1271
24.0000 22.8651
24.0000 24.9257
24.0000 22.9130
24.0000 22.3527
24.0000 23.4461
24.0000 23.5228
24.0000 24.0124
24.0000 23.4005
24.0000 23.5809
24.0000 22.4964
24.0000 23.8129
24.0000 24.5124
24.0000 22.7031
24.0000 23.6574
24.0000 23.5461
24.0000 23.2126
24.0000 23.7850
24.0000 23.0741
24.0000 23.4091
24.0000 24.8032
24.0000 23.4947
24.0000 23.3016
24.0000 23.6968
24.0000 23.1593
24.0000 22.8725
24.0000 23.3150
24.0000 22.6299
24.0000 23.3012
24.0000 23.7621
24.0000 23.5029
24.0000 22.1147
24.0000 24.0603
24.0000 23.3384
24.0000 23.4759
24.0000 23.5423
24.0000 23.2377
24.0000 23.7718
24.0000 23.1579
24.0000 23.5178
24.0000 24.1539
24.0000 22.6666
24.0000 24.3464
24.0000 22.6474
24.0000 23.7280
24.0000 23.4129
24.0000 22.4121
24.0000 23.5094
24.0000 23.9555
24.0000 23.5835
24.0000 22.8591
24.0000 22.6839
24.0000 23.2677
24.0000 22.2431
24.0000 23.4912
24.0000 23.7998
24.0000 23.2379
24.0000 23.7913
24.0000 23.3313
24.0000 22.7948
24.0000 23.9864
24.0000 24.0561
24.0000 24.1849
24.0000 22.9116
24.0000 23.1079
24.0000 23.5995
24.0000 23.3494
24.0000 23.8786
24.0000 24.1928
24.0000 23.8005
24.0000 22.8265
24.0000 23.8415
24.0000 23.3421
24.0000 23.8562
24.0000 23.3575
24.0000 22.8476
24.0000 23.5603
24.0000 23.0429
24.0000 23.4283
24.0000 23.2592
24.0000 22.0245
24.0000 22.9707
24.0000 23.7460
24.0000 23.2350
24.0000 23.3891
24.0000 23.6188
24.0000 23.4270
24.0000 23.7213
24.0000 23.5723
24.0000 24.0603
24.0000 22.9323
24.0000 22.0003
24.0000 23.0680
24.0000 23.5120
24.0000 22.9870
24.0000 22.4164
24.0000 23.4165
24.0000 22.7152
24.0000 23.8303
24.0000 23.2227
24.0000 23.5006
24.0000 24.1206
24.0000 22.6745
24.0000 22.8293
24.0000 23.4391
24.0000 24.2422
24.0000 22.9353
24.0000 23.7681
24.0000 23.9889
24.0000 23.5342
24.0000 23.2848
24.0000 23.5356
24.0000 23.3606
24.0000 22.8373
24.0000 23.2515
24.0000 23.7600
24.0000 23.7479
24.0000 22.8865
24.0000 22.7453
24.0000 24.1029
24.0000 23.3169
24.0000 23.6506
24.0000 24.0700
24.0000 23.4573
24.0000 22.6598
24.0000 23.5480
24.0000 23.0120
24.0000 24.1150
24.0000 23.4610
24.0000 23.4727
24.0000 22.8402
24.0000 22.7072
24.0000 23.6146
24.0000 23.0923
24.0000 22.7458
24.0000 22.6487
24.0000 24.4312
24.0000 23.5850
24.0000 23.6090
24.0000 23.6875
24.0000 22.5005
24.0000 22.5025
24.0000 23.7077
24.0000 23.4465
24.0000 22.9148
24.0000 23.8255
24.0000 23.7571
24.0000 22.9961
24.0000 24.2067
24.0000 23.4493
24.0000 23.4294
24.0000 22.7662
24.0000 23.5088
24.0000 23.9227
24.0000 23.3947
24.0000 23.6590
24.0000 23.1954
24.0000 23.3658
24.0000 24.1283
24.0000 24.1875
24.0000 24.4510
24.0000 24.1674
24.0000 23.7192
24.0000 23.1763
24.0000 23.5279
24.0000 23.8511
24.0000 23.4161
24.0000 24.3887
24.0000 23.3867
24.0000 23.5897
24.0000 23.2705
24.0000 23.1941
24.0000 22.8172
24.0000 23.4571
24.0000 23.5849
24.0000 22.9475
24.0000 22.6108
24.0000 23.6091
24.0000 23.7465
24.0000 23.1049
24.0000 23.1726
24.0000 24.0121
24.0000 23.5008
24.0000 22.9167
24.0000 23.6495
24.0000 22.6446
24.0000 22.9022
24.0000 22.3311
24.0000 24.1403
24.0000 22.9135
24.0000 24.0092
24.0000 24.0433
24.0000 24.1033
24.0000 22.8919
24.0000 23.4747
24.0000 23.7692
24.0000 23.8340
24.0000 23.2726
24.0000 23.5088
24.0000 22.8309
24.0000 22.9751
24.0000 23.3544
24.0000 23.7245
24.0000 23.0749
24.0000 24.3367
24.0000 23.1133
