27.0000 26.9466
27.0000 26.1492
27.0000 26.9088
27.0000 27.1642
27.0000 26.0869
27.0000 25.8197
27.0000 26.7540
27.0000 27.5086
27.0000 27.4106
27.0000 27.5899
27.0000 26.1106
27.0000 27.3633
27.0000 26.8731
27.0000 27.1815
27.0000 26.5620
27.0000 26.7745
27.0000 27.0951
27.0000 26.9519
27.0000 27.3206
27.0000 26.8774
27.0000 27.0599
27.0000 26.7707
27.0000 26.7440
27.0000 27.9742
27.0000 27.9715
27.0000 26.2740
27.0000 26.9848
27.0000 26.0492
27.0000 26.9884
27.0000 27.0331
27.0000 26.4232
27.0000 26.5535
27.0000 27.7841
27.0000 26.5641
27.0000 25.8519
27.0000 26.6862
27.0000 26.7136
27.0000 26.9236
27.0000 25.4725
27.0000 26.3735
27.0000 27.7835
27.0000 27.1934
27.0000 27.4003
27.0000 27.6646
27.0000 27.0206
27.0000 26.7794
27.0000 26.8302
27.0000 26.5503
27.0000 26.4478
27.0000 27.0290
27.0000 26.7339
27.0000 26.9125
27.0000 26.4918
27.0000 26.6170
27.0000 26.7996
27.0000 26.3435
27.0000 26.6826
27.0000 27.0728
27.0000 26.5102
27.0000 26.5990
27.0000 27.3498
27.0000 26.6675
27.0000 26.7472
27.0000 27.3541
27.0000 26.9020
27.0000 27.1533
27.0000 26.6120
27.0000 26.6077
27.0000 27.1742
27.0000 27.4955
27.0000 26.8196
27.0000 27.5386
27.0000 26.7902
27.0000 25.7488
27.0000 27.8036
27.0000 27.5839
27.0000 26.9902
27.0000 26.2576
27.0000 26.8772
27.0000 26.3489
27.0000 27.1266
27.0000 26.4082
27.0000 27.0209
27.0000 26.6520
27.0000 27.5100
27.0000 26.2916
27.0000 26.4495
27.0000 27.3535
27.0000 26.6311
27.0000 27.5403
27.0000 27.9754
27.0000 26.7530
27.0000 27.0616
27.0000 26.5662
27.0000 26.7331
27.0000 27.1281
27.0000 26.2213
27.0000 26.9343
27.0000 26.8779
27.0000 27.2540
27.0000 27.2534
27.0000 26.6612
27.0000 26.2195
27.0000 26.9237
27.0000 26.1175
27.0000 26.5704
27.0000 27.3020
27.0000 26.3191
27.0000 27.6519
27.0000 27.1118
27.0000 25.8310
27.0000 27.0054
27.0000 26.9399
27.0000 26.8995
27.0000 27.7077
27.0000 26.6696
27.0000 26.7064
27.0000 27.1253
27.0000 26.3501
27.0000 26.6557
27.0000 26.9021
27.0000 26.4992
27.0000 27.3349
27.0000 27.1313
27.0000 27.1401
27.0000 25.7218
27.0000 26.0954
27.0000 27.7020
27.0000 26.7287
27.0000 27.4710
27.0000 27.2645
27.0000 26.5600
27.0000 27.2828
27.0000 27.4536
27.0000 27.1698
27.0000 26.7277
27.0000 27.5989
27.0000 27.3063
27.0000 26.9004
27.0000 27.4409
27.0000 25.4836
27.0000 26.6556
27.0000 26.7780
27.0000 25.7414
27.0000 26.7900
27.0000 26.8584
27.0000 26.7706
27.0000 26.5982
27.0000 27.0606
27.0000 26.8810
27.0000 26.3503
27.0000 26.7105
27.0000 27.2538
27.0000 27.4916
27.0000 27.8460
27.0000 27.0075
27.0000 27.4670
27.0000 26.2068
27.0000 27.4296
27.0000 26.7235
27.0000 27.0713
27.0000 27.6118
27.0000 26.1728
27.0000 27.0037
27.0000 26.6281
27.0000 25.9094
27.0000 25.9837
27.0000 27.4181
27.0000 25.9558
27.0000 27.4338
27.0000 26.9735
27.0000 26.9640
27.0000 26.9855
27.0000 25.6929
27.0000 26.7792
27.0000 26.9550
27.0000 27.0551
27.0000 26.0254
27.0000 27.4344
27.0000 26.6120
27.0000 27.1815
27.0000 26.6732
27.0000 26.4438
27.0000 26.8407
27.0000 26.9614
27.0000 26.7385
27.0000 27.3261
27.0000 25.7965
27.0000 25.7932
27.0000 25.9329
27.0000 26.1171
27.0000 26.0568
27.0000 26.9144
27.0000 26.5208
27.0000 26.9686
27.0000 26.8422
27.0000 26.7532
27.0000 26.6450
27.0000 27.4546
27.0000 28.2834
27.0000 26.3316
27.0000 26.7622
27.0000 26.5915
27.0000 26.1709
27.0000 26.3351
27.0000 26.5668
27.0000 27.3411
27.0000 26.4525
27.0000 27.1102
27.0000 27.3484
27.0000 26.8939
27.0000 26.5733
27.0000 27.0442
27.0000 27.1578
27.0000 27.3088
27.0000 26.6741
27.0000 27.4985
27.0000 26.7898
27.0000 26.1462
27.0000 25.8513
27.0000 26.3558
27.0000 27.5851
27.0000 25.4816
27.0000 27.3236
27.0000 26.6155
27.0000 26.5791
27.0000 26.5302
27.0000 26.6564
27.0000 27.1177
27.0000 27.1629
27.0000 26.8325
27.0000 27.4787
27.0000 27.0135
27.0000 27.4271
27.0000 26.1885
27.0000 26.8859
27.0000 27.4014
27.0000 26.0602
27.0000 24.9047
27.0000 25.8907
27.0000 27.9192
27.0000 26.3295
27.0000 27.4862
27.0000 26.7628
27.0000 26.5265
27.0000 25.7656
27.0000 26.3978
27.0000 26.3975
27.0000 26.6110
27.0000 27.2720
27.0000 27.1864
27.0000 27.6361
27.0000 26.7338
27.0000 27.0345
27.0000 26.5811
27.0000 26.8056
27.0000 27.1359
27.0000 27.6733
27.0000 27.0822
27.0000 27.0351
27.0000 26.1548
27.0000 26.6536
27.0000 26.4734
27.0000 26.6028
27.0000 26.2510
27.0000 26.4616
27.0000 26.1815
27.0000 27.1620
27.0000 27.2506
27.0000 26.5972
27.0000 26.2419
27.0000 27.3121
27.0000 27.1258
27.0000 25.5861
27.0000 26.8747
27.0000 26.2437
27.0000 26.8496
27.0000 26.3546
27.0000 26.8538
27.0000 27.6052
27.0000 27.5892
27.0000 25.8166
27.0000 26.8888
27.0000 27.6541
27.0000 26.9901
27.0000 27.6991
27.0000 26.4784
27.0000 26.7395
27.0000 27.0068
27.0000 26.9130
27.0000 26.6659
27.0000 27.0797
27.0000 27.0943
27.0000 27.0706
27.0000 27.0970
27.0000 27.3653
27.0000 26.2117
27.0000 26.5043
27.0000 26.4114
27.0000 26.5762
27.0000 26.7110
27.0000 26.6072
27.0000 26.8059
27.0000 27.0856
27.0000 26.6213
27.0000 26.5210
27.0000 26.4627
27.0000 26.8351
27.0000 27.0656
27.0000 27.2924
27.0000 27.4641
27.0000 26.5762
27.0000 27.0410
27.0000 27.2767
27.0000 26.7192
27.0000 26.8489
27.0000 26.4749
27.0000 26.4253
27.0000 27.5940
27.0000 26.6652
27.0000 26.8875
27.0000 26.9995
27.0000 26.7882
27.0000 28.2507
27.0000 27.4768
27.0000 25.6959
27.0000 26.0218
27.0000 27.3453
27.0000 26.7211
27.0000 26.0739
27.0000 26.1980
27.0000 26.8032
27.0000 26.8439
27.0000 27.1973
27.0000 27.0955
27.0000 26.5817
27.0000 26.5743
27.0000 26.7662
27.0000 27.1298
27.0000 26.7571
27.0000 26.9834
27.0000 27.2299
27.0000 27.2825
27.0000 26.7642
27.0000 26.3043
27.0000 27.1637
27.0000 26.9661
27.0000 26.8967
27.0000 26.8042
27.0000 26.7775
27.0000 26.5078
27.0000 26.8288
27.0000 27.1262
27.0000 25.8724
27.0000 26.8845
27.0000 26.5324
27.0000 27.5534
27.0000 27.1945
27.0000 26.2235
27.0000 27.4013
27.0000 26.2634
27.0000 26.3537
27.0000 27.5075
27.0000 26.9950
27.0000 27.1266
27.0000 27.7998
27.0000 26.2321
27.0000 26.7618
27.0000 28.0850
27.0000 26.5979
27.0000 26.5186
27.0000 27.4238
27.0000 26.5911
27.0000 26.6738
27.0000 26.1785
27.0000 26.1155
27.0000 26.2191
27.0000 27.1984
27.0000 26.7361
27.0000 26.1209
27.0000 26.9844
27.0000 26.6300
27.0000 27.0479
27.0000 26.9177
27.0000 27.6075
27.0000 26.9901
27.0000 26.9088
27.0000 25.7663
27.0000 26.6724
27.0000 26.3019
27.0000 26.9413
27.0000 27.4946
27.0000 27.1994
27.0000 26.9626
27.0000 27.4620
27.0000 27.2614
27.0000 27.0989
27.0000 27.2191
27.0000 26.6342
27.0000 27.0092
27.0000 25.6973
27.0000 26.4415
27.0000 26.4896
27.0000 26.2285
27.0000 26.9777
27.0000 26.2503
27.0000 26.7116
27.0000 26.0532
27.0000 26.7922
27.0000 28.0530
27.0000 26.8345
27.0000 26.9577
27.0000 27.3081
27.0000 26.7238
27.0000 27.7997
27.0000 27.5090
27.0000 27.1288
27.0000 27.3051
27.0000 26.4905
27.0000 26.2680
27.0000 25.8480
27.0000 26.9456
27.0000 26.9887
27.0000 26.7609
27.0000 27.2114
27.0000 26.7895
27.0000 27.7788
27.0000 27.2371
27.0000 27.1693
27.0000 26.4104
27.0000 27.5624
27.0000 27.2255
27.0000 26.5038
27.0000 26.3058
27.0000 27.6632
27.0000 26.8752
27.0000 27.8473
27.0000 26.7383
27.0000 26.9721
27.0000 27.1330
27.0000 26.4469
27.0000 25.6976
27.0000 26.3216
27.0000 27.0718
27.0000 27.1525
27.0000 27.3016
27.0000 27.9960
27.0000 26.9268
27.0000 26.5521
27.0000 25.8607
27.0000 27.2161
27.0000 28.0733
27.0000 27.0100
27.0000 26.4189
27.0000 26.4406
27.0000 26.9611
27.0000 25.6219
27.0000 26.8000
27.0000 26.9899
27.0000 26.9655
27.0000 27.3132
27.0000 26.0505
27.0000 26.5258
27.0000 27.1097
27.0000 26.7723
27.0000 26.5604
27.0000 27.2100
27.0000 26.3980
27.0000 27.1112
27.0000 26.6207
27.0000 27.4572
27.0000 27.2118
27.0000 25.9810
27.0000 26.5017
27.0000 26.8746
27.0000 27.0390
27.0000 27.0847
27.0000 25.8258
27.0000 26.9942
27.0000 27.4276
27.0000 26.9774
27.0000 26.7788
27.0000 27.7176
27.0000 27.7891
27.0000 26.5623
27.0000 26.2887
27.0000 26.8722
27.0000 25.5985
27.0000 26.3918
27.0000 27.1637
27.0000 26.9304
27.0000 27.0206
27.0000 26.5289
27.0000 27.1471
27.0000 26.3785
27.0000 27.3080
27.0000 27.3386
27.0000 26.7298
27.0000 26.6706
27.0000 26.7492
27.0000 26.3895
27.0000 26.9914
27.0000 25.9169
27.0000 26.8243
27.0000 26.5824
27.0000 27.2746
27.0000 26.3431
27.0000 27.1915
27.0000 27.4753
27.0000 27.1035
27.0000 26.7880
27.0000 27.4540
27.0000 26.6151
27.0000 26.9947
27.0000 27.6299
27.0000 26.6149
27.0000 26.6451
27.0000 26.0048
27.0000 26.5161
27.0000 26.6966
27.0000 26.3839
27.0000 26.5384
27.0000 26.4253
27.0000 27.4041
27.0000 26.5668
27.0000 26.8136
27.0000 27.2487
27.0000 26.5757
27.0000 26.6974
27.0000 27.1978
27.0000 26.9199
27.0000 26.8433
27.0000 26.7299
27.0000 26.8423
27.0000 27.4376
27.0000 27.2315
27.0000 26.6066
27.0000 25.6219
27.0000 27.1867
27.0000 27.4376
27.0000 26.8830
27.0000 25.9864
27.0000 26.5187
27.0000 27.4461
27.0000 26.4480
27.0000 27.4748
27.0000 26.8311
27.0000 26.8386
27.0000 27.1871
27.0000 27.5763
27.0000 26.7374
27.0000 27.0101
27.0000 26.9796
27.0000 25.7423
27.0000 26.7968
27.0000 26.9461
27.0000 27.8808
27.0000 27.4824
27.0000 27.5219
27.0000 27.2055
27.0000 25.3091
27.0000 26.9220
27.0000 28.3222
27.0000 26.9480
27.0000 27.1283
27.0000 25.9574
27.0000 26.8910
27.0000 25.5242
27.0000 27.0081
27.0000 26.9055
27.0000 26.4684
27.0000 26.3068
27.0000 26.9083
27.0000 26.2638
27.0000 26.4660
27.0000 25.7325
27.0000 26.7165
27.0000 27.2830
27.0000 26.8904
27.0000 27.2324
27.0000 26.4979
27.0000 26.8640
27.0000 26.4516
27.0000 27.0287
27.0000 26.3125
27.0000 26.4350
27.0000 26.9968
27.0000 26.6713
27.0000 26.6166
27.0000 27.3223
27.0000 27.1462
27.0000 25.5529
27.0000 26.5687
27.0000 26.7831
27.0000 26.8113
27.0000 27.1212
27.0000 26.6232
27.0000 26.2387
27.0000 26.9456
27.0000 27.2042
27.0000 26.0920
27.0000 26.1737
27.0000 25.3999
27.0000 27.1110
27.0000 26.7217
27.0000 26.4446
27.0000 27.1109
27.0000 26.1729
27.0000 26.5462
27.0000 27.5094
27.0000 26.8865
27.0000 26.2583
27.0000 26.6747
27.0000 27.1695
27.0000 27.7893
27.0000 27.0971
27.0000 26.4185
27.0000 26.3829
27.0000 25.9583
27.0000 27.3140
27.0000 27.1346
27.0000 27.4911
27.0000 26.4522
27.0000 26.7711
27.0000 27.6509
27.0000 25.9015
27.0000 27.7280
27.0000 26.7716
27.0000 26.4564
27.0000 27.6607
27.0000 26.8850
27.0000 26.6805
27.0000 27.1123
27.0000 26.7310
27.0000 26.7868
27.0000 27.1234
27.0000 27.1127
27.0000 26.8740
27.0000 26.2146
27.0000 26.3612
27.0000 27.2538
27.0000 27.3949
27.0000 26.4278
27.0000 25.6626
27.0000 26.4886
27.0000 26.7883
27.0000 26.6724
27.0000 27.2221
27.0000 26.6529
27.0000 27.0495
27.0000 26.8210
27.0000 26.2747
27.0000 27.2586
27.0000 26.4631
27.0000 26.7865
27.0000 27.1027
27.0000 27.1719
27.0000 27.1442
27.0000 26.6525
27.0000 26.7439
27.0000 26.4191
27.0000 27.2438
27.0000 25.4436
27.0000 26.5486
27.0000 27.0904
27.0000 26.3795
27.0000 27.2247
27.0000 27.3092
27.0000 26.7890
27.0000 27.1267
27.0000 26.9589
27.0000 25.8784
27.0000 27.0893
27.0000 27.2226
27.0000 27.4484
27.0000 26.9672
27.0000 27.0041
27.0000 26.6835
27.0000 26.3848
27.0000 26.9574
27.0000 27.3075
27.0000 27.7706
27.0000 25.8443
27.0000 27.6010
27.0000 27.0760
27.0000 26.9192
27.0000 26.5709
27.0000 27.0151
27.0000 26.3218
27.0000 26.7705
27.0000 26.7499
27.0000 26.3521
27.0000 26.5738
27.0000 26.7184
27.0000 26.4376
27.0000 26.8177
27.0000 27.4484
27.0000 27.0665
27.0000 26.4809
27.0000 27.3292
27.0000 26.9262
27.0000 26.7413
27.0000 27.1777
27.0000 27.2908
27.0000 26.9238
27.0000 26.5764
27.0000 27.4853
27.0000 26.3780
27.0000 27.0772
27.0000 26.3895
27.0000 26.4361
27.0000 26.4204
27.0000 27.4678
27.0000 26.8417
27.0000 27.0636
27.0000 27.4084
27.0000 26.2712
27.0000 26.9769
27.0000 27.0639
27.0000 26.5691
27.0000 27.1850
27.0000 27.1595
27.0000 27.0099
27.0000 26.3893
27.0000 26.8012
27.0000 27.1216
27.0000 27.4373
27.0000 27.0843
27.0000 26.8272
27.0000 26.6569
27.0000 26.1038
27.0000 26.5042
27.0000 26.8605
27.0000 27.0917
27.0000 26.9317
27.0000 26.7221
27.0000 26.7917
27.0000 26.8413
27.0000 26.9948
27.0000 27.1176
27.0000 27.5918
27.0000 26.5540
27.0000 27.5944
27.0000 26.9314
27.0000 27.4663
27.0000 27.9222
27.0000 26.7876
27.0000 27.0454
27.0000 26.7516
27.0000 27.5716
27.0000 27.3155
27.0000 26.8633
27.0000 27.3462
27.0000 26.0661
27.0000 26.4752
27.0000 27.0646
27.0000 26.5691
27.0000 26.8667
27.0000 27.1387
27.0000 26.5236
27.0000 26.9885
27.0000 27.3599
27.0000 26.5485
27.0000 25.8169
27.0000 27.0757
27.0000 25.9955
27.0000 26.9236
27.0000 27.4276
27.0000 26.4362
27.0000 26.0938
27.0000 26.4696
27.0000 26.6887
27.0000 26.7426
27.0000 26.7563
27.0000 26.7175
27.0000 28.1469
27.0000 26.4971
27.0000 27.0436
27.0000 26.5172
27.0000 27.7071
27.0000 26.8541
27.0000 27.2243
27.0000 28.0021
27.0000 27.1594
27.0000 27.0259
27.0000 26.8443
27.0000 27.4634
27.0000 25.8360
27.0000 26.7028
27.0000 26.4500
27.0000 28.0114
27.0000 27.3719
27.0000 26.6398
27.0000 27.0777
27.0000 26.3655
27.0000 27.0318
27.0000 27.1165
27.0000 27.5412
27.0000 26.3799
27.0000 27.3936
27.0000 26.7800
27.0000 26.2298
27.0000 26.2395
27.0000 26.2118
27.0000 26.4603
27.0000 26.5240
27.0000 25.9826
27.0000 26.7047
27.0000 26.7475
27.0000 26.9754
27.0000 25.5970
27.0000 26.4448
27.0000 27.7645
27.0000 26.9389
27.0000 26.7410
27.0000 27.4852
27.0000 26.8126
27.0000 26.7870
27.0000 26.4099
27.0000 26.0385
27.0000 26.6338
27.0000 26.2175
27.0000 26.6246
27.0000 26.0049
27.0000 26.7273
27.0000 26.4595
27.0000 26.7942
27.0000 27.2936
27.0000 26.9027
27.0000 26.1248
27.0000 27.5587
27.0000 25.9499
27.0000 25.9607
27.0000 27.1221
27.0000 26.3288
27.0000 26.7552
27.0000 26.7879
27.0000 27.0665
27.0000 26.5199
27.0000 26.9697
27.0000 26.7232
27.0000 27.1989
27.0000 26.9733
27.0000 27.0569
27.0000 26.7478
27.0000 27.1328
27.0000 26.9708
27.0000 27.0688
27.0000 27.6887
27.0000 26.7504
27.0000 26.7936
27.0000 28.1043
27.0000 27.1691
27.0000 25.6838
27.0000 26.7845
27.0000 26.6967
27.0000 27.2021
27.0000 27.0598
27.0000 27.2740
27.0000 26.4076
27.0000 27.6194
27.0000 26.3149
27.0000 27.8383
27.0000 27.4759
27.0000 26.6547
27.0000 26.9234
27.0000 27.2881
27.0000 27.3148
27.0000 26.5778
27.0000 26.9860
27.0000 26.1036
27.0000 27.3630
27.0000 27.1872
27.0000 27.6616
27.0000 27.1609
27.0000 26.5327
27.0000 26.9485
27.0000 26.3019
27.0000 26.5129
27.0000 27.1953
27.0000 26.8342
27.0000 26.8139
27.0000 26.6106
27.0000 26.3783
27.0000 26.0473
27.0000 26.4527
27.0000 26.3385
27.0000 26.1455
27.0000 27.4396
27.0000 26.8118
27.0000 26.4180
27.0000 26.4708
27.0000 27.5601
27.0000 26.8550
27.0000 27.2530
27.0000 27.1041
27.0000 27.2291
27.0000 26.7493
27.0000 26.2556
27.0000 26.4765
27.0000 27.3634
27.0000 26.9126
27.0000 26.6003
27.0000 27.4651
27.0000 27.3781
27.0000 26.9396
27.0000 27.0050
27.0000 26.3854
27.0000 27.1024
27.0000 26.5615
27.0000 27.0616
27.0000 26.5284
27.0000 27.5045
27.0000 26.6436
27.0000 26.7299
27.0000 26.8246
27.0000 27.4487
27.0000 26.9671
27.0000 26.6047
27.0000 26.8162
27.0000 26.3338
27.0000 26.7590
27.0000 27.1203
27.0000 26.8347
27.0000 26.3781
27.0000 26.8290
27.0000 26.8632
27.0000 26.3583
27.0000 26.6279
27.0000 27.1018
27.0000 26.6341
27.0000 26.3530
27.0000 26.0915
27.0000 25.3865
27.0000 27.1103
27.0000 27.0122
27.0000 26.5141
27.0000 27.3234
27.0000 26.5249
27.0000 26.9175
27.0000 26.0120
27.0000 27.9532
27.0000 27.4123
27.0000 26.1239
27.0000 27.6967
27.0000 26.3989
27.0000 26.3786
27.0000 26.3276
27.0000 26.5324
27.0000 27.7653
27.0000 26.5319
27.0000 27.0232
27.0000 26.9553
27.0000 26.7271
27.0000 27.5405
27.0000 26.2153
27.0000 26.4586
27.0000 26.4144
27.0000 25.7268
27.0000 26.4059
27.0000 26.4522
27.0000 26.7135
27.0000 26.6645
27.0000 26.5726
27.0000 27.3481
27.0000 25.9319
27.0000 27.6559
27.0000 26.9512
27.0000 27.6243
27.0000 26.5449
27.0000 27.2779
27.0000 26.1552
27.0000 26.7023
27.0000 26.6255
27.0000 27.9128
27.0000 26.8478
27.0000 26.7871
27.0000 26.0569
27.0000 27.1117
27.0000 27.0793
27.0000 26.5679
27.0000 27.2667
27.0000 26.6107
27.0000 27.2214
27.0000 26.6949
27.0000 27.3461
27.0000 27.2050
27.0000 26.8686
27.0000 26.7119
27.0000 26.3822
27.0000 27.5836
27.0000 26.8382
27.0000 26.7508
27.0000 26.6579
27.0000 26.9385
27.0000 26.8391
27.0000 27.1078
27.0000 26.6216
27.0000 26.6727
27.0000 26.6581
27.0000 25.6911
27.0000 27.6372
27.0000 27.0680
27.0000 25.4644
27.0000 26.5902
27.0000 26.2410
27.0000 26.5090
27.0000 26.1021
27.0000 26.3860
27.0000 27.0370
27.0000 26.8023
27.0000 26.3474
27.0000 27.2304
27.0000 26.8930
27.0000 26.4074
27.0000 28.5837
27.0000 26.9603
27.0000 26.5920
27.0000 27.3599
27.0000 27.3905
27.0000 26.8759
27.0000 26.5034
27.0000 27.5818
27.0000 25.2426
27.0000 26.7027
27.0000 26.3325
27.0000 27.0386
27.0000 26.4976
27.0000 27.1665
27.0000 26.9413
27.0000 27.0468
27.0000 26.2987
27.0000 26.2481
27.0000 26.9960
27.0000 26.6600
27.0000 26.7338
27.0000 26.3149
27.0000 26.5345
27.0000 27.5243
27.0000 27.4691
27.0000 26.7745
27.0000 26.9245
27.0000 26.4227
27.0000 26.3907
27.0000 26.1620
27.0000 26.5220
27.0000 27.2406
27.0000 27.0381
27.0000 27.1920
27.0000 26.6082
27.0000 26.4070
27.0000 26.9050
27.0000 27.1588
27.0000 26.6890
27.0000 26.6542
27.0000 26.6398
27.0000 26.5511
27.0000 26.8334
27.0000 27.0125
27.0000 27.8935
27.0000 26.6975
27.0000 25.9840
27.0000 26.3376
27.0000 26.3565
27.0000 27.2313
27.0000 27.5375
27.0000 27.1324
27.0000 27.2761
27.0000 28.5449
27.0000 27.4366
27.0000 26.6291
27.0000 26.4014
27.0000 26.3695
27.0000 27.8047
27.0000 25.8253
27.0000 27.7075
27.0000 26.5781
27.0000 27.4593
27.0000 27.4898
27.0000 26.6527
27.0000 26.5739
27.0000 26.9023
27.0000 25.9862
27.0000 27.1988
27.0000 27.0949
27.0000 27.0458
27.0000 26.2001
27.0000 26.2812
27.0000 26.6764
27.0000 26.4354
27.0000 27.0673
27.0000 26.5679
27.0000 26.1629
27.0000 27.2993
27.0000 27.4149
27.0000 27.2397
27.0000 26.8100
27.0000 26.5551
27.0000 26.3433
27.0000 26.7096
27.0000 27.3167
27.0000 27.8771
27.0000 27.0483
27.0000 26.3937
27.0000 26.5865
27.0000 26.2418
27.0000 26.2710
27.0000 26.9253
27.0000 26.3584
27.0000 26.8981
27.0000 26.1812
27.0000 26.8241
27.0000 27.1068
27.0000 26.5635
27.0000 27.4336
27.0000 26.6615
27.0000 26.5856
27.0000 26.0620
27.0000 27.1030
27.0000 27.3147
27.0000 27.0358
27.0000 27.3591
27.0000 26.2565
27.0000 26.7096
27.0000 27.9866
27.0000 26.7774
27.0000 26.5913
27.0000 26.2692
27.0000 28.1720
27.0000 27.2056
27.0000 27.2061
27.0000 26.4324
27.0000 26.2338
27.0000 26.1369
27.0000 26.8583
27.0000 25.9732
27.0000 27.9766
27.0000 26.6884
27.0000 27.3693
27.0000 26.9536
27.0000 26.4033
27.0000 26.7457
27.0000 26.5037
27.0000 26.7683
27.0000 26.3156
27.0000 27.6887
27.0000 26.8073
27.0000 26.7353
27.0000 27.4997
27.0000 26.8284
27.0000 26.5857
27.0000 26.4981
27.0000 26.7416
27.0000 27.2789
27.0000 27.3929
27.0000 27.2544
27.0000 27.2983
27.0000 27.8188
27.0000 26.3357
27.0000 27.1781
27.0000 28.1037
27.0000 27.4405
27.0000 26.9912
27.0000 26.5017
27.0000 26.2689
27.0000 26.9526
27.0000 26.2679
27.0000 24.8736
27.0000 27.7759
27.0000 27.3702
27.0000 26.6965
27.0000 26.5049
27.0000 27.2382
27.0000 27.9136
27.0000 26.9704
27.0000 27.6236
27.0000 26.4922
27.0000 27.1347
27.0000 26.3393
27.0000 27.3668
27.0000 27.6912
27.0000 25.9774
27.0000 27.2490
27.0000 28.3972
27.0000 26.4172
27.0000 27.0833
27.0000 26.6821
27.0000 26.2000
27.0000 27.0394
27.0000 26.9234
27.0000 26.2543
27.0000 26.7874
27.0000 26.7152
27.0000 26.8618
27.0000 26.8101
27.0000 26.2732
27.0000 25.6031
27.0000 26.2741
27.0000 27.1524
27.0000 26.9919
27.0000 26.4251
27.0000 27.3171
27.0000 27.6055
27.0000 27.0323
27.0000 26.7694
27.0000 26.8715
27.0000 27.0240
27.0000 25.4522
27.0000 25.9835
27.0000 26.6635
27.0000 26.3760
27.0000 27.0183
27.0000 26.8187
27.0000 26.7100
27.0000 27.2770
27.0000 25.9985
27.0000 26.6951
27.0000 27.0366
27.0000 27.4956
27.0000 27.6707
27.0000 27.3369
27.0000 25.9246
27.0000 26.9822
27.0000 27.3980
27.0000 27.3657
27.0000 26.7352
27.0000 25.9062
27.0000 26.5196
27.0000 26.4261
27.0000 26.5626
27.0000 25.7301
27.0000 26.5060
27.0000 26.6075
27.0000 26.8542
27.0000 26.3865
27.0000 27.4928
27.0000 26.2389
27.0000 27.2477
27.0000 26.7656
27.0000 27.5281
27.0000 27.0751
27.0000 27.5259
27.0000 27.1428
27.0000 26.8763
27.0000 25.6807
27.0000 27.3976
27.0000 27.0758
27.0000 26.8187
27.0000 27.0877
27.0000 26.2958
27.0000 26.7820
27.0000 27.0321
27.0000 26.0593
27.0000 27.5472
27.0000 26.9301
27.0000 26.9574
27.0000 27.7320
27.0000 27.3798
27.0000 26.8077
27.0000 27.4261
27.0000 25.6526
27.0000 26.6986
27.0000 27.0732
27.0000 26.9416
27.0000 26.8925
27.0000 26.4388
27.0000 27.3401
27.0000 26.0784
27.0000 27.2649
27.0000 26.8369
27.0000 26.4879
27.0000 26.6186
27.0000 26.9125
27.0000 26.4842
27.0000 26.4551
27.0000 27.3532
27.0000 26.9616
27.0000 27.2773
27.0000 27.1940
27.0000 26.7680
27.0000 26.4143
27.0000 26.0729
27.0000 26.9974
27.0000 26.0972
27.0000 25.7011
27.0000 26.8542
27.0000 27.6775
27.0000 26.2610
27.0000 26.0084
27.0000 27.3495
27.0000 26.9509
27.0000 27.2914
27.0000 26.4814
27.0000 24.8462
27.0000 26.7485
27.0000 26.6623
27.0000 27.8571
27.0000 27.6250
27.0000 27.2407
27.0000 26.2233
27.0000 26.3928
27.0000 26.7980
27.0000 26.6069
27.0000 26.5337
27.0000 26.8405
27.0000 27.3951
27.0000 26.2909
27.0000 27.4092
27.0000 26.8353
27.0000 26.7795
27.0000 25.7378
27.0000 26.4077
27.0000 26.8126
27.0000 27.5042
27.0000 26.8415
27.0000 26.6863
27.0000 26.8927
27.0000 27.1132
27.0000 27.1860
27.0000 26.4094
27.0000 26.8106
27.0000 26.5059
27.0000 25.3669
27.0000 26.7079
27.0000 26.6099
27.0000 26.2033
27.0000 26.9042
27.0000 26.6843
27.0000 26.4605
27.0000 27.7720
27.0000 27.3700
27.0000 26.8360
27.0000 27.0246
27.0000 27.3096
27.0000 25.6119
27.0000 27.0885
27.0000 26.9721
27.0000 27.5519
27.0000 27.4629
27.0000 25.7995
27.0000 27.2777
27.0000 28.2355
27.0000 27.4027
27.0000 27.4432
27.0000 26.3450
27.0000 26.5389
27.0000 26.6241
27.0000 27.1027
27.0000 26.7611
27.0000 27.4677
27.0000 27.5188
27.0000 26.8060
27.0000 27.0814
27.0000 27.2449
27.0000 26.7455
27.0000 26.4913
27.0000 27.0289
27.0000 26.9023
27.0000 26.5232
27.0000 26.2839
27.0000 26.3147
27.0000 27.7235
27.0000 26.3093
27.0000 26.9455
27.0000 27.3786
27.0000 26.7252
27.0000 25.5343
27.0000 26.4083
27.0000 26.9000
27.0000 26.9555
27.0000 26.3285
27.0000 27.0348
27.0000 27.3250
27.0000 26.7980
27.0000 26.2980
27.0000 27.3867
27.0000 26.6949
27.0000 27.2877
27.0000 27.2028
27.0000 26.2984
27.0000 26.6365
27.0000 26.6957
27.0000 26.7596
27.0000 27.0528
27.0000 26.0517
27.0000 27.1527
27.0000 27.5246
27.0000 26.6572
27.0000 25.6808
27.0000 27.3549
27.0000 26.9402
27.0000 26.8713
27.0000 25.8886
27.0000 27.2813
27.0000 25.8427
27.0000 26.6833
27.0000 26.6230
27.0000 26.2570
27.0000 27.1724
27.0000 27.1353
27.0000 25.8223
27.0000 26.4908
27.0000 27.9123
27.0000 26.5280
27.0000 26.3473
27.0000 27.2997
27.0000 25.8991
27.0000 27.4894
27.0000 26.8999
27.0000 26.5531
27.0000 27.9013
27.0000 26.7787
27.0000 26.8817
27.0000 26.4399
27.0000 27.0747
27.0000 25.8199
27.0000 27.2471
27.0000 27.2251
27.0000 26.3440
27.0000 26.7285
27.0000 26.9887
27.0000 27.3571
27.0000 26.5759
27.0000 27.3518
27.0000 26.5960
27.0000 27.3296
27.0000 26.9544
27.0000 25.4658
27.0000 25.9823
27.0000 27.5633
27.0000 26.7934
27.0000 26.8203
27.0000 27.5869
27.0000 26.6515
27.0000 26.9324
27.0000 26.1884
27.0000 27.4311
27.0000 26.7395
27.0000 26.2162
27.0000 26.2071
27.0000 27.3635
27.0000 26.5142
27.0000 26.7840
27.0000 27.1313
27.0000 26.0690
27.0000 27.3020
27.0000 26.8927
27.0000 26.8733
27.0000 27.5584
27.0000 26.7924
27.0000 27.4128
27.0000 26.5319
27.0000 27.5186
27.0000 27.4642
27.0000 26.9374
27.0000 27.2393
27.0000 26.5005
27.0000 26.1800
27.0000 26.8135
27.0000 27.3612
27.0000 26.8227
27.0000 26.7757
27.0000 26.5594
27.0000 26.5218
27.0000 26.3836
27.0000 26.8633
27.0000 26.2252
27.0000 26.4256
27.0000 25.0082
27.0000 26.7035
27.0000 26.8274
27.0000 26.5957
27.0000 26.3717
27.0000 26.6314
27.0000 26.4710
27.0000 26.1743
27.0000 27.5303
27.0000 26.7438
27.0000 26.3778
27.0000 27.0261
27.0000 25.8771
27.0000 25.9625
27.0000 26.4715
27.0000 27.3038
27.0000 26.2047
27.0000 26.1094
27.0000 26.2750
27.0000 26.5337
27.0000 27.0605
27.0000 26.6418
27.0000 26.8109
27.0000 26.8474
27.0000 26.6696
27.0000 26.7200
27.0000 26.3981
27.0000 27.5587
27.0000 26.6451
27.0000 26.1162
27.0000 26.3609
27.0000 26.1500
27.0000 26.0807
27.0000 27.4514
27.0000 26.8430
27.0000 25.8271
27.0000 27.0134
27.0000 26.4458
27.0000 26.4533
27.0000 26.7521
27.0000 26.9704
27.0000 26.1518
27.0000 27.1081
27.0000 26.8600
27.0000 26.4886
27.0000 27.4371
27.0000 27.1905
27.0000 25.6266
27.0000 26.6245
27.0000 25.8635
27.0000 27.4985
27.0000 28.0667
27.0000 26.7657
27.0000 25.9208
27.0000 26.7616
27.0000 27.3353
27.0000 27.1719
27.0000 26.0371
27.0000 27.0418
27.0000 26.7402
27.0000 25.8033
27.0000 26.6998
27.0000 26.7083
27.0000 26.5268
27.0000 27.1790
27.0000 26.8326
27.0000 26.9517
27.0000 26.4478
27.0000 26.9002
27.0000 27.0634
27.0000 27.3813
27.0000 27.1905
27.0000 27.3939
27.0000 26.7103
27.0000 26.9350
27.0000 27.5832
27.0000 25.7521
27.0000 26.8172
27.0000 26.5247
27.0000 26.0479
27.0000 26.2788
27.0000 27.9353
27.0000 26.5004
27.0000 25.8272
27.0000 26.3690
27.0000 26.9341
27.0000 27.7057
27.0000 26.6351
27.0000 26.4641
27.0000 26.8590
27.0000 27.3523
27.0000 26.7235
27.0000 27.2646
27.0000 26.2305
27.0000 27.3483
27.0000 26.2561
27.0000 26.4702
27.0000 25.1619
27.0000 26.6145
27.0000 26.3777
27.0000 27.3211
27.0000 26.5162
27.0000 26.8043
27.0000 26.7248
27.0000 26.6634
27.0000 26.6775
27.0000 25.8479
27.0000 26.8634
27.0000 26.9486
27.0000 26.4449
27.0000 26.5237
27.0000 26.6863
27.0000 26.3805
27.0000 26.3009
27.0000 27.0091
27.0000 26.6191
27.0000 26.5780
27.0000 26.6970
27.0000 26.0044
27.0000 26.0150
27.0000 26.4785
27.0000 26.8062
27.0000 26.4089
27.0000 26.5703
27.0000 26.4064
27.0000 27.0586
27.0000 26.8091
27.0000 26.4357
27.0000 26.0809
27.0000 26.9195
27.0000 25.5964
27.0000 26.9080
27.0000 25.8838
27.0000 26.3549
27.0000 26.8317
27.0000 26.2808
27.0000 25.9282
27.0000 25.6437
27.0000 27.3770
27.0000 26.4210
27.0000 26.8826
27.0000 27.1874
27.0000 27.0879
27.0000 27.3161
27.0000 27.6345
27.0000 27.0239
27.0000 26.5508
27.0000 27.0372
27.0000 27.7108
27.0000 28.0611
27.0000 26.1879
27.0000 26.8925
27.0000 25.9804
27.0000 27.4617
27.0000 27.3295
27.0000 27.6977
27.0000 27.2297
27.0000 27.7971
27.0000 26.8954
27.0000 27.8293
27.0000 26.8713
27.0000 26.8166
27.0000 26.2648
27.0000 27.3651
27.0000 27.1654
27.0000 26.0656
27.0000 27.2138
27.0000 26.3703
27.0000 26.9455
27.0000 26.7053
27.0000 27.1361
27.0000 26.7296
27.0000 26.7263
27.0000 26.8660
27.0000 27.1186
27.0000 26.2930
27.0000 27.0507
27.0000 26.7650
27.0000 26.9393
27.0000 27.7379
27.0000 26.2428
27.0000 28.0658
27.0000 26.7257
27.0000 26.6294
27.0000 27.0552
27.0000 26.9032
27.0000 27.4546
27.0000 26.7580
27.0000 26.9231
27.0000 27.1297
27.0000 27.0153
27.0000 26.8309
27.0000 26.9139
27.0000 26.0313
27.0000 26.5973
27.0000 27.3113
27.0000 27.1346
27.0000 27.6622
27.0000 26.4560
27.0000 27.2430
27.0000 26.9318
27.0000 26.8860
27.0000 27.3546
27.0000 27.4722
27.0000 26.2057
27.0000 26.6530
27.0000 26.6580
27.0000 26.5562
27.0000 27.2618
27.0000 26.7465
27.0000 26.5357
27.0000 26.7938
27.0000 26.6985
27.0000 27.1497
27.0000 27.7068
27.0000 25.9908
27.0000 26.5346
27.0000 26.7001
27.0000 26.8306
27.0000 26.1689
27.0000 26.4543
27.0000 27.0647
27.0000 26.4497
27.0000 26.4069
27.0000 26.9205
27.0000 26.1515
27.0000 27.6251
27.0000 27.2865
27.0000 27.1570
27.0000 26.9073
27.0000 26.5629
27.0000 26.8273
27.0000 26.0314
27.0000 27.1936
27.0000 27.0081
27.0000 26.8592
27.0000 26.0370
27.0000 27.3841
27.0000 27.0732
27.0000 26.6379
27.0000 27.5464
27.0000 26.2860
27.0000 26.8393
27.0000 26.9255
27.0000 27.3355
27.0000 25.9729
27.0000 27.0142
27.0000 27.7098
27.0000 27.9921
27.0000 27.5695
27.0000 26.3488
27.0000 27.7552
27.0000 27.4072
27.0000 26.8546
27.0000 26.7318
27.0000 26.7050
27.0000 27.1241
27.0000 27.1823
27.0000 26.6185
27.0000 26.1328
27.0000 26.9733
27.0000 27.1215
27.0000 26.7688
27.0000 26.8572
27.0000 26.4873
27.0000 26.8263
27.0000 26.8713
27.0000 26.4976
27.0000 26.6750
27.0000 26.5193
27.0000 27.3015
27.0000 26.6298
27.0000 26.8920
27.0000 27.6843
27.0000 26.6738
27.0000 26.6117
27.0000 27.0331
27.0000 26.3492
27.0000 26.1604
27.0000 27.8447
27.0000 27.3299
27.0000 26.7439
27.0000 26.4764
27.0000 26.6782
27.0000 26.9096
27.0000 27.0993
27.0000 26.6026
27.0000 27.4465
27.0000 26.2038
27.0000 26.1820
27.0000 26.5681
27.0000 26.5813
27.0000 26.7219
27.0000 26.0542
27.0000 27.7309
27.0000 27.1849
27.0000 26.8930
27.0000 27.4181
27.0000 26.0273
27.0000 27.3648
27.0000 27.5135
27.0000 26.9143
27.0000 26.7310
27.0000 26.4683
27.0000 26.6817
27.0000 26.6664
27.0000 26.6665
27.0000 26.7906
27.0000 27.9182
27.0000 27.2782
27.0000 26.5267
27.0000 26.7344
27.0000 26.3590
27.0000 25.4782
27.0000 26.9879
27.0000 26.5516
27.0000 27.3350
27.0000 26.5910
27.0000 25.8421
27.0000 26.9946
27.0000 27.0988
27.0000 26.4374
27.0000 26.3460
27.0000 27.3695
27.0000 26.6709
27.0000 27.1698
27.0000 27.0607
27.0000 25.9022
27.0000 26.6699
27.0000 26.6769
27.0000 25.0336
27.0000 26.7636
27.0000 26.4775
27.0000 26.8700
27.0000 27.9654
27.0000 26.7699
27.0000 26.6983
27.0000 27.9849
27.0000 26.4664
27.0000 26.2063
27.0000 26.7228
27.0000 27.0043
27.0000 27.4016
27.0000 26.9846
27.0000 26.4010
27.0000 26.7595
27.0000 26.3610
27.0000 26.2851
27.0000 26.4869
27.0000 26.3975
27.0000 26.4654
27.0000 26.7178
27.0000 26.4659
27.0000 26.8666
27.0000 25.1980
27.0000 25.7004
27.0000 27.2323
27.0000 26.4672
27.0000 27.1711
27.0000 27.2085
27.0000 27.4424
27.0000 27.0850
27.0000 26.6910
27.0000 27.6242
27.0000 26.2260
27.0000 26.9307
27.0000 27.0224
27.0000 27.5936
27.0000 26.1913
27.0000 26.7032
27.0000 27.6276
27.0000 26.0627
27.0000 27.5540
27.0000 26.6334
27.0000 27.1815
27.0000 26.8078
27.0000 27.2407
27.0000 26.6423
27.0000 27.0932
27.0000 27.1055
27.0000 26.7877
27.0000 27.3705
27.0000 26.7784
27.0000 28.2082
27.0000 26.6858
27.0000 25.4845
27.0000 27.2626
27.0000 26.5238
27.0000 26.2800
27.0000 27.2312
27.0000 27.2499
27.0000 26.5932
27.0000 26.0237
27.0000 27.7134
27.0000 27.7832
27.0000 26.2443
27.0000 27.5022
27.0000 26.5266
27.0000 26.3200
27.0000 26.2879
27.0000 26.3779
27.0000 26.7790
27.0000 27.1834
27.0000 27.1762
27.0000 26.9054
27.0000 26.9314
27.0000 26.2383
27.0000 26.7574
27.0000 26.0910
27.0000 26.5056
27.0000 26.4037
27.0000 27.6595
27.0000 27.0416
27.0000 27.2291
27.0000 26.3690
27.0000 26.9994
27.0000 27.2017
27.0000 27.4051
27.0000 27.0076
27.0000 27.0281
27.0000 26.8756
27.0000 27.2430
27.0000 27.1202
27.0000 27.0592
27.0000 26.4510
27.0000 26.0175
27.0000 26.2271
27.0000 26.9661
27.0000 27.5568
27.0000 26.6222
27.0000 26.6429
27.0000 26.8849
27.0000 26.4491
27.0000 27.3220
27.0000 26.2944
27.0000 26.8309
27.0000 26.6624
27.0000 27.3825
27.0000 27.3144
27.0000 26.8464
27.0000 27.1807
27.0000 26.4305
27.0000 27.1200
27.0000 26.2136
27.0000 26.3141
27.0000 27.4471
27.0000 27.7076
27.0000 26.9969
27.0000 26.5856
27.0000 27.6398
27.0000 26.6934
27.0000 26.3094
27.0000 26.7074
27.0000 26.9804
27.0000 28.1025
27.0000 27.0878
27.0000 28.0754
27.0000 27.4167
27.0000 26.9216
27.0000 27.6080
27.0000 26.4579
27.0000 26.7724
27.0000 26.1284
27.0000 27.8648
27.0000 26.1883
27.0000 26.7708
27.0000 27.1450
27.0000 26.9091
27.0000 26.7537
27.0000 26.8249
27.0000 27.4340
27.0000 27.2481
27.0000 26.4527
27.0000 27.3584
27.0000 26.2286
27.0000 26.9027
27.0000 26.4875
27.0000 26.6586
27.0000 25.3383
27.0000 26.6866
27.0000 27.2533
27.0000 26.6653
27.0000 26.4513
27.0000 26.3441
27.0000 27.1003
27.0000 27.1008
27.0000 26.8442
27.0000 26.7516
27.0000 26.2976
27.0000 25.8348
27.0000 27.1064
27.0000 27.0431
27.0000 26.3205
27.0000 25.3644
27.0000 27.1505
27.0000 26.8993
27.0000 27.6511
27.0000 27.7386
27.0000 27.0829
27.0000 26.9873
27.0000 26.8534
27.0000 27.1664
27.0000 26.8900
27.0000 26.8609
27.0000 26.1692
27.0000 26.9002
27.0000 25.9030
27.0000 25.7821
27.0000 26.8051
27.0000 26.9982
27.0000 26.8841
27.0000 26.4758
27.0000 26.8514
27.0000 26.5968
27.0000 26.0309
27.0000 27.1908
27.0000 26.7599
27.0000 26.8901
27.0000 26.7440
27.0000 26.8687
27.0000 26.1751
27.0000 26.3223
27.0000 26.4632
27.0000 26.7386
27.0000 26.8008
27.0000 26.9775
27.0000 26.6604
27.0000 26.6628
27.0000 26.7780
27.0000 26.1953
27.0000 26.7880
27.0000 26.0695
27.0000 27.0631
27.0000 27.0867
27.0000 26.6900
27.0000 26.3307
27.0000 26.6030
27.0000 27.0837
27.0000 26.7506
27.0000 26.2746
27.0000 27.1742
27.0000 26.8715
27.0000 26.1867
27.0000 27.0081
27.0000 27.2608
27.0000 26.5148
27.0000 26.7591
27.0000 27.2417
27.0000 26.2160
27.0000 27.1222
27.0000 26.7111
27.0000 26.7254
27.0000 25.3753
27.0000 26.4062
27.0000 26.8501
27.0000 27.2018
27.0000 27.1170
27.0000 27.3848
27.0000 27.0109
27.0000 27.3932
27.0000 27.2665
27.0000 27.1688
27.0000 28.0100
27.0000 26.2533
27.0000 27.4058
27.0000 27.0655
27.0000 26.8850
27.0000 26.7986
27.0000 26.5673
27.0000 26.7562
27.0000 25.9251
27.0000 27.1230
27.0000 27.4044
27.0000 26.5620
27.0000 26.9772
27.0000 27.5954
27.0000 27.5024
27.0000 27.0478
27.0000 27.2783
27.0000 26.5096
27.0000 26.8581
27.0000 27.1014
27.0000 28.2370
27.0000 27.7033
27.0000 25.8208
27.0000 26.9844
27.0000 27.3003
27.0000 26.6261
27.0000 27.0932
27.0000 26.7264
27.0000 26.7417
27.0000 27.5224
27.0000 26.1064
27.0000 27.9302
27.0000 26.6913
27.0000 26.3722
27.0000 26.6565
27.0000 26.5111
27.0000 26.5078
27.0000 26.4518
27.0000 26.8203
27.0000 26.3022
27.0000 27.3218
27.0000 27.0680
27.0000 26.4615
27.0000 27.6842
27.0000 25.8023
27.0000 26.8919
27.0000 26.4338
27.0000 27.1490
27.0000 26.4612
27.0000 26.3488
27.0000 26.2682
27.0000 26.5328
27.0000 25.7583
27.0000 26.3826
27.0000 25.1334
27.0000 27.5700
27.0000 26.1201
27.0000 27.2479
27.0000 26.8824
27.0000 27.2615
27.0000 26.4258
27.0000 27.3411
27.0000 26.4387
27.0000 26.1804
27.0000 27.5192
27.0000 26.3203
27.0000 26.1837
27.0000 26.9762
27.0000 26.2745
27.0000 26.1916
27.0000 27.0837
27.0000 26.2176
27.0000 26.9368
27.0000 26.2066
27.0000 27.1257
27.0000 26.9046
27.0000 27.7988
27.0000 27.0797
27.0000 26.9528
27.0000 27.1086
27.0000 27.0546
27.0000 27.0897
27.0000 27.3540
27.0000 26.9297
27.0000 27.0673
27.0000 26.8535
27.0000 26.2473
27.0000 26.7848
27.0000 26.3055
27.0000 26.8009
27.0000 27.4417
27.0000 26.8690
27.0000 25.9539
27.0000 27.4233
27.0000 26.4455
27.0000 26.2880
27.0000 26.9416
27.0000 26.0410
27.0000 27.6075
27.0000 26.6503
27.0000 25.9463
27.0000 26.2201
27.0000 25.9997
27.0000 27.1810
27.0000 26.8116
27.0000 26.7374
27.0000 26.9753
27.0000 26.5367
27.0000 26.7936
27.0000 26.6857
27.0000 27.9094
27.0000 27.5561
27.0000 26.6236
27.0000 26.9585
27.0000 26.9458
27.0000 26.2562
27.0000 27.1400
27.0000 26.4614
27.0000 27.3963
27.0000 27.0178
27.0000 26.0691
27.0000 26.8831
27.0000 26.4035
27.0000 25.6336
27.0000 25.9739
27.0000 26.7365
27.0000 26.3731
27.0000 27.2404
27.0000 26.9801
27.0000 26.6523
27.0000 27.2159
27.0000 26.3778
27.0000 27.2462
27.0000 26.9196
27.0000 26.1578
27.0000 27.0907
27.0000 25.7248
27.0000 27.2013
27.0000 26.7862
27.0000 25.9867
27.0000 26.3544
27.0000 26.7011
27.0000 26.4681
27.0000 26.9894
27.0000 26.7033
27.0000 27.3363
27.0000 26.5582
27.0000 26.0346
27.0000 26.5231
27.0000 26.6350
27.0000 26.0280
27.0000 26.7665
27.0000 27.2010
27.0000 26.5472
27.0000 26.6989
27.0000 26.6020
27.0000 26.3882
27.0000 26.9822
27.0000 26.4004
27.0000 26.5556
27.0000 27.2978
27.0000 27.2152
27.0000 27.1243
27.0000 27.2623
27.0000 27.1038
27.0000 26.0484
27.0000 27.2434
27.0000 26.9914
27.0000 27.1919
27.0000 27.1552
27.0000 26.3170
27.0000 26.7801
27.0000 26.7134
27.0000 27.7368
27.0000 26.7771
27.0000 26.7639
27.0000 26.9883
27.0000 26.5403
27.0000 26.6635
27.0000 26.0119
27.0000 25.9553
27.0000 26.8681
27.0000 26.8198
27.0000 26.6455
27.0000 27.1276
27.0000 26.0092
27.0000 26.8183
27.0000 25.0517
27.0000 26.1140
27.0000 26.6626
27.0000 26.6938
27.0000 26.4003
27.0000 26.9545
27.0000 27.3323
27.0000 27.5000
27.0000 26.4540
27.0000 27.0078
27.0000 27.3011
27.0000 27.1394
27.0000 26.9643
27.0000 26.5350
27.0000 25.9705
27.0000 26.5843
27.0000 26.3031
27.0000 27.4865
27.0000 26.1986
27.0000 27.2201
27.0000 25.9745
27.0000 26.8416
27.0000 26.7428
27.0000 27.2932
27.0000 26.7019
27.0000 26.2434
27.0000 27.1331
27.0000 27.6043
27.0000 26.4730
27.0000 27.4017
27.0000 26.1577
27.0000 26.7177
27.0000 26.7003
27.0000 26.4897
27.0000 26.7128
27.0000 27.0613
27.0000 26.5870
27.0000 27.3135
27.0000 27.1357
27.0000 26.0469
27.0000 26.2752
27.0000 26.4647
27.0000 27.4127
27.0000 26.5538
27.0000 26.6922
27.0000 27.2949
27.0000 26.2349
27.0000 27.0561
27.0000 27.0798
27.0000 26.8602
27.0000 27.2026
27.0000 26.7244
27.0000 26.4106
27.0000 27.2152
27.0000 27.4842
27.0000 26.4432
27.0000 26.3433
27.0000 26.9314
27.0000 25.8741
27.0000 26.8992
27.0000 26.5603
27.0000 26.4446
27.0000 26.5813
27.0000 26.3789
27.0000 26.5908
27.0000 26.3117
27.0000 26.5526
27.0000 26.9492
27.0000 26.9519
27.0000 27.1414
27.0000 26.7245
27.0000 27.1970
27.0000 26.4766
27.0000 27.5754
27.0000 26.6659
27.0000 26.4408
27.0000 26.9995
27.0000 26.6866
27.0000 25.7060
27.0000 26.5218
27.0000 27.2701
27.0000 26.6583
27.0000 27.0144
27.0000 26.9298
27.0000 27.3051
27.0000 26.7320
27.0000 27.6278
27.0000 26.6564
27.0000 25.8882
27.0000 27.2549
27.0000 26.9258
27.0000 26.1089
27.0000 26.9460
27.0000 26.6810
27.0000 27.1872
27.0000 27.4713
27.0000 26.2398
27.0000 26.8482
27.0000 26.6718
27.0000 26.9112
27.0000 26.1534
27.0000 26.0093
27.0000 26.6053
27.0000 27.3901
27.0000 26.9700
27.0000 26.2256
27.0000 27.4624
27.0000 26.9592
27.0000 26.9730
27.0000 26.8990
27.0000 27.4580
27.0000 26.4704
27.0000 26.4786
27.0000 26.8588
27.0000 27.2666
27.0000 26.2086
27.0000 27.1838
27.0000 27.1157
27.0000 26.1285
27.0000 27.7820
27.0000 26.6095
27.0000 27.0589
27.0000 27.3401
27.0000 26.5201
27.0000 26.2254
27.0000 27.8550
27.0000 25.3516
27.0000 25.5445
27.0000 25.7874
27.0000 26.6846
27.0000 26.6090
27.0000 26.6529
27.0000 25.7008
27.0000 27.2101
27.0000 26.9637
27.0000 26.9734
27.0000 25.8370
27.0000 26.0914
27.0000 26.4589
27.0000 25.8032
27.0000 27.1884
27.0000 26.6781
27.0000 26.5755
27.0000 25.5881
27.0000 26.8314
27.0000 26.7795
27.0000 27.1848
27.0000 27.1185
27.0000 27.1654
27.0000 26.9653
27.0000 26.6130
27.0000 27.3896
27.0000 26.6741
27.0000 26.3541
27.0000 26.5293
27.0000 27.1492
27.0000 26.8483
27.0000 26.9320
27.0000 27.1888
27.0000 26.5874
27.0000 26.3089
27.0000 27.1617
27.0000 26.9348
27.0000 26.6642
27.0000 26.6697
27.0000 25.8829
27.0000 26.4531
27.0000 26.4226
27.0000 27.5258
27.0000 27.7655
27.0000 27.1831
27.0000 27.3655
27.0000 27.0527
27.0000 27.2958
27.0000 27.3139
27.0000 26.2372
27.0000 26.8425
27.0000 26.6179
27.0000 26.8192
27.0000 28.0781
27.0000 26.9746
27.0000 27.3064
27.0000 26.5571
27.0000 27.1540
27.0000 26.7520
27.0000 26.9540
27.0000 27.4284
27.0000 26.8370
27.0000 26.3152
27.0000 27.3449
27.0000 26.9193
27.0000 26.2740
27.0000 25.9808
27.0000 25.8107
27.0000 27.0160
27.0000 26.5941
27.0000 25.1666
27.0000 27.9445
27.0000 26.4319
27.0000 27.3182
27.0000 26.0158
27.0000 27.6431
27.0000 27.5573
27.0000 27.3932
27.0000 27.2014
27.0000 27.4292
27.0000 26.9476
27.0000 27.2058
27.0000 27.2409
27.0000 27.0093
27.0000 25.5968
27.0000 26.7151
27.0000 26.5286
27.0000 26.6060
27.0000 25.8593
27.0000 27.0336
27.0000 27.0744
27.0000 26.6468
27.0000 26.7654
27.0000 27.4045
27.0000 27.2647
27.0000 26.7336
27.0000 27.2039
27.0000 27.1130
27.0000 27.3498
27.0000 25.9527
27.0000 26.2138
27.0000 26.6625
27.0000 27.0402
27.0000 26.9251
27.0000 27.2758
27.0000 26.6835
27.0000 26.4308
27.0000 27.9484
27.0000 26.8989
27.0000 25.8528
27.0000 27.5682
27.0000 27.3911
27.0000 27.3047
27.0000 26.8043
27.0000 26.7602
27.0000 26.9944
27.0000 26.6687
27.0000 27.6854
27.0000 27.0626
27.0000 26.6868
27.0000 27.0961
27.0000 27.0007
27.0000 25.7247
27.0000 26.5088
27.0000 27.6905
27.0000 25.8682
27.0000 26.9512
27.0000 26.6742
27.0000 26.6455
27.0000 26.5453
27.0000 26.8255
27.0000 27.5278
27.0000 27.4929
27.0000 26.9074
27.0000 26.2014
27.0000 27.1081
27.0000 27.3920
27.0000 26.3449
27.0000 27.2740
27.0000 25.9675
27.0000 26.8651
27.0000 26.4964
27.0000 27.1120
27.0000 26.4933
27.0000 28.0654
27.0000 26.0141
27.0000 25.9837
27.0000 26.5007
27.0000 26.7530
27.0000 27.6264
27.0000 27.3722
27.0000 26.3645
27.0000 26.7632
27.0000 26.4075
27.0000 27.3379
27.0000 27.0255
27.0000 27.3699
27.0000 26.8499
