29.0000 28.9860
29.0000 28.6336
29.0000 29.7575
29.0000 28.7184
29.0000 28.9987
29.0000 28.6982
29.0000 28.5203
29.0000 28.7279
29.0000 29.3210
29.0000 30.1067
29.0000 28.8186
29.0000 28.9309
29.0000 29.2027
29.0000 27.6839
29.0000 29.1464
29.0000 29.7051
29.0000 29.0876
29.0000 29.1525
29.0000 29.2682
29.0000 28.8638
29.0000 28.9868
29.0000 28.8010
29.0000 28.7926
29.0000 30.5466
29.0000 29.9505
29.0000 28.7447
29.0000 28.4771
29.0000 29.0710
29.0000 29.6981
29.0000 29.5718
29.0000 28.9807
29.0000 28.9082
29.0000 28.5013
29.0000 29.0210
29.0000 27.7866
29.0000 29.4556
29.0000 28.8404
29.0000 29.0639
29.0000 28.9056
29.0000 28.6373
29.0000 29.6854
29.0000 28.2583
29.0000 29.5438
29.0000 28.9435
29.0000 28.8565
29.0000 29.2672
29.0000 28.5039
29.0000 29.2030
29.0000 29.2514
29.0000 29.4121
29.0000 28.8990
29.0000 28.8693
29.0000 28.6471
29.0000 29.3118
29.0000 29.6558
29.0000 28.2742
29.0000 28.4593
29.0000 28.5590
29.0000 29.7289
29.0000 28.3928
29.0000 30.3694
29.0000 27.6925
29.0000 28.5873
29.0000 28.8196
29.0000 28.5999
29.0000 28.7231
29.0000 28.9414
29.0000 28.8463
29.0000 29.1005
29.0000 28.7244
29.0000 28.4827
29.0000 28.8689
29.0000 30.0869
29.0000 29.1978
29.0000 29.3856
29.0000 29.5083
29.0000 29.0029
29.0000 29.2606
29.0000 28.8916
29.0000 28.9034
29.0000 29.9108
29.0000 29.0371
29.0000 29.0844
29.0000 28.7426
29.0000 29.4937
29.0000 29.5752
29.0000 28.9960
29.0000 28.7350
29.0000 28.7274
29.0000 28.7952
29.0000 30.1252
29.0000 29.3213
29.0000 29.4649
29.0000 28.3651
29.0000 29.0382
29.0000 29.5193
29.0000 29.4435
29.0000 29.2133
29.0000 28.7485
29.0000 28.3648
29.0000 28.5383
29.0000 29.6352
29.0000 29.0424
29.0000 28.7268
29.0000 27.8199
29.0000 29.0752
29.0000 29.9515
29.0000 29.7751
29.0000 28.6651
29.0000 28.9801
29.0000 28.8246
29.0000 29.0305
29.0000 28.1050
29.0000 29.0274
29.0000 28.7155
29.0000 28.9987
29.0000 29.4793
29.0000 29.2651
29.0000 28.1009
29.0000 28.3264
29.0000 29.5185
29.0000 28.9920
29.0000 29.1026
29.0000 30.0252
29.0000 29.2556
29.0000 28.6426
29.0000 29.1637
29.0000 29.6500
29.0000 30.3386
29.0000 28.3287
29.0000 28.1519
29.0000 28.3456
29.0000 28.9314
29.0000 28.7638
29.0000 29.1455
29.0000 29.5368
29.0000 29.1184
29.0000 29.0071
29.0000 28.7059
29.0000 28.7434
29.0000 29.3940
29.0000 28.7630
29.0000 29.2666
29.0000 28.6717
29.0000 28.7850
29.0000 29.1958
29.0000 28.2501
29.0000 28.5010
29.0000 28.9671
29.0000 29.2928
29.0000 29.3892
29.0000 29.8764
29.0000 28.7963
29.0000 30.3063
29.0000 29.1644
29.0000 28.9649
29.0000 30.0799
29.0000 29.8494
29.0000 28.4168
29.0000 28.5812
29.0000 28.7630
29.0000 28.8146
29.0000 28.3680
29.0000 29.0587
29.0000 28.2638
29.0000 28.9151
29.0000 29.0205
29.0000 28.6458
29.0000 29.0773
29.0000 29.1923
29.0000 28.4803
29.0000 28.4488
29.0000 29.0758
29.0000 29.3186
29.0000 29.1220
29.0000 29.6785
29.0000 28.8835
29.0000 29.9327
29.0000 29.3181
29.0000 29.4496
29.0000 28.8702
29.0000 29.1806
29.0000 29.0339
29.0000 28.3144
29.0000 28.6572
29.0000 27.5709
29.0000 30.0278
29.0000 28.7711
29.0000 29.1945
29.0000 28.8088
29.0000 29.5941
29.0000 28.7906
29.0000 28.0370
29.0000 28.2987
29.0000 28.4453
29.0000 29.2237
29.0000 29.4044
29.0000 29.4669
29.0000 28.6736
29.0000 29.0207
29.0000 29.3262
29.0000 29.2799
29.0000 28.7228
29.0000 29.4284
29.0000 28.6824
29.0000 28.5816
29.0000 28.7743
29.0000 29.0573
29.0000 28.2372
29.0000 28.9363
29.0000 28.0255
29.0000 28.6050
29.0000 28.0816
29.0000 28.7895
29.0000 29.3378
29.0000 29.8515
29.0000 28.7453
29.0000 29.3080
29.0000 29.2458
29.0000 30.0749
29.0000 29.0495
29.0000 28.6669
29.0000 28.0587
29.0000 29.0690
29.0000 29.4438
29.0000 28.7196
29.0000 29.6594
29.0000 29.1638
29.0000 29.6110
29.0000 29.5393
29.0000 28.1962
29.0000 29.0515
29.0000 29.2804
29.0000 28.8706
29.0000 28.7595
29.0000 27.5688
29.0000 28.9707
29.0000 28.2360
29.0000 29.9768
29.0000 29.1906
29.0000 28.4690
29.0000 29.5208
29.0000 29.6709
29.0000 29.1207
29.0000 29.1317
29.0000 28.9720
29.0000 29.4234
29.0000 29.4652
29.0000 28.3132
29.0000 28.7489
29.0000 29.4487
29.0000 30.3152
29.0000 29.1691
29.0000 30.0144
29.0000 29.3234
29.0000 29.6487
29.0000 29.4832
29.0000 28.7978
29.0000 28.3895
29.0000 28.9607
29.0000 29.4396
29.0000 29.5825
29.0000 29.0507
29.0000 29.4423
29.0000 28.9841
29.0000 28.8090
29.0000 28.7479
29.0000 30.2275
29.0000 28.8387
29.0000 29.5825
29.0000 29.0192
29.0000 28.5928
29.0000 29.1571
29.0000 28.2965
29.0000 29.0170
29.0000 28.6334
29.0000 30.0809
29.0000 28.7736
29.0000 28.9615
29.0000 28.3524
29.0000 28.1486
29.0000 28.6063
29.0000 28.8378
29.0000 29.0281
29.0000 28.4262
29.0000 28.2953
29.0000 28.7829
29.0000 28.0491
29.0000 29.4181
29.0000 28.7115
29.0000 29.8147
29.0000 29.2145
29.0000 28.3581
29.0000 29.6036
29.0000 29.2886
29.0000 28.7734
29.0000 29.3120
29.0000 28.8806
29.0000 29.6263
29.0000 30.1461
29.0000 28.9342
29.0000 30.4295
29.0000 29.0608
29.0000 28.8331
29.0000 29.1679
29.0000 28.4832
29.0000 28.9544
29.0000 28.3524
29.0000 28.6475
29.0000 28.7193
29.0000 29.0188
29.0000 27.9909
29.0000 28.0074
29.0000 28.4714
29.0000 28.6230
29.0000 28.8162
29.0000 28.5091
29.0000 28.9913
29.0000 30.2440
29.0000 28.0052
29.0000 28.6150
29.0000 28.7251
29.0000 29.3464
29.0000 29.3180
29.0000 29.3241
29.0000 28.8183
29.0000 28.1345
29.0000 28.8145
29.0000 28.8210
29.0000 29.2176
29.0000 29.8887
29.0000 29.9254
29.0000 28.9243
29.0000 27.9635
29.0000 28.2935
29.0000 28.6903
29.0000 29.0089
29.0000 29.6493
29.0000 29.1665
29.0000 28.4821
29.0000 28.4876
29.0000 29.2881
29.0000 29.0256
29.0000 28.9129
29.0000 29.5792
29.0000 28.6796
29.0000 29.0794
29.0000 29.1783
29.0000 30.0744
29.0000 29.9363
29.0000 29.9623
29.0000 28.8742
29.0000 28.9286
29.0000 28.8698
29.0000 29.4560
29.0000 28.3409
29.0000 28.1278
29.0000 28.5069
29.0000 29.4078
29.0000 29.3036
29.0000 28.2908
29.0000 29.5313
29.0000 29.0073
29.0000 28.4275
29.0000 29.9906
29.0000 28.7273
29.0000 29.3336
29.0000 28.5438
29.0000 29.1940
29.0000 28.9361
29.0000 28.6000
29.0000 29.7108
29.0000 28.7230
29.0000 28.7044
29.0000 28.9513
29.0000 29.3405
29.0000 29.1112
29.0000 29.5427
29.0000 29.4996
29.0000 28.7882
29.0000 29.9278
29.0000 29.0649
29.0000 29.6490
29.0000 28.3840
29.0000 28.1403
29.0000 29.9634
29.0000 28.9970
29.0000 29.1197
29.0000 28.9428
29.0000 29.7887
29.0000 28.5484
29.0000 28.9973
29.0000 29.1916
29.0000 29.0973
29.0000 29.1774
29.0000 26.9719
29.0000 29.2611
29.0000 29.3976
29.0000 28.9337
29.0000 28.7871
29.0000 29.2980
29.0000 30.3458
29.0000 29.6965
29.0000 29.1115
29.0000 29.6564
29.0000 28.4312
29.0000 29.7070
29.0000 28.9205
29.0000 28.9710
29.0000 29.5527
29.0000 29.3450
29.0000 28.5571
29.0000 29.0668
29.0000 28.8423
29.0000 29.6895
29.0000 29.6876
29.0000 27.9226
29.0000 29.2249
29.0000 29.2773
29.0000 29.4541
29.0000 28.5006
29.0000 28.6491
29.0000 28.1442
29.0000 28.5918
29.0000 29.1775
29.0000 28.9545
29.0000 28.5237
29.0000 29.4543
29.0000 29.6978
29.0000 28.4166
29.0000 29.0966
29.0000 28.6313
29.0000 29.4399
29.0000 27.9763
29.0000 29.2206
29.0000 29.5122
29.0000 30.1814
29.0000 29.6283
29.0000 29.0919
29.0000 29.2195
29.0000 29.9754
29.0000 28.5622
29.0000 29.3972
29.0000 28.4507
29.0000 28.5493
29.0000 28.6432
29.0000 29.3586
29.0000 29.1013
29.0000 28.7979
29.0000 29.7337
29.0000 29.0537
29.0000 28.5455
29.0000 29.5916
29.0000 29.0217
29.0000 28.6675
29.0000 29.9430
29.0000 29.1898
29.0000 29.7565
29.0000 28.5690
29.0000 28.9083
29.0000 28.2261
29.0000 28.4778
29.0000 28.6954
29.0000 28.4099
29.0000 29.6989
29.0000 28.3553
29.0000 29.0715
29.0000 29.2574
29.0000 28.4238
29.0000 29.5104
29.0000 28.8092
29.0000 29.1910
29.0000 30.0699
29.0000 29.9597
29.0000 29.0017
29.0000 29.2792
29.0000 29.7547
29.0000 27.9604
29.0000 28.9703
29.0000 28.1582
29.0000 28.2708
29.0000 29.0206
29.0000 29.5803
29.0000 29.5433
29.0000 28.8507
29.0000 29.5267
29.0000 28.8074
29.0000 29.3991
29.0000 29.0672
29.0000 29.3091
29.0000 28.7509
29.0000 29.6909
29.0000 28.7652
29.0000 29.0598
29.0000 28.9728
29.0000 29.5374
29.0000 29.1149
29.0000 29.3541
29.0000 29.3923
29.0000 27.6683
29.0000 28.4548
29.0000 29.0895
29.0000 28.6173
29.0000 28.6367
29.0000 28.6077
29.0000 28.6129
29.0000 29.1994
29.0000 29.4538
29.0000 29.0604
29.0000 29.3865
29.0000 29.5224
29.0000 28.3323
29.0000 28.6331
29.0000 28.9983
29.0000 28.6901
29.0000 29.0274
29.0000 28.9314
29.0000 28.9514
29.0000 30.0007
29.0000 29.2350
29.0000 29.0591
29.0000 28.8074
29.0000 29.1368
29.0000 29.6804
29.0000 28.6634
29.0000 28.9337
29.0000 30.0922
29.0000 29.7326
29.0000 29.0014
29.0000 28.8399
29.0000 29.9380
29.0000 29.3007
29.0000 29.0444
29.0000 29.8239
29.0000 29.8768
29.0000 29.2559
29.0000 29.1918
29.0000 29.1782
29.0000 28.5284
29.0000 29.1999
29.0000 29.4465
29.0000 29.7603
29.0000 28.3747
29.0000 29.0315
29.0000 28.7914
29.0000 29.0891
29.0000 28.7986
29.0000 29.2272
29.0000 28.9966
29.0000 28.5946
29.0000 28.4760
29.0000 29.1033
29.0000 28.6649
29.0000 29.5045
29.0000 28.7459
29.0000 29.0297
29.0000 29.1168
29.0000 28.6527
29.0000 28.5577
29.0000 28.5765
29.0000 29.6041
29.0000 28.8408
29.0000 29.4769
29.0000 29.0200
29.0000 29.6545
29.0000 29.9219
29.0000 30.1362
29.0000 29.0144
29.0000 28.8516
29.0000 29.5612
29.0000 28.7009
29.0000 28.4302
29.0000 29.0295
29.0000 28.1716
29.0000 29.4265
29.0000 28.6997
29.0000 30.6841
29.0000 29.1673
29.0000 28.4490
29.0000 29.0469
29.0000 28.8804
29.0000 27.7747
29.0000 28.3036
29.0000 29.7995
29.0000 27.1943
29.0000 28.9632
29.0000 30.0763
29.0000 28.9204
29.0000 28.7161
29.0000 28.4263
29.0000 29.1935
29.0000 29.2063
29.0000 29.4685
29.0000 29.1820
29.0000 29.5022
29.0000 28.2098
29.0000 28.2441
29.0000 29.6266
29.0000 29.3314
29.0000 29.5572
29.0000 29.0475
29.0000 28.9722
29.0000 29.3474
29.0000 28.5566
29.0000 28.7957
29.0000 29.0556
29.0000 29.1165
29.0000 28.2944
29.0000 28.5464
29.0000 29.5011
29.0000 28.4120
29.0000 28.9479
29.0000 29.6817
29.0000 29.1371
29.0000 29.3625
29.0000 28.4623
29.0000 29.2534
29.0000 27.9949
29.0000 27.6815
29.0000 28.8976
29.0000 27.8359
29.0000 29.2453
29.0000 28.7838
29.0000 29.3308
29.0000 28.3860
29.0000 28.3571
29.0000 28.3017
29.0000 28.8581
29.0000 28.4376
29.0000 29.7961
29.0000 29.0881
29.0000 29.4727
29.0000 28.3347
29.0000 28.8379
29.0000 28.9633
29.0000 29.2122
29.0000 29.3060
29.0000 28.3021
29.0000 29.1572
29.0000 28.4390
29.0000 29.4605
29.0000 28.8574
29.0000 29.2700
29.0000 29.1612
29.0000 28.3105
29.0000 28.8272
29.0000 28.2556
29.0000 29.3434
29.0000 29.2358
29.0000 29.0999
29.0000 28.6339
29.0000 27.9851
29.0000 29.5880
29.0000 29.4645
29.0000 28.5183
29.0000 28.6218
29.0000 29.1394
29.0000 28.8995
29.0000 28.8815
29.0000 28.2475
29.0000 28.8129
29.0000 28.9122
29.0000 28.8861
29.0000 29.2625
29.0000 28.8169
29.0000 29.4687
29.0000 28.2557
29.0000 29.0024
29.0000 28.6205
29.0000 29.3787
29.0000 29.1655
29.0000 28.7439
29.0000 29.0577
29.0000 28.1892
29.0000 29.3745
29.0000 29.8400
29.0000 28.3769
29.0000 28.8735
29.0000 30.7856
29.0000 28.8488
29.0000 29.8799
29.0000 28.2434
29.0000 30.0332
29.0000 28.5768
29.0000 28.7770
29.0000 28.3871
29.0000 29.5987
29.0000 28.2534
29.0000 29.1028
29.0000 29.0390
29.0000 29.1027
29.0000 29.5202
29.0000 29.4465
29.0000 29.6706
29.0000 28.4567
29.0000 28.4709
29.0000 28.5647
29.0000 29.4754
29.0000 29.4188
29.0000 28.9063
29.0000 28.4823
29.0000 28.4234
29.0000 28.7845
29.0000 28.2896
29.0000 29.1440
29.0000 29.7604
29.0000 29.2178
29.0000 28.8467
29.0000 29.2638
29.0000 29.9047
29.0000 30.3808
29.0000 28.2460
29.0000 29.3358
29.0000 29.4721
29.0000 28.3853
29.0000 28.2459
29.0000 29.2978
29.0000 27.7234
29.0000 28.7091
29.0000 30.0157
29.0000 28.5456
29.0000 27.8235
29.0000 29.2181
29.0000 28.0234
29.0000 28.8677
29.0000 28.6946
29.0000 28.6038
29.0000 28.8697
29.0000 29.0088
29.0000 29.5236
29.0000 29.0303
29.0000 28.0101
29.0000 28.8157
29.0000 29.1042
29.0000 29.5921
29.0000 28.2795
29.0000 28.5960
29.0000 28.4937
29.0000 29.3781
29.0000 28.9331
29.0000 29.9915
29.0000 29.0099
29.0000 29.0096
29.0000 28.6765
29.0000 28.7676
29.0000 29.2232
29.0000 28.7071
29.0000 28.4026
29.0000 28.1326
29.0000 28.5203
29.0000 29.7808
29.0000 29.2339
29.0000 28.4289
29.0000 29.0571
29.0000 29.0794
29.0000 28.6690
29.0000 29.5275
29.0000 28.9903
29.0000 27.9104
29.0000 30.5896
29.0000 29.0092
29.0000 29.2904
29.0000 28.9276
29.0000 28.9112
29.0000 28.9898
29.0000 30.1623
29.0000 27.9660
29.0000 28.0657
29.0000 29.7850
29.0000 28.5855
29.0000 29.9085
29.0000 28.0024
29.0000 29.3226
29.0000 28.6547
29.0000 28.3606
29.0000 29.4968
29.0000 29.1563
29.0000 28.4729
29.0000 29.0400
29.0000 27.8314
29.0000 28.2774
29.0000 29.7494
29.0000 29.3722
29.0000 28.7934
29.0000 28.7255
29.0000 28.2938
29.0000 29.8364
29.0000 29.2410
29.0000 28.7176
29.0000 28.3338
29.0000 28.0358
29.0000 28.1288
29.0000 29.4426
29.0000 29.1239
29.0000 28.7325
29.0000 28.5754
29.0000 29.2047
29.0000 28.6752
29.0000 28.5288
29.0000 29.1325
29.0000 28.1619
29.0000 28.1097
29.0000 29.0364
29.0000 29.0158
29.0000 28.8897
29.0000 28.4756
29.0000 30.0083
29.0000 29.2371
29.0000 29.3117
29.0000 29.2608
29.0000 28.6209
29.0000 28.0249
29.0000 29.2789
29.0000 27.5990
29.0000 29.8354
29.0000 29.1452
29.0000 30.0204
29.0000 28.8073
29.0000 28.8179
29.0000 30.1339
29.0000 29.9087
29.0000 28.2723
29.0000 29.2041
29.0000 29.5423
29.0000 28.0223
29.0000 28.4461
29.0000 29.0487
29.0000 28.5814
29.0000 29.9522
29.0000 28.9306
29.0000 29.2348
29.0000 28.6820
29.0000 29.2055
29.0000 28.7238
29.0000 28.4602
29.0000 28.4489
29.0000 30.1754
29.0000 28.4656
29.0000 28.9647
29.0000 28.9552
29.0000 29.3017
29.0000 28.8232
29.0000 29.7399
29.0000 27.9096
29.0000 29.6500
29.0000 29.1765
29.0000 29.0888
29.0000 29.9993
29.0000 28.6334
29.0000 29.4157
29.0000 28.3262
29.0000 29.8435
29.0000 28.5279
29.0000 28.9235
29.0000 29.4018
29.0000 29.0191
29.0000 29.3543
29.0000 29.0681
29.0000 28.5536
29.0000 29.6062
29.0000 29.4273
29.0000 28.9882
29.0000 28.1103
29.0000 27.7434
29.0000 29.1033
29.0000 29.2784
29.0000 29.4770
29.0000 28.5609
29.0000 30.1248
29.0000 28.5599
29.0000 28.7706
29.0000 28.9671
29.0000 27.7403
29.0000 29.8734
29.0000 28.8558
29.0000 29.1426
29.0000 28.9440
29.0000 28.0341
29.0000 29.4673
29.0000 28.5681
29.0000 29.7325
29.0000 28.0793
29.0000 29.0767
29.0000 29.0955
29.0000 29.2576
29.0000 29.2079
29.0000 29.4560
29.0000 29.1429
29.0000 28.6070
29.0000 28.2440
29.0000 29.0688
29.0000 29.4298
29.0000 29.3088
29.0000 28.9292
29.0000 28.5957
29.0000 29.6216
29.0000 28.3769
29.0000 28.5315
29.0000 29.3468
29.0000 29.0156
29.0000 29.0738
29.0000 28.7409
29.0000 30.1719
29.0000 29.6722
29.0000 29.0913
29.0000 29.0866
29.0000 28.5438
29.0000 29.7277
29.0000 29.2987
29.0000 29.2107
29.0000 28.8832
29.0000 29.2723
29.0000 29.2331
29.0000 28.5266
29.0000 29.3231
29.0000 28.7020
29.0000 28.5330
29.0000 29.6757
29.0000 28.6529
29.0000 29.0684
29.0000 29.4974
29.0000 29.6372
29.0000 29.4686
29.0000 29.4191
29.0000 28.9997
29.0000 28.1208
29.0000 28.0811
29.0000 29.1544
29.0000 29.0126
29.0000 28.9317
29.0000 28.3855
29.0000 29.0171
29.0000 29.1735
29.0000 29.7902
29.0000 27.8468
29.0000 29.1874
29.0000 29.3604
29.0000 28.1453
29.0000 28.5176
29.0000 28.3360
29.0000 29.7318
29.0000 28.6485
29.0000 28.9116
29.0000 29.7462
29.0000 29.5081
29.0000 29.2216
29.0000 29.5709
29.0000 28.8792
29.0000 28.8321
29.0000 29.3389
29.0000 28.1510
29.0000 29.2022
29.0000 29.2198
29.0000 29.1835
29.0000 28.5320
29.0000 29.6725
29.0000 28.5257
29.0000 29.0739
29.0000 28.1505
29.0000 29.6816
29.0000 29.4895
29.0000 29.2024
29.0000 28.8530
29.0000 29.5634
29.0000 29.5780
29.0000 28.7220
29.0000 29.2326
29.0000 28.5763
29.0000 29.1843
29.0000 29.4019
29.0000 29.0531
29.0000 28.8704
29.0000 28.9111
29.0000 28.2530
29.0000 28.9488
29.0000 28.3137
29.0000 28.4996
29.0000 29.5770
29.0000 29.2534
29.0000 29.6034
29.0000 29.5119
29.0000 29.6155
29.0000 28.5734
29.0000 28.3632
29.0000 28.6751
29.0000 28.9250
29.0000 28.7130
29.0000 28.4354
29.0000 28.8972
29.0000 28.7325
29.0000 29.1029
29.0000 28.9344
29.0000 28.4060
29.0000 29.8541
29.0000 29.6247
29.0000 29.5949
29.0000 28.8855
29.0000 28.1736
29.0000 29.5854
29.0000 28.8154
29.0000 28.6861
29.0000 28.8919
29.0000 28.8084
29.0000 29.2726
29.0000 28.7951
29.0000 28.3373
29.0000 29.6550
29.0000 28.4812
29.0000 29.3008
29.0000 28.6727
29.0000 28.4378
29.0000 29.7779
29.0000 28.0635
29.0000 28.9116
29.0000 29.9672
29.0000 28.9190
29.0000 28.6303
29.0000 29.0635
29.0000 28.3677
29.0000 29.4396
29.0000 28.8793
29.0000 28.4838
29.0000 28.8237
29.0000 29.9772
29.0000 29.9989
29.0000 29.8133
29.0000 28.5570
29.0000 29.0818
29.0000 29.3042
29.0000 28.6753
29.0000 28.7256
29.0000 28.8443
29.0000 28.9402
29.0000 29.2495
29.0000 28.4828
29.0000 29.4637
29.0000 29.2492
29.0000 29.1074
29.0000 29.2640
29.0000 29.2692
29.0000 28.7067
29.0000 27.4541
29.0000 29.9434
29.0000 30.3582
29.0000 29.7614
29.0000 29.6717
29.0000 28.3608
29.0000 29.3475
29.0000 29.6371
29.0000 29.6024
29.0000 28.3257
29.0000 29.2034
29.0000 29.6860
29.0000 27.6440
29.0000 29.1178
29.0000 29.4473
29.0000 29.3675
29.0000 28.6178
29.0000 29.5469
29.0000 29.6222
29.0000 28.5463
29.0000 29.8276
29.0000 29.0634
29.0000 28.4365
29.0000 28.5041
29.0000 29.0895
29.0000 29.6423
29.0000 29.2877
29.0000 27.8144
29.0000 28.6555
29.0000 28.9090
29.0000 29.6182
29.0000 28.0987
29.0000 27.4984
29.0000 28.4934
29.0000 28.1986
29.0000 29.4554
29.0000 28.7728
29.0000 27.4385
29.0000 29.6457
29.0000 29.1929
29.0000 28.8645
29.0000 29.6422
29.0000 28.0572
29.0000 28.9472
29.0000 28.5851
29.0000 29.3807
29.0000 30.8715
29.0000 30.3014
29.0000 28.9300
29.0000 29.6706
29.0000 28.6385
29.0000 29.2640
29.0000 28.7391
29.0000 28.7569
29.0000 28.9383
29.0000 29.8945
29.0000 28.5109
29.0000 28.2799
29.0000 30.2641
29.0000 28.7641
29.0000 28.9957
29.0000 29.3102
29.0000 29.6633
29.0000 29.3947
29.0000 28.6857
29.0000 28.3756
29.0000 28.7560
29.0000 30.2167
29.0000 29.7024
29.0000 29.5268
29.0000 29.6359
29.0000 28.9387
29.0000 29.2738
29.0000 28.3645
29.0000 28.4140
29.0000 29.4393
29.0000 29.4410
29.0000 29.3175
29.0000 29.3679
29.0000 27.3860
29.0000 29.0970
29.0000 29.5141
29.0000 28.6443
29.0000 29.2450
29.0000 27.4692
29.0000 28.1258
29.0000 29.5941
29.0000 29.1270
29.0000 28.5647
29.0000 29.1628
29.0000 28.7182
29.0000 28.7760
29.0000 29.2078
29.0000 29.2164
29.0000 29.6166
29.0000 28.5065
29.0000 29.0946
29.0000 28.8475
29.0000 28.6734
29.0000 27.9189
29.0000 28.1604
29.0000 28.5973
29.0000 27.2887
29.0000 28.6123
29.0000 29.2311
29.0000 29.1293
29.0000 28.8028
29.0000 28.4184
29.0000 28.7950
29.0000 30.3624
29.0000 28.7511
29.0000 28.3584
29.0000 29.0331
29.0000 29.0624
29.0000 29.2188
29.0000 29.2665
29.0000 28.7699
29.0000 28.9175
29.0000 28.6617
29.0000 28.3965
29.0000 29.9961
29.0000 29.2646
29.0000 29.9991
29.0000 29.0678
29.0000 29.6523
29.0000 28.9433
29.0000 29.0563
29.0000 29.1302
29.0000 29.3956
29.0000 28.2810
29.0000 28.2372
29.0000 28.8415
29.0000 28.8101
29.0000 28.8025
29.0000 29.0348
29.0000 29.2049
29.0000 29.3524
29.0000 29.2412
29.0000 28.6402
29.0000 29.0285
29.0000 30.0353
29.0000 28.3906
29.0000 28.8960
29.0000 29.2500
29.0000 29.1850
29.0000 29.6726
29.0000 29.3029
29.0000 29.6301
29.0000 29.8019
29.0000 29.6970
29.0000 28.8689
29.0000 28.7377
29.0000 29.3929
29.0000 28.6163
29.0000 28.8311
29.0000 28.8062
29.0000 28.3557
29.0000 29.5221
29.0000 28.8696
29.0000 28.6864
29.0000 27.7076
29.0000 28.9328
29.0000 27.9819
29.0000 29.0360
29.0000 29.7921
29.0000 29.1459
29.0000 28.9887
29.0000 28.9633
29.0000 28.5476
29.0000 29.7892
29.0000 29.2877
29.0000 28.9938
29.0000 28.5119
29.0000 29.5310
29.0000 29.3382
29.0000 29.0625
29.0000 28.8598
29.0000 28.7520
29.0000 29.7694
29.0000 29.1751
29.0000 29.2427
29.0000 28.7908
29.0000 29.5464
29.0000 28.8575
29.0000 28.9578
29.0000 29.1407
29.0000 30.0445
29.0000 29.3246
29.0000 29.2416
29.0000 29.0165
29.0000 29.3615
29.0000 29.0582
29.0000 29.9886
29.0000 29.4142
29.0000 29.6209
29.0000 30.2094
29.0000 29.8148
29.0000 28.1517
29.0000 29.1047
29.0000 28.9930
29.0000 29.0666
29.0000 28.6604
29.0000 29.8443
29.0000 28.6357
29.0000 30.1871
29.0000 29.0976
29.0000 29.4451
29.0000 29.2687
29.0000 29.1070
29.0000 29.6364
29.0000 29.5892
29.0000 28.1567
29.0000 28.5052
29.0000 28.9642
29.0000 29.1536
29.0000 28.9752
29.0000 28.8248
29.0000 28.4228
29.0000 29.8576
29.0000 29.4581
29.0000 29.0424
29.0000 29.8282
29.0000 29.0860
29.0000 29.0933
29.0000 29.3415
29.0000 29.7420
29.0000 28.9658
29.0000 29.9495
29.0000 29.0875
29.0000 28.0630
29.0000 29.3851
29.0000 29.0415
29.0000 29.6974
29.0000 29.1067
29.0000 27.9235
29.0000 29.1132
29.0000 28.7549
29.0000 28.6278
29.0000 29.4317
29.0000 29.5678
29.0000 28.6469
29.0000 28.2723
29.0000 28.0569
29.0000 29.2310
29.0000 29.7737
29.0000 28.8216
29.0000 29.1609
29.0000 29.3175
29.0000 29.6207
29.0000 29.0416
29.0000 29.6421
29.0000 28.1357
29.0000 29.2208
29.0000 28.7822
29.0000 28.8180
29.0000 29.1575
29.0000 28.2175
29.0000 28.8233
29.0000 28.2468
29.0000 29.5987
29.0000 28.5717
29.0000 29.3384
29.0000 29.1516
29.0000 28.6070
29.0000 29.4191
29.0000 29.0552
29.0000 28.7712
29.0000 29.4857
29.0000 30.1440
29.0000 28.6649
29.0000 28.9647
29.0000 28.3047
29.0000 29.4866
29.0000 29.7543
29.0000 29.4933
29.0000 28.4260
29.0000 28.3887
29.0000 28.2699
29.0000 28.9402
29.0000 29.6316
29.0000 28.7910
29.0000 29.2795
29.0000 29.0801
29.0000 29.3881
29.0000 28.7113
29.0000 28.6639
29.0000 28.5955
29.0000 29.7768
29.0000 28.6170
29.0000 30.2107
29.0000 28.7747
29.0000 28.3599
29.0000 29.2995
29.0000 28.4331
29.0000 29.2529
29.0000 28.7530
29.0000 27.5899
29.0000 29.8128
29.0000 29.1234
29.0000 29.0729
29.0000 28.0291
29.0000 29.2822
29.0000 28.6258
29.0000 29.4079
29.0000 29.2896
29.0000 29.3491
29.0000 28.6933
29.0000 28.9056
29.0000 28.7478
29.0000 29.9655
29.0000 29.0902
29.0000 29.8028
29.0000 28.8058
29.0000 28.3159
29.0000 29.1095
29.0000 29.2812
29.0000 29.6808
29.0000 28.8701
29.0000 29.3268
29.0000 28.2919
29.0000 28.9423
29.0000 28.8115
29.0000 29.2254
29.0000 29.3505
29.0000 28.6799
29.0000 28.7932
29.0000 29.2671
29.0000 29.6526
29.0000 29.5916
29.0000 29.0499
29.0000 29.5931
29.0000 28.7133
29.0000 29.0736
29.0000 29.2535
29.0000 29.3224
29.0000 29.6304
29.0000 29.3039
29.0000 28.4503
29.0000 28.2308
29.0000 28.9609
29.0000 28.8509
29.0000 28.5681
29.0000 30.0073
29.0000 29.4895
29.0000 29.4255
29.0000 29.1187
29.0000 29.2660
29.0000 29.6514
29.0000 29.3086
29.0000 29.6511
29.0000 29.1255
29.0000 29.2559
29.0000 28.6276
29.0000 29.2315
29.0000 28.8049
29.0000 29.9655
29.0000 28.6893
29.0000 28.7530
29.0000 28.6711
29.0000 28.7851
29.0000 29.6173
29.0000 28.5203
29.0000 29.2659
29.0000 29.6306
29.0000 28.9108
29.0000 28.9746
29.0000 29.1628
29.0000 29.4524
29.0000 28.4686
29.0000 29.0899
29.0000 28.9270
29.0000 28.6607
29.0000 28.2094
29.0000 28.4330
29.0000 28.4448
29.0000 29.1937
29.0000 29.3560
29.0000 28.2148
29.0000 28.7382
29.0000 28.8806
29.0000 28.9063
29.0000 29.5955
29.0000 28.8434
29.0000 28.9963
29.0000 29.1044
29.0000 28.2552
29.0000 28.2170
29.0000 29.2712
29.0000 28.6201
29.0000 29.1366
29.0000 29.1859
29.0000 28.1533
29.0000 29.3074
29.0000 29.3866
29.0000 28.2005
29.0000 29.1865
29.0000 29.0844
29.0000 29.2960
29.0000 28.9967
29.0000 28.9035
29.0000 29.1631
29.0000 28.3597
29.0000 28.4482
29.0000 29.1189
29.0000 29.5554
29.0000 29.3469
29.0000 28.3055
29.0000 28.9137
29.0000 28.5146
29.0000 27.9624
29.0000 28.5740
29.0000 29.2508
29.0000 29.5967
29.0000 28.8796
29.0000 28.0078
29.0000 29.0610
29.0000 29.3529
29.0000 29.0875
29.0000 29.3465
29.0000 28.5932
29.0000 28.8056
29.0000 28.8946
29.0000 29.4557
29.0000 29.1690
29.0000 29.3765
29.0000 29.1148
29.0000 28.0279
29.0000 28.9065
29.0000 29.4788
29.0000 28.3973
29.0000 28.8978
29.0000 28.1821
29.0000 29.1539
29.0000 29.9719
29.0000 28.9368
29.0000 28.9170
29.0000 30.1451
29.0000 28.1841
29.0000 29.1147
29.0000 28.8347
29.0000 29.3428
29.0000 27.3683
29.0000 29.1204
29.0000 28.4764
29.0000 28.5291
29.0000 28.4221
29.0000 29.7499
29.0000 28.7158
29.0000 28.9715
29.0000 29.8142
29.0000 29.7001
29.0000 29.9045
29.0000 28.6422
29.0000 28.0538
29.0000 27.9335
29.0000 28.4992
29.0000 28.4136
29.0000 29.0192
29.0000 29.2831
29.0000 30.1878
29.0000 28.8346
29.0000 30.1613
29.0000 29.1787
29.0000 28.1353
29.0000 30.4550
29.0000 28.9092
29.0000 29.7945
29.0000 28.3748
29.0000 29.0359
29.0000 28.7284
29.0000 29.1053
29.0000 28.7629
29.0000 28.2954
29.0000 28.4760
29.0000 29.1353
29.0000 29.4217
29.0000 29.8945
29.0000 29.2252
29.0000 29.3871
29.0000 29.5724
29.0000 29.6174
29.0000 28.6471
29.0000 28.5444
29.0000 29.2204
29.0000 29.7826
29.0000 28.9647
29.0000 30.0101
29.0000 29.1244
29.0000 28.8453
29.0000 28.2946
29.0000 29.1867
29.0000 27.8436
29.0000 29.0515
29.0000 29.5771
29.0000 29.3193
29.0000 28.7539
29.0000 29.9782
29.0000 28.3266
29.0000 29.4461
29.0000 29.2993
29.0000 28.9427
29.0000 28.9514
29.0000 28.8599
29.0000 29.0506
29.0000 28.5952
29.0000 28.9725
29.0000 28.9909
29.0000 30.0178
29.0000 29.5568
29.0000 28.7289
29.0000 29.3672
29.0000 28.5961
29.0000 29.5524
29.0000 29.2349
29.0000 29.5777
29.0000 28.8876
29.0000 28.6709
29.0000 28.8191
29.0000 28.2346
29.0000 29.4760
29.0000 28.8016
29.0000 29.2152
29.0000 29.1281
29.0000 29.0111
29.0000 30.0795
29.0000 29.1051
29.0000 28.0491
29.0000 29.1834
29.0000 29.1476
29.0000 29.3709
29.0000 28.5695
29.0000 29.6900
29.0000 30.3845
29.0000 29.3919
29.0000 28.9953
29.0000 28.9411
29.0000 29.3319
29.0000 27.9916
29.0000 28.5460
29.0000 29.2856
29.0000 28.7577
29.0000 28.7352
29.0000 28.3255
29.0000 28.8660
29.0000 29.4609
29.0000 28.6747
29.0000 28.6517
29.0000 28.9265
29.0000 29.4923
29.0000 28.8732
29.0000 29.1242
29.0000 29.3267
29.0000 29.4625
29.0000 29.4551
29.0000 29.1785
29.0000 29.3743
29.0000 29.6845
29.0000 29.7045
29.0000 29.9052
29.0000 28.7509
29.0000 29.2368
29.0000 28.9443
29.0000 28.6830
29.0000 28.6241
29.0000 28.3838
29.0000 29.2059
29.0000 29.7702
29.0000 29.1910
29.0000 29.4299
29.0000 29.2872
29.0000 28.4980
29.0000 28.5858
29.0000 28.7910
29.0000 29.4085
29.0000 29.7748
29.0000 28.6407
29.0000 29.3693
29.0000 28.6829
29.0000 28.6589
29.0000 28.9601
29.0000 28.9884
29.0000 29.7949
29.0000 29.5225
29.0000 29.6294
29.0000 29.0620
29.0000 29.0690
29.0000 27.8538
29.0000 29.0310
29.0000 29.1298
29.0000 27.8884
29.0000 29.4436
29.0000 30.4430
29.0000 29.2344
29.0000 29.0495
29.0000 29.2517
29.0000 29.5675
29.0000 29.8366
29.0000 29.1042
29.0000 29.8455
29.0000 29.1605
29.0000 28.6935
29.0000 29.6801
29.0000 28.7438
29.0000 29.0081
29.0000 28.1153
29.0000 29.1732
29.0000 28.4982
29.0000 28.3748
29.0000 28.5396
29.0000 29.0049
29.0000 28.0638
29.0000 29.0705
29.0000 29.2365
29.0000 29.0057
29.0000 29.0068
29.0000 28.7903
29.0000 28.7999
29.0000 29.1214
29.0000 29.0475
29.0000 29.7605
29.0000 29.2910
29.0000 29.7848
29.0000 29.5077
29.0000 29.0519
29.0000 28.6570
29.0000 28.9316
29.0000 28.9651
29.0000 28.9106
29.0000 29.5973
29.0000 29.1561
29.0000 29.5285
29.0000 29.2974
29.0000 28.7714
29.0000 29.1677
29.0000 28.5168
29.0000 28.6722
29.0000 28.8704
29.0000 27.9149
29.0000 28.9782
29.0000 27.4554
29.0000 28.3087
29.0000 29.0255
29.0000 28.6577
29.0000 28.8202
29.0000 29.0782
29.0000 29.0727
29.0000 28.8110
29.0000 28.9073
29.0000 28.9517
29.0000 28.9162
29.0000 28.6493
29.0000 28.6585
29.0000 29.7028
29.0000 28.8771
29.0000 28.3090
29.0000 28.4989
29.0000 28.9350
29.0000 28.3551
29.0000 28.7489
29.0000 28.2945
29.0000 27.7060
29.0000 28.5907
29.0000 27.7846
29.0000 29.2087
29.0000 29.5812
29.0000 29.0982
29.0000 29.5540
29.0000 28.6694
29.0000 28.4498
29.0000 29.4749
29.0000 28.7663
29.0000 28.0169
29.0000 28.5060
29.0000 28.7109
29.0000 29.2408
29.0000 29.1526
29.0000 29.4315
29.0000 29.1825
29.0000 30.4206
29.0000 28.9249
29.0000 28.6224
29.0000 28.8010
29.0000 29.3762
29.0000 29.0030
29.0000 29.0130
29.0000 28.7162
29.0000 28.9950
29.0000 29.6434
29.0000 30.7962
29.0000 28.3833
29.0000 28.4714
29.0000 29.2830
29.0000 29.0587
29.0000 29.3195
29.0000 29.3401
29.0000 29.5408
29.0000 29.0316
29.0000 28.3140
29.0000 29.2746
29.0000 29.1919
29.0000 28.0504
29.0000 28.4048
29.0000 29.6244
29.0000 28.8683
29.0000 28.4289
29.0000 28.6410
29.0000 29.2187
29.0000 28.0329
29.0000 28.2799
29.0000 29.4793
29.0000 28.9243
29.0000 28.2983
29.0000 29.2401
29.0000 29.3331
29.0000 28.9904
29.0000 29.8811
29.0000 28.8573
29.0000 28.5759
29.0000 29.3723
29.0000 29.1910
29.0000 28.6826
29.0000 28.5821
29.0000 29.7505
29.0000 28.2495
29.0000 29.7123
29.0000 29.7119
29.0000 28.4919
29.0000 29.1255
29.0000 29.2519
29.0000 28.4918
29.0000 29.2362
29.0000 29.6680
29.0000 28.8824
29.0000 29.0698
29.0000 28.7358
29.0000 29.5229
29.0000 28.2521
29.0000 28.6266
29.0000 29.1021
29.0000 28.6288
29.0000 29.2514
29.0000 29.6668
29.0000 29.4526
29.0000 29.1727
29.0000 28.5448
29.0000 28.4027
29.0000 29.1390
29.0000 29.5759
29.0000 28.9074
29.0000 28.8006
29.0000 28.3620
29.0000 28.7774
29.0000 29.9489
29.0000 29.2666
29.0000 29.9031
29.0000 29.0718
29.0000 28.6058
29.0000 29.6919
29.0000 29.0780
29.0000 28.6139
29.0000 29.5482
29.0000 28.2958
29.0000 28.8179
29.0000 29.3253
29.0000 29.1649
29.0000 29.5856
29.0000 28.2350
29.0000 29.2030
29.0000 29.5811
29.0000 29.7162
29.0000 28.8887
29.0000 28.5906
29.0000 29.3832
29.0000 29.4366
29.0000 28.9142
29.0000 29.4496
29.0000 29.5332
29.0000 28.9230
29.0000 30.2503
29.0000 28.8129
29.0000 29.3293
29.0000 29.8517
29.0000 29.2150
29.0000 27.9663
29.0000 28.4781
29.0000 28.9061
29.0000 29.7340
29.0000 29.1333
29.0000 29.1379
29.0000 29.1464
29.0000 29.3091
29.0000 28.5856
29.0000 28.7323
29.0000 29.2167
29.0000 28.8718
29.0000 29.4836
29.0000 28.5594
29.0000 28.7917
29.0000 29.2063
29.0000 28.2894
29.0000 28.8494
29.0000 30.1611
29.0000 29.4276
29.0000 29.3001
29.0000 28.7705
29.0000 29.4400
29.0000 29.3446
29.0000 29.0868
29.0000 29.9799
29.0000 28.8708
29.0000 29.2353
29.0000 29.7903
29.0000 29.0738
29.0000 28.9295
29.0000 30.0534
29.0000 30.1812
29.0000 30.0199
29.0000 29.1952
29.0000 29.1700
29.0000 28.9257
29.0000 29.1305
29.0000 28.9181
29.0000 28.3555
29.0000 29.1470
29.0000 28.4232
29.0000 29.4176
29.0000 28.8774
29.0000 29.5303
29.0000 29.0743
29.0000 28.9484
29.0000 28.4790
29.0000 29.4136
29.0000 29.2721
29.0000 29.1546
29.0000 29.0566
29.0000 29.1879
29.0000 28.7111
29.0000 29.0012
29.0000 29.0060
29.0000 28.4211
29.0000 29.4141
29.0000 28.4821
29.0000 29.1339
29.0000 27.8045
29.0000 29.2065
29.0000 29.0192
29.0000 30.5463
29.0000 29.0902
29.0000 28.2644
29.0000 29.0566
29.0000 28.5741
29.0000 28.8875
29.0000 28.4637
29.0000 29.1937
29.0000 29.4462
29.0000 29.6589
29.0000 30.0913
29.0000 29.0362
29.0000 29.3101
29.0000 29.9038
29.0000 28.6631
29.0000 29.3950
29.0000 29.1326
29.0000 28.6604
29.0000 28.9754
29.0000 29.6479
29.0000 29.3306
29.0000 28.9993
29.0000 29.3116
29.0000 29.3653
29.0000 28.6059
29.0000 29.7560
29.0000 28.9624
29.0000 28.7972
29.0000 29.2502
29.0000 29.2423
29.0000 28.0247
29.0000 29.6457
29.0000 28.3611
29.0000 28.7905
29.0000 29.0316
29.0000 29.2285
29.0000 28.9894
29.0000 28.9245
29.0000 29.5206
29.0000 28.9515
29.0000 28.5755
29.0000 29.0357
29.0000 29.2339
29.0000 29.3180
29.0000 29.9013
29.0000 29.8914
29.0000 29.4345
29.0000 29.6673
29.0000 29.5368
29.0000 29.6745
29.0000 29.7878
29.0000 28.3704
29.0000 27.7688
29.0000 28.5669
29.0000 29.8545
29.0000 28.5001
29.0000 29.1478
29.0000 29.3557
29.0000 28.4141
29.0000 28.9044
29.0000 29.1644
29.0000 28.4763
29.0000 29.2873
29.0000 29.4831
29.0000 29.0213
29.0000 28.7691
29.0000 29.0581
29.0000 29.0342
29.0000 29.4426
29.0000 28.7347
29.0000 29.1862
29.0000 28.5185
29.0000 29.1118
29.0000 29.1521
29.0000 29.3565
29.0000 28.4152
29.0000 28.8399
29.0000 29.2035
29.0000 28.6536
29.0000 28.4670
29.0000 28.2723
29.0000 29.2781
29.0000 29.5184
29.0000 28.4780
29.0000 29.2667
29.0000 28.7687
29.0000 28.5357
29.0000 29.7302
29.0000 29.6042
29.0000 28.7425
29.0000 29.4049
29.0000 29.1501
29.0000 28.0743
29.0000 28.9203
29.0000 29.0821
29.0000 27.9639
29.0000 29.3041
29.0000 29.0277
29.0000 28.4880
29.0000 29.1925
29.0000 28.8716
29.0000 28.8671
29.0000 29.6681
29.0000 29.0119
29.0000 29.5839
29.0000 28.5202
29.0000 29.5301
29.0000 29.2042
29.0000 29.9178
29.0000 29.0847
29.0000 29.1337
29.0000 29.3407
29.0000 28.7385
29.0000 28.9509
29.0000 28.3700
29.0000 29.5059
29.0000 30.2015
29.0000 29.3069
29.0000 28.6497
29.0000 28.6173
29.0000 29.9094
29.0000 28.9763
29.0000 29.1895
29.0000 29.4768
29.0000 29.0945
29.0000 29.3730
29.0000 28.9248
29.0000 29.3082
29.0000 28.6906
29.0000 30.4338
29.0000 28.9830
29.0000 29.2449
29.0000 29.1121
29.0000 29.2702
29.0000 29.4676
29.0000 29.6656
29.0000 28.5585
29.0000 29.1375
29.0000 28.8081
29.0000 28.9989
29.0000 29.1133
29.0000 28.5266
29.0000 28.2024
29.0000 28.9297
29.0000 28.8076
29.0000 28.3844
29.0000 28.8218
29.0000 28.8513
29.0000 29.2071
29.0000 28.2240
29.0000 29.2666
29.0000 29.5012
29.0000 29.7706
29.0000 28.0216
29.0000 29.0538
29.0000 28.8962
29.0000 28.9514
29.0000 27.8819
29.0000 28.3085
29.0000 29.0908
29.0000 28.6568
29.0000 29.4751
29.0000 30.0029
29.0000 28.7702
29.0000 29.6598
29.0000 29.2070
29.0000 29.1739
29.0000 29.8212
29.0000 29.1271
29.0000 29.0798
29.0000 28.8106
29.0000 29.6526
29.0000 28.9088
29.0000 29.1415
29.0000 28.9953
29.0000 28.9066
29.0000 29.4548
29.0000 29.6721
29.0000 30.2168
29.0000 29.4519
29.0000 28.6471
29.0000 29.7435
29.0000 29.0036
29.0000 30.1184
29.0000 29.3328
29.0000 29.4183
29.0000 29.4298
29.0000 28.5524
29.0000 30.2460
29.0000 28.6228
29.0000 29.1853
29.0000 30.5529
29.0000 27.7825
29.0000 30.1955
29.0000 29.5630
29.0000 29.8645
29.0000 29.6577
29.0000 28.9855
29.0000 29.0170
29.0000 28.3219
29.0000 29.3376
29.0000 29.0218
29.0000 29.1070
29.0000 28.5895
29.0000 29.3874
29.0000 29.5843
29.0000 29.6417
29.0000 28.4029
29.0000 29.7316
29.0000 29.1463
29.0000 30.0381
29.0000 28.7957
29.0000 28.9639
29.0000 29.2188
29.0000 29.3955
29.0000 29.1793
29.0000 29.4025
29.0000 29.4965
29.0000 29.1231
29.0000 29.3134
29.0000 28.3550
29.0000 28.5495
29.0000 30.2217
29.0000 29.0365
29.0000 28.0134
29.0000 28.2398
29.0000 28.3863
29.0000 28.1462
29.0000 29.1934
29.0000 28.6378
29.0000 29.4984
29.0000 29.5243
29.0000 28.8159
29.0000 28.8625
29.0000 29.7565
29.0000 29.0195
29.0000 29.6890
29.0000 29.9185
29.0000 28.7113
29.0000 28.6247
29.0000 29.0147
29.0000 29.5043
29.0000 28.6291
29.0000 29.4240
29.0000 28.7452
29.0000 29.5122
29.0000 29.3175
29.0000 28.8875
29.0000 29.1196
29.0000 28.1072
29.0000 28.3117
29.0000 28.8645
29.0000 28.6485
29.0000 27.6179
29.0000 29.4959
29.0000 29.4349
29.0000 28.8886
29.0000 29.5230
29.0000 29.2318
29.0000 28.8354
29.0000 28.7850
29.0000 30.0847
29.0000 29.1543
29.0000 29.4182
29.0000 28.9711
29.0000 29.0977
29.0000 28.6229
29.0000 28.7475
29.0000 29.1375
29.0000 29.0371
29.0000 30.1562
29.0000 28.6282
29.0000 28.5638
29.0000 29.1324
29.0000 28.9272
29.0000 29.3668
29.0000 28.5968
29.0000 30.4780
29.0000 28.5488
29.0000 28.6113
29.0000 29.0262
29.0000 28.4680
29.0000 28.4500
29.0000 30.0261
29.0000 28.7324
29.0000 29.1867
29.0000 28.4819
29.0000 29.4033
29.0000 28.8945
29.0000 28.9539
29.0000 29.9442
29.0000 28.0998
29.0000 29.5092
29.0000 28.6188
29.0000 30.2109
29.0000 29.7677
29.0000 28.6430
29.0000 28.5341
29.0000 29.6167
29.0000 28.4560
29.0000 29.4653
29.0000 29.1326
29.0000 28.7919
29.0000 28.9082
29.0000 29.0181
29.0000 29.1280
29.0000 29.3521
29.0000 28.8512
29.0000 29.8792
29.0000 28.2191
29.0000 28.3613
29.0000 29.2776
29.0000 29.1558
29.0000 29.5518
29.0000 28.6461
29.0000 28.4362
29.0000 29.2754
29.0000 29.2033
29.0000 28.8131
29.0000 29.4177
29.0000 30.0047
29.0000 29.2652
29.0000 28.9227
29.0000 29.6169
29.0000 29.5648
29.0000 29.2703
29.0000 29.1151
29.0000 29.2319
29.0000 29.2704
29.0000 29.2612
29.0000 28.6685
29.0000 29.5124
29.0000 28.9467
29.0000 28.5669
29.0000 29.3185
29.0000 28.3241
29.0000 28.5751
29.0000 29.2799
29.0000 29.4606
29.0000 28.7482
29.0000 29.3382
29.0000 28.9897
29.0000 29.3568
29.0000 29.2405
29.0000 29.6122
29.0000 29.3984
29.0000 29.2224
29.0000 29.0735
29.0000 29.8799
29.0000 28.6887
29.0000 28.2966
29.0000 29.2261
29.0000 29.8795
29.0000 28.8769
29.0000 29.1144
29.0000 29.5695
29.0000 29.2852
29.0000 27.8427
29.0000 27.9047
29.0000 28.8356
29.0000 28.7477
29.0000 29.1622
29.0000 28.4352
29.0000 28.9007
29.0000 29.4820
29.0000 29.3099
29.0000 29.0337
29.0000 29.5847
29.0000 29.5881
29.0000 29.5408
29.0000 28.6956
29.0000 29.0856
29.0000 28.6266
29.0000 28.1513
29.0000 29.0751
29.0000 29.0179
29.0000 28.4687
29.0000 29.1358
29.0000 29.1113
29.0000 29.4398
29.0000 27.8045
29.0000 28.2951
29.0000 29.2281
29.0000 28.8442
29.0000 28.0511
29.0000 29.4642
29.0000 28.9898
29.0000 29.3400
29.0000 28.8481
29.0000 28.1074
29.0000 29.0888
29.0000 29.7924
29.0000 29.3729
29.0000 29.4270
29.0000 30.0315
29.0000 27.9837
29.0000 28.7170
29.0000 29.5984
29.0000 28.9163
29.0000 29.2389
29.0000 28.6454
29.0000 29.0226
29.0000 29.6519
29.0000 28.6069
29.0000 29.9456
29.0000 28.3448
29.0000 28.3168
29.0000 29.2167
29.0000 28.1948
29.0000 29.2064
29.0000 29.2615
29.0000 29.9470
29.0000 28.9127
29.0000 28.6035
29.0000 28.8275
29.0000 28.6999
29.0000 28.8705
29.0000 29.2812
29.0000 29.4166
29.0000 29.5381
29.0000 28.6201
29.0000 29.7150
29.0000 29.5772
29.0000 30.0576
29.0000 29.0739
29.0000 28.9601
29.0000 29.2478
29.0000 28.7996
29.0000 29.7891
29.0000 29.7598
29.0000 29.5270
29.0000 29.6609
29.0000 28.6198
29.0000 29.1610
29.0000 28.4517
29.0000 29.0666
29.0000 28.9568
29.0000 28.5342
29.0000 29.6395
29.0000 29.0092
29.0000 29.1850
29.0000 29.5213
29.0000 29.7409
29.0000 29.3040
29.0000 28.4656
29.0000 29.4090
29.0000 29.9097
29.0000 29.5126
29.0000 28.4247
29.0000 29.0861
29.0000 28.5184
29.0000 29.0781
29.0000 29.6795
29.0000 29.2182
29.0000 30.0530
29.0000 28.3670
29.0000 29.2490
29.0000 28.9903
29.0000 30.3933
29.0000 28.6110
29.0000 29.2133
29.0000 30.1091
29.0000 29.4121
29.0000 28.5488
29.0000 28.7430
29.0000 29.0125
29.0000 28.1892
29.0000 28.9180
29.0000 28.7326
29.0000 28.3391
29.0000 29.1545
29.0000 28.3918
29.0000 28.6137
29.0000 29.0453
29.0000 28.3353
29.0000 28.8050
29.0000 28.4675
29.0000 28.6405
29.0000 29.5640
29.0000 28.4919
29.0000 28.9121
29.0000 29.1164
29.0000 29.3883
29.0000 29.8580
29.0000 29.0128
29.0000 29.0584
29.0000 29.5302
29.0000 28.4889
29.0000 28.4047
29.0000 29.5383
29.0000 29.4340
29.0000 29.1745
29.0000 28.8919
29.0000 28.9210
29.0000 29.6844
29.0000 28.6761
29.0000 29.1032
29.0000 28.9973
29.0000 29.1510
29.0000 29.4806
29.0000 29.3293
29.0000 29.3250
29.0000 28.8855
29.0000 29.0167
29.0000 28.9015
29.0000 28.4709
29.0000 29.3138
29.0000 29.2758
29.0000 29.5105
29.0000 29.0214
29.0000 28.4296
29.0000 29.0248
29.0000 29.5909
29.0000 28.5562
29.0000 29.6349
29.0000 28.1548
29.0000 29.0904
29.0000 28.0374
29.0000 28.8609
29.0000 28.9111
29.0000 29.4121
29.0000 28.3414
29.0000 28.8260
29.0000 29.3919
29.0000 28.6660
29.0000 29.2548
29.0000 28.6860
29.0000 28.9548
29.0000 29.5604
29.0000 28.9714
29.0000 28.7164
29.0000 29.3721
29.0000 29.5894
29.0000 29.9864
29.0000 27.9995
29.0000 29.1872
29.0000 28.6312
29.0000 28.6428
29.0000 29.7477
29.0000 28.9932
29.0000 29.3173
29.0000 29.0595
29.0000 28.3486
29.0000 28.5643
29.0000 30.1866
29.0000 29.4184
29.0000 28.9599
29.0000 29.3658
29.0000 29.2561
29.0000 29.8308
29.0000 29.4636
29.0000 28.4228
29.0000 29.2889
29.0000 28.6055
29.0000 28.5973
29.0000 29.4582
29.0000 29.1205
29.0000 29.1711
29.0000 28.5255
29.0000 29.2655
29.0000 29.0021
29.0000 29.6179
29.0000 29.5070
29.0000 28.5296
29.0000 29.4018
29.0000 28.4600
29.0000 29.2104
29.0000 30.0242
29.0000 29.4255
29.0000 29.2897
29.0000 29.3086
29.0000 29.5074
29.0000 29.5802
29.0000 28.5939
29.0000 29.3010
29.0000 27.7000
29.0000 29.0089
29.0000 29.9598
29.0000 27.9878
29.0000 29.5572
29.0000 28.6444
29.0000 28.8408
29.0000 28.7160
29.0000 29.5491
29.0000 29.7954
29.0000 29.6860
29.0000 29.2672
29.0000 28.6077
29.0000 28.9970
29.0000 29.3058
29.0000 30.2924
29.0000 28.5905
29.0000 28.7883
29.0000 29.1600
29.0000 27.8531
29.0000 29.3064
29.0000 27.9446
29.0000 29.0106
29.0000 29.5332
29.0000 29.7069
29.0000 28.5555
29.0000 29.2961
29.0000 29.3966
29.0000 28.7576
29.0000 28.5618
29.0000 28.8077
29.0000 29.1890
29.0000 29.4333
29.0000 29.1511
29.0000 29.7627
29.0000 29.4205
29.0000 29.0767
29.0000 28.1197
29.0000 28.7374
