30.0000 29.8050
30.0000 30.1853
30.0000 29.8638
30.0000 29.4243
30.0000 29.7699
30.0000 29.6985
30.0000 29.9861
30.0000 29.9376
30.0000 28.9767
30.0000 29.7728
30.0000 29.5258
30.0000 30.2036
30.0000 29.8916
30.0000 30.6039
30.0000 30.2304
30.0000 29.6485
30.0000 30.0176
30.0000 29.9297
30.0000 30.3600
30.0000 30.1052
30.0000 30.0570
30.0000 30.5134
30.0000 29.3689
30.0000 30.2253
30.0000 30.4616
30.0000 30.5483
30.0000 29.4152
30.0000 30.5225
30.0000 30.2990
30.0000 31.2690
30.0000 30.7961
30.0000 29.7031
30.0000 29.1476
30.0000 29.4710
30.0000 30.2679
30.0000 29.0128
30.0000 30.1344
30.0000 31.2728
30.0000 29.7275
30.0000 29.4158
30.0000 29.9289
30.0000 29.5456
30.0000 30.4550
30.0000 30.3367
30.0000 29.8453
30.0000 30.1960
30.0000 29.6914
30.0000 29.9809
30.0000 30.2355
30.0000 30.5214
30.0000 30.1382
30.0000 30.5187
30.0000 30.2029
30.0000 30.8992
30.0000 29.6493
30.0000 29.3394
30.0000 30.0821
30.0000 30.8531
30.0000 30.8277
30.0000 30.8939
30.0000 30.1459
30.0000 30.3050
30.0000 30.9167
30.0000 29.8065
30.0000 31.2653
30.0000 29.6963
30.0000 30.1873
30.0000 29.8008
30.0000 30.2049
30.0000 29.9060
30.0000 29.6991
30.0000 28.5337
30.0000 30.6779
30.0000 29.6784
30.0000 29.8515
30.0000 30.6542
30.0000 30.4370
30.0000 29.2264
30.0000 30.5082
30.0000 30.1925
30.0000 29.4741
30.0000 30.8315
30.0000 30.2024
30.0000 29.4986
30.0000 30.2711
30.0000 29.7946
30.0000 30.5893
30.0000 30.2610
30.0000 30.1017
30.0000 30.1386
30.0000 30.4885
30.0000 30.5667
30.0000 29.7095
30.0000 29.2448
30.0000 29.2123
30.0000 28.4120
30.0000 29.6120
30.0000 30.5969
30.0000 29.5640
30.0000 29.8683
30.0000 30.6389
30.0000 29.8303
30.0000 29.7846
30.0000 29.6937
30.0000 29.1880
30.0000 29.0950
30.0000 30.8143
30.0000 30.2960
30.0000 29.3006
30.0000 29.2840
30.0000 30.8087
30.0000 30.2229
30.0000 30.3133
30.0000 30.8480
30.0000 30.7151
30.0000 30.0076
30.0000 29.8067
30.0000 30.6849
30.0000 29.0794
30.0000 29.9363
30.0000 30.2962
30.0000 29.3730
30.0000 31.3531
30.0000 29.3101
30.0000 29.9846
30.0000 30.0958
30.0000 30.3353
30.0000 29.0553
30.0000 30.4894
30.0000 29.6964
30.0000 30.4488
30.0000 29.8813
30.0000 30.6929
30.0000 31.6653
30.0000 29.8317
30.0000 30.5746
30.0000 30.1760
30.0000 29.1700
30.0000 30.2841
30.0000 29.4295
30.0000 30.0510
30.0000 29.2591
30.0000 30.2577
30.0000 30.6129
30.0000 29.5501
30.0000 29.7473
30.0000 30.7348
30.0000 29.5718
30.0000 30.4937
30.0000 30.4278
30.0000 29.1123
30.0000 29.5134
30.0000 29.4459
30.0000 30.9360
30.0000 29.4869
30.0000 29.5248
30.0000 30.9337
30.0000 30.0885
30.0000 31.9139
30.0000 30.2028
30.0000 30.3588
30.0000 30.1483
30.0000 29.4739
30.0000 31.1623
30.0000 29.7312
30.0000 30.1566
30.0000 28.7406
30.0000 30.0003
30.0000 28.8765
30.0000 30.8787
30.0000 30.3353
30.0000 30.3487
30.0000 30.8053
30.0000 30.4397
30.0000 30.4198
30.0000 31.2940
30.0000 30.0799
30.0000 29.9406
30.0000 30.7072
30.0000 30.1509
30.0000 29.5353
30.0000 30.3750
30.0000 29.3103
30.0000 30.8050
30.0000 30.5196
30.0000 29.3018
30.0000 30.5244
30.0000 30.5403
30.0000 30.0343
30.0000 29.2408
30.0000 30.5671
30.0000 29.2019
30.0000 30.1931
30.0000 30.2952
30.0000 30.0352
30.0000 30.8522
30.0000 29.0661
30.0000 31.1373
30.0000 30.7231
30.0000 31.0110
30.0000 30.9227
30.0000 29.7511
30.0000 30.2458
30.0000 30.0170
30.0000 29.9709
30.0000 30.5328
30.0000 29.7376
30.0000 29.2397
30.0000 30.6398
30.0000 30.4869
30.0000 30.2844
30.0000 29.9766
30.0000 30.1854
30.0000 28.9450
30.0000 30.4862
30.0000 31.3641
30.0000 30.1127
30.0000 30.5286
30.0000 29.8669
30.0000 30.2612
30.0000 29.5536
30.0000 30.4941
30.0000 30.5319
30.0000 30.0696
30.0000 30.3208
30.0000 29.8481
30.0000 30.2826
30.0000 30.4134
30.0000 30.4706
30.0000 30.8368
30.0000 30.1968
30.0000 29.2451
30.0000 30.1103
30.0000 30.0928
30.0000 31.6948
30.0000 29.4939
30.0000 30.2670
30.0000 30.4424
30.0000 30.6578
30.0000 31.0816
30.0000 30.3265
30.0000 30.4673
30.0000 30.5438
30.0000 30.3833
30.0000 29.9115
30.0000 29.0595
30.0000 29.9481
30.0000 29.6314
30.0000 29.8487
30.0000 30.2333
30.0000 31.1576
30.0000 29.7486
30.0000 31.1417
30.0000 29.5982
30.0000 29.8887
30.0000 30.1295
30.0000 29.8808
30.0000 30.3637
30.0000 29.7671
30.0000 29.8416
30.0000 29.7156
30.0000 30.1093
30.0000 30.8008
30.0000 30.0144
30.0000 30.5507
30.0000 29.9638
30.0000 30.6199
30.0000 29.5233
30.0000 29.3763
30.0000 29.5831
30.0000 30.4202
30.0000 29.9080
30.0000 29.5756
30.0000 29.4677
30.0000 29.3335
30.0000 29.7450
30.0000 30.5813
30.0000 30.9461
30.0000 29.7092
30.0000 30.6778
30.0000 28.6466
30.0000 29.9258
30.0000 29.7751
30.0000 29.8345
30.0000 30.7262
30.0000 30.0507
30.0000 31.4436
30.0000 29.7986
30.0000 31.6003
30.0000 31.1689
30.0000 29.4963
30.0000 29.2222
30.0000 30.0834
30.0000 30.0842
30.0000 29.9786
30.0000 30.4604
30.0000 30.0826
30.0000 30.1335
30.0000 30.3076
30.0000 30.0611
30.0000 29.3807
30.0000 29.6115
30.0000 30.8184
30.0000 30.1291
30.0000 29.4921
30.0000 29.6537
30.0000 28.7042
30.0000 30.1553
30.0000 30.0963
30.0000 29.8136
30.0000 30.1558
30.0000 30.5786
30.0000 30.5621
30.0000 29.9882
30.0000 29.8578
30.0000 30.4975
30.0000 30.3915
30.0000 28.7711
30.0000 30.2739
30.0000 30.0611
30.0000 29.7682
30.0000 29.3491
30.0000 29.9072
30.0000 29.9189
30.0000 30.8247
30.0000 29.7670
30.0000 29.5979
30.0000 30.5772
30.0000 29.8959
30.0000 30.0858
30.0000 30.2984
30.0000 29.3061
30.0000 31.0127
30.0000 30.4347
30.0000 31.1808
30.0000 30.5317
30.0000 30.3044
30.0000 30.0256
30.0000 29.8058
30.0000 29.9998
30.0000 30.2971
30.0000 30.5925
30.0000 30.4558
30.0000 30.5706
30.0000 30.0449
30.0000 30.5362
30.0000 30.6696
30.0000 29.5139
30.0000 30.2410
30.0000 29.7568
30.0000 29.2245
30.0000 29.3030
30.0000 31.0479
30.0000 29.8855
30.0000 31.5593
30.0000 30.4814
30.0000 28.8736
30.0000 30.1207
30.0000 29.3977
30.0000 29.6213
30.0000 29.5172
30.0000 30.6236
30.0000 30.4898
30.0000 30.7172
30.0000 30.9262
30.0000 30.8270
30.0000 29.7045
30.0000 30.1508
30.0000 29.9587
30.0000 29.9651
30.0000 30.2202
30.0000 29.9715
30.0000 30.3706
30.0000 29.7723
30.0000 30.2635
30.0000 30.1631
30.0000 30.0187
30.0000 30.5437
30.0000 29.8563
30.0000 30.6153
30.0000 30.0671
30.0000 29.3227
30.0000 30.6352
30.0000 29.5747
30.0000 30.0273
30.0000 30.3771
30.0000 29.4948
30.0000 30.2809
30.0000 29.3733
30.0000 30.0428
30.0000 29.7715
30.0000 30.3942
30.0000 29.0965
30.0000 31.3687
30.0000 29.8269
30.0000 29.9252
30.0000 29.5133
30.0000 29.3349
30.0000 30.1495
30.0000 30.7387
30.0000 30.1680
30.0000 30.2403
30.0000 29.7703
30.0000 29.1612
30.0000 29.9761
30.0000 29.2279
30.0000 29.9474
30.0000 30.2203
30.0000 29.5809
30.0000 31.1012
30.0000 30.2948
30.0000 30.2241
30.0000 30.5179
30.0000 29.7158
30.0000 29.5253
30.0000 29.8519
30.0000 29.4770
30.0000 30.8220
30.0000 29.7042
30.0000 31.0737
30.0000 31.1219
30.0000 29.8449
30.0000 30.2765
30.0000 29.1853
30.0000 29.8378
30.0000 29.4969
30.0000 30.5199
30.0000 30.5932
30.0000 29.9623
30.0000 30.7135
30.0000 29.4173
30.0000 29.8645
30.0000 29.9082
30.0000 30.1434
30.0000 30.2870
30.0000 29.8918
30.0000 30.1789
30.0000 29.3654
30.0000 29.8179
30.0000 29.9454
30.0000 29.7152
30.0000 29.4208
30.0000 30.7977
30.0000 29.4401
30.0000 31.1961
30.0000 29.3370
30.0000 29.9114
30.0000 29.9200
30.0000 29.5735
30.0000 30.3512
30.0000 29.9853
30.0000 30.7913
30.0000 30.3043
30.0000 31.1158
30.0000 29.8710
30.0000 30.1569
30.0000 30.2348
30.0000 29.4120
30.0000 30.5680
30.0000 30.5732
30.0000 29.9349
30.0000 29.6529
30.0000 30.2541
30.0000 29.9053
30.0000 30.5864
30.0000 29.7874
30.0000 29.7266
30.0000 29.8116
30.0000 31.1188
30.0000 30.0010
30.0000 30.1885
30.0000 29.7084
30.0000 30.2322
30.0000 29.8862
30.0000 29.3433
30.0000 30.3948
30.0000 29.7265
30.0000 30.6410
30.0000 29.3283
30.0000 30.7035
30.0000 29.9100
30.0000 30.4223
30.0000 30.9718
30.0000 29.7199
30.0000 30.3141
30.0000 29.8731
30.0000 30.1192
30.0000 30.3271
30.0000 29.4563
30.0000 29.2916
30.0000 29.2394
30.0000 30.8090
30.0000 31.4142
30.0000 30.4010
30.0000 30.9733
30.0000 29.6118
30.0000 30.3153
30.0000 29.6988
30.0000 30.2294
30.0000 29.0899
30.0000 29.5359
30.0000 30.7589
30.0000 30.6659
30.0000 31.4374
30.0000 29.5349
30.0000 30.3499
30.0000 30.3894
30.0000 30.5046
30.0000 29.8689
30.0000 29.1400
30.0000 29.5455
30.0000 30.5433
30.0000 30.1732
30.0000 29.2617
30.0000 29.6582
30.0000 29.2936
30.0000 30.0612
30.0000 29.6842
30.0000 30.1889
30.0000 29.8897
30.0000 30.4089
30.0000 30.2114
30.0000 29.8237
30.0000 29.9239
30.0000 29.7588
30.0000 30.1672
30.0000 29.8121
30.0000 29.9078
30.0000 31.4549
30.0000 30.8001
30.0000 30.5537
30.0000 30.0173
30.0000 30.1660
30.0000 30.4726
30.0000 29.5006
30.0000 29.5424
30.0000 30.2957
30.0000 29.7261
30.0000 30.1077
30.0000 30.1549
30.0000 29.4512
30.0000 30.4114
30.0000 29.7494
30.0000 30.7891
30.0000 30.9713
30.0000 30.0044
30.0000 30.9474
30.0000 29.0248
30.0000 30.6556
30.0000 29.2955
30.0000 29.7468
30.0000 30.0874
30.0000 30.4789
30.0000 31.5967
30.0000 30.2094
30.0000 30.3628
30.0000 30.1998
30.0000 29.5268
30.0000 29.5643
30.0000 29.9158
30.0000 30.6026
30.0000 29.3475
30.0000 30.6157
30.0000 29.5435
30.0000 29.5909
30.0000 30.8582
30.0000 29.1721
30.0000 29.9852
30.0000 30.1758
30.0000 30.2310
30.0000 30.4661
30.0000 29.8614
30.0000 30.5133
30.0000 30.5376
30.0000 28.9719
30.0000 29.8884
30.0000 30.3095
30.0000 29.9302
30.0000 30.3705
30.0000 29.9103
30.0000 29.8926
30.0000 29.1999
30.0000 30.5439
30.0000 30.1198
30.0000 29.1359
30.0000 30.2964
30.0000 29.4393
30.0000 31.2958
30.0000 30.0597
30.0000 30.0977
30.0000 30.4163
30.0000 30.3893
30.0000 30.2374
30.0000 29.4550
30.0000 30.6151
30.0000 29.3180
30.0000 29.6718
30.0000 29.4559
30.0000 29.9850
30.0000 30.5983
30.0000 30.2628
30.0000 29.7777
30.0000 30.1129
30.0000 29.3905
30.0000 30.6634
30.0000 29.1474
30.0000 30.0590
30.0000 30.3688
30.0000 31.0929
30.0000 30.4898
30.0000 29.9870
30.0000 30.6902
30.0000 30.1303
30.0000 30.0105
30.0000 30.1915
30.0000 30.4514
30.0000 30.3101
30.0000 29.4661
30.0000 30.6754
30.0000 30.5831
30.0000 30.5647
30.0000 29.0330
30.0000 30.1722
30.0000 30.8861
30.0000 30.5729
30.0000 30.4675
30.0000 29.4250
30.0000 29.8728
30.0000 30.0312
30.0000 30.9151
30.0000 30.7019
30.0000 28.5291
30.0000 29.4973
30.0000 30.3075
30.0000 29.7116
30.0000 29.2600
30.0000 30.1492
30.0000 30.6920
30.0000 30.2508
30.0000 29.3224
30.0000 31.0324
30.0000 30.2958
30.0000 30.0738
30.0000 30.4750
30.0000 31.2491
30.0000 30.2818
30.0000 31.0368
30.0000 29.7218
30.0000 29.7136
30.0000 29.3809
30.0000 28.8891
30.0000 29.9222
30.0000 29.2405
30.0000 29.9834
30.0000 30.0611
30.0000 29.9538
30.0000 29.6623
30.0000 29.5536
30.0000 30.4753
30.0000 30.8333
30.0000 30.7502
30.0000 30.2115
30.0000 29.7378
30.0000 30.6117
30.0000 30.1956
30.0000 30.5739
30.0000 30.0033
30.0000 30.7767
30.0000 29.3541
30.0000 30.8207
30.0000 30.1368
30.0000 30.3479
30.0000 30.1121
30.0000 29.8300
30.0000 29.4844
30.0000 29.4183
30.0000 29.3054
30.0000 29.5513
30.0000 30.1479
30.0000 30.3626
30.0000 30.5779
30.0000 30.4778
30.0000 30.4783
30.0000 31.2621
30.0000 29.9785
30.0000 30.3137
30.0000 30.4981
30.0000 29.9490
30.0000 29.3214
30.0000 30.4679
30.0000 30.7412
30.0000 30.8252
30.0000 29.7148
30.0000 29.2196
30.0000 29.7164
30.0000 29.0885
30.0000 29.9938
30.0000 31.0605
30.0000 30.0667
30.0000 30.2532
30.0000 29.8289
30.0000 29.5362
30.0000 31.0062
30.0000 29.4801
30.0000 30.2710
30.0000 30.1209
30.0000 30.9430
30.0000 30.1830
30.0000 29.2307
30.0000 29.7314
30.0000 29.4693
30.0000 30.2635
30.0000 30.3635
30.0000 30.5669
30.0000 30.5784
30.0000 30.4933
30.0000 29.7663
30.0000 30.9092
30.0000 30.2715
30.0000 29.9384
30.0000 29.9776
30.0000 30.3502
30.0000 30.3468
30.0000 30.5649
30.0000 29.9451
30.0000 29.6717
30.0000 29.2694
30.0000 30.7739
30.0000 30.4849
30.0000 29.8396
30.0000 30.2526
30.0000 29.4138
30.0000 29.7134
30.0000 30.0184
30.0000 30.0486
30.0000 30.2114
30.0000 30.1784
30.0000 30.1062
30.0000 30.5931
30.0000 29.0497
30.0000 29.0663
30.0000 30.6026
30.0000 30.0509
30.0000 29.3748
30.0000 30.2415
30.0000 30.3602
30.0000 30.2499
30.0000 29.5842
30.0000 29.9872
30.0000 30.0747
30.0000 30.0367
30.0000 30.0290
30.0000 29.9554
30.0000 30.5017
30.0000 30.4870
30.0000 29.1684
30.0000 30.4905
30.0000 29.5203
30.0000 30.5603
30.0000 30.3605
30.0000 30.5164
30.0000 30.0361
30.0000 29.6570
30.0000 28.4860
30.0000 29.9272
30.0000 29.5196
30.0000 29.1570
30.0000 30.6107
30.0000 29.7119
30.0000 29.9816
30.0000 29.8288
30.0000 29.5361
30.0000 29.3403
30.0000 29.8945
30.0000 29.6389
30.0000 28.6904
30.0000 30.1195
30.0000 28.9555
30.0000 30.1177
30.0000 30.0118
30.0000 29.7909
30.0000 29.5722
30.0000 30.2109
30.0000 29.5347
30.0000 31.3792
30.0000 30.2241
30.0000 30.4392
30.0000 29.7394
30.0000 30.8084
30.0000 30.3654
30.0000 30.3161
30.0000 28.8607
30.0000 29.3319
30.0000 29.9360
30.0000 30.2526
30.0000 30.1252
30.0000 29.8906
30.0000 29.2811
30.0000 29.0564
30.0000 29.5448
30.0000 30.1216
30.0000 30.7968
30.0000 29.7213
30.0000 30.2372
30.0000 29.1286
30.0000 30.6759
30.0000 29.8020
30.0000 29.8602
30.0000 29.9380
30.0000 29.7915
30.0000 31.0150
30.0000 30.1533
30.0000 29.3749
30.0000 30.8379
30.0000 30.4532
30.0000 29.7423
30.0000 29.5403
30.0000 29.9939
30.0000 30.3677
30.0000 30.0725
30.0000 30.5568
30.0000 30.6623
30.0000 29.2531
30.0000 29.9330
30.0000 30.0146
30.0000 30.8946
30.0000 30.1467
30.0000 29.9502
30.0000 28.9485
30.0000 29.8180
30.0000 30.2564
30.0000 30.7843
30.0000 29.3918
30.0000 30.3962
30.0000 30.1715
30.0000 29.4635
30.0000 29.3254
30.0000 29.7257
30.0000 29.9378
30.0000 30.1375
30.0000 29.8541
30.0000 29.9808
30.0000 29.7270
30.0000 30.0589
30.0000 30.5542
30.0000 29.8929
30.0000 30.1159
30.0000 28.0473
30.0000 30.0573
30.0000 29.8493
30.0000 29.9356
30.0000 30.4162
30.0000 30.6135
30.0000 29.9774
30.0000 29.5491
30.0000 30.6069
30.0000 30.2771
30.0000 29.6521
30.0000 30.2018
30.0000 30.3087
30.0000 29.5185
30.0000 29.8154
30.0000 30.4215
30.0000 29.5930
30.0000 30.5118
30.0000 30.0072
30.0000 30.2068
30.0000 30.5671
30.0000 29.5756
30.0000 29.5710
30.0000 29.6493
30.0000 29.6235
30.0000 28.8273
30.0000 30.6826
30.0000 29.8782
30.0000 30.2651
30.0000 29.1491
30.0000 29.0301
30.0000 30.4321
30.0000 30.6623
30.0000 29.4769
30.0000 30.5837
30.0000 30.4851
30.0000 30.1387
30.0000 29.6378
30.0000 29.7757
30.0000 29.1492
30.0000 30.2787
30.0000 30.1997
30.0000 30.6064
30.0000 30.0464
30.0000 30.1661
30.0000 30.9655
30.0000 30.2454
30.0000 30.1252
30.0000 30.2534
30.0000 29.9742
30.0000 29.8011
30.0000 30.4026
30.0000 30.2923
30.0000 29.2088
30.0000 30.8102
30.0000 30.6724
30.0000 29.5094
30.0000 29.9029
30.0000 29.8031
30.0000 30.1625
30.0000 29.9757
30.0000 29.6228
30.0000 29.8504
30.0000 30.1730
30.0000 29.7839
30.0000 29.3949
30.0000 31.0416
30.0000 29.7836
30.0000 30.0532
30.0000 29.1768
30.0000 29.9830
30.0000 28.8481
30.0000 29.5634
30.0000 29.6013
30.0000 31.7172
30.0000 29.8558
30.0000 29.6753
30.0000 30.5947
30.0000 30.5799
30.0000 29.6325
30.0000 29.3067
30.0000 30.4647
30.0000 30.9879
30.0000 29.5156
30.0000 29.8905
30.0000 29.7540
30.0000 29.3345
30.0000 29.3446
30.0000 30.5099
30.0000 30.3340
30.0000 30.6721
30.0000 30.1311
30.0000 30.8152
30.0000 30.5909
30.0000 29.9400
30.0000 30.7632
30.0000 30.3005
30.0000 29.0562
30.0000 29.0022
30.0000 29.5998
30.0000 31.1574
30.0000 29.9942
30.0000 30.0038
30.0000 29.6783
30.0000 30.7906
30.0000 30.1506
30.0000 28.5073
30.0000 30.8813
30.0000 29.7553
30.0000 30.0644
30.0000 29.7058
30.0000 30.1647
30.0000 29.1066
30.0000 31.0984
30.0000 30.3695
30.0000 30.1709
30.0000 30.8980
30.0000 29.9365
30.0000 30.0315
30.0000 30.9465
30.0000 31.0166
30.0000 29.0513
30.0000 30.3481
30.0000 29.9750
30.0000 29.8879
30.0000 29.9261
30.0000 30.1247
30.0000 31.6904
30.0000 29.9006
30.0000 31.1682
30.0000 29.8026
30.0000 29.1861
30.0000 29.6595
30.0000 30.1808
30.0000 29.7933
30.0000 30.0951
30.0000 30.6512
30.0000 30.4809
30.0000 29.3538
30.0000 30.5775
30.0000 29.0423
30.0000 29.6583
30.0000 30.2994
30.0000 29.5583
30.0000 30.7654
30.0000 29.3814
30.0000 30.2279
30.0000 29.1504
30.0000 30.2686
30.0000 30.8827
30.0000 29.2932
30.0000 30.3145
30.0000 30.2753
30.0000 29.1082
30.0000 29.2851
30.0000 30.7006
30.0000 29.8658
30.0000 29.7990
30.0000 30.6190
30.0000 29.6659
30.0000 29.5019
30.0000 29.5841
30.0000 29.9697
30.0000 30.7730
30.0000 29.8538
30.0000 30.0974
30.0000 31.1157
30.0000 29.2680
30.0000 30.2011
30.0000 30.6348
30.0000 29.0969
30.0000 30.2404
30.0000 30.4991
30.0000 29.7291
30.0000 29.4280
30.0000 30.7565
30.0000 30.0414
30.0000 29.9046
30.0000 29.3054
30.0000 30.0594
30.0000 29.4949
30.0000 28.7855
30.0000 30.0799
30.0000 29.5156
30.0000 30.1463
30.0000 30.2062
30.0000 30.1299
30.0000 30.9424
30.0000 30.6992
30.0000 28.6546
30.0000 29.3068
30.0000 30.0998
30.0000 29.7732
30.0000 30.6236
30.0000 29.9770
30.0000 29.6709
30.0000 30.2814
30.0000 29.3065
30.0000 30.3639
30.0000 29.6764
30.0000 28.8059
30.0000 30.0458
30.0000 30.5850
30.0000 29.5102
30.0000 29.3536
30.0000 29.7112
30.0000 30.9148
30.0000 30.0137
30.0000 30.4869
30.0000 30.1206
30.0000 30.4986
30.0000 28.7008
30.0000 30.4061
30.0000 30.0089
30.0000 28.9310
30.0000 30.4500
30.0000 29.7122
30.0000 29.5591
30.0000 29.6069
30.0000 29.7875
30.0000 30.6409
30.0000 29.9465
30.0000 30.6193
30.0000 30.2324
30.0000 30.3191
30.0000 30.2159
30.0000 30.5265
30.0000 29.9452
30.0000 30.2502
30.0000 30.3261
30.0000 29.5306
30.0000 30.0640
30.0000 29.8722
30.0000 29.8821
30.0000 30.0688
30.0000 29.5242
30.0000 29.6542
30.0000 30.1594
30.0000 30.3168
30.0000 29.6094
30.0000 30.3153
30.0000 30.4785
30.0000 31.0089
30.0000 29.6716
30.0000 30.1867
30.0000 30.4698
30.0000 29.7988
30.0000 29.5653
30.0000 30.2741
30.0000 30.0635
30.0000 29.4631
30.0000 30.1748
30.0000 29.5596
30.0000 31.0805
30.0000 29.2395
30.0000 29.8329
30.0000 30.3424
30.0000 30.7311
30.0000 29.7182
30.0000 29.2967
30.0000 29.7238
30.0000 28.4062
30.0000 30.0636
30.0000 30.3918
30.0000 30.3988
30.0000 30.8168
30.0000 29.4998
30.0000 29.6754
30.0000 29.8478
30.0000 29.8197
30.0000 29.4074
30.0000 30.0092
30.0000 29.6527
30.0000 28.3521
30.0000 29.6334
30.0000 29.5095
30.0000 30.1570
30.0000 29.9781
30.0000 29.8479
30.0000 30.9104
30.0000 29.0756
30.0000 30.8771
30.0000 30.5508
30.0000 28.9431
30.0000 29.6062
30.0000 31.3252
30.0000 30.4182
30.0000 31.2640
30.0000 29.0907
30.0000 29.6106
30.0000 30.7916
30.0000 29.3397
30.0000 31.1828
30.0000 30.4724
30.0000 30.5217
30.0000 29.6253
30.0000 29.5287
30.0000 29.3622
30.0000 30.7850
30.0000 29.8472
30.0000 29.7763
30.0000 30.5054
30.0000 28.9346
30.0000 30.5638
30.0000 30.0538
30.0000 29.6687
30.0000 30.1535
30.0000 29.6265
30.0000 31.4302
30.0000 30.6828
30.0000 30.3090
30.0000 28.8296
30.0000 30.1085
30.0000 29.5881
30.0000 29.5955
30.0000 29.0274
30.0000 30.3903
30.0000 30.2639
30.0000 29.3986
30.0000 29.3478
30.0000 29.9737
30.0000 29.2815
30.0000 30.6325
30.0000 29.3923
30.0000 30.4757
30.0000 30.7851
30.0000 29.4420
30.0000 30.3155
30.0000 29.3292
30.0000 29.7548
30.0000 29.5824
30.0000 29.1728
30.0000 31.1733
30.0000 30.8750
30.0000 30.0153
30.0000 30.0579
30.0000 30.1921
30.0000 29.0821
30.0000 29.2576
30.0000 30.0363
30.0000 29.9907
30.0000 30.0861
30.0000 30.1554
30.0000 28.3351
30.0000 30.4599
30.0000 29.4483
30.0000 30.0951
30.0000 30.1606
30.0000 29.9580
30.0000 29.8277
30.0000 29.9567
30.0000 30.6766
30.0000 28.9781
30.0000 30.3686
30.0000 30.0215
30.0000 30.1414
30.0000 30.6932
30.0000 30.0557
30.0000 29.9242
30.0000 29.7703
30.0000 30.2571
30.0000 29.6556
30.0000 29.7122
30.0000 31.2730
30.0000 29.9743
30.0000 30.2131
30.0000 31.1372
30.0000 29.3856
30.0000 28.8743
30.0000 29.0127
30.0000 30.8732
30.0000 30.4251
30.0000 29.8479
30.0000 29.8989
30.0000 29.9980
30.0000 30.5801
30.0000 30.0376
30.0000 30.1302
30.0000 29.5385
30.0000 30.4798
30.0000 30.1021
30.0000 29.6531
30.0000 30.5952
30.0000 31.7423
30.0000 30.7527
30.0000 29.8242
30.0000 30.7489
30.0000 30.0337
30.0000 30.6295
30.0000 29.9507
30.0000 29.9806
30.0000 31.0537
30.0000 29.8158
30.0000 29.7133
30.0000 30.4937
30.0000 30.1715
30.0000 29.8934
30.0000 29.0948
30.0000 30.2893
30.0000 29.9887
30.0000 30.7483
30.0000 29.9205
30.0000 30.0628
30.0000 29.3706
30.0000 30.3532
30.0000 29.2242
30.0000 30.4440
30.0000 29.9224
30.0000 31.1592
30.0000 31.1610
30.0000 29.2846
30.0000 29.7398
30.0000 30.4588
30.0000 29.7904
30.0000 30.6361
30.0000 30.0090
30.0000 29.9747
30.0000 29.5630
30.0000 28.7835
30.0000 29.4182
30.0000 30.2276
30.0000 30.8497
30.0000 29.4371
30.0000 30.5541
30.0000 31.0801
30.0000 30.0642
30.0000 30.7206
30.0000 31.2010
30.0000 29.4365
30.0000 30.5610
30.0000 29.5863
30.0000 30.5240
30.0000 30.3512
30.0000 29.9504
30.0000 30.1802
30.0000 30.6581
30.0000 30.3354
30.0000 30.3045
30.0000 29.9332
30.0000 30.2552
30.0000 30.3740
30.0000 30.4871
30.0000 29.9906
30.0000 30.5976
30.0000 29.4927
30.0000 31.1802
30.0000 27.9316
30.0000 30.5518
30.0000 30.2895
30.0000 30.9139
30.0000 29.7103
30.0000 29.9786
30.0000 29.3222
30.0000 30.1796
30.0000 30.1656
30.0000 29.4509
30.0000 30.0264
30.0000 30.4160
30.0000 31.0429
30.0000 30.3364
30.0000 30.0794
30.0000 30.6044
30.0000 29.5662
30.0000 29.8042
30.0000 30.8155
30.0000 29.9173
30.0000 29.6041
30.0000 29.9931
30.0000 30.4244
30.0000 29.6399
30.0000 30.2454
30.0000 30.8685
30.0000 29.6069
30.0000 30.1671
30.0000 30.0402
30.0000 30.2772
30.0000 30.5533
30.0000 29.6949
30.0000 30.5014
30.0000 29.5409
30.0000 30.0464
30.0000 29.2417
30.0000 30.3771
30.0000 29.8923
30.0000 29.5674
30.0000 30.3806
30.0000 30.1295
30.0000 29.5474
30.0000 29.6094
30.0000 29.7192
30.0000 29.9252
30.0000 29.2395
30.0000 30.4899
30.0000 29.0795
30.0000 30.3467
30.0000 29.8164
30.0000 29.7463
30.0000 31.0078
30.0000 29.4490
30.0000 30.9836
30.0000 30.7790
30.0000 30.5001
30.0000 30.7913
30.0000 28.7490
30.0000 30.3889
30.0000 30.6595
30.0000 30.0926
30.0000 29.7673
30.0000 30.5941
30.0000 31.2003
30.0000 29.9707
30.0000 29.2234
30.0000 30.9444
30.0000 29.0923
30.0000 30.7843
30.0000 29.9449
30.0000 28.9474
30.0000 29.8776
30.0000 30.7224
30.0000 30.6248
30.0000 30.5190
30.0000 29.3954
30.0000 29.9576
30.0000 29.6937
30.0000 30.3375
30.0000 30.7189
30.0000 30.7812
30.0000 30.0908
30.0000 29.9534
30.0000 31.1828
30.0000 30.1160
30.0000 30.0526
30.0000 31.0825
30.0000 30.4853
30.0000 30.4539
30.0000 30.0059
30.0000 29.8737
30.0000 30.2554
30.0000 30.3697
30.0000 29.4550
30.0000 30.7460
30.0000 30.4808
30.0000 29.3010
30.0000 30.8922
30.0000 30.7156
30.0000 30.5194
30.0000 30.1970
30.0000 30.4489
30.0000 30.1568
30.0000 30.3662
30.0000 30.1607
30.0000 30.6471
30.0000 29.6490
30.0000 29.5225
30.0000 30.3478
30.0000 30.1279
30.0000 29.2174
30.0000 29.9152
30.0000 29.8678
30.0000 31.3944
30.0000 29.8350
30.0000 30.2625
30.0000 29.6304
30.0000 31.0021
30.0000 30.5511
30.0000 29.8686
30.0000 29.6665
30.0000 30.1169
30.0000 29.8705
30.0000 30.7574
30.0000 30.2172
30.0000 29.0695
30.0000 30.4535
30.0000 29.5681
30.0000 30.1979
30.0000 30.6047
30.0000 30.1692
30.0000 29.8810
30.0000 29.7476
30.0000 30.1524
30.0000 30.0814
30.0000 29.6337
30.0000 31.4056
30.0000 29.8356
30.0000 29.5749
30.0000 28.4389
30.0000 29.1327
30.0000 30.6098
30.0000 29.9822
30.0000 29.1876
30.0000 29.9209
30.0000 30.7708
30.0000 29.2028
30.0000 30.7965
30.0000 29.9011
30.0000 29.4664
30.0000 30.0925
30.0000 28.7187
30.0000 29.4315
30.0000 30.0074
30.0000 29.5919
30.0000 30.4701
30.0000 30.4251
30.0000 30.4340
30.0000 30.0446
30.0000 30.0410
30.0000 29.8801
30.0000 30.4863
30.0000 30.4669
30.0000 29.6589
30.0000 29.5625
30.0000 29.6891
30.0000 30.0383
30.0000 29.8932
30.0000 29.4142
30.0000 29.8690
30.0000 29.9480
30.0000 28.9181
30.0000 30.4937
30.0000 29.5047
30.0000 30.4186
30.0000 30.7660
30.0000 29.7340
30.0000 29.4040
30.0000 29.3060
30.0000 29.6767
30.0000 30.3305
30.0000 29.5101
30.0000 30.2699
30.0000 30.3421
30.0000 29.7689
30.0000 31.1875
30.0000 30.3206
30.0000 29.5559
30.0000 29.0604
30.0000 30.2062
30.0000 30.0106
30.0000 29.8711
30.0000 29.6735
30.0000 30.4955
30.0000 30.2217
30.0000 30.1427
30.0000 29.5961
30.0000 30.6893
30.0000 30.0240
30.0000 29.3739
30.0000 30.2125
30.0000 29.7269
30.0000 30.3775
30.0000 29.7849
30.0000 30.5190
30.0000 29.7935
30.0000 30.4804
30.0000 29.5443
30.0000 30.1064
30.0000 31.0341
30.0000 29.9349
30.0000 29.7370
30.0000 30.6701
30.0000 30.5524
30.0000 30.2623
30.0000 30.8159
30.0000 30.0704
30.0000 29.3742
30.0000 29.4273
30.0000 30.1286
30.0000 31.0428
30.0000 28.9762
30.0000 29.1061
30.0000 30.4006
30.0000 30.0530
30.0000 30.1488
30.0000 30.4482
30.0000 30.6424
30.0000 30.1046
30.0000 29.3194
30.0000 30.1953
30.0000 31.1177
30.0000 29.6663
30.0000 29.7389
30.0000 30.4040
30.0000 30.1665
30.0000 29.5998
30.0000 29.5526
30.0000 30.3560
30.0000 30.3367
30.0000 29.7030
30.0000 30.3383
30.0000 29.7971
30.0000 29.5691
30.0000 29.0064
30.0000 30.7648
30.0000 29.6996
30.0000 29.2804
30.0000 29.6008
30.0000 31.0460
30.0000 30.5560
30.0000 30.0379
30.0000 29.7242
30.0000 29.9460
30.0000 29.9288
30.0000 29.6630
30.0000 31.0830
30.0000 30.5507
30.0000 30.5633
30.0000 29.9903
30.0000 30.5790
30.0000 29.8288
30.0000 30.1194
30.0000 29.8683
30.0000 29.7968
30.0000 29.3134
30.0000 30.9525
30.0000 30.2892
30.0000 30.7097
30.0000 29.8410
30.0000 29.5712
30.0000 29.9997
30.0000 30.6932
30.0000 30.5937
30.0000 29.7312
30.0000 29.4850
30.0000 29.7575
30.0000 30.0296
30.0000 30.2126
30.0000 30.8725
30.0000 30.0224
30.0000 30.5324
30.0000 30.5404
30.0000 29.8105
30.0000 29.9107
30.0000 29.9928
30.0000 29.9531
30.0000 31.8183
30.0000 30.0668
30.0000 30.6976
30.0000 30.0782
30.0000 30.2638
30.0000 30.6364
30.0000 29.4035
30.0000 30.5035
30.0000 30.4127
30.0000 29.9533
30.0000 30.5386
30.0000 30.6370
30.0000 30.4848
30.0000 30.2073
30.0000 30.3104
30.0000 29.9878
30.0000 29.7458
30.0000 30.7761
30.0000 29.9332
30.0000 29.5029
30.0000 30.5681
30.0000 30.4941
30.0000 30.2184
30.0000 29.7751
30.0000 30.9603
30.0000 29.4621
30.0000 30.5621
30.0000 29.7992
30.0000 29.7044
30.0000 29.8829
30.0000 29.7566
30.0000 30.0732
30.0000 31.1585
30.0000 29.6785
30.0000 28.8960
30.0000 30.5133
30.0000 30.6061
30.0000 29.9407
30.0000 30.1100
30.0000 30.2932
30.0000 29.7905
30.0000 30.1437
30.0000 30.1204
30.0000 30.6086
30.0000 30.2474
30.0000 29.4490
30.0000 30.7014
30.0000 29.2068
30.0000 30.5901
30.0000 29.0781
30.0000 29.7534
30.0000 29.9058
30.0000 30.1807
30.0000 28.6211
30.0000 29.2774
30.0000 30.9807
30.0000 29.3484
30.0000 29.7301
30.0000 31.0046
30.0000 30.7054
30.0000 29.7777
30.0000 30.2241
30.0000 30.4110
30.0000 30.0142
30.0000 29.6137
30.0000 30.9328
30.0000 30.7094
30.0000 29.7996
30.0000 30.9594
30.0000 30.2688
30.0000 30.1392
30.0000 30.3956
30.0000 29.3492
30.0000 29.9070
30.0000 29.7581
30.0000 30.2951
30.0000 30.5271
30.0000 29.6924
30.0000 30.0144
30.0000 29.2619
30.0000 30.4877
30.0000 30.0079
30.0000 30.3423
30.0000 30.1098
30.0000 30.6916
30.0000 30.5816
30.0000 30.3896
30.0000 30.1655
30.0000 29.9813
30.0000 30.8658
30.0000 29.8543
30.0000 29.8444
30.0000 30.2037
30.0000 29.9845
30.0000 30.1447
30.0000 30.1445
30.0000 29.5302
30.0000 30.4633
30.0000 30.0334
30.0000 30.0187
30.0000 30.5209
30.0000 30.1446
30.0000 30.2875
30.0000 31.0977
30.0000 29.7770
30.0000 29.5503
30.0000 29.8754
30.0000 28.8734
30.0000 29.4933
30.0000 30.6539
30.0000 30.0636
30.0000 30.0903
30.0000 30.4818
30.0000 29.4915
30.0000 30.2018
30.0000 30.0610
30.0000 29.7009
30.0000 30.5996
30.0000 30.3721
30.0000 29.3997
30.0000 29.7229
30.0000 29.4389
30.0000 30.1142
30.0000 29.5496
30.0000 30.2674
30.0000 29.5237
30.0000 29.6945
30.0000 30.5517
30.0000 29.3337
30.0000 30.0645
30.0000 30.0935
30.0000 30.2046
30.0000 29.2246
30.0000 29.9146
30.0000 31.0364
30.0000 28.8888
30.0000 29.6966
30.0000 30.6117
30.0000 29.3670
30.0000 30.6079
30.0000 29.7956
30.0000 30.1762
30.0000 29.4028
30.0000 30.6497
30.0000 30.0194
30.0000 29.8649
30.0000 29.9517
30.0000 29.4421
30.0000 29.5034
30.0000 29.8796
30.0000 30.1406
30.0000 28.7745
30.0000 30.1477
30.0000 31.1006
30.0000 31.0472
30.0000 30.8359
30.0000 29.4670
30.0000 30.4193
30.0000 29.3146
30.0000 30.2350
30.0000 30.0560
30.0000 29.8178
30.0000 29.3957
30.0000 28.3031
30.0000 31.0105
30.0000 30.1422
30.0000 31.3821
30.0000 29.4144
30.0000 29.4594
30.0000 29.8627
30.0000 30.1258
30.0000 30.3104
30.0000 30.4684
30.0000 29.6587
30.0000 30.2275
30.0000 29.1020
30.0000 29.9002
30.0000 29.3265
30.0000 30.7122
30.0000 30.0937
30.0000 29.9341
30.0000 30.2832
30.0000 30.8749
30.0000 29.1034
30.0000 29.3062
30.0000 29.0448
30.0000 30.5832
30.0000 30.7107
30.0000 31.1489
30.0000 30.6851
30.0000 29.7311
30.0000 30.1916
30.0000 30.0561
30.0000 29.6453
30.0000 30.0905
30.0000 29.6511
30.0000 29.9614
30.0000 30.5134
30.0000 29.8635
30.0000 29.8001
30.0000 29.8849
30.0000 29.9985
30.0000 31.1490
30.0000 30.4318
30.0000 30.0282
30.0000 29.4882
30.0000 29.2558
30.0000 29.4748
30.0000 29.4197
30.0000 30.1032
30.0000 30.5390
30.0000 30.4514
30.0000 28.5534
30.0000 30.4133
30.0000 30.0708
30.0000 30.0380
30.0000 30.7111
30.0000 30.8764
30.0000 29.7652
30.0000 29.9862
30.0000 29.9034
30.0000 30.1394
30.0000 29.6029
30.0000 29.8229
30.0000 30.7605
30.0000 29.7100
30.0000 30.4365
30.0000 30.1197
30.0000 30.9484
30.0000 29.1980
30.0000 30.8875
30.0000 30.7777
30.0000 29.9956
30.0000 29.6989
30.0000 30.8912
30.0000 29.8172
30.0000 31.0727
30.0000 29.1555
30.0000 31.0504
30.0000 30.0563
30.0000 29.7848
30.0000 30.1906
30.0000 30.6568
30.0000 31.2102
30.0000 30.9139
30.0000 31.0502
30.0000 29.9570
30.0000 29.3069
30.0000 28.9828
30.0000 29.5271
30.0000 30.1479
30.0000 30.6461
30.0000 29.0841
30.0000 30.0779
30.0000 30.0409
30.0000 29.5272
30.0000 29.5193
30.0000 30.2726
30.0000 29.0270
30.0000 30.1462
30.0000 30.4596
30.0000 29.9270
30.0000 29.9117
30.0000 30.1846
30.0000 30.1211
30.0000 30.3041
30.0000 29.7209
30.0000 30.0597
30.0000 29.5832
30.0000 29.6556
30.0000 29.6307
30.0000 30.2257
30.0000 29.5883
30.0000 29.1637
30.0000 30.1758
30.0000 30.8300
30.0000 29.8487
30.0000 29.9786
30.0000 30.7081
30.0000 30.3114
30.0000 30.4868
30.0000 30.2613
30.0000 30.4908
30.0000 29.2132
30.0000 29.1502
30.0000 30.2562
30.0000 29.8392
30.0000 30.2788
30.0000 29.8432
30.0000 30.2706
30.0000 30.3606
30.0000 30.1783
30.0000 29.9735
30.0000 30.9759
30.0000 28.8226
30.0000 29.6610
30.0000 29.9572
30.0000 30.4717
30.0000 30.2113
30.0000 30.3645
30.0000 30.3742
30.0000 30.3448
30.0000 31.1422
30.0000 30.2299
30.0000 29.5019
30.0000 30.6091
30.0000 29.7406
30.0000 31.0065
30.0000 30.4042
30.0000 30.4917
30.0000 28.9432
30.0000 29.4957
30.0000 29.6420
30.0000 30.4584
30.0000 29.9052
30.0000 30.9135
30.0000 30.4117
30.0000 31.0514
30.0000 30.0783
30.0000 29.3855
30.0000 30.3518
30.0000 30.5567
30.0000 29.8421
30.0000 29.8903
30.0000 30.7119
30.0000 30.3077
30.0000 29.6971
30.0000 30.0114
30.0000 30.9085
30.0000 30.9610
30.0000 30.4235
30.0000 29.9665
30.0000 31.4908
30.0000 29.6943
30.0000 30.9099
30.0000 30.4619
30.0000 30.2832
30.0000 29.8775
30.0000 30.0860
30.0000 29.1339
30.0000 29.7775
30.0000 30.0300
30.0000 30.2055
30.0000 29.8108
30.0000 29.3713
30.0000 30.2484
30.0000 30.5612
30.0000 30.1633
30.0000 30.3980
30.0000 29.3738
30.0000 29.8667
30.0000 30.0321
30.0000 30.4857
30.0000 29.3527
30.0000 30.0057
30.0000 30.4103
30.0000 29.6206
30.0000 28.9073
30.0000 30.9071
30.0000 29.8727
30.0000 29.7053
30.0000 29.8405
30.0000 29.9178
30.0000 29.9473
30.0000 29.5246
30.0000 29.1768
30.0000 30.0732
30.0000 29.6330
30.0000 30.5300
30.0000 30.1863
30.0000 30.2872
30.0000 30.5562
30.0000 30.1428
30.0000 30.0636
30.0000 30.1632
30.0000 30.0039
30.0000 30.7066
30.0000 29.9597
30.0000 29.9881
30.0000 30.6308
30.0000 29.4692
30.0000 29.0206
30.0000 28.8906
30.0000 30.0277
30.0000 29.9235
30.0000 29.9609
30.0000 29.4020
30.0000 29.6395
30.0000 30.6591
30.0000 30.0432
30.0000 30.1958
30.0000 30.0060
30.0000 30.2744
30.0000 30.6194
30.0000 30.7451
30.0000 30.0459
30.0000 30.5259
30.0000 30.3020
30.0000 29.7220
30.0000 30.1598
30.0000 30.4283
30.0000 28.9539
30.0000 30.5264
30.0000 30.1315
30.0000 29.4304
30.0000 30.0976
30.0000 30.2486
30.0000 30.7837
30.0000 30.2069
30.0000 29.9465
30.0000 30.1125
30.0000 30.5015
30.0000 30.3272
30.0000 29.9785
30.0000 30.2299
30.0000 30.1666
30.0000 30.4546
30.0000 29.0885
30.0000 29.5410
30.0000 29.5127
30.0000 29.8957
30.0000 29.5608
30.0000 30.1622
30.0000 30.5774
30.0000 30.6985
30.0000 29.4668
30.0000 30.0100
30.0000 29.9979
30.0000 29.4773
30.0000 30.6930
30.0000 30.2587
30.0000 30.9557
30.0000 29.6576
30.0000 30.5131
30.0000 30.2618
30.0000 30.4363
30.0000 31.0265
30.0000 30.7989
30.0000 29.6842
30.0000 29.6296
30.0000 30.6747
30.0000 29.9006
30.0000 29.6456
30.0000 29.5120
30.0000 30.1300
30.0000 31.3899
30.0000 30.8582
30.0000 30.3235
30.0000 29.5948
30.0000 29.5943
30.0000 30.1588
30.0000 30.3424
30.0000 29.9777
30.0000 30.6014
30.0000 29.2273
30.0000 31.1458
30.0000 29.6424
30.0000 30.3614
30.0000 29.4126
30.0000 29.5258
30.0000 30.4205
30.0000 29.6797
30.0000 29.5524
30.0000 29.8650
30.0000 29.6168
30.0000 30.0410
30.0000 29.5669
30.0000 30.4210
30.0000 30.2363
30.0000 30.4677
30.0000 30.0041
30.0000 30.0004
30.0000 30.7225
30.0000 29.7498
30.0000 30.3829
30.0000 30.4389
30.0000 30.8571
30.0000 29.8768
30.0000 29.4361
30.0000 30.2583
30.0000 30.2638
30.0000 29.7760
30.0000 31.1654
30.0000 30.1039
30.0000 30.7374
30.0000 29.3323
30.0000 30.0746
30.0000 30.5782
30.0000 30.2431
30.0000 30.7407
30.0000 31.1446
30.0000 30.7125
30.0000 29.1598
30.0000 28.2671
30.0000 29.7061
30.0000 30.2350
30.0000 29.9539
30.0000 29.8004
30.0000 30.2686
30.0000 30.1405
30.0000 30.5793
30.0000 30.2382
30.0000 30.4274
30.0000 30.7909
30.0000 30.2209
30.0000 30.5735
30.0000 29.9005
30.0000 31.0215
30.0000 29.1237
30.0000 30.7499
30.0000 30.2631
30.0000 30.0022
30.0000 29.8669
30.0000 30.1778
30.0000 30.1411
30.0000 30.7254
30.0000 29.0603
30.0000 29.7283
30.0000 30.1791
30.0000 30.3763
30.0000 29.7026
30.0000 29.8645
30.0000 30.3728
30.0000 30.2500
30.0000 30.5502
30.0000 29.9006
30.0000 30.7343
30.0000 30.0232
30.0000 30.1283
30.0000 29.0843
30.0000 29.6613
30.0000 30.5318
30.0000 30.2761
30.0000 29.5842
30.0000 30.1468
30.0000 30.4029
30.0000 29.9368
30.0000 30.9518
30.0000 30.2182
30.0000 30.1224
30.0000 29.9740
30.0000 30.2637
30.0000 29.4743
30.0000 29.9693
30.0000 29.1354
30.0000 30.1661
30.0000 29.6280
30.0000 30.3336
30.0000 30.1157
30.0000 29.8445
30.0000 30.9493
30.0000 29.5719
30.0000 29.4522
30.0000 29.0003
30.0000 29.5812
30.0000 30.0655
30.0000 30.2741
30.0000 29.9959
30.0000 30.6951
30.0000 30.1588
30.0000 29.7121
30.0000 29.9690
30.0000 29.8256
30.0000 29.6406
30.0000 29.3819
30.0000 29.5009
30.0000 30.1078
30.0000 30.4691
30.0000 29.7871
30.0000 30.6498
30.0000 29.8519
30.0000 29.2328
30.0000 30.0622
30.0000 30.1507
30.0000 30.1391
30.0000 29.9427
30.0000 28.8670
30.0000 30.4473
30.0000 28.8284
30.0000 28.9544
30.0000 30.0477
30.0000 29.5933
30.0000 30.1486
30.0000 30.7975
30.0000 29.7904
30.0000 30.2175
30.0000 30.1733
30.0000 29.8337
30.0000 30.3615
30.0000 30.1865
30.0000 29.9433
30.0000 30.7699
30.0000 30.0399
30.0000 30.6602
30.0000 29.9601
30.0000 30.5241
30.0000 31.1279
30.0000 30.4088
30.0000 30.5835
30.0000 30.6998
30.0000 31.2044
30.0000 28.8622
30.0000 30.7992
30.0000 30.0619
30.0000 30.0838
30.0000 30.4253
30.0000 30.6139
30.0000 29.8623
30.0000 29.6762
30.0000 29.4104
30.0000 29.9023
30.0000 29.7376
30.0000 30.3656
30.0000 30.0738
30.0000 30.4392
30.0000 29.9162
30.0000 29.1654
30.0000 29.9865
30.0000 30.4857
30.0000 30.1805
30.0000 31.0208
30.0000 29.8687
30.0000 29.9699
30.0000 29.5401
30.0000 30.0838
30.0000 29.9879
30.0000 30.3112
30.0000 29.6578
30.0000 30.0005
30.0000 29.9985
30.0000 29.7922
30.0000 30.5012
30.0000 30.0302
30.0000 30.2201
30.0000 29.7859
30.0000 30.3054
30.0000 30.7055
30.0000 29.7635
30.0000 30.5133
30.0000 30.4866
30.0000 29.9697
30.0000 29.6369
30.0000 29.2340
30.0000 29.5373
30.0000 29.8022
30.0000 31.0327
30.0000 30.1365
30.0000 29.1606
30.0000 29.0945
30.0000 28.4483
30.0000 30.4976
30.0000 30.5805
30.0000 29.8558
30.0000 30.6879
30.0000 31.0497
30.0000 31.0392
30.0000 29.5797
30.0000 30.1152
30.0000 29.6107
30.0000 29.9434
30.0000 30.9810
30.0000 29.6395
30.0000 29.7352
30.0000 28.4613
30.0000 30.5214
30.0000 30.2986
30.0000 30.5251
30.0000 28.3717
30.0000 29.9478
30.0000 29.7030
30.0000 29.8583
30.0000 30.8675
30.0000 29.7521
30.0000 29.8618
30.0000 30.2285
30.0000 30.3111
30.0000 29.3222
30.0000 29.8883
30.0000 30.3512
30.0000 29.9534
30.0000 29.5497
30.0000 29.7761
30.0000 30.5597
30.0000 30.7973
30.0000 29.6562
30.0000 30.3326
30.0000 30.7236
30.0000 30.6461
30.0000 30.2788
30.0000 29.6866
30.0000 30.6580
30.0000 30.2856
30.0000 29.5526
30.0000 30.1462
30.0000 30.1027
30.0000 29.3828
30.0000 29.5201
30.0000 30.2880
30.0000 30.4226
30.0000 31.1340
30.0000 30.9287
30.0000 29.7417
30.0000 30.3215
30.0000 30.3722
30.0000 30.4079
30.0000 29.9854
30.0000 30.1389
30.0000 30.5237
30.0000 30.3323
30.0000 29.6617
30.0000 30.3044
30.0000 28.9754
30.0000 30.0112
30.0000 29.4917
30.0000 30.5223
30.0000 30.8134
30.0000 29.5782
30.0000 29.0827
30.0000 31.5242
30.0000 28.7468
30.0000 29.7779
30.0000 30.7372
30.0000 30.6262
30.0000 30.0386
30.0000 29.7048
30.0000 29.8704
30.0000 30.7897
30.0000 30.4853
30.0000 29.8551
30.0000 29.9745
30.0000 29.9499
30.0000 30.0302
30.0000 30.5439
30.0000 30.2256
30.0000 30.2252
30.0000 30.9100
30.0000 30.5438
30.0000 30.7079
30.0000 29.9177
30.0000 30.3743
30.0000 30.1887
30.0000 29.2022
30.0000 28.9258
30.0000 30.6580
30.0000 29.2600
30.0000 30.1556
30.0000 29.5906
30.0000 30.8736
30.0000 29.4801
30.0000 30.5722
30.0000 30.9028
30.0000 29.9756
30.0000 29.9811
30.0000 29.6082
30.0000 30.0799
30.0000 30.6889
30.0000 29.9229
30.0000 30.2938
30.0000 29.8661
30.0000 29.8737
30.0000 30.3109
30.0000 30.0071
30.0000 30.5799
30.0000 30.1117
30.0000 29.7656
30.0000 30.3564
30.0000 30.6731
30.0000 30.5062
30.0000 29.6959
30.0000 29.1668
30.0000 29.5409
30.0000 30.9874
30.0000 30.1171
30.0000 31.1819
30.0000 30.7607
30.0000 30.0197
30.0000 29.8365
30.0000 29.5161
30.0000 29.8454
30.0000 29.9682
30.0000 30.2999
30.0000 29.6032
30.0000 30.0414
30.0000 30.3375
30.0000 29.9065
30.0000 30.5617
30.0000 30.3513
30.0000 30.9074
30.0000 30.2616
30.0000 31.3482
30.0000 29.7977
30.0000 28.7898
30.0000 29.6926
30.0000 30.6322
30.0000 29.5889
30.0000 30.2129
30.0000 30.3743
30.0000 30.2800
30.0000 30.1442
30.0000 30.7614
30.0000 30.3589
30.0000 30.3662
30.0000 30.9546
30.0000 29.9087
30.0000 29.4621
30.0000 30.0689
30.0000 30.3451
30.0000 31.6329
30.0000 30.3953
30.0000 29.5477
30.0000 29.1360
30.0000 30.4896
30.0000 30.7234
30.0000 29.8909
30.0000 31.1799
30.0000 28.8443
30.0000 29.9270
30.0000 30.7052
30.0000 29.3764
30.0000 30.0807
30.0000 30.4080
30.0000 30.6581
30.0000 30.8274
30.0000 31.0738
30.0000 30.1188
30.0000 29.8278
30.0000 29.8968
30.0000 30.5112
30.0000 29.9827
30.0000 30.6161
30.0000 30.3896
30.0000 30.0579
30.0000 30.0844
30.0000 31.3771
30.0000 29.5023
30.0000 30.5254
30.0000 29.9525
30.0000 31.2507
30.0000 30.2045
30.0000 30.4902
30.0000 30.3758
30.0000 29.9765
30.0000 29.3275
30.0000 29.8991
30.0000 30.0701
30.0000 29.4844
30.0000 30.9155
30.0000 29.4869
30.0000 29.4529
30.0000 30.2247
30.0000 29.1638
30.0000 30.4546
30.0000 30.3380
30.0000 29.9547
30.0000 29.6482
30.0000 30.7216
30.0000 28.9528
30.0000 29.8564
30.0000 30.5031
30.0000 29.0249
30.0000 29.2401
30.0000 30.3142
30.0000 30.2430
30.0000 30.0338
30.0000 30.7572
30.0000 30.0015
30.0000 29.5819
30.0000 31.3169
30.0000 30.0030
30.0000 29.5351
30.0000 29.4105
30.0000 30.6973
30.0000 30.5046
30.0000 30.1822
30.0000 29.8490
30.0000 30.8897
30.0000 30.6811
30.0000 29.8967
30.0000 29.9151
30.0000 29.5721
30.0000 30.4272
30.0000 29.9960
30.0000 30.5228
30.0000 29.5979
30.0000 29.9222
30.0000 29.7308
30.0000 29.9321
30.0000 30.3151
30.0000 30.5043
30.0000 29.3413
30.0000 29.6295
30.0000 29.6439
30.0000 30.4033
30.0000 30.6063
30.0000 29.9952
30.0000 29.9825
30.0000 29.8646
30.0000 30.2698
30.0000 29.5481
30.0000 29.8009
30.0000 30.5788
30.0000 29.8909
30.0000 30.1663
30.0000 30.0301
30.0000 29.3269
30.0000 29.7808
30.0000 29.5061
30.0000 30.0782
30.0000 29.2954
30.0000 29.8424
30.0000 29.2291
30.0000 29.5611
30.0000 31.1358
30.0000 30.4938
30.0000 30.5026
30.0000 30.6444
30.0000 29.2420
30.0000 30.7499
30.0000 30.7671
30.0000 29.9323
30.0000 30.0466
