0.0000 1.0281
0.0000 1.2265
0.0000 1.8445
0.0000 0.1797
0.0000 0.1258
0.0000 2.1822
0.0000 0.2633
0.0000 1.3020
0.0000 1.1923
0.0000 0.6879
0.0000 0.5864
0.0000 0.3603
0.0000 -0.0223
0.0000 0.4544
0.0000 1.0972
0.0000 -0.2052
0.0000 1.1532
0.0000 1.5333
0.0000 1.1081
0.0000 0.7344
0.0000 0.7122
0.0000 1.1343
0.0000 1.9307
0.0000 -0.2791
0.0000 1.8637
0.0000 0.5055
0.0000 1.2866
0.0000 1.4171
0.0000 0.5603
0.0000 1.1382
0.0000 0.3467
0.0000 0.8801
0.0000 0.4366
0.0000 0.7307
0.0000 0.5475
0.0000 1.1752
0.0000 0.6636
0.0000 0.9758
0.0000 0.2707
0.0000 0.9547
0.0000 0.8172
0.0000 0.3435
0.0000 0.4430
0.0000 0.1547
0.0000 0.9424
0.0000 1.0897
0.0000 0.9824
0.0000 1.0192
0.0000 0.4504
0.0000 0.9323
0.0000 0.3903
0.0000 0.9753
0.0000 1.5714
0.0000 0.2434
0.0000 1.9324
0.0000 0.4336
0.0000 0.5214
0.0000 1.8404
0.0000 0.3097
0.0000 1.7887
0.0000 0.9844
0.0000 1.1697
0.0000 1.4441
0.0000 0.3540
0.0000 1.0426
0.0000 0.7027
0.0000 0.6710
0.0000 0.4410
0.0000 0.9172
0.0000 0.7850
0.0000 0.6530
0.0000 1.4987
0.0000 0.4285
0.0000 0.9727
0.0000 1.4066
0.0000 0.1342
0.0000 1.3311
0.0000 1.0899
0.0000 0.0472
0.0000 1.1872
0.0000 1.0479
0.0000 1.8157
0.0000 0.4076
0.0000 1.1081
0.0000 0.2669
0.0000 0.1359
0.0000 0.7155
0.0000 0.5386
0.0000 0.5151
0.0000 0.7702
0.0000 1.7779
0.0000 -0.1400
0.0000 0.8084
0.0000 0.8099
0.0000 0.7773
0.0000 0.5535
0.0000 0.6430
0.0000 1.1594
0.0000 1.8413
0.0000 -0.7781
0.0000 0.7314
0.0000 0.7854
0.0000 1.0749
0.0000 0.3930
0.0000 -0.5883
0.0000 -0.0775
0.0000 1.1115
0.0000 -0.3721
0.0000 1.0190
0.0000 1.6090
0.0000 0.5130
0.0000 1.1218
0.0000 2.1081
0.0000 0.9648
0.0000 1.4478
0.0000 0.8043
0.0000 1.0858
0.0000 0.3745
0.0000 1.1015
0.0000 0.4087
0.0000 0.8826
0.0000 0.8539
0.0000 1.8637
0.0000 1.1820
0.0000 0.0848
0.0000 0.7618
0.0000 -0.0630
0.0000 1.7436
0.0000 1.4018
0.0000 0.3249
0.0000 1.2592
0.0000 1.3162
0.0000 1.3835
0.0000 0.8797
0.0000 0.3291
0.0000 1.7734
0.0000 0.3024
0.0000 1.1233
0.0000 1.9776
0.0000 0.7982
0.0000 0.3371
0.0000 -0.1159
0.0000 2.5475
0.0000 0.7352
0.0000 0.5103
0.0000 1.2187
0.0000 1.3512
0.0000 0.9288
0.0000 1.4668
0.0000 0.7361
0.0000 1.7112
0.0000 0.4459
0.0000 1.4620
0.0000 2.3141
0.0000 0.8474
0.0000 0.3515
0.0000 0.0477
0.0000 -0.0325
0.0000 1.1769
0.0000 1.3811
0.0000 0.9299
0.0000 1.0692
0.0000 1.0219
0.0000 1.4281
0.0000 0.9072
0.0000 0.2427
0.0000 0.9014
0.0000 0.0887
0.0000 0.4919
0.0000 0.2612
0.0000 0.7945
0.0000 1.5319
0.0000 0.5789
0.0000 -0.7208
0.0000 2.3141
0.0000 0.8383
0.0000 0.6222
0.0000 -0.0735
0.0000 0.2353
0.0000 0.9586
0.0000 0.9019
0.0000 0.7667
0.0000 1.2324
0.0000 0.6033
0.0000 0.7105
0.0000 0.7778
0.0000 0.5392
0.0000 -0.2618
0.0000 0.2866
0.0000 0.5095
0.0000 1.3938
0.0000 1.0414
0.0000 1.1395
0.0000 0.8699
0.0000 0.8243
0.0000 0.9641
0.0000 0.7772
0.0000 1.3025
0.0000 0.6205
0.0000 0.6391
0.0000 1.3614
0.0000 0.9083
0.0000 0.4555
0.0000 1.0052
0.0000 1.4698
0.0000 0.6078
0.0000 1.4188
0.0000 0.8795
0.0000 0.4801
0.0000 1.3308
0.0000 0.8481
0.0000 0.4722
0.0000 0.1103
0.0000 1.2349
0.0000 2.2185
0.0000 -0.0766
0.0000 1.5476
0.0000 0.5365
0.0000 0.8582
0.0000 0.2342
0.0000 -0.1771
0.0000 1.0966
0.0000 0.8423
0.0000 0.8266
0.0000 1.4726
0.0000 0.9695
0.0000 0.0713
0.0000 1.0188
0.0000 0.0545
0.0000 1.1506
0.0000 0.6454
0.0000 0.5532
0.0000 1.2483
0.0000 0.6500
0.0000 -0.1824
0.0000 1.5788
0.0000 0.1754
0.0000 0.3732
0.0000 0.8812
0.0000 -0.0618
0.0000 1.1556
0.0000 0.7749
0.0000 0.5910
0.0000 -0.3767
0.0000 0.3245
0.0000 0.3325
0.0000 1.5603
0.0000 0.8294
0.0000 0.9327
0.0000 0.5974
0.0000 1.1892
0.0000 1.3144
0.0000 -0.0225
0.0000 0.6644
0.0000 1.6855
0.0000 0.8733
0.0000 0.7215
0.0000 -0.3009
0.0000 0.6650
0.0000 0.0161
0.0000 0.6420
0.0000 0.2234
0.0000 0.7645
0.0000 1.2606
0.0000 0.2201
0.0000 0.3454
0.0000 1.3817
0.0000 0.5811
0.0000 1.1109
0.0000 0.9187
0.0000 0.2437
0.0000 -0.3612
0.0000 1.0938
0.0000 0.7123
0.0000 0.4965
0.0000 1.5176
0.0000 0.7954
0.0000 0.9566
0.0000 1.5769
0.0000 0.2644
0.0000 1.2715
0.0000 1.9831
0.0000 1.4782
0.0000 1.6496
0.0000 1.6150
0.0000 0.5620
0.0000 1.0901
0.0000 0.7090
0.0000 0.4712
0.0000 0.8139
0.0000 0.7548
0.0000 1.2513
0.0000 0.7793
0.0000 1.4316
0.0000 1.2649
0.0000 0.8776
0.0000 0.9465
0.0000 1.4661
0.0000 -0.0820
0.0000 0.8278
0.0000 0.9298
0.0000 0.2336
0.0000 1.2882
0.0000 -0.0554
0.0000 -0.1956
0.0000 0.4677
0.0000 0.8794
0.0000 0.9339
0.0000 1.2939
0.0000 0.8912
0.0000 0.4590
0.0000 1.8298
0.0000 1.3975
0.0000 -0.0052
0.0000 0.1917
0.0000 0.6968
0.0000 0.4986
0.0000 1.3517
0.0000 0.8742
0.0000 1.8885
0.0000 0.5946
0.0000 -0.1080
0.0000 0.6432
0.0000 1.5875
0.0000 1.1618
0.0000 1.0060
0.0000 1.9574
0.0000 -0.6084
0.0000 0.9961
0.0000 0.9543
0.0000 1.5114
0.0000 0.8695
0.0000 1.5668
0.0000 0.1650
0.0000 1.7334
0.0000 0.6591
0.0000 0.4976
0.0000 2.0245
0.0000 1.1416
0.0000 0.8732
0.0000 1.4484
0.0000 1.5207
0.0000 0.5196
0.0000 0.7570
0.0000 1.1208
0.0000 0.7415
0.0000 1.2060
0.0000 0.1809
0.0000 0.5153
0.0000 0.4639
0.0000 -0.0776
0.0000 1.0609
0.0000 1.0547
0.0000 0.8638
0.0000 1.5867
0.0000 0.7608
0.0000 0.5714
0.0000 1.6486
0.0000 0.6705
0.0000 0.7684
0.0000 0.0227
0.0000 1.2231
0.0000 0.3461
0.0000 1.6765
0.0000 0.2696
0.0000 0.3356
0.0000 1.5662
0.0000 0.2918
0.0000 0.3866
0.0000 1.6031
0.0000 -0.5733
0.0000 1.2270
0.0000 1.3754
0.0000 -0.2341
0.0000 1.3887
0.0000 1.2593
0.0000 0.9431
0.0000 1.4070
0.0000 1.1130
0.0000 0.7721
0.0000 0.0647
0.0000 1.7043
0.0000 1.6359
0.0000 1.2651
0.0000 0.7683
0.0000 0.6438
0.0000 0.2029
0.0000 0.7566
0.0000 2.0589
0.0000 1.1302
0.0000 1.8185
0.0000 1.3269
0.0000 0.9156
0.0000 1.1891
0.0000 1.1822
0.0000 0.9106
0.0000 1.3003
0.0000 0.8079
0.0000 -0.2392
0.0000 0.5372
0.0000 0.4191
0.0000 0.0449
0.0000 1.1361
0.0000 0.5953
0.0000 1.0099
0.0000 1.5285
0.0000 0.7416
0.0000 0.9313
0.0000 0.9599
0.0000 -0.1754
0.0000 1.3397
0.0000 1.5413
0.0000 1.3642
0.0000 1.9467
0.0000 1.1381
0.0000 1.1097
0.0000 0.9312
0.0000 2.0225
0.0000 1.4305
0.0000 0.9500
0.0000 0.9393
0.0000 0.0023
0.0000 1.2556
0.0000 1.1728
0.0000 1.0311
0.0000 0.0678
0.0000 -0.6361
0.0000 1.7928
0.0000 0.2654
0.0000 0.7447
0.0000 0.6710
0.0000 -0.0715
0.0000 0.4916
0.0000 1.1309
0.0000 0.6205
0.0000 1.2436
0.0000 0.3892
0.0000 1.2133
0.0000 1.6213
0.0000 1.8880
0.0000 1.4336
0.0000 0.4852
0.0000 2.1912
0.0000 0.9818
0.0000 -0.0873
0.0000 0.8384
0.0000 0.6814
0.0000 0.3562
0.0000 0.1840
0.0000 0.6595
0.0000 1.0586
0.0000 2.0905
0.0000 -0.0237
0.0000 -0.0772
0.0000 1.6926
0.0000 1.0449
0.0000 0.9965
0.0000 -0.0723
0.0000 0.8131
0.0000 1.4117
0.0000 0.7800
0.0000 1.2564
0.0000 1.5176
0.0000 1.3559
0.0000 1.3115
0.0000 1.7111
0.0000 0.3608
0.0000 1.3582
0.0000 0.9592
0.0000 0.8749
0.0000 1.1512
0.0000 1.0972
0.0000 1.8761
0.0000 0.3798
0.0000 -0.3720
0.0000 1.1472
0.0000 -0.2693
0.0000 0.5798
0.0000 1.1266
0.0000 1.4328
0.0000 1.0316
0.0000 0.0995
0.0000 1.1644
0.0000 0.3141
0.0000 0.9326
0.0000 0.5615
0.0000 0.3639
0.0000 1.6455
0.0000 1.4467
0.0000 2.1297
0.0000 0.7029
0.0000 1.4738
0.0000 -0.5457
0.0000 1.7989
0.0000 0.6575
0.0000 0.3603
0.0000 -0.0386
0.0000 0.7612
0.0000 1.4080
0.0000 1.1544
0.0000 0.5847
0.0000 1.4744
0.0000 2.1456
0.0000 1.4739
0.0000 0.7427
0.0000 0.6067
0.0000 2.0447
0.0000 0.1350
0.0000 1.4803
0.0000 1.1870
0.0000 1.1338
0.0000 0.9106
0.0000 1.7585
0.0000 1.4141
0.0000 0.7894
0.0000 -0.6597
0.0000 1.3557
0.0000 1.1683
0.0000 0.7906
0.0000 0.6385
0.0000 1.4955
0.0000 -0.0015
0.0000 1.6966
0.0000 1.5354
0.0000 0.1624
0.0000 1.8662
0.0000 1.0031
0.0000 1.7305
0.0000 0.8103
0.0000 0.1829
0.0000 0.2138
0.0000 1.2161
0.0000 1.4814
0.0000 0.6347
0.0000 0.4233
0.0000 0.3607
0.0000 0.9589
0.0000 0.7860
0.0000 0.2284
0.0000 0.6571
0.0000 1.2716
0.0000 0.3754
0.0000 1.4436
0.0000 1.1496
0.0000 1.4043
0.0000 1.6153
0.0000 1.7142
0.0000 0.1720
0.0000 0.4346
0.0000 1.1377
0.0000 1.4220
0.0000 0.6796
0.0000 1.1653
0.0000 0.3224
0.0000 0.8389
0.0000 0.6173
0.0000 1.6378
0.0000 0.1914
0.0000 0.6730
0.0000 0.2884
0.0000 1.4332
0.0000 -0.0449
0.0000 1.0217
0.0000 1.6758
0.0000 1.1309
0.0000 1.3377
0.0000 0.9138
0.0000 1.5468
0.0000 0.5791
0.0000 1.6056
0.0000 0.8760
0.0000 1.7901
0.0000 0.1271
0.0000 0.4379
0.0000 0.2802
0.0000 1.4474
0.0000 0.8209
0.0000 -0.3399
0.0000 0.5625
0.0000 1.8784
0.0000 1.6364
0.0000 1.7115
0.0000 1.2797
0.0000 1.4854
0.0000 0.2662
0.0000 1.3025
0.0000 1.1590
0.0000 1.4661
0.0000 1.1203
0.0000 0.4060
0.0000 0.2092
0.0000 0.9128
0.0000 1.1468
0.0000 0.6341
0.0000 0.4742
0.0000 0.5415
0.0000 1.0081
0.0000 0.3603
0.0000 1.3881
0.0000 0.9812
0.0000 0.6601
0.0000 0.9228
0.0000 0.3877
0.0000 0.5785
0.0000 0.4112
0.0000 0.3636
0.0000 1.5281
0.0000 1.0934
0.0000 0.1403
0.0000 1.0618
0.0000 1.3086
0.0000 -0.0270
0.0000 0.0075
0.0000 0.2943
0.0000 0.3944
0.0000 0.2007
0.0000 0.2214
0.0000 0.4109
0.0000 0.8729
0.0000 0.5433
0.0000 1.9693
0.0000 0.1447
0.0000 0.6896
0.0000 1.2738
0.0000 0.6029
0.0000 1.0721
0.0000 1.0106
0.0000 1.4065
0.0000 0.2994
0.0000 0.2092
0.0000 1.2037
0.0000 0.2095
0.0000 0.8347
0.0000 0.7601
0.0000 0.1437
0.0000 -0.0169
0.0000 0.7772
0.0000 0.2516
0.0000 0.3479
0.0000 0.3993
0.0000 1.1593
0.0000 1.1405
0.0000 0.7270
0.0000 -0.1357
0.0000 0.4078
0.0000 0.3706
0.0000 -0.0380
0.0000 1.7688
0.0000 0.9774
0.0000 1.5426
0.0000 0.2243
0.0000 1.8733
0.0000 0.3221
0.0000 0.2745
0.0000 0.3474
0.0000 0.5232
0.0000 0.1618
0.0000 1.0986
0.0000 0.5564
0.0000 1.3592
0.0000 0.8103
0.0000 1.1021
0.0000 -0.7573
0.0000 0.9273
0.0000 0.7808
0.0000 1.2752
0.0000 0.7573
0.0000 0.6679
0.0000 0.7316
0.0000 1.1575
0.0000 0.7779
0.0000 2.1188
0.0000 0.4737
0.0000 0.7051
0.0000 0.1135
0.0000 0.4637
0.0000 0.5934
0.0000 1.4077
0.0000 1.6809
0.0000 1.1862
0.0000 0.2673
0.0000 0.9582
0.0000 0.8466
0.0000 1.7252
0.0000 0.7384
0.0000 0.2239
0.0000 1.5543
0.0000 1.4410
0.0000 1.1310
0.0000 1.9030
0.0000 1.3456
0.0000 1.4710
0.0000 1.0029
0.0000 0.9126
0.0000 0.5922
0.0000 0.6686
0.0000 1.1843
0.0000 0.7772
0.0000 0.2481
0.0000 0.3955
0.0000 0.9600
0.0000 1.0396
0.0000 0.1984
0.0000 -0.0077
0.0000 1.1523
0.0000 0.6921
0.0000 0.2015
0.0000 1.0658
0.0000 0.2359
0.0000 0.9885
0.0000 0.7262
0.0000 0.1674
0.0000 1.5018
0.0000 0.6934
0.0000 0.8119
0.0000 1.8807
0.0000 1.5003
0.0000 1.0027
0.0000 1.3107
0.0000 0.8543
0.0000 0.9923
0.0000 2.0974
0.0000 0.5444
0.0000 1.6487
0.0000 -0.2663
0.0000 1.0246
0.0000 1.2502
0.0000 -0.1680
0.0000 1.1630
0.0000 1.0533
0.0000 0.3403
0.0000 0.7251
0.0000 0.3698
0.0000 0.6937
0.0000 1.4632
0.0000 1.5526
0.0000 0.3295
0.0000 1.1237
0.0000 1.5635
0.0000 0.7682
0.0000 0.9737
0.0000 0.8122
0.0000 1.1408
0.0000 0.2649
0.0000 1.3519
0.0000 0.9354
0.0000 1.8304
0.0000 0.5939
0.0000 1.4021
0.0000 1.6026
0.0000 1.7204
0.0000 1.6159
0.0000 0.8820
0.0000 1.0515
0.0000 1.2980
0.0000 1.1682
0.0000 1.2063
0.0000 0.5455
0.0000 1.0665
0.0000 1.4005
0.0000 0.5987
0.0000 1.2844
0.0000 1.3211
0.0000 0.2798
0.0000 0.5268
0.0000 1.3620
0.0000 -0.0223
0.0000 0.8729
0.0000 0.3097
0.0000 0.3420
0.0000 1.6543
0.0000 1.0306
0.0000 0.5242
0.0000 0.8911
0.0000 0.5511
0.0000 0.4843
0.0000 0.1193
0.0000 -0.4629
0.0000 0.5458
0.0000 1.2356
0.0000 1.0266
0.0000 1.4302
0.0000 0.7900
0.0000 1.1594
0.0000 0.4390
0.0000 1.8206
0.0000 0.5906
0.0000 2.0202
0.0000 0.8818
0.0000 0.1275
0.0000 0.6082
0.0000 0.0486
0.0000 1.4719
0.0000 0.2502
0.0000 1.8931
0.0000 1.1692
0.0000 2.3803
0.0000 0.5344
0.0000 0.2691
0.0000 1.1021
0.0000 0.7126
0.0000 0.9969
0.0000 0.0269
0.0000 1.8640
0.0000 0.4691
0.0000 0.4242
0.0000 0.6205
0.0000 0.4032
0.0000 1.6513
0.0000 1.4876
0.0000 1.1790
0.0000 0.0082
0.0000 1.0878
0.0000 0.8789
0.0000 1.3677
0.0000 0.8712
0.0000 1.8318
0.0000 -0.4477
0.0000 1.1254
0.0000 1.7336
0.0000 0.8074
0.0000 1.1367
0.0000 1.2132
0.0000 0.3354
0.0000 0.3823
0.0000 -0.1634
0.0000 1.0367
0.0000 0.6783
0.0000 0.8626
0.0000 0.2350
0.0000 0.6904
0.0000 1.2084
0.0000 0.7838
0.0000 0.4535
0.0000 0.4238
0.0000 0.4662
0.0000 1.8459
0.0000 0.5728
0.0000 0.9208
0.0000 0.6365
0.0000 0.5831
0.0000 1.1460
0.0000 0.4921
0.0000 1.3460
0.0000 0.4707
0.0000 0.4574
0.0000 1.3265
0.0000 0.9573
0.0000 0.8609
0.0000 0.6586
0.0000 1.5439
0.0000 0.3908
0.0000 0.9888
0.0000 0.4585
0.0000 1.3616
0.0000 0.0677
0.0000 1.9907
0.0000 0.7394
0.0000 0.5889
0.0000 -0.2685
0.0000 0.4230
0.0000 0.7031
0.0000 0.4476
0.0000 0.3628
0.0000 0.8194
0.0000 2.1841
0.0000 1.3749
0.0000 0.9696
0.0000 1.9464
0.0000 0.3991
0.0000 1.5304
0.0000 1.4650
0.0000 0.3914
0.0000 0.1294
0.0000 1.0838
0.0000 1.0886
0.0000 1.7122
0.0000 0.9185
0.0000 0.6478
0.0000 1.8831
0.0000 -0.2897
0.0000 0.2103
0.0000 1.5180
0.0000 1.5354
0.0000 0.8341
0.0000 0.8377
0.0000 0.0739
0.0000 1.4024
0.0000 1.4389
0.0000 0.5608
0.0000 1.8412
0.0000 1.6150
0.0000 1.9720
0.0000 1.2017
0.0000 0.7808
0.0000 0.6812
0.0000 0.7660
0.0000 0.5010
0.0000 2.4780
0.0000 1.4720
0.0000 1.3475
0.0000 0.4722
0.0000 1.2308
0.0000 0.9044
0.0000 0.3063
0.0000 1.5776
0.0000 0.2688
0.0000 1.7715
0.0000 0.5665
0.0000 0.9684
0.0000 0.8512
0.0000 1.1182
0.0000 1.7181
0.0000 1.6692
0.0000 1.3452
0.0000 0.7630
0.0000 1.4409
0.0000 0.3948
0.0000 0.6001
0.0000 1.1163
0.0000 1.5109
0.0000 0.8579
0.0000 0.2054
0.0000 0.9334
0.0000 0.7475
0.0000 0.2239
0.0000 1.0502
0.0000 0.8207
0.0000 0.8831
0.0000 0.9913
0.0000 0.3018
0.0000 0.8895
0.0000 0.3732
0.0000 0.3628
0.0000 1.4908
0.0000 0.4593
0.0000 0.6111
0.0000 1.2406
0.0000 0.4099
0.0000 1.1427
0.0000 1.2679
0.0000 0.3884
0.0000 0.9108
0.0000 1.0482
0.0000 1.1104
0.0000 0.9996
0.0000 0.7698
0.0000 0.8503
0.0000 0.3903
0.0000 0.5625
0.0000 0.3865
0.0000 -1.0607
0.0000 1.0353
0.0000 0.0060
0.0000 0.7356
0.0000 1.5128
0.0000 0.7224
0.0000 1.1363
0.0000 0.6701
0.0000 1.1427
0.0000 0.4515
0.0000 0.1611
0.0000 1.1788
0.0000 0.3197
0.0000 1.3024
0.0000 0.9996
0.0000 0.6770
0.0000 0.9469
0.0000 1.6220
0.0000 0.6706
0.0000 0.9551
0.0000 0.8945
0.0000 0.1522
0.0000 0.1911
0.0000 1.3040
0.0000 0.4412
0.0000 0.0304
0.0000 -0.0388
0.0000 0.6521
0.0000 0.6339
0.0000 0.4744
0.0000 0.7956
0.0000 1.9961
0.0000 1.1793
0.0000 0.4143
0.0000 1.4708
0.0000 0.2622
0.0000 1.1379
0.0000 1.4062
0.0000 0.1579
0.0000 1.0256
0.0000 0.4101
0.0000 0.3794
0.0000 1.1851
0.0000 0.7031
0.0000 0.3780
0.0000 1.7525
0.0000 1.4846
0.0000 1.4332
0.0000 1.6405
0.0000 1.2873
0.0000 1.8680
0.0000 -0.0784
0.0000 0.8776
0.0000 -0.2640
0.0000 1.9105
0.0000 1.7583
0.0000 0.2402
0.0000 0.4640
0.0000 0.3092
0.0000 1.2950
0.0000 0.2219
0.0000 0.9870
0.0000 -0.2318
0.0000 2.2971
0.0000 1.0164
0.0000 2.8170
0.0000 0.8971
0.0000 0.6264
0.0000 1.4872
0.0000 1.0633
0.0000 0.7476
0.0000 1.1619
0.0000 0.6079
0.0000 0.4362
0.0000 1.9236
0.0000 1.3922
0.0000 0.8568
0.0000 0.6904
0.0000 1.4738
0.0000 0.6889
0.0000 0.8772
0.0000 0.4797
0.0000 1.0288
0.0000 1.6004
0.0000 0.1231
0.0000 2.0014
0.0000 1.3524
0.0000 1.0449
0.0000 0.7894
0.0000 1.6549
0.0000 0.3904
0.0000 1.6084
0.0000 1.1800
0.0000 0.4938
0.0000 0.5825
0.0000 -0.5829
0.0000 1.2016
0.0000 1.3640
0.0000 0.9265
0.0000 0.9994
0.0000 1.4929
0.0000 0.3270
0.0000 1.6933
0.0000 1.3305
0.0000 0.6271
0.0000 1.0996
0.0000 1.3361
0.0000 0.0927
0.0000 0.9326
0.0000 0.7411
0.0000 1.3760
0.0000 0.4729
0.0000 0.6651
0.0000 0.6741
0.0000 0.7150
0.0000 0.1114
0.0000 0.1221
0.0000 0.8577
0.0000 1.6919
0.0000 1.4933
0.0000 0.4815
0.0000 1.2259
0.0000 1.2718
0.0000 0.5124
0.0000 -0.1616
0.0000 0.8814
0.0000 0.8134
0.0000 0.2971
0.0000 0.0618
0.0000 1.0876
0.0000 1.1684
0.0000 0.5148
0.0000 1.4604
0.0000 0.6026
0.0000 1.7264
0.0000 0.6461
0.0000 0.5913
0.0000 0.6417
0.0000 0.6700
0.0000 1.1610
0.0000 0.8293
0.0000 0.4766
0.0000 0.7897
0.0000 1.5011
0.0000 0.6303
0.0000 0.4301
0.0000 0.0438
0.0000 2.1143
0.0000 1.1271
0.0000 0.3880
0.0000 0.8684
0.0000 0.9263
0.0000 1.0350
0.0000 1.3976
0.0000 0.7211
0.0000 1.2579
0.0000 0.9338
0.0000 -0.0170
0.0000 2.4430
0.0000 1.0635
0.0000 1.8956
0.0000 1.1052
0.0000 0.9493
0.0000 2.5291
0.0000 1.4721
0.0000 0.4556
0.0000 0.5103
0.0000 1.7851
0.0000 0.7138
0.0000 -0.3740
0.0000 0.5495
0.0000 0.5647
0.0000 1.0483
0.0000 1.2523
0.0000 1.0497
0.0000 0.2916
0.0000 1.4754
0.0000 0.0853
0.0000 1.4403
0.0000 1.4806
0.0000 1.4432
0.0000 1.4754
0.0000 1.2787
0.0000 0.4911
0.0000 0.8321
0.0000 0.6641
0.0000 1.4009
0.0000 2.0632
0.0000 2.1810
0.0000 -0.5419
0.0000 0.8895
0.0000 0.5105
0.0000 0.3841
0.0000 0.2914
0.0000 0.5945
0.0000 1.2658
0.0000 1.3010
0.0000 0.4306
0.0000 0.9904
0.0000 1.4916
0.0000 0.0069
0.0000 1.6187
0.0000 0.0822
0.0000 0.4601
0.0000 0.1405
0.0000 1.1308
0.0000 0.4774
0.0000 0.2303
0.0000 1.0232
0.0000 0.0030
0.0000 0.0702
0.0000 1.1333
0.0000 1.6003
0.0000 1.5204
0.0000 -0.1333
0.0000 0.9524
0.0000 1.5868
0.0000 1.5752
0.0000 0.7732
0.0000 -0.0252
0.0000 1.4900
0.0000 1.0940
0.0000 0.3852
0.0000 1.2296
0.0000 0.4034
0.0000 2.0125
0.0000 0.4729
0.0000 1.5142
0.0000 0.9489
0.0000 -0.2893
0.0000 1.0698
0.0000 0.4235
0.0000 0.0272
0.0000 0.6241
0.0000 0.2392
0.0000 0.5902
0.0000 0.6290
0.0000 1.5648
0.0000 0.5342
0.0000 0.6345
0.0000 -0.0648
0.0000 0.9609
0.0000 1.4495
0.0000 0.8618
0.0000 0.9226
0.0000 -0.0792
0.0000 0.1139
0.0000 2.0412
0.0000 0.5038
0.0000 1.6164
0.0000 1.5071
0.0000 1.6100
0.0000 0.0577
0.0000 0.7462
0.0000 0.9479
0.0000 0.7702
0.0000 0.6589
0.0000 0.7040
0.0000 0.5240
0.0000 1.7409
0.0000 1.0964
0.0000 0.4940
0.0000 1.5143
0.0000 0.5165
0.0000 0.8134
0.0000 0.3706
0.0000 0.2779
0.0000 1.4324
0.0000 -0.0936
0.0000 0.4047
0.0000 0.5908
0.0000 1.0020
0.0000 1.8670
0.0000 0.8253
0.0000 1.3464
0.0000 0.8221
0.0000 1.1804
0.0000 0.1841
0.0000 1.8136
0.0000 0.9180
0.0000 0.3902
0.0000 0.2579
0.0000 1.9856
0.0000 1.0857
0.0000 1.5671
0.0000 0.4434
0.0000 1.1068
0.0000 1.3654
0.0000 1.1757
0.0000 1.8768
0.0000 -0.0974
0.0000 2.5370
0.0000 1.4044
0.0000 1.3181
0.0000 0.1075
0.0000 0.8018
0.0000 1.0512
0.0000 0.4655
0.0000 1.7280
0.0000 0.1233
0.0000 1.1635
0.0000 0.8480
0.0000 1.3260
0.0000 0.3209
0.0000 0.8252
0.0000 1.7071
0.0000 0.8558
0.0000 1.8356
0.0000 1.8996
0.0000 0.6613
0.0000 0.7680
0.0000 0.4804
0.0000 1.2816
0.0000 1.7790
0.0000 0.6167
0.0000 1.0345
0.0000 0.2625
0.0000 1.5218
0.0000 1.1241
0.0000 0.8396
0.0000 1.5637
0.0000 1.1998
0.0000 0.6453
0.0000 0.0287
0.0000 0.6750
0.0000 0.1226
0.0000 0.6533
0.0000 1.7931
0.0000 1.0786
0.0000 0.7293
0.0000 1.8716
0.0000 1.6544
0.0000 0.5747
0.0000 2.0544
0.0000 0.1390
0.0000 0.2258
0.0000 0.7765
0.0000 0.3347
0.0000 0.2559
0.0000 0.7499
0.0000 -0.1191
0.0000 -0.0448
0.0000 2.4561
0.0000 0.9198
0.0000 0.6201
0.0000 0.7479
0.0000 0.0355
0.0000 1.7692
0.0000 1.0278
0.0000 2.0486
0.0000 0.6274
0.0000 0.5742
0.0000 0.4394
0.0000 1.4630
0.0000 1.3660
0.0000 1.5957
0.0000 0.8530
0.0000 0.5710
0.0000 0.7792
0.0000 1.3928
0.0000 1.5407
0.0000 0.6287
0.0000 0.6668
0.0000 1.1509
0.0000 1.0816
0.0000 0.6084
0.0000 0.7711
0.0000 1.5542
0.0000 1.4816
0.0000 0.1728
0.0000 0.6364
0.0000 1.5195
0.0000 1.2674
0.0000 0.5913
0.0000 0.8712
0.0000 0.8035
0.0000 1.0564
0.0000 0.8260
0.0000 0.5903
0.0000 1.4465
0.0000 0.3443
0.0000 0.3197
0.0000 0.0691
0.0000 0.4704
0.0000 1.8968
0.0000 0.7755
0.0000 1.3273
0.0000 1.0916
0.0000 1.4534
0.0000 1.8607
0.0000 0.4458
0.0000 1.8908
0.0000 1.5055
0.0000 0.7199
0.0000 2.1327
0.0000 1.2236
0.0000 1.4997
0.0000 1.7287
0.0000 0.9087
0.0000 1.6349
0.0000 0.5318
0.0000 0.5000
0.0000 0.8905
0.0000 0.4252
0.0000 1.3870
0.0000 0.2422
0.0000 1.5891
0.0000 0.6943
0.0000 2.2164
0.0000 0.8021
0.0000 0.1410
0.0000 0.3995
0.0000 0.8794
0.0000 0.6958
0.0000 0.9600
0.0000 1.1127
0.0000 1.1846
0.0000 1.4003
0.0000 1.4849
0.0000 1.4490
0.0000 0.7153
0.0000 0.5141
0.0000 1.5837
0.0000 0.3030
0.0000 0.0519
0.0000 1.2663
0.0000 0.6640
0.0000 -0.1223
0.0000 0.7036
0.0000 1.0731
0.0000 0.9989
0.0000 0.3864
0.0000 1.4780
0.0000 0.3924
0.0000 1.0498
0.0000 1.0466
0.0000 0.6880
0.0000 1.0762
0.0000 -0.4562
0.0000 0.7932
0.0000 0.8014
0.0000 1.0003
0.0000 0.5025
0.0000 0.8448
0.0000 0.0467
0.0000 0.5739
0.0000 0.8665
0.0000 1.4327
0.0000 0.7808
0.0000 0.5718
0.0000 0.5612
0.0000 2.7691
0.0000 -0.2995
0.0000 1.2421
0.0000 0.8899
0.0000 1.1384
0.0000 1.2592
0.0000 0.7005
0.0000 0.6212
0.0000 1.4743
0.0000 0.7396
0.0000 0.9447
0.0000 2.0696
0.0000 0.9574
0.0000 2.1564
0.0000 1.5140
0.0000 0.3977
0.0000 1.2946
0.0000 1.7296
0.0000 0.5263
0.0000 1.2652
0.0000 0.6869
0.0000 1.2964
0.0000 0.6426
0.0000 0.0388
0.0000 0.6951
0.0000 1.3659
0.0000 1.5873
0.0000 1.2275
0.0000 0.3956
0.0000 1.3773
0.0000 0.8248
0.0000 -0.6346
0.0000 0.8036
0.0000 0.8021
0.0000 0.2527
0.0000 0.5022
0.0000 1.5554
0.0000 0.9918
0.0000 1.1590
0.0000 1.0674
0.0000 -0.2974
0.0000 0.9673
0.0000 0.8683
0.0000 1.0134
0.0000 -0.0792
0.0000 0.2959
0.0000 0.6054
0.0000 0.9679
0.0000 0.2581
0.0000 0.2736
0.0000 1.5260
0.0000 0.2149
0.0000 0.9959
0.0000 0.7364
0.0000 0.8717
0.0000 0.2006
0.0000 0.6676
0.0000 2.1805
0.0000 0.6458
0.0000 0.5892
0.0000 0.8728
0.0000 1.2021
0.0000 0.7542
0.0000 0.5644
0.0000 2.2247
0.0000 1.1821
0.0000 0.7245
0.0000 0.3874
0.0000 1.4220
0.0000 1.5729
0.0000 0.6032
0.0000 -0.2504
0.0000 0.2550
0.0000 1.1427
0.0000 0.9313
0.0000 1.1125
0.0000 1.6417
0.0000 0.9406
0.0000 0.0421
0.0000 1.2479
0.0000 0.9222
0.0000 1.6476
0.0000 1.3614
0.0000 0.8385
0.0000 1.8085
0.0000 0.7367
0.0000 0.9630
0.0000 0.9872
0.0000 0.5502
0.0000 0.3607
0.0000 1.3384
0.0000 0.0217
0.0000 0.5331
0.0000 -0.2256
0.0000 0.6481
0.0000 0.4901
0.0000 2.0970
0.0000 0.8208
0.0000 1.1795
0.0000 0.9613
0.0000 1.5316
0.0000 0.6135
0.0000 -0.4433
0.0000 0.5684
0.0000 0.8926
0.0000 1.6084
0.0000 1.6171
0.0000 0.2125
0.0000 1.3768
0.0000 0.9361
0.0000 0.6702
0.0000 1.3184
0.0000 1.7186
0.0000 0.6981
0.0000 1.9980
0.0000 1.0104
0.0000 -0.0889
0.0000 0.0446
0.0000 0.4026
0.0000 1.0105
0.0000 0.9996
0.0000 1.8548
0.0000 0.9701
0.0000 1.6124
0.0000 0.4725
0.0000 -0.0535
0.0000 1.4154
0.0000 1.5098
0.0000 1.0191
0.0000 2.5362
0.0000 1.6937
0.0000 0.5321
0.0000 0.1639
0.0000 0.1929
0.0000 1.8629
0.0000 1.3570
0.0000 0.0670
0.0000 2.0218
0.0000 0.9516
0.0000 1.3935
0.0000 2.1668
0.0000 0.6249
0.0000 1.7524
0.0000 0.9568
0.0000 1.6688
0.0000 0.1846
0.0000 1.1841
0.0000 2.1142
0.0000 0.7487
0.0000 1.0660
0.0000 1.2230
0.0000 0.9821
0.0000 1.0515
0.0000 1.6201
0.0000 1.4123
0.0000 0.3466
0.0000 0.3564
0.0000 0.5542
0.0000 0.1144
0.0000 0.1579
0.0000 1.2294
0.0000 1.2074
0.0000 0.1084
0.0000 -0.0982
0.0000 0.7343
0.0000 1.1332
0.0000 -0.1976
0.0000 1.1545
0.0000 0.7954
0.0000 1.0352
0.0000 0.9797
0.0000 0.8961
0.0000 0.5152
0.0000 1.1032
0.0000 0.1915
0.0000 1.0992
0.0000 0.7863
0.0000 0.4515
0.0000 2.6134
0.0000 1.2297
0.0000 0.6292
0.0000 1.7642
0.0000 0.8223
0.0000 1.4167
0.0000 0.7216
0.0000 2.0050
0.0000 1.1069
0.0000 0.4214
0.0000 1.3287
0.0000 0.0134
0.0000 1.4705
0.0000 0.8152
0.0000 0.8434
0.0000 2.1336
0.0000 1.1399
0.0000 0.0247
0.0000 0.5865
0.0000 1.1616
0.0000 1.7896
0.0000 0.9152
0.0000 0.0008
0.0000 0.8366
0.0000 -0.1043
0.0000 1.3137
0.0000 0.8063
0.0000 1.0717
0.0000 -0.0710
0.0000 1.3371
0.0000 0.6139
0.0000 1.1772
0.0000 0.8444
0.0000 0.8289
0.0000 0.6916
0.0000 0.6411
0.0000 0.6917
0.0000 1.1373
0.0000 1.5917
0.0000 1.5336
0.0000 1.2130
0.0000 0.9351
0.0000 1.9402
0.0000 -0.1066
0.0000 0.5652
0.0000 1.0730
0.0000 1.3905
0.0000 1.5771
0.0000 0.5548
0.0000 1.4470
0.0000 0.3714
0.0000 1.2349
0.0000 1.4147
0.0000 0.8619
0.0000 0.4034
0.0000 0.7036
0.0000 0.7197
0.0000 1.6343
0.0000 1.2239
0.0000 1.3264
0.0000 1.3050
0.0000 1.4376
0.0000 1.4224
0.0000 1.8626
0.0000 0.6716
0.0000 0.8990
0.0000 0.4030
0.0000 1.0663
0.0000 0.7205
0.0000 0.3397
0.0000 1.2946
0.0000 0.3168
0.0000 0.8775
0.0000 0.9593
0.0000 0.3602
0.0000 1.5884
0.0000 1.1194
0.0000 0.7528
0.0000 1.6549
0.0000 1.6793
0.0000 0.7376
0.0000 2.1733
0.0000 0.8633
0.0000 -0.4009
0.0000 1.2129
0.0000 0.5036
0.0000 1.4572
0.0000 1.2932
0.0000 -0.1003
0.0000 0.4032
0.0000 1.2245
0.0000 0.7755
0.0000 0.6499
0.0000 0.9197
0.0000 0.6554
0.0000 0.8301
0.0000 0.4270
0.0000 0.6673
0.0000 1.1782
0.0000 1.7421
0.0000 1.6793
0.0000 0.9424
0.0000 1.5752
0.0000 1.4377
0.0000 1.4856
0.0000 0.7953
0.0000 1.5574
0.0000 1.2201
0.0000 0.4979
0.0000 0.5692
0.0000 2.2728
0.0000 0.5949
0.0000 0.6056
0.0000 1.4165
0.0000 0.5615
0.0000 1.1099
0.0000 1.3614
0.0000 0.2849
0.0000 1.1365
0.0000 0.6656
0.0000 0.2872
0.0000 0.6205
0.0000 1.2541
0.0000 0.6922
0.0000 1.8388
0.0000 0.5024
0.0000 0.1572
0.0000 0.9547
0.0000 2.1637
0.0000 0.3262
0.0000 0.2623
0.0000 1.1718
0.0000 -0.3345
0.0000 1.3988
0.0000 1.1896
0.0000 2.0666
0.0000 1.6419
0.0000 0.4818
0.0000 0.8228
0.0000 0.7885
0.0000 1.7234
0.0000 0.5533
0.0000 1.1358
0.0000 0.9246
0.0000 1.7206
0.0000 1.2298
0.0000 1.4062
0.0000 1.8144
0.0000 1.1923
0.0000 0.5528
0.0000 0.8660
0.0000 0.1916
0.0000 0.9872
0.0000 0.0513
0.0000 0.8781
0.0000 0.3533
0.0000 0.6882
0.0000 0.2251
0.0000 -0.1470
0.0000 0.9964
0.0000 0.9207
0.0000 -0.1172
0.0000 0.0393
0.0000 0.5989
0.0000 1.6253
0.0000 -0.0353
0.0000 0.2832
0.0000 0.4766
0.0000 1.1074
0.0000 0.7492
0.0000 0.5898
0.0000 0.5243
0.0000 0.4102
0.0000 1.1013
0.0000 1.2705
0.0000 0.5829
0.0000 1.4388
0.0000 0.6588
0.0000 1.7865
0.0000 0.6649
0.0000 1.7712
0.0000 1.2148
0.0000 1.0251
0.0000 0.0284
0.0000 1.2234
0.0000 0.8264
0.0000 0.6863
0.0000 0.5342
0.0000 1.4459
0.0000 0.6125
0.0000 0.6854
0.0000 2.0717
0.0000 0.7975
0.0000 1.7286
0.0000 1.5723
0.0000 1.9308
0.0000 0.3058
0.0000 0.9212
0.0000 2.1405
0.0000 0.4620
0.0000 2.4311
0.0000 1.2185
0.0000 0.5369
0.0000 1.1236
0.0000 0.8352
0.0000 0.1788
0.0000 1.2356
0.0000 1.5760
0.0000 0.6010
0.0000 0.0923
0.0000 0.1920
0.0000 0.1892
0.0000 1.6118
0.0000 0.2510
0.0000 1.0755
0.0000 0.1113
0.0000 0.2563
0.0000 0.8613
0.0000 2.4550
0.0000 1.1476
0.0000 1.4084
0.0000 0.4553
0.0000 1.3644
0.0000 0.5043
0.0000 1.3608
0.0000 1.2034
0.0000 1.1907
0.0000 0.3889
0.0000 0.4710
0.0000 0.8181
0.0000 0.3739
0.0000 0.4600
0.0000 1.0333
0.0000 0.3616
0.0000 1.7743
0.0000 0.0612
0.0000 0.8669
0.0000 1.3052
0.0000 1.5762
0.0000 0.3824
0.0000 0.7809
0.0000 1.0533
0.0000 1.1792
0.0000 1.4324
0.0000 0.8901
0.0000 1.2347
0.0000 1.5490
0.0000 1.3372
0.0000 0.7068
0.0000 -0.0797
0.0000 1.6973
0.0000 1.0422
0.0000 1.0747
0.0000 1.4621
0.0000 0.5833
0.0000 0.7215
0.0000 1.7554
0.0000 -0.2620
0.0000 0.4395
0.0000 1.2017
0.0000 0.0211
0.0000 1.4702
0.0000 -0.1859
0.0000 0.7410
0.0000 0.8748
0.0000 1.1390
0.0000 1.3676
0.0000 0.9125
0.0000 1.9858
0.0000 -0.0184
0.0000 2.3542
0.0000 1.0538
0.0000 0.0617
0.0000 0.1610
0.0000 1.1397
0.0000 1.5023
0.0000 1.2387
0.0000 -0.5743
0.0000 -0.2710
0.0000 0.2560
0.0000 0.7643
0.0000 1.2557
0.0000 -0.1473
0.0000 -0.2326
0.0000 1.9236
0.0000 -0.2083
0.0000 1.2274
0.0000 0.1842
0.0000 1.4196
0.0000 -0.0131
0.0000 1.5255
0.0000 0.2711
0.0000 0.4923
0.0000 0.8910
0.0000 0.5946
0.0000 0.4016
0.0000 -0.3764
0.0000 0.6748
0.0000 0.4593
0.0000 0.6961
0.0000 0.7181
0.0000 0.8050
0.0000 0.1291
0.0000 1.3447
0.0000 0.9045
0.0000 -0.1183
0.0000 0.3156
0.0000 0.6166
0.0000 1.2602
0.0000 0.2901
0.0000 1.1867
0.0000 1.1888
0.0000 0.9016
0.0000 0.7882
0.0000 0.3225
0.0000 1.8338
0.0000 0.8208
0.0000 1.1121
0.0000 1.2477
0.0000 0.4739
0.0000 1.3568
0.0000 0.6575
0.0000 0.9466
0.0000 0.9715
0.0000 1.5187
0.0000 0.5749
0.0000 0.3784
0.0000 0.8175
0.0000 0.8070
0.0000 0.5479
0.0000 0.8467
0.0000 0.4414
0.0000 0.2332
0.0000 0.3878
0.0000 0.7630
0.0000 0.5201
0.0000 1.2136
0.0000 1.4369
0.0000 0.1561
0.0000 1.6669
0.0000 1.1716
0.0000 1.8845
0.0000 0.5361
0.0000 1.4580
0.0000 0.9877
0.0000 0.7011
0.0000 1.2735
0.0000 1.4064
0.0000 1.4965
0.0000 1.5422
0.0000 0.1523
0.0000 0.7729
0.0000 -0.1623
0.0000 0.8839
0.0000 1.2299
0.0000 0.7038
0.0000 1.3605
0.0000 1.4512
0.0000 0.6786
0.0000 1.4092
0.0000 1.0345
0.0000 1.6327
0.0000 1.1483
0.0000 0.8951
0.0000 1.2167
0.0000 1.4692
0.0000 0.1939
0.0000 0.5335
0.0000 1.1442
0.0000 1.3546
0.0000 2.0950
0.0000 0.3929
0.0000 0.8208
0.0000 1.4718
0.0000 1.1413
0.0000 2.5232
0.0000 0.5398
0.0000 0.6835
0.0000 0.6699
0.0000 0.4785
0.0000 0.2111
0.0000 1.1646
0.0000 0.2684
0.0000 0.4452
0.0000 -0.1691
0.0000 1.0393
0.0000 0.8403
0.0000 0.7789
0.0000 1.4833
0.0000 0.7931
0.0000 1.0176
0.0000 1.1956
0.0000 0.3620
0.0000 -0.1900
0.0000 1.6771
0.0000 0.6682
0.0000 0.8532
0.0000 0.7473
0.0000 0.9029
0.0000 1.3030
0.0000 1.3498
0.0000 1.5986
0.0000 0.9148
0.0000 0.1293
0.0000 0.7851
0.0000 -0.3988
0.0000 1.5545
0.0000 -0.5077
0.0000 0.7102
0.0000 0.9137
0.0000 0.4193
0.0000 1.4402
0.0000 0.3951
0.0000 1.5096
0.0000 0.9350
0.0000 0.8377
0.0000 0.6446
0.0000 0.5573
0.0000 0.5267
0.0000 0.2354
0.0000 1.2899
0.0000 1.0160
0.0000 0.4473
0.0000 1.5460
0.0000 0.8348
0.0000 0.6019
0.0000 1.8546
0.0000 0.2980
0.0000 0.7689
0.0000 1.5390
0.0000 1.4233
0.0000 0.6015
0.0000 1.9247
0.0000 0.2588
0.0000 0.6572
0.0000 0.8237
0.0000 1.1605
0.0000 0.4083
0.0000 2.1741
0.0000 0.0619
0.0000 1.6684
0.0000 0.7820
0.0000 1.8851
0.0000 1.9590
0.0000 1.2264
0.0000 0.7238
0.0000 -0.0267
0.0000 0.8092
0.0000 1.0349
0.0000 0.7647
0.0000 1.6609
0.0000 0.4620
0.0000 0.8141
0.0000 0.9010
0.0000 -0.1848
0.0000 1.5013
0.0000 0.6061
0.0000 2.0185
0.0000 1.1803
0.0000 1.0329
0.0000 0.7465
0.0000 1.1318
0.0000 0.8503
0.0000 -0.0740
0.0000 1.1766
0.0000 0.6152
0.0000 1.3618
0.0000 0.5679
0.0000 1.7529
0.0000 0.9811
0.0000 0.9435
0.0000 1.9744
0.0000 1.0098
0.0000 0.8348
0.0000 0.0345
0.0000 0.8875
0.0000 1.5889
0.0000 0.6570
0.0000 0.3894
0.0000 0.7956
0.0000 1.7193
0.0000 0.9802
0.0000 0.5752
0.0000 0.6811
0.0000 0.4664
0.0000 0.4996
0.0000 1.1897
0.0000 1.2972
0.0000 1.4428
0.0000 0.5868
0.0000 0.7760
0.0000 0.5648
0.0000 0.0935
0.0000 1.4351
0.0000 1.1166
0.0000 0.9288
0.0000 1.2895
0.0000 0.5415
0.0000 0.6731
0.0000 1.3341
0.0000 0.7564
0.0000 1.5313
0.0000 0.8826
0.0000 1.1701
0.0000 -0.1804
0.0000 1.0677
0.0000 0.9751
0.0000 0.8851
0.0000 0.8749
0.0000 0.0522
0.0000 2.0120
0.0000 1.5326
0.0000 -0.3726
0.0000 1.3168
0.0000 1.1845
0.0000 0.9549
0.0000 2.0703
0.0000 0.3941
0.0000 0.6964
0.0000 1.5787
0.0000 0.5752
0.0000 1.5580
0.0000 0.4666
0.0000 -0.8991
0.0000 0.3613
0.0000 -0.0997
0.0000 1.1670
0.0000 -0.3180
0.0000 0.7447
0.0000 -0.8078
0.0000 0.3202
0.0000 0.9684
0.0000 0.8354
0.0000 0.2346
0.0000 0.1478
0.0000 0.0015
0.0000 0.8652
0.0000 1.8818
0.0000 1.4442
0.0000 2.6576
0.0000 0.2525
0.0000 0.6916
0.0000 0.8897
0.0000 0.4153
0.0000 1.3360
0.0000 0.3181
0.0000 1.2476
0.0000 0.9882
0.0000 1.1584
0.0000 0.3835
0.0000 1.5507
0.0000 2.0402
0.0000 0.8125
0.0000 -0.6529
0.0000 0.2859
0.0000 1.5341
0.0000 0.0596
0.0000 1.0445
0.0000 0.6187
0.0000 1.5131
0.0000 1.6534
0.0000 2.1026
0.0000 1.2473
0.0000 0.4565
0.0000 1.7714
0.0000 0.2674
0.0000 0.5771
0.0000 0.6660
0.0000 1.6811
0.0000 -0.7168
0.0000 0.8353
0.0000 1.0040
0.0000 0.6507
0.0000 1.7910
0.0000 0.7813
0.0000 1.1565
0.0000 1.3060
0.0000 1.3155
0.0000 0.3315
0.0000 0.6306
0.0000 1.2324
0.0000 0.5707
0.0000 0.9125
0.0000 0.7225
0.0000 1.3788
0.0000 1.6579
0.0000 0.2287
0.0000 1.1972
0.0000 1.5994
0.0000 -0.1542
0.0000 1.7493
0.0000 0.9886
0.0000 0.7367
0.0000 0.8047
0.0000 0.9240
0.0000 1.2454
0.0000 0.5046
0.0000 1.3986
0.0000 0.6260
0.0000 0.7194
0.0000 0.4621
0.0000 -0.2601
0.0000 1.3710
0.0000 0.7406
0.0000 -0.5200
0.0000 0.6994
0.0000 0.9511
0.0000 1.1989
0.0000 1.3688
0.0000 0.0894
0.0000 0.6401
0.0000 0.1814
0.0000 -0.1850
0.0000 0.5770
0.0000 1.4134
0.0000 0.5462
0.0000 0.1653
0.0000 -0.1421
0.0000 1.0940
0.0000 0.4395
0.0000 1.5280
0.0000 1.2524
0.0000 1.1312
0.0000 1.4839
0.0000 0.2880
0.0000 -0.2100
0.0000 -0.2517
0.0000 0.4610
0.0000 0.5992
0.0000 0.4231
0.0000 1.1373
0.0000 1.1484
0.0000 0.9668
0.0000 0.3103
0.0000 0.3072
0.0000 1.2411
0.0000 2.0709
0.0000 0.7948
0.0000 0.0773
0.0000 1.3492
0.0000 1.0453
0.0000 -0.3256
0.0000 0.6472
0.0000 1.1520
0.0000 0.6102
0.0000 0.4625
0.0000 0.2484
0.0000 0.3256
0.0000 0.8614
0.0000 0.1771
0.0000 0.0608
0.0000 1.7589
0.0000 1.1934
0.0000 1.0201
0.0000 1.2495
0.0000 1.9018
0.0000 0.5260
0.0000 1.4823
0.0000 0.8368
0.0000 0.5664
0.0000 1.1438
0.0000 1.6547
0.0000 1.4766
0.0000 1.8223
0.0000 0.5176
0.0000 -0.3472
0.0000 -0.0924
0.0000 0.8764
0.0000 0.1810
0.0000 0.3008
0.0000 0.7938
0.0000 -0.0063
0.0000 0.5890
0.0000 0.8758
0.0000 1.1155
0.0000 0.1667
0.0000 -0.3453
0.0000 1.1561
0.0000 1.5576
0.0000 0.6879
0.0000 0.9423
0.0000 0.9819
0.0000 0.5345
0.0000 1.0855
0.0000 0.7678
0.0000 0.0988
0.0000 0.3486
0.0000 -0.2902
0.0000 0.8262
0.0000 0.6302
0.0000 0.8023
0.0000 1.4704
0.0000 1.3306
0.0000 0.4896
0.0000 1.8546
0.0000 -0.1526
0.0000 0.6731
0.0000 1.2048
0.0000 1.5671
0.0000 0.6145
0.0000 0.8827
0.0000 1.9681
0.0000 -0.4546
0.0000 1.3588
0.0000 0.9495
0.0000 0.6652
0.0000 0.7930
0.0000 1.8377
0.0000 0.4310
0.0000 0.8674
0.0000 1.1885
0.0000 0.6967
0.0000 -0.2277
0.0000 1.3801
0.0000 0.2722
0.0000 0.5735
0.0000 1.2487
0.0000 0.2683
0.0000 0.6766
0.0000 0.4389
0.0000 0.1406
0.0000 0.7380
0.0000 1.7623
0.0000 0.4443
0.0000 1.2093
0.0000 0.0820
0.0000 0.4999
0.0000 1.1160
0.0000 0.3932
0.0000 1.0095
0.0000 1.3776
0.0000 0.9900
0.0000 0.4974
0.0000 0.5521
0.0000 -0.2955
0.0000 1.2383
0.0000 0.6051
0.0000 0.6545
0.0000 0.6846
0.0000 0.1746
0.0000 1.1670
0.0000 0.4594
0.0000 0.6606
0.0000 0.4138
0.0000 1.5271
0.0000 0.9298
0.0000 0.7743
0.0000 0.9054
0.0000 0.7269
0.0000 -0.0016
0.0000 1.3121
0.0000 1.7589
0.0000 1.5431
0.0000 1.0019
0.0000 0.9597
0.0000 0.4964
0.0000 0.7880
0.0000 1.4519
0.0000 -0.1640
0.0000 0.3726
0.0000 1.4715
0.0000 1.5527
0.0000 -0.1617
0.0000 1.5176
0.0000 1.7917
0.0000 0.7112
0.0000 0.0128
0.0000 -0.0481
0.0000 -0.6387
0.0000 1.1109
0.0000 0.1770
0.0000 1.0557
0.0000 0.5039
0.0000 0.3812
0.0000 1.9002
0.0000 1.3345
0.0000 1.7153
0.0000 2.6150
0.0000 0.4309
0.0000 1.2640
0.0000 0.0266
0.0000 1.7044
0.0000 1.1611
0.0000 1.4295
0.0000 0.8106
0.0000 0.3188
0.0000 0.8851
0.0000 1.8698
0.0000 0.8741
0.0000 1.9151
0.0000 0.3805
0.0000 1.4097
0.0000 1.3957
0.0000 0.2298
0.0000 1.3106
0.0000 0.9620
0.0000 -0.5184
0.0000 0.8912
0.0000 0.4032
0.0000 -0.0687
0.0000 0.7644
0.0000 1.1498
0.0000 0.0658
0.0000 0.9781
0.0000 0.1354
0.0000 0.3260
0.0000 1.2294
0.0000 1.7636
0.0000 0.6291
0.0000 0.4222
0.0000 1.6780
0.0000 2.7312
0.0000 2.2266
0.0000 0.7556
0.0000 0.2220
0.0000 0.2899
0.0000 0.8092
0.0000 1.0214
0.0000 0.0177
0.0000 0.2404
0.0000 0.8574
0.0000 0.9089
0.0000 0.5809
0.0000 1.5592
0.0000 0.4955
0.0000 2.3476
0.0000 1.2053
0.0000 2.0736
0.0000 0.5119
0.0000 1.0912
0.0000 1.9256
0.0000 0.8912
0.0000 1.7934
0.0000 0.9507
0.0000 1.0327
0.0000 0.1520
0.0000 0.8279
0.0000 1.6209
0.0000 0.7143
0.0000 0.3370
0.0000 1.0678
0.0000 1.8669
0.0000 0.8930
0.0000 1.6623
0.0000 1.6071
0.0000 0.7164
0.0000 0.5408
0.0000 0.2942
0.0000 0.3623
0.0000 0.0922
0.0000 2.0645
0.0000 1.6929
0.0000 -0.0899
0.0000 0.0345
0.0000 0.5887
0.0000 1.0643
0.0000 0.5155
0.0000 1.8794
0.0000 0.7930
0.0000 0.9316
0.0000 1.8060
0.0000 1.0216
0.0000 0.8294
0.0000 0.8476
0.0000 0.9200
0.0000 -0.2736
0.0000 -0.1933
0.0000 0.1552
0.0000 -0.5492
0.0000 1.3542
0.0000 0.5826
0.0000 0.5810
0.0000 -0.1453
0.0000 0.0650
0.0000 0.3311
0.0000 0.0952
0.0000 0.4219
0.0000 0.3828
0.0000 1.8049
0.0000 1.0288
0.0000 0.3162
0.0000 0.4765
0.0000 1.2943
0.0000 0.8752
0.0000 1.3773
0.0000 1.3625
0.0000 0.3534
0.0000 1.7745
0.0000 0.7410
0.0000 0.4057
0.0000 1.0712
0.0000 2.1700
0.0000 0.8288
0.0000 1.4900
0.0000 0.4130
0.0000 1.7098
0.0000 0.7455
0.0000 0.3283
0.0000 1.1127
0.0000 0.7904
0.0000 0.5342
0.0000 0.8906
0.0000 0.6055
0.0000 2.1746
0.0000 1.5916
0.0000 -0.7844
0.0000 -0.0944
0.0000 1.3572
0.0000 1.4321
0.0000 0.1386
0.0000 1.4616
0.0000 1.0027
0.0000 0.6178
0.0000 0.9072
0.0000 1.3748
0.0000 0.6480
0.0000 0.9359
0.0000 0.9562
0.0000 0.5820
0.0000 0.6410
0.0000 -0.4247
