11.0000 11.2618
11.0000 11.5057
11.0000 10.8682
11.0000 11.9498
11.0000 11.7463
11.0000 11.2563
11.0000 11.0722
11.0000 11.3221
11.0000 10.9814
11.0000 10.8611
11.0000 11.1981
11.0000 11.8457
11.0000 10.6887
11.0000 11.5807
11.0000 11.2019
11.0000 11.0821
11.0000 11.2276
11.0000 10.5831
11.0000 10.3396
11.0000 11.6497
11.0000 10.9252
11.0000 11.4824
11.0000 11.8907
11.0000 11.3364
11.0000 10.5552
11.0000 12.4128
11.0000 10.5283
11.0000 10.9977
11.0000 10.2359
11.0000 11.4985
11.0000 11.6384
11.0000 11.9262
11.0000 11.3026
11.0000 10.6838
11.0000 11.1292
11.0000 11.7484
11.0000 11.0364
11.0000 11.8020
11.0000 10.8868
11.0000 10.6263
11.0000 10.0686
11.0000 12.3442
11.0000 10.5149
11.0000 11.9562
11.0000 11.3322
11.0000 11.0206
11.0000 11.5439
11.0000 12.2724
11.0000 11.9642
11.0000 10.9833
11.0000 11.2842
11.0000 11.2274
11.0000 10.8320
11.0000 11.3707
11.0000 12.2456
11.0000 9.9233
11.0000 10.5177
11.0000 11.4592
11.0000 9.6877
11.0000 11.6261
11.0000 10.6788
11.0000 10.9865
11.0000 10.9711
11.0000 10.5049
11.0000 10.6750
11.0000 10.8084
11.0000 11.9449
11.0000 11.1484
11.0000 10.9818
11.0000 11.3601
11.0000 11.0094
11.0000 11.4615
11.0000 11.2315
11.0000 10.7317
11.0000 10.6864
11.0000 10.2562
11.0000 10.7999
11.0000 11.7343
11.0000 11.1444
11.0000 12.1132
11.0000 12.0554
11.0000 10.2583
11.0000 11.0822
11.0000 10.5482
11.0000 10.8154
11.0000 10.9736
11.0000 11.5043
11.0000 10.2355
11.0000 11.1500
11.0000 10.7289
11.0000 10.5795
11.0000 11.3023
11.0000 10.4225
11.0000 11.2311
11.0000 10.9392
11.0000 11.3013
11.0000 11.2069
11.0000 12.2515
11.0000 10.8165
11.0000 11.7484
11.0000 10.9171
11.0000 11.0857
11.0000 11.4483
11.0000 10.9952
11.0000 11.2443
11.0000 10.6346
11.0000 10.0753
11.0000 11.2603
11.0000 11.2875
11.0000 11.6581
11.0000 11.7062
11.0000 10.2638
11.0000 11.3554
11.0000 11.4089
11.0000 10.5880
11.0000 10.2886
11.0000 10.7500
11.0000 11.6714
11.0000 11.4779
11.0000 11.9354
11.0000 11.1607
11.0000 10.1346
11.0000 11.2823
11.0000 10.9984
11.0000 10.4915
11.0000 11.4900
11.0000 11.3681
11.0000 10.7298
11.0000 11.1923
11.0000 10.2636
11.0000 11.4494
11.0000 11.3985
11.0000 10.8867
11.0000 11.5613
11.0000 10.3996
11.0000 11.5004
11.0000 10.8978
11.0000 12.0490
11.0000 10.4859
11.0000 11.4424
11.0000 10.2903
11.0000 11.1631
11.0000 10.7339
11.0000 11.4927
11.0000 11.0163
11.0000 12.5927
11.0000 10.4896
11.0000 10.5360
11.0000 11.4637
11.0000 11.0755
11.0000 10.9037
11.0000 11.0276
11.0000 11.3241
11.0000 10.8908
11.0000 10.1410
11.0000 11.7366
11.0000 11.6180
11.0000 11.6309
11.0000 11.2720
11.0000 10.4066
11.0000 11.4186
11.0000 11.9119
11.0000 11.1485
11.0000 9.9499
11.0000 11.5042
11.0000 12.0319
11.0000 10.9086
11.0000 10.0080
11.0000 11.0534
11.0000 11.1628
11.0000 10.5168
11.0000 11.1310
11.0000 11.2950
11.0000 11.1258
11.0000 12.2443
11.0000 11.2205
11.0000 11.5056
11.0000 10.3890
11.0000 10.6641
11.0000 12.0598
11.0000 11.2002
11.0000 11.7386
11.0000 11.6780
11.0000 11.7597
11.0000 10.8401
11.0000 11.6366
11.0000 10.7105
11.0000 11.0854
11.0000 10.8440
11.0000 11.3951
11.0000 11.2021
11.0000 10.3366
11.0000 12.1092
11.0000 11.5777
11.0000 11.2028
11.0000 11.0337
11.0000 10.7699
11.0000 10.5867
11.0000 11.1392
11.0000 10.7049
11.0000 10.0798
11.0000 12.0373
11.0000 11.7683
11.0000 11.4883
11.0000 11.4020
11.0000 11.7147
11.0000 11.6421
11.0000 11.5183
11.0000 10.5998
11.0000 11.3888
11.0000 11.2287
11.0000 10.3945
11.0000 11.6660
11.0000 10.2893
11.0000 12.3303
11.0000 10.8938
11.0000 11.3701
11.0000 11.5004
11.0000 10.6149
11.0000 11.5060
11.0000 10.8173
11.0000 10.8082
11.0000 11.3878
11.0000 10.8689
11.0000 11.7816
11.0000 10.8696
11.0000 10.7519
11.0000 10.8670
11.0000 12.2677
11.0000 11.3229
11.0000 11.1312
11.0000 10.7716
11.0000 10.5080
11.0000 11.5913
11.0000 11.0268
11.0000 11.2146
11.0000 11.0588
11.0000 11.6094
11.0000 11.2638
11.0000 11.2831
11.0000 11.4102
11.0000 11.0546
11.0000 9.9746
11.0000 11.0071
11.0000 11.3037
11.0000 11.1042
11.0000 12.0591
11.0000 10.9288
11.0000 10.6774
11.0000 11.6539
11.0000 11.0706
11.0000 11.0199
11.0000 11.3317
11.0000 11.2038
11.0000 10.5810
11.0000 11.2938
11.0000 10.8256
11.0000 12.5213
11.0000 11.0760
11.0000 10.8868
11.0000 11.7539
11.0000 11.0378
11.0000 11.2372
11.0000 11.1127
11.0000 11.2490
11.0000 11.4426
11.0000 11.3822
11.0000 11.4466
11.0000 11.0562
11.0000 11.7502
11.0000 10.6634
11.0000 11.4225
11.0000 11.3624
11.0000 11.6998
11.0000 11.0772
11.0000 11.9925
11.0000 12.2692
11.0000 11.1967
11.0000 10.8376
11.0000 11.7181
11.0000 10.7270
11.0000 11.5690
11.0000 10.0407
11.0000 10.4559
11.0000 11.0770
11.0000 12.0332
11.0000 11.0420
11.0000 11.9247
11.0000 11.6202
11.0000 10.8343
11.0000 11.2858
11.0000 10.8982
11.0000 10.9689
11.0000 10.7083
11.0000 11.5997
11.0000 11.0631
11.0000 10.6480
11.0000 10.8783
11.0000 10.7896
11.0000 11.1054
11.0000 10.7180
11.0000 10.4782
11.0000 10.2303
11.0000 11.4265
11.0000 11.5737
11.0000 10.7245
11.0000 11.2863
11.0000 11.0748
11.0000 11.7061
11.0000 11.0873
11.0000 10.0014
11.0000 11.0776
11.0000 10.8417
11.0000 11.1358
11.0000 10.7502
11.0000 11.9336
11.0000 10.6047
11.0000 11.0785
11.0000 11.3876
11.0000 11.7917
11.0000 10.8025
11.0000 12.0513
11.0000 11.7455
11.0000 10.8131
11.0000 11.2693
11.0000 11.6916
11.0000 11.4133
11.0000 12.3638
11.0000 10.1821
11.0000 11.4796
11.0000 11.1557
11.0000 10.8405
11.0000 9.9727
11.0000 11.3453
11.0000 11.4004
11.0000 10.8615
11.0000 10.4867
11.0000 10.4307
11.0000 11.3308
11.0000 11.3234
11.0000 11.1208
11.0000 11.1438
11.0000 10.9792
11.0000 10.2741
11.0000 11.3190
11.0000 11.7326
11.0000 11.5760
11.0000 9.9147
11.0000 12.0450
11.0000 11.0894
11.0000 10.8296
11.0000 10.5163
11.0000 11.2537
11.0000 12.1338
11.0000 11.8259
11.0000 11.5687
11.0000 12.9379
11.0000 10.3699
11.0000 10.8994
11.0000 11.0954
11.0000 10.9962
11.0000 10.5325
11.0000 11.4130
11.0000 11.1562
11.0000 11.4028
11.0000 11.9192
11.0000 10.1885
11.0000 11.1351
11.0000 11.3199
11.0000 11.2129
11.0000 11.0074
11.0000 10.8064
11.0000 12.6882
11.0000 10.9795
11.0000 11.1626
11.0000 11.3679
11.0000 11.3825
11.0000 11.9633
11.0000 10.8166
11.0000 10.3821
11.0000 10.6367
11.0000 11.5205
11.0000 12.1126
11.0000 11.2528
11.0000 11.2463
11.0000 11.6926
11.0000 11.4269
11.0000 10.9547
11.0000 11.5842
11.0000 11.2430
11.0000 11.4522
11.0000 11.6446
11.0000 11.1503
11.0000 11.3251
11.0000 11.0228
11.0000 12.0696
11.0000 10.9672
11.0000 11.1339
11.0000 10.6758
11.0000 10.6025
11.0000 11.0856
11.0000 10.8648
11.0000 11.2847
11.0000 11.2510
11.0000 12.1315
11.0000 10.8316
11.0000 10.5628
11.0000 11.2774
11.0000 10.2957
11.0000 10.6273
11.0000 10.9665
11.0000 10.5851
11.0000 10.8659
11.0000 11.2868
11.0000 11.0704
11.0000 9.8953
11.0000 10.7995
11.0000 11.3394
11.0000 10.8032
11.0000 10.3250
11.0000 10.6347
11.0000 10.1824
11.0000 10.0712
11.0000 11.5001
11.0000 11.5520
11.0000 11.2567
11.0000 11.1333
11.0000 11.2264
11.0000 11.0073
11.0000 11.5742
11.0000 10.1116
11.0000 10.6828
11.0000 11.3952
11.0000 11.1107
11.0000 11.5492
11.0000 10.2850
11.0000 11.0970
11.0000 11.3639
11.0000 11.0270
11.0000 10.9816
11.0000 11.6372
11.0000 11.2631
11.0000 10.4986
11.0000 10.8843
11.0000 11.2074
11.0000 12.0112
11.0000 10.8097
11.0000 10.7751
11.0000 10.9208
11.0000 10.8565
11.0000 11.1175
11.0000 11.2065
11.0000 10.7971
11.0000 11.3467
11.0000 11.1913
11.0000 11.3609
11.0000 10.9693
11.0000 11.8151
11.0000 11.6484
11.0000 11.5150
11.0000 10.7170
11.0000 11.4978
11.0000 11.5028
11.0000 11.4914
11.0000 12.0801
11.0000 11.5965
11.0000 11.0525
11.0000 12.0733
11.0000 10.9675
11.0000 11.3728
11.0000 10.6262
11.0000 10.6877
11.0000 10.0540
11.0000 11.0650
11.0000 11.2216
11.0000 11.5137
11.0000 11.4269
11.0000 10.9698
11.0000 11.8970
11.0000 11.3879
11.0000 11.2314
11.0000 11.3479
11.0000 10.6835
11.0000 11.6513
11.0000 11.3932
11.0000 11.0549
11.0000 11.2073
11.0000 10.9735
11.0000 10.7898
11.0000 9.8829
11.0000 11.4187
11.0000 10.4517
11.0000 10.4779
11.0000 10.7341
11.0000 11.3312
11.0000 11.2313
11.0000 10.3136
11.0000 10.7181
11.0000 12.1374
11.0000 11.0400
11.0000 10.6670
11.0000 10.8962
11.0000 11.0276
11.0000 11.0147
11.0000 11.4201
11.0000 10.8148
11.0000 12.4409
11.0000 10.9623
11.0000 11.3239
11.0000 11.2470
11.0000 11.7415
11.0000 11.4183
11.0000 11.5580
11.0000 10.1888
11.0000 12.0923
11.0000 10.5952
11.0000 10.3608
11.0000 11.2700
11.0000 11.0709
11.0000 11.9379
11.0000 11.3115
11.0000 11.0794
11.0000 11.6059
11.0000 12.2726
11.0000 10.5915
11.0000 12.1746
11.0000 11.5803
11.0000 12.0007
11.0000 11.0016
11.0000 11.8336
11.0000 11.6943
11.0000 9.6438
11.0000 11.2245
11.0000 10.3669
11.0000 11.0528
11.0000 11.0983
11.0000 10.8342
11.0000 10.4699
11.0000 10.1662
11.0000 11.3714
11.0000 11.0558
11.0000 11.3013
11.0000 11.7241
11.0000 10.9506
11.0000 10.7617
11.0000 11.2923
11.0000 11.0761
11.0000 10.8602
11.0000 10.5328
11.0000 11.4707
11.0000 11.4745
11.0000 11.2678
11.0000 11.6168
11.0000 11.5571
11.0000 10.9692
11.0000 10.8014
11.0000 11.0997
11.0000 11.0087
11.0000 11.4968
11.0000 10.3371
11.0000 11.6466
11.0000 13.0107
11.0000 11.4107
11.0000 11.2004
11.0000 11.7320
11.0000 11.0384
11.0000 9.5927
11.0000 10.6168
11.0000 11.3816
11.0000 11.1173
11.0000 11.3240
11.0000 10.1866
11.0000 11.6112
11.0000 11.4173
11.0000 11.2844
11.0000 11.0161
11.0000 10.6130
11.0000 11.3674
11.0000 11.9456
11.0000 11.7527
11.0000 12.0313
11.0000 11.7483
11.0000 11.6368
11.0000 10.8504
11.0000 10.8145
11.0000 11.5335
11.0000 10.4985
11.0000 10.7885
11.0000 11.4798
11.0000 11.0452
11.0000 10.8163
11.0000 10.5330
11.0000 11.9419
11.0000 12.1276
11.0000 11.3533
11.0000 10.7757
11.0000 11.4484
11.0000 11.5684
11.0000 11.5629
11.0000 11.0060
11.0000 10.8288
11.0000 11.0110
11.0000 11.2467
11.0000 11.7636
11.0000 10.9481
11.0000 10.8149
11.0000 10.9560
11.0000 10.4347
11.0000 11.3448
11.0000 11.3020
11.0000 10.8909
11.0000 10.5907
11.0000 11.4352
11.0000 11.3395
11.0000 10.8947
11.0000 11.4212
11.0000 11.5251
11.0000 11.4115
11.0000 10.9536
11.0000 11.0249
11.0000 11.9529
11.0000 11.4552
11.0000 10.9010
11.0000 10.6400
11.0000 11.6512
11.0000 10.5643
11.0000 10.8079
11.0000 11.1727
11.0000 9.6196
11.0000 11.1214
11.0000 10.9093
11.0000 11.0933
11.0000 10.9901
11.0000 11.8917
11.0000 11.3448
11.0000 9.4738
11.0000 10.7261
11.0000 11.4026
11.0000 11.1443
11.0000 10.6998
11.0000 11.0792
11.0000 10.8859
11.0000 11.4106
11.0000 10.8262
11.0000 11.1748
11.0000 11.8500
11.0000 11.6269
11.0000 11.6362
11.0000 10.5807
11.0000 10.7949
11.0000 10.5894
11.0000 11.5730
11.0000 11.4462
11.0000 10.6523
11.0000 13.1066
11.0000 10.7834
11.0000 10.8632
11.0000 11.1751
11.0000 11.2192
11.0000 11.2605
11.0000 10.6466
11.0000 11.5534
11.0000 11.2905
11.0000 11.2634
11.0000 11.3489
11.0000 10.4513
11.0000 12.1148
11.0000 11.2950
11.0000 12.2162
11.0000 12.7021
11.0000 10.6356
11.0000 12.0585
11.0000 11.3591
11.0000 12.0774
11.0000 12.7637
11.0000 10.0781
11.0000 11.5577
11.0000 11.6356
11.0000 10.9643
11.0000 10.6654
11.0000 10.8601
11.0000 11.0690
11.0000 11.1995
11.0000 11.7025
11.0000 11.5867
11.0000 11.7081
11.0000 11.8575
11.0000 11.5938
11.0000 11.5694
11.0000 11.4470
11.0000 10.6219
11.0000 11.9522
11.0000 10.9897
11.0000 11.7955
11.0000 10.9303
11.0000 10.2445
11.0000 10.8055
11.0000 11.3961
11.0000 11.1294
11.0000 11.3362
11.0000 11.5859
11.0000 11.5438
11.0000 11.0622
11.0000 11.5880
11.0000 10.6394
11.0000 10.5153
11.0000 10.9281
11.0000 10.8039
11.0000 11.0859
11.0000 10.3745
11.0000 10.5055
11.0000 10.8605
11.0000 11.4983
11.0000 11.3502
11.0000 11.9556
11.0000 11.0095
11.0000 11.5492
11.0000 10.3183
11.0000 11.0533
11.0000 11.5525
11.0000 11.6821
11.0000 11.4452
11.0000 11.4838
11.0000 11.3627
11.0000 11.5733
11.0000 11.2873
11.0000 12.0763
11.0000 11.5494
11.0000 11.5144
11.0000 11.7584
11.0000 11.0526
11.0000 11.3899
11.0000 11.2403
11.0000 11.0805
11.0000 10.7650
11.0000 11.3961
11.0000 11.3506
11.0000 10.5577
11.0000 11.0075
11.0000 11.1260
11.0000 11.0132
11.0000 10.4820
11.0000 11.5667
11.0000 12.1492
11.0000 11.9460
11.0000 11.8447
11.0000 12.2242
11.0000 11.3758
11.0000 11.5037
11.0000 11.7553
11.0000 10.3179
11.0000 11.3161
11.0000 11.5929
11.0000 10.4234
11.0000 10.6432
11.0000 11.5363
11.0000 10.8831
11.0000 10.1792
11.0000 11.4629
11.0000 11.0413
11.0000 10.7977
11.0000 11.6509
11.0000 11.5210
11.0000 12.1445
11.0000 11.0969
11.0000 11.0126
11.0000 10.7864
11.0000 10.2180
11.0000 10.9682
11.0000 10.6140
11.0000 11.7733
11.0000 11.2688
11.0000 11.4175
11.0000 10.9380
11.0000 10.8496
11.0000 10.8435
11.0000 10.8022
11.0000 10.7535
11.0000 11.0741
11.0000 11.4970
11.0000 11.0661
11.0000 11.3425
11.0000 11.7784
11.0000 10.9738
11.0000 11.7265
11.0000 11.2407
11.0000 10.7579
11.0000 11.3138
11.0000 11.0184
11.0000 11.5916
11.0000 10.3207
11.0000 11.7037
11.0000 11.5503
11.0000 10.7137
11.0000 11.4735
11.0000 11.1398
11.0000 10.6129
11.0000 11.1651
11.0000 11.7214
11.0000 11.8935
11.0000 10.8707
11.0000 12.5684
11.0000 11.2081
11.0000 10.4428
11.0000 11.1014
11.0000 10.5986
11.0000 10.2442
11.0000 11.0102
11.0000 11.6420
11.0000 11.5844
11.0000 11.5851
11.0000 11.6280
11.0000 11.3515
11.0000 12.6258
11.0000 12.2673
11.0000 11.4249
11.0000 11.2054
11.0000 11.0727
11.0000 10.9249
11.0000 11.2293
11.0000 10.4764
11.0000 11.3740
11.0000 11.1273
11.0000 11.5262
11.0000 10.9446
11.0000 10.6500
11.0000 10.7535
11.0000 11.0249
11.0000 11.5502
11.0000 10.1414
11.0000 10.9219
11.0000 10.7740
11.0000 11.5087
11.0000 11.4709
11.0000 11.6342
11.0000 11.8216
11.0000 11.4738
11.0000 11.8694
11.0000 11.2054
11.0000 10.7806
11.0000 11.6091
11.0000 11.6581
11.0000 11.4058
11.0000 11.6498
11.0000 11.1437
11.0000 12.4212
11.0000 10.4602
11.0000 11.8007
11.0000 12.0313
11.0000 11.0021
11.0000 10.9835
11.0000 10.5410
11.0000 9.8209
11.0000 11.3330
11.0000 11.1470
11.0000 11.4123
11.0000 11.2135
11.0000 10.3907
11.0000 11.6338
11.0000 11.5703
11.0000 11.1390
11.0000 11.8706
11.0000 10.4331
11.0000 10.6866
11.0000 11.4603
11.0000 10.7685
11.0000 10.6855
11.0000 10.9940
11.0000 10.4877
11.0000 11.7451
11.0000 11.9839
11.0000 10.9200
11.0000 10.9805
11.0000 11.0202
11.0000 10.5947
11.0000 10.8044
11.0000 12.3603
11.0000 11.2512
11.0000 11.0192
11.0000 10.6760
11.0000 11.1492
11.0000 10.3334
11.0000 11.0905
11.0000 10.9746
11.0000 10.2228
11.0000 11.3467
11.0000 11.0426
11.0000 11.8194
11.0000 10.9165
11.0000 10.7146
11.0000 10.8432
11.0000 12.2300
11.0000 11.5618
11.0000 11.0829
11.0000 11.7156
11.0000 11.8702
11.0000 11.5980
11.0000 11.6271
11.0000 10.7530
11.0000 12.1388
11.0000 10.9296
11.0000 11.3533
11.0000 10.3554
11.0000 11.4916
11.0000 11.4273
11.0000 11.4214
11.0000 11.2690
11.0000 11.2478
11.0000 12.1140
11.0000 11.4205
11.0000 10.3413
11.0000 11.8589
11.0000 10.5171
11.0000 11.3235
11.0000 10.9059
11.0000 10.9284
11.0000 10.8108
11.0000 11.9096
11.0000 10.8009
11.0000 11.0327
11.0000 12.3637
11.0000 11.0190
11.0000 10.5950
11.0000 11.1634
11.0000 10.6029
11.0000 11.2753
11.0000 11.4158
11.0000 11.4899
11.0000 11.1024
11.0000 10.4834
11.0000 11.6621
11.0000 11.2247
11.0000 11.3177
11.0000 11.0555
11.0000 12.6409
11.0000 11.0287
11.0000 11.1469
11.0000 11.3795
11.0000 10.9030
11.0000 11.4751
11.0000 11.6504
11.0000 11.9746
11.0000 11.4492
11.0000 10.4257
11.0000 11.7287
11.0000 11.7479
11.0000 11.8864
11.0000 11.6329
11.0000 11.8812
11.0000 11.7886
11.0000 10.8363
11.0000 10.7204
11.0000 10.9322
11.0000 11.3279
11.0000 10.8334
11.0000 10.9391
11.0000 10.2262
11.0000 11.7736
11.0000 11.3691
11.0000 11.5577
11.0000 10.6452
11.0000 11.1647
11.0000 11.1498
11.0000 11.6232
11.0000 10.8454
11.0000 10.4115
11.0000 11.5572
11.0000 12.6705
11.0000 11.6683
11.0000 9.9350
11.0000 11.3748
11.0000 11.4997
11.0000 11.2212
11.0000 11.5521
11.0000 11.5949
11.0000 10.6688
11.0000 11.4093
11.0000 11.0844
11.0000 11.9285
11.0000 10.7811
11.0000 10.8168
11.0000 12.4638
11.0000 11.4384
11.0000 10.9606
11.0000 10.5476
11.0000 11.6005
11.0000 10.3656
11.0000 11.4789
11.0000 10.0156
11.0000 10.5035
11.0000 11.9616
11.0000 10.5394
11.0000 12.0963
11.0000 11.3796
11.0000 10.9944
11.0000 11.1862
11.0000 10.6712
11.0000 11.4675
11.0000 11.3884
11.0000 11.2180
11.0000 10.5855
11.0000 11.1673
11.0000 10.4158
11.0000 11.4131
11.0000 10.8074
11.0000 11.6410
11.0000 11.2456
11.0000 12.2557
11.0000 10.9315
11.0000 11.6127
11.0000 11.1618
11.0000 11.0952
11.0000 10.9088
11.0000 11.1821
11.0000 11.0609
11.0000 11.0647
11.0000 11.2308
11.0000 11.5463
11.0000 10.9139
11.0000 11.0316
11.0000 10.1793
11.0000 12.0338
11.0000 11.5118
11.0000 11.6963
11.0000 10.5914
11.0000 12.1629
11.0000 11.3845
11.0000 10.8885
11.0000 11.3560
11.0000 11.1264
11.0000 11.5148
11.0000 11.4105
11.0000 11.4414
11.0000 11.4698
11.0000 11.9036
11.0000 11.0632
11.0000 11.2656
11.0000 10.0122
11.0000 11.1336
11.0000 12.1071
11.0000 11.1465
11.0000 11.2958
11.0000 11.5477
11.0000 11.6967
11.0000 10.8949
11.0000 11.9356
11.0000 12.0328
11.0000 11.3364
11.0000 11.0907
11.0000 10.9807
11.0000 10.7429
11.0000 11.1450
11.0000 10.4359
11.0000 12.2202
11.0000 10.8952
11.0000 10.8102
11.0000 10.1728
11.0000 10.5446
11.0000 10.6697
11.0000 11.3463
11.0000 11.1250
11.0000 11.7695
11.0000 11.9739
11.0000 11.3557
11.0000 11.3686
11.0000 12.0587
11.0000 11.3552
11.0000 11.6406
11.0000 11.1476
11.0000 11.4498
11.0000 10.9510
11.0000 11.1774
11.0000 11.7015
11.0000 11.1484
11.0000 10.8570
11.0000 12.3852
11.0000 10.9604
11.0000 11.4047
11.0000 11.4739
11.0000 10.3319
11.0000 11.8905
11.0000 10.8442
11.0000 11.6860
11.0000 10.6450
11.0000 10.7516
11.0000 10.0990
11.0000 11.2475
11.0000 11.5217
11.0000 11.2958
11.0000 11.6320
11.0000 11.8540
11.0000 11.6049
11.0000 10.9692
11.0000 9.6552
11.0000 12.0576
11.0000 10.8253
11.0000 11.1256
11.0000 10.7163
11.0000 10.8843
11.0000 11.0564
11.0000 11.5863
11.0000 10.9257
11.0000 11.6115
11.0000 11.4112
11.0000 12.0297
11.0000 11.4098
11.0000 11.0573
11.0000 11.6048
11.0000 11.7458
11.0000 10.7714
11.0000 11.8965
11.0000 11.5017
11.0000 12.4547
11.0000 10.9944
11.0000 11.4265
11.0000 11.3005
11.0000 10.5353
11.0000 10.6725
11.0000 11.1506
11.0000 11.6815
11.0000 12.2817
11.0000 11.8051
11.0000 11.0669
11.0000 10.8363
11.0000 10.7455
11.0000 10.0805
11.0000 11.8136
11.0000 10.6254
11.0000 11.4723
11.0000 10.4983
11.0000 11.6178
11.0000 11.0932
11.0000 10.1917
11.0000 11.0092
11.0000 10.4968
11.0000 11.6450
11.0000 10.9267
11.0000 11.2849
11.0000 12.1466
11.0000 11.0842
11.0000 9.6736
11.0000 10.9106
11.0000 10.4829
11.0000 10.9391
11.0000 11.8046
11.0000 12.0491
11.0000 10.9763
11.0000 11.5183
11.0000 11.8680
11.0000 11.6841
11.0000 11.3864
11.0000 11.6147
11.0000 11.8302
11.0000 12.0913
11.0000 11.2470
11.0000 10.9908
11.0000 10.9532
11.0000 11.7458
11.0000 10.4757
11.0000 10.8362
11.0000 11.8549
11.0000 10.8229
11.0000 11.2923
11.0000 10.7613
11.0000 11.9586
11.0000 11.0399
11.0000 11.4942
11.0000 10.8260
11.0000 11.1019
11.0000 10.2583
11.0000 10.3242
11.0000 11.8324
11.0000 10.7441
11.0000 11.4104
11.0000 12.6555
11.0000 11.0642
11.0000 11.0794
11.0000 11.2136
11.0000 11.1075
11.0000 10.9649
11.0000 11.0945
11.0000 11.6113
11.0000 10.6319
11.0000 10.6291
11.0000 11.0721
11.0000 11.2752
11.0000 10.8919
11.0000 10.7829
11.0000 10.4786
11.0000 11.7745
11.0000 10.3461
11.0000 11.9800
11.0000 11.5371
11.0000 11.1499
11.0000 11.1147
11.0000 12.2474
11.0000 11.4395
11.0000 11.4822
11.0000 10.7656
11.0000 12.1918
11.0000 11.3830
11.0000 11.5025
11.0000 12.0920
11.0000 11.1842
11.0000 10.5661
11.0000 11.4590
11.0000 9.8321
11.0000 10.5176
11.0000 11.3421
11.0000 10.5417
11.0000 11.0542
11.0000 12.8613
11.0000 11.4884
11.0000 10.3177
11.0000 11.0082
11.0000 10.7990
11.0000 10.9084
11.0000 11.1541
11.0000 10.8970
11.0000 10.9987
11.0000 11.0443
11.0000 11.2220
11.0000 10.4953
11.0000 10.7288
11.0000 11.2344
11.0000 10.9838
11.0000 11.3683
11.0000 10.9583
11.0000 13.0269
11.0000 10.8585
11.0000 11.3635
11.0000 10.4677
11.0000 11.0649
11.0000 11.4958
11.0000 11.4166
11.0000 10.7209
11.0000 9.9231
11.0000 11.0801
11.0000 10.8629
11.0000 11.8948
11.0000 11.3473
11.0000 10.9540
11.0000 10.3799
11.0000 10.1781
11.0000 10.8297
11.0000 10.6180
11.0000 11.4348
11.0000 11.1630
11.0000 11.8421
11.0000 11.3106
11.0000 11.7357
11.0000 11.3333
11.0000 9.9710
11.0000 10.1919
11.0000 11.5808
11.0000 11.2554
11.0000 11.5383
11.0000 12.2092
11.0000 10.9415
11.0000 10.8216
11.0000 10.1621
11.0000 10.8083
11.0000 11.8294
11.0000 10.8886
11.0000 11.1286
11.0000 10.7889
11.0000 11.0455
11.0000 11.4788
11.0000 11.4899
11.0000 10.6405
11.0000 11.5091
11.0000 11.0956
11.0000 12.3938
11.0000 11.5715
11.0000 11.2989
11.0000 12.0176
11.0000 12.0049
11.0000 11.1643
11.0000 11.7252
11.0000 10.7610
11.0000 10.6151
11.0000 10.0282
11.0000 10.8678
11.0000 10.4494
11.0000 11.7675
11.0000 10.5265
11.0000 11.5415
11.0000 11.8403
11.0000 10.7028
11.0000 11.7062
11.0000 11.8701
11.0000 10.9341
11.0000 10.5936
11.0000 10.8940
11.0000 11.8785
11.0000 11.1769
11.0000 10.7210
11.0000 11.5941
11.0000 12.1904
11.0000 11.6595
11.0000 11.5889
11.0000 11.4214
11.0000 11.2056
11.0000 10.9190
11.0000 12.0166
11.0000 10.8507
11.0000 10.0544
11.0000 11.8931
11.0000 12.1975
11.0000 11.4433
11.0000 10.1038
11.0000 10.6565
11.0000 11.6710
11.0000 12.5096
11.0000 11.1309
11.0000 10.6922
11.0000 11.3284
11.0000 10.7296
11.0000 12.1629
11.0000 10.4817
11.0000 10.8564
11.0000 10.5527
11.0000 11.2210
11.0000 11.4871
11.0000 10.9732
11.0000 11.2154
11.0000 11.4746
11.0000 11.3802
11.0000 10.5826
11.0000 11.9259
11.0000 11.9602
11.0000 11.2550
11.0000 11.2286
11.0000 11.0725
11.0000 10.7619
11.0000 11.9299
11.0000 11.2437
11.0000 12.1812
11.0000 11.2991
11.0000 10.8864
11.0000 10.8561
11.0000 11.1783
11.0000 11.4087
11.0000 11.6842
11.0000 12.2623
11.0000 11.7285
11.0000 11.1910
11.0000 11.7120
11.0000 12.0843
11.0000 10.5550
11.0000 10.7371
11.0000 12.1612
11.0000 11.1926
11.0000 12.9450
11.0000 11.6607
11.0000 10.2403
11.0000 10.9476
11.0000 12.3444
11.0000 9.9708
11.0000 11.1552
11.0000 11.4595
11.0000 11.8007
11.0000 11.1929
11.0000 11.9117
11.0000 11.0912
11.0000 11.1678
11.0000 11.3976
11.0000 11.1531
11.0000 10.6134
11.0000 12.1469
11.0000 11.5289
11.0000 11.0829
11.0000 11.3812
11.0000 11.5049
11.0000 11.6739
11.0000 12.2221
11.0000 10.9709
11.0000 10.9206
11.0000 11.8902
11.0000 11.4522
11.0000 11.5958
11.0000 11.3074
11.0000 11.9724
11.0000 11.3745
11.0000 10.5462
11.0000 11.1548
11.0000 12.0125
11.0000 10.5146
11.0000 11.2359
11.0000 12.2727
11.0000 10.9479
11.0000 11.5169
11.0000 11.6255
11.0000 10.7865
11.0000 11.3136
11.0000 9.9814
11.0000 11.7350
11.0000 11.4928
11.0000 9.9498
11.0000 11.8817
11.0000 10.9759
11.0000 11.1659
11.0000 11.6048
11.0000 11.8599
11.0000 11.4100
11.0000 11.1206
11.0000 11.4826
11.0000 11.5111
11.0000 11.9496
11.0000 11.4417
11.0000 10.2043
11.0000 10.1096
11.0000 11.1859
11.0000 10.6187
11.0000 11.9951
11.0000 11.9251
11.0000 10.8160
11.0000 11.1189
11.0000 11.2178
11.0000 12.2018
11.0000 11.9923
11.0000 11.6896
11.0000 10.8333
11.0000 12.3960
11.0000 11.1097
11.0000 11.0752
11.0000 11.5821
11.0000 11.4658
11.0000 11.1743
11.0000 11.8032
11.0000 11.6388
11.0000 11.3687
11.0000 11.6188
11.0000 10.2611
11.0000 10.4889
11.0000 10.5211
11.0000 10.7048
11.0000 10.7684
11.0000 11.9613
11.0000 11.5285
11.0000 10.7338
11.0000 10.4702
11.0000 10.7327
11.0000 10.5737
11.0000 11.5848
11.0000 10.8950
11.0000 10.3797
11.0000 11.8251
11.0000 10.6329
11.0000 11.8864
11.0000 11.1388
11.0000 11.7520
11.0000 9.8520
11.0000 10.8132
11.0000 10.6998
11.0000 10.8953
11.0000 10.3469
11.0000 11.3483
11.0000 11.3625
11.0000 12.1396
11.0000 10.1804
11.0000 10.6854
11.0000 10.4869
11.0000 11.7086
11.0000 11.4446
11.0000 12.3183
11.0000 11.0041
11.0000 10.9511
11.0000 10.8634
11.0000 11.4931
11.0000 11.2141
11.0000 11.1813
11.0000 11.0413
11.0000 11.7333
11.0000 11.1938
11.0000 11.3017
11.0000 10.9192
11.0000 10.3599
11.0000 10.8629
11.0000 11.2805
11.0000 11.4286
11.0000 10.7206
11.0000 11.1134
11.0000 11.7213
11.0000 11.0628
11.0000 11.6454
11.0000 10.6493
11.0000 10.5383
11.0000 11.6868
11.0000 10.9498
11.0000 11.3955
11.0000 10.7658
11.0000 10.6197
11.0000 12.5014
11.0000 12.3093
11.0000 11.7295
11.0000 11.8143
11.0000 10.9303
11.0000 10.7461
11.0000 11.5218
11.0000 11.1275
11.0000 10.5758
11.0000 10.4224
11.0000 9.9522
11.0000 11.3415
11.0000 11.2937
11.0000 11.1871
11.0000 11.0943
11.0000 11.9092
11.0000 11.4546
11.0000 10.4183
11.0000 10.1777
11.0000 11.2363
11.0000 11.0981
11.0000 10.4919
11.0000 11.0248
11.0000 10.9588
11.0000 11.1983
11.0000 10.7485
11.0000 10.9270
11.0000 11.2706
11.0000 10.9801
11.0000 11.1059
11.0000 10.8293
11.0000 11.4903
11.0000 11.5665
11.0000 11.3177
11.0000 11.5142
11.0000 11.7314
11.0000 11.2878
11.0000 11.7425
11.0000 10.4737
11.0000 11.8285
11.0000 10.5931
11.0000 11.1887
11.0000 11.6740
11.0000 11.2669
11.0000 11.7532
11.0000 10.7318
11.0000 10.8129
11.0000 11.6241
11.0000 10.7948
11.0000 10.2649
11.0000 11.2222
11.0000 11.0339
11.0000 11.6861
11.0000 10.4835
11.0000 10.5071
11.0000 10.8820
11.0000 10.8515
11.0000 10.3670
11.0000 11.1517
11.0000 10.6104
11.0000 11.4089
11.0000 10.4460
11.0000 11.7410
11.0000 11.5248
11.0000 11.5816
11.0000 11.9407
11.0000 11.3135
11.0000 11.4980
11.0000 10.4782
11.0000 12.0389
11.0000 11.6896
11.0000 11.3109
11.0000 11.4963
11.0000 11.9376
11.0000 10.0438
11.0000 10.8722
11.0000 11.1429
11.0000 11.3325
11.0000 11.4242
11.0000 11.8357
11.0000 11.4443
11.0000 11.7048
11.0000 11.3608
11.0000 11.5904
11.0000 11.3329
11.0000 12.4617
11.0000 11.5688
11.0000 10.5709
11.0000 10.6805
11.0000 12.0505
11.0000 11.2935
11.0000 9.6699
11.0000 10.8311
11.0000 11.4336
11.0000 11.3051
11.0000 11.7238
11.0000 10.5295
11.0000 11.7908
11.0000 10.9772
11.0000 11.6813
11.0000 11.2918
11.0000 12.4575
11.0000 12.0210
11.0000 10.7726
11.0000 11.4628
11.0000 10.5162
11.0000 11.1241
11.0000 11.4847
11.0000 11.0328
11.0000 10.5780
11.0000 11.2081
11.0000 11.1879
11.0000 11.3507
11.0000 10.6750
11.0000 10.8689
11.0000 11.0416
11.0000 10.5624
11.0000 11.5092
11.0000 11.8638
11.0000 11.3277
11.0000 11.3607
11.0000 11.5184
11.0000 10.6701
11.0000 10.9817
11.0000 10.7591
11.0000 10.8799
11.0000 10.9587
11.0000 11.3875
11.0000 12.2263
11.0000 11.1175
11.0000 12.5927
11.0000 11.3235
11.0000 11.7866
11.0000 11.1920
11.0000 11.0665
11.0000 12.2351
11.0000 10.9740
11.0000 11.5218
11.0000 11.4149
11.0000 11.5745
11.0000 10.9857
11.0000 11.2644
11.0000 11.5107
11.0000 11.3357
11.0000 10.9720
11.0000 11.2398
11.0000 11.9114
11.0000 11.7651
11.0000 11.5186
11.0000 11.9196
11.0000 11.8624
11.0000 11.9119
11.0000 11.8335
11.0000 10.6354
11.0000 10.7979
11.0000 10.4125
11.0000 10.9687
11.0000 10.3479
11.0000 9.3349
11.0000 11.5453
11.0000 11.6999
11.0000 11.2993
11.0000 12.1065
11.0000 12.2261
11.0000 11.4331
11.0000 11.3576
11.0000 9.9894
11.0000 11.1239
11.0000 10.8721
11.0000 10.6877
11.0000 11.3636
11.0000 10.6147
11.0000 11.2052
11.0000 12.0317
11.0000 11.5409
11.0000 11.0708
11.0000 10.5988
11.0000 11.3272
11.0000 11.5435
11.0000 11.1830
11.0000 11.3501
11.0000 11.0659
11.0000 11.3938
11.0000 10.5498
11.0000 11.6389
11.0000 10.6931
11.0000 11.4841
11.0000 11.1511
11.0000 11.5230
11.0000 11.5658
11.0000 11.4648
11.0000 10.2199
11.0000 11.9125
11.0000 11.5675
11.0000 10.2614
11.0000 12.0030
11.0000 11.0578
11.0000 10.7515
11.0000 11.1585
11.0000 10.9633
11.0000 10.9933
11.0000 11.6444
11.0000 11.2088
11.0000 11.7116
11.0000 11.3771
11.0000 11.3635
11.0000 11.0781
11.0000 11.4687
11.0000 11.9743
11.0000 10.4531
11.0000 10.2398
11.0000 11.2647
11.0000 11.6832
11.0000 10.2108
11.0000 11.5942
11.0000 11.0710
11.0000 10.2358
11.0000 12.1671
11.0000 12.1939
11.0000 12.1412
11.0000 10.1066
11.0000 11.3592
11.0000 10.3701
11.0000 10.3404
11.0000 11.5862
11.0000 10.7224
11.0000 11.2263
11.0000 10.2955
11.0000 10.2483
11.0000 10.8100
11.0000 11.9869
11.0000 10.5637
11.0000 10.9288
11.0000 10.7724
11.0000 11.8827
11.0000 11.1778
11.0000 11.5357
11.0000 11.2575
11.0000 11.1490
11.0000 11.0613
11.0000 11.5273
11.0000 11.6364
11.0000 11.0181
11.0000 11.9177
11.0000 11.5998
11.0000 11.8556
11.0000 12.2241
11.0000 10.7834
11.0000 11.6367
11.0000 10.6134
11.0000 11.9176
11.0000 10.2335
11.0000 10.5346
11.0000 10.4155
11.0000 11.1342
11.0000 11.0453
11.0000 10.2950
11.0000 11.0464
11.0000 11.4340
11.0000 10.9632
11.0000 11.6650
11.0000 10.7536
11.0000 11.6871
11.0000 11.3384
11.0000 10.6916
11.0000 11.1855
11.0000 10.4132
11.0000 10.9367
11.0000 11.6919
11.0000 10.8803
11.0000 11.0743
11.0000 11.4233
11.0000 12.2545
11.0000 10.7250
11.0000 10.3433
11.0000 11.6419
11.0000 11.8789
11.0000 11.4667
11.0000 11.2985
11.0000 11.1684
11.0000 11.8683
11.0000 11.0650
11.0000 11.8231
11.0000 11.1957
11.0000 11.8964
11.0000 10.6182
11.0000 11.7861
11.0000 11.3767
11.0000 11.3252
11.0000 11.3627
11.0000 10.6464
11.0000 11.1366
11.0000 10.8419
11.0000 10.7904
11.0000 11.3031
11.0000 11.0749
11.0000 11.5624
11.0000 12.3972
11.0000 11.8756
11.0000 10.6765
11.0000 10.1933
11.0000 11.4701
11.0000 10.9597
11.0000 10.5277
11.0000 10.3211
11.0000 10.5377
11.0000 10.6508
11.0000 11.8855
11.0000 11.4669
11.0000 10.2037
11.0000 10.5845
11.0000 11.3809
11.0000 11.1395
11.0000 11.2455
11.0000 11.7372
11.0000 11.2277
11.0000 11.4236
11.0000 11.6991
11.0000 12.1371
11.0000 11.3932
11.0000 10.8977
11.0000 10.5123
11.0000 10.9768
11.0000 11.2010
11.0000 11.3620
11.0000 11.8776
11.0000 10.9478
11.0000 10.8951
11.0000 11.0032
11.0000 11.0336
11.0000 11.7139
11.0000 10.9389
11.0000 11.5744
11.0000 11.0996
11.0000 11.3884
11.0000 10.7405
11.0000 11.0812
11.0000 11.7040
11.0000 12.1481
11.0000 12.1847
11.0000 11.6880
11.0000 11.6245
11.0000 11.8101
11.0000 10.5107
11.0000 10.9352
11.0000 10.6840
11.0000 11.3081
11.0000 11.4050
11.0000 11.3537
11.0000 11.8391
11.0000 11.2327
11.0000 11.8297
11.0000 11.0168
11.0000 10.3594
11.0000 10.5808
11.0000 11.6340
11.0000 11.0626
11.0000 12.0598
11.0000 11.0357
11.0000 11.4933
11.0000 10.8054
11.0000 10.8739
11.0000 11.4458
11.0000 11.5828
11.0000 10.4482
11.0000 13.0544
11.0000 10.5990
11.0000 11.3947
11.0000 11.7279
11.0000 10.2576
11.0000 12.0220
11.0000 10.7272
11.0000 12.2325
11.0000 11.5842
11.0000 10.8972
11.0000 12.1938
11.0000 12.1946
11.0000 11.4802
11.0000 10.6254
11.0000 10.9591
11.0000 11.7472
11.0000 10.8408
11.0000 11.2647
11.0000 11.6051
11.0000 11.2129
11.0000 12.0859
11.0000 11.6401
11.0000 11.5449
11.0000 11.4815
11.0000 11.2419
11.0000 10.3385
11.0000 10.6050
11.0000 11.7783
11.0000 11.2044
11.0000 11.8175
11.0000 10.9570
11.0000 10.5816
11.0000 11.2502
11.0000 10.8013
11.0000 11.9318
11.0000 11.8096
11.0000 12.5627
11.0000 12.1141
11.0000 11.0129
11.0000 10.6063
11.0000 10.8618
11.0000 10.8682
11.0000 11.4188
11.0000 11.6300
11.0000 11.0285
11.0000 11.6262
11.0000 10.9705
11.0000 10.9560
11.0000 11.0498
11.0000 11.8612
11.0000 11.4865
11.0000 10.9237
11.0000 11.2953
11.0000 10.4681
11.0000 11.2593
11.0000 10.5589
11.0000 10.4220
11.0000 10.7190
11.0000 11.0995
11.0000 11.5880
11.0000 11.4173
11.0000 11.4475
11.0000 10.4141
11.0000 10.4469
11.0000 10.4447
11.0000 10.9718
11.0000 9.7511
11.0000 12.2702
11.0000 11.1762
11.0000 11.5133
11.0000 11.1811
11.0000 11.2406
11.0000 11.5731
11.0000 11.5184
11.0000 10.9002
11.0000 11.6485
11.0000 11.0677
11.0000 10.9781
11.0000 11.0556
11.0000 10.9048
11.0000 11.2618
11.0000 11.2973
11.0000 11.0846
11.0000 12.6163
11.0000 10.1811
11.0000 10.9671
11.0000 10.8892
11.0000 10.7405
11.0000 10.8722
11.0000 11.4031
11.0000 11.7257
11.0000 11.3869
11.0000 10.6775
11.0000 10.7258
11.0000 11.2361
11.0000 11.5535
11.0000 11.8235
11.0000 10.7066
11.0000 12.3635
11.0000 11.5006
11.0000 11.0546
11.0000 11.2447
11.0000 10.3739
11.0000 10.8268
11.0000 11.3450
11.0000 11.1834
11.0000 11.3528
11.0000 10.9771
11.0000 11.4774
11.0000 11.3962
11.0000 10.8137
11.0000 11.3996
11.0000 10.9458
11.0000 10.6276
11.0000 10.7222
11.0000 11.1673
11.0000 12.2426
11.0000 10.9709
11.0000 11.1608
11.0000 12.0631
11.0000 10.8847
11.0000 11.2420
11.0000 11.3097
11.0000 11.0259
11.0000 11.9049
11.0000 11.6477
11.0000 11.1219
11.0000 11.1326
11.0000 11.6772
11.0000 11.9140
11.0000 11.6263
11.0000 11.3368
11.0000 10.6141
11.0000 11.3843
11.0000 11.5083
11.0000 10.6583
11.0000 11.6270
11.0000 11.6147
11.0000 11.9719
11.0000 11.7160
11.0000 11.7473
11.0000 10.2049
11.0000 10.8394
11.0000 11.4532
11.0000 11.5218
11.0000 10.9791
11.0000 11.1147
11.0000 11.1639
11.0000 10.7554
11.0000 11.2846
11.0000 10.8837
11.0000 12.6398
11.0000 10.8720
11.0000 11.1003
11.0000 11.7201
11.0000 10.5717
11.0000 10.6932
11.0000 12.0171
11.0000 11.0101
11.0000 11.4847
11.0000 11.5238
11.0000 11.2904
11.0000 12.0584
11.0000 11.0358
11.0000 11.6755
11.0000 11.1501
11.0000 11.2517
11.0000 11.4069
11.0000 11.2778
11.0000 11.5318
11.0000 10.5640
11.0000 10.4998
11.0000 11.7748
11.0000 10.9340
11.0000 11.0889
11.0000 10.5141
11.0000 10.8691
11.0000 11.1604
11.0000 10.7947
11.0000 11.0245
11.0000 11.2847
11.0000 10.5474
11.0000 12.1187
11.0000 11.2687
11.0000 11.3747
11.0000 11.6407
11.0000 11.6408
11.0000 10.6098
11.0000 10.5410
11.0000 11.7948
11.0000 11.5933
11.0000 11.5907
11.0000 11.1531
11.0000 11.5358
11.0000 10.6897
11.0000 11.2430
11.0000 11.9134
11.0000 11.6373
11.0000 11.8527
11.0000 12.0139
11.0000 11.6872
11.0000 11.9760
11.0000 11.4680
11.0000 11.1344
11.0000 11.4268
11.0000 10.9793
11.0000 10.5143
11.0000 10.5545
11.0000 12.0179
11.0000 10.9818
11.0000 11.1720
11.0000 11.4639
11.0000 10.3614
11.0000 11.4284
11.0000 11.1812
11.0000 11.5422
11.0000 10.2972
11.0000 10.9328
11.0000 11.2480
11.0000 11.2261
11.0000 11.2503
11.0000 10.9237
11.0000 11.7155
11.0000 11.5982
11.0000 11.0259
11.0000 12.0014
11.0000 10.6238
11.0000 11.4173
11.0000 11.3722
11.0000 11.5537
11.0000 11.3005
11.0000 11.4523
11.0000 11.4922
11.0000 9.9010
11.0000 11.9264
11.0000 11.2772
11.0000 11.8861
11.0000 12.0272
11.0000 11.1051
11.0000 11.6244
11.0000 11.0962
11.0000 11.7907
11.0000 10.4936
11.0000 11.3550
11.0000 10.6549
11.0000 10.9634
11.0000 10.3875
11.0000 11.2137
11.0000 10.6658
11.0000 12.1893
11.0000 10.4783
11.0000 11.8098
11.0000 10.6776
11.0000 11.2969
11.0000 11.3918
11.0000 12.4508
11.0000 11.1595
11.0000 11.4943
11.0000 11.9315
11.0000 11.3699
11.0000 10.7512
11.0000 9.8070
11.0000 10.8111
11.0000 12.1906
11.0000 11.2441
11.0000 10.8480
11.0000 10.6256
11.0000 12.3319
11.0000 11.1801
11.0000 10.8416
11.0000 11.4382
11.0000 11.7308
11.0000 10.4232
11.0000 11.7045
11.0000 11.6421
11.0000 11.4285
11.0000 12.0022
11.0000 11.7364
11.0000 11.1121
11.0000 10.7526
11.0000 11.4578
11.0000 11.6734
11.0000 11.9880
11.0000 11.2454
11.0000 11.3970
11.0000 11.4843
11.0000 10.8039
11.0000 11.2594
11.0000 11.3814
11.0000 10.7662
11.0000 10.4751
11.0000 11.9617
11.0000 11.8430
11.0000 11.0703
11.0000 12.1958
11.0000 11.0860
11.0000 11.8195
11.0000 11.2641
11.0000 10.6864
11.0000 11.2251
11.0000 11.2227
11.0000 10.2794
11.0000 11.2909
11.0000 11.5535
11.0000 11.6885
11.0000 12.2685
11.0000 11.3625
11.0000 11.2132
11.0000 11.4673
11.0000 11.8603
11.0000 11.5805
11.0000 11.0827
11.0000 11.3718
11.0000 10.9118
11.0000 12.1393
11.0000 11.9237
11.0000 11.7740
11.0000 10.7893
11.0000 11.4694
11.0000 10.7471
11.0000 11.7264
11.0000 11.2580
11.0000 10.6573
11.0000 11.1044
11.0000 11.7797
11.0000 11.2469
11.0000 10.5005
11.0000 10.8803
11.0000 11.3671
11.0000 11.3003
11.0000 11.2509
11.0000 11.4367
11.0000 11.0433
11.0000 11.6362
11.0000 11.4007
11.0000 12.1144
11.0000 11.6847
11.0000 10.3912
11.0000 10.1474
11.0000 11.6507
11.0000 11.3885
11.0000 10.7842
11.0000 10.7936
11.0000 11.0936
11.0000 11.6535
11.0000 10.7709
11.0000 11.3134
11.0000 11.0845
11.0000 10.3262
11.0000 11.3831
11.0000 10.6465
11.0000 10.0299
11.0000 11.4328
11.0000 11.2500
11.0000 12.1515
11.0000 11.1916
11.0000 11.7924
11.0000 11.9334
11.0000 11.3994
11.0000 11.8528
11.0000 10.7507
11.0000 10.5346
11.0000 11.4449
11.0000 11.4258
11.0000 10.7617
11.0000 11.1731
11.0000 11.3784
11.0000 11.1310
11.0000 10.8431
11.0000 10.2640
11.0000 11.0088
11.0000 9.9452
11.0000 10.3610
11.0000 11.2467
11.0000 10.6808
11.0000 11.3628
11.0000 10.9007
11.0000 11.2586
11.0000 10.0578
11.0000 12.0560
11.0000 10.3304
11.0000 10.9043
11.0000 12.2087
11.0000 12.3965
11.0000 11.3091
11.0000 10.4992
11.0000 10.3388
11.0000 11.5048
11.0000 11.3222
11.0000 11.4040
11.0000 11.1149
11.0000 11.2217
11.0000 10.8218
11.0000 10.7532
11.0000 11.3856
11.0000 10.7797
11.0000 11.7835
11.0000 11.4824
11.0000 10.5293
11.0000 11.5827
11.0000 11.0658
11.0000 12.2149
11.0000 9.9805
11.0000 11.4760
11.0000 11.3758
11.0000 11.1760
11.0000 11.5264
11.0000 11.0334
11.0000 11.4022
11.0000 10.7098
11.0000 11.3285
11.0000 11.5015
11.0000 10.2074
11.0000 12.1727
11.0000 10.8153
11.0000 10.3084
11.0000 11.5082
11.0000 11.4646
11.0000 11.1003
11.0000 10.9995
11.0000 11.3077
11.0000 11.4251
11.0000 11.1035
11.0000 10.2914
11.0000 11.4372
11.0000 10.9125
11.0000 12.3486
11.0000 11.5366
11.0000 10.8981
11.0000 11.1142
11.0000 10.6560
11.0000 10.8311
11.0000 11.0477
11.0000 12.5332
11.0000 11.1893
11.0000 10.7774
11.0000 11.4752
11.0000 11.6472
11.0000 11.0190
11.0000 11.4363
11.0000 12.6382
11.0000 11.4980
11.0000 10.8754
11.0000 11.7319
11.0000 10.6753
11.0000 11.5115
11.0000 11.1391
11.0000 11.2152
11.0000 11.2632
11.0000 11.6438
11.0000 11.5331
11.0000 11.2057
11.0000 10.8277
11.0000 10.9269
11.0000 10.6182
11.0000 10.8342
11.0000 11.2388
11.0000 10.5242
11.0000 11.3665
11.0000 10.4835
11.0000 10.4453
11.0000 11.1419
11.0000 11.4650
11.0000 11.7856
11.0000 10.1807
11.0000 10.2978
11.0000 10.0732
11.0000 10.6992
11.0000 10.6418
11.0000 10.9822
11.0000 11.6083
11.0000 10.1286
11.0000 11.4782
11.0000 11.4817
11.0000 11.3983
11.0000 11.8817
11.0000 11.3399
11.0000 10.6426
11.0000 10.5095
11.0000 11.1414
11.0000 11.4773
11.0000 12.5157
11.0000 12.5720
11.0000 11.3178
11.0000 10.5638
11.0000 10.6922
11.0000 11.9264
11.0000 10.7215
11.0000 11.9511
11.0000 10.7015
11.0000 11.4854
11.0000 11.3860
11.0000 11.2008
11.0000 11.1622
11.0000 12.1388
11.0000 11.3459
11.0000 11.6813
11.0000 11.0210
11.0000 11.5922
11.0000 11.1427
11.0000 11.3788
11.0000 11.5225
11.0000 10.9487
11.0000 11.2299
11.0000 12.1182
11.0000 10.3349
11.0000 11.1885
11.0000 11.1999
11.0000 10.9750
11.0000 10.9089
11.0000 10.3353
11.0000 10.1985
11.0000 11.3881
11.0000 11.5806
11.0000 10.2287
11.0000 11.5979
11.0000 11.9167
11.0000 11.3367
11.0000 10.8665
11.0000 9.9421
11.0000 12.2439
11.0000 10.8583
11.0000 11.4379
11.0000 10.4602
11.0000 11.5692
11.0000 11.1475
11.0000 11.5017
11.0000 11.4353
11.0000 10.9609
11.0000 10.5001
11.0000 11.2399
11.0000 10.7459
11.0000 10.5426
11.0000 10.2921
11.0000 11.2372
11.0000 12.1179
11.0000 10.3523
11.0000 10.8461
11.0000 11.2463
11.0000 11.4401
11.0000 11.8647
11.0000 11.2285
11.0000 11.6652
11.0000 11.2747
11.0000 12.0872
11.0000 11.6340
11.0000 11.1030
11.0000 12.6764
11.0000 11.3640
11.0000 11.4352
11.0000 10.4793
11.0000 12.1395
11.0000 11.2793
11.0000 11.9550
11.0000 13.0242
11.0000 11.5410
11.0000 11.1791
11.0000 11.1860
11.0000 11.5081
11.0000 11.0780
11.0000 10.2668
11.0000 11.3050
11.0000 12.0791
11.0000 10.6902
11.0000 11.0728
11.0000 10.9692
11.0000 11.4591
11.0000 10.0985
11.0000 11.0914
11.0000 10.9225
11.0000 10.7207
11.0000 11.3753
11.0000 10.8419
11.0000 11.5152
11.0000 11.5044
11.0000 11.3923
11.0000 10.7531
11.0000 10.5509
11.0000 11.8846
11.0000 11.0579
11.0000 12.6573
11.0000 11.7392
11.0000 11.5284
11.0000 11.2863
11.0000 11.1413
11.0000 13.2400
11.0000 11.9245
11.0000 10.8031
11.0000 12.3035
11.0000 10.9159
11.0000 11.9609
11.0000 10.8879
11.0000 10.7542
11.0000 11.2674
11.0000 11.1902
11.0000 11.0982
11.0000 10.9999
11.0000 11.1713
11.0000 11.5272
11.0000 10.9715
11.0000 10.8373
11.0000 12.6997
11.0000 10.8552
11.0000 9.9145
11.0000 11.2508
11.0000 10.3589
11.0000 12.2571
11.0000 10.5904
11.0000 10.9424
11.0000 11.3912
11.0000 10.5971
11.0000 11.5581
11.0000 11.7861
11.0000 11.1763
11.0000 11.3752
11.0000 10.0280
11.0000 11.2820
11.0000 10.9194
11.0000 11.0616
11.0000 12.1359
11.0000 11.9812
11.0000 10.9683
11.0000 11.9404
11.0000 11.0548
11.0000 11.0590
11.0000 11.6229
11.0000 11.3449
11.0000 10.9699
11.0000 10.1865
11.0000 11.6208
11.0000 11.3798
11.0000 11.8059
11.0000 11.3165
11.0000 11.0807
11.0000 10.4661
11.0000 11.0798
11.0000 11.4481
11.0000 11.3435
11.0000 11.6662
11.0000 11.4735
11.0000 11.6387
11.0000 12.4772
11.0000 10.7811
