15.0000 14.4124
15.0000 14.9961
15.0000 15.0205
15.0000 14.7298
15.0000 14.9623
15.0000 14.7143
15.0000 15.0117
15.0000 14.6813
15.0000 13.8043
15.0000 14.1863
15.0000 13.5441
15.0000 14.7785
15.0000 15.2753
15.0000 15.7255
15.0000 14.6498
15.0000 15.0264
15.0000 14.9047
15.0000 14.8960
15.0000 15.5674
15.0000 13.9793
15.0000 13.8834
15.0000 14.8595
15.0000 15.8495
15.0000 15.8238
15.0000 14.2840
15.0000 14.1454
15.0000 15.4885
15.0000 14.7941
15.0000 14.5695
15.0000 14.7588
15.0000 15.2803
15.0000 14.9308
15.0000 15.2854
15.0000 14.1784
15.0000 15.3591
15.0000 14.8922
15.0000 14.3735
15.0000 15.0595
15.0000 14.1289
15.0000 15.9300
15.0000 14.2948
15.0000 14.6620
15.0000 14.8553
15.0000 14.7383
15.0000 15.5579
15.0000 14.9236
15.0000 15.1750
15.0000 15.1076
15.0000 15.0046
15.0000 14.8795
15.0000 15.3020
15.0000 14.8642
15.0000 14.1671
15.0000 16.3335
15.0000 15.6070
15.0000 14.9662
15.0000 15.0627
15.0000 14.8603
15.0000 14.8231
15.0000 15.7669
15.0000 14.7687
15.0000 14.1074
15.0000 14.9213
15.0000 15.1372
15.0000 14.5535
15.0000 15.2065
15.0000 15.8490
15.0000 14.8606
15.0000 15.4396
15.0000 14.1535
15.0000 14.4600
15.0000 14.5196
15.0000 15.1116
15.0000 15.1174
15.0000 14.8138
15.0000 14.0690
15.0000 16.0371
15.0000 14.6639
15.0000 14.5025
15.0000 14.8622
15.0000 14.6636
15.0000 15.9176
15.0000 15.6600
15.0000 14.5171
15.0000 15.0136
15.0000 15.3848
15.0000 14.7605
15.0000 15.0726
15.0000 15.0438
15.0000 14.5107
15.0000 15.1727
15.0000 14.7393
15.0000 15.0969
15.0000 14.7474
15.0000 15.2526
15.0000 14.8220
15.0000 15.4579
15.0000 14.3750
15.0000 14.9273
15.0000 15.2277
15.0000 15.6423
15.0000 14.2551
15.0000 15.5149
15.0000 14.9132
15.0000 14.4749
15.0000 15.1665
15.0000 14.8167
15.0000 15.6345
15.0000 15.2492
15.0000 14.9824
15.0000 15.4382
15.0000 14.8066
15.0000 15.4288
15.0000 15.2277
15.0000 15.4895
15.0000 13.9120
15.0000 13.9870
15.0000 14.3201
15.0000 14.8731
15.0000 15.1267
15.0000 14.9550
15.0000 15.4625
15.0000 15.3036
15.0000 14.6264
15.0000 15.7796
15.0000 15.2052
15.0000 14.8716
15.0000 15.7145
15.0000 15.1425
15.0000 14.7538
15.0000 14.3724
15.0000 14.6773
15.0000 13.9607
15.0000 13.8729
15.0000 14.7908
15.0000 15.9655
15.0000 14.5892
15.0000 14.6930
15.0000 15.5233
15.0000 15.9414
15.0000 14.9663
15.0000 14.1018
15.0000 15.1091
15.0000 15.2723
15.0000 14.3152
15.0000 15.0742
15.0000 14.3262
15.0000 14.4423
15.0000 14.9963
15.0000 15.0005
15.0000 15.3985
15.0000 15.2115
15.0000 15.4008
15.0000 15.2763
15.0000 14.9637
15.0000 14.6031
15.0000 15.4368
15.0000 13.6436
15.0000 14.1213
15.0000 15.3690
15.0000 15.8751
15.0000 14.3504
15.0000 14.9807
15.0000 15.0819
15.0000 13.8959
15.0000 14.8609
15.0000 14.5466
15.0000 15.3831
15.0000 15.6788
15.0000 13.6069
15.0000 15.2860
15.0000 15.7938
15.0000 14.7261
15.0000 14.7874
15.0000 14.3761
15.0000 14.8887
15.0000 14.4344
15.0000 16.1101
15.0000 14.6458
15.0000 15.6406
15.0000 14.5626
15.0000 15.6928
15.0000 14.3354
15.0000 14.3532
15.0000 14.6495
15.0000 13.9483
15.0000 14.8436
15.0000 14.6380
15.0000 14.6049
15.0000 14.6155
15.0000 14.5880
15.0000 15.2287
15.0000 15.1192
15.0000 15.8443
15.0000 15.3885
15.0000 14.5066
15.0000 14.5148
15.0000 14.9897
15.0000 14.3468
15.0000 15.8409
15.0000 15.1245
15.0000 16.0673
15.0000 14.3531
15.0000 14.7260
15.0000 15.0426
15.0000 14.5457
15.0000 15.3807
15.0000 15.0817
15.0000 15.0350
15.0000 14.5120
15.0000 15.1906
15.0000 14.7101
15.0000 14.3364
15.0000 15.1143
15.0000 15.1589
15.0000 14.9742
15.0000 14.9737
15.0000 15.3722
15.0000 14.3210
15.0000 15.2907
15.0000 15.3906
15.0000 15.3939
15.0000 16.0448
15.0000 14.9074
15.0000 15.6242
15.0000 15.2867
15.0000 15.4746
15.0000 14.6710
15.0000 14.2483
15.0000 14.3398
15.0000 15.1065
15.0000 15.6458
15.0000 15.4556
15.0000 16.0969
15.0000 14.8693
15.0000 15.4106
15.0000 14.7472
15.0000 15.0750
15.0000 15.9000
15.0000 15.1415
15.0000 14.1634
15.0000 14.9806
15.0000 14.9720
15.0000 14.3236
15.0000 14.3192
15.0000 15.6449
15.0000 14.2068
15.0000 14.4218
15.0000 15.5179
15.0000 15.0315
15.0000 14.6605
15.0000 15.2159
15.0000 14.4952
15.0000 14.1094
15.0000 15.9376
15.0000 13.8303
15.0000 14.8538
15.0000 14.7385
15.0000 14.5724
15.0000 14.4250
15.0000 14.2186
15.0000 15.7193
15.0000 14.6928
15.0000 14.3704
15.0000 15.0181
15.0000 14.1793
15.0000 14.3766
15.0000 15.0469
15.0000 14.5106
15.0000 14.7330
15.0000 14.6502
15.0000 13.9832
15.0000 16.1290
15.0000 15.0157
15.0000 14.7273
15.0000 15.9670
15.0000 15.4962
15.0000 15.0570
15.0000 15.4946
15.0000 14.3253
15.0000 14.7084
15.0000 15.0527
15.0000 15.1146
15.0000 14.5567
15.0000 15.0834
15.0000 14.3471
15.0000 15.5621
15.0000 13.7154
15.0000 14.7154
15.0000 14.7073
15.0000 14.0513
15.0000 14.6759
15.0000 15.4019
15.0000 15.1066
15.0000 14.2538
15.0000 15.0925
15.0000 15.3380
15.0000 14.9814
15.0000 15.1244
15.0000 14.9547
15.0000 15.7130
15.0000 14.5899
15.0000 15.8198
15.0000 15.5611
15.0000 14.3093
15.0000 15.0714
15.0000 15.2125
15.0000 14.4217
15.0000 16.4892
15.0000 14.6926
15.0000 15.0373
15.0000 15.5691
15.0000 14.3103
15.0000 14.8367
15.0000 14.7984
15.0000 15.8202
15.0000 14.8076
15.0000 15.0319
15.0000 16.0336
15.0000 15.4343
15.0000 14.4484
15.0000 14.6284
15.0000 14.4377
15.0000 14.5787
15.0000 14.7817
15.0000 14.8625
15.0000 15.2105
15.0000 15.2889
15.0000 16.1299
15.0000 15.2816
15.0000 15.0356
15.0000 16.2482
15.0000 13.9908
15.0000 15.1638
15.0000 14.5216
15.0000 14.4233
15.0000 15.9387
15.0000 15.6049
15.0000 14.6401
15.0000 14.7700
15.0000 14.9101
15.0000 15.0403
15.0000 15.5943
15.0000 14.8993
15.0000 15.3404
15.0000 15.7346
15.0000 15.0869
15.0000 13.7524
15.0000 14.5581
15.0000 15.6541
15.0000 14.5607
15.0000 14.4325
15.0000 14.5577
15.0000 15.3238
15.0000 15.3654
15.0000 14.3248
15.0000 16.3738
15.0000 15.3255
15.0000 15.1111
15.0000 15.0122
15.0000 15.5587
15.0000 14.8917
15.0000 14.4046
15.0000 15.4935
15.0000 15.3225
15.0000 15.7214
15.0000 13.9060
15.0000 15.1253
15.0000 15.4436
15.0000 15.5407
15.0000 14.8162
15.0000 15.3912
15.0000 15.2479
15.0000 14.5883
15.0000 15.2867
15.0000 15.0522
15.0000 14.9716
15.0000 15.4439
15.0000 15.8580
15.0000 14.9865
15.0000 15.6287
15.0000 14.4085
15.0000 15.2886
15.0000 15.7626
15.0000 15.1993
15.0000 14.6019
15.0000 14.8943
15.0000 14.2980
15.0000 14.3348
15.0000 14.6521
15.0000 15.2631
15.0000 15.4366
15.0000 15.5954
15.0000 14.9039
15.0000 14.6673
15.0000 14.9298
15.0000 15.7323
15.0000 15.2318
15.0000 14.3380
15.0000 14.4630
15.0000 14.6411
15.0000 14.7019
15.0000 14.2953
15.0000 15.1184
15.0000 14.2041
15.0000 14.1110
15.0000 13.7810
15.0000 14.1675
15.0000 16.4971
15.0000 14.3297
15.0000 14.4898
15.0000 14.5518
15.0000 15.4682
15.0000 15.8245
15.0000 14.9948
15.0000 16.1592
15.0000 15.1702
15.0000 14.7213
15.0000 15.2495
15.0000 14.3121
15.0000 14.2737
15.0000 15.7608
15.0000 14.5383
15.0000 15.9175
15.0000 16.3335
15.0000 15.5274
15.0000 15.7323
15.0000 14.0299
15.0000 14.6384
15.0000 13.5779
15.0000 14.7059
15.0000 14.9040
15.0000 14.5009
15.0000 14.9828
15.0000 15.4374
15.0000 15.2258
15.0000 15.4444
15.0000 14.2856
15.0000 15.4824
15.0000 15.0071
15.0000 15.7189
15.0000 13.7241
15.0000 15.7936
15.0000 15.0016
15.0000 15.3851
15.0000 14.9589
15.0000 14.1066
15.0000 14.6834
15.0000 14.3488
15.0000 15.2116
15.0000 14.9735
15.0000 15.0957
15.0000 15.6939
15.0000 14.4541
15.0000 15.2678
15.0000 15.1567
15.0000 15.2146
15.0000 16.2693
15.0000 16.1750
15.0000 15.5113
15.0000 14.7245
15.0000 14.5793
15.0000 14.7256
15.0000 15.5949
15.0000 15.0695
15.0000 15.4241
15.0000 15.0662
15.0000 14.7108
15.0000 15.0916
15.0000 16.2795
15.0000 15.5532
15.0000 14.6619
15.0000 15.1443
15.0000 15.7439
15.0000 14.4322
15.0000 15.3170
15.0000 14.8206
15.0000 14.3075
15.0000 14.7429
15.0000 15.0310
15.0000 15.7749
15.0000 16.5291
15.0000 14.2981
15.0000 15.7057
15.0000 14.8324
15.0000 15.3244
15.0000 14.1796
15.0000 15.4819
15.0000 13.2485
15.0000 15.2701
15.0000 15.3189
15.0000 15.8507
15.0000 15.5171
15.0000 14.8444
15.0000 15.3230
15.0000 15.7833
15.0000 15.7866
15.0000 14.5514
15.0000 14.2978
15.0000 14.6366
15.0000 15.5625
15.0000 14.6280
15.0000 16.2197
15.0000 13.3673
15.0000 14.5798
15.0000 15.4303
15.0000 15.3843
15.0000 15.5422
15.0000 15.3822
15.0000 15.8873
15.0000 14.7312
15.0000 14.4622
15.0000 14.3893
15.0000 15.0835
15.0000 15.2815
15.0000 14.7921
15.0000 15.6899
15.0000 15.4438
15.0000 14.8545
15.0000 15.0785
15.0000 14.4625
15.0000 14.3919
15.0000 14.2871
15.0000 14.4354
15.0000 16.0046
15.0000 15.2707
15.0000 14.9445
15.0000 15.1597
15.0000 14.8294
15.0000 15.0140
15.0000 15.9164
15.0000 14.9127
15.0000 14.9871
15.0000 14.9659
15.0000 14.9186
15.0000 14.9691
15.0000 15.5018
15.0000 15.2117
15.0000 14.3861
15.0000 14.1427
15.0000 15.1839
15.0000 14.6456
15.0000 14.8342
15.0000 13.4503
15.0000 15.1001
15.0000 14.6870
15.0000 13.9048
15.0000 15.5167
15.0000 14.6217
15.0000 15.2044
15.0000 14.6327
15.0000 14.8293
15.0000 14.8229
15.0000 15.0365
15.0000 15.2661
15.0000 14.5761
15.0000 15.1711
15.0000 16.1009
15.0000 14.8841
15.0000 15.6227
15.0000 14.8135
15.0000 14.2474
15.0000 15.3336
15.0000 14.5697
15.0000 15.0812
15.0000 14.6145
15.0000 15.1762
15.0000 14.1990
15.0000 15.2354
15.0000 15.2316
15.0000 14.9537
15.0000 15.0248
15.0000 15.1174
15.0000 14.8900
15.0000 14.7214
15.0000 14.6349
15.0000 15.5943
15.0000 14.3083
15.0000 14.0408
15.0000 15.1036
15.0000 15.3067
15.0000 14.4458
15.0000 14.8831
15.0000 13.2829
15.0000 15.3408
15.0000 14.3953
15.0000 14.5202
15.0000 15.2628
15.0000 15.2394
15.0000 16.0931
15.0000 14.6872
15.0000 15.0898
15.0000 15.0653
15.0000 14.4949
15.0000 14.7377
15.0000 14.0111
15.0000 15.5189
15.0000 14.9736
15.0000 15.9611
15.0000 15.3041
15.0000 14.8274
15.0000 15.3009
15.0000 15.4568
15.0000 15.3142
15.0000 14.0534
15.0000 14.4753
15.0000 14.6219
15.0000 15.1270
15.0000 15.2307
15.0000 15.2123
15.0000 14.6277
15.0000 15.5491
15.0000 14.8639
15.0000 15.8284
15.0000 15.4485
15.0000 15.1347
15.0000 15.2346
15.0000 15.5241
15.0000 15.3242
15.0000 15.0956
15.0000 15.5112
15.0000 14.6444
15.0000 14.1049
15.0000 15.5661
15.0000 14.3203
15.0000 14.1128
15.0000 14.6407
15.0000 15.0411
15.0000 14.7611
15.0000 14.5523
15.0000 15.3258
15.0000 15.7860
15.0000 14.6711
15.0000 15.3511
15.0000 15.5158
15.0000 15.9914
15.0000 15.0452
15.0000 15.9546
15.0000 14.2518
15.0000 14.4985
15.0000 15.0215
15.0000 14.8027
15.0000 14.2413
15.0000 15.1102
15.0000 15.1452
15.0000 14.7694
15.0000 15.1569
15.0000 14.8399
15.0000 13.6160
15.0000 14.5376
15.0000 15.0765
15.0000 15.6879
15.0000 15.6296
15.0000 14.6310
15.0000 15.1741
15.0000 15.1340
15.0000 15.0943
15.0000 15.3672
15.0000 15.5589
15.0000 15.2414
15.0000 15.3465
15.0000 14.2627
15.0000 14.5236
15.0000 14.5358
15.0000 15.0054
15.0000 16.1287
15.0000 15.0999
15.0000 14.6660
15.0000 14.4224
15.0000 16.0910
15.0000 15.2524
15.0000 15.3476
15.0000 15.7402
15.0000 15.1327
15.0000 14.8877
15.0000 15.6161
15.0000 14.2528
15.0000 14.6490
15.0000 15.7534
15.0000 15.6362
15.0000 15.2349
15.0000 14.1121
15.0000 14.9870
15.0000 14.8986
15.0000 15.1972
15.0000 14.9538
15.0000 14.3179
15.0000 14.9826
15.0000 15.4801
15.0000 15.8556
15.0000 15.9853
15.0000 14.8719
15.0000 14.6664
15.0000 14.9912
15.0000 14.7662
15.0000 15.7822
15.0000 14.9048
15.0000 14.8482
15.0000 15.2737
15.0000 15.4331
15.0000 15.1909
15.0000 15.2075
15.0000 13.8730
15.0000 15.4103
15.0000 14.7208
15.0000 15.8683
15.0000 14.5837
15.0000 14.8652
15.0000 15.1023
15.0000 15.2262
15.0000 14.2734
15.0000 14.9414
15.0000 15.3407
15.0000 14.8416
15.0000 15.0521
15.0000 14.8212
15.0000 15.4441
15.0000 14.4163
15.0000 14.7407
15.0000 14.7544
15.0000 15.7343
15.0000 14.8718
15.0000 14.0008
15.0000 15.1368
15.0000 15.8748
15.0000 14.6362
15.0000 16.2415
15.0000 14.6875
15.0000 15.3683
15.0000 14.4069
15.0000 15.9155
15.0000 14.8172
15.0000 15.6389
15.0000 14.9698
15.0000 14.4220
15.0000 14.6524
15.0000 16.0753
15.0000 15.2107
15.0000 14.9880
15.0000 14.7639
15.0000 16.1229
15.0000 15.6424
15.0000 15.7641
15.0000 14.6872
15.0000 15.3856
15.0000 15.1507
15.0000 14.0751
15.0000 15.7808
15.0000 15.1337
15.0000 15.1227
15.0000 15.1263
15.0000 15.3381
15.0000 14.2022
15.0000 15.3815
15.0000 14.2697
15.0000 14.0263
15.0000 14.1729
15.0000 15.1919
15.0000 14.8745
15.0000 15.1494
15.0000 15.4114
15.0000 14.4698
15.0000 15.8051
15.0000 15.7989
15.0000 16.0451
15.0000 14.1396
15.0000 15.4878
15.0000 14.9701
15.0000 14.8544
15.0000 16.0178
15.0000 14.4284
15.0000 15.1935
15.0000 14.7649
15.0000 14.1281
15.0000 15.0164
15.0000 14.2710
15.0000 14.9282
15.0000 14.5917
15.0000 15.2756
15.0000 14.4958
15.0000 15.5356
15.0000 15.2691
15.0000 15.4700
15.0000 15.1228
15.0000 15.1831
15.0000 14.4736
15.0000 14.8704
15.0000 14.2261
15.0000 14.7417
15.0000 14.7128
15.0000 14.4371
15.0000 15.1947
15.0000 15.5080
15.0000 13.8695
15.0000 15.6083
15.0000 14.8224
15.0000 16.0750
15.0000 15.1350
15.0000 14.8469
15.0000 14.7200
15.0000 15.5343
15.0000 14.3872
15.0000 15.5884
15.0000 15.5736
15.0000 15.2910
15.0000 14.5405
15.0000 15.0033
15.0000 13.2408
15.0000 14.6146
15.0000 12.7698
15.0000 14.3228
15.0000 14.7884
15.0000 15.6927
15.0000 14.8508
15.0000 14.8462
15.0000 15.1540
15.0000 14.9018
15.0000 14.7838
15.0000 14.9485
15.0000 15.0079
15.0000 14.2692
15.0000 14.8795
15.0000 14.7960
15.0000 15.5108
15.0000 14.3592
15.0000 14.5772
15.0000 14.6414
15.0000 14.2028
15.0000 15.7645
15.0000 14.5880
15.0000 15.0485
15.0000 14.2691
15.0000 14.5146
15.0000 14.2164
15.0000 14.1712
15.0000 15.7618
15.0000 14.7094
15.0000 14.7015
15.0000 16.0114
15.0000 15.8114
15.0000 15.0193
15.0000 14.5072
15.0000 15.1769
15.0000 14.8902
15.0000 14.5368
15.0000 14.3722
15.0000 14.8595
15.0000 14.3550
15.0000 14.7968
15.0000 14.2602
15.0000 15.2157
15.0000 14.7733
15.0000 14.5867
15.0000 14.8067
15.0000 15.1976
15.0000 14.7464
15.0000 15.6854
15.0000 15.9004
15.0000 15.5915
15.0000 14.5587
15.0000 15.2843
15.0000 15.2209
15.0000 14.1063
15.0000 14.9718
15.0000 14.9676
15.0000 15.6478
15.0000 14.4511
15.0000 14.9710
15.0000 14.5457
15.0000 14.5676
15.0000 15.1108
15.0000 15.0159
15.0000 15.1830
15.0000 14.3015
15.0000 14.7464
15.0000 14.4666
15.0000 14.6157
15.0000 15.5336
15.0000 14.8970
15.0000 14.2076
15.0000 14.2652
15.0000 15.0669
15.0000 14.1021
15.0000 16.0334
15.0000 14.8059
15.0000 14.9669
15.0000 15.5392
15.0000 15.0765
15.0000 14.8113
15.0000 15.6785
15.0000 14.6554
15.0000 15.4428
15.0000 14.8277
15.0000 14.4678
15.0000 14.8265
15.0000 14.9854
15.0000 14.7538
15.0000 15.8581
15.0000 14.2537
15.0000 14.6818
15.0000 14.7348
15.0000 16.0125
15.0000 14.9886
15.0000 14.8872
15.0000 15.2317
15.0000 14.8091
15.0000 14.9527
15.0000 14.3785
15.0000 15.2183
15.0000 14.7645
15.0000 14.9873
15.0000 14.2958
15.0000 13.7822
15.0000 14.2761
15.0000 16.1817
15.0000 15.4648
15.0000 15.2822
15.0000 15.3150
15.0000 14.5344
15.0000 16.4285
15.0000 15.1050
15.0000 15.7361
15.0000 14.8733
15.0000 14.9740
15.0000 14.5451
15.0000 15.4926
15.0000 15.1915
15.0000 14.5594
15.0000 15.2915
15.0000 15.0160
15.0000 14.0573
15.0000 15.0199
15.0000 13.9818
15.0000 14.2975
15.0000 14.7080
15.0000 16.0803
15.0000 15.4078
15.0000 15.9242
15.0000 15.3407
15.0000 14.7548
15.0000 15.7812
15.0000 15.9117
15.0000 14.6700
15.0000 14.0330
15.0000 15.8357
15.0000 14.9071
15.0000 14.7616
15.0000 14.9156
15.0000 14.7474
15.0000 14.4791
15.0000 14.5327
15.0000 16.4784
15.0000 14.2702
15.0000 14.5251
15.0000 14.6145
15.0000 14.9790
15.0000 15.2828
15.0000 15.2555
15.0000 15.0280
15.0000 14.7525
15.0000 15.1295
15.0000 15.2766
15.0000 14.7193
15.0000 15.4895
15.0000 14.7279
15.0000 14.6536
15.0000 14.8146
15.0000 15.0144
15.0000 15.4695
15.0000 14.8544
15.0000 15.1026
15.0000 15.5562
15.0000 14.9481
15.0000 14.8959
15.0000 14.3918
15.0000 15.6378
15.0000 14.9838
15.0000 15.8971
15.0000 14.1731
15.0000 14.7623
15.0000 15.5756
15.0000 14.8999
15.0000 15.3695
15.0000 14.6775
15.0000 15.4429
15.0000 16.1558
15.0000 14.7142
15.0000 14.8033
15.0000 16.2413
15.0000 15.0109
15.0000 14.2829
15.0000 15.0632
15.0000 14.9007
15.0000 14.6303
15.0000 15.6766
15.0000 16.1719
15.0000 14.8818
15.0000 15.4897
15.0000 14.6784
15.0000 14.1575
15.0000 14.4417
15.0000 14.8912
15.0000 15.1568
15.0000 14.9543
15.0000 14.4659
15.0000 15.0220
15.0000 14.6153
15.0000 14.9661
15.0000 14.9614
15.0000 14.1080
15.0000 14.9456
15.0000 14.9493
15.0000 14.9020
15.0000 14.9667
15.0000 15.5146
15.0000 14.9972
15.0000 15.1652
15.0000 15.0094
15.0000 15.0816
15.0000 14.6734
15.0000 15.2055
15.0000 14.8787
15.0000 15.1470
15.0000 14.9266
15.0000 14.7444
15.0000 16.0173
15.0000 15.9769
15.0000 13.6536
15.0000 15.0795
15.0000 15.7105
15.0000 15.0195
15.0000 15.0696
15.0000 14.6584
15.0000 15.1678
15.0000 15.5120
15.0000 15.4046
15.0000 14.5474
15.0000 14.5011
15.0000 14.3594
15.0000 14.9285
15.0000 15.7294
15.0000 14.4636
15.0000 15.2227
15.0000 14.8298
15.0000 14.5860
15.0000 14.2031
15.0000 15.3963
15.0000 13.8702
15.0000 15.2661
15.0000 15.5810
15.0000 14.6797
15.0000 15.3935
15.0000 14.6589
15.0000 15.9868
15.0000 14.5849
15.0000 15.1819
15.0000 15.6161
15.0000 14.4763
15.0000 15.3719
15.0000 17.0617
15.0000 15.3430
15.0000 14.0088
15.0000 13.9435
15.0000 14.5178
15.0000 14.4214
15.0000 14.5387
15.0000 14.9684
15.0000 14.8300
15.0000 15.8409
15.0000 14.3957
15.0000 14.2123
15.0000 15.1785
15.0000 15.5276
15.0000 14.6692
15.0000 14.7347
15.0000 14.2254
15.0000 15.0866
15.0000 14.7079
15.0000 14.6805
15.0000 14.9579
15.0000 14.3460
15.0000 14.4747
15.0000 15.6126
15.0000 15.1543
15.0000 14.7439
15.0000 16.0188
15.0000 14.8792
15.0000 15.0939
15.0000 14.9372
15.0000 16.0212
15.0000 14.6307
15.0000 14.7824
15.0000 14.4730
15.0000 15.2959
15.0000 14.4813
15.0000 14.5911
15.0000 16.2315
15.0000 14.2282
15.0000 16.4519
15.0000 15.1892
15.0000 14.2116
15.0000 14.6298
15.0000 15.4896
15.0000 15.6181
15.0000 14.0359
15.0000 15.4572
15.0000 15.8905
15.0000 14.1337
15.0000 14.1898
15.0000 14.4428
15.0000 15.7681
15.0000 14.5995
15.0000 14.4976
15.0000 15.2879
15.0000 14.3976
15.0000 15.4574
15.0000 14.2789
15.0000 14.5400
15.0000 15.2857
15.0000 14.6367
15.0000 15.5333
15.0000 15.1222
15.0000 15.4819
15.0000 15.0793
15.0000 14.4438
15.0000 14.9205
15.0000 14.5789
15.0000 15.1869
15.0000 15.5466
15.0000 14.4457
15.0000 14.4385
15.0000 14.1350
15.0000 14.7911
15.0000 15.6213
15.0000 15.0707
15.0000 14.9594
15.0000 14.1534
15.0000 14.4881
15.0000 15.0838
15.0000 13.2461
15.0000 14.8896
15.0000 14.4493
15.0000 14.6578
15.0000 15.0295
15.0000 14.7680
15.0000 15.3911
15.0000 15.0181
15.0000 14.6960
15.0000 15.3266
15.0000 15.6449
15.0000 14.2833
15.0000 15.5849
15.0000 15.4046
15.0000 14.2193
15.0000 15.5684
15.0000 15.2693
15.0000 14.9348
15.0000 15.8363
15.0000 15.4326
15.0000 14.7603
15.0000 14.8754
15.0000 14.4535
15.0000 14.7952
15.0000 14.2816
15.0000 14.7247
15.0000 15.1855
15.0000 14.9004
15.0000 14.9143
15.0000 14.4377
15.0000 16.1388
15.0000 14.3421
15.0000 16.1866
15.0000 15.9973
15.0000 14.4424
15.0000 15.2338
15.0000 15.6566
15.0000 15.2354
15.0000 15.2601
15.0000 15.8351
15.0000 15.0896
15.0000 14.4777
15.0000 15.6116
15.0000 14.7477
15.0000 15.4196
15.0000 15.4215
15.0000 14.4910
15.0000 13.7783
15.0000 14.2286
15.0000 14.8642
15.0000 15.6581
15.0000 14.8170
15.0000 14.7351
15.0000 14.4821
15.0000 15.4396
15.0000 13.9282
15.0000 14.2167
15.0000 14.6598
15.0000 15.0298
15.0000 15.2193
15.0000 14.9155
15.0000 15.3735
15.0000 14.4275
15.0000 15.0030
15.0000 14.4576
15.0000 15.2821
15.0000 15.0573
15.0000 14.6477
15.0000 13.3029
15.0000 15.1065
15.0000 15.4824
15.0000 14.5745
15.0000 15.5917
15.0000 14.9831
15.0000 15.6377
15.0000 14.5950
15.0000 15.3091
15.0000 15.1841
15.0000 15.1681
15.0000 14.5812
15.0000 15.1908
15.0000 15.9842
15.0000 14.4270
15.0000 15.4023
15.0000 14.2898
15.0000 15.4872
15.0000 14.5263
15.0000 14.8661
15.0000 15.3055
15.0000 14.8890
15.0000 14.0057
15.0000 14.2827
15.0000 15.3904
15.0000 14.5678
15.0000 14.5968
15.0000 14.7348
15.0000 15.1467
15.0000 14.7944
15.0000 14.8794
15.0000 13.6831
15.0000 15.0129
15.0000 15.2749
15.0000 15.4852
15.0000 14.4791
15.0000 14.7845
15.0000 15.5289
15.0000 15.5302
15.0000 14.4979
15.0000 15.0829
15.0000 14.7970
15.0000 13.8094
15.0000 15.0533
15.0000 14.5429
15.0000 14.9840
15.0000 15.7414
15.0000 14.1730
15.0000 15.0708
15.0000 14.7068
15.0000 14.2083
15.0000 15.2348
15.0000 15.3838
15.0000 14.9627
15.0000 15.2200
15.0000 16.1461
15.0000 14.2877
15.0000 15.4516
15.0000 15.2833
15.0000 14.3554
15.0000 15.4646
15.0000 15.8505
15.0000 14.8364
15.0000 15.1995
15.0000 15.0677
15.0000 14.5183
15.0000 14.6419
15.0000 15.3874
15.0000 14.5209
15.0000 16.2909
15.0000 15.0655
15.0000 15.0907
15.0000 14.3951
15.0000 15.2743
15.0000 14.8701
15.0000 15.5775
15.0000 14.4981
15.0000 14.7875
15.0000 14.7506
15.0000 14.6779
15.0000 15.6004
15.0000 15.0602
15.0000 15.7735
15.0000 15.3771
15.0000 14.7014
15.0000 15.0676
15.0000 14.6949
15.0000 14.3726
15.0000 15.3679
15.0000 14.7890
15.0000 15.2957
15.0000 14.6469
15.0000 15.3159
15.0000 14.7281
15.0000 15.1917
15.0000 14.7140
15.0000 15.8262
15.0000 15.0923
15.0000 14.9361
15.0000 14.3185
15.0000 15.2317
15.0000 14.8170
15.0000 15.1094
15.0000 14.6173
15.0000 14.6529
15.0000 15.0699
15.0000 14.6435
15.0000 14.8997
15.0000 15.6225
15.0000 14.5765
15.0000 15.1075
15.0000 15.5026
15.0000 16.1983
15.0000 15.6656
15.0000 15.5757
15.0000 15.9140
15.0000 14.9786
15.0000 14.7365
15.0000 15.4456
15.0000 15.1742
15.0000 15.5755
15.0000 13.9499
15.0000 14.2685
15.0000 15.2366
15.0000 15.7411
15.0000 14.8677
15.0000 14.4190
15.0000 15.3290
15.0000 16.4313
15.0000 14.8034
15.0000 14.2660
15.0000 15.6278
15.0000 15.1119
15.0000 15.3620
15.0000 15.3998
15.0000 14.1694
15.0000 15.4163
15.0000 14.7035
15.0000 15.8042
15.0000 16.0225
15.0000 15.6913
15.0000 14.7026
15.0000 14.4504
15.0000 14.7410
15.0000 14.0541
15.0000 14.7173
15.0000 15.3751
15.0000 14.6328
15.0000 14.7218
15.0000 13.2679
15.0000 14.2642
15.0000 14.2318
15.0000 14.9615
15.0000 14.9536
15.0000 16.0797
15.0000 15.3574
15.0000 15.3232
15.0000 14.8148
15.0000 15.1731
15.0000 15.1450
15.0000 14.6837
15.0000 15.7330
15.0000 15.3957
15.0000 15.7107
15.0000 14.7776
15.0000 15.6467
15.0000 14.4565
15.0000 15.7923
15.0000 15.1557
15.0000 15.3554
15.0000 14.9101
15.0000 15.4601
15.0000 15.0578
15.0000 14.6516
15.0000 15.4357
15.0000 15.6388
15.0000 14.3354
15.0000 14.6891
15.0000 15.0024
15.0000 14.0319
15.0000 14.5201
15.0000 15.2069
15.0000 15.6328
15.0000 14.4552
15.0000 14.7631
15.0000 16.5599
15.0000 14.5534
15.0000 14.2662
15.0000 12.8440
15.0000 14.7062
15.0000 15.6814
15.0000 13.7780
15.0000 14.7373
15.0000 14.7566
15.0000 14.1318
15.0000 15.5534
15.0000 14.5828
15.0000 15.4384
15.0000 14.7378
15.0000 14.7249
15.0000 14.7090
15.0000 14.3493
15.0000 16.2482
15.0000 15.4376
15.0000 14.7725
15.0000 16.1189
15.0000 15.6424
15.0000 14.7135
15.0000 16.4389
15.0000 15.1136
15.0000 15.0729
15.0000 15.8905
15.0000 14.6019
15.0000 15.4294
15.0000 14.9760
15.0000 15.7466
15.0000 15.2493
15.0000 14.6571
15.0000 15.6111
15.0000 14.4650
15.0000 14.7528
15.0000 13.6077
15.0000 14.2572
15.0000 15.7013
15.0000 14.5004
15.0000 14.5284
15.0000 14.8678
15.0000 14.0972
15.0000 15.6881
15.0000 15.5744
15.0000 15.9963
15.0000 15.1206
15.0000 15.0064
15.0000 15.9890
15.0000 14.6673
15.0000 14.8855
15.0000 14.7317
15.0000 14.8598
15.0000 14.9174
15.0000 15.3842
15.0000 14.6988
15.0000 14.1473
15.0000 15.0564
15.0000 15.0454
15.0000 15.2899
15.0000 14.7050
15.0000 15.0881
15.0000 15.3818
15.0000 14.1605
15.0000 14.0444
15.0000 15.9561
15.0000 14.9662
15.0000 15.1084
15.0000 14.7643
15.0000 14.5247
15.0000 14.6040
15.0000 15.4599
15.0000 15.7027
15.0000 14.9912
15.0000 14.1955
15.0000 14.6744
15.0000 15.8000
15.0000 14.4467
15.0000 14.8265
15.0000 14.0125
15.0000 14.5144
15.0000 15.1477
15.0000 15.6375
15.0000 15.7189
15.0000 15.1710
15.0000 15.2726
15.0000 14.7489
15.0000 16.6459
15.0000 14.9882
15.0000 14.5534
15.0000 15.2586
15.0000 14.5578
15.0000 15.2855
15.0000 14.7777
15.0000 15.9242
15.0000 16.9265
15.0000 15.1014
15.0000 15.4403
15.0000 15.1824
15.0000 14.1269
15.0000 15.8732
15.0000 14.8416
15.0000 14.6741
15.0000 15.6207
15.0000 15.6021
15.0000 14.9268
15.0000 14.7656
15.0000 14.3459
15.0000 15.0591
15.0000 15.3534
15.0000 15.3165
15.0000 14.7949
15.0000 15.2752
15.0000 15.8967
15.0000 14.6239
15.0000 15.0065
15.0000 15.1902
15.0000 14.6533
15.0000 15.4285
15.0000 15.1515
15.0000 14.4068
15.0000 15.3224
15.0000 13.9746
15.0000 14.3987
15.0000 14.9791
15.0000 15.6067
15.0000 14.4705
15.0000 15.8030
15.0000 14.4257
15.0000 15.7354
15.0000 14.5581
15.0000 15.8261
15.0000 16.0326
15.0000 14.5965
15.0000 14.7746
15.0000 12.7998
15.0000 14.8609
15.0000 15.7667
15.0000 15.0921
15.0000 15.8281
15.0000 14.3251
15.0000 15.9402
15.0000 14.0043
15.0000 14.8868
15.0000 15.2177
15.0000 15.3833
15.0000 15.2758
15.0000 14.9770
15.0000 15.0767
15.0000 14.7312
15.0000 15.0436
15.0000 14.4763
15.0000 15.6467
15.0000 14.6617
15.0000 13.9604
15.0000 15.0185
15.0000 15.5471
15.0000 15.6417
15.0000 14.7402
15.0000 15.6125
15.0000 15.0835
15.0000 14.1493
15.0000 14.1562
15.0000 14.8656
15.0000 14.0898
15.0000 14.8249
15.0000 15.3182
15.0000 15.1864
15.0000 14.6605
15.0000 14.7686
15.0000 16.0408
15.0000 14.4041
15.0000 14.9132
15.0000 14.5037
15.0000 14.4201
15.0000 14.0204
15.0000 14.7741
15.0000 15.3916
15.0000 14.6410
15.0000 15.0045
15.0000 15.7449
15.0000 14.9902
15.0000 15.7922
15.0000 14.4877
15.0000 14.4580
15.0000 14.8631
15.0000 14.7910
15.0000 15.2929
15.0000 14.3453
15.0000 14.9847
15.0000 14.9328
15.0000 14.8102
15.0000 14.8049
15.0000 14.3722
15.0000 16.1664
15.0000 14.1949
15.0000 15.9240
15.0000 14.9977
15.0000 15.1730
15.0000 15.2535
15.0000 15.3081
15.0000 16.2742
15.0000 15.1789
15.0000 14.6738
15.0000 14.7983
15.0000 14.5759
15.0000 14.6282
15.0000 15.8167
15.0000 15.0143
15.0000 16.4406
15.0000 15.4918
15.0000 14.6989
15.0000 14.3781
15.0000 15.8237
15.0000 14.3567
15.0000 14.3819
15.0000 14.8476
15.0000 15.1734
15.0000 14.5986
15.0000 15.2159
15.0000 15.5080
15.0000 14.5873
15.0000 15.0177
15.0000 13.9734
15.0000 15.2035
15.0000 15.3384
15.0000 15.2165
15.0000 14.9014
15.0000 14.4884
15.0000 14.7367
15.0000 15.0448
15.0000 15.2922
15.0000 16.4631
15.0000 14.9176
15.0000 14.7722
15.0000 14.6192
15.0000 15.3980
15.0000 13.9376
15.0000 14.6996
15.0000 15.7212
15.0000 14.6278
15.0000 13.6723
15.0000 15.5728
15.0000 13.7348
15.0000 14.3631
15.0000 14.5213
15.0000 14.5908
15.0000 15.3819
15.0000 14.8069
15.0000 14.7234
15.0000 14.8785
15.0000 15.9712
15.0000 14.8903
15.0000 13.8278
15.0000 15.8728
15.0000 14.1353
15.0000 15.0733
15.0000 15.9002
15.0000 15.7837
15.0000 14.4560
15.0000 14.8038
15.0000 15.4567
15.0000 14.6468
15.0000 16.6985
15.0000 15.4596
15.0000 15.4296
15.0000 14.4415
15.0000 15.2148
15.0000 13.8783
15.0000 15.2838
15.0000 15.7864
15.0000 15.6152
15.0000 14.6748
15.0000 13.4375
15.0000 15.0079
15.0000 15.2483
15.0000 14.8561
15.0000 15.3435
15.0000 14.7941
15.0000 15.0127
15.0000 14.8520
15.0000 14.9226
15.0000 15.0573
15.0000 14.2403
15.0000 13.7613
15.0000 15.9800
15.0000 15.1064
15.0000 14.3834
15.0000 15.2353
15.0000 14.4295
15.0000 14.5656
15.0000 15.6712
15.0000 15.0861
15.0000 14.5984
15.0000 15.3303
15.0000 14.9880
15.0000 15.2709
15.0000 14.8590
15.0000 14.9946
15.0000 15.1950
15.0000 14.5177
15.0000 15.6572
15.0000 15.1390
15.0000 15.2567
15.0000 15.3788
15.0000 14.0017
15.0000 14.5594
15.0000 15.0891
15.0000 15.9245
15.0000 15.4585
15.0000 14.2646
15.0000 15.2141
15.0000 14.4925
15.0000 15.3548
15.0000 14.3864
15.0000 14.3709
15.0000 14.6936
15.0000 15.3262
15.0000 15.9584
15.0000 15.3765
15.0000 15.5875
15.0000 14.0314
15.0000 14.3647
15.0000 14.5084
15.0000 15.4456
15.0000 15.6954
15.0000 15.8089
15.0000 15.0748
15.0000 15.5446
15.0000 14.6889
15.0000 15.5453
15.0000 14.8433
15.0000 15.4847
15.0000 13.5136
15.0000 14.2065
15.0000 15.2592
15.0000 14.9007
15.0000 14.9746
15.0000 14.9504
15.0000 14.7212
15.0000 14.7056
15.0000 14.6453
15.0000 15.9337
15.0000 15.1976
15.0000 15.3944
15.0000 15.1952
15.0000 15.8503
15.0000 14.2394
15.0000 14.9462
15.0000 14.7694
15.0000 15.8710
15.0000 15.8629
15.0000 14.7180
15.0000 14.3913
15.0000 15.8348
15.0000 14.3372
15.0000 14.9093
15.0000 15.1826
15.0000 15.5782
15.0000 15.9409
15.0000 14.3324
15.0000 14.7086
15.0000 15.0268
15.0000 15.2888
15.0000 14.0125
15.0000 14.4552
15.0000 13.8899
15.0000 14.2650
15.0000 14.6876
15.0000 15.2131
15.0000 15.0627
15.0000 14.2828
15.0000 15.4380
15.0000 14.8251
15.0000 14.6125
15.0000 14.4326
15.0000 13.8431
15.0000 15.2798
15.0000 15.1125
15.0000 14.0741
15.0000 16.5763
15.0000 15.0420
15.0000 14.7338
15.0000 15.4411
15.0000 14.3773
15.0000 15.1120
15.0000 14.4123
15.0000 14.4662
15.0000 15.0054
15.0000 14.2172
15.0000 15.1646
15.0000 14.8383
15.0000 14.5288
15.0000 14.9276
15.0000 15.3360
15.0000 14.6631
15.0000 14.7927
15.0000 15.4304
15.0000 15.7862
15.0000 14.6066
15.0000 13.9539
15.0000 15.6118
15.0000 14.5313
15.0000 15.4358
15.0000 14.6305
15.0000 14.8472
15.0000 15.1938
15.0000 13.8183
15.0000 14.7741
15.0000 14.8544
15.0000 14.6974
15.0000 14.8150
15.0000 15.2765
15.0000 15.0355
15.0000 15.3478
15.0000 14.9686
15.0000 14.4199
15.0000 15.0980
15.0000 14.2534
15.0000 14.9271
15.0000 15.4902
15.0000 15.0720
15.0000 14.2720
15.0000 15.6853
15.0000 15.7143
15.0000 14.9331
15.0000 14.5309
15.0000 14.2282
15.0000 15.3411
15.0000 15.0435
15.0000 15.5025
15.0000 14.7560
15.0000 15.1426
15.0000 15.0789
15.0000 15.4020
15.0000 16.1804
15.0000 14.5462
15.0000 15.3390
15.0000 15.7223
15.0000 14.6894
15.0000 14.4879
15.0000 14.0893
15.0000 15.4086
15.0000 14.3663
15.0000 15.0034
15.0000 14.7308
15.0000 14.9666
15.0000 14.8593
15.0000 14.8399
15.0000 13.9276
15.0000 14.6182
15.0000 14.2193
15.0000 16.1241
15.0000 15.2384
15.0000 14.5089
15.0000 14.5745
15.0000 14.3850
15.0000 15.6777
15.0000 15.1209
15.0000 15.0763
15.0000 14.6766
15.0000 14.7776
15.0000 13.8860
15.0000 14.9420
15.0000 15.4207
15.0000 14.9480
15.0000 15.2561
15.0000 14.1597
15.0000 14.7979
15.0000 15.1348
15.0000 15.3209
15.0000 15.4913
15.0000 15.0826
15.0000 15.1841
15.0000 14.5642
15.0000 15.1390
15.0000 15.1007
15.0000 15.4199
15.0000 15.3642
15.0000 15.3189
15.0000 14.6766
15.0000 13.9545
15.0000 15.1595
15.0000 15.1197
15.0000 15.6388
15.0000 14.5718
15.0000 14.0213
15.0000 13.7903
15.0000 14.7327
15.0000 15.0209
15.0000 14.4975
15.0000 15.8394
15.0000 14.3904
15.0000 14.5872
15.0000 14.7442
15.0000 14.8277
15.0000 16.1387
15.0000 15.5904
15.0000 14.5081
15.0000 14.7779
15.0000 15.1581
15.0000 14.4105
15.0000 15.1401
15.0000 15.0176
15.0000 15.0683
15.0000 14.1009
15.0000 14.6543
15.0000 15.5033
15.0000 14.8729
15.0000 14.6420
15.0000 15.4030
15.0000 14.3964
15.0000 16.2377
15.0000 14.6511
15.0000 14.9141
15.0000 15.2591
15.0000 15.9306
15.0000 14.4630
15.0000 14.2866
15.0000 15.3349
15.0000 15.5861
15.0000 15.0612
15.0000 14.7584
15.0000 15.1869
15.0000 15.1703
15.0000 15.4005
15.0000 15.3881
15.0000 14.7422
15.0000 14.7707
15.0000 13.7297
15.0000 15.3183
15.0000 14.4329
15.0000 14.7872
15.0000 15.0809
15.0000 14.7148
15.0000 16.3576
15.0000 15.4264
15.0000 15.2504
15.0000 15.4403
15.0000 15.0618
15.0000 15.5836
15.0000 15.1678
15.0000 14.8774
15.0000 13.8337
15.0000 14.4310
15.0000 15.3865
15.0000 15.3242
15.0000 15.3788
15.0000 15.7424
15.0000 14.6513
15.0000 14.1014
15.0000 14.1898
15.0000 16.0921
15.0000 13.7094
15.0000 14.6688
15.0000 14.1930
15.0000 14.8188
15.0000 15.7501
15.0000 14.8680
15.0000 15.6852
15.0000 14.3560
15.0000 15.4697
15.0000 15.9867
15.0000 14.7812
15.0000 14.1010
15.0000 14.5186
15.0000 15.0902
15.0000 15.3896
15.0000 14.4058
15.0000 14.1866
15.0000 15.5465
15.0000 16.1158
15.0000 14.9610
15.0000 15.4761
15.0000 15.4056
15.0000 15.4421
15.0000 15.0534
15.0000 14.6395
15.0000 15.7382
15.0000 14.6084
15.0000 14.3328
15.0000 14.5673
15.0000 14.3505
15.0000 15.1505
15.0000 15.0726
15.0000 14.6359
15.0000 14.3749
15.0000 13.8633
15.0000 15.1077
15.0000 15.0019
15.0000 14.3948
15.0000 15.4416
15.0000 14.4664
15.0000 15.1559
15.0000 15.6004
15.0000 14.9793
15.0000 14.6732
15.0000 14.7622
15.0000 14.9877
15.0000 15.0293
15.0000 14.6893
15.0000 15.3456
15.0000 14.9128
15.0000 14.8207
15.0000 15.7018
15.0000 14.6892
15.0000 15.3456
15.0000 15.6768
15.0000 14.8253
15.0000 14.8589
15.0000 15.5377
15.0000 14.7481
15.0000 15.0433
15.0000 15.3313
15.0000 14.4659
15.0000 15.5983
15.0000 15.9579
15.0000 14.6121
15.0000 14.8315
15.0000 15.2493
15.0000 15.3211
15.0000 14.4933
15.0000 15.4215
15.0000 14.9849
15.0000 14.7695
15.0000 14.5233
15.0000 15.3399
15.0000 14.9838
15.0000 14.4462
15.0000 14.3716
15.0000 14.5357
15.0000 14.7541
15.0000 15.3167
15.0000 14.7413
15.0000 14.9260
15.0000 14.7315
15.0000 14.1933
15.0000 15.1644
15.0000 14.8599
15.0000 15.7586
15.0000 15.6156
15.0000 14.4466
15.0000 15.4280
15.0000 14.2946
15.0000 15.3310
15.0000 14.6049
15.0000 15.1709
15.0000 14.3859
15.0000 16.0352
15.0000 14.5473
15.0000 15.2283
15.0000 14.9367
15.0000 16.1382
15.0000 15.4279
15.0000 14.9303
15.0000 14.7449
15.0000 14.6615
15.0000 14.6072
15.0000 15.7082
15.0000 14.3192
15.0000 15.5212
15.0000 15.3629
15.0000 15.1896
15.0000 14.7776
15.0000 14.3603
15.0000 15.3401
15.0000 14.1619
15.0000 14.7326
15.0000 14.9325
15.0000 14.7941
15.0000 15.1877
15.0000 14.4428
15.0000 14.4674
15.0000 14.8735
15.0000 15.1709
15.0000 15.4352
15.0000 15.6234
15.0000 14.8171
15.0000 14.2561
15.0000 15.3706
15.0000 13.6367
15.0000 15.3535
15.0000 14.9770
15.0000 14.8525
15.0000 14.5901
15.0000 15.1076
15.0000 14.0597
15.0000 14.9089
15.0000 15.7936
15.0000 14.8685
15.0000 13.4317
15.0000 15.1061
15.0000 15.1888
15.0000 14.6822
15.0000 15.5123
15.0000 16.3761
15.0000 15.6472
15.0000 15.1841
15.0000 17.1546
15.0000 14.7658
15.0000 14.9278
15.0000 15.1730
15.0000 14.1565
15.0000 14.3720
15.0000 15.1587
15.0000 15.0098
15.0000 15.0140
15.0000 15.6246
15.0000 15.1126
15.0000 15.0837
15.0000 14.4798
15.0000 14.3956
15.0000 14.7643
15.0000 15.6554
15.0000 15.4631
15.0000 15.4765
15.0000 15.6158
15.0000 14.7965
15.0000 15.4667
15.0000 15.5255
15.0000 15.8096
15.0000 15.2171
15.0000 14.6563
15.0000 15.6782
15.0000 15.0554
15.0000 14.8485
15.0000 15.3806
15.0000 14.8859
15.0000 15.2095
15.0000 16.1596
15.0000 15.0998
15.0000 16.2072
15.0000 15.3971
15.0000 15.5366
15.0000 14.2247
15.0000 15.3222
15.0000 15.0722
15.0000 14.9057
15.0000 14.9249
15.0000 15.3978
15.0000 15.0457
15.0000 15.3546
15.0000 15.6361
15.0000 14.7969
15.0000 15.3289
15.0000 14.6864
15.0000 14.8478
15.0000 14.7776
15.0000 15.0569
15.0000 14.6450
15.0000 14.4602
15.0000 14.9155
15.0000 15.1563
15.0000 15.0004
15.0000 15.5667
15.0000 14.3901
15.0000 14.4553
15.0000 14.7600
15.0000 15.3607
15.0000 15.3399
15.0000 14.5394
15.0000 15.3556
15.0000 15.8076
15.0000 13.7986
15.0000 16.0260
15.0000 14.9180
15.0000 14.8952
15.0000 14.7662
15.0000 15.4432
15.0000 15.0723
15.0000 15.3266
15.0000 15.7055
15.0000 14.8458
15.0000 14.3286
15.0000 15.2606
15.0000 14.5985
15.0000 15.1440
15.0000 14.6242
15.0000 14.6013
15.0000 15.9356
15.0000 15.4875
15.0000 15.3694
15.0000 14.8051
15.0000 15.2970
15.0000 14.8900
15.0000 15.0951
15.0000 15.1512
15.0000 14.7163
15.0000 14.9911
15.0000 16.1671
15.0000 14.8923
15.0000 13.9895
15.0000 15.3393
15.0000 14.3549
15.0000 14.5475
15.0000 15.8094
15.0000 14.5870
15.0000 14.7510
15.0000 14.5736
15.0000 15.1210
15.0000 14.3595
15.0000 14.8693
15.0000 14.1146
15.0000 14.0397
15.0000 15.1529
15.0000 14.3737
15.0000 15.2592
15.0000 15.5081
15.0000 14.9885
15.0000 13.9170
15.0000 15.0480
15.0000 14.3434
15.0000 14.6585
15.0000 15.7645
15.0000 14.4547
15.0000 15.3516
15.0000 14.7372
15.0000 14.3109
15.0000 14.7202
15.0000 14.9406
15.0000 14.7993
15.0000 14.4787
15.0000 15.0694
15.0000 14.6841
15.0000 16.3631
15.0000 14.9678
15.0000 13.8494
15.0000 15.3171
15.0000 14.9713
15.0000 14.8727
15.0000 15.6166
15.0000 14.9036
15.0000 14.6330
15.0000 15.3176
15.0000 14.8588
15.0000 15.2383
15.0000 15.0744
15.0000 13.6017
15.0000 14.7865
15.0000 15.1832
15.0000 15.2167
15.0000 16.3330
15.0000 15.3020
15.0000 15.6048
15.0000 14.9595
15.0000 14.0698
15.0000 15.4278
15.0000 15.7244
15.0000 14.1658
15.0000 14.7810
15.0000 14.1996
15.0000 15.1073
15.0000 14.4647
15.0000 14.3969
15.0000 14.2926
15.0000 14.4938
15.0000 13.7571
15.0000 14.4510
15.0000 16.0792
15.0000 15.1142
15.0000 15.0499
15.0000 15.1255
15.0000 14.5526
15.0000 14.8367
15.0000 15.4264
15.0000 15.1699
15.0000 16.0941
15.0000 15.5652
15.0000 15.4180
15.0000 15.4040
15.0000 14.5123
15.0000 15.7889
15.0000 15.4004
15.0000 15.2098
15.0000 15.3099
15.0000 14.4868
15.0000 14.6552
15.0000 14.2039
15.0000 15.2949
15.0000 15.8403
15.0000 14.7997
15.0000 15.0109
15.0000 14.8174
15.0000 15.3321
15.0000 13.5342
15.0000 15.5033
15.0000 14.2407
15.0000 14.9196
15.0000 14.6187
15.0000 14.4288
15.0000 15.1981
15.0000 14.7468
15.0000 15.4064
15.0000 14.9097
15.0000 15.3063
15.0000 15.0465
15.0000 15.0325
15.0000 15.3160
15.0000 14.9804
15.0000 14.4788
15.0000 15.2100
15.0000 14.8640
15.0000 14.5957
15.0000 14.8997
15.0000 14.8526
15.0000 14.8657
15.0000 15.0520
15.0000 14.8519
15.0000 14.9994
15.0000 15.6272
15.0000 15.0174
15.0000 13.6697
15.0000 14.1824
15.0000 15.5085
15.0000 14.0622
15.0000 15.5001
15.0000 15.2206
15.0000 14.3116
15.0000 14.7963
15.0000 14.6213
15.0000 14.4496
15.0000 14.5897
15.0000 15.2116
15.0000 14.7808
15.0000 14.9440
15.0000 14.1727
15.0000 15.1998
15.0000 15.0495
15.0000 15.1617
15.0000 15.6424
15.0000 13.7813
15.0000 14.1665
15.0000 15.3119
15.0000 15.0880
15.0000 14.8052
15.0000 14.9115
15.0000 15.4089
15.0000 15.0874
15.0000 14.9264
15.0000 14.4342
15.0000 15.6682
15.0000 14.5454
15.0000 15.9525
15.0000 14.7399
15.0000 14.6892
15.0000 15.1857
15.0000 14.4767
15.0000 15.0082
15.0000 15.4989
15.0000 15.4801
15.0000 15.2085
15.0000 15.5904
15.0000 14.7725
15.0000 15.5423
15.0000 15.2332
15.0000 14.7898
15.0000 14.3445
15.0000 14.5042
15.0000 15.8365
15.0000 14.7683
15.0000 14.8984
15.0000 14.6835
15.0000 14.6163
15.0000 14.7357
15.0000 16.0185
15.0000 15.1954
15.0000 14.7785
15.0000 15.4892
15.0000 14.8789
15.0000 14.9444
15.0000 14.4253
15.0000 15.5807
15.0000 14.7830
15.0000 15.1650
15.0000 14.7299
15.0000 14.2683
15.0000 16.0258
15.0000 15.1575
15.0000 14.5631
15.0000 14.6100
15.0000 14.9221
15.0000 15.1515
15.0000 13.3903
15.0000 14.3863
15.0000 14.2418
15.0000 13.7581
15.0000 14.0549
15.0000 15.3568
15.0000 14.8004
15.0000 14.6251
15.0000 15.0243
15.0000 15.3831
15.0000 14.9706
15.0000 14.5953
15.0000 14.8151
15.0000 14.4198
15.0000 15.2710
15.0000 15.0134
15.0000 14.8717
15.0000 14.5494
15.0000 14.2061
15.0000 15.7053
15.0000 14.9154
15.0000 15.0140
15.0000 14.5635
15.0000 15.4000
15.0000 15.4503
15.0000 14.9424
15.0000 14.2564
15.0000 15.5279
15.0000 15.1459
15.0000 14.9290
15.0000 14.0268
15.0000 14.2225
15.0000 14.4275
15.0000 13.5836
15.0000 14.5395
15.0000 15.0478
15.0000 14.6981
15.0000 14.7158
15.0000 14.2929
15.0000 15.7015
15.0000 14.5527
15.0000 16.0828
15.0000 15.6551
15.0000 14.9012
15.0000 16.5560
15.0000 15.1514
15.0000 15.4569
15.0000 15.9621
15.0000 14.0387
15.0000 14.5172
15.0000 15.1052
15.0000 15.4342
15.0000 14.5764
15.0000 14.0053
15.0000 14.9553
15.0000 14.3265
15.0000 15.1572
15.0000 14.3225
15.0000 14.9130
15.0000 14.6198
15.0000 14.7992
15.0000 14.2136
15.0000 16.0222
15.0000 14.7643
15.0000 16.1155
15.0000 14.8361
15.0000 15.6638
15.0000 15.5496
15.0000 15.1368
15.0000 15.0167
15.0000 15.3506
15.0000 15.9624
15.0000 15.3827
15.0000 15.7158
15.0000 14.8760
15.0000 15.1628
15.0000 14.9609
15.0000 15.1800
15.0000 14.7299
15.0000 15.2142
15.0000 15.7944
15.0000 15.0891
15.0000 14.9552
15.0000 14.7834
15.0000 15.0575
15.0000 15.1454
15.0000 14.2766
15.0000 14.7644
15.0000 15.4745
15.0000 14.5631
15.0000 15.4287
15.0000 15.7531
15.0000 15.0659
15.0000 14.2047
15.0000 14.2281
15.0000 14.2124
15.0000 15.5873
15.0000 14.9217
15.0000 14.4204
15.0000 14.6076
15.0000 14.6761
15.0000 15.4012
15.0000 14.6762
15.0000 14.0304
15.0000 15.0994
15.0000 15.9941
15.0000 15.4386
15.0000 15.2094
15.0000 14.3335
15.0000 15.1403
15.0000 15.4593
15.0000 15.7915
15.0000 14.4777
15.0000 15.4251
15.0000 14.3266
15.0000 14.6851
15.0000 15.5356
15.0000 15.5004
15.0000 15.2677
15.0000 14.8800
15.0000 14.6916
15.0000 14.6637
15.0000 14.5166
15.0000 14.9005
15.0000 14.4135
15.0000 14.2363
15.0000 15.6717
