16.0000 16.2910
16.0000 16.4317
16.0000 15.8643
16.0000 15.2158
16.0000 16.1855
16.0000 15.7408
16.0000 15.7892
16.0000 15.8317
16.0000 16.2166
16.0000 15.9840
16.0000 16.2436
16.0000 15.7699
16.0000 16.3061
16.0000 16.2316
16.0000 16.0390
16.0000 16.0421
16.0000 16.7972
16.0000 16.6984
16.0000 16.1525
16.0000 16.3574
16.0000 15.8198
16.0000 14.8352
16.0000 15.0071
16.0000 16.2272
16.0000 16.4440
16.0000 16.7667
16.0000 16.3311
16.0000 15.8865
16.0000 15.0922
16.0000 15.8393
16.0000 16.3601
16.0000 15.7064
16.0000 15.5293
16.0000 16.3240
16.0000 15.7209
16.0000 16.9120
16.0000 15.9441
16.0000 16.0214
16.0000 16.0615
16.0000 16.1897
16.0000 15.3532
16.0000 15.9968
16.0000 16.0736
16.0000 15.4276
16.0000 16.7460
16.0000 16.4295
16.0000 15.9926
16.0000 15.2075
16.0000 14.8295
16.0000 15.0786
16.0000 15.3661
16.0000 15.0887
16.0000 16.5661
16.0000 15.4324
16.0000 15.8959
16.0000 16.4391
16.0000 15.8895
16.0000 15.5224
16.0000 16.0546
16.0000 16.1425
16.0000 15.6943
16.0000 16.0804
16.0000 15.3428
16.0000 14.6699
16.0000 15.3603
16.0000 14.9518
16.0000 16.1015
16.0000 15.9970
16.0000 16.5502
16.0000 16.0430
16.0000 15.4253
16.0000 16.0924
16.0000 15.2825
16.0000 15.4287
16.0000 15.7388
16.0000 16.2929
16.0000 16.9337
16.0000 16.6111
16.0000 17.0790
16.0000 15.3259
16.0000 17.3058
16.0000 16.1774
16.0000 16.2296
16.0000 15.0683
16.0000 15.2872
16.0000 16.2711
16.0000 16.0060
16.0000 16.6810
16.0000 15.8585
16.0000 16.1078
16.0000 15.9585
16.0000 16.4527
16.0000 15.9776
16.0000 15.2996
16.0000 16.2670
16.0000 15.7055
16.0000 16.7738
16.0000 15.6756
16.0000 15.5978
16.0000 15.8818
16.0000 16.1823
16.0000 15.0679
16.0000 16.3003
16.0000 16.2445
16.0000 16.4491
16.0000 17.5792
16.0000 16.1678
16.0000 16.1888
16.0000 16.3726
16.0000 15.5681
16.0000 16.5609
16.0000 16.5738
16.0000 16.0001
16.0000 15.6074
16.0000 15.8694
16.0000 15.5099
16.0000 15.8298
16.0000 15.8150
16.0000 15.6740
16.0000 15.4606
16.0000 15.7150
16.0000 16.3949
16.0000 17.1844
16.0000 15.5107
16.0000 15.7681
16.0000 15.9115
16.0000 15.7390
16.0000 15.1690
16.0000 16.0496
16.0000 15.8579
16.0000 15.8207
16.0000 16.5481
16.0000 15.9838
16.0000 15.6744
16.0000 16.0099
16.0000 15.8967
16.0000 16.4831
16.0000 16.7077
16.0000 16.1603
16.0000 15.4638
16.0000 15.8325
16.0000 16.8551
16.0000 15.9724
16.0000 15.6825
16.0000 16.8655
16.0000 16.4490
16.0000 16.4643
16.0000 16.7292
16.0000 16.6607
16.0000 16.2760
16.0000 16.0953
16.0000 15.6689
16.0000 14.7609
16.0000 15.5941
16.0000 15.7888
16.0000 16.6079
16.0000 15.8452
16.0000 15.3397
16.0000 14.8734
16.0000 16.3185
16.0000 16.0421
16.0000 16.7644
16.0000 15.9343
16.0000 16.5025
16.0000 15.4623
16.0000 14.6896
16.0000 14.8196
16.0000 16.6549
16.0000 15.4507
16.0000 15.8544
16.0000 15.5148
16.0000 15.4441
16.0000 16.8055
16.0000 15.5392
16.0000 15.8603
16.0000 15.8712
16.0000 15.8462
16.0000 16.3454
16.0000 15.3344
16.0000 16.0672
16.0000 15.5390
16.0000 16.0280
16.0000 16.5926
16.0000 15.3616
16.0000 15.7894
16.0000 15.5890
16.0000 15.6532
16.0000 15.9607
16.0000 15.3240
16.0000 16.3703
16.0000 15.8592
16.0000 16.2177
16.0000 14.5873
16.0000 16.1606
16.0000 15.3905
16.0000 15.1182
16.0000 15.4593
16.0000 15.6756
16.0000 16.1816
16.0000 16.0547
16.0000 15.5886
16.0000 15.5267
16.0000 15.5824
16.0000 15.6637
16.0000 16.2255
16.0000 16.3170
16.0000 16.3408
16.0000 15.8109
16.0000 15.4970
16.0000 16.0900
16.0000 15.4666
16.0000 15.9394
16.0000 16.7361
16.0000 16.1311
16.0000 15.9994
16.0000 15.9480
16.0000 15.6752
16.0000 15.2932
16.0000 15.3635
16.0000 15.3768
16.0000 16.4968
16.0000 15.9068
16.0000 15.5161
16.0000 16.3269
16.0000 16.5707
16.0000 15.5383
16.0000 15.9315
16.0000 17.7029
16.0000 16.2806
16.0000 16.7037
16.0000 15.2503
16.0000 15.3037
16.0000 15.6468
16.0000 16.3078
16.0000 16.1863
16.0000 15.1482
16.0000 16.1621
16.0000 16.6386
16.0000 16.2367
16.0000 15.6680
16.0000 15.6205
16.0000 15.6838
16.0000 15.2062
16.0000 16.0697
16.0000 16.2391
16.0000 16.8012
16.0000 15.6804
16.0000 15.0849
16.0000 16.1194
16.0000 16.3919
16.0000 16.0597
16.0000 16.5643
16.0000 16.3004
16.0000 15.4886
16.0000 16.6884
16.0000 15.0177
16.0000 15.4243
16.0000 15.5295
16.0000 15.2089
16.0000 14.9307
16.0000 16.3791
16.0000 16.0357
16.0000 15.9703
16.0000 15.6079
16.0000 14.8435
16.0000 14.4654
16.0000 16.5549
16.0000 17.1020
16.0000 16.4551
16.0000 16.2740
16.0000 15.8999
16.0000 16.7454
16.0000 15.1642
16.0000 16.1153
16.0000 15.5857
16.0000 16.5366
16.0000 15.8734
16.0000 15.8354
16.0000 15.6088
16.0000 15.5301
16.0000 15.9131
16.0000 16.0491
16.0000 14.9230
16.0000 16.7266
16.0000 15.2608
16.0000 16.0189
16.0000 16.4756
16.0000 16.2835
16.0000 15.6545
16.0000 15.9526
16.0000 15.4539
16.0000 16.3273
16.0000 16.4998
16.0000 15.7003
16.0000 15.2413
16.0000 16.0565
16.0000 15.2079
16.0000 15.9113
16.0000 15.5575
16.0000 16.0227
16.0000 15.8907
16.0000 15.9705
16.0000 16.6625
16.0000 16.0963
16.0000 15.8688
16.0000 16.4469
16.0000 16.3664
16.0000 15.8319
16.0000 15.7162
16.0000 15.6776
16.0000 16.0560
16.0000 15.4122
16.0000 16.7994
16.0000 15.8212
16.0000 16.6735
16.0000 16.1470
16.0000 15.8871
16.0000 14.7282
16.0000 16.2864
16.0000 16.6073
16.0000 16.1613
16.0000 16.2591
16.0000 15.9695
16.0000 15.6898
16.0000 16.2858
16.0000 15.9592
16.0000 15.2014
16.0000 16.6032
16.0000 15.9548
16.0000 15.0990
16.0000 14.9858
16.0000 16.0852
16.0000 16.6429
16.0000 16.1512
16.0000 15.8341
16.0000 15.9887
16.0000 15.3080
16.0000 16.1225
16.0000 16.9298
16.0000 16.6416
16.0000 16.3754
16.0000 16.0450
16.0000 16.3474
16.0000 16.1668
16.0000 15.4480
16.0000 15.3365
16.0000 15.2973
16.0000 15.5323
16.0000 15.7518
16.0000 16.6052
16.0000 16.1233
16.0000 16.1195
16.0000 15.6388
16.0000 16.7756
16.0000 15.6380
16.0000 16.7460
16.0000 14.1691
16.0000 16.2014
16.0000 14.5889
16.0000 15.7942
16.0000 15.4527
16.0000 15.0077
16.0000 16.0516
16.0000 15.1175
16.0000 16.2088
16.0000 15.3381
16.0000 15.5591
16.0000 14.8750
16.0000 15.4629
16.0000 15.9143
16.0000 16.0258
16.0000 15.6352
16.0000 16.7968
16.0000 16.9045
16.0000 15.3211
16.0000 15.4818
16.0000 14.9030
16.0000 16.0405
16.0000 15.2989
16.0000 15.6741
16.0000 15.3688
16.0000 15.7235
16.0000 16.6281
16.0000 15.8299
16.0000 16.3590
16.0000 15.2777
16.0000 16.2993
16.0000 16.5308
16.0000 15.7119
16.0000 16.0663
16.0000 15.9363
16.0000 16.1168
16.0000 14.7210
16.0000 16.2585
16.0000 15.6714
16.0000 16.9117
16.0000 15.7426
16.0000 16.2484
16.0000 15.6880
16.0000 16.2575
16.0000 15.9388
16.0000 16.3181
16.0000 15.8143
16.0000 14.7852
16.0000 16.5168
16.0000 16.8140
16.0000 15.8826
16.0000 16.0729
16.0000 15.7372
16.0000 15.8393
16.0000 15.8148
16.0000 15.5861
16.0000 15.8618
16.0000 15.9801
16.0000 15.1647
16.0000 16.1568
16.0000 16.0474
16.0000 16.0552
16.0000 16.2355
16.0000 15.2978
16.0000 16.2655
16.0000 15.6214
16.0000 16.0688
16.0000 16.4006
16.0000 14.8349
16.0000 14.2113
16.0000 15.0485
16.0000 16.0731
16.0000 16.5615
16.0000 15.5446
16.0000 15.6718
16.0000 16.4516
16.0000 16.9627
16.0000 16.2399
16.0000 14.8869
16.0000 15.8728
16.0000 16.1324
16.0000 15.9795
16.0000 16.5080
16.0000 15.9111
16.0000 14.9344
16.0000 15.7743
16.0000 14.7264
16.0000 15.2809
16.0000 15.5950
16.0000 15.7030
16.0000 16.1965
16.0000 15.8429
16.0000 15.9614
16.0000 15.4863
16.0000 15.8530
16.0000 16.5195
16.0000 15.6989
16.0000 16.5298
16.0000 15.3602
16.0000 15.6293
16.0000 15.1634
16.0000 15.3598
16.0000 16.2623
16.0000 15.7003
16.0000 15.0673
16.0000 15.7425
16.0000 15.4771
16.0000 15.9506
16.0000 16.4730
16.0000 16.3760
16.0000 16.5408
16.0000 16.1182
16.0000 15.7262
16.0000 15.3303
16.0000 15.7446
16.0000 16.3618
16.0000 15.1290
16.0000 15.9507
16.0000 15.5429
16.0000 15.4701
16.0000 15.6334
16.0000 16.4289
16.0000 15.9948
16.0000 16.6752
16.0000 16.7526
16.0000 16.1284
16.0000 16.0246
16.0000 15.9426
16.0000 16.2868
16.0000 16.1530
16.0000 15.3621
16.0000 15.6439
16.0000 15.9856
16.0000 15.9290
16.0000 17.5831
16.0000 15.4222
16.0000 16.1166
16.0000 15.3406
16.0000 15.7679
16.0000 15.9491
16.0000 15.5969
16.0000 15.4645
16.0000 16.4237
16.0000 15.2940
16.0000 17.1611
16.0000 15.1511
16.0000 15.8753
16.0000 15.8351
16.0000 15.2001
16.0000 15.7810
16.0000 15.2588
16.0000 15.4581
16.0000 15.4286
16.0000 16.3164
16.0000 15.1351
16.0000 16.1628
16.0000 15.4636
16.0000 15.9775
16.0000 16.9644
16.0000 16.3047
16.0000 16.4253
16.0000 15.8338
16.0000 16.4166
16.0000 15.0236
16.0000 15.9078
16.0000 16.0238
16.0000 16.0778
16.0000 17.2116
16.0000 15.8457
16.0000 16.2486
16.0000 16.1891
16.0000 16.2584
16.0000 14.6035
16.0000 15.7408
16.0000 15.3061
16.0000 15.9518
16.0000 16.3683
16.0000 16.5315
16.0000 15.4999
16.0000 16.2084
16.0000 15.3179
16.0000 16.5703
16.0000 15.1075
16.0000 15.8441
16.0000 16.7478
16.0000 16.3297
16.0000 14.4220
16.0000 15.9771
16.0000 16.3746
16.0000 16.1954
16.0000 16.7479
16.0000 14.9581
16.0000 17.1770
16.0000 15.4668
16.0000 15.4950
16.0000 16.5375
16.0000 16.8821
16.0000 15.5975
16.0000 16.8046
16.0000 16.5718
16.0000 16.0429
16.0000 16.8362
16.0000 15.5732
16.0000 15.6114
16.0000 15.9597
16.0000 15.7507
16.0000 15.4310
16.0000 16.2883
16.0000 15.0339
16.0000 15.0682
16.0000 16.5138
16.0000 16.5340
16.0000 16.2136
16.0000 14.8613
16.0000 15.7480
16.0000 16.0318
16.0000 15.7427
16.0000 16.0119
16.0000 15.9350
16.0000 15.7086
16.0000 15.0084
16.0000 16.2080
16.0000 15.9134
16.0000 15.6211
16.0000 15.7169
16.0000 15.0808
16.0000 15.4191
16.0000 15.6202
16.0000 16.6571
16.0000 16.5182
16.0000 15.8491
16.0000 14.6747
16.0000 15.9802
16.0000 14.6788
16.0000 16.7250
16.0000 16.2288
16.0000 15.8384
16.0000 14.4860
16.0000 16.4179
16.0000 16.7190
16.0000 16.5671
16.0000 16.5775
16.0000 15.6751
16.0000 16.3745
16.0000 15.7362
16.0000 16.5768
16.0000 15.5188
16.0000 15.2878
16.0000 15.2482
16.0000 15.8835
16.0000 16.3267
16.0000 16.4773
16.0000 15.6070
16.0000 15.1089
16.0000 15.4202
16.0000 15.9162
16.0000 15.2774
16.0000 16.0164
16.0000 14.4298
16.0000 15.0720
16.0000 16.3162
16.0000 15.7053
16.0000 15.0462
16.0000 16.2602
16.0000 15.6263
16.0000 16.5131
16.0000 15.9979
16.0000 16.2504
16.0000 16.1931
16.0000 15.0306
16.0000 15.9768
16.0000 15.4519
16.0000 17.1047
16.0000 15.0753
16.0000 16.0460
16.0000 15.4230
16.0000 16.8000
16.0000 16.0111
16.0000 15.6953
16.0000 16.2578
16.0000 15.3598
16.0000 16.4443
16.0000 16.4082
16.0000 15.4802
16.0000 15.4838
16.0000 15.6216
16.0000 16.0468
16.0000 16.3530
16.0000 15.5682
16.0000 16.3679
16.0000 15.8914
16.0000 16.3890
16.0000 16.8080
16.0000 16.4794
16.0000 16.4075
16.0000 15.3706
16.0000 16.2790
16.0000 16.8480
16.0000 15.3650
16.0000 15.6153
16.0000 15.2275
16.0000 16.1884
16.0000 15.6998
16.0000 15.5290
16.0000 15.0269
16.0000 16.7245
16.0000 16.2400
16.0000 16.2360
16.0000 15.2578
16.0000 15.5965
16.0000 16.2810
16.0000 15.4352
16.0000 16.7745
16.0000 14.6642
16.0000 15.4991
16.0000 15.4578
16.0000 16.3538
16.0000 15.4934
16.0000 14.8370
16.0000 15.7741
16.0000 16.9576
16.0000 17.2592
16.0000 15.5369
16.0000 16.2201
16.0000 15.6189
16.0000 16.5557
16.0000 15.4450
16.0000 15.2287
16.0000 15.8826
16.0000 15.6301
16.0000 15.5795
16.0000 15.1529
16.0000 16.5352
16.0000 16.0917
16.0000 15.5556
16.0000 16.2165
16.0000 15.4097
16.0000 16.5436
16.0000 16.0416
16.0000 15.2842
16.0000 15.8579
16.0000 15.7702
16.0000 15.8807
16.0000 16.4237
16.0000 15.8826
16.0000 15.9742
16.0000 15.9138
16.0000 16.3036
16.0000 16.3904
16.0000 16.1002
16.0000 16.6169
16.0000 15.7709
16.0000 15.8330
16.0000 15.0704
16.0000 16.0263
16.0000 16.2974
16.0000 14.4883
16.0000 15.1454
16.0000 15.8984
16.0000 15.4479
16.0000 15.8186
16.0000 15.9701
16.0000 16.4050
16.0000 16.0180
16.0000 16.3714
16.0000 15.0716
16.0000 16.5211
16.0000 16.0354
16.0000 15.5636
16.0000 16.3416
16.0000 15.6813
16.0000 16.5686
16.0000 16.0428
16.0000 15.5790
16.0000 16.2037
16.0000 15.4910
16.0000 16.1324
16.0000 16.8400
16.0000 15.9781
16.0000 15.9513
16.0000 15.6377
16.0000 16.9757
16.0000 16.0526
16.0000 16.1722
16.0000 16.5523
16.0000 15.9641
16.0000 15.5504
16.0000 15.9680
16.0000 17.1610
16.0000 16.3417
16.0000 15.5542
16.0000 16.4375
16.0000 16.5353
16.0000 16.1529
16.0000 15.1278
16.0000 15.7947
16.0000 15.4998
16.0000 16.1807
16.0000 15.0369
16.0000 15.6837
16.0000 16.5953
16.0000 15.9225
16.0000 16.1988
16.0000 17.0849
16.0000 16.3680
16.0000 15.2100
16.0000 15.4723
16.0000 15.0588
16.0000 14.9953
16.0000 15.0057
16.0000 16.1563
16.0000 15.9960
16.0000 15.5369
16.0000 15.9905
16.0000 16.3487
16.0000 15.3994
16.0000 15.8062
16.0000 16.1931
16.0000 15.6055
16.0000 16.2200
16.0000 15.5254
16.0000 15.8593
16.0000 16.1534
16.0000 15.2377
16.0000 16.1693
16.0000 17.0615
16.0000 16.3897
16.0000 14.8511
16.0000 15.4933
16.0000 16.6865
16.0000 16.6589
16.0000 15.2773
16.0000 16.2004
16.0000 16.6285
16.0000 15.1383
16.0000 15.4208
16.0000 15.9079
16.0000 16.0246
16.0000 15.3570
16.0000 16.6901
16.0000 17.1776
16.0000 15.2258
16.0000 16.1851
16.0000 15.4613
16.0000 15.7604
16.0000 16.7466
16.0000 15.8675
16.0000 15.9501
16.0000 15.8693
16.0000 16.5003
16.0000 15.3744
16.0000 15.5508
16.0000 15.9426
16.0000 15.5000
16.0000 16.0828
16.0000 15.1739
16.0000 15.9695
16.0000 17.0090
16.0000 15.8354
16.0000 16.3080
16.0000 15.9148
16.0000 16.0523
16.0000 15.0515
16.0000 14.7597
16.0000 15.5448
16.0000 15.3341
16.0000 16.2815
16.0000 15.7090
16.0000 16.5472
16.0000 14.4999
16.0000 15.9372
16.0000 15.4160
16.0000 14.4558
16.0000 15.1024
16.0000 15.3555
16.0000 15.2777
16.0000 16.3119
16.0000 16.6062
16.0000 14.9046
16.0000 16.0953
16.0000 15.1553
16.0000 14.6201
16.0000 16.2468
16.0000 16.5584
16.0000 16.8275
16.0000 16.0688
16.0000 15.4308
16.0000 16.1777
16.0000 15.6580
16.0000 16.2293
16.0000 15.7444
16.0000 16.8435
16.0000 16.2520
16.0000 16.3285
16.0000 17.0757
16.0000 15.4324
16.0000 16.4392
16.0000 16.6658
16.0000 14.9900
16.0000 15.8389
16.0000 16.9713
16.0000 16.3383
16.0000 15.0199
16.0000 16.4064
16.0000 15.8010
16.0000 16.2166
16.0000 16.0755
16.0000 16.2875
16.0000 16.1705
16.0000 16.3383
16.0000 15.6253
16.0000 16.0591
16.0000 15.8766
16.0000 16.3112
16.0000 16.2899
16.0000 15.0440
16.0000 15.5479
16.0000 16.2065
16.0000 16.2965
16.0000 16.0467
16.0000 17.2357
16.0000 15.5618
16.0000 16.5846
16.0000 16.2285
16.0000 15.8863
16.0000 16.7630
16.0000 17.1730
16.0000 16.2404
16.0000 16.3622
16.0000 15.8475
16.0000 15.4337
16.0000 15.9771
16.0000 16.3530
16.0000 16.0772
16.0000 15.4252
16.0000 15.2831
16.0000 15.8098
16.0000 15.6243
16.0000 15.9470
16.0000 15.5354
16.0000 15.4493
16.0000 16.5122
16.0000 15.9432
16.0000 15.9126
16.0000 16.4077
16.0000 16.9489
16.0000 16.2855
16.0000 15.2850
16.0000 15.9823
16.0000 15.7079
16.0000 16.2733
16.0000 15.3411
16.0000 16.1713
16.0000 17.1353
16.0000 16.3178
16.0000 15.0954
16.0000 15.3781
16.0000 17.0180
16.0000 16.1077
16.0000 16.4639
16.0000 14.4368
16.0000 16.5386
16.0000 16.1156
16.0000 15.9950
16.0000 16.6441
16.0000 16.3642
16.0000 15.8634
16.0000 16.3170
16.0000 14.8283
16.0000 15.3704
16.0000 16.3341
16.0000 16.3765
16.0000 15.0866
16.0000 15.7672
16.0000 15.2358
16.0000 15.9992
16.0000 15.9787
16.0000 15.9445
16.0000 16.0752
16.0000 15.0556
16.0000 16.1879
16.0000 17.1042
16.0000 15.5257
16.0000 14.7416
16.0000 14.9256
16.0000 15.8059
16.0000 16.5212
16.0000 16.1227
16.0000 15.9000
16.0000 16.4752
16.0000 16.2549
16.0000 16.2150
16.0000 15.3517
16.0000 15.2161
16.0000 16.1857
16.0000 15.7578
16.0000 15.9941
16.0000 15.4085
16.0000 15.7109
16.0000 16.2206
16.0000 15.4171
16.0000 16.0930
16.0000 15.6523
16.0000 15.4093
16.0000 16.6474
16.0000 15.8304
16.0000 15.8723
16.0000 15.6578
16.0000 15.8631
16.0000 15.3947
16.0000 15.6849
16.0000 16.1015
16.0000 15.5516
16.0000 15.6462
16.0000 16.1308
16.0000 16.4733
16.0000 15.9622
16.0000 15.3506
16.0000 16.5379
16.0000 15.5849
16.0000 14.7821
16.0000 15.4252
16.0000 15.8505
16.0000 17.4090
16.0000 16.3436
16.0000 16.6495
16.0000 16.0620
16.0000 15.3984
16.0000 16.8066
16.0000 16.7147
16.0000 15.5589
16.0000 15.1099
16.0000 14.9891
16.0000 15.7787
16.0000 15.2958
16.0000 15.7027
16.0000 15.7346
16.0000 16.2426
16.0000 15.5080
16.0000 16.5453
16.0000 15.3205
16.0000 16.0123
16.0000 15.9343
16.0000 16.1459
16.0000 15.5445
16.0000 16.2825
16.0000 16.5629
16.0000 16.6822
16.0000 15.5153
16.0000 15.1670
16.0000 16.1760
16.0000 15.4455
16.0000 16.3325
16.0000 15.3627
16.0000 15.4453
16.0000 15.7083
16.0000 14.8218
16.0000 15.7908
16.0000 15.8650
16.0000 15.9440
16.0000 16.0614
16.0000 16.1060
16.0000 14.6445
16.0000 15.9516
16.0000 16.3138
16.0000 15.9842
16.0000 16.1710
16.0000 16.1159
16.0000 16.5488
16.0000 15.1452
16.0000 15.0370
16.0000 16.8863
16.0000 16.5871
16.0000 15.7569
16.0000 16.8513
16.0000 16.2606
16.0000 16.3346
16.0000 15.7320
16.0000 15.1799
16.0000 15.4277
16.0000 15.5675
16.0000 15.8075
16.0000 15.2958
16.0000 15.9443
16.0000 16.5337
16.0000 16.7492
16.0000 16.4466
16.0000 16.8099
16.0000 15.6060
16.0000 15.9559
16.0000 15.8760
16.0000 17.1860
16.0000 16.7816
16.0000 16.1430
16.0000 15.7737
16.0000 15.3623
16.0000 15.1531
16.0000 15.4916
16.0000 16.5292
16.0000 15.7635
16.0000 15.1922
16.0000 15.9270
16.0000 15.2471
16.0000 16.0275
16.0000 16.5920
16.0000 16.2951
16.0000 16.1203
16.0000 16.1983
16.0000 14.9658
16.0000 15.1272
16.0000 16.2921
16.0000 16.4644
16.0000 15.2193
16.0000 15.8205
16.0000 16.3382
16.0000 16.2356
16.0000 16.0047
16.0000 16.2478
16.0000 16.1881
16.0000 16.0535
16.0000 15.8439
16.0000 16.9055
16.0000 15.7480
16.0000 15.4532
16.0000 16.5882
16.0000 15.5960
16.0000 16.5764
16.0000 15.7243
16.0000 15.9283
16.0000 16.3350
16.0000 16.0917
16.0000 15.9244
16.0000 15.4108
16.0000 16.5712
16.0000 15.7721
16.0000 15.1331
16.0000 15.3449
16.0000 15.6116
16.0000 15.0381
16.0000 14.7159
16.0000 15.6617
16.0000 15.8586
16.0000 15.0644
16.0000 16.3576
16.0000 15.4315
16.0000 15.7696
16.0000 16.7339
16.0000 16.3836
16.0000 16.3760
16.0000 16.3870
16.0000 15.3648
16.0000 15.1440
16.0000 15.4313
16.0000 15.7997
16.0000 17.0449
16.0000 15.9720
16.0000 15.3836
16.0000 16.1827
16.0000 16.7178
16.0000 16.4521
16.0000 15.0768
16.0000 16.1102
16.0000 16.2784
16.0000 16.4308
16.0000 16.4477
16.0000 15.9421
16.0000 16.4029
16.0000 15.8000
16.0000 16.6592
16.0000 16.7458
16.0000 15.2053
16.0000 16.6575
16.0000 15.7883
16.0000 15.8557
16.0000 15.0793
16.0000 16.1746
16.0000 16.2093
16.0000 15.1540
16.0000 16.1422
16.0000 15.7533
16.0000 16.0992
16.0000 16.6421
16.0000 15.3311
16.0000 15.5926
16.0000 16.7376
16.0000 16.1626
16.0000 15.2593
16.0000 16.3503
16.0000 15.0812
16.0000 16.1071
16.0000 16.1030
16.0000 15.2301
16.0000 16.2387
16.0000 15.2451
16.0000 16.4829
16.0000 15.8382
16.0000 15.4003
16.0000 15.7208
16.0000 15.6422
16.0000 14.7715
16.0000 15.6679
16.0000 15.9841
16.0000 16.4888
16.0000 16.7558
16.0000 16.6235
16.0000 15.7685
16.0000 16.0135
16.0000 16.8197
16.0000 16.1058
16.0000 16.4564
16.0000 15.6324
16.0000 16.2064
16.0000 16.0022
16.0000 15.9285
16.0000 16.4637
16.0000 17.5878
16.0000 16.7122
16.0000 15.9689
16.0000 15.2707
16.0000 16.3935
16.0000 15.0930
16.0000 15.1328
16.0000 16.3471
16.0000 15.0418
16.0000 15.8783
16.0000 15.3812
16.0000 16.7612
16.0000 15.8466
16.0000 16.5183
16.0000 16.5041
16.0000 16.1687
16.0000 14.9677
16.0000 16.7200
16.0000 15.7233
16.0000 16.0718
16.0000 16.3849
16.0000 15.4654
16.0000 15.9424
16.0000 16.2190
16.0000 15.9547
16.0000 16.1687
16.0000 16.7935
16.0000 16.4476
16.0000 15.8236
16.0000 15.7727
16.0000 15.8691
16.0000 16.2813
16.0000 15.7040
16.0000 16.3382
16.0000 16.1972
16.0000 15.9365
16.0000 14.9467
16.0000 16.6678
16.0000 15.9153
16.0000 16.0294
16.0000 15.2194
16.0000 15.9087
16.0000 16.8876
16.0000 15.4684
16.0000 16.4014
16.0000 16.6293
16.0000 15.8577
16.0000 16.7326
16.0000 16.5262
16.0000 15.2438
16.0000 16.6507
16.0000 16.3925
16.0000 15.1125
16.0000 16.2287
16.0000 15.8829
16.0000 16.9694
16.0000 16.5055
16.0000 15.8537
16.0000 15.5565
16.0000 15.8470
16.0000 14.6123
16.0000 15.8361
16.0000 16.1851
16.0000 15.4864
16.0000 16.3641
16.0000 16.0035
16.0000 16.1597
16.0000 16.3971
16.0000 14.3403
16.0000 16.1448
16.0000 16.8250
16.0000 17.0020
16.0000 15.6497
16.0000 16.2992
16.0000 16.5365
16.0000 16.1933
16.0000 15.6846
16.0000 16.5151
16.0000 16.3070
16.0000 16.0237
16.0000 16.8097
16.0000 16.1141
16.0000 15.4955
16.0000 15.1230
16.0000 15.2079
16.0000 16.3532
16.0000 16.0076
16.0000 15.4116
16.0000 15.5531
16.0000 16.0946
16.0000 16.7655
16.0000 15.0957
16.0000 15.6390
16.0000 16.0270
16.0000 15.9776
16.0000 16.3882
16.0000 15.8300
16.0000 15.6307
16.0000 15.4065
16.0000 15.4873
16.0000 15.7601
16.0000 16.4808
16.0000 17.0215
16.0000 17.0436
16.0000 14.7698
16.0000 15.3112
16.0000 16.3112
16.0000 16.2933
16.0000 15.9729
16.0000 16.2354
16.0000 16.3930
16.0000 16.2034
16.0000 16.6169
16.0000 15.6120
16.0000 15.7279
16.0000 15.5321
16.0000 17.2452
16.0000 15.6022
16.0000 15.8560
16.0000 15.3731
16.0000 16.0852
16.0000 16.0546
16.0000 15.8081
16.0000 15.8574
16.0000 15.8274
16.0000 16.7722
16.0000 16.1631
16.0000 16.5539
16.0000 14.7350
16.0000 16.2861
16.0000 15.9856
16.0000 14.9289
16.0000 15.7093
16.0000 16.3090
16.0000 16.2276
16.0000 15.4107
16.0000 16.2205
16.0000 15.1570
16.0000 15.9350
16.0000 16.1262
16.0000 14.8716
16.0000 15.8586
16.0000 16.6214
16.0000 16.5643
16.0000 15.0291
16.0000 16.2148
16.0000 16.2059
16.0000 15.9717
16.0000 15.7696
16.0000 15.7193
16.0000 15.6828
16.0000 15.4982
16.0000 15.8724
16.0000 16.5398
16.0000 15.4128
16.0000 17.4762
16.0000 16.5745
16.0000 16.1276
16.0000 15.6919
16.0000 14.9880
16.0000 15.6472
16.0000 15.6389
16.0000 16.1993
16.0000 15.9560
16.0000 15.1563
16.0000 16.1638
16.0000 14.5644
16.0000 15.4771
16.0000 16.2414
16.0000 15.6304
16.0000 15.8289
16.0000 15.4775
16.0000 15.8908
16.0000 15.5465
16.0000 16.2454
16.0000 16.7747
16.0000 14.7765
16.0000 15.4869
16.0000 15.4796
16.0000 14.3515
16.0000 15.4141
16.0000 15.4565
16.0000 16.1281
16.0000 15.9556
16.0000 15.4658
16.0000 16.2995
16.0000 14.7785
16.0000 14.8770
16.0000 16.2270
16.0000 16.0169
16.0000 16.0348
16.0000 15.9017
16.0000 16.2897
16.0000 15.7580
16.0000 15.3863
16.0000 16.5063
16.0000 14.9313
16.0000 15.6918
16.0000 15.9306
16.0000 16.6030
16.0000 15.9852
16.0000 15.8710
16.0000 16.0352
16.0000 15.2547
16.0000 15.1810
16.0000 15.5324
16.0000 16.1324
16.0000 15.7110
16.0000 15.4792
16.0000 15.9435
16.0000 16.9781
16.0000 15.5032
16.0000 15.7135
16.0000 15.4424
16.0000 15.8954
16.0000 15.0338
16.0000 16.0165
16.0000 16.7360
16.0000 16.0053
16.0000 15.9105
16.0000 16.2810
16.0000 16.3880
16.0000 15.8725
16.0000 15.1073
16.0000 15.4144
16.0000 14.9429
16.0000 16.2935
16.0000 15.7770
16.0000 15.8577
16.0000 16.5077
16.0000 16.7831
16.0000 16.2234
16.0000 17.1323
16.0000 15.6386
16.0000 15.6914
16.0000 15.7606
16.0000 15.6614
16.0000 15.9985
16.0000 15.6500
16.0000 14.8081
16.0000 16.5220
16.0000 16.1303
16.0000 16.0545
16.0000 16.5839
16.0000 14.7825
16.0000 15.9407
16.0000 16.9576
16.0000 15.6491
16.0000 15.3917
16.0000 16.3397
16.0000 16.4728
16.0000 15.9505
16.0000 15.9886
16.0000 16.1936
16.0000 15.5814
16.0000 15.5934
16.0000 16.3840
16.0000 15.7681
16.0000 14.8974
16.0000 15.5212
16.0000 15.8159
16.0000 16.1517
16.0000 16.5657
16.0000 15.5420
16.0000 15.2234
16.0000 15.5672
16.0000 16.1032
16.0000 15.1871
16.0000 16.5174
16.0000 15.9367
16.0000 16.1587
16.0000 16.4085
16.0000 16.2404
16.0000 16.4970
16.0000 15.5100
16.0000 15.1706
16.0000 15.2907
16.0000 15.9260
16.0000 15.8990
16.0000 14.9880
16.0000 15.8915
16.0000 16.4562
16.0000 15.8320
16.0000 15.3133
16.0000 16.5273
16.0000 15.5125
16.0000 15.4654
16.0000 15.7084
16.0000 15.4536
16.0000 16.3410
16.0000 15.3435
16.0000 15.8916
16.0000 16.3433
16.0000 15.8248
16.0000 15.8298
16.0000 16.2395
16.0000 16.0832
16.0000 15.9619
16.0000 15.5294
16.0000 14.7866
16.0000 16.6234
16.0000 15.7608
16.0000 16.4025
16.0000 16.9230
16.0000 15.7063
16.0000 16.0848
16.0000 16.0509
16.0000 15.3061
16.0000 16.5713
16.0000 14.7896
16.0000 15.0835
16.0000 16.8996
16.0000 16.4150
16.0000 15.5680
16.0000 15.9610
16.0000 16.2158
16.0000 15.0973
16.0000 15.5028
16.0000 16.0847
16.0000 15.8930
16.0000 14.7433
16.0000 15.1614
16.0000 15.6642
16.0000 15.5776
16.0000 16.9329
16.0000 16.0267
16.0000 15.4926
16.0000 15.4143
16.0000 16.8054
16.0000 15.8176
16.0000 16.3000
16.0000 15.8594
16.0000 16.5185
16.0000 15.9067
16.0000 14.9061
16.0000 15.8835
16.0000 15.8432
16.0000 16.4380
16.0000 16.4928
16.0000 15.4819
16.0000 16.3388
16.0000 15.7306
16.0000 16.8848
16.0000 15.6338
16.0000 15.5978
16.0000 14.7469
16.0000 16.0552
16.0000 15.7528
16.0000 15.4897
16.0000 15.3564
16.0000 15.3993
16.0000 16.3375
16.0000 16.0080
16.0000 16.1381
16.0000 16.1790
16.0000 16.1287
16.0000 16.7423
16.0000 16.4552
16.0000 16.7263
16.0000 16.2412
16.0000 17.0246
16.0000 15.9728
16.0000 16.6632
16.0000 16.3823
16.0000 17.1181
16.0000 15.3769
16.0000 15.1636
16.0000 15.0415
16.0000 16.0714
16.0000 15.9133
16.0000 15.0925
16.0000 16.2336
16.0000 16.5908
16.0000 15.9342
16.0000 15.6841
16.0000 16.1097
16.0000 16.5407
16.0000 16.3460
16.0000 15.5358
16.0000 15.5257
16.0000 15.4434
16.0000 17.1851
16.0000 15.4663
16.0000 15.7397
16.0000 16.0888
16.0000 16.0297
16.0000 15.6552
16.0000 15.6684
16.0000 15.4502
16.0000 16.0518
16.0000 16.2699
16.0000 16.8634
16.0000 16.9350
16.0000 15.7883
16.0000 15.9783
16.0000 15.6078
16.0000 16.3835
16.0000 15.6808
16.0000 15.5929
16.0000 15.6322
16.0000 16.0571
16.0000 17.2636
16.0000 14.6992
16.0000 15.7448
16.0000 14.9685
16.0000 16.6325
16.0000 15.5833
16.0000 15.5924
16.0000 16.8102
16.0000 15.6228
16.0000 17.1255
16.0000 14.8542
16.0000 16.5891
16.0000 16.1596
16.0000 16.2796
16.0000 16.3150
16.0000 16.1415
16.0000 15.7084
16.0000 15.3243
16.0000 16.7488
16.0000 15.4742
16.0000 15.8511
16.0000 16.0421
16.0000 15.5564
16.0000 16.4371
16.0000 15.2471
16.0000 15.7608
16.0000 16.0966
16.0000 16.8415
16.0000 15.8373
16.0000 16.0946
16.0000 15.9065
16.0000 15.8637
16.0000 15.9713
16.0000 15.9966
16.0000 16.1666
16.0000 15.3802
16.0000 15.9388
16.0000 16.6026
16.0000 15.4144
16.0000 16.1300
16.0000 15.7253
16.0000 16.2221
16.0000 16.1228
16.0000 16.5994
16.0000 15.3135
16.0000 15.4014
16.0000 14.9860
16.0000 16.0536
16.0000 15.5521
16.0000 16.4180
16.0000 16.8598
16.0000 16.5750
16.0000 15.6803
16.0000 16.3521
16.0000 15.2530
16.0000 15.3028
16.0000 15.3759
16.0000 14.6565
16.0000 16.5672
16.0000 15.7955
16.0000 16.1246
16.0000 16.7067
16.0000 15.2639
16.0000 15.7278
16.0000 15.2871
16.0000 16.2978
16.0000 15.5238
16.0000 15.5676
16.0000 17.1012
16.0000 16.2585
16.0000 16.1386
16.0000 15.4546
16.0000 15.8671
16.0000 14.2575
16.0000 15.8033
16.0000 14.6458
16.0000 15.5507
16.0000 14.9359
16.0000 16.1734
16.0000 16.4297
16.0000 16.0576
16.0000 16.8952
16.0000 16.1796
16.0000 16.2851
16.0000 16.1041
16.0000 15.9677
16.0000 15.8077
16.0000 15.6839
16.0000 15.7089
16.0000 16.5524
16.0000 15.6160
16.0000 16.7409
16.0000 16.8710
16.0000 15.6678
16.0000 15.0765
16.0000 16.2255
16.0000 14.8437
16.0000 15.9489
16.0000 15.1066
16.0000 14.9852
16.0000 16.1134
16.0000 15.5124
16.0000 15.4967
16.0000 16.6141
16.0000 15.1257
16.0000 15.9266
16.0000 15.7616
16.0000 15.7016
16.0000 15.2190
16.0000 15.9498
16.0000 15.7403
16.0000 15.6799
16.0000 15.9387
16.0000 16.2433
16.0000 16.1701
16.0000 15.4605
16.0000 15.8768
16.0000 15.4557
16.0000 15.2291
16.0000 16.1156
16.0000 17.3561
16.0000 15.9883
16.0000 16.3038
16.0000 15.9949
16.0000 15.5287
16.0000 15.5688
16.0000 16.6143
16.0000 16.1906
16.0000 16.2946
16.0000 16.8857
16.0000 15.8607
16.0000 15.9713
16.0000 16.1908
16.0000 15.5485
16.0000 16.4058
16.0000 16.4841
16.0000 15.9569
16.0000 16.0240
16.0000 16.4161
16.0000 14.8321
16.0000 14.6780
16.0000 15.7090
16.0000 15.0239
16.0000 14.8971
16.0000 16.0861
16.0000 15.8211
16.0000 16.0802
16.0000 15.5375
16.0000 16.4345
16.0000 15.0524
16.0000 17.0870
16.0000 15.7003
16.0000 15.8972
16.0000 15.9944
16.0000 15.7563
16.0000 16.2010
16.0000 15.6385
16.0000 17.4444
16.0000 16.5025
16.0000 14.3421
16.0000 17.1702
16.0000 17.0040
16.0000 15.9668
16.0000 15.5754
16.0000 16.1121
16.0000 15.6419
16.0000 15.7391
16.0000 16.4353
16.0000 15.4841
16.0000 15.6262
16.0000 15.5330
16.0000 16.2661
16.0000 15.4822
16.0000 16.5069
16.0000 15.3374
16.0000 14.7899
16.0000 15.6125
16.0000 15.5760
16.0000 16.0427
16.0000 16.3105
16.0000 15.8286
16.0000 16.2662
16.0000 16.4326
16.0000 16.3471
16.0000 16.2836
16.0000 15.9555
16.0000 16.2302
16.0000 15.4088
16.0000 15.0072
16.0000 16.2909
16.0000 15.2606
16.0000 16.0551
16.0000 16.6622
16.0000 16.4158
16.0000 15.9738
16.0000 16.4699
16.0000 15.5238
16.0000 15.5588
16.0000 16.4553
16.0000 15.9992
16.0000 15.7822
16.0000 15.0250
16.0000 16.5298
16.0000 16.2454
16.0000 16.7427
16.0000 16.2601
16.0000 15.0213
16.0000 15.7572
16.0000 16.3779
16.0000 15.4471
16.0000 15.6348
16.0000 14.8602
16.0000 15.9670
16.0000 16.1569
16.0000 15.4717
16.0000 15.1539
16.0000 15.3012
16.0000 15.7053
16.0000 16.0594
16.0000 16.1782
16.0000 15.0701
16.0000 17.0779
16.0000 15.7729
16.0000 15.3625
16.0000 16.2885
16.0000 16.2324
16.0000 15.5217
16.0000 16.3203
16.0000 15.6905
16.0000 15.7272
16.0000 16.7432
16.0000 16.1943
16.0000 16.0430
16.0000 15.1995
16.0000 14.5408
16.0000 16.4405
16.0000 15.9510
16.0000 17.2160
16.0000 15.9379
16.0000 15.9706
16.0000 15.6077
16.0000 16.4685
16.0000 16.3566
16.0000 16.9100
16.0000 16.2505
16.0000 15.6078
16.0000 15.9296
16.0000 17.1692
16.0000 15.7964
16.0000 15.9235
16.0000 16.2196
16.0000 16.5939
16.0000 15.8183
16.0000 16.1237
16.0000 15.6244
16.0000 15.7025
16.0000 15.5743
16.0000 15.5527
16.0000 15.6100
16.0000 16.7678
16.0000 17.6606
16.0000 16.6677
16.0000 15.8407
16.0000 16.6402
16.0000 16.7428
16.0000 15.9477
16.0000 15.4747
16.0000 15.7096
16.0000 16.1599
16.0000 15.6797
16.0000 14.7601
16.0000 15.2441
16.0000 15.8992
16.0000 16.1999
16.0000 16.2872
16.0000 16.5501
16.0000 15.8511
16.0000 16.4197
16.0000 15.6047
16.0000 16.3636
16.0000 16.3491
16.0000 16.3166
16.0000 16.0063
16.0000 15.7148
16.0000 16.9781
16.0000 16.3558
16.0000 15.8776
16.0000 16.1515
16.0000 15.7692
16.0000 16.4750
16.0000 17.1379
16.0000 15.7091
16.0000 16.0469
16.0000 15.0505
16.0000 15.2920
16.0000 16.5096
16.0000 15.8690
16.0000 16.2566
16.0000 16.3369
16.0000 15.7929
16.0000 15.5895
16.0000 15.6331
16.0000 16.2522
16.0000 16.7986
16.0000 15.3070
16.0000 16.0245
16.0000 16.6829
16.0000 15.4492
16.0000 16.0975
16.0000 16.7910
16.0000 15.8432
16.0000 15.6082
16.0000 15.6727
16.0000 16.4518
16.0000 16.0418
16.0000 16.2338
16.0000 16.4695
16.0000 15.7836
16.0000 15.3896
16.0000 16.1109
16.0000 15.7190
16.0000 16.4021
16.0000 16.7312
16.0000 16.3758
16.0000 15.8374
16.0000 16.4926
16.0000 15.1083
16.0000 15.5849
16.0000 16.7542
16.0000 14.9314
16.0000 14.8867
16.0000 14.9916
16.0000 15.0418
16.0000 15.2580
16.0000 16.1679
16.0000 16.3708
16.0000 16.1503
16.0000 15.3592
16.0000 15.0746
16.0000 15.5367
16.0000 15.0159
16.0000 16.6225
16.0000 15.9232
16.0000 15.6332
16.0000 14.5265
16.0000 15.9447
16.0000 15.8721
16.0000 16.5480
16.0000 14.9717
16.0000 15.8312
16.0000 16.1701
16.0000 16.6196
16.0000 16.3657
16.0000 16.2409
16.0000 16.4240
16.0000 15.3024
16.0000 16.4511
16.0000 15.5096
16.0000 16.3905
16.0000 16.0970
16.0000 16.3265
16.0000 15.8553
16.0000 16.5854
16.0000 15.5778
16.0000 15.6574
16.0000 14.8647
16.0000 16.6206
16.0000 15.4982
16.0000 15.6900
16.0000 15.2194
16.0000 15.6406
16.0000 14.7940
16.0000 16.0058
16.0000 15.4596
16.0000 16.8931
16.0000 16.2431
16.0000 13.8630
16.0000 15.2703
16.0000 15.3633
16.0000 15.4014
16.0000 15.9222
16.0000 16.5767
16.0000 15.5329
16.0000 15.3731
16.0000 14.7315
16.0000 15.2991
16.0000 15.6021
16.0000 16.2097
16.0000 16.2066
16.0000 14.2088
16.0000 16.2841
16.0000 15.7805
16.0000 16.2564
16.0000 16.6034
16.0000 17.4442
16.0000 16.0316
16.0000 15.4497
16.0000 16.1311
16.0000 15.2147
16.0000 16.1209
16.0000 15.8813
16.0000 16.5721
16.0000 15.9717
16.0000 15.9615
16.0000 16.2312
16.0000 15.3076
16.0000 15.2461
16.0000 15.6583
16.0000 15.7098
16.0000 15.4241
16.0000 16.4296
16.0000 16.1838
16.0000 16.2359
16.0000 15.6887
16.0000 16.4188
16.0000 16.6730
16.0000 14.4966
16.0000 16.2886
16.0000 15.6696
16.0000 14.6137
16.0000 16.4164
16.0000 14.9524
16.0000 16.6637
16.0000 16.4688
16.0000 16.6619
16.0000 15.8127
16.0000 16.4260
16.0000 15.2977
16.0000 16.6117
16.0000 15.2670
16.0000 15.2428
16.0000 16.2351
16.0000 16.4372
16.0000 14.7799
16.0000 16.0899
16.0000 15.3169
16.0000 15.8613
16.0000 15.5637
16.0000 17.0930
16.0000 15.5110
16.0000 15.4406
16.0000 16.3648
16.0000 16.3432
16.0000 16.1136
16.0000 14.8732
16.0000 16.1642
16.0000 15.2807
16.0000 16.3412
16.0000 15.6600
16.0000 15.5524
16.0000 15.1372
16.0000 15.1297
16.0000 14.9465
16.0000 15.8470
16.0000 16.1549
16.0000 16.0216
16.0000 16.1437
16.0000 15.5537
16.0000 15.1952
16.0000 16.2498
16.0000 15.7973
16.0000 15.9236
16.0000 16.9278
16.0000 15.0746
16.0000 15.3488
16.0000 15.6863
16.0000 15.4533
16.0000 15.4878
16.0000 15.7222
16.0000 17.1954
16.0000 16.0207
16.0000 16.6925
16.0000 16.3891
16.0000 16.1185
16.0000 16.2407
16.0000 15.9438
16.0000 15.9491
16.0000 16.1703
16.0000 15.9668
16.0000 15.6922
16.0000 15.9371
16.0000 15.2881
16.0000 16.3832
16.0000 15.5884
16.0000 15.9106
16.0000 17.1777
16.0000 16.2307
16.0000 16.1130
16.0000 15.8071
16.0000 15.0524
16.0000 14.7775
16.0000 15.6234
16.0000 16.1415
16.0000 15.2156
16.0000 15.8259
16.0000 15.4635
16.0000 15.8367
16.0000 16.0032
16.0000 15.4600
16.0000 16.0052
16.0000 15.5877
16.0000 16.4993
16.0000 15.8593
16.0000 15.2195
16.0000 15.9101
16.0000 16.2730
16.0000 15.5823
16.0000 16.4057
16.0000 15.9422
16.0000 15.7257
16.0000 17.2562
16.0000 16.3765
16.0000 14.9398
16.0000 14.9439
16.0000 15.3917
16.0000 15.9768
16.0000 15.8326
16.0000 15.5374
16.0000 16.0831
16.0000 15.9045
16.0000 15.7371
16.0000 15.5690
16.0000 16.5631
16.0000 16.1036
16.0000 14.9296
16.0000 15.3863
16.0000 15.7520
16.0000 16.2688
16.0000 15.5033
16.0000 15.3371
16.0000 15.5039
16.0000 15.1750
16.0000 15.1118
16.0000 16.8255
16.0000 15.2156
16.0000 15.8637
16.0000 15.7667
16.0000 16.2295
16.0000 15.7511
16.0000 16.5772
16.0000 16.7170
16.0000 15.6493
16.0000 15.4339
16.0000 16.9530
16.0000 16.2726
16.0000 15.5075
16.0000 16.3123
16.0000 15.9860
16.0000 15.1351
16.0000 16.0853
16.0000 16.2245
16.0000 16.6115
16.0000 16.1395
16.0000 16.7918
16.0000 16.0865
16.0000 16.0433
16.0000 15.8777
16.0000 16.2324
16.0000 15.7341
16.0000 15.2323
16.0000 15.8422
16.0000 15.4529
16.0000 14.7605
16.0000 15.8907
16.0000 15.8183
16.0000 15.5823
16.0000 15.0406
16.0000 17.2935
16.0000 15.9541
16.0000 15.5074
16.0000 15.4708
16.0000 16.5313
16.0000 16.6778
16.0000 15.5648
16.0000 15.9039
16.0000 15.7242
16.0000 15.5883
16.0000 15.8574
16.0000 16.1252
16.0000 15.9064
16.0000 16.4351
16.0000 15.9598
16.0000 17.1029
16.0000 16.4535
16.0000 15.5317
16.0000 14.8113
16.0000 15.4168
16.0000 16.1510
16.0000 15.1949
16.0000 15.4636
16.0000 17.0522
16.0000 15.6006
16.0000 15.3933
16.0000 16.4349
16.0000 15.8069
16.0000 15.7155
16.0000 16.0004
16.0000 16.4888
16.0000 15.2931
16.0000 15.5027
16.0000 16.1527
16.0000 16.6776
16.0000 16.2533
16.0000 15.5729
16.0000 16.0323
16.0000 16.0543
16.0000 17.3147
16.0000 15.9313
16.0000 15.8842
16.0000 15.5701
16.0000 15.3475
16.0000 14.4139
16.0000 16.2971
16.0000 15.9383
16.0000 15.9080
16.0000 16.0541
16.0000 14.3734
16.0000 15.4755
16.0000 15.7810
16.0000 15.4549
16.0000 15.3371
16.0000 15.5783
16.0000 16.3038
16.0000 16.5612
16.0000 16.0399
16.0000 16.1784
16.0000 16.7608
16.0000 15.8011
16.0000 15.5375
16.0000 15.4883
16.0000 16.8557
16.0000 15.7789
16.0000 16.1548
16.0000 16.0181
16.0000 15.9941
16.0000 16.3105
16.0000 15.8319
16.0000 15.6734
16.0000 16.3662
16.0000 15.8534
16.0000 16.4875
16.0000 16.0665
16.0000 15.9086
16.0000 15.0945
16.0000 16.8879
16.0000 15.4769
16.0000 15.8157
16.0000 15.3469
16.0000 15.6626
16.0000 14.5533
16.0000 16.6713
16.0000 15.2794
16.0000 16.0295
16.0000 16.3636
16.0000 15.6418
16.0000 15.6965
16.0000 15.7726
16.0000 15.9648
16.0000 16.2656
16.0000 15.3527
16.0000 15.9704
16.0000 16.1590
16.0000 16.0827
16.0000 16.0003
16.0000 15.9579
16.0000 15.5261
16.0000 15.9890
16.0000 15.9888
16.0000 15.9714
16.0000 16.4353
16.0000 15.9981
16.0000 16.0787
16.0000 16.8263
16.0000 15.5805
16.0000 15.3892
16.0000 15.9246
16.0000 15.6206
16.0000 15.7064
16.0000 15.7052
16.0000 15.0488
16.0000 14.7681
16.0000 15.4676
16.0000 15.7463
16.0000 16.2468
16.0000 16.4777
16.0000 15.2725
16.0000 17.2705
16.0000 15.5948
16.0000 15.9622
16.0000 16.6905
16.0000 15.0962
16.0000 16.1038
16.0000 14.9357
16.0000 16.1008
16.0000 15.5512
16.0000 16.7404
16.0000 16.1118
16.0000 15.6270
16.0000 16.0027
16.0000 15.5835
16.0000 16.2008
16.0000 16.2130
16.0000 16.8916
16.0000 14.7790
16.0000 15.4153
16.0000 15.7588
16.0000 16.4074
16.0000 14.9161
16.0000 16.4258
16.0000 15.7600
16.0000 14.2215
16.0000 14.7988
16.0000 15.4922
16.0000 16.7803
16.0000 15.6933
16.0000 15.3447
16.0000 14.6835
16.0000 15.9942
16.0000 15.8879
16.0000 16.5459
16.0000 15.2056
16.0000 16.1910
16.0000 15.4459
16.0000 17.3443
16.0000 16.5848
16.0000 16.2888
16.0000 15.8884
16.0000 15.9359
16.0000 16.3494
16.0000 16.0686
16.0000 16.0088
16.0000 16.1102
16.0000 16.9844
16.0000 15.5688
16.0000 16.2242
16.0000 15.9072
16.0000 16.1742
16.0000 15.9368
16.0000 15.6372
16.0000 15.6498
16.0000 15.9090
16.0000 15.6812
16.0000 16.3199
16.0000 15.8064
16.0000 15.9928
16.0000 16.5093
16.0000 15.3536
16.0000 15.7160
16.0000 16.2834
16.0000 16.2584
16.0000 16.2328
16.0000 16.0879
16.0000 16.4869
16.0000 16.0967
16.0000 15.9535
16.0000 15.8801
16.0000 15.6771
16.0000 15.4068
16.0000 15.5717
16.0000 15.7061
16.0000 15.8004
16.0000 16.0270
16.0000 15.3090
16.0000 17.1148
16.0000 16.7390
16.0000 15.5695
16.0000 15.6902
16.0000 16.0072
16.0000 16.4624
16.0000 16.2790
16.0000 15.0257
16.0000 16.0285
16.0000 15.4014
16.0000 15.9717
16.0000 16.0508
16.0000 15.2047
16.0000 15.5930
16.0000 16.6495
16.0000 16.4512
16.0000 16.1873
16.0000 16.8094
16.0000 16.0548
16.0000 15.5887
16.0000 16.3380
16.0000 15.6502
16.0000 16.4261
16.0000 15.9451
16.0000 15.1399
16.0000 15.9182
16.0000 16.0633
16.0000 16.8476
16.0000 15.6723
16.0000 16.0014
16.0000 15.8996
16.0000 15.4268
16.0000 16.7095
16.0000 15.7301
16.0000 15.2419
16.0000 16.0183
16.0000 15.5763
16.0000 16.0371
16.0000 16.3455
16.0000 15.4070
16.0000 15.9267
16.0000 16.7757
