17.0000 16.6326
17.0000 16.5738
17.0000 16.5293
17.0000 16.8407
17.0000 17.5794
17.0000 16.4637
17.0000 16.6342
17.0000 16.5746
17.0000 16.1370
17.0000 16.6380
17.0000 16.9738
17.0000 17.4691
17.0000 16.7403
17.0000 16.6091
17.0000 17.6371
17.0000 17.5818
17.0000 17.5956
17.0000 15.4794
17.0000 17.1838
17.0000 17.1390
17.0000 15.6244
17.0000 17.6247
17.0000 16.2919
17.0000 16.3230
17.0000 17.0706
17.0000 17.6419
17.0000 16.0803
17.0000 16.8242
17.0000 16.3468
17.0000 16.8122
17.0000 16.0577
17.0000 16.4618
17.0000 16.7973
17.0000 17.5758
17.0000 17.2060
17.0000 16.6029
17.0000 17.6024
17.0000 17.4988
17.0000 16.2933
17.0000 16.1178
17.0000 17.4348
17.0000 18.1541
17.0000 17.0095
17.0000 16.7483
17.0000 16.5751
17.0000 16.2451
17.0000 17.0529
17.0000 17.5228
17.0000 16.0041
17.0000 16.6299
17.0000 16.2122
17.0000 16.4272
17.0000 16.7541
17.0000 16.6166
17.0000 17.3036
17.0000 16.9188
17.0000 16.4044
17.0000 16.5238
17.0000 17.5098
17.0000 16.3601
17.0000 16.8133
17.0000 17.4210
17.0000 17.9917
17.0000 17.4347
17.0000 16.6974
17.0000 16.8330
17.0000 17.2620
17.0000 15.5697
17.0000 16.2772
17.0000 17.2388
17.0000 16.4552
17.0000 16.9457
17.0000 17.2132
17.0000 16.4156
17.0000 17.2675
17.0000 16.8423
17.0000 17.7667
17.0000 17.2380
17.0000 15.9088
17.0000 17.3183
17.0000 16.7440
17.0000 16.0993
17.0000 16.0016
17.0000 17.1207
17.0000 17.6917
17.0000 16.1861
17.0000 15.4034
17.0000 16.1777
17.0000 16.7107
17.0000 17.0775
17.0000 16.7425
17.0000 16.7565
17.0000 16.8412
17.0000 16.3377
17.0000 16.3818
17.0000 16.4432
17.0000 16.9516
17.0000 17.2983
17.0000 17.0715
17.0000 17.5976
17.0000 17.5364
17.0000 17.5306
17.0000 17.1730
17.0000 17.5471
17.0000 15.2378
17.0000 17.1506
17.0000 16.2346
17.0000 16.0278
17.0000 16.4387
17.0000 17.2466
17.0000 16.5583
17.0000 17.0017
17.0000 17.6226
17.0000 18.1789
17.0000 16.9288
17.0000 16.7490
17.0000 16.2296
17.0000 17.0522
17.0000 17.2808
17.0000 17.0515
17.0000 16.3048
17.0000 16.6965
17.0000 16.6919
17.0000 17.6329
17.0000 15.7452
17.0000 17.4163
17.0000 16.9773
17.0000 16.9374
17.0000 16.9111
17.0000 16.0837
17.0000 17.9032
17.0000 17.0212
17.0000 17.4976
17.0000 17.0318
17.0000 16.5798
17.0000 17.4190
17.0000 16.6670
17.0000 17.2877
17.0000 17.5068
17.0000 17.0013
17.0000 17.7823
17.0000 16.4239
17.0000 16.9262
17.0000 17.3604
17.0000 16.7347
17.0000 16.5738
17.0000 16.9173
17.0000 17.3604
17.0000 16.8190
17.0000 16.7822
17.0000 15.9810
17.0000 17.0139
17.0000 17.0523
17.0000 17.0920
17.0000 17.1957
17.0000 17.7778
17.0000 16.9943
17.0000 16.8051
17.0000 16.9215
17.0000 15.7974
17.0000 16.0084
17.0000 16.8678
17.0000 16.8648
17.0000 17.5885
17.0000 17.4698
17.0000 17.3243
17.0000 16.5538
17.0000 17.0795
17.0000 16.8170
17.0000 16.9086
17.0000 16.8838
17.0000 16.4168
17.0000 18.2990
17.0000 16.9517
17.0000 16.2889
17.0000 16.5904
17.0000 17.3655
17.0000 15.6835
17.0000 16.4215
17.0000 15.9129
17.0000 16.5168
17.0000 15.9424
17.0000 17.0540
17.0000 16.5760
17.0000 16.4800
17.0000 15.8210
17.0000 16.0507
17.0000 17.5377
17.0000 16.5213
17.0000 16.4854
17.0000 17.0384
17.0000 17.2037
17.0000 16.9433
17.0000 17.5932
17.0000 16.0295
17.0000 16.2984
17.0000 16.3789
17.0000 17.8975
17.0000 17.5184
17.0000 16.5154
17.0000 16.6367
17.0000 17.1416
17.0000 17.6044
17.0000 17.2917
17.0000 17.1639
17.0000 16.5318
17.0000 17.4125
17.0000 16.5582
17.0000 17.0324
17.0000 16.9878
17.0000 15.2193
17.0000 17.6045
17.0000 16.7721
17.0000 16.4746
17.0000 15.9786
17.0000 17.3829
17.0000 16.5883
17.0000 15.7806
17.0000 16.4375
17.0000 17.2731
17.0000 17.2353
17.0000 17.0335
17.0000 16.7405
17.0000 16.9719
17.0000 16.5653
17.0000 16.4753
17.0000 17.3645
17.0000 17.3728
17.0000 17.5931
17.0000 16.6616
17.0000 16.5167
17.0000 16.4656
17.0000 16.8567
17.0000 16.5836
17.0000 17.2037
17.0000 16.8860
17.0000 17.6524
17.0000 17.2804
17.0000 18.0510
17.0000 16.6207
17.0000 16.1246
17.0000 18.3033
17.0000 16.3030
17.0000 17.0771
17.0000 16.9368
17.0000 16.7270
17.0000 16.5554
17.0000 17.2071
17.0000 17.1932
17.0000 16.4228
17.0000 17.2976
17.0000 16.7937
17.0000 16.3437
17.0000 16.6742
17.0000 16.9994
17.0000 15.7136
17.0000 16.8294
17.0000 17.1725
17.0000 17.0571
17.0000 16.6901
17.0000 16.9431
17.0000 16.7132
17.0000 16.5941
17.0000 17.3194
17.0000 16.9547
17.0000 17.0378
17.0000 16.9303
17.0000 17.4137
17.0000 16.3994
17.0000 17.1317
17.0000 16.3009
17.0000 17.0066
17.0000 16.9943
17.0000 15.8534
17.0000 17.8511
17.0000 16.9918
17.0000 17.1515
17.0000 17.4650
17.0000 16.4429
17.0000 16.4825
17.0000 16.6644
17.0000 16.2333
17.0000 16.4541
17.0000 17.0897
17.0000 17.1230
17.0000 16.3609
17.0000 17.1588
17.0000 16.0632
17.0000 16.6962
17.0000 15.9357
17.0000 17.0137
17.0000 16.4826
17.0000 17.2761
17.0000 15.6812
17.0000 16.7204
17.0000 16.6578
17.0000 17.1181
17.0000 16.3428
17.0000 17.0471
17.0000 17.3545
17.0000 17.4209
17.0000 16.7931
17.0000 16.4176
17.0000 16.1604
17.0000 16.9804
17.0000 16.6926
17.0000 16.9394
17.0000 16.7801
17.0000 16.8311
17.0000 17.0387
17.0000 16.5951
17.0000 16.4706
17.0000 17.7738
17.0000 16.6192
17.0000 17.1325
17.0000 17.2033
17.0000 17.4755
17.0000 16.6428
17.0000 15.8195
17.0000 16.1359
17.0000 16.2260
17.0000 16.0654
17.0000 16.4458
17.0000 16.7337
17.0000 17.2379
17.0000 17.1424
17.0000 16.7623
17.0000 17.3669
17.0000 16.7791
17.0000 16.8510
17.0000 16.8440
17.0000 17.2971
17.0000 17.5864
17.0000 17.9673
17.0000 17.7218
17.0000 16.6275
17.0000 17.1277
17.0000 16.0921
17.0000 17.1089
17.0000 17.2683
17.0000 16.7626
17.0000 17.4910
17.0000 16.7395
17.0000 16.7603
17.0000 17.4474
17.0000 16.0035
17.0000 17.5492
17.0000 16.2325
17.0000 15.4751
17.0000 17.8916
17.0000 17.7886
17.0000 17.3221
17.0000 17.1932
17.0000 17.0326
17.0000 17.7811
17.0000 16.3736
17.0000 16.5235
17.0000 17.0581
17.0000 17.1895
17.0000 17.0045
17.0000 16.8339
17.0000 17.0911
17.0000 14.9976
17.0000 17.6694
17.0000 17.1259
17.0000 16.6074
17.0000 17.3064
17.0000 17.1101
17.0000 17.0726
17.0000 17.7412
17.0000 16.5310
17.0000 16.4645
17.0000 17.4687
17.0000 16.7341
17.0000 16.7045
17.0000 17.4536
17.0000 17.7927
17.0000 17.1697
17.0000 17.5473
17.0000 16.8558
17.0000 17.5114
17.0000 16.0645
17.0000 16.1252
17.0000 16.4883
17.0000 17.9800
17.0000 16.9650
17.0000 16.9353
17.0000 17.0197
17.0000 15.9606
17.0000 16.6538
17.0000 16.4587
17.0000 16.7113
17.0000 17.4937
17.0000 16.6654
17.0000 17.6104
17.0000 16.1394
17.0000 17.1162
17.0000 17.9986
17.0000 17.6937
17.0000 17.0114
17.0000 17.0627
17.0000 16.8769
17.0000 16.2488
17.0000 16.2349
17.0000 17.1569
17.0000 15.4910
17.0000 16.0104
17.0000 17.0180
17.0000 16.2783
17.0000 18.0878
17.0000 17.0451
17.0000 16.8603
17.0000 17.4738
17.0000 16.1793
17.0000 17.6177
17.0000 15.7662
17.0000 17.8550
17.0000 17.1453
17.0000 17.3723
17.0000 16.3220
17.0000 15.8054
17.0000 16.7704
17.0000 16.9630
17.0000 17.1644
17.0000 16.5725
17.0000 16.3800
17.0000 18.0865
17.0000 17.0218
17.0000 16.8398
17.0000 17.7088
17.0000 17.0460
17.0000 17.6424
17.0000 15.9471
17.0000 16.9558
17.0000 16.8657
17.0000 17.4547
17.0000 15.9988
17.0000 16.8105
17.0000 16.9589
17.0000 16.7365
17.0000 16.9237
17.0000 16.9512
17.0000 17.3728
17.0000 16.7700
17.0000 16.5129
17.0000 17.8934
17.0000 16.6538
17.0000 16.4554
17.0000 16.7367
17.0000 17.0204
17.0000 18.4637
17.0000 16.7208
17.0000 16.7216
17.0000 18.1427
17.0000 17.2189
17.0000 17.1325
17.0000 16.4580
17.0000 16.6737
17.0000 17.0924
17.0000 16.4419
17.0000 16.1174
17.0000 17.5104
17.0000 16.3174
17.0000 15.7116
17.0000 16.6150
17.0000 17.6558
17.0000 16.9908
17.0000 16.4375
17.0000 17.6742
17.0000 17.7969
17.0000 17.2911
17.0000 17.0119
17.0000 16.6084
17.0000 16.9188
17.0000 17.6705
17.0000 15.9882
17.0000 17.9556
17.0000 17.3634
17.0000 15.8866
17.0000 16.8522
17.0000 16.0146
17.0000 16.8656
17.0000 16.9190
17.0000 15.9584
17.0000 16.3651
17.0000 16.3611
17.0000 16.9890
17.0000 16.9966
17.0000 17.1941
17.0000 16.8277
17.0000 16.4821
17.0000 16.2897
17.0000 16.6355
17.0000 16.8910
17.0000 15.0967
17.0000 17.6847
17.0000 17.4088
17.0000 17.5359
17.0000 17.5049
17.0000 17.6376
17.0000 15.9467
17.0000 16.8414
17.0000 16.5552
17.0000 17.5900
17.0000 17.5429
17.0000 16.7453
17.0000 17.0064
17.0000 17.0798
17.0000 16.7166
17.0000 17.1882
17.0000 17.1108
17.0000 16.6154
17.0000 16.1989
17.0000 16.5704
17.0000 16.2537
17.0000 17.5184
17.0000 17.2323
17.0000 17.2059
17.0000 17.4544
17.0000 16.9420
17.0000 16.7609
17.0000 17.2032
17.0000 17.5391
17.0000 17.7291
17.0000 17.0624
17.0000 16.7973
17.0000 17.0101
17.0000 16.0502
17.0000 16.7200
17.0000 16.3176
17.0000 16.1553
17.0000 17.1054
17.0000 16.6239
17.0000 17.7424
17.0000 16.9598
17.0000 17.2645
17.0000 17.1977
17.0000 16.1362
17.0000 16.0265
17.0000 16.3686
17.0000 17.9448
17.0000 17.0784
17.0000 17.6657
17.0000 16.7406
17.0000 16.6459
17.0000 17.3778
17.0000 16.6782
17.0000 17.2239
17.0000 16.3212
17.0000 16.6585
17.0000 16.4722
17.0000 16.9957
17.0000 16.2254
17.0000 17.7890
17.0000 17.1896
17.0000 17.2593
17.0000 16.6471
17.0000 16.4247
17.0000 17.7141
17.0000 17.2237
17.0000 16.9453
17.0000 16.7004
17.0000 17.1334
17.0000 17.1846
17.0000 17.4453
17.0000 16.2704
17.0000 17.6111
17.0000 16.0901
17.0000 16.4736
17.0000 16.4070
17.0000 17.1873
17.0000 17.5339
17.0000 16.9159
17.0000 18.0254
17.0000 16.8580
17.0000 16.4561
17.0000 17.1758
17.0000 16.5757
17.0000 16.5835
17.0000 17.1957
17.0000 16.8102
17.0000 16.3568
17.0000 16.5657
17.0000 16.3830
17.0000 16.8214
17.0000 16.0237
17.0000 16.9189
17.0000 17.2781
17.0000 17.4671
17.0000 17.3023
17.0000 17.6983
17.0000 16.4950
17.0000 17.0426
17.0000 17.3888
17.0000 17.2578
17.0000 16.6322
17.0000 16.7125
17.0000 16.5876
17.0000 17.1276
17.0000 17.4547
17.0000 16.5935
17.0000 17.3440
17.0000 16.8557
17.0000 16.2654
17.0000 16.4313
17.0000 17.6001
17.0000 17.7353
17.0000 16.0911
17.0000 16.6402
17.0000 17.7064
17.0000 16.7230
17.0000 17.1721
17.0000 16.9853
17.0000 16.7233
17.0000 16.5945
17.0000 15.6638
17.0000 17.1187
17.0000 16.8250
17.0000 17.3968
17.0000 18.5151
17.0000 15.8389
17.0000 16.0659
17.0000 16.3428
17.0000 17.0016
17.0000 16.8543
17.0000 17.7588
17.0000 17.0254
17.0000 16.9073
17.0000 16.6773
17.0000 16.2419
17.0000 16.4375
17.0000 16.8919
17.0000 16.5547
17.0000 16.8845
17.0000 17.3849
17.0000 18.2439
17.0000 17.1997
17.0000 15.5310
17.0000 17.1737
17.0000 16.4348
17.0000 17.4365
17.0000 17.6668
17.0000 16.7719
17.0000 17.6107
17.0000 17.7815
17.0000 16.2784
17.0000 17.1766
17.0000 17.8265
17.0000 16.5508
17.0000 16.7515
17.0000 17.0239
17.0000 17.4974
17.0000 17.5435
17.0000 18.0774
17.0000 15.5348
17.0000 16.8854
17.0000 17.1948
17.0000 16.4239
17.0000 16.6672
17.0000 17.1743
17.0000 16.8985
17.0000 16.8567
17.0000 17.0498
17.0000 16.6269
17.0000 16.9538
17.0000 16.8501
17.0000 17.1507
17.0000 17.7122
17.0000 16.5898
17.0000 16.2297
17.0000 17.5976
17.0000 16.3694
17.0000 16.9127
17.0000 15.7611
17.0000 16.9820
17.0000 17.7875
17.0000 15.6997
17.0000 16.2758
17.0000 16.4050
17.0000 17.0044
17.0000 16.0583
17.0000 17.1972
17.0000 17.0270
17.0000 17.2696
17.0000 16.2455
17.0000 17.6316
17.0000 17.1836
17.0000 17.8633
17.0000 17.7475
17.0000 16.9872
17.0000 16.4210
17.0000 16.2961
17.0000 17.2695
17.0000 16.1221
17.0000 16.7302
17.0000 16.7591
17.0000 16.8185
17.0000 16.5190
17.0000 16.6362
17.0000 16.4987
17.0000 16.6877
17.0000 16.2475
17.0000 17.5250
17.0000 15.9859
17.0000 16.0630
17.0000 16.7459
17.0000 17.0332
17.0000 17.5464
17.0000 15.5919
17.0000 17.9872
17.0000 16.3659
17.0000 16.7844
17.0000 17.2313
17.0000 16.6927
17.0000 16.0855
17.0000 17.3314
17.0000 17.2629
17.0000 17.2122
17.0000 17.1536
17.0000 16.3326
17.0000 16.1651
17.0000 17.6924
17.0000 16.9024
17.0000 15.8197
17.0000 17.4908
17.0000 16.9168
17.0000 16.8968
17.0000 16.0012
17.0000 17.7416
17.0000 16.6256
17.0000 17.3223
17.0000 17.4892
17.0000 16.4242
17.0000 16.3937
17.0000 16.0376
17.0000 17.1684
17.0000 15.4179
17.0000 16.5797
17.0000 16.7203
17.0000 16.2446
17.0000 15.4050
17.0000 16.4483
17.0000 16.7299
17.0000 16.5855
17.0000 16.8383
17.0000 15.9819
17.0000 16.9139
17.0000 15.6345
17.0000 17.0977
17.0000 16.1829
17.0000 16.9789
17.0000 16.6519
17.0000 17.3860
17.0000 17.2915
17.0000 16.2507
17.0000 16.4715
17.0000 17.4827
17.0000 16.8131
17.0000 18.0732
17.0000 16.7242
17.0000 16.1323
17.0000 17.3942
17.0000 16.4044
17.0000 17.7756
17.0000 17.1224
17.0000 17.0727
17.0000 16.7460
17.0000 17.2751
17.0000 16.7232
17.0000 17.5940
17.0000 17.0282
17.0000 16.0352
17.0000 15.9450
17.0000 17.6623
17.0000 16.5096
17.0000 17.8490
17.0000 17.1960
17.0000 16.8953
17.0000 16.4896
17.0000 16.9747
17.0000 16.7942
17.0000 15.3569
17.0000 16.5191
17.0000 16.5712
17.0000 16.3776
17.0000 16.7035
17.0000 16.1191
17.0000 15.8223
17.0000 16.4935
17.0000 17.3305
17.0000 16.8327
17.0000 17.3781
17.0000 16.6633
17.0000 16.6529
17.0000 18.2127
17.0000 16.4330
17.0000 17.3132
17.0000 16.6537
17.0000 17.2119
17.0000 16.8512
17.0000 16.6552
17.0000 17.0869
17.0000 16.4680
17.0000 16.6090
17.0000 17.0870
17.0000 16.1023
17.0000 16.8065
17.0000 16.2119
17.0000 17.0112
17.0000 16.2127
17.0000 18.0982
17.0000 16.8128
17.0000 16.3922
17.0000 17.2927
17.0000 17.1979
17.0000 17.6275
17.0000 16.4784
17.0000 17.2848
17.0000 17.5460
17.0000 17.2015
17.0000 17.3701
17.0000 16.8791
17.0000 16.6624
17.0000 17.0703
17.0000 16.8345
17.0000 16.3598
17.0000 17.2253
17.0000 17.3060
17.0000 15.5896
17.0000 16.3607
17.0000 17.3861
17.0000 17.2089
17.0000 17.7896
17.0000 16.6533
17.0000 16.9993
17.0000 16.6465
17.0000 18.1812
17.0000 16.4328
17.0000 17.0375
17.0000 17.2825
17.0000 16.5855
17.0000 16.1867
17.0000 17.8021
17.0000 16.5144
17.0000 17.4683
17.0000 16.6998
17.0000 16.9060
17.0000 17.2445
17.0000 17.5225
17.0000 18.0452
17.0000 17.5629
17.0000 17.2572
17.0000 16.9614
17.0000 16.4706
17.0000 16.2103
17.0000 16.4704
17.0000 17.7632
17.0000 16.2043
17.0000 17.5836
17.0000 16.4727
17.0000 16.6766
17.0000 17.0603
17.0000 15.8382
17.0000 16.8903
17.0000 16.9393
17.0000 16.7819
17.0000 16.0071
17.0000 17.6756
17.0000 17.9382
17.0000 17.0123
17.0000 17.0563
17.0000 17.2292
17.0000 17.1973
17.0000 16.5500
17.0000 17.3905
17.0000 17.3762
17.0000 16.0875
17.0000 16.0614
17.0000 17.0617
17.0000 15.8039
17.0000 16.3136
17.0000 16.8242
17.0000 17.4994
17.0000 16.3665
17.0000 16.4025
17.0000 17.0092
17.0000 16.0809
17.0000 16.8086
17.0000 17.1437
17.0000 16.8192
17.0000 16.5584
17.0000 16.9442
17.0000 18.0039
17.0000 17.5376
17.0000 16.7062
17.0000 16.4873
17.0000 16.3888
17.0000 16.8807
17.0000 16.5156
17.0000 16.5237
17.0000 16.7160
17.0000 16.1110
17.0000 16.8353
17.0000 16.6601
17.0000 17.3568
17.0000 16.3872
17.0000 17.2751
17.0000 16.2323
17.0000 16.7677
17.0000 16.2799
17.0000 16.6055
17.0000 17.5405
17.0000 16.4447
17.0000 16.6251
17.0000 16.7312
17.0000 17.4174
17.0000 17.0990
17.0000 17.7472
17.0000 16.0565
17.0000 16.2615
17.0000 17.0749
17.0000 17.3050
17.0000 16.4174
17.0000 16.9230
17.0000 17.7318
17.0000 17.6619
17.0000 16.9506
17.0000 16.4360
17.0000 16.2298
17.0000 16.8528
17.0000 17.0172
17.0000 15.9137
17.0000 17.0715
17.0000 17.2820
17.0000 17.1385
17.0000 16.7152
17.0000 16.8830
17.0000 16.9169
17.0000 17.0858
17.0000 17.5706
17.0000 17.6564
17.0000 17.4314
17.0000 17.2109
17.0000 17.5374
17.0000 16.5461
17.0000 16.4659
17.0000 16.9172
17.0000 17.8408
17.0000 17.2081
17.0000 17.9069
17.0000 16.5616
17.0000 17.0403
17.0000 16.1513
17.0000 17.0898
17.0000 15.9942
17.0000 17.4358
17.0000 17.3522
17.0000 16.2968
17.0000 15.5602
17.0000 16.8041
17.0000 16.1379
17.0000 17.3055
17.0000 17.6030
17.0000 17.5695
17.0000 16.4424
17.0000 17.4426
17.0000 16.4707
17.0000 16.7010
17.0000 17.2028
17.0000 16.7124
17.0000 17.0365
17.0000 15.6131
17.0000 16.3566
17.0000 16.1850
17.0000 16.0404
17.0000 16.8004
17.0000 17.4289
17.0000 16.4154
17.0000 17.0106
17.0000 17.2081
17.0000 17.2476
17.0000 16.5396
17.0000 17.3872
17.0000 17.1731
17.0000 17.9241
17.0000 16.5628
17.0000 17.3241
17.0000 16.6398
17.0000 16.5978
17.0000 17.3733
17.0000 17.7134
17.0000 17.3284
17.0000 17.6401
17.0000 16.4679
17.0000 16.9628
17.0000 16.8350
17.0000 17.3701
17.0000 16.9087
17.0000 17.4114
17.0000 16.7564
17.0000 17.1826
17.0000 17.5459
17.0000 16.3328
17.0000 17.5883
17.0000 16.9193
17.0000 17.4105
17.0000 16.2841
17.0000 17.2781
17.0000 17.0655
17.0000 16.3170
17.0000 16.6324
17.0000 17.6211
17.0000 16.7473
17.0000 17.3969
17.0000 17.7965
17.0000 17.3823
17.0000 16.8376
17.0000 15.7915
17.0000 16.2540
17.0000 16.5403
17.0000 17.5784
17.0000 16.6046
17.0000 16.6750
17.0000 17.4396
17.0000 16.6538
17.0000 17.2490
17.0000 15.7291
17.0000 16.1619
17.0000 17.2568
17.0000 16.5158
17.0000 16.9377
17.0000 16.9996
17.0000 16.8295
17.0000 18.2010
17.0000 16.6935
17.0000 17.2867
17.0000 16.6149
17.0000 15.9810
17.0000 15.4919
17.0000 17.4381
17.0000 16.7101
17.0000 16.8850
17.0000 17.2157
17.0000 17.2045
17.0000 16.7709
17.0000 16.0145
17.0000 16.4556
17.0000 17.1614
17.0000 16.7274
17.0000 17.7463
17.0000 15.7821
17.0000 17.3757
17.0000 16.0642
17.0000 17.5307
17.0000 16.2783
17.0000 16.4412
17.0000 17.1318
17.0000 17.7300
17.0000 16.8785
17.0000 16.9011
17.0000 17.1807
17.0000 16.0283
17.0000 16.8434
17.0000 16.3244
17.0000 15.9628
17.0000 17.0338
17.0000 17.4495
17.0000 16.6638
17.0000 16.6869
17.0000 16.7884
17.0000 16.0942
17.0000 17.5985
17.0000 17.3777
17.0000 18.0512
17.0000 17.6484
17.0000 17.5836
17.0000 17.0212
17.0000 17.4178
17.0000 17.3557
17.0000 16.8127
17.0000 16.9264
17.0000 16.9318
17.0000 16.2367
17.0000 16.0548
17.0000 16.6991
17.0000 16.5760
17.0000 15.6984
17.0000 17.2725
17.0000 16.3104
17.0000 16.4315
17.0000 17.2423
17.0000 17.4903
17.0000 17.3561
17.0000 16.5615
17.0000 15.5900
17.0000 16.8946
17.0000 15.9643
17.0000 17.0968
17.0000 16.9331
17.0000 16.4935
17.0000 16.7195
17.0000 17.7227
17.0000 17.4783
17.0000 17.3629
17.0000 17.0258
17.0000 17.0805
17.0000 16.4062
17.0000 16.8663
17.0000 16.5584
17.0000 16.2370
17.0000 17.2577
17.0000 17.5951
17.0000 16.8989
17.0000 17.0097
17.0000 16.9036
17.0000 17.4061
17.0000 17.3153
17.0000 16.1968
17.0000 16.9663
17.0000 16.4985
17.0000 16.9206
17.0000 16.8783
17.0000 16.8349
17.0000 17.3425
17.0000 17.2048
17.0000 17.0654
17.0000 17.7497
17.0000 16.4392
17.0000 16.7433
17.0000 16.5441
17.0000 16.5497
17.0000 17.4077
17.0000 16.4485
17.0000 16.4957
17.0000 17.0639
17.0000 17.5633
17.0000 16.0102
17.0000 16.3339
17.0000 16.7776
17.0000 17.1636
17.0000 17.2634
17.0000 16.2886
17.0000 16.5921
17.0000 17.4260
17.0000 16.5411
17.0000 17.4191
17.0000 15.4293
17.0000 15.7349
17.0000 16.9014
17.0000 16.7289
17.0000 16.7812
17.0000 16.9739
17.0000 16.4427
17.0000 16.9115
17.0000 16.9410
17.0000 15.5063
17.0000 16.5264
17.0000 16.6205
17.0000 16.3879
17.0000 16.7392
17.0000 16.9098
17.0000 16.6746
17.0000 16.5769
17.0000 16.7803
17.0000 16.7044
17.0000 16.5564
17.0000 16.7536
17.0000 16.3926
17.0000 16.4546
17.0000 16.8031
17.0000 17.9649
17.0000 15.9394
17.0000 16.8666
17.0000 16.7578
17.0000 17.2654
17.0000 17.5440
17.0000 15.4405
17.0000 17.9933
17.0000 16.5854
17.0000 16.5058
17.0000 16.3592
17.0000 16.9377
17.0000 17.4285
17.0000 17.2887
17.0000 15.0262
17.0000 16.6540
17.0000 16.2470
17.0000 16.5536
17.0000 17.5930
17.0000 16.6611
17.0000 17.3646
17.0000 17.6290
17.0000 16.4944
17.0000 16.7354
17.0000 16.3237
17.0000 16.6461
17.0000 17.8718
17.0000 17.5102
17.0000 17.2222
17.0000 16.6210
17.0000 16.6501
17.0000 15.6205
17.0000 16.6288
17.0000 18.7212
17.0000 17.0520
17.0000 17.6643
17.0000 16.5761
17.0000 16.7315
17.0000 17.1212
17.0000 17.3918
17.0000 16.7484
17.0000 17.3535
17.0000 17.6791
17.0000 16.6483
17.0000 17.3046
17.0000 17.2502
17.0000 16.7968
17.0000 17.4350
17.0000 16.8748
17.0000 17.2722
17.0000 17.0615
17.0000 16.0534
17.0000 16.8259
17.0000 17.1479
17.0000 16.6755
17.0000 16.4448
17.0000 16.8660
17.0000 16.7463
17.0000 17.1981
17.0000 16.8668
17.0000 16.5370
17.0000 16.5223
17.0000 16.3244
17.0000 17.2154
17.0000 17.0985
17.0000 15.7570
17.0000 17.2131
17.0000 16.7814
17.0000 16.6502
17.0000 17.0512
17.0000 17.8015
17.0000 16.0762
17.0000 16.4317
17.0000 16.9871
17.0000 15.8553
17.0000 17.0092
17.0000 17.2333
17.0000 16.9048
17.0000 16.9558
17.0000 17.7802
17.0000 17.2109
17.0000 16.7666
17.0000 16.4209
17.0000 17.0822
17.0000 15.9970
17.0000 16.6850
17.0000 17.1987
17.0000 17.3299
17.0000 16.7451
17.0000 17.1817
17.0000 16.8595
17.0000 17.2079
17.0000 17.8021
17.0000 16.6928
17.0000 17.2876
17.0000 17.4065
17.0000 16.8741
17.0000 17.4072
17.0000 17.0375
17.0000 17.1053
17.0000 17.0133
17.0000 16.0806
17.0000 16.2114
17.0000 18.2179
17.0000 16.3099
17.0000 16.4578
17.0000 17.0778
17.0000 15.7550
17.0000 17.4022
17.0000 17.5389
17.0000 16.7472
17.0000 16.8859
17.0000 16.0398
17.0000 17.3754
17.0000 16.3702
17.0000 16.8855
17.0000 17.1584
17.0000 17.8221
17.0000 17.3768
17.0000 16.5207
17.0000 17.1987
17.0000 16.9071
17.0000 16.3945
17.0000 16.9456
17.0000 16.0848
17.0000 17.3926
17.0000 16.9337
17.0000 17.3968
17.0000 16.5182
17.0000 16.3836
17.0000 16.8673
17.0000 17.3279
17.0000 16.6751
17.0000 16.2218
17.0000 17.4345
17.0000 17.0908
17.0000 17.2131
17.0000 17.4303
17.0000 15.9761
17.0000 17.1919
17.0000 17.3878
17.0000 16.8036
17.0000 16.1289
17.0000 16.5337
17.0000 16.4688
17.0000 16.5854
17.0000 17.0938
17.0000 16.4575
17.0000 17.1060
17.0000 17.3735
17.0000 16.8645
17.0000 17.7785
17.0000 16.8815
17.0000 16.4630
17.0000 16.4148
17.0000 17.0167
17.0000 17.1143
17.0000 16.3654
17.0000 16.7011
17.0000 17.7348
17.0000 16.1851
17.0000 17.5193
17.0000 17.4745
17.0000 15.9007
17.0000 17.2081
17.0000 15.9151
17.0000 16.9805
17.0000 17.0082
17.0000 16.1858
17.0000 15.9761
17.0000 17.8252
17.0000 15.5530
17.0000 17.1227
17.0000 16.5883
17.0000 17.4655
17.0000 16.3784
17.0000 16.7777
17.0000 16.0614
17.0000 17.5303
17.0000 16.9983
17.0000 17.0966
17.0000 17.4767
17.0000 16.7762
17.0000 17.3186
17.0000 17.0865
17.0000 16.5105
17.0000 16.1713
17.0000 17.3541
17.0000 16.9271
17.0000 16.5728
17.0000 17.0813
17.0000 16.7762
17.0000 16.6621
17.0000 17.1112
17.0000 17.2050
17.0000 17.0337
17.0000 16.8676
17.0000 16.9196
17.0000 16.3005
17.0000 16.7811
17.0000 16.6192
17.0000 16.9393
17.0000 17.4537
17.0000 17.1419
17.0000 15.7182
17.0000 16.9687
17.0000 16.7275
17.0000 16.6660
17.0000 16.1030
17.0000 16.9132
17.0000 17.0281
17.0000 17.1703
17.0000 17.1062
17.0000 17.4802
17.0000 17.2120
17.0000 16.3161
17.0000 16.6084
17.0000 17.9371
17.0000 17.3320
17.0000 17.1320
17.0000 16.3142
17.0000 16.9232
17.0000 16.3904
17.0000 17.8077
17.0000 17.2983
17.0000 17.6923
17.0000 16.7597
17.0000 17.5937
17.0000 16.3517
17.0000 18.3316
17.0000 16.4935
17.0000 16.6805
17.0000 16.6781
17.0000 16.4699
17.0000 18.2634
17.0000 16.3018
17.0000 17.5977
17.0000 16.8280
17.0000 16.1802
17.0000 16.2908
17.0000 17.2160
17.0000 17.0431
17.0000 16.7358
17.0000 17.1062
17.0000 16.3191
17.0000 15.7763
17.0000 16.7106
17.0000 16.6416
17.0000 17.0059
17.0000 16.7518
17.0000 16.4971
17.0000 16.1875
17.0000 16.8432
17.0000 17.0119
17.0000 17.4437
17.0000 16.9170
17.0000 17.3916
17.0000 16.8410
17.0000 16.2061
17.0000 16.2245
17.0000 17.7247
17.0000 17.4070
17.0000 15.6222
17.0000 16.3369
17.0000 16.4102
17.0000 17.9751
17.0000 16.1319
17.0000 16.5594
17.0000 17.5073
17.0000 16.6667
17.0000 16.7269
17.0000 16.4748
17.0000 17.0719
17.0000 17.0180
17.0000 17.1274
17.0000 17.3946
17.0000 17.1352
17.0000 16.1355
17.0000 17.2186
17.0000 17.0197
17.0000 17.2044
17.0000 16.0523
17.0000 16.9768
17.0000 17.1445
17.0000 16.5133
17.0000 17.5599
17.0000 16.9709
17.0000 17.5820
17.0000 15.5527
17.0000 15.7851
17.0000 16.9471
17.0000 17.1044
17.0000 16.8472
17.0000 17.2367
17.0000 16.9782
17.0000 16.7978
17.0000 16.1826
17.0000 17.5066
17.0000 16.6075
17.0000 16.9572
17.0000 15.7445
17.0000 17.2005
17.0000 17.2294
17.0000 17.0939
17.0000 17.3754
17.0000 17.4430
17.0000 16.0134
17.0000 17.0994
17.0000 16.2680
17.0000 16.8599
17.0000 17.5214
17.0000 16.3189
17.0000 17.8413
17.0000 17.2275
17.0000 16.9194
17.0000 17.8258
17.0000 17.3174
17.0000 16.7814
17.0000 15.9137
17.0000 16.1642
17.0000 17.1711
17.0000 16.5089
17.0000 16.4344
17.0000 17.9548
17.0000 17.0304
17.0000 17.2336
17.0000 15.9830
17.0000 16.1411
17.0000 16.5059
17.0000 17.3757
17.0000 16.3708
17.0000 16.9148
17.0000 17.6590
17.0000 16.2250
17.0000 16.6262
17.0000 16.8239
17.0000 16.6740
17.0000 17.5166
17.0000 16.6760
17.0000 16.7864
17.0000 17.0210
17.0000 16.9259
17.0000 17.8652
17.0000 17.3940
17.0000 16.3184
17.0000 17.2950
17.0000 16.6951
17.0000 17.6989
17.0000 18.2715
17.0000 17.9683
17.0000 17.7300
17.0000 17.2713
17.0000 16.0934
17.0000 16.2054
17.0000 17.6439
17.0000 17.0383
17.0000 16.5909
17.0000 16.3785
17.0000 17.0742
17.0000 17.2129
17.0000 16.8231
17.0000 16.3991
17.0000 16.6439
17.0000 16.6075
17.0000 17.2044
17.0000 16.9172
17.0000 17.1145
17.0000 16.3272
17.0000 16.6353
17.0000 16.9978
17.0000 16.6146
17.0000 16.7283
17.0000 16.0529
17.0000 16.6585
17.0000 16.9064
17.0000 17.4452
17.0000 16.9249
17.0000 17.1117
17.0000 16.4349
17.0000 16.4082
17.0000 17.2196
17.0000 16.0958
17.0000 16.6024
17.0000 15.5082
17.0000 16.6677
17.0000 16.1768
17.0000 17.3889
17.0000 17.7413
17.0000 16.4122
17.0000 16.8335
17.0000 16.6461
17.0000 16.3470
17.0000 16.6745
17.0000 17.2476
17.0000 16.0519
17.0000 16.0892
17.0000 17.0478
17.0000 15.3160
17.0000 16.1254
17.0000 16.2696
17.0000 17.3965
17.0000 16.7207
17.0000 17.3971
17.0000 16.0174
17.0000 17.3388
17.0000 17.1122
17.0000 16.4569
17.0000 15.9039
17.0000 17.0715
17.0000 17.7163
17.0000 16.7569
17.0000 16.1871
17.0000 16.2566
17.0000 16.1785
17.0000 16.4144
17.0000 15.9407
17.0000 17.4751
17.0000 16.5560
17.0000 17.0939
17.0000 17.3543
17.0000 16.5260
17.0000 17.5073
17.0000 16.8958
17.0000 17.5265
17.0000 16.9035
17.0000 17.6617
17.0000 17.1408
17.0000 16.5960
17.0000 16.0302
17.0000 16.4956
17.0000 17.3956
17.0000 15.8099
17.0000 15.9935
17.0000 16.1569
17.0000 17.1594
17.0000 16.7061
17.0000 16.0407
17.0000 17.5332
17.0000 16.4272
17.0000 16.2417
17.0000 16.9944
17.0000 17.7279
17.0000 17.2973
17.0000 17.0309
17.0000 15.8330
17.0000 15.9637
17.0000 17.3319
17.0000 16.1617
17.0000 17.3745
17.0000 17.4455
17.0000 16.9276
17.0000 17.4131
17.0000 16.9743
17.0000 16.8898
17.0000 15.9608
17.0000 16.7191
17.0000 17.6222
17.0000 17.0057
17.0000 17.0908
17.0000 17.9034
17.0000 16.9639
17.0000 16.6768
17.0000 17.0440
17.0000 16.0618
17.0000 16.5426
17.0000 17.2953
17.0000 16.0558
17.0000 16.6426
17.0000 16.7547
17.0000 16.6282
17.0000 16.5251
17.0000 16.1048
17.0000 16.7218
17.0000 16.0403
17.0000 17.5599
17.0000 17.5214
17.0000 17.1821
17.0000 17.1569
17.0000 17.0907
17.0000 17.1708
17.0000 15.9232
17.0000 17.2316
17.0000 16.7507
17.0000 17.3842
17.0000 16.3342
17.0000 17.0959
17.0000 16.8072
17.0000 16.3531
17.0000 16.5522
17.0000 17.6484
17.0000 17.4078
17.0000 16.6466
17.0000 16.3790
17.0000 17.0927
17.0000 16.6567
17.0000 16.4039
17.0000 16.7672
17.0000 17.0694
17.0000 17.2569
17.0000 17.2528
17.0000 17.1493
17.0000 17.3433
17.0000 17.6846
17.0000 16.9038
17.0000 16.5402
17.0000 16.5533
17.0000 15.8840
17.0000 16.5354
17.0000 17.0329
17.0000 16.5714
17.0000 17.7906
17.0000 16.6982
17.0000 16.0087
17.0000 17.2890
17.0000 17.7821
17.0000 16.5488
17.0000 16.3870
17.0000 17.6903
17.0000 17.5029
17.0000 17.4069
17.0000 16.9214
17.0000 16.6608
17.0000 16.8873
17.0000 16.4460
17.0000 17.2310
17.0000 16.4158
17.0000 15.4810
17.0000 16.6953
17.0000 17.0426
17.0000 16.7900
17.0000 17.4160
17.0000 16.2869
17.0000 17.7470
17.0000 16.4169
17.0000 16.7609
17.0000 16.4244
17.0000 17.4704
17.0000 17.7048
17.0000 17.4317
17.0000 17.0951
17.0000 16.9048
17.0000 16.2307
17.0000 17.0191
17.0000 16.6500
17.0000 16.6429
17.0000 16.8024
17.0000 17.1225
17.0000 15.6979
17.0000 17.4557
17.0000 16.7550
17.0000 16.7651
17.0000 16.9380
17.0000 16.8303
17.0000 17.3643
17.0000 17.6651
17.0000 16.7273
17.0000 16.9309
17.0000 16.4250
17.0000 15.6042
17.0000 15.8979
17.0000 16.9427
17.0000 16.7567
17.0000 17.2742
17.0000 16.0582
17.0000 17.6793
17.0000 16.8007
17.0000 16.9136
17.0000 17.4515
17.0000 16.7588
17.0000 16.7330
17.0000 16.4431
17.0000 17.5468
17.0000 17.5807
17.0000 18.1996
17.0000 16.7489
17.0000 16.5755
17.0000 16.3693
17.0000 17.7368
17.0000 17.0633
17.0000 16.7182
17.0000 16.8486
17.0000 17.6453
17.0000 17.1943
17.0000 17.3644
17.0000 17.2432
17.0000 17.2636
17.0000 17.2881
17.0000 16.6709
17.0000 17.0722
17.0000 17.4095
17.0000 17.8076
17.0000 18.1140
17.0000 15.6662
17.0000 16.3578
17.0000 16.8546
17.0000 17.0325
17.0000 15.9166
17.0000 16.5455
17.0000 17.1748
17.0000 16.8417
17.0000 17.2414
17.0000 17.9483
17.0000 16.3751
17.0000 16.5255
17.0000 16.1505
17.0000 16.8068
17.0000 16.5888
17.0000 17.0269
17.0000 15.6427
17.0000 16.4722
17.0000 16.7417
17.0000 16.9611
17.0000 16.9267
17.0000 16.9881
17.0000 17.0775
17.0000 16.8519
17.0000 17.7294
17.0000 16.4806
17.0000 16.7195
17.0000 17.0000
17.0000 17.7678
17.0000 17.3764
17.0000 15.3631
17.0000 17.3580
17.0000 17.4125
17.0000 15.4533
17.0000 17.3420
17.0000 15.5206
17.0000 15.9600
17.0000 16.9059
17.0000 17.1804
17.0000 16.9906
17.0000 17.0679
17.0000 17.5162
17.0000 17.4938
17.0000 16.3577
17.0000 16.6506
17.0000 17.4262
17.0000 17.4471
17.0000 16.5645
17.0000 15.5432
17.0000 16.4730
17.0000 16.7521
17.0000 15.6980
17.0000 17.6270
17.0000 16.5332
17.0000 16.4658
17.0000 16.1717
17.0000 16.3151
17.0000 16.7246
17.0000 17.1231
17.0000 16.3522
17.0000 17.7124
17.0000 16.8202
17.0000 16.2049
17.0000 15.1279
17.0000 17.0554
17.0000 15.7882
17.0000 17.6962
17.0000 16.7790
17.0000 16.6499
17.0000 17.1998
17.0000 16.2304
17.0000 16.5709
17.0000 15.5401
17.0000 16.9569
17.0000 16.9437
17.0000 15.9249
17.0000 16.6675
17.0000 16.3214
17.0000 17.2587
17.0000 16.8844
17.0000 17.0986
17.0000 16.4459
17.0000 17.2086
17.0000 17.2961
17.0000 16.4742
17.0000 15.7699
17.0000 16.4778
17.0000 17.4425
17.0000 16.5366
17.0000 16.6074
17.0000 16.6070
17.0000 17.3834
17.0000 16.5159
17.0000 16.6342
17.0000 16.9794
17.0000 17.4268
17.0000 17.2064
17.0000 16.9153
17.0000 17.1335
17.0000 17.1946
17.0000 17.2830
17.0000 16.8502
17.0000 16.8090
17.0000 16.4579
17.0000 16.7984
17.0000 16.9706
17.0000 17.1840
17.0000 16.8046
17.0000 17.3772
17.0000 16.6085
17.0000 16.7202
17.0000 16.1162
17.0000 17.0244
17.0000 16.5173
17.0000 16.9393
17.0000 17.9881
17.0000 15.5148
17.0000 17.4876
17.0000 16.6948
17.0000 16.6697
17.0000 15.9712
17.0000 16.4381
17.0000 17.9923
17.0000 17.1577
17.0000 15.9873
17.0000 17.3934
17.0000 17.4001
17.0000 16.8458
17.0000 16.5594
17.0000 16.5676
17.0000 16.5654
17.0000 17.6685
17.0000 16.4861
17.0000 16.6981
17.0000 16.8682
17.0000 17.7103
17.0000 16.3974
17.0000 16.1400
17.0000 18.4637
17.0000 17.1949
17.0000 16.4376
17.0000 17.0950
17.0000 16.6740
17.0000 17.8037
17.0000 16.0364
17.0000 16.4507
17.0000 15.8625
17.0000 16.4530
17.0000 17.6444
17.0000 16.6657
17.0000 16.9980
17.0000 17.1391
17.0000 17.3306
17.0000 18.3577
17.0000 17.4973
17.0000 17.1114
17.0000 17.2128
17.0000 16.5449
17.0000 17.5319
17.0000 18.1151
17.0000 15.6025
17.0000 17.0570
17.0000 17.0492
17.0000 16.8768
17.0000 17.2725
17.0000 17.5254
17.0000 16.6222
17.0000 16.4589
17.0000 16.7386
17.0000 15.9557
17.0000 16.8027
17.0000 16.4411
17.0000 17.3062
17.0000 17.1312
17.0000 16.7528
17.0000 17.3647
17.0000 17.0430
17.0000 16.3699
17.0000 16.6448
17.0000 16.6086
17.0000 16.1578
17.0000 16.5360
17.0000 16.3906
17.0000 15.9450
17.0000 17.0965
17.0000 16.8817
17.0000 16.8365
17.0000 16.7695
17.0000 16.2115
17.0000 16.8379
17.0000 17.3053
17.0000 16.3689
17.0000 17.0881
17.0000 16.9252
17.0000 17.6187
17.0000 16.7615
17.0000 17.4990
17.0000 17.0369
17.0000 16.7885
17.0000 16.8436
17.0000 17.0227
17.0000 16.5912
17.0000 16.5926
17.0000 17.0159
17.0000 17.0539
17.0000 17.2961
17.0000 17.1789
17.0000 17.0137
17.0000 16.8353
17.0000 16.8115
17.0000 17.2585
17.0000 15.7704
17.0000 16.4214
17.0000 17.5258
17.0000 17.0542
17.0000 15.6289
17.0000 17.1032
17.0000 17.5100
17.0000 16.2019
17.0000 18.0255
17.0000 16.6488
17.0000 15.8924
17.0000 16.4291
17.0000 17.0195
17.0000 16.6874
17.0000 17.4999
17.0000 18.3366
17.0000 16.4600
17.0000 17.7252
17.0000 17.8757
17.0000 16.4226
17.0000 15.9077
17.0000 16.5618
17.0000 16.9477
17.0000 16.1561
17.0000 17.3434
17.0000 15.8932
17.0000 17.1116
17.0000 17.0562
17.0000 16.3497
17.0000 16.9237
17.0000 17.1053
17.0000 16.4806
17.0000 16.0780
17.0000 17.1508
17.0000 17.6391
17.0000 17.7439
17.0000 16.9567
17.0000 17.3381
17.0000 17.2555
17.0000 17.0931
17.0000 15.6551
17.0000 16.7133
17.0000 16.1794
17.0000 17.2786
17.0000 16.5244
17.0000 16.9218
17.0000 15.8699
17.0000 16.2063
17.0000 16.8377
17.0000 17.7107
17.0000 16.6540
17.0000 17.1075
17.0000 16.8416
17.0000 17.3142
17.0000 16.5190
17.0000 16.2946
17.0000 16.8723
17.0000 16.1041
17.0000 15.9422
17.0000 16.5617
17.0000 16.4111
17.0000 17.2624
17.0000 17.3948
17.0000 16.3837
17.0000 16.6616
17.0000 15.6564
17.0000 16.8457
17.0000 17.0758
17.0000 16.5100
17.0000 16.5089
17.0000 16.8124
17.0000 16.6575
17.0000 17.6849
17.0000 17.8046
17.0000 16.9766
17.0000 18.0163
17.0000 16.1588
17.0000 16.5805
17.0000 16.3708
17.0000 17.7018
17.0000 16.2891
17.0000 16.7161
17.0000 17.8350
17.0000 16.1813
17.0000 16.1634
17.0000 16.4461
17.0000 17.1055
17.0000 16.0492
17.0000 16.4642
17.0000 17.1068
17.0000 17.2164
17.0000 15.5656
17.0000 17.1690
17.0000 16.8264
17.0000 16.8139
17.0000 16.5431
17.0000 16.7291
17.0000 16.5887
17.0000 16.3450
17.0000 16.8870
17.0000 17.0114
17.0000 16.4906
17.0000 17.2717
17.0000 17.5471
17.0000 16.3488
17.0000 17.0758
17.0000 17.3279
17.0000 17.6885
17.0000 17.2337
17.0000 16.2131
17.0000 16.3204
17.0000 17.0024
17.0000 17.6283
17.0000 17.7664
17.0000 16.6107
17.0000 17.4788
17.0000 16.9822
17.0000 16.9223
17.0000 17.2089
17.0000 17.0100
17.0000 17.7168
17.0000 16.1578
17.0000 16.7549
17.0000 18.1185
17.0000 16.3499
17.0000 16.8678
17.0000 16.6486
17.0000 17.5264
17.0000 18.4775
17.0000 16.4528
17.0000 17.1826
17.0000 17.1018
17.0000 15.7245
17.0000 16.0824
17.0000 16.9115
17.0000 16.2647
17.0000 17.6757
17.0000 17.2837
17.0000 17.4397
17.0000 16.3818
17.0000 16.4539
17.0000 16.4081
17.0000 16.5581
17.0000 15.7497
17.0000 17.7507
17.0000 17.4450
17.0000 17.1862
17.0000 17.0529
17.0000 16.7479
17.0000 17.2241
17.0000 17.3820
17.0000 16.9091
17.0000 17.4081
17.0000 16.9024
17.0000 16.8752
17.0000 16.2204
17.0000 17.2602
17.0000 17.4622
17.0000 15.9863
17.0000 16.7922
17.0000 17.2240
17.0000 16.3797
17.0000 17.4410
17.0000 16.5696
17.0000 16.4736
17.0000 16.9517
17.0000 16.6459
17.0000 16.8444
17.0000 17.0431
17.0000 16.9888
17.0000 16.7687
17.0000 17.0751
17.0000 16.9695
17.0000 16.9504
17.0000 17.8368
17.0000 16.8146
17.0000 17.2504
17.0000 17.3313
17.0000 16.8864
17.0000 16.8418
17.0000 16.9923
17.0000 16.7493
17.0000 17.7711
17.0000 16.5012
17.0000 16.9629
17.0000 15.9036
17.0000 16.6050
17.0000 17.1280
17.0000 16.2956
17.0000 17.0036
17.0000 17.3203
17.0000 17.3634
17.0000 17.1322
17.0000 16.7977
17.0000 16.8723
17.0000 16.5319
17.0000 17.0167
17.0000 16.0085
17.0000 16.3973
17.0000 16.8489
17.0000 17.0623
17.0000 16.6408
17.0000 17.8380
17.0000 17.1513
17.0000 16.8324
17.0000 17.3769
17.0000 15.9956
17.0000 15.5400
17.0000 16.5942
17.0000 17.0302
17.0000 15.8747
17.0000 16.9162
17.0000 17.3545
17.0000 16.3684
17.0000 16.6546
17.0000 16.9110
17.0000 16.8973
17.0000 16.4087
17.0000 16.5572
17.0000 16.9578
17.0000 16.4464
17.0000 17.1288
17.0000 17.0569
17.0000 18.1704
17.0000 17.4640
17.0000 15.5779
17.0000 15.8722
17.0000 16.7492
17.0000 15.5281
17.0000 16.6176
17.0000 17.0533
17.0000 17.0096
17.0000 16.4428
17.0000 16.1761
17.0000 15.5539
17.0000 16.3996
17.0000 16.6736
17.0000 16.9375
17.0000 17.2552
17.0000 16.8915
17.0000 17.0475
17.0000 17.0279
17.0000 17.0751
17.0000 16.4522
17.0000 16.1615
17.0000 17.2681
17.0000 17.3395
17.0000 17.1807
17.0000 17.9833
17.0000 17.1912
17.0000 16.2735
17.0000 16.3352
17.0000 17.4592
17.0000 17.4720
17.0000 16.4742
17.0000 16.2858
17.0000 17.3625
17.0000 16.4501
17.0000 17.4103
17.0000 17.7834
17.0000 16.8279
17.0000 17.9710
17.0000 17.1447
17.0000 16.7531
17.0000 17.2935
17.0000 16.4239
17.0000 17.4418
17.0000 17.0826
17.0000 17.1302
17.0000 17.0513
17.0000 16.8927
17.0000 17.5286
17.0000 17.9724
17.0000 16.0857
17.0000 17.2657
17.0000 16.0199
17.0000 16.6056
17.0000 15.8049
17.0000 16.5869
17.0000 16.9021
17.0000 16.5141
17.0000 17.6671
17.0000 16.8211
17.0000 16.7642
17.0000 16.3080
17.0000 17.8602
17.0000 16.8545
17.0000 16.6992
17.0000 16.5654
17.0000 16.2353
17.0000 16.9057
17.0000 16.7882
17.0000 16.1104
17.0000 17.2114
17.0000 17.2228
17.0000 16.0511
17.0000 15.8525
17.0000 16.9182
17.0000 16.7936
17.0000 16.6507
17.0000 17.0657
17.0000 16.9242
17.0000 16.4731
17.0000 15.5291
17.0000 17.1653
17.0000 17.2962
17.0000 15.9006
17.0000 16.6148
17.0000 16.8572
17.0000 16.8530
17.0000 17.1284
17.0000 16.4116
17.0000 17.8420
17.0000 17.4428
17.0000 16.2763
17.0000 17.3128
17.0000 17.2682
17.0000 17.4674
17.0000 17.0586
17.0000 16.4137
17.0000 17.1186
17.0000 16.1089
17.0000 16.8555
17.0000 16.6538
17.0000 16.0054
17.0000 16.4123
17.0000 17.2374
17.0000 16.8189
17.0000 16.3994
17.0000 16.2664
17.0000 17.3842
17.0000 16.8091
17.0000 17.2381
17.0000 16.9045
17.0000 16.3174
17.0000 17.2416
17.0000 16.0968
17.0000 16.8893
17.0000 17.0483
17.0000 18.7461
17.0000 16.0875
17.0000 16.9137
17.0000 17.1677
17.0000 16.9601
17.0000 16.7979
17.0000 16.1760
17.0000 17.2011
17.0000 16.5512
17.0000 16.5813
17.0000 17.8189
17.0000 15.7931
17.0000 17.4880
17.0000 16.4023
17.0000 15.7755
17.0000 16.7382
17.0000 17.5122
17.0000 16.8940
17.0000 16.4311
17.0000 16.5252
17.0000 16.7811
17.0000 16.3070
17.0000 16.9715
17.0000 16.9631
17.0000 17.2098
17.0000 17.2962
17.0000 16.9860
17.0000 17.2984
17.0000 15.9715
17.0000 17.9297
17.0000 17.4268
17.0000 16.5391
17.0000 16.2488
17.0000 17.4038
17.0000 17.6275
17.0000 15.7396
17.0000 16.1373
17.0000 16.6976
17.0000 16.1546
17.0000 16.6334
17.0000 16.9209
17.0000 17.4790
17.0000 17.8243
17.0000 17.1456
17.0000 17.2822
17.0000 16.6873
17.0000 16.3113
17.0000 15.8864
17.0000 16.5510
17.0000 17.1644
17.0000 15.9866
17.0000 17.2500
17.0000 16.4247
17.0000 17.2370
17.0000 16.4931
17.0000 16.8749
17.0000 17.2721
17.0000 17.0125
17.0000 17.0850
17.0000 17.0987
17.0000 16.9609
17.0000 17.1724
17.0000 16.5692
17.0000 17.4355
17.0000 16.3047
17.0000 16.9242
17.0000 16.2645
17.0000 16.6595
17.0000 15.9222
17.0000 18.3428
17.0000 17.5634
17.0000 15.8423
17.0000 16.9396
17.0000 15.8778
17.0000 16.6426
17.0000 16.2686
17.0000 16.9965
17.0000 16.6585
17.0000 15.9432
17.0000 15.9927
17.0000 17.3404
17.0000 16.5320
17.0000 16.4816
17.0000 17.2884
17.0000 17.5195
17.0000 17.2572
17.0000 17.1136
17.0000 17.3483
17.0000 17.5265
17.0000 16.8344
17.0000 16.4205
17.0000 17.9084
17.0000 17.2182
17.0000 16.8474
17.0000 17.7235
17.0000 17.2717
17.0000 17.2102
17.0000 16.9802
17.0000 17.4382
17.0000 15.7674
17.0000 16.3143
17.0000 17.1118
17.0000 17.0196
17.0000 16.8241
17.0000 17.8343
17.0000 16.3517
17.0000 17.1971
17.0000 17.3145
17.0000 16.8084
17.0000 17.1801
17.0000 16.1154
17.0000 16.5513
17.0000 17.1881
17.0000 15.9700
17.0000 17.1782
17.0000 17.0392
17.0000 18.3509
17.0000 16.5951
17.0000 16.2107
17.0000 16.4874
17.0000 16.2860
17.0000 15.9267
17.0000 16.7190
17.0000 16.8646
17.0000 16.6850
17.0000 16.7509
17.0000 17.4352
17.0000 16.4805
17.0000 15.8231
17.0000 16.6450
17.0000 16.7405
17.0000 16.1278
17.0000 17.0576
17.0000 17.5611
17.0000 17.9678
17.0000 17.8183
17.0000 16.4645
17.0000 16.8123
17.0000 16.4826
17.0000 16.0953
17.0000 17.1924
17.0000 16.2264
17.0000 16.8637
17.0000 16.9589
17.0000 17.1034
17.0000 17.1182
17.0000 17.8985
17.0000 16.8701
17.0000 16.7335
17.0000 17.0499
17.0000 16.8177
17.0000 16.1674
17.0000 16.8469
17.0000 17.1527
17.0000 17.0226
17.0000 16.5453
17.0000 16.4418
17.0000 17.8481
17.0000 16.8263
17.0000 17.6429
17.0000 16.6040
17.0000 16.6202
17.0000 17.6291
17.0000 16.3188
17.0000 16.6920
17.0000 16.5410
17.0000 16.9010
17.0000 16.5529
17.0000 16.5287
17.0000 17.8163
17.0000 16.7186
17.0000 16.2478
17.0000 16.3899
17.0000 16.7692
17.0000 16.6212
17.0000 16.6565
17.0000 16.9143
17.0000 17.7204
17.0000 17.5297
17.0000 15.6416
17.0000 17.7616
17.0000 16.5816
17.0000 16.0909
17.0000 16.7774
17.0000 16.5154
17.0000 17.3375
17.0000 16.8403
17.0000 16.6004
17.0000 16.9385
