18.0000 16.7631
18.0000 17.3454
18.0000 18.2495
18.0000 16.8755
18.0000 18.1751
18.0000 17.2708
18.0000 17.0211
18.0000 17.3299
18.0000 17.7024
18.0000 18.4268
18.0000 18.5363
18.0000 17.9769
18.0000 17.8685
18.0000 17.4834
18.0000 18.8030
18.0000 18.0228
18.0000 17.3593
18.0000 17.6891
18.0000 17.8099
18.0000 18.4350
18.0000 18.0471
18.0000 18.0783
18.0000 17.8485
18.0000 17.7363
18.0000 16.6945
18.0000 18.3859
18.0000 18.9134
18.0000 17.3364
18.0000 18.6339
18.0000 18.6053
18.0000 17.9002
18.0000 18.2505
18.0000 16.8088
18.0000 17.2827
18.0000 18.3556
18.0000 18.0162
18.0000 18.3444
18.0000 17.1035
18.0000 17.9935
18.0000 17.5229
18.0000 17.3170
18.0000 17.2904
18.0000 18.0963
18.0000 17.2753
18.0000 18.2514
18.0000 18.7050
18.0000 18.3518
18.0000 17.9962
18.0000 17.2305
18.0000 18.4297
18.0000 17.4730
18.0000 17.9605
18.0000 19.1661
18.0000 17.7924
18.0000 17.8816
18.0000 17.3343
18.0000 17.4623
18.0000 17.2123
18.0000 16.5328
18.0000 18.0803
18.0000 16.9194
18.0000 17.5119
18.0000 18.0324
18.0000 17.9456
18.0000 17.6174
18.0000 17.7779
18.0000 18.6528
18.0000 17.7342
18.0000 17.3574
18.0000 17.6428
18.0000 18.6151
18.0000 17.7112
18.0000 17.2096
18.0000 17.3957
18.0000 17.2120
18.0000 16.7923
18.0000 17.8201
18.0000 18.1647
18.0000 18.1337
18.0000 18.3870
18.0000 17.4538
18.0000 17.7167
18.0000 18.6134
18.0000 17.6211
18.0000 17.9538
18.0000 17.0507
18.0000 17.2803
18.0000 17.7058
18.0000 18.1428
18.0000 18.1546
18.0000 18.0230
18.0000 18.4725
18.0000 16.7928
18.0000 17.3370
18.0000 18.4879
18.0000 17.9542
18.0000 17.5581
18.0000 17.3776
18.0000 17.7068
18.0000 19.0205
18.0000 18.2969
18.0000 17.4438
18.0000 17.5748
18.0000 16.8517
18.0000 17.5828
18.0000 17.9471
18.0000 16.7262
18.0000 17.8229
18.0000 17.3342
18.0000 17.7538
18.0000 16.6522
18.0000 17.9443
18.0000 18.4928
18.0000 17.6394
18.0000 18.2489
18.0000 16.5062
18.0000 17.6209
18.0000 18.0401
18.0000 17.5149
18.0000 18.4547
18.0000 18.5860
18.0000 18.8734
18.0000 18.0904
18.0000 17.5752
18.0000 17.7360
18.0000 17.9433
18.0000 18.1289
18.0000 18.2545
18.0000 17.5229
18.0000 17.5119
18.0000 18.2434
18.0000 18.2772
18.0000 17.6161
18.0000 17.0483
18.0000 17.8585
18.0000 17.7617
18.0000 18.2222
18.0000 17.3273
18.0000 18.2244
18.0000 18.3897
18.0000 17.7643
18.0000 17.0940
18.0000 17.7217
18.0000 18.0221
18.0000 17.9789
18.0000 17.3489
18.0000 18.3592
18.0000 17.6091
18.0000 19.1287
18.0000 17.7958
18.0000 17.1297
18.0000 17.0326
18.0000 17.8264
18.0000 18.2362
18.0000 17.3539
18.0000 17.9407
18.0000 17.4147
18.0000 18.1020
18.0000 18.0784
18.0000 18.1704
18.0000 18.4535
18.0000 18.0717
18.0000 17.7914
18.0000 17.8752
18.0000 17.4276
18.0000 17.8990
18.0000 17.3329
18.0000 18.6897
18.0000 17.9884
18.0000 17.9790
18.0000 17.8531
18.0000 18.2564
18.0000 18.2596
18.0000 17.7846
18.0000 19.1609
18.0000 19.6335
18.0000 17.0706
18.0000 17.1050
18.0000 17.3020
18.0000 17.4487
18.0000 18.6976
18.0000 19.0522
18.0000 18.6741
18.0000 17.6803
18.0000 18.0160
18.0000 18.1176
18.0000 17.2433
18.0000 17.9109
18.0000 17.8303
18.0000 18.1686
18.0000 18.6559
18.0000 17.6133
18.0000 18.2181
18.0000 18.0228
18.0000 16.8546
18.0000 17.8339
18.0000 17.5529
18.0000 18.6605
18.0000 17.8837
18.0000 18.6950
18.0000 17.5060
18.0000 16.6656
18.0000 18.1329
18.0000 18.4728
18.0000 18.1572
18.0000 18.0926
18.0000 18.5305
18.0000 18.6129
18.0000 17.3103
18.0000 17.8372
18.0000 17.9500
18.0000 18.8025
18.0000 16.4221
18.0000 17.6930
18.0000 18.0694
18.0000 18.3639
18.0000 18.3799
18.0000 18.3219
18.0000 18.2387
18.0000 18.0037
18.0000 16.9743
18.0000 18.6976
18.0000 18.3554
18.0000 18.1343
18.0000 17.5573
18.0000 17.8203
18.0000 17.7341
18.0000 18.5541
18.0000 17.8688
18.0000 17.5665
18.0000 17.8889
18.0000 16.5560
18.0000 17.8058
18.0000 18.1446
18.0000 16.4672
18.0000 17.4321
18.0000 17.0351
18.0000 17.2157
18.0000 18.7786
18.0000 17.1501
18.0000 17.1633
18.0000 18.3133
18.0000 18.7931
18.0000 18.3464
18.0000 18.1027
18.0000 17.8346
18.0000 18.1907
18.0000 16.8979
18.0000 17.4274
18.0000 17.2268
18.0000 18.4850
18.0000 18.1389
18.0000 18.0128
18.0000 18.2959
18.0000 17.6030
18.0000 17.7749
18.0000 17.5724
18.0000 18.1198
18.0000 17.3179
18.0000 17.9185
18.0000 17.5406
18.0000 17.8366
18.0000 17.6433
18.0000 17.8633
18.0000 18.4513
18.0000 16.3546
18.0000 16.3826
18.0000 17.7874
18.0000 17.9515
18.0000 17.0545
18.0000 17.4677
18.0000 17.4004
18.0000 17.8012
18.0000 19.0511
18.0000 17.3638
18.0000 17.6278
18.0000 17.9263
18.0000 18.2824
18.0000 17.6339
18.0000 16.7604
18.0000 17.1054
18.0000 17.5452
18.0000 18.0636
18.0000 18.1816
18.0000 18.2367
18.0000 18.0988
18.0000 17.8237
18.0000 17.3034
18.0000 17.5260
18.0000 17.6289
18.0000 17.8965
18.0000 18.4048
18.0000 16.9520
18.0000 17.9517
18.0000 17.4979
18.0000 17.6161
18.0000 18.2284
18.0000 18.0967
18.0000 17.4387
18.0000 17.0993
18.0000 17.1992
18.0000 18.5353
18.0000 17.8513
18.0000 17.6387
18.0000 17.8057
18.0000 19.1730
18.0000 17.0565
18.0000 18.4314
18.0000 18.1046
18.0000 17.7761
18.0000 17.6101
18.0000 18.2633
18.0000 18.9404
18.0000 17.1469
18.0000 17.6651
18.0000 16.4207
18.0000 17.3768
18.0000 18.1925
18.0000 19.1085
18.0000 18.5842
18.0000 16.7444
18.0000 18.4231
18.0000 17.7677
18.0000 17.2236
18.0000 17.7521
18.0000 18.1032
18.0000 18.3179
18.0000 18.0990
18.0000 18.4974
18.0000 18.4152
18.0000 18.1874
18.0000 16.7958
18.0000 18.4006
18.0000 18.2880
18.0000 17.9104
18.0000 16.6986
18.0000 17.8826
18.0000 18.1355
18.0000 18.1734
18.0000 16.9722
18.0000 17.8993
18.0000 18.1717
18.0000 17.2399
18.0000 17.1198
18.0000 17.5730
18.0000 17.4271
18.0000 19.2366
18.0000 17.8010
18.0000 17.7005
18.0000 16.8027
18.0000 17.7023
18.0000 18.0422
18.0000 18.1607
18.0000 18.1363
18.0000 16.7036
18.0000 17.8582
18.0000 17.9489
18.0000 17.6737
18.0000 17.9597
18.0000 18.1157
18.0000 17.0976
18.0000 16.4524
18.0000 18.1573
18.0000 18.0733
18.0000 17.7056
18.0000 17.9666
18.0000 17.7522
18.0000 18.0643
18.0000 17.4420
18.0000 17.3439
18.0000 17.7009
18.0000 17.6132
18.0000 17.1189
18.0000 17.3792
18.0000 17.7090
18.0000 16.8761
18.0000 19.1355
18.0000 18.2929
18.0000 18.3145
18.0000 18.4126
18.0000 18.6576
18.0000 18.0640
18.0000 17.7628
18.0000 16.9915
18.0000 17.5727
18.0000 17.7546
18.0000 17.7605
18.0000 18.6895
18.0000 17.7394
18.0000 18.1968
18.0000 17.8028
18.0000 18.5026
18.0000 17.0248
18.0000 18.3427
18.0000 18.5690
18.0000 16.6691
18.0000 18.1784
18.0000 18.2833
18.0000 17.6241
18.0000 18.2895
18.0000 16.0741
18.0000 18.0340
18.0000 18.0885
18.0000 16.9680
18.0000 16.8955
18.0000 18.4129
18.0000 17.6875
18.0000 17.9937
18.0000 17.0230
18.0000 17.5723
18.0000 18.5508
18.0000 18.3735
18.0000 17.4990
18.0000 17.5763
18.0000 16.9509
18.0000 16.7829
18.0000 18.5321
18.0000 17.7333
18.0000 18.0761
18.0000 16.5253
18.0000 17.5219
18.0000 17.7748
18.0000 18.0070
18.0000 17.5258
18.0000 17.6274
18.0000 18.5599
18.0000 16.9988
18.0000 17.7385
18.0000 16.9824
18.0000 16.6044
18.0000 17.2478
18.0000 18.8811
18.0000 18.4663
18.0000 17.4077
18.0000 18.4195
18.0000 17.8387
18.0000 17.8914
18.0000 17.5279
18.0000 18.1448
18.0000 17.4225
18.0000 17.8625
18.0000 17.4708
18.0000 17.7401
18.0000 17.7251
18.0000 17.7656
18.0000 18.6595
18.0000 18.2080
18.0000 18.7678
18.0000 17.7623
18.0000 17.6101
18.0000 17.9763
18.0000 17.4959
18.0000 16.9186
18.0000 16.7279
18.0000 16.7330
18.0000 18.0609
18.0000 17.7138
18.0000 18.4033
18.0000 18.1363
18.0000 17.4721
18.0000 18.5359
18.0000 17.6822
18.0000 16.9071
18.0000 17.7014
18.0000 17.8337
18.0000 17.8339
18.0000 16.3737
18.0000 17.8857
18.0000 17.7813
18.0000 17.8017
18.0000 18.1714
18.0000 17.4015
18.0000 18.3968
18.0000 16.7841
18.0000 19.1575
18.0000 17.5497
18.0000 17.8276
18.0000 17.4774
18.0000 18.1986
18.0000 17.5529
18.0000 17.7120
18.0000 18.0886
18.0000 17.7670
18.0000 17.3295
18.0000 17.9828
18.0000 17.5230
18.0000 16.9187
18.0000 17.5773
18.0000 17.8401
18.0000 17.5859
18.0000 17.5553
18.0000 18.0367
18.0000 17.7119
18.0000 16.3434
18.0000 17.7821
18.0000 17.1797
18.0000 17.8295
18.0000 17.0206
18.0000 18.0325
18.0000 17.9159
18.0000 17.9050
18.0000 16.5557
18.0000 17.9052
18.0000 17.7028
18.0000 17.8186
18.0000 17.6605
18.0000 17.3562
18.0000 18.3100
18.0000 18.0409
18.0000 16.8530
18.0000 16.5655
18.0000 16.9540
18.0000 18.3603
18.0000 18.1342
18.0000 16.7129
18.0000 17.6208
18.0000 18.2670
18.0000 18.0261
18.0000 17.7881
18.0000 17.8650
18.0000 18.0728
18.0000 17.5355
18.0000 18.0037
18.0000 18.2132
18.0000 18.3368
18.0000 17.3085
18.0000 17.5767
18.0000 18.4206
18.0000 17.2074
18.0000 17.7612
18.0000 17.1789
18.0000 17.4135
18.0000 17.6547
18.0000 18.0887
18.0000 17.4390
18.0000 17.4271
18.0000 17.8237
18.0000 18.0424
18.0000 18.6519
18.0000 17.6401
18.0000 17.5679
18.0000 17.0742
18.0000 17.6263
18.0000 15.8715
18.0000 17.4893
18.0000 18.0348
18.0000 18.3138
18.0000 17.6793
18.0000 17.0849
18.0000 18.0375
18.0000 18.1195
18.0000 17.9177
18.0000 17.6665
18.0000 17.1365
18.0000 17.1834
18.0000 18.5953
18.0000 18.0591
18.0000 17.4714
18.0000 17.5681
18.0000 17.6892
18.0000 18.3157
18.0000 17.8063
18.0000 17.8078
18.0000 18.0862
18.0000 18.1747
18.0000 16.9680
18.0000 17.2577
18.0000 17.2826
18.0000 17.5108
18.0000 17.5195
18.0000 18.0152
18.0000 17.0858
18.0000 18.6191
18.0000 18.2122
18.0000 17.6390
18.0000 18.1142
18.0000 18.1543
18.0000 18.4483
18.0000 17.6325
18.0000 18.1700
18.0000 16.6147
18.0000 19.1840
18.0000 17.1461
18.0000 18.0066
18.0000 16.2904
18.0000 17.3917
18.0000 17.9588
18.0000 18.2032
18.0000 17.7364
18.0000 18.5022
18.0000 18.5066
18.0000 17.6653
18.0000 17.4718
18.0000 17.5813
18.0000 17.2596
18.0000 18.3769
18.0000 17.3450
18.0000 18.9796
18.0000 18.1478
18.0000 17.2456
18.0000 17.3528
18.0000 17.3597
18.0000 18.1343
18.0000 17.7971
18.0000 17.7638
18.0000 18.0967
18.0000 16.9731
18.0000 17.4222
18.0000 18.3071
18.0000 17.7425
18.0000 18.1480
18.0000 17.1918
18.0000 18.6299
18.0000 16.6737
18.0000 17.5486
18.0000 18.0006
18.0000 18.8421
18.0000 17.1374
18.0000 17.7700
18.0000 17.7368
18.0000 17.5790
18.0000 17.5830
18.0000 18.3632
18.0000 18.1923
18.0000 18.1260
18.0000 17.0879
18.0000 17.6589
18.0000 17.5315
18.0000 17.0135
18.0000 17.6278
18.0000 16.8994
18.0000 18.0247
18.0000 17.5945
18.0000 17.8091
18.0000 17.5351
18.0000 18.2099
18.0000 18.2753
18.0000 18.1501
18.0000 17.2539
18.0000 17.8499
18.0000 18.0115
18.0000 17.5818
18.0000 17.3607
18.0000 17.1616
18.0000 17.3294
18.0000 17.7253
18.0000 17.1081
18.0000 18.3271
18.0000 17.0632
18.0000 17.8398
18.0000 18.8971
18.0000 18.1909
18.0000 17.6279
18.0000 18.6754
18.0000 17.1105
18.0000 17.8975
18.0000 17.0566
18.0000 18.8722
18.0000 16.7741
18.0000 17.8030
18.0000 16.9896
18.0000 17.1552
18.0000 18.7725
18.0000 17.8127
18.0000 17.4731
18.0000 17.1169
18.0000 18.2665
18.0000 16.2897
18.0000 18.1636
18.0000 16.8111
18.0000 18.3467
18.0000 17.6915
18.0000 17.7300
18.0000 17.0452
18.0000 17.2568
18.0000 18.7190
18.0000 17.2367
18.0000 17.7786
18.0000 18.2079
18.0000 18.3385
18.0000 17.5969
18.0000 18.4864
18.0000 18.7825
18.0000 17.6078
18.0000 18.1836
18.0000 17.4824
18.0000 17.7134
18.0000 18.1114
18.0000 18.5346
18.0000 18.8182
18.0000 19.0169
18.0000 17.6769
18.0000 18.6411
18.0000 17.0432
18.0000 17.6323
18.0000 16.0467
18.0000 17.2138
18.0000 16.7511
18.0000 18.3542
18.0000 18.6596
18.0000 17.5885
18.0000 17.6089
18.0000 17.7642
18.0000 18.1099
18.0000 17.2724
18.0000 18.0224
18.0000 17.9221
18.0000 18.1021
18.0000 18.1657
18.0000 17.4750
18.0000 17.4395
18.0000 17.9938
18.0000 17.9266
18.0000 18.5899
18.0000 18.3356
18.0000 17.1105
18.0000 17.7796
18.0000 16.7090
18.0000 17.2988
18.0000 17.6463
18.0000 18.4435
18.0000 17.9868
18.0000 18.3291
18.0000 16.9042
18.0000 17.8422
18.0000 16.9864
18.0000 17.5457
18.0000 16.8952
18.0000 18.7438
18.0000 18.2503
18.0000 19.0775
18.0000 17.4522
18.0000 17.9158
18.0000 18.0486
18.0000 18.6414
18.0000 17.1686
18.0000 17.8326
18.0000 17.6941
18.0000 17.6500
18.0000 17.8630
18.0000 17.9861
18.0000 17.1503
18.0000 17.5587
18.0000 17.3642
18.0000 18.2964
18.0000 17.3802
18.0000 18.7779
18.0000 17.1750
18.0000 17.6612
18.0000 16.7193
18.0000 16.6792
18.0000 17.0001
18.0000 17.7697
18.0000 17.8367
18.0000 18.0705
18.0000 17.9100
18.0000 18.1990
18.0000 18.7595
18.0000 17.9384
18.0000 18.1827
18.0000 17.5406
18.0000 17.3719
18.0000 18.2866
18.0000 17.3922
18.0000 18.1865
18.0000 17.3987
18.0000 18.7548
18.0000 18.1791
18.0000 17.9564
18.0000 17.6937
18.0000 18.6215
18.0000 17.9684
18.0000 17.6635
18.0000 18.0555
18.0000 17.6796
18.0000 18.7036
18.0000 17.9441
18.0000 17.8896
18.0000 17.9403
18.0000 18.3673
18.0000 17.5522
18.0000 18.5887
18.0000 17.3415
18.0000 17.3841
18.0000 17.6620
18.0000 17.2760
18.0000 16.8322
18.0000 17.6510
18.0000 17.1488
18.0000 16.9655
18.0000 17.6528
18.0000 18.1331
18.0000 17.7013
18.0000 17.2397
18.0000 18.1053
18.0000 17.8700
18.0000 17.5823
18.0000 16.9601
18.0000 17.5841
18.0000 17.3473
18.0000 17.5279
18.0000 18.7235
18.0000 17.8967
18.0000 18.7114
18.0000 18.4794
18.0000 18.6897
18.0000 17.8491
18.0000 17.3294
18.0000 17.8060
18.0000 17.5410
18.0000 18.5294
18.0000 17.0417
18.0000 16.6468
18.0000 18.0393
18.0000 18.0845
18.0000 18.6725
18.0000 16.7282
18.0000 17.2831
18.0000 17.3240
18.0000 17.2086
18.0000 18.1318
18.0000 17.7030
18.0000 17.8848
18.0000 18.8205
18.0000 18.0206
18.0000 17.6246
18.0000 17.9598
18.0000 16.4251
18.0000 17.6726
18.0000 16.4110
18.0000 17.7114
18.0000 18.3234
18.0000 17.9944
18.0000 16.8459
18.0000 17.3353
18.0000 18.4358
18.0000 17.7202
18.0000 18.3358
18.0000 17.4729
18.0000 17.7960
18.0000 16.9808
18.0000 17.7955
18.0000 16.9590
18.0000 17.9311
18.0000 17.5125
18.0000 17.9320
18.0000 18.0183
18.0000 18.1855
18.0000 17.8612
18.0000 18.1729
18.0000 18.3058
18.0000 17.5446
18.0000 17.6684
18.0000 18.8483
18.0000 16.6772
18.0000 17.7680
18.0000 17.6613
18.0000 17.9939
18.0000 19.2189
18.0000 18.1295
18.0000 17.5853
18.0000 18.5802
18.0000 17.8222
18.0000 18.3840
18.0000 17.5514
18.0000 18.5726
18.0000 17.8590
18.0000 18.0995
18.0000 17.4807
18.0000 16.8705
18.0000 17.2112
18.0000 18.0986
18.0000 17.6950
18.0000 17.6212
18.0000 17.4078
18.0000 17.0482
18.0000 18.8023
18.0000 17.5828
18.0000 18.1565
18.0000 18.5645
18.0000 17.3969
18.0000 16.8039
18.0000 18.4040
18.0000 17.3494
18.0000 17.7608
18.0000 19.1673
18.0000 18.0986
18.0000 18.3446
18.0000 18.1218
18.0000 18.0278
18.0000 17.3244
18.0000 18.2928
18.0000 17.8132
18.0000 17.4762
18.0000 17.1532
18.0000 18.3104
18.0000 18.1164
18.0000 17.8738
18.0000 17.7363
18.0000 17.5322
18.0000 17.6519
18.0000 18.6727
18.0000 17.4601
18.0000 17.9879
18.0000 17.6889
18.0000 19.1907
18.0000 17.7941
18.0000 17.7877
18.0000 17.9794
18.0000 18.3112
18.0000 17.9707
18.0000 17.9183
18.0000 17.7782
18.0000 17.3052
18.0000 17.6756
18.0000 16.8559
18.0000 17.7570
18.0000 18.7492
18.0000 18.7294
18.0000 17.5848
18.0000 17.1520
18.0000 17.9021
18.0000 17.9771
18.0000 18.2208
18.0000 18.1611
18.0000 17.1728
18.0000 18.4652
18.0000 17.6156
18.0000 18.1566
18.0000 18.0410
18.0000 17.2758
18.0000 18.2353
18.0000 16.8589
18.0000 18.0378
18.0000 18.5514
18.0000 17.9436
18.0000 17.6077
18.0000 17.9954
18.0000 17.9905
18.0000 18.6878
18.0000 17.9132
18.0000 17.9846
18.0000 17.8278
18.0000 18.3611
18.0000 17.2581
18.0000 17.4467
18.0000 19.4380
18.0000 17.5907
18.0000 17.6335
18.0000 17.3091
18.0000 16.7407
18.0000 17.4516
18.0000 17.6947
18.0000 17.3635
18.0000 18.8327
18.0000 17.5117
18.0000 17.6103
18.0000 17.5153
18.0000 17.4068
18.0000 17.7060
18.0000 17.3834
18.0000 17.2775
18.0000 17.1729
18.0000 17.3459
18.0000 16.7579
18.0000 18.5403
18.0000 17.1882
18.0000 17.7339
18.0000 17.4523
18.0000 17.3599
18.0000 17.4803
18.0000 17.2768
18.0000 17.4353
18.0000 18.3285
18.0000 17.7252
18.0000 17.3495
18.0000 16.7505
18.0000 17.4387
18.0000 17.6635
18.0000 17.6975
18.0000 17.8101
18.0000 17.2314
18.0000 18.0423
18.0000 17.3379
18.0000 17.2763
18.0000 18.0053
18.0000 17.5090
18.0000 18.3148
18.0000 18.2084
18.0000 17.4607
18.0000 17.2389
18.0000 17.9916
18.0000 17.0106
18.0000 18.6741
18.0000 17.7806
18.0000 16.8885
18.0000 17.4045
18.0000 17.5615
18.0000 17.4336
18.0000 17.3043
18.0000 18.2361
18.0000 18.1591
18.0000 16.8352
18.0000 17.8816
18.0000 17.7614
18.0000 17.0374
18.0000 17.1571
18.0000 17.9816
18.0000 18.2859
18.0000 18.0740
18.0000 18.1967
18.0000 18.6069
18.0000 17.7058
18.0000 18.8021
18.0000 17.9377
18.0000 18.1793
18.0000 17.7062
18.0000 18.0716
18.0000 16.7468
18.0000 17.3674
18.0000 17.3470
18.0000 17.8337
18.0000 17.2755
18.0000 16.8465
18.0000 17.6916
18.0000 18.0556
18.0000 16.9228
18.0000 18.0710
18.0000 17.8172
18.0000 17.0432
18.0000 17.7842
18.0000 18.2789
18.0000 17.2863
18.0000 17.8149
18.0000 18.5387
18.0000 17.2759
18.0000 17.8477
18.0000 17.0213
18.0000 17.6998
18.0000 16.8047
18.0000 17.9906
18.0000 18.5956
18.0000 18.0397
18.0000 18.2792
18.0000 17.4053
18.0000 18.8888
18.0000 17.6771
18.0000 17.4897
18.0000 17.7381
18.0000 18.2395
18.0000 17.8614
18.0000 17.0282
18.0000 17.7431
18.0000 17.6437
18.0000 17.6486
18.0000 17.2867
18.0000 17.5813
18.0000 18.2067
18.0000 18.0565
18.0000 18.9785
18.0000 16.7982
18.0000 17.9893
18.0000 18.0792
18.0000 16.7360
18.0000 18.2209
18.0000 17.6410
18.0000 17.0941
18.0000 16.9353
18.0000 17.2276
18.0000 18.0628
18.0000 16.9640
18.0000 17.5828
18.0000 18.0755
18.0000 17.8353
18.0000 17.7824
18.0000 17.2524
18.0000 17.1079
18.0000 17.6581
18.0000 18.4953
18.0000 18.0765
18.0000 17.9054
18.0000 16.9242
18.0000 17.7065
18.0000 17.6053
18.0000 18.4179
18.0000 17.0067
18.0000 18.5495
18.0000 17.4944
18.0000 17.9674
18.0000 16.9371
18.0000 17.1254
18.0000 18.1361
18.0000 18.4996
18.0000 17.7495
18.0000 16.9627
18.0000 16.8544
18.0000 17.5780
18.0000 18.0033
18.0000 17.9054
18.0000 16.9074
18.0000 18.2441
18.0000 18.0579
18.0000 17.4773
18.0000 17.2661
18.0000 17.3542
18.0000 18.1412
18.0000 17.4263
18.0000 18.0042
18.0000 18.3421
18.0000 18.4024
18.0000 17.0224
18.0000 18.2222
18.0000 19.1284
18.0000 18.0403
18.0000 17.8630
18.0000 18.2154
18.0000 17.2407
18.0000 17.5221
18.0000 17.8395
18.0000 18.5264
18.0000 18.6266
18.0000 17.2231
18.0000 17.5977
18.0000 17.7048
18.0000 19.5515
18.0000 16.6153
18.0000 17.5126
18.0000 17.9846
18.0000 17.2156
18.0000 18.4864
18.0000 17.7207
18.0000 17.0220
18.0000 18.3438
18.0000 17.7935
18.0000 17.7762
18.0000 16.8951
18.0000 17.8536
18.0000 18.3645
18.0000 17.7184
18.0000 17.9238
18.0000 17.1258
18.0000 17.8192
18.0000 17.7992
18.0000 18.1111
18.0000 17.8797
18.0000 18.4086
18.0000 17.8865
18.0000 17.9510
18.0000 17.9007
18.0000 18.4941
18.0000 17.6225
18.0000 17.3918
18.0000 18.0095
18.0000 18.3543
18.0000 17.8239
18.0000 18.7785
18.0000 18.5652
18.0000 17.9807
18.0000 18.5826
18.0000 18.7817
18.0000 17.8768
18.0000 17.4265
18.0000 17.9098
18.0000 18.0307
18.0000 18.2623
18.0000 16.3945
18.0000 17.7923
18.0000 16.7836
18.0000 17.2596
18.0000 17.1192
18.0000 17.8811
18.0000 17.1554
18.0000 17.8781
18.0000 18.0438
18.0000 17.8520
18.0000 17.7426
18.0000 18.2671
18.0000 16.7332
18.0000 17.2703
18.0000 18.5799
18.0000 17.6862
18.0000 18.5943
18.0000 18.3541
18.0000 16.7649
18.0000 17.5860
18.0000 18.0581
18.0000 17.9763
18.0000 17.7699
18.0000 18.3978
18.0000 18.1759
18.0000 18.0585
18.0000 17.4090
18.0000 17.5067
18.0000 17.6709
18.0000 17.8991
18.0000 16.7095
18.0000 17.6208
18.0000 17.7584
18.0000 17.0185
18.0000 17.0712
18.0000 18.3367
18.0000 18.4304
18.0000 18.2797
18.0000 16.4164
18.0000 18.0338
18.0000 17.7906
18.0000 18.1958
18.0000 15.9201
18.0000 17.4598
18.0000 17.4199
18.0000 18.1830
18.0000 17.4995
18.0000 18.0185
18.0000 17.7838
18.0000 17.4784
18.0000 16.9096
18.0000 17.5252
18.0000 18.0907
18.0000 17.7847
18.0000 17.4002
18.0000 16.6065
18.0000 16.8259
18.0000 17.7708
18.0000 18.2657
18.0000 17.7015
18.0000 18.4114
18.0000 17.9720
18.0000 17.0323
18.0000 17.6944
18.0000 17.7024
18.0000 17.0777
18.0000 18.2348
18.0000 17.2757
18.0000 18.0518
18.0000 16.8867
18.0000 17.5805
18.0000 17.5206
18.0000 17.4191
18.0000 18.2431
18.0000 17.7722
18.0000 17.7366
18.0000 17.7260
18.0000 18.1548
18.0000 17.9035
18.0000 18.1834
18.0000 17.6978
18.0000 17.0842
18.0000 17.4624
18.0000 17.7522
18.0000 17.0862
18.0000 17.4288
18.0000 18.3176
18.0000 17.4220
18.0000 18.5394
18.0000 17.4129
18.0000 17.3735
18.0000 19.0504
18.0000 17.7435
18.0000 17.1822
18.0000 17.0738
18.0000 17.9894
18.0000 17.2892
18.0000 17.9662
18.0000 17.6832
18.0000 18.1939
18.0000 17.0525
18.0000 17.4863
18.0000 17.2395
18.0000 18.5982
18.0000 18.5915
18.0000 18.5713
18.0000 18.2949
18.0000 17.9829
18.0000 18.8686
18.0000 17.0715
18.0000 17.8279
18.0000 17.3435
18.0000 17.4706
18.0000 18.9197
18.0000 17.8052
18.0000 17.3070
18.0000 17.2552
18.0000 18.2463
18.0000 17.0540
18.0000 17.4495
18.0000 17.6491
18.0000 17.2190
18.0000 18.2174
18.0000 17.1381
18.0000 17.6567
18.0000 17.8934
18.0000 17.2283
18.0000 17.9113
18.0000 18.3916
18.0000 17.1876
18.0000 18.0693
18.0000 17.0338
18.0000 17.8114
18.0000 17.5971
18.0000 18.2139
18.0000 16.7532
18.0000 18.5698
18.0000 17.8946
18.0000 18.0402
18.0000 17.6409
18.0000 16.5009
18.0000 18.2890
18.0000 17.5600
18.0000 17.6844
18.0000 17.4482
18.0000 17.0683
18.0000 17.4236
18.0000 16.9004
18.0000 17.7283
18.0000 17.7875
18.0000 17.5082
18.0000 17.5889
18.0000 17.1163
18.0000 18.3082
18.0000 16.8425
18.0000 18.9182
18.0000 18.6561
18.0000 16.8068
18.0000 18.3848
18.0000 17.4783
18.0000 17.7797
18.0000 17.4617
18.0000 16.2338
18.0000 17.3282
18.0000 17.7845
18.0000 16.7583
18.0000 17.2608
18.0000 17.3094
18.0000 18.7980
18.0000 17.5876
18.0000 18.6294
18.0000 18.4457
18.0000 17.6036
18.0000 18.3305
18.0000 17.2313
18.0000 17.2506
18.0000 17.7711
18.0000 18.3691
18.0000 17.6137
18.0000 17.4006
18.0000 17.7476
18.0000 17.7744
18.0000 18.3129
18.0000 16.8113
18.0000 17.4909
18.0000 17.4781
18.0000 18.7184
18.0000 18.1549
18.0000 18.2447
18.0000 17.9576
18.0000 18.0157
18.0000 18.1267
18.0000 17.2040
18.0000 17.3235
18.0000 18.2154
18.0000 18.1920
18.0000 17.4822
18.0000 17.7315
18.0000 17.6405
18.0000 17.6736
18.0000 17.4048
18.0000 18.0097
18.0000 17.2825
18.0000 18.5319
18.0000 18.0947
18.0000 17.6338
18.0000 17.7634
18.0000 17.7492
18.0000 17.2983
18.0000 16.9017
18.0000 17.3236
18.0000 18.0193
18.0000 17.5332
18.0000 19.1839
18.0000 17.3308
18.0000 18.1070
18.0000 17.8969
18.0000 17.6989
18.0000 17.6891
18.0000 17.7928
18.0000 17.1342
18.0000 18.0476
18.0000 17.4815
18.0000 17.8090
18.0000 18.0939
18.0000 17.9744
18.0000 17.0715
18.0000 17.5800
18.0000 18.6791
18.0000 17.4693
18.0000 16.8008
18.0000 18.1882
18.0000 17.4388
18.0000 18.3529
18.0000 18.2231
18.0000 17.0718
18.0000 17.2153
18.0000 18.2410
18.0000 17.6529
18.0000 18.7252
18.0000 17.1450
18.0000 18.1918
18.0000 18.5615
18.0000 17.8200
18.0000 18.0321
18.0000 17.7198
18.0000 17.7514
18.0000 17.6362
18.0000 19.6023
18.0000 18.1106
18.0000 17.3385
18.0000 18.2130
18.0000 18.8155
18.0000 18.0534
18.0000 17.1993
18.0000 18.5883
18.0000 17.3399
18.0000 18.1569
18.0000 18.1953
18.0000 16.9598
18.0000 17.7348
18.0000 18.6392
18.0000 18.2439
18.0000 18.5319
18.0000 18.5124
18.0000 17.3826
18.0000 17.4068
18.0000 17.5261
18.0000 18.4146
18.0000 17.2386
18.0000 18.1722
18.0000 17.8208
18.0000 18.2484
18.0000 17.1197
18.0000 17.1535
18.0000 18.1080
18.0000 18.4012
18.0000 18.0439
18.0000 17.9201
18.0000 17.3355
18.0000 18.1672
18.0000 17.8411
18.0000 18.1836
18.0000 18.4151
18.0000 17.4487
18.0000 17.5388
18.0000 17.9592
18.0000 19.1697
18.0000 17.7766
18.0000 17.4782
18.0000 18.1620
18.0000 15.7148
18.0000 17.2110
18.0000 17.9036
18.0000 18.1614
18.0000 18.0262
18.0000 18.8524
18.0000 17.7645
18.0000 17.9059
18.0000 18.0477
18.0000 16.8814
18.0000 18.4947
18.0000 17.8036
18.0000 17.4170
18.0000 17.4078
18.0000 17.4103
18.0000 16.6866
18.0000 17.6750
18.0000 18.5547
18.0000 18.1160
18.0000 17.7989
18.0000 18.0198
18.0000 18.1412
18.0000 17.3106
18.0000 18.6147
18.0000 16.5250
18.0000 17.8102
18.0000 17.0858
18.0000 18.2601
18.0000 18.1815
18.0000 17.4898
18.0000 18.4103
18.0000 16.9140
18.0000 17.1382
18.0000 18.2739
18.0000 17.7603
18.0000 17.4074
18.0000 18.4963
18.0000 17.7101
18.0000 17.8166
18.0000 17.8558
18.0000 16.7115
18.0000 17.6183
18.0000 18.1134
18.0000 18.2810
18.0000 18.4173
18.0000 17.6776
18.0000 17.7037
18.0000 17.5782
18.0000 18.1385
18.0000 17.3161
18.0000 18.2261
18.0000 17.3071
18.0000 17.2868
18.0000 17.6231
18.0000 16.8459
18.0000 17.4075
18.0000 17.4818
18.0000 17.5647
18.0000 17.7922
18.0000 17.8815
18.0000 17.6870
18.0000 18.4839
18.0000 17.5287
18.0000 17.9060
18.0000 17.6436
18.0000 18.1145
18.0000 17.0944
18.0000 18.1199
18.0000 18.2869
18.0000 17.9404
18.0000 17.7117
18.0000 18.3252
18.0000 17.7412
18.0000 18.2419
18.0000 17.9351
18.0000 18.2319
18.0000 19.0539
18.0000 19.1114
18.0000 19.3921
18.0000 17.8867
18.0000 17.8785
18.0000 18.5712
18.0000 17.7725
18.0000 17.4312
18.0000 17.9548
18.0000 16.7851
18.0000 18.1741
18.0000 17.7976
18.0000 18.2205
18.0000 18.6675
18.0000 17.4871
18.0000 17.5877
18.0000 17.0853
18.0000 17.2993
18.0000 17.2643
18.0000 17.9784
18.0000 17.5423
18.0000 17.1503
18.0000 18.2096
18.0000 16.9009
18.0000 17.8018
18.0000 17.9039
18.0000 16.6229
18.0000 17.7997
18.0000 16.7926
18.0000 18.9839
18.0000 18.7866
18.0000 18.3448
18.0000 17.8876
18.0000 16.6929
18.0000 17.7509
18.0000 17.9764
18.0000 18.9296
18.0000 16.8651
18.0000 18.3291
18.0000 17.5793
18.0000 17.4871
18.0000 17.1375
18.0000 17.7842
18.0000 17.9863
18.0000 18.1501
18.0000 18.4303
18.0000 18.3894
18.0000 18.3022
18.0000 17.5111
18.0000 17.7836
18.0000 18.1707
18.0000 18.0879
18.0000 18.4046
18.0000 17.0245
18.0000 17.5263
18.0000 17.9561
18.0000 17.5705
18.0000 18.8164
18.0000 17.4757
18.0000 17.5241
18.0000 18.1079
18.0000 17.0145
18.0000 17.9405
18.0000 17.6987
18.0000 17.7545
18.0000 18.6268
18.0000 17.2658
18.0000 17.4818
18.0000 18.5394
18.0000 17.0063
18.0000 17.2894
18.0000 18.0548
18.0000 17.4027
18.0000 18.3887
18.0000 17.5639
18.0000 18.1439
18.0000 18.2715
18.0000 18.5564
18.0000 17.8538
18.0000 18.3870
18.0000 18.5684
18.0000 17.4631
18.0000 16.7274
18.0000 18.3428
18.0000 17.8711
18.0000 18.1660
18.0000 16.0195
18.0000 18.4887
18.0000 17.8072
18.0000 17.0479
18.0000 18.3416
18.0000 17.2022
18.0000 17.9667
18.0000 18.3362
18.0000 16.9896
18.0000 18.2504
18.0000 17.8053
18.0000 17.6088
18.0000 18.5855
18.0000 17.6224
18.0000 18.2521
18.0000 17.9615
18.0000 17.5013
18.0000 16.8553
18.0000 17.6076
18.0000 17.7574
18.0000 17.9418
18.0000 18.0782
18.0000 18.8290
18.0000 17.4172
18.0000 17.9662
18.0000 18.8162
18.0000 17.5522
18.0000 17.8391
18.0000 19.1181
18.0000 17.6811
18.0000 17.9575
18.0000 17.6810
18.0000 18.1068
18.0000 17.8331
18.0000 17.0878
18.0000 17.0514
18.0000 17.9131
18.0000 18.6677
18.0000 18.3396
18.0000 16.6931
18.0000 17.8925
18.0000 18.0881
18.0000 16.8666
18.0000 18.4859
18.0000 17.9710
18.0000 18.2572
18.0000 17.6079
18.0000 18.1795
18.0000 17.9226
18.0000 18.3377
18.0000 18.0378
18.0000 16.5375
18.0000 17.6667
18.0000 18.1033
18.0000 18.1703
18.0000 18.6306
18.0000 17.5276
18.0000 17.5048
18.0000 18.3543
18.0000 17.6329
18.0000 17.1650
18.0000 17.5999
18.0000 17.8659
18.0000 17.9477
18.0000 17.7534
18.0000 17.5094
18.0000 18.3042
18.0000 17.7572
18.0000 18.7714
18.0000 17.5212
18.0000 18.5456
18.0000 18.6448
18.0000 17.3070
18.0000 18.0016
18.0000 18.6124
18.0000 17.7779
18.0000 18.1060
18.0000 17.9491
18.0000 17.6256
18.0000 18.4426
18.0000 16.7501
18.0000 16.8188
18.0000 17.5093
18.0000 18.1543
18.0000 17.7889
18.0000 17.9537
18.0000 16.8842
18.0000 17.2526
18.0000 18.2023
18.0000 17.2332
18.0000 18.1613
18.0000 17.2286
18.0000 18.1516
18.0000 18.2880
18.0000 18.0216
18.0000 17.8702
18.0000 17.9681
18.0000 18.0138
18.0000 17.6859
18.0000 16.8892
18.0000 17.8629
18.0000 18.1314
18.0000 17.8634
18.0000 17.8753
18.0000 18.6607
18.0000 17.2119
18.0000 17.0311
18.0000 17.4416
18.0000 18.0008
18.0000 18.2566
18.0000 17.1774
18.0000 17.4260
18.0000 17.9789
18.0000 17.2455
18.0000 16.8904
18.0000 17.5543
18.0000 17.6629
18.0000 17.7434
18.0000 17.8342
18.0000 17.9180
18.0000 17.7400
18.0000 17.6716
18.0000 17.4372
18.0000 17.8267
18.0000 18.1623
18.0000 18.1479
18.0000 18.3404
18.0000 17.2645
18.0000 18.5357
18.0000 18.6514
18.0000 17.6425
18.0000 16.9613
18.0000 18.1182
18.0000 16.6047
18.0000 17.5310
18.0000 17.2597
18.0000 18.2203
18.0000 17.8089
18.0000 17.9639
18.0000 17.7109
18.0000 18.5085
18.0000 18.3426
18.0000 17.5652
18.0000 16.6845
18.0000 18.0965
18.0000 18.0017
18.0000 17.7877
18.0000 17.8007
18.0000 17.9330
18.0000 18.3175
18.0000 17.6335
18.0000 18.1358
18.0000 18.3132
18.0000 17.7075
18.0000 17.1115
18.0000 18.0515
18.0000 17.6917
18.0000 17.3429
18.0000 17.5204
18.0000 17.6241
18.0000 17.4619
18.0000 18.3684
18.0000 17.7001
18.0000 18.9794
18.0000 18.0965
18.0000 17.0706
18.0000 16.5444
18.0000 17.8074
18.0000 18.2338
18.0000 17.4451
18.0000 18.7994
18.0000 17.4665
18.0000 18.4610
18.0000 18.4171
18.0000 17.4739
18.0000 17.9754
18.0000 18.7987
18.0000 16.6440
18.0000 17.6497
18.0000 17.9818
18.0000 17.8322
18.0000 17.4994
18.0000 17.8675
18.0000 17.5070
18.0000 17.5268
18.0000 17.1202
18.0000 17.9157
18.0000 17.8898
18.0000 18.3609
18.0000 16.4961
18.0000 17.5571
18.0000 16.9841
18.0000 18.3232
18.0000 16.9864
18.0000 17.8221
18.0000 17.4623
18.0000 19.3717
18.0000 17.5941
18.0000 18.3322
18.0000 18.2100
18.0000 17.2306
18.0000 18.0688
18.0000 16.7549
18.0000 17.7243
18.0000 17.6418
18.0000 17.8246
18.0000 18.0242
18.0000 16.4806
18.0000 17.4373
18.0000 16.8628
18.0000 17.8836
18.0000 18.1629
18.0000 18.1922
18.0000 18.4781
18.0000 17.2634
18.0000 17.3607
18.0000 17.7271
18.0000 17.1075
18.0000 17.4931
18.0000 19.2318
18.0000 17.4500
18.0000 16.9422
18.0000 17.0246
18.0000 18.2738
18.0000 17.8599
18.0000 17.6175
18.0000 17.4608
18.0000 18.9497
18.0000 18.4322
18.0000 17.6077
18.0000 17.1063
18.0000 17.2392
18.0000 17.0028
18.0000 17.7215
18.0000 17.1690
18.0000 16.2252
18.0000 17.6887
18.0000 17.8257
18.0000 18.5849
18.0000 18.4002
18.0000 17.6757
18.0000 18.2269
18.0000 17.1813
18.0000 18.4450
18.0000 17.8850
18.0000 18.7395
18.0000 17.1365
18.0000 18.2683
18.0000 17.7600
18.0000 17.8528
18.0000 17.8199
18.0000 18.1323
18.0000 17.7034
18.0000 18.9017
18.0000 19.2206
18.0000 16.8546
18.0000 18.1181
18.0000 18.7021
18.0000 17.8722
18.0000 17.5033
18.0000 18.8529
18.0000 17.7415
18.0000 19.0149
18.0000 17.3517
18.0000 17.3686
18.0000 17.5677
18.0000 18.7156
18.0000 18.4142
18.0000 18.1405
18.0000 17.9445
18.0000 17.6804
18.0000 17.7620
18.0000 17.2508
18.0000 17.3253
18.0000 17.8074
18.0000 17.9109
18.0000 18.4180
18.0000 18.3436
18.0000 17.5904
18.0000 17.8980
18.0000 17.3162
18.0000 17.0072
18.0000 16.8827
18.0000 18.1343
18.0000 17.7424
18.0000 18.9093
18.0000 18.2528
18.0000 18.1255
18.0000 16.5972
18.0000 18.3003
18.0000 17.9023
18.0000 18.0587
18.0000 17.8997
18.0000 18.5596
18.0000 17.5607
18.0000 18.0527
18.0000 18.1887
18.0000 18.3115
18.0000 17.5028
18.0000 17.7820
18.0000 17.7831
18.0000 17.9432
18.0000 18.3635
18.0000 18.4897
18.0000 18.0337
18.0000 16.1393
18.0000 16.5009
18.0000 17.6562
18.0000 17.8952
18.0000 18.1962
18.0000 17.4161
18.0000 18.1096
18.0000 17.9745
18.0000 18.5278
18.0000 16.9257
18.0000 17.6387
18.0000 17.0202
18.0000 17.6892
18.0000 18.8587
18.0000 17.3701
18.0000 18.5190
18.0000 18.5324
18.0000 18.9951
18.0000 17.3536
18.0000 16.6055
18.0000 18.6509
18.0000 17.4224
18.0000 17.4818
18.0000 17.8488
18.0000 18.3245
18.0000 18.1704
18.0000 18.3358
18.0000 18.1311
18.0000 19.3832
18.0000 19.1898
18.0000 18.0407
18.0000 17.5418
18.0000 18.8061
18.0000 18.1298
18.0000 17.4192
18.0000 18.0526
18.0000 18.0583
18.0000 17.8756
18.0000 17.6764
18.0000 18.4226
18.0000 17.2713
18.0000 17.9826
18.0000 17.6052
18.0000 17.3847
18.0000 19.1361
18.0000 17.8081
18.0000 17.1317
18.0000 18.5630
18.0000 17.8573
18.0000 17.7028
18.0000 18.0158
18.0000 17.3834
18.0000 18.5337
18.0000 17.1754
18.0000 19.0234
18.0000 18.6539
18.0000 18.0347
18.0000 18.2683
18.0000 17.3582
18.0000 17.5306
18.0000 17.8724
18.0000 18.3484
18.0000 17.9500
18.0000 16.8265
18.0000 18.1556
18.0000 18.2300
18.0000 18.6880
18.0000 18.1890
18.0000 17.4480
18.0000 17.3236
18.0000 17.9018
18.0000 18.9530
18.0000 17.9919
18.0000 17.8035
18.0000 17.8473
18.0000 17.6002
18.0000 17.8175
18.0000 16.3330
18.0000 17.6405
18.0000 17.3031
18.0000 18.2331
18.0000 18.6919
18.0000 17.4382
18.0000 18.3469
18.0000 16.7324
18.0000 18.1755
18.0000 17.6096
18.0000 17.0352
18.0000 18.4146
18.0000 17.5976
18.0000 18.2367
18.0000 17.9730
18.0000 17.8534
18.0000 17.2605
18.0000 18.2389
18.0000 18.7048
18.0000 17.5112
18.0000 18.2493
18.0000 17.9133
18.0000 18.2386
18.0000 17.6042
18.0000 16.5317
18.0000 19.0844
18.0000 17.0901
18.0000 17.3263
18.0000 18.9136
18.0000 16.9637
18.0000 17.7877
18.0000 17.6157
18.0000 17.3005
18.0000 18.3495
18.0000 18.3715
18.0000 17.6691
18.0000 18.1636
18.0000 17.2983
18.0000 18.3900
18.0000 17.7949
18.0000 18.0992
18.0000 17.4901
18.0000 17.5569
18.0000 19.0067
18.0000 17.9926
18.0000 17.3388
18.0000 17.7333
18.0000 17.2917
18.0000 17.7244
18.0000 17.3146
18.0000 18.3772
18.0000 17.2248
18.0000 16.7231
18.0000 17.0048
18.0000 17.2979
18.0000 18.5338
18.0000 17.1361
18.0000 18.0569
18.0000 17.6489
18.0000 16.9406
18.0000 18.1566
18.0000 19.1420
18.0000 18.5608
18.0000 18.5398
18.0000 17.4528
18.0000 18.3190
18.0000 17.8658
18.0000 18.2326
18.0000 18.4558
18.0000 18.7295
18.0000 18.0827
18.0000 17.9161
18.0000 17.6643
18.0000 17.3939
18.0000 18.6697
18.0000 17.3390
18.0000 17.0112
18.0000 17.0319
18.0000 17.0217
18.0000 17.5590
18.0000 18.5520
18.0000 18.5828
18.0000 17.6739
18.0000 17.9060
18.0000 16.6302
18.0000 18.5962
18.0000 16.9085
18.0000 18.0389
18.0000 17.0738
18.0000 17.0604
18.0000 18.2229
18.0000 16.6730
18.0000 17.7102
18.0000 17.9692
18.0000 17.3710
18.0000 18.1369
18.0000 18.3905
18.0000 17.6388
18.0000 16.3644
18.0000 17.5673
18.0000 17.8996
18.0000 17.0595
18.0000 17.8587
18.0000 18.1614
18.0000 17.1336
18.0000 17.2755
18.0000 17.1948
18.0000 17.3903
18.0000 18.4871
18.0000 17.9528
18.0000 18.5419
18.0000 18.0511
18.0000 17.3428
18.0000 17.6356
18.0000 17.8638
18.0000 17.2762
18.0000 17.5671
18.0000 17.6706
18.0000 17.5963
18.0000 17.9533
18.0000 18.1042
18.0000 16.3519
18.0000 18.8166
18.0000 17.6323
18.0000 17.5445
18.0000 17.2904
18.0000 17.9691
18.0000 17.3062
18.0000 18.5537
18.0000 17.1833
18.0000 17.3067
18.0000 17.3031
18.0000 17.9308
18.0000 18.3166
18.0000 17.8595
18.0000 17.9399
18.0000 18.8225
18.0000 18.2095
18.0000 16.6361
18.0000 16.6854
18.0000 17.5943
18.0000 17.9133
18.0000 17.0134
18.0000 16.9036
18.0000 18.7824
18.0000 18.2112
18.0000 17.5917
18.0000 17.4238
18.0000 16.7642
18.0000 18.0871
18.0000 16.8665
18.0000 17.2467
18.0000 17.2131
18.0000 17.2618
18.0000 18.2985
18.0000 16.9755
18.0000 17.9865
18.0000 18.1000
18.0000 18.3502
18.0000 17.5246
18.0000 17.5818
18.0000 16.8159
18.0000 17.1792
18.0000 17.2751
18.0000 17.2343
18.0000 17.9330
18.0000 18.3540
18.0000 17.6731
18.0000 16.7852
18.0000 16.9405
18.0000 17.5544
18.0000 17.4210
18.0000 18.6424
18.0000 17.7018
18.0000 17.3910
18.0000 17.8117
18.0000 16.7977
18.0000 17.0128
18.0000 19.3410
18.0000 17.4905
18.0000 17.6591
18.0000 17.4264
18.0000 17.8802
18.0000 17.9419
18.0000 18.5142
18.0000 18.1102
18.0000 18.7441
18.0000 17.9027
18.0000 17.9273
18.0000 17.9056
18.0000 17.6888
18.0000 18.5396
18.0000 17.0576
18.0000 18.4590
18.0000 17.1606
18.0000 17.6781
18.0000 16.8661
18.0000 17.7020
18.0000 17.4788
18.0000 17.7408
18.0000 18.4840
18.0000 18.1984
18.0000 17.9777
18.0000 18.7960
18.0000 17.7198
18.0000 17.9895
18.0000 17.9016
18.0000 16.5016
18.0000 17.9529
18.0000 17.8738
18.0000 17.4871
18.0000 17.9630
18.0000 18.5137
18.0000 17.3166
18.0000 18.7814
18.0000 18.6747
18.0000 18.0166
18.0000 17.4668
18.0000 17.8029
18.0000 18.3031
18.0000 17.7603
18.0000 17.5551
18.0000 18.2799
18.0000 18.4976
18.0000 17.8348
18.0000 18.3894
18.0000 17.0976
18.0000 18.0360
18.0000 17.9519
18.0000 17.7009
18.0000 16.8505
18.0000 17.7639
18.0000 17.9003
18.0000 17.4029
18.0000 18.6525
18.0000 18.9688
18.0000 18.0872
18.0000 18.6520
18.0000 17.3673
18.0000 17.3411
18.0000 17.6886
18.0000 18.2954
18.0000 17.9317
18.0000 18.3569
18.0000 17.1045
18.0000 18.7557
18.0000 18.1429
18.0000 18.3507
18.0000 16.8747
18.0000 19.0207
18.0000 17.1246
18.0000 17.9468
18.0000 18.1753
18.0000 17.8566
18.0000 17.3031
18.0000 17.8606
18.0000 17.5482
18.0000 17.6677
18.0000 16.4299
18.0000 18.4732
18.0000 18.1599
18.0000 17.7063
18.0000 18.1852
18.0000 17.8763
18.0000 18.0345
18.0000 18.1094
18.0000 17.7070
18.0000 17.0071
18.0000 17.8450
18.0000 16.9301
18.0000 16.6691
18.0000 18.2676
18.0000 18.4889
18.0000 17.5561
18.0000 17.9770
18.0000 17.3142
18.0000 16.8629
18.0000 18.6333
18.0000 18.1454
18.0000 17.3982
18.0000 17.8228
18.0000 17.5398
18.0000 18.7978
18.0000 17.0699
18.0000 17.2814
18.0000 17.7081
18.0000 18.7564
18.0000 17.0609
18.0000 17.4943
18.0000 17.2294
18.0000 17.8351
18.0000 17.1481
18.0000 17.4403
18.0000 17.9865
18.0000 19.2566
18.0000 18.5505
18.0000 19.2609
18.0000 18.1443
18.0000 17.8672
18.0000 18.3335
18.0000 17.0587
18.0000 17.6765
18.0000 17.2500
18.0000 18.0286
18.0000 17.9049
18.0000 17.0243
18.0000 17.6106
18.0000 17.9933
18.0000 17.4921
18.0000 17.9365
18.0000 17.4826
18.0000 18.3007
18.0000 17.4069
18.0000 18.0401
18.0000 18.1449
18.0000 17.0738
18.0000 17.6653
18.0000 17.8260
18.0000 17.5736
18.0000 18.3939
18.0000 16.8673
18.0000 17.7138
18.0000 17.5948
18.0000 17.7362
18.0000 16.7289
18.0000 18.4865
18.0000 18.5713
18.0000 17.9218
18.0000 17.9045
18.0000 17.2488
18.0000 18.2739
18.0000 17.8735
18.0000 18.0389
18.0000 18.9840
18.0000 18.0407
18.0000 17.3059
18.0000 17.5541
18.0000 17.5409
18.0000 17.4528
18.0000 17.3423
18.0000 17.8565
18.0000 17.9701
18.0000 18.0646
18.0000 17.3599
18.0000 17.5564
18.0000 17.9746
18.0000 18.7812
18.0000 17.8958
18.0000 17.2529
18.0000 17.2659
18.0000 17.9426
18.0000 17.7205
18.0000 18.0752
18.0000 18.3788
18.0000 17.4467
18.0000 17.5554
18.0000 17.8104
18.0000 17.9798
18.0000 18.7193
18.0000 16.7385
18.0000 17.2720
18.0000 18.9801
18.0000 18.3612
18.0000 17.4553
18.0000 17.9658
18.0000 17.8828
18.0000 17.6002
18.0000 18.5120
18.0000 17.3040
18.0000 17.9572
18.0000 17.9211
18.0000 17.9741
18.0000 17.4421
18.0000 18.3356
18.0000 18.0366
18.0000 17.4129
18.0000 17.9666
18.0000 18.3754
18.0000 18.5686
18.0000 16.3953
18.0000 17.6475
18.0000 19.1112
18.0000 17.4532
18.0000 18.5311
18.0000 17.2801
18.0000 18.4026
18.0000 18.1428
18.0000 17.9207
18.0000 16.9888
18.0000 17.0542
18.0000 17.8043
18.0000 18.5025
18.0000 17.4401
18.0000 18.4600
18.0000 18.2494
18.0000 17.8354
18.0000 18.4883
18.0000 17.8112
18.0000 17.6825
18.0000 16.7839
18.0000 17.5901
18.0000 17.5358
18.0000 17.5798
18.0000 17.5575
18.0000 17.3308
18.0000 17.4299
18.0000 17.0539
18.0000 18.0602
18.0000 17.6873
18.0000 17.4693
18.0000 18.0881
18.0000 17.3241
18.0000 17.4918
18.0000 17.5454
18.0000 17.7793
18.0000 18.1456
18.0000 18.1316
18.0000 17.8371
18.0000 16.8983
18.0000 16.9456
18.0000 18.3544
18.0000 18.0955
18.0000 17.7726
18.0000 17.5089
18.0000 17.5292
18.0000 19.3321
18.0000 17.9538
18.0000 18.0752
18.0000 17.7499
18.0000 18.6763
18.0000 17.0853
18.0000 17.6882
18.0000 17.7456
18.0000 17.1417
18.0000 17.7571
18.0000 17.2725
18.0000 17.0877
18.0000 18.0187
18.0000 18.1500
18.0000 18.0525
18.0000 18.1854
18.0000 18.1967
18.0000 18.1771
18.0000 17.5751
18.0000 17.1080
18.0000 18.9249
18.0000 16.5571
18.0000 18.1078
18.0000 17.8570
18.0000 17.8930
18.0000 17.0908
18.0000 18.2915
18.0000 18.0724
18.0000 18.4292
18.0000 17.9879
18.0000 18.1341
18.0000 16.3747
18.0000 16.9618
18.0000 18.1654
18.0000 17.9006
18.0000 17.7312
18.0000 18.5249
18.0000 19.2178
18.0000 17.7988
18.0000 17.7440
18.0000 17.9225
18.0000 17.8617
18.0000 16.9310
18.0000 17.8708
18.0000 17.7770
18.0000 18.1203
18.0000 17.3593
18.0000 18.5424
18.0000 17.3542
18.0000 16.5494
18.0000 18.2543
18.0000 18.1195
18.0000 17.7047
18.0000 18.3269
18.0000 17.7173
18.0000 18.4595
18.0000 17.5473
18.0000 17.8044
18.0000 17.8560
18.0000 18.0870
18.0000 17.4815
18.0000 17.8207
18.0000 17.6654
18.0000 18.4756
18.0000 17.6051
18.0000 17.5256
18.0000 17.8330
18.0000 17.8518
18.0000 17.5162
18.0000 18.1226
18.0000 19.4243
18.0000 18.2120
18.0000 17.7387
18.0000 17.1395
18.0000 17.6293
18.0000 18.1984
