2.0000 3.3503
2.0000 2.2241
2.0000 2.3366
2.0000 2.8256
2.0000 3.3546
2.0000 2.3262
2.0000 2.8939
2.0000 3.0952
2.0000 2.1428
2.0000 3.2513
2.0000 2.2643
2.0000 2.7671
2.0000 1.6866
2.0000 2.8851
2.0000 2.9537
2.0000 2.3565
2.0000 3.0929
2.0000 2.4964
2.0000 2.6087
2.0000 3.1145
2.0000 3.6402
2.0000 3.6206
2.0000 3.1792
2.0000 2.6333
2.0000 3.8602
2.0000 2.8839
2.0000 2.6662
2.0000 3.2923
2.0000 2.1401
2.0000 3.1389
2.0000 2.0877
2.0000 3.2087
2.0000 2.3879
2.0000 2.7315
2.0000 2.0546
2.0000 2.0564
2.0000 2.7473
2.0000 2.6848
2.0000 3.0078
2.0000 2.9255
2.0000 2.9501
2.0000 3.4664
2.0000 3.5306
2.0000 1.8073
2.0000 3.6523
2.0000 2.3878
2.0000 2.6973
2.0000 2.6876
2.0000 2.8643
2.0000 2.8422
2.0000 2.2426
2.0000 3.3120
2.0000 3.4010
2.0000 2.9540
2.0000 2.8681
2.0000 3.0960
2.0000 1.7776
2.0000 2.3194
2.0000 2.8093
2.0000 2.2142
2.0000 3.0522
2.0000 3.6662
2.0000 3.0833
2.0000 3.1978
2.0000 1.3634
2.0000 2.8096
2.0000 2.9213
2.0000 2.9930
2.0000 2.7143
2.0000 2.6137
2.0000 3.6839
2.0000 2.8067
2.0000 2.9512
2.0000 2.9918
2.0000 2.3159
2.0000 3.1004
2.0000 3.3766
2.0000 3.0910
2.0000 2.5693
2.0000 1.5544
2.0000 1.9743
2.0000 3.8799
2.0000 2.7383
2.0000 2.8417
2.0000 2.8732
2.0000 2.3236
2.0000 2.6964
2.0000 2.4331
2.0000 3.7251
2.0000 3.2241
2.0000 3.1583
2.0000 3.1563
2.0000 3.4005
2.0000 2.7791
2.0000 2.7883
2.0000 3.2058
2.0000 4.1972
2.0000 3.0242
2.0000 2.2826
2.0000 3.4060
2.0000 2.3120
2.0000 3.0474
2.0000 2.7766
2.0000 3.1008
2.0000 3.2709
2.0000 1.8171
2.0000 3.2781
2.0000 2.2174
2.0000 1.9249
2.0000 2.2754
2.0000 2.9611
2.0000 3.2358
2.0000 3.9009
2.0000 1.9165
2.0000 3.6715
2.0000 2.7411
2.0000 2.2964
2.0000 2.4911
2.0000 3.8592
2.0000 2.8702
2.0000 3.3155
2.0000 2.2362
2.0000 2.9214
2.0000 2.2891
2.0000 2.0811
2.0000 3.2695
2.0000 2.9847
2.0000 2.8761
2.0000 2.3464
2.0000 3.1550
2.0000 2.5431
2.0000 3.0119
2.0000 2.7787
2.0000 3.3318
2.0000 3.3978
2.0000 2.3827
2.0000 3.3421
2.0000 2.7011
2.0000 2.6942
2.0000 3.0734
2.0000 3.0823
2.0000 3.2696
2.0000 2.8738
2.0000 4.1102
2.0000 2.3201
2.0000 3.3852
2.0000 2.1880
2.0000 3.2661
2.0000 2.6420
2.0000 2.1949
2.0000 2.8173
2.0000 2.4700
2.0000 2.4712
2.0000 2.1768
2.0000 2.4612
2.0000 3.3267
2.0000 2.9486
2.0000 3.4026
2.0000 3.7520
2.0000 2.3806
2.0000 2.9898
2.0000 2.2809
2.0000 2.3802
2.0000 2.7378
2.0000 3.0076
2.0000 3.2391
2.0000 2.7300
2.0000 2.1543
2.0000 3.0466
2.0000 2.1890
2.0000 3.0926
2.0000 3.5333
2.0000 3.4087
2.0000 2.7666
2.0000 2.7742
2.0000 2.3176
2.0000 3.0576
2.0000 2.8566
2.0000 2.6102
2.0000 3.5362
2.0000 2.6603
2.0000 3.3631
2.0000 2.4130
2.0000 4.0432
2.0000 2.8766
2.0000 3.0173
2.0000 2.4530
2.0000 2.5087
2.0000 3.1257
2.0000 4.0085
2.0000 3.7312
2.0000 3.9846
2.0000 2.9765
2.0000 3.2151
2.0000 2.1270
2.0000 3.2748
2.0000 3.6716
2.0000 3.3558
2.0000 2.4302
2.0000 2.8385
2.0000 2.9828
2.0000 2.5659
2.0000 2.2723
2.0000 3.7982
2.0000 2.5114
2.0000 2.2904
2.0000 3.4359
2.0000 2.4845
2.0000 3.5974
2.0000 4.0365
2.0000 2.1211
2.0000 2.9431
2.0000 2.6883
2.0000 2.4493
2.0000 3.0946
2.0000 2.6245
2.0000 2.5318
2.0000 2.9628
2.0000 2.8499
2.0000 2.6459
2.0000 2.1271
2.0000 2.5837
2.0000 1.7062
2.0000 3.3565
2.0000 2.9260
2.0000 1.6183
2.0000 3.7689
2.0000 2.0556
2.0000 2.7526
2.0000 2.4740
2.0000 2.4220
2.0000 2.6245
2.0000 3.4165
2.0000 3.3519
2.0000 2.3605
2.0000 2.3757
2.0000 2.4345
2.0000 3.6278
2.0000 2.3028
2.0000 2.6675
2.0000 3.2060
2.0000 2.5914
2.0000 2.9386
2.0000 3.3062
2.0000 3.0825
2.0000 2.9344
2.0000 3.1271
2.0000 2.3142
2.0000 3.2133
2.0000 3.2813
2.0000 3.4464
2.0000 2.5369
2.0000 2.7791
2.0000 3.6050
2.0000 2.7075
2.0000 2.1122
2.0000 1.8530
2.0000 2.7393
2.0000 2.4650
2.0000 3.5674
2.0000 2.3608
2.0000 3.2563
2.0000 2.7039
2.0000 4.2071
2.0000 2.2881
2.0000 3.5785
2.0000 2.6885
2.0000 3.5333
2.0000 3.1615
2.0000 2.7544
2.0000 2.6395
2.0000 2.9200
2.0000 3.1737
2.0000 2.4916
2.0000 2.5057
2.0000 2.3300
2.0000 2.5526
2.0000 2.0300
2.0000 2.4537
2.0000 2.4108
2.0000 3.5083
2.0000 3.2750
2.0000 3.1602
2.0000 3.2155
2.0000 3.3608
2.0000 3.0659
2.0000 2.5318
2.0000 3.1128
2.0000 2.8876
2.0000 2.4678
2.0000 3.1717
2.0000 3.3868
2.0000 3.5597
2.0000 3.6264
2.0000 3.1093
2.0000 3.0217
2.0000 1.6785
2.0000 2.4896
2.0000 2.2858
2.0000 2.6855
2.0000 1.9624
2.0000 2.6147
2.0000 2.9488
2.0000 2.3465
2.0000 2.7157
2.0000 2.6041
2.0000 3.4308
2.0000 3.0320
2.0000 3.5513
2.0000 2.8690
2.0000 3.4064
2.0000 2.2967
2.0000 2.3505
2.0000 2.6157
2.0000 2.7648
2.0000 3.5485
2.0000 2.2951
2.0000 3.7191
2.0000 2.5973
2.0000 3.1278
2.0000 2.2363
2.0000 3.3101
2.0000 2.1649
2.0000 3.1368
2.0000 3.3504
2.0000 1.9346
2.0000 2.6740
2.0000 2.8967
2.0000 3.0795
2.0000 3.0287
2.0000 3.5263
2.0000 3.0724
2.0000 2.7067
2.0000 3.8771
2.0000 2.8917
2.0000 2.6331
2.0000 3.1302
2.0000 2.1453
2.0000 1.7972
2.0000 3.2847
2.0000 1.9221
2.0000 3.5470
2.0000 3.3160
2.0000 3.0330
2.0000 3.8998
2.0000 3.0810
2.0000 2.6231
2.0000 3.7867
2.0000 3.2884
2.0000 2.6219
2.0000 3.8269
2.0000 2.9061
2.0000 2.7370
2.0000 2.9582
2.0000 3.0669
2.0000 2.7603
2.0000 2.3236
2.0000 2.9503
2.0000 2.9225
2.0000 3.8642
2.0000 2.1296
2.0000 2.4547
2.0000 2.9574
2.0000 3.6136
2.0000 2.3534
2.0000 2.7840
2.0000 3.0030
2.0000 2.6845
2.0000 2.0603
2.0000 2.7806
2.0000 1.8478
2.0000 2.9559
2.0000 3.6097
2.0000 2.6725
2.0000 3.5342
2.0000 3.6231
2.0000 2.7772
2.0000 3.0462
2.0000 2.5012
2.0000 2.8746
2.0000 0.6140
2.0000 2.2185
2.0000 1.7656
2.0000 2.9562
2.0000 3.0939
2.0000 1.7689
2.0000 2.1834
2.0000 2.3840
2.0000 3.0248
2.0000 2.8678
2.0000 3.4609
2.0000 2.8479
2.0000 3.6680
2.0000 3.3332
2.0000 3.0872
2.0000 2.7601
2.0000 1.4804
2.0000 3.6032
2.0000 2.6551
2.0000 3.0216
2.0000 3.5599
2.0000 2.3702
2.0000 2.6009
2.0000 3.3131
2.0000 4.1218
2.0000 2.3849
2.0000 2.4520
2.0000 2.7137
2.0000 3.0548
2.0000 1.5436
2.0000 3.3361
2.0000 1.8445
2.0000 3.6303
2.0000 3.4565
2.0000 2.6887
2.0000 1.8534
2.0000 2.8847
2.0000 3.5157
2.0000 2.6740
2.0000 1.2327
2.0000 2.6120
2.0000 2.6660
2.0000 2.6871
2.0000 3.5677
2.0000 3.2883
2.0000 3.5244
2.0000 3.3260
2.0000 2.6153
2.0000 2.6262
2.0000 2.8935
2.0000 2.3382
2.0000 2.7694
2.0000 3.2138
2.0000 3.4624
2.0000 3.0949
2.0000 3.2533
2.0000 2.8604
2.0000 2.6998
2.0000 2.5067
2.0000 3.2687
2.0000 2.8018
2.0000 3.3819
2.0000 2.4467
2.0000 3.2255
2.0000 1.9476
2.0000 2.6601
2.0000 3.4457
2.0000 2.9949
2.0000 2.7140
2.0000 2.6996
2.0000 3.1249
2.0000 3.1403
2.0000 2.8726
2.0000 2.9254
2.0000 2.0801
2.0000 2.7067
2.0000 2.5691
2.0000 2.9657
2.0000 3.1871
2.0000 3.2476
2.0000 3.7716
2.0000 2.5579
2.0000 3.1662
2.0000 3.3753
2.0000 3.0824
2.0000 3.4981
2.0000 3.4414
2.0000 2.8221
2.0000 3.3967
2.0000 2.0366
2.0000 3.1424
2.0000 3.6491
2.0000 2.4327
2.0000 2.4773
2.0000 1.7369
2.0000 3.2770
2.0000 2.8488
2.0000 2.2557
2.0000 3.6551
2.0000 2.6489
2.0000 2.9052
2.0000 2.3515
2.0000 1.9380
2.0000 2.4095
2.0000 3.2740
2.0000 2.6912
2.0000 2.9001
2.0000 3.1684
2.0000 1.9670
2.0000 3.0932
2.0000 2.1389
2.0000 2.4831
2.0000 1.9409
2.0000 1.3317
2.0000 2.6868
2.0000 2.8161
2.0000 2.6258
2.0000 3.3835
2.0000 2.1752
2.0000 2.7000
2.0000 3.2996
2.0000 3.0819
2.0000 2.6770
2.0000 2.5720
2.0000 2.7411
2.0000 2.3882
2.0000 3.0602
2.0000 2.8442
2.0000 3.5428
2.0000 2.5961
2.0000 2.6419
2.0000 2.4363
2.0000 2.5001
2.0000 3.8411
2.0000 2.3686
2.0000 2.3811
2.0000 3.5270
2.0000 2.7850
2.0000 3.1505
2.0000 3.3369
2.0000 2.8359
2.0000 4.1466
2.0000 2.5991
2.0000 3.8091
2.0000 3.2690
2.0000 2.8400
2.0000 3.2585
2.0000 2.9162
2.0000 3.3627
2.0000 2.6178
2.0000 2.0923
2.0000 2.7547
2.0000 2.8226
2.0000 1.8175
2.0000 3.6215
2.0000 3.2225
2.0000 3.1035
2.0000 2.4571
2.0000 3.6398
2.0000 3.4631
2.0000 2.3957
2.0000 3.3025
2.0000 2.4628
2.0000 2.2022
2.0000 2.7543
2.0000 3.2718
2.0000 2.7846
2.0000 2.4051
2.0000 2.8959
2.0000 3.5463
2.0000 3.1279
2.0000 2.2261
2.0000 2.5175
2.0000 3.2981
2.0000 4.0636
2.0000 2.1519
2.0000 2.4209
2.0000 1.5728
2.0000 3.1078
2.0000 2.6581
2.0000 3.9176
2.0000 3.5903
2.0000 3.1917
2.0000 3.0462
2.0000 2.8303
2.0000 2.1826
2.0000 2.3577
2.0000 2.9192
2.0000 2.9833
2.0000 4.0739
2.0000 2.2176
2.0000 3.0770
2.0000 3.1651
2.0000 2.6740
2.0000 3.2957
2.0000 3.2029
2.0000 3.6459
2.0000 3.2861
2.0000 3.4340
2.0000 2.8187
2.0000 2.4846
2.0000 2.5939
2.0000 3.4159
2.0000 3.8629
2.0000 2.1507
2.0000 2.2719
2.0000 2.8074
2.0000 2.9184
2.0000 3.0739
2.0000 3.1605
2.0000 3.2187
2.0000 1.7878
2.0000 2.2147
2.0000 2.1663
2.0000 3.6585
2.0000 3.3719
2.0000 3.0550
2.0000 2.9228
2.0000 2.8623
2.0000 4.1463
2.0000 3.5763
2.0000 2.6333
2.0000 2.4422
2.0000 3.2195
2.0000 3.1191
2.0000 2.3436
2.0000 3.2326
2.0000 2.8641
2.0000 2.6216
2.0000 3.0714
2.0000 2.6915
2.0000 2.8278
2.0000 1.4901
2.0000 3.5381
2.0000 2.4896
2.0000 2.6172
2.0000 3.1823
2.0000 3.1170
2.0000 1.8864
2.0000 3.5000
2.0000 1.7555
2.0000 3.4214
2.0000 1.6124
2.0000 2.7679
2.0000 3.1284
2.0000 2.5590
2.0000 3.5774
2.0000 2.8424
2.0000 1.9790
2.0000 3.4798
2.0000 3.7425
2.0000 3.1167
2.0000 3.0022
2.0000 4.1223
2.0000 2.9534
2.0000 3.7055
2.0000 2.4873
2.0000 2.8646
2.0000 3.2292
2.0000 2.5379
2.0000 3.1848
2.0000 2.3995
2.0000 2.1774
2.0000 3.5883
2.0000 2.9632
2.0000 3.3885
2.0000 2.3132
2.0000 2.4724
2.0000 3.6673
2.0000 3.7304
2.0000 2.0996
2.0000 3.7260
2.0000 3.8915
2.0000 3.9656
2.0000 3.1888
2.0000 2.8812
2.0000 3.3099
2.0000 3.3817
2.0000 2.8438
2.0000 3.1367
2.0000 3.0119
2.0000 2.2304
2.0000 1.8003
2.0000 2.8633
2.0000 3.3512
2.0000 2.9190
2.0000 3.6258
2.0000 2.6606
2.0000 2.8938
2.0000 1.7629
2.0000 2.8280
2.0000 3.3247
2.0000 2.8166
2.0000 3.3927
2.0000 3.0216
2.0000 3.0147
2.0000 1.9070
2.0000 3.2647
2.0000 2.7654
2.0000 3.3553
2.0000 3.2340
2.0000 3.4453
2.0000 3.9079
2.0000 3.3765
2.0000 2.9552
2.0000 1.9192
2.0000 2.4544
2.0000 2.8745
2.0000 3.6712
2.0000 2.6903
2.0000 2.1995
2.0000 2.9576
2.0000 2.1460
2.0000 3.5683
2.0000 3.5636
2.0000 3.5338
2.0000 2.9188
2.0000 3.0576
2.0000 3.2991
2.0000 3.2786
2.0000 2.3377
2.0000 2.7304
2.0000 3.9455
2.0000 3.1583
2.0000 2.7165
2.0000 2.5199
2.0000 2.8987
2.0000 2.4236
2.0000 3.0026
2.0000 2.0529
2.0000 3.0017
2.0000 3.2193
2.0000 2.4490
2.0000 2.5908
2.0000 3.4766
2.0000 2.7899
2.0000 2.2980
2.0000 2.6525
2.0000 2.3002
2.0000 2.8548
2.0000 2.9640
2.0000 2.7176
2.0000 2.5231
2.0000 2.7184
2.0000 2.0943
2.0000 1.6001
2.0000 2.3009
2.0000 3.0281
2.0000 2.3009
2.0000 2.2579
2.0000 2.4901
2.0000 3.5828
2.0000 2.8537
2.0000 2.6883
2.0000 3.0701
2.0000 2.7148
2.0000 1.9298
2.0000 3.1613
2.0000 3.5774
2.0000 2.1757
2.0000 3.0440
2.0000 2.8626
2.0000 2.3629
2.0000 3.7071
2.0000 3.4039
2.0000 3.6444
2.0000 3.4469
2.0000 3.2540
2.0000 3.0805
2.0000 2.5451
2.0000 2.6063
2.0000 2.6761
2.0000 2.7648
2.0000 2.2211
2.0000 2.8990
2.0000 3.2137
2.0000 1.8676
2.0000 2.4377
2.0000 3.4109
2.0000 3.2600
2.0000 2.1853
2.0000 3.6728
2.0000 3.0110
2.0000 4.0271
2.0000 3.2607
2.0000 3.4959
2.0000 2.8899
2.0000 2.7361
2.0000 2.8211
2.0000 2.8101
2.0000 3.5576
2.0000 3.1542
2.0000 2.6369
2.0000 3.0739
2.0000 3.0918
2.0000 3.2509
2.0000 3.2991
2.0000 3.7150
2.0000 2.1612
2.0000 3.0185
2.0000 3.6427
2.0000 1.9102
2.0000 2.6411
2.0000 3.0914
2.0000 2.4670
2.0000 2.1902
2.0000 2.9478
2.0000 3.5143
2.0000 2.2437
2.0000 2.7067
2.0000 2.9193
2.0000 3.6325
2.0000 1.9429
2.0000 2.3620
2.0000 3.1745
2.0000 2.6476
2.0000 3.0988
2.0000 3.6583
2.0000 3.6994
2.0000 3.6075
2.0000 2.0871
2.0000 2.1853
2.0000 2.3003
2.0000 3.4533
2.0000 2.4472
2.0000 3.2253
2.0000 3.1895
2.0000 2.2742
2.0000 3.6031
2.0000 3.1897
2.0000 3.1178
2.0000 2.3846
2.0000 4.0383
2.0000 3.0062
2.0000 2.5630
2.0000 3.3036
2.0000 3.0824
2.0000 3.4753
2.0000 2.6950
2.0000 2.2413
2.0000 2.4661
2.0000 2.0285
2.0000 3.5884
2.0000 2.3589
2.0000 3.7175
2.0000 2.9215
2.0000 2.5457
2.0000 3.2701
2.0000 3.2541
2.0000 3.1354
2.0000 3.5520
2.0000 3.0638
2.0000 3.3497
2.0000 3.1061
2.0000 2.3222
2.0000 2.8076
2.0000 2.4418
2.0000 3.2062
2.0000 1.8624
2.0000 2.1189
2.0000 2.3573
2.0000 2.4691
2.0000 2.5828
2.0000 2.6502
2.0000 3.0234
2.0000 3.5660
2.0000 2.3414
2.0000 3.5087
2.0000 3.8875
2.0000 2.2567
2.0000 2.8691
2.0000 3.2883
2.0000 2.1796
2.0000 2.4821
2.0000 2.9434
2.0000 2.9130
2.0000 2.9680
2.0000 2.5958
2.0000 3.3473
2.0000 3.9728
2.0000 3.0167
2.0000 2.8687
2.0000 2.1868
2.0000 2.6277
2.0000 2.5021
2.0000 3.5637
2.0000 2.9695
2.0000 2.8554
2.0000 1.4231
2.0000 2.1793
2.0000 3.8321
2.0000 2.4631
2.0000 2.2703
2.0000 2.9433
2.0000 3.4067
2.0000 2.9372
2.0000 3.9019
2.0000 2.6990
2.0000 2.7540
2.0000 2.4614
2.0000 2.4746
2.0000 2.8439
2.0000 2.3307
2.0000 2.7334
2.0000 2.2277
2.0000 2.4396
2.0000 3.8693
2.0000 2.3916
2.0000 2.1598
2.0000 3.4337
2.0000 3.6030
2.0000 1.6847
2.0000 1.8935
2.0000 2.6000
2.0000 3.3949
2.0000 3.4059
2.0000 2.9017
2.0000 2.0509
2.0000 2.6928
2.0000 2.8529
2.0000 2.0816
2.0000 3.1924
2.0000 3.3026
2.0000 2.9362
2.0000 3.2166
2.0000 4.2998
2.0000 3.4878
2.0000 2.5353
2.0000 2.6004
2.0000 2.2209
2.0000 3.0519
2.0000 3.2994
2.0000 3.4224
2.0000 2.5129
2.0000 2.3174
2.0000 3.2901
2.0000 2.7474
2.0000 2.2112
2.0000 2.8375
2.0000 2.4600
2.0000 3.0173
2.0000 3.0636
2.0000 2.3170
2.0000 2.8385
2.0000 2.7963
2.0000 3.3406
2.0000 2.7316
2.0000 2.9943
2.0000 2.4489
2.0000 1.5282
2.0000 2.0809
2.0000 2.6526
2.0000 3.8242
2.0000 3.7920
2.0000 3.0597
2.0000 2.6719
2.0000 2.6721
2.0000 2.6531
2.0000 3.1043
2.0000 2.1587
2.0000 2.4018
2.0000 2.5075
2.0000 2.8514
2.0000 3.0879
2.0000 2.2155
2.0000 2.2580
2.0000 2.8647
2.0000 3.5578
2.0000 2.3529
2.0000 2.8523
2.0000 3.0906
2.0000 2.6292
2.0000 3.1414
2.0000 3.3364
2.0000 3.0745
2.0000 2.9784
2.0000 2.4581
2.0000 3.6208
2.0000 3.0097
2.0000 2.9863
2.0000 2.3197
2.0000 3.3157
2.0000 3.1906
2.0000 3.2201
2.0000 3.1139
2.0000 3.4257
2.0000 3.2531
2.0000 2.4384
2.0000 3.5512
2.0000 2.9715
2.0000 3.2414
2.0000 2.1618
2.0000 2.2288
2.0000 2.4769
2.0000 3.1697
2.0000 3.0162
2.0000 3.4245
2.0000 3.3106
2.0000 2.8634
2.0000 3.1601
2.0000 1.8406
2.0000 3.2476
2.0000 2.2649
2.0000 3.4243
2.0000 3.2483
2.0000 3.4967
2.0000 2.9101
2.0000 3.2333
2.0000 3.9846
2.0000 2.7758
2.0000 2.2421
2.0000 3.2200
2.0000 3.3267
2.0000 2.5036
2.0000 3.7884
2.0000 2.2545
2.0000 2.9887
2.0000 3.0713
2.0000 1.7604
2.0000 3.1988
2.0000 2.0097
2.0000 2.6571
2.0000 3.4146
2.0000 1.9994
2.0000 2.9546
2.0000 3.2416
2.0000 2.8487
2.0000 3.0160
2.0000 2.2415
2.0000 3.3453
2.0000 2.6552
2.0000 2.4921
2.0000 2.4575
2.0000 3.4339
2.0000 3.2563
2.0000 3.3205
2.0000 2.7421
2.0000 1.9610
2.0000 2.7520
2.0000 2.8056
2.0000 2.7672
2.0000 3.9034
2.0000 4.5411
2.0000 3.0136
2.0000 2.1784
2.0000 3.1232
2.0000 3.2126
2.0000 2.5624
2.0000 3.1564
2.0000 3.2850
2.0000 2.2459
2.0000 2.4581
2.0000 2.6317
2.0000 3.2335
2.0000 3.1622
2.0000 2.3260
2.0000 3.3181
2.0000 3.5408
2.0000 3.0736
2.0000 2.5820
2.0000 1.8580
2.0000 2.6132
2.0000 2.2604
2.0000 3.0550
2.0000 3.0802
2.0000 2.8468
2.0000 2.8980
2.0000 2.3710
2.0000 2.7817
2.0000 4.1617
2.0000 3.4090
2.0000 2.6915
2.0000 2.8179
2.0000 2.9732
2.0000 2.8407
2.0000 3.5671
2.0000 2.8300
2.0000 2.8750
2.0000 3.5538
2.0000 3.3416
2.0000 2.5866
2.0000 3.9261
2.0000 3.5645
2.0000 2.5753
2.0000 2.6391
2.0000 2.3203
2.0000 2.9456
2.0000 3.0806
2.0000 3.9055
2.0000 2.4884
2.0000 2.9979
2.0000 3.1834
2.0000 3.5974
2.0000 3.3384
2.0000 4.0181
2.0000 2.3501
2.0000 2.4921
2.0000 2.9187
2.0000 2.4217
2.0000 3.3604
2.0000 3.7464
2.0000 3.1286
2.0000 2.7622
2.0000 2.9064
2.0000 2.2775
2.0000 3.0618
2.0000 2.9226
2.0000 3.9175
2.0000 1.6392
2.0000 2.4429
2.0000 2.9920
2.0000 2.6849
2.0000 3.2559
2.0000 3.3473
2.0000 1.9996
2.0000 4.1394
2.0000 3.1380
2.0000 3.8342
2.0000 2.5887
2.0000 3.1724
2.0000 3.8963
2.0000 3.5043
2.0000 3.6053
2.0000 2.8408
2.0000 3.4810
2.0000 4.2416
2.0000 3.7566
2.0000 2.3466
2.0000 2.3706
2.0000 3.0037
2.0000 2.3474
2.0000 3.9975
2.0000 2.7604
2.0000 3.1962
2.0000 2.9956
2.0000 2.9979
2.0000 2.8997
2.0000 3.4239
2.0000 3.1791
2.0000 2.7103
2.0000 3.5595
2.0000 1.3176
2.0000 2.5981
2.0000 2.4168
2.0000 2.8833
2.0000 2.2693
2.0000 2.0732
2.0000 3.5098
2.0000 2.8866
2.0000 2.4675
2.0000 3.2843
2.0000 3.6572
2.0000 3.6272
2.0000 1.8692
2.0000 2.4002
2.0000 2.8832
2.0000 1.5781
2.0000 2.7224
2.0000 2.3469
2.0000 2.8518
2.0000 2.8334
2.0000 3.3757
2.0000 2.7481
2.0000 2.5645
2.0000 2.8322
2.0000 3.2580
2.0000 2.9375
2.0000 3.1488
2.0000 3.5168
2.0000 2.4000
2.0000 2.2682
2.0000 2.4753
2.0000 2.7572
2.0000 3.7543
2.0000 3.0631
2.0000 2.0963
2.0000 2.4429
2.0000 2.9687
2.0000 3.2256
2.0000 2.9663
2.0000 2.3973
2.0000 1.8545
2.0000 3.4222
2.0000 3.2075
2.0000 3.8545
2.0000 3.0859
2.0000 3.3637
2.0000 3.1356
2.0000 3.3166
2.0000 3.8471
2.0000 2.9018
2.0000 3.7572
2.0000 3.0924
2.0000 2.3708
2.0000 3.3950
2.0000 2.3052
2.0000 3.2228
2.0000 3.8214
2.0000 4.3814
2.0000 3.6486
2.0000 2.5785
2.0000 3.1750
2.0000 2.9310
2.0000 1.8993
2.0000 2.6117
2.0000 3.0719
2.0000 3.4699
2.0000 2.8201
2.0000 3.0222
2.0000 2.5882
2.0000 1.5715
2.0000 2.6289
2.0000 3.0383
2.0000 3.7883
2.0000 3.3165
2.0000 3.2527
2.0000 3.3608
2.0000 2.8626
2.0000 2.6110
2.0000 2.8217
2.0000 3.0629
2.0000 2.8539
2.0000 2.2344
2.0000 2.2065
2.0000 1.9448
2.0000 3.5741
2.0000 2.9269
2.0000 2.5580
2.0000 4.1459
2.0000 2.4803
2.0000 3.3824
2.0000 4.0387
2.0000 4.1444
2.0000 3.1748
2.0000 2.3344
2.0000 2.7618
2.0000 2.1731
2.0000 2.8270
2.0000 2.5981
2.0000 2.4291
2.0000 2.5487
2.0000 2.8427
2.0000 2.6899
2.0000 1.3793
2.0000 2.5982
2.0000 2.6519
2.0000 3.9827
2.0000 2.7170
2.0000 2.2711
2.0000 2.6212
2.0000 1.7630
2.0000 2.9416
2.0000 3.1497
2.0000 3.6093
2.0000 3.7192
2.0000 2.5882
2.0000 2.5063
2.0000 1.7412
2.0000 3.3093
2.0000 3.3966
2.0000 3.7502
2.0000 3.0581
2.0000 3.0785
2.0000 4.2100
2.0000 4.0120
2.0000 3.2157
2.0000 2.8985
2.0000 3.0276
2.0000 3.4832
2.0000 3.1259
2.0000 3.4504
2.0000 2.8885
2.0000 2.4730
2.0000 2.8839
2.0000 2.3771
2.0000 2.8304
2.0000 3.8333
2.0000 2.1355
2.0000 2.5225
2.0000 3.0461
2.0000 1.9677
2.0000 3.1219
2.0000 1.5270
2.0000 3.0228
2.0000 2.9706
2.0000 3.1313
2.0000 2.7036
2.0000 1.3584
2.0000 2.2751
2.0000 2.3271
2.0000 3.0218
2.0000 3.4967
2.0000 3.1030
2.0000 2.7027
2.0000 1.8948
2.0000 2.3629
2.0000 3.9270
2.0000 2.6650
2.0000 2.8400
2.0000 2.8175
2.0000 2.6810
2.0000 3.0015
2.0000 3.6981
2.0000 3.3334
2.0000 2.0666
2.0000 3.3370
2.0000 4.2869
2.0000 2.1718
2.0000 0.9073
2.0000 3.7204
2.0000 2.6972
2.0000 2.6713
2.0000 1.6623
2.0000 3.0955
2.0000 2.5188
2.0000 2.6704
2.0000 2.7527
2.0000 3.0769
2.0000 2.1118
2.0000 2.6701
2.0000 2.5597
2.0000 2.3678
2.0000 2.8160
2.0000 3.2890
2.0000 2.1526
2.0000 2.9054
2.0000 2.7136
2.0000 3.4165
2.0000 2.9394
2.0000 3.8379
2.0000 2.5115
2.0000 2.7065
2.0000 3.3629
2.0000 2.8666
2.0000 2.1867
2.0000 3.1638
2.0000 2.9340
2.0000 2.7304
2.0000 2.6883
2.0000 4.0516
2.0000 2.5572
2.0000 3.0456
2.0000 2.6923
2.0000 3.3237
2.0000 2.3837
2.0000 3.2342
2.0000 2.1902
2.0000 2.4745
2.0000 2.8836
2.0000 2.6439
2.0000 3.7584
2.0000 3.3798
2.0000 2.2183
2.0000 2.6238
2.0000 2.7055
2.0000 2.9863
2.0000 3.8150
2.0000 3.0627
2.0000 2.7282
2.0000 3.8350
2.0000 3.2097
2.0000 2.5343
2.0000 2.3361
2.0000 3.9432
2.0000 2.0207
2.0000 3.7558
2.0000 2.9312
2.0000 3.2534
2.0000 2.9831
2.0000 1.7856
2.0000 2.7266
2.0000 3.3199
2.0000 3.2864
2.0000 4.5956
2.0000 2.7695
2.0000 2.6037
2.0000 2.4252
2.0000 2.3723
2.0000 2.5730
2.0000 2.7510
2.0000 3.2030
2.0000 3.2669
2.0000 2.6577
2.0000 2.7673
2.0000 3.2899
2.0000 3.1941
2.0000 2.5898
2.0000 2.8044
2.0000 1.7685
2.0000 3.5343
2.0000 2.6085
2.0000 4.3457
2.0000 2.9573
2.0000 2.4796
2.0000 3.2069
2.0000 2.9802
2.0000 1.7074
2.0000 2.8857
2.0000 2.0478
2.0000 2.3232
2.0000 3.0497
2.0000 2.8104
2.0000 3.3961
2.0000 3.4200
2.0000 2.8810
2.0000 2.7133
2.0000 3.6446
2.0000 2.1561
2.0000 2.6292
2.0000 2.8147
2.0000 2.6612
2.0000 2.7627
2.0000 1.2548
2.0000 2.7352
2.0000 1.4991
2.0000 3.0099
2.0000 1.9348
2.0000 2.5430
2.0000 2.5069
2.0000 3.6477
2.0000 2.4364
2.0000 2.4125
2.0000 2.7111
2.0000 3.0666
2.0000 2.7105
2.0000 3.3007
2.0000 2.6970
2.0000 2.5743
2.0000 2.3742
2.0000 1.2413
2.0000 2.8717
2.0000 3.1350
2.0000 2.7171
2.0000 3.0842
2.0000 2.5411
2.0000 3.3403
2.0000 2.5620
2.0000 2.9608
2.0000 3.0131
2.0000 3.4129
2.0000 3.2686
2.0000 3.1755
2.0000 2.7698
2.0000 4.2449
2.0000 2.9936
2.0000 2.7608
2.0000 2.1896
2.0000 2.3838
2.0000 2.3924
2.0000 3.8606
2.0000 2.7776
2.0000 2.9952
2.0000 4.2324
2.0000 1.5401
2.0000 3.6087
2.0000 2.5017
2.0000 3.3795
2.0000 3.0141
2.0000 3.0512
2.0000 3.5414
2.0000 3.5321
2.0000 2.1366
2.0000 2.7427
2.0000 3.4326
2.0000 3.4669
2.0000 2.8133
2.0000 2.8829
2.0000 2.6540
2.0000 3.0984
2.0000 3.5701
2.0000 3.5049
2.0000 2.4226
2.0000 2.8640
2.0000 2.2118
2.0000 3.7305
2.0000 2.7202
2.0000 2.8877
2.0000 2.6351
2.0000 3.8551
2.0000 2.7635
2.0000 2.6791
2.0000 3.9090
2.0000 2.3411
2.0000 2.8936
2.0000 2.8773
2.0000 2.9259
2.0000 2.2483
2.0000 3.0438
2.0000 2.5152
2.0000 2.6025
2.0000 2.5035
2.0000 2.5289
2.0000 2.8195
2.0000 2.1957
2.0000 3.0584
2.0000 3.5399
2.0000 2.2731
2.0000 2.4124
2.0000 2.9614
2.0000 4.1751
2.0000 2.3356
2.0000 2.6123
2.0000 3.0264
2.0000 2.7765
2.0000 2.9038
2.0000 1.7547
2.0000 1.7590
2.0000 3.3098
2.0000 3.4143
2.0000 3.2446
2.0000 2.7699
2.0000 2.8817
2.0000 2.3110
2.0000 4.0467
2.0000 2.3177
2.0000 3.8572
2.0000 2.8087
2.0000 3.2336
2.0000 2.0660
2.0000 3.5926
2.0000 3.8934
2.0000 2.8538
2.0000 3.1958
2.0000 2.4444
2.0000 3.2222
2.0000 3.4833
2.0000 2.9660
2.0000 2.8716
2.0000 2.5266
2.0000 2.1638
2.0000 2.5225
2.0000 3.2200
2.0000 2.5978
2.0000 3.0089
2.0000 2.7435
2.0000 1.6337
2.0000 2.5976
2.0000 2.7318
2.0000 3.6194
2.0000 1.7842
2.0000 2.6531
2.0000 2.9652
2.0000 3.1732
2.0000 3.9723
2.0000 3.2945
2.0000 3.9507
2.0000 2.7233
2.0000 4.4221
2.0000 2.5978
2.0000 2.1646
2.0000 1.9866
2.0000 3.2781
2.0000 2.3827
2.0000 1.8932
2.0000 3.1981
2.0000 2.7712
2.0000 1.8048
2.0000 2.8549
2.0000 3.1751
2.0000 3.9256
2.0000 3.1745
2.0000 1.6782
2.0000 2.4370
2.0000 2.6137
2.0000 3.0065
2.0000 3.8193
2.0000 2.9462
2.0000 2.1602
2.0000 3.7825
2.0000 3.0526
2.0000 2.9750
2.0000 2.5173
2.0000 3.5881
2.0000 2.4101
2.0000 2.8662
2.0000 2.1369
2.0000 2.3063
2.0000 2.8905
2.0000 3.2484
2.0000 2.9524
2.0000 2.3678
2.0000 3.1529
2.0000 3.1494
2.0000 3.1970
2.0000 2.6149
2.0000 1.8457
2.0000 3.2893
2.0000 2.7274
2.0000 2.5307
2.0000 3.2778
2.0000 2.8277
2.0000 1.8969
2.0000 2.1524
2.0000 3.1895
2.0000 2.1540
2.0000 3.3596
2.0000 3.8516
2.0000 4.1296
2.0000 2.7410
2.0000 2.0672
2.0000 3.0831
2.0000 1.7647
2.0000 3.6272
2.0000 2.1760
2.0000 2.6993
2.0000 3.3958
2.0000 3.2860
2.0000 2.7530
2.0000 2.6472
2.0000 3.4551
2.0000 2.5983
2.0000 2.7508
2.0000 2.7927
2.0000 2.0550
2.0000 2.3187
2.0000 3.6021
2.0000 3.4137
2.0000 2.1026
2.0000 2.4307
2.0000 2.7445
2.0000 3.0166
2.0000 1.4506
2.0000 2.7058
2.0000 3.4405
2.0000 2.4746
2.0000 3.4444
2.0000 3.1745
2.0000 2.5823
2.0000 2.8126
2.0000 2.9816
2.0000 2.9293
2.0000 2.0800
2.0000 2.0784
2.0000 2.1042
2.0000 3.2902
2.0000 2.9071
2.0000 2.4122
2.0000 3.2425
2.0000 3.1758
2.0000 2.4049
2.0000 3.4104
2.0000 2.2049
2.0000 3.0717
2.0000 3.5210
2.0000 2.5418
2.0000 2.7424
2.0000 2.7910
2.0000 2.2772
2.0000 2.1269
2.0000 3.3778
2.0000 2.3258
2.0000 3.2409
2.0000 3.5873
2.0000 2.8339
2.0000 2.6664
2.0000 2.7598
2.0000 3.0597
2.0000 3.1352
2.0000 3.0480
2.0000 2.6946
2.0000 3.3803
2.0000 2.8468
2.0000 2.1839
2.0000 3.1172
2.0000 2.6554
2.0000 2.9504
2.0000 3.5608
2.0000 2.6499
2.0000 2.6864
2.0000 3.3078
2.0000 3.2804
2.0000 2.8946
2.0000 2.2916
2.0000 3.3705
2.0000 3.3174
2.0000 1.7564
2.0000 2.4421
2.0000 2.6472
2.0000 3.0585
2.0000 3.4682
2.0000 2.2531
2.0000 3.3739
2.0000 3.3145
2.0000 2.7990
2.0000 2.6316
2.0000 2.8763
2.0000 2.1240
2.0000 2.7594
2.0000 2.7144
2.0000 2.1277
2.0000 2.6926
2.0000 2.9646
2.0000 2.7885
2.0000 2.9818
2.0000 1.7935
2.0000 2.5110
2.0000 2.4559
2.0000 2.5634
2.0000 3.7361
2.0000 2.8499
2.0000 2.4810
2.0000 2.1315
2.0000 2.4534
2.0000 3.1679
2.0000 2.6665
2.0000 2.6640
2.0000 2.7195
2.0000 3.6281
2.0000 2.1809
2.0000 3.5630
2.0000 1.9140
2.0000 2.9004
2.0000 3.1460
2.0000 3.3709
2.0000 2.6866
2.0000 2.6288
2.0000 2.7754
2.0000 3.4170
2.0000 3.2004
2.0000 3.8577
2.0000 3.4312
2.0000 2.9617
2.0000 3.4752
2.0000 2.5253
2.0000 3.1074
2.0000 1.9406
2.0000 2.8195
2.0000 2.5348
2.0000 2.9847
2.0000 2.3668
2.0000 2.9985
2.0000 2.7457
2.0000 3.1672
2.0000 2.7909
2.0000 2.4492
2.0000 2.9469
2.0000 2.6327
2.0000 2.6347
2.0000 2.8225
2.0000 3.3843
2.0000 2.6223
2.0000 2.4390
2.0000 2.4493
2.0000 2.4765
2.0000 2.1627
2.0000 2.0681
2.0000 3.5828
2.0000 3.0476
2.0000 3.2012
2.0000 3.3864
2.0000 1.8772
2.0000 2.4598
2.0000 3.3670
2.0000 3.6096
2.0000 3.2291
2.0000 2.1939
2.0000 3.4417
2.0000 2.5290
2.0000 2.7924
2.0000 2.8776
2.0000 2.8662
2.0000 2.4202
2.0000 3.2329
2.0000 2.6454
2.0000 2.9271
2.0000 2.8586
2.0000 3.1819
2.0000 2.7019
2.0000 3.5150
2.0000 2.8790
2.0000 3.0714
2.0000 2.2368
2.0000 1.7220
2.0000 2.2200
2.0000 3.4945
2.0000 2.4450
2.0000 2.9227
2.0000 3.1198
2.0000 3.8872
2.0000 2.1137
2.0000 1.8354
2.0000 2.8256
2.0000 2.3454
2.0000 2.4126
2.0000 2.5359
2.0000 3.1747
2.0000 2.2756
2.0000 3.0098
2.0000 2.5735
2.0000 3.3521
2.0000 3.6991
2.0000 2.6261
2.0000 3.9237
2.0000 3.3074
2.0000 2.4219
2.0000 2.1624
2.0000 2.0833
2.0000 2.0006
2.0000 2.1821
2.0000 3.0361
2.0000 3.1110
2.0000 3.1825
2.0000 3.3741
2.0000 3.2445
2.0000 3.5061
2.0000 2.5675
2.0000 3.0941
2.0000 2.4350
2.0000 1.9668
2.0000 2.6153
2.0000 3.5451
2.0000 2.8963
2.0000 2.7023
2.0000 2.3157
2.0000 2.8880
2.0000 3.0388
2.0000 2.1115
2.0000 2.8709
2.0000 3.2196
2.0000 2.8039
2.0000 2.6584
2.0000 2.6860
2.0000 2.7218
2.0000 3.3156
2.0000 1.9707
2.0000 3.7080
2.0000 3.1517
2.0000 2.4840
2.0000 3.4792
2.0000 3.0011
2.0000 2.6886
2.0000 3.6944
2.0000 3.3704
2.0000 3.0533
2.0000 2.8168
2.0000 1.6400
2.0000 2.2486
2.0000 2.3561
2.0000 2.8829
2.0000 1.8924
2.0000 2.9132
2.0000 2.5268
2.0000 3.3364
2.0000 3.0413
2.0000 2.3395
2.0000 3.8692
2.0000 2.4890
2.0000 3.3410
2.0000 3.1782
2.0000 2.2581
2.0000 3.3985
2.0000 2.1346
2.0000 2.4221
2.0000 2.9834
2.0000 3.6414
2.0000 2.5558
2.0000 3.3548
2.0000 2.1126
2.0000 3.2315
2.0000 2.7374
2.0000 2.8411
2.0000 1.2278
2.0000 3.5903
2.0000 2.3239
2.0000 2.6810
2.0000 3.5453
2.0000 3.1519
2.0000 3.6721
2.0000 3.1858
2.0000 1.8614
2.0000 3.2394
2.0000 1.8518
2.0000 2.3471
2.0000 2.9200
2.0000 3.3405
2.0000 2.7874
2.0000 3.2463
2.0000 2.9712
2.0000 2.8628
2.0000 3.3746
2.0000 2.8247
2.0000 2.8041
2.0000 1.8322
2.0000 2.2696
2.0000 2.9402
2.0000 3.7319
2.0000 3.4002
2.0000 3.4779
2.0000 2.8198
2.0000 3.7312
2.0000 2.5035
2.0000 3.0584
2.0000 2.1037
2.0000 1.8861
2.0000 2.4522
2.0000 2.4439
2.0000 1.9985
2.0000 3.0815
2.0000 2.7838
2.0000 3.5031
2.0000 3.6158
2.0000 1.6249
2.0000 2.0875
2.0000 3.0653
2.0000 3.1062
2.0000 2.4356
2.0000 3.1745
2.0000 2.9239
2.0000 3.0751
2.0000 2.8863
2.0000 3.4666
2.0000 2.7234
2.0000 2.0493
2.0000 2.2606
2.0000 3.2362
2.0000 2.5383
2.0000 3.2242
2.0000 2.0114
2.0000 2.5724
2.0000 2.6620
2.0000 3.5457
2.0000 3.5878
2.0000 2.0719
2.0000 3.5537
2.0000 1.6713
2.0000 2.6638
2.0000 2.6336
2.0000 3.5909
2.0000 2.5150
2.0000 3.8792
2.0000 2.6389
2.0000 2.4856
2.0000 2.9645
2.0000 2.1086
2.0000 3.7347
2.0000 2.8803
2.0000 3.0587
2.0000 2.7110
2.0000 2.7345
2.0000 2.0134
2.0000 3.6500
2.0000 3.2442
2.0000 2.7888
2.0000 3.1111
2.0000 2.8984
2.0000 2.4047
2.0000 2.9511
2.0000 3.2412
2.0000 2.8980
2.0000 2.5484
2.0000 2.8157
2.0000 3.5939
2.0000 1.3683
2.0000 3.6852
2.0000 3.7979
2.0000 3.0501
2.0000 3.0990
2.0000 2.6484
2.0000 3.3454
2.0000 3.6047
2.0000 3.4561
2.0000 3.2590
2.0000 3.1451
2.0000 2.6024
2.0000 3.0397
2.0000 2.2774
2.0000 2.9478
2.0000 3.1750
2.0000 3.0070
2.0000 3.3665
2.0000 2.2131
2.0000 3.1238
2.0000 2.4834
2.0000 2.0301
2.0000 3.1443
2.0000 2.6091
2.0000 3.1242
2.0000 2.6076
2.0000 3.1342
2.0000 2.4293
2.0000 2.8128
2.0000 2.7507
2.0000 2.5481
2.0000 3.6199
2.0000 2.8466
2.0000 1.9501
2.0000 3.1656
2.0000 2.4463
2.0000 2.6115
2.0000 2.5780
2.0000 3.6574
2.0000 2.6011
2.0000 1.9607
2.0000 3.1392
2.0000 3.2273
2.0000 3.0135
2.0000 3.2504
2.0000 2.1938
2.0000 1.7178
2.0000 3.5049
2.0000 2.6909
2.0000 2.5650
2.0000 2.8070
2.0000 1.8219
2.0000 3.2239
2.0000 3.5062
2.0000 3.0897
2.0000 4.1143
2.0000 3.0102
2.0000 2.5101
2.0000 2.8379
2.0000 3.1456
2.0000 1.8064
2.0000 3.2602
2.0000 2.7264
2.0000 2.7180
2.0000 2.4886
2.0000 3.2536
2.0000 3.2903
2.0000 2.4277
2.0000 2.8516
2.0000 3.3377
2.0000 2.9240
2.0000 3.3006
2.0000 3.2576
2.0000 2.0004
2.0000 1.8855
2.0000 2.3358
2.0000 2.4405
2.0000 2.8681
2.0000 2.0898
2.0000 3.3640
2.0000 2.3176
2.0000 2.5391
2.0000 2.5394
2.0000 2.6563
2.0000 2.2463
2.0000 3.5671
2.0000 2.4790
2.0000 2.5890
2.0000 3.0924
2.0000 2.7613
2.0000 2.9072
2.0000 3.0230
2.0000 2.2099
2.0000 1.9650
2.0000 3.3907
2.0000 2.1703
2.0000 3.2228
2.0000 2.8297
2.0000 2.9512
2.0000 2.6622
2.0000 3.0802
2.0000 3.5203
2.0000 3.2376
2.0000 2.4463
2.0000 3.4987
2.0000 3.5091
2.0000 2.9953
2.0000 2.9057
2.0000 3.3776
2.0000 2.8554
2.0000 3.0325
2.0000 2.6937
2.0000 2.9133
2.0000 2.5712
2.0000 3.7301
2.0000 2.2607
2.0000 1.8822
2.0000 3.1511
2.0000 2.4692
2.0000 3.0627
2.0000 2.9003
2.0000 3.2774
2.0000 2.3902
2.0000 1.8842
2.0000 4.0989
2.0000 2.2985
2.0000 2.0600
2.0000 3.2789
2.0000 3.6420
2.0000 3.1273
2.0000 2.9090
2.0000 2.9475
2.0000 2.0740
2.0000 4.2891
2.0000 2.5250
2.0000 2.2529
2.0000 2.3337
2.0000 2.6555
2.0000 3.0946
2.0000 3.1708
2.0000 3.8224
2.0000 3.0878
2.0000 3.9464
2.0000 2.5078
2.0000 4.1728
2.0000 3.5695
2.0000 2.6390
2.0000 2.6185
2.0000 2.9475
2.0000 3.0174
2.0000 3.5464
2.0000 3.2482
2.0000 3.9950
2.0000 3.4575
2.0000 2.5056
2.0000 2.9044
2.0000 4.3247
2.0000 3.4815
2.0000 3.1476
2.0000 3.7012
2.0000 2.2448
2.0000 2.4832
2.0000 3.7179
2.0000 3.0294
2.0000 2.3427
2.0000 2.0149
2.0000 3.4786
2.0000 1.3051
2.0000 3.3319
2.0000 3.4780
2.0000 3.6163
2.0000 2.6690
2.0000 3.6174
2.0000 3.6468
2.0000 3.1465
2.0000 3.2870
2.0000 2.3904
2.0000 1.9042
2.0000 2.7063
2.0000 2.9528
2.0000 3.3124
2.0000 3.1683
2.0000 1.9871
2.0000 2.4202
2.0000 2.3849
2.0000 2.6155
2.0000 2.7220
2.0000 2.5016
2.0000 2.8566
2.0000 1.9353
2.0000 3.0276
2.0000 1.9079
2.0000 2.8794
2.0000 2.8719
2.0000 3.5026
2.0000 3.5638
2.0000 2.9267
2.0000 3.3696
2.0000 3.6973
2.0000 2.4400
2.0000 3.3697
2.0000 3.8030
2.0000 2.2012
2.0000 3.5426
2.0000 1.6970
2.0000 3.1445
2.0000 2.6471
2.0000 2.8515
2.0000 1.7959
2.0000 2.9408
2.0000 2.9001
2.0000 3.6128
2.0000 2.7070
2.0000 2.8763
2.0000 3.2073
2.0000 3.5293
2.0000 3.1867
2.0000 2.6342
2.0000 2.6240
2.0000 2.7829
2.0000 2.8866
2.0000 3.5172
2.0000 3.9925
2.0000 2.4024
2.0000 3.8474
2.0000 2.8426
2.0000 2.8347
2.0000 3.5676
2.0000 2.7346
2.0000 1.3412
2.0000 3.1770
2.0000 3.5931
2.0000 3.5835
2.0000 3.4154
2.0000 2.2239
2.0000 2.7680
2.0000 3.6081
2.0000 2.2539
2.0000 3.4047
2.0000 2.1796
2.0000 2.4074
2.0000 2.3074
2.0000 2.3306
2.0000 3.1987
2.0000 2.0524
2.0000 3.0467
2.0000 3.7707
2.0000 3.9594
2.0000 1.6610
2.0000 1.9738
2.0000 3.4101
2.0000 2.4237
2.0000 2.7462
2.0000 2.1395
2.0000 2.6965
2.0000 3.6603
2.0000 2.9957
2.0000 3.2351
2.0000 2.9505
2.0000 3.8940
2.0000 2.7422
2.0000 2.7261
2.0000 3.2079
2.0000 2.2316
2.0000 3.2387
2.0000 3.6655
2.0000 2.5892
2.0000 2.6786
2.0000 3.3107
2.0000 1.9747
2.0000 3.2773
2.0000 3.7888
2.0000 0.8472
2.0000 2.1876
2.0000 2.6840
2.0000 1.7536
2.0000 2.8774
2.0000 4.0534
2.0000 2.9932
2.0000 3.3824
2.0000 3.3358
2.0000 2.5304
2.0000 3.9557
2.0000 2.2423
2.0000 2.3753
2.0000 1.7037
2.0000 3.2631
2.0000 2.7615
2.0000 3.9269
2.0000 1.4792
2.0000 3.3388
2.0000 2.6760
2.0000 2.6956
2.0000 2.7733
2.0000 2.2061
2.0000 2.0329
2.0000 3.1632
2.0000 2.7304
2.0000 2.8392
2.0000 3.5489
2.0000 1.9227
2.0000 2.5977
2.0000 3.0565
2.0000 2.0473
2.0000 2.8332
2.0000 3.2370
2.0000 1.8004
2.0000 2.9973
2.0000 2.8172
2.0000 2.1693
2.0000 1.5789
2.0000 3.1733
2.0000 2.0496
2.0000 2.1534
2.0000 2.5215
2.0000 2.6114
2.0000 3.3984
2.0000 2.7993
2.0000 3.2933
2.0000 2.6777
2.0000 2.1056
2.0000 3.2974
2.0000 2.8430
2.0000 1.7083
2.0000 2.5387
2.0000 2.5565
2.0000 3.0398
2.0000 2.2655
2.0000 2.4419
2.0000 3.0326
2.0000 1.1993
2.0000 2.4885
2.0000 2.8350
2.0000 2.1561
2.0000 3.0412
2.0000 2.1793
2.0000 3.7616
2.0000 1.9444
2.0000 2.8183
2.0000 2.6619
2.0000 2.5982
2.0000 3.0882
2.0000 3.5440
2.0000 3.0741
2.0000 2.7501
2.0000 3.2568
2.0000 2.6819
2.0000 3.2040
2.0000 2.6297
2.0000 1.3222
2.0000 2.2872
2.0000 1.9138
2.0000 2.2888
2.0000 1.9694
2.0000 2.4927
2.0000 2.7363
2.0000 3.1967
2.0000 3.1810
2.0000 2.7547
2.0000 3.0312
2.0000 2.0735
2.0000 2.8899
2.0000 3.0237
2.0000 2.7708
2.0000 3.2913
2.0000 2.8911
2.0000 2.9728
2.0000 2.4774
2.0000 3.0360
2.0000 3.0720
2.0000 2.1582
2.0000 2.6060
2.0000 2.9617
2.0000 2.3757
2.0000 3.9254
2.0000 2.6218
2.0000 2.5045
2.0000 2.6138
2.0000 2.3222
2.0000 3.3560
2.0000 1.6917
2.0000 3.6288
2.0000 3.0853
2.0000 3.7784
2.0000 2.9603
2.0000 3.6065
2.0000 3.3507
2.0000 2.3503
2.0000 2.8886
2.0000 1.7686
2.0000 3.7691
2.0000 3.1475
2.0000 3.1779
2.0000 3.3628
2.0000 2.2179
2.0000 2.7317
2.0000 3.1272
2.0000 2.3822
2.0000 2.2727
2.0000 3.1290
2.0000 3.3258
2.0000 3.7974
2.0000 2.2396
2.0000 3.2217
2.0000 2.6751
2.0000 3.1727
2.0000 3.0755
2.0000 3.0657
2.0000 2.5868
2.0000 2.5496
2.0000 2.2210
2.0000 3.4981
2.0000 3.1878
2.0000 3.3350
2.0000 2.9854
2.0000 3.1147
2.0000 3.0110
2.0000 1.2248
2.0000 3.1141
2.0000 2.7143
2.0000 2.9879
2.0000 2.5963
2.0000 2.9827
2.0000 3.5676
2.0000 2.9209
2.0000 3.1269
2.0000 1.8928
2.0000 2.6587
2.0000 2.4408
2.0000 2.8534
2.0000 3.1108
2.0000 3.2769
2.0000 3.4244
2.0000 2.3195
2.0000 2.6981
2.0000 3.4368
2.0000 3.7403
2.0000 3.3760
2.0000 3.2415
2.0000 3.0316
2.0000 3.0940
2.0000 3.0636
2.0000 2.3190
2.0000 3.2585
2.0000 3.8234
2.0000 3.4879
2.0000 2.2448
2.0000 2.3404
2.0000 3.1230
2.0000 2.1445
2.0000 2.1993
2.0000 2.5724
2.0000 2.8171
2.0000 3.5024
2.0000 2.8951
2.0000 3.8229
2.0000 3.0738
2.0000 2.1981
2.0000 4.5921
2.0000 2.4811
2.0000 2.4121
2.0000 2.0440
2.0000 2.2194
2.0000 3.0358
2.0000 2.8415
2.0000 2.2798
2.0000 2.1209
2.0000 2.5540
2.0000 2.7800
2.0000 2.8257
2.0000 3.0114
2.0000 2.9770
2.0000 2.6160
2.0000 4.5001
2.0000 2.4917
2.0000 2.8005
2.0000 2.8608
2.0000 3.4928
2.0000 3.5314
2.0000 3.2502
2.0000 2.4454
2.0000 3.3411
2.0000 3.3561
2.0000 2.5733
2.0000 3.1909
2.0000 3.8518
2.0000 3.0604
2.0000 1.9617
2.0000 1.8112
2.0000 2.0003
2.0000 2.3236
2.0000 2.9008
2.0000 3.4237
2.0000 3.6139
2.0000 3.0990
2.0000 2.9560
2.0000 2.5839
2.0000 2.7320
2.0000 2.9192
2.0000 3.4964
2.0000 1.8430
2.0000 3.1923
2.0000 2.5312
2.0000 2.6778
2.0000 2.5500
2.0000 2.7890
2.0000 1.8490
2.0000 2.7143
2.0000 3.6534
2.0000 2.4341
2.0000 2.7889
2.0000 2.7070
2.0000 4.2380
2.0000 2.4868
2.0000 1.8360
2.0000 2.2976
2.0000 2.6355
2.0000 2.9098
2.0000 2.4853
2.0000 1.9087
2.0000 3.6029
2.0000 2.6637
2.0000 3.1916
2.0000 2.0399
2.0000 2.8339
2.0000 3.9531
2.0000 3.2276
2.0000 2.5893
2.0000 2.1147
2.0000 2.6422
2.0000 2.9043
2.0000 3.0294
2.0000 2.3079
2.0000 3.4101
2.0000 2.6188
2.0000 2.9114
2.0000 2.6843
2.0000 2.8226
2.0000 2.8284
2.0000 2.5018
2.0000 3.0609
2.0000 2.6907
2.0000 2.7008
2.0000 2.5192
2.0000 1.9648
2.0000 3.0328
2.0000 2.6280
2.0000 0.9220
2.0000 3.1769
2.0000 1.6022
2.0000 2.4964
2.0000 2.9148
2.0000 2.1094
2.0000 2.3404
2.0000 3.6358
2.0000 2.7613
2.0000 3.2050
2.0000 3.0063
2.0000 3.2354
2.0000 2.1612
2.0000 2.7200
2.0000 3.2854
2.0000 3.4449
2.0000 1.7934
2.0000 3.4833
2.0000 2.8460
2.0000 2.4323
2.0000 2.4049
2.0000 3.9645
