28.0000 27.5956
28.0000 28.8325
28.0000 28.1437
28.0000 27.6429
28.0000 28.5368
28.0000 26.9791
28.0000 27.2476
28.0000 27.2316
28.0000 27.9829
28.0000 27.8377
28.0000 27.9598
28.0000 28.3407
28.0000 28.5025
28.0000 27.5292
28.0000 27.9578
28.0000 29.1551
28.0000 27.9727
28.0000 27.2047
28.0000 26.7856
28.0000 27.1924
28.0000 26.6370
28.0000 27.1058
28.0000 27.8373
28.0000 28.6823
28.0000 27.2762
28.0000 27.2811
28.0000 27.9156
28.0000 27.6869
28.0000 27.9151
28.0000 27.5022
28.0000 28.4523
28.0000 28.5023
28.0000 28.5577
28.0000 29.1789
28.0000 28.3123
28.0000 27.0717
28.0000 26.5783
28.0000 28.4164
28.0000 27.7359
28.0000 28.5564
28.0000 27.2608
28.0000 27.3145
28.0000 28.1081
28.0000 27.6198
28.0000 27.6459
28.0000 28.0563
28.0000 28.2315
28.0000 28.0220
28.0000 28.2451
28.0000 27.7676
28.0000 28.7519
28.0000 26.3748
28.0000 27.1636
28.0000 28.3262
28.0000 28.0546
28.0000 28.0821
28.0000 28.8847
28.0000 27.9931
28.0000 28.6733
28.0000 27.2907
28.0000 27.8642
28.0000 27.0538
28.0000 27.6592
28.0000 27.4073
28.0000 27.6425
28.0000 26.8554
28.0000 27.6167
28.0000 28.3555
28.0000 27.6727
28.0000 28.1619
28.0000 27.6849
28.0000 27.4291
28.0000 28.5320
28.0000 28.7084
28.0000 28.0738
28.0000 28.1633
28.0000 27.5689
28.0000 27.0526
28.0000 28.7054
28.0000 27.2654
28.0000 26.9656
28.0000 28.5594
28.0000 28.8076
28.0000 28.1520
28.0000 27.4179
28.0000 27.2028
28.0000 28.4696
28.0000 28.7295
28.0000 27.2860
28.0000 27.9857
28.0000 28.1305
28.0000 28.2896
28.0000 28.3911
28.0000 28.3218
28.0000 28.9574
28.0000 27.6805
28.0000 27.8990
28.0000 27.6017
28.0000 28.1813
28.0000 27.3841
28.0000 27.9813
28.0000 27.8023
28.0000 26.9554
28.0000 27.9970
28.0000 28.3797
28.0000 26.8737
28.0000 27.9670
28.0000 27.2477
28.0000 27.2798
28.0000 27.8956
28.0000 28.1756
28.0000 26.6419
28.0000 27.1293
28.0000 27.6649
28.0000 27.6390
28.0000 28.3193
28.0000 27.7854
28.0000 27.4221
28.0000 28.3941
28.0000 28.6967
28.0000 27.3577
28.0000 28.6825
28.0000 27.9522
28.0000 28.0203
28.0000 28.2485
28.0000 27.5918
28.0000 26.6214
28.0000 28.1461
28.0000 27.0197
28.0000 27.5939
28.0000 27.7519
28.0000 27.9147
28.0000 26.8036
28.0000 28.3383
28.0000 27.6759
28.0000 27.1505
28.0000 28.3780
28.0000 27.8561
28.0000 28.2943
28.0000 28.8838
28.0000 27.5113
28.0000 27.6249
28.0000 27.8913
28.0000 27.2348
28.0000 27.6089
28.0000 26.1199
28.0000 27.8465
28.0000 28.7861
28.0000 28.2246
28.0000 27.9655
28.0000 28.5204
28.0000 27.7319
28.0000 26.8743
28.0000 28.3535
28.0000 28.1735
28.0000 27.4595
28.0000 27.9495
28.0000 27.6930
28.0000 27.9677
28.0000 27.9140
28.0000 27.9247
28.0000 28.0013
28.0000 27.4435
28.0000 26.5284
28.0000 28.5384
28.0000 26.6217
28.0000 27.3842
28.0000 28.3551
28.0000 28.7653
28.0000 27.5499
28.0000 27.5230
28.0000 27.1305
28.0000 28.4537
28.0000 27.6654
28.0000 27.8346
28.0000 27.8226
28.0000 27.8665
28.0000 27.6106
28.0000 26.5772
28.0000 28.9075
28.0000 28.4737
28.0000 28.2997
28.0000 28.5139
28.0000 27.4870
28.0000 27.7020
28.0000 27.2391
28.0000 28.2088
28.0000 28.2837
28.0000 27.1846
28.0000 28.5560
28.0000 28.9876
28.0000 27.8903
28.0000 28.0074
28.0000 27.5777
28.0000 27.8505
28.0000 27.5703
28.0000 27.4373
28.0000 28.6908
28.0000 27.9785
28.0000 27.8103
28.0000 27.4295
28.0000 28.4759
28.0000 28.1402
28.0000 27.6673
28.0000 27.6144
28.0000 28.7655
28.0000 27.9790
28.0000 27.5097
28.0000 28.2712
28.0000 28.0802
28.0000 28.8249
28.0000 27.6625
28.0000 28.0482
28.0000 28.3207
28.0000 27.3009
28.0000 27.3658
28.0000 26.6139
28.0000 27.8138
28.0000 28.1007
28.0000 28.1080
28.0000 27.9805
28.0000 28.4714
28.0000 27.8478
28.0000 27.3965
28.0000 27.9018
28.0000 28.5964
28.0000 26.7187
28.0000 27.7477
28.0000 27.5687
28.0000 27.6795
28.0000 29.2103
28.0000 27.5308
28.0000 27.8966
28.0000 26.3932
28.0000 27.7337
28.0000 28.2478
28.0000 28.3190
28.0000 29.6989
28.0000 28.3217
28.0000 27.2196
28.0000 28.4533
28.0000 27.6433
28.0000 28.0873
28.0000 27.6854
28.0000 26.8219
28.0000 27.6505
28.0000 27.3899
28.0000 26.9531
28.0000 28.9320
28.0000 27.8246
28.0000 27.2878
28.0000 28.5668
28.0000 27.9556
28.0000 27.8250
28.0000 28.2031
28.0000 27.7628
28.0000 27.3129
28.0000 27.7367
28.0000 28.6250
28.0000 27.2267
28.0000 28.7657
28.0000 27.3882
28.0000 28.6213
28.0000 27.4704
28.0000 28.0018
28.0000 27.6918
28.0000 28.3353
28.0000 26.8385
28.0000 27.3441
28.0000 27.8546
28.0000 27.8217
28.0000 27.8643
28.0000 26.9371
28.0000 28.4225
28.0000 27.9805
28.0000 27.8267
28.0000 28.0898
28.0000 27.6850
28.0000 27.8927
28.0000 28.6432
28.0000 28.9309
28.0000 27.1982
28.0000 28.4799
28.0000 28.2930
28.0000 27.9890
28.0000 27.4774
28.0000 29.3838
28.0000 28.0567
28.0000 28.5280
28.0000 27.6911
28.0000 27.8913
28.0000 26.9921
28.0000 26.9090
28.0000 28.4014
28.0000 28.1935
28.0000 28.6669
28.0000 27.8703
28.0000 28.3315
28.0000 28.2857
28.0000 28.8791
28.0000 27.4345
28.0000 26.9944
28.0000 27.6051
28.0000 27.2965
28.0000 28.1514
28.0000 27.4837
28.0000 28.0478
28.0000 28.3016
28.0000 27.5963
28.0000 28.0637
28.0000 27.2468
28.0000 27.6954
28.0000 28.3110
28.0000 27.9021
28.0000 27.2008
28.0000 27.7086
28.0000 26.7479
28.0000 28.1031
28.0000 28.0691
28.0000 27.2032
28.0000 28.4704
28.0000 27.5944
28.0000 28.1920
28.0000 27.6109
28.0000 28.3771
28.0000 29.2858
28.0000 26.3565
28.0000 27.5070
28.0000 27.7154
28.0000 28.2040
28.0000 26.8822
28.0000 26.8613
28.0000 27.8029
28.0000 27.8545
28.0000 27.7086
28.0000 28.4895
28.0000 28.0047
28.0000 27.0324
28.0000 26.7201
28.0000 27.7621
28.0000 28.9881
28.0000 28.0249
28.0000 27.9250
28.0000 27.2980
28.0000 28.6786
28.0000 27.8439
28.0000 27.5596
28.0000 27.7872
28.0000 27.4004
28.0000 27.7953
28.0000 28.2671
28.0000 26.9976
28.0000 29.0210
28.0000 28.7627
28.0000 28.7466
28.0000 29.3468
28.0000 28.0828
28.0000 27.7860
28.0000 28.5747
28.0000 28.3525
28.0000 27.9436
28.0000 27.6796
28.0000 28.4679
28.0000 26.7598
28.0000 27.4571
28.0000 28.4099
28.0000 28.1944
28.0000 27.5024
28.0000 29.1603
28.0000 28.4771
28.0000 27.3237
28.0000 27.2714
28.0000 27.8541
28.0000 26.8894
28.0000 27.9013
28.0000 28.2905
28.0000 28.2513
28.0000 27.4429
28.0000 27.7633
28.0000 27.2682
28.0000 27.5670
28.0000 28.3631
28.0000 27.4347
28.0000 28.2229
28.0000 27.6573
28.0000 28.6779
28.0000 28.4136
28.0000 28.2667
28.0000 28.2000
28.0000 27.9305
28.0000 27.9390
28.0000 27.5678
28.0000 27.7584
28.0000 28.1027
28.0000 28.3082
28.0000 27.9034
28.0000 27.9435
28.0000 28.8269
28.0000 28.5678
28.0000 28.1192
28.0000 27.6369
28.0000 27.6499
28.0000 28.7839
28.0000 27.7090
28.0000 27.0754
28.0000 26.8989
28.0000 26.5646
28.0000 27.8375
28.0000 27.7943
28.0000 27.2319
28.0000 27.6106
28.0000 27.8440
28.0000 28.3671
28.0000 27.4365
28.0000 27.9218
28.0000 27.7093
28.0000 28.4933
28.0000 27.2624
28.0000 27.4265
28.0000 29.4698
28.0000 29.4928
28.0000 28.0338
28.0000 27.4408
28.0000 27.8829
28.0000 28.6361
28.0000 29.2633
28.0000 28.5908
28.0000 27.6573
28.0000 28.3284
28.0000 28.1657
28.0000 27.3107
28.0000 28.0706
28.0000 27.2660
28.0000 28.3451
28.0000 27.5127
28.0000 27.7543
28.0000 28.0934
28.0000 28.0775
28.0000 27.1074
28.0000 27.2067
28.0000 27.9574
28.0000 28.8455
28.0000 28.3091
28.0000 28.1547
28.0000 28.9854
28.0000 28.4195
28.0000 27.6124
28.0000 29.2639
28.0000 28.2854
28.0000 27.4167
28.0000 27.5269
28.0000 27.4414
28.0000 28.1347
28.0000 28.9870
28.0000 28.3661
28.0000 28.1114
28.0000 27.5782
28.0000 27.4257
28.0000 28.5132
28.0000 27.9009
28.0000 27.7245
28.0000 28.2241
28.0000 28.9475
28.0000 27.6561
28.0000 28.6442
28.0000 27.4219
28.0000 28.1345
28.0000 28.0022
28.0000 27.4742
28.0000 28.5517
28.0000 29.1156
28.0000 28.2914
28.0000 26.9388
28.0000 28.0109
28.0000 27.3326
28.0000 27.8904
28.0000 27.3462
28.0000 28.4046
28.0000 27.1137
28.0000 26.6579
28.0000 28.4709
28.0000 27.2210
28.0000 28.5550
28.0000 27.9440
28.0000 27.5941
28.0000 28.7456
28.0000 26.9971
28.0000 28.3200
28.0000 28.9187
28.0000 27.9796
28.0000 26.8761
28.0000 28.1935
28.0000 28.7162
28.0000 27.9648
28.0000 26.2881
28.0000 28.6695
28.0000 28.1999
28.0000 28.6895
28.0000 28.4838
28.0000 27.8383
28.0000 27.5729
28.0000 27.9859
28.0000 28.1094
28.0000 27.3493
28.0000 27.7971
28.0000 28.0373
28.0000 27.9428
28.0000 27.6813
28.0000 28.1518
28.0000 28.5125
28.0000 26.9915
28.0000 28.6131
28.0000 27.2256
28.0000 27.6576
28.0000 27.0130
28.0000 27.0969
28.0000 28.2507
28.0000 27.9647
28.0000 28.6527
28.0000 27.4923
28.0000 28.6735
28.0000 28.9064
28.0000 27.4124
28.0000 25.9795
28.0000 26.9734
28.0000 27.8739
28.0000 26.7772
28.0000 27.2908
28.0000 27.7988
28.0000 28.6370
28.0000 27.7992
28.0000 27.6622
28.0000 28.0434
28.0000 28.6025
28.0000 26.7551
28.0000 28.7125
28.0000 27.5381
28.0000 28.6986
28.0000 27.6190
28.0000 28.4200
28.0000 27.1118
28.0000 27.0721
28.0000 28.0594
28.0000 28.5273
28.0000 27.2692
28.0000 28.3430
28.0000 27.9341
28.0000 26.6251
28.0000 27.8815
28.0000 27.4878
28.0000 26.6930
28.0000 26.9517
28.0000 26.7102
28.0000 28.8478
28.0000 27.5755
28.0000 27.7696
28.0000 27.6202
28.0000 27.6062
28.0000 27.6633
28.0000 27.8469
28.0000 28.1148
28.0000 27.8549
28.0000 27.5606
28.0000 28.6923
28.0000 27.3406
28.0000 27.9808
28.0000 27.5915
28.0000 29.0779
28.0000 28.8559
28.0000 28.3239
28.0000 27.5795
28.0000 28.9102
28.0000 27.8396
28.0000 26.8575
28.0000 27.0882
28.0000 29.6746
28.0000 28.1004
28.0000 28.8173
28.0000 27.7745
28.0000 28.9829
28.0000 27.6079
28.0000 27.0135
28.0000 27.7499
28.0000 27.4528
28.0000 27.4578
28.0000 27.4907
28.0000 27.5087
28.0000 26.8879
28.0000 28.0787
28.0000 27.9829
28.0000 27.8645
28.0000 28.1395
28.0000 28.3926
28.0000 27.8617
28.0000 27.5956
28.0000 28.1579
28.0000 28.0921
28.0000 27.9525
28.0000 26.8914
28.0000 27.5619
28.0000 28.2716
28.0000 27.6463
28.0000 28.1662
28.0000 28.5189
28.0000 28.0367
28.0000 27.0876
28.0000 27.3387
28.0000 26.8304
28.0000 28.5982
28.0000 28.2766
28.0000 26.4709
28.0000 27.2846
28.0000 26.9300
28.0000 27.0057
28.0000 26.4762
28.0000 28.2491
28.0000 27.6425
28.0000 28.4745
28.0000 26.3311
28.0000 27.1971
28.0000 27.2664
28.0000 27.8845
28.0000 28.5874
28.0000 27.5698
28.0000 28.1871
28.0000 27.4566
28.0000 27.8742
28.0000 28.0595
28.0000 27.5271
28.0000 26.6809
28.0000 27.4939
28.0000 27.9466
28.0000 28.2610
28.0000 28.3719
28.0000 27.8004
28.0000 26.2187
28.0000 27.4247
28.0000 27.6393
28.0000 27.8562
28.0000 27.7076
28.0000 27.2726
28.0000 28.0200
28.0000 28.4344
28.0000 27.9490
28.0000 28.7848
28.0000 27.4852
28.0000 27.5630
28.0000 28.9208
28.0000 28.3579
28.0000 27.9226
28.0000 27.9021
28.0000 28.4924
28.0000 27.2231
28.0000 27.4766
28.0000 28.5362
28.0000 27.8471
28.0000 27.5339
28.0000 27.7131
28.0000 27.8089
28.0000 27.7650
28.0000 27.7755
28.0000 28.2534
28.0000 27.9571
28.0000 27.4897
28.0000 27.4407
28.0000 26.6738
28.0000 27.5987
28.0000 27.3448
28.0000 28.0325
28.0000 28.6268
28.0000 27.7649
28.0000 28.0416
28.0000 28.1199
28.0000 28.3021
28.0000 28.0364
28.0000 28.7252
28.0000 26.5662
28.0000 26.8460
28.0000 28.6322
28.0000 27.9613
28.0000 28.0766
28.0000 26.3058
28.0000 28.0160
28.0000 28.3174
28.0000 27.3881
28.0000 28.9803
28.0000 27.9768
28.0000 27.9588
28.0000 27.9249
28.0000 28.4193
28.0000 27.3334
28.0000 28.0739
28.0000 27.9784
28.0000 26.9404
28.0000 28.0560
28.0000 28.8142
28.0000 27.3634
28.0000 29.1334
28.0000 27.1100
28.0000 28.3941
28.0000 27.3931
28.0000 28.0789
28.0000 28.8811
28.0000 28.1117
28.0000 28.6784
28.0000 27.8095
28.0000 28.3283
28.0000 27.4132
28.0000 28.2258
28.0000 28.1609
28.0000 27.4225
28.0000 28.4908
28.0000 27.6566
28.0000 27.6928
28.0000 28.1417
28.0000 27.6651
28.0000 28.3477
28.0000 27.3353
28.0000 28.0289
28.0000 27.5401
28.0000 27.9710
28.0000 28.6448
28.0000 27.2278
28.0000 27.6823
28.0000 27.3747
28.0000 27.3978
28.0000 26.9242
28.0000 28.0507
28.0000 27.1085
28.0000 27.8229
28.0000 27.1343
28.0000 27.9712
28.0000 27.3653
28.0000 26.5959
28.0000 28.1552
28.0000 27.7643
28.0000 27.8664
28.0000 27.9956
28.0000 27.7016
28.0000 28.2937
28.0000 26.6465
28.0000 28.6287
28.0000 28.5199
28.0000 27.7937
28.0000 28.1648
28.0000 28.3265
28.0000 28.8680
28.0000 28.0297
28.0000 27.0433
28.0000 28.3673
28.0000 27.7675
28.0000 27.7286
28.0000 27.2445
28.0000 27.6400
28.0000 27.1335
28.0000 29.1443
28.0000 27.3277
28.0000 28.8761
28.0000 27.7039
28.0000 28.0030
28.0000 28.4324
28.0000 27.0617
28.0000 27.8166
28.0000 28.5197
28.0000 27.6678
28.0000 28.0522
28.0000 27.5726
28.0000 27.2475
28.0000 27.5981
28.0000 27.0556
28.0000 27.6525
28.0000 27.2145
28.0000 28.3588
28.0000 28.0873
28.0000 28.3643
28.0000 28.0940
28.0000 27.9037
28.0000 28.0644
28.0000 27.5529
28.0000 28.1075
28.0000 29.4315
28.0000 28.2986
28.0000 29.0622
28.0000 27.6521
28.0000 29.2282
28.0000 27.3734
28.0000 28.6896
28.0000 28.0134
28.0000 29.0958
28.0000 27.6501
28.0000 28.5162
28.0000 28.3590
28.0000 28.1230
28.0000 27.6933
28.0000 28.1767
28.0000 27.5013
28.0000 27.9172
28.0000 29.2641
28.0000 27.7190
28.0000 28.2171
28.0000 27.3101
28.0000 28.3319
28.0000 27.9323
28.0000 27.8975
28.0000 27.5814
28.0000 28.2629
28.0000 28.2140
28.0000 28.8862
28.0000 27.9674
28.0000 28.4514
28.0000 28.2420
28.0000 27.0903
28.0000 27.9653
28.0000 28.5952
28.0000 28.6341
28.0000 28.2149
28.0000 27.2912
28.0000 27.8117
28.0000 28.1450
28.0000 28.6534
28.0000 27.9071
28.0000 28.4626
28.0000 27.2596
28.0000 27.8420
28.0000 27.2717
28.0000 27.1842
28.0000 28.4993
28.0000 27.4933
28.0000 28.2709
28.0000 28.3806
28.0000 28.8210
28.0000 27.3888
28.0000 29.7717
28.0000 29.2636
28.0000 28.3370
28.0000 27.4214
28.0000 28.3643
28.0000 27.5613
28.0000 28.1359
28.0000 26.7374
28.0000 28.2178
28.0000 27.2481
28.0000 28.0567
28.0000 27.7064
28.0000 28.5961
28.0000 28.4841
28.0000 28.3104
28.0000 28.2051
28.0000 27.6679
28.0000 28.7450
28.0000 28.0669
28.0000 26.9132
28.0000 28.8459
28.0000 26.7952
28.0000 28.0356
28.0000 27.3209
28.0000 27.0597
28.0000 28.2218
28.0000 28.0977
28.0000 28.0500
28.0000 27.8708
28.0000 29.3047
28.0000 29.2358
28.0000 28.0437
28.0000 26.4371
28.0000 28.0035
28.0000 27.5567
28.0000 27.1710
28.0000 28.0400
28.0000 27.6615
28.0000 27.2722
28.0000 27.8709
28.0000 27.8059
28.0000 27.7287
28.0000 27.5545
28.0000 28.1088
28.0000 27.5267
28.0000 27.4211
28.0000 28.4583
28.0000 27.6229
28.0000 27.9445
28.0000 27.6123
28.0000 27.7637
28.0000 27.5740
28.0000 27.5586
28.0000 28.8712
28.0000 28.8415
28.0000 27.2501
28.0000 27.0727
28.0000 28.0852
28.0000 28.3066
28.0000 27.7438
28.0000 26.7855
28.0000 28.0552
28.0000 27.6202
28.0000 27.2296
28.0000 28.3125
28.0000 28.0279
28.0000 28.9616
28.0000 28.3311
28.0000 28.2889
28.0000 28.1213
28.0000 28.0406
28.0000 28.1220
28.0000 26.3520
28.0000 28.4712
28.0000 28.0025
28.0000 28.0910
28.0000 27.2921
28.0000 27.9160
28.0000 28.7311
28.0000 27.9689
28.0000 27.1665
28.0000 26.7982
28.0000 28.0754
28.0000 28.3017
28.0000 27.2805
28.0000 28.7099
28.0000 27.1471
28.0000 27.1694
28.0000 28.4040
28.0000 28.4961
28.0000 27.7530
28.0000 27.6989
28.0000 28.8385
28.0000 27.9161
28.0000 27.7260
28.0000 28.3784
28.0000 27.7865
28.0000 27.3485
28.0000 28.3979
28.0000 28.5215
28.0000 27.7865
28.0000 27.9781
28.0000 28.2728
28.0000 27.2552
28.0000 27.1213
28.0000 28.0509
28.0000 27.2944
28.0000 27.8090
28.0000 27.0254
28.0000 28.0492
28.0000 26.9991
28.0000 27.8358
28.0000 28.0572
28.0000 28.8553
28.0000 28.0930
28.0000 27.8264
28.0000 27.2638
28.0000 27.5755
28.0000 27.5547
28.0000 27.9554
28.0000 27.6301
28.0000 28.0722
28.0000 27.4731
28.0000 27.6992
28.0000 27.1424
28.0000 28.6049
28.0000 28.9201
28.0000 27.3705
28.0000 27.4918
28.0000 28.8274
28.0000 28.0210
28.0000 28.2019
28.0000 27.9052
28.0000 28.0874
28.0000 28.6938
28.0000 26.8814
28.0000 27.8063
28.0000 28.3622
28.0000 27.8500
28.0000 28.9231
28.0000 27.7939
28.0000 28.3983
28.0000 28.0203
28.0000 28.5685
28.0000 27.3921
28.0000 27.9521
28.0000 27.4735
28.0000 27.8980
28.0000 27.4591
28.0000 27.6613
28.0000 27.8478
28.0000 28.5353
28.0000 27.5982
28.0000 28.0104
28.0000 28.3683
28.0000 27.3881
28.0000 27.3722
28.0000 28.2275
28.0000 27.2750
28.0000 28.0486
28.0000 26.9812
28.0000 29.7906
28.0000 28.2591
28.0000 28.0038
28.0000 27.5189
28.0000 27.7487
28.0000 27.6972
28.0000 26.2634
28.0000 28.4352
28.0000 27.7239
28.0000 28.2254
28.0000 28.2275
28.0000 28.1590
28.0000 28.6668
28.0000 28.0946
28.0000 28.2870
28.0000 28.7958
28.0000 27.8930
28.0000 28.4012
28.0000 28.4787
28.0000 26.8488
28.0000 28.8855
28.0000 27.9191
28.0000 28.3018
28.0000 27.1963
28.0000 27.8863
28.0000 27.8932
28.0000 27.6310
28.0000 27.5140
28.0000 27.3485
28.0000 29.0652
28.0000 27.6550
28.0000 26.8136
28.0000 27.8691
28.0000 27.7171
28.0000 28.5872
28.0000 28.1565
28.0000 28.3395
28.0000 27.5245
28.0000 28.6959
28.0000 27.2305
28.0000 27.1167
28.0000 29.2350
28.0000 27.0882
28.0000 29.2913
28.0000 27.2755
28.0000 27.5483
28.0000 26.8789
28.0000 27.7198
28.0000 27.9122
28.0000 28.2157
28.0000 27.9395
28.0000 28.0043
28.0000 27.3343
28.0000 28.5552
28.0000 27.8269
28.0000 27.5771
28.0000 28.8992
28.0000 27.7941
28.0000 27.4510
28.0000 27.4573
28.0000 28.0920
28.0000 28.0348
28.0000 27.0602
28.0000 28.4915
28.0000 28.2808
28.0000 27.9937
28.0000 28.2503
28.0000 27.1572
28.0000 27.8399
28.0000 28.4487
28.0000 27.7282
28.0000 27.4552
28.0000 26.8319
28.0000 27.6559
28.0000 27.1652
28.0000 27.1109
28.0000 27.6722
28.0000 28.7246
28.0000 27.9005
28.0000 27.0150
28.0000 27.7390
28.0000 26.8436
28.0000 28.1159
28.0000 28.0029
28.0000 28.4205
28.0000 27.8222
28.0000 27.5168
28.0000 27.0015
28.0000 27.6537
28.0000 27.5211
28.0000 27.5656
28.0000 27.1841
28.0000 28.7637
28.0000 27.5818
28.0000 26.9556
28.0000 27.7965
28.0000 27.9898
28.0000 27.7853
28.0000 28.1047
28.0000 28.0646
28.0000 27.9058
28.0000 28.3996
28.0000 27.8040
28.0000 28.6188
28.0000 28.0337
28.0000 28.8638
28.0000 28.2025
28.0000 27.6788
28.0000 27.4130
28.0000 27.9800
28.0000 27.6358
28.0000 27.6596
28.0000 28.9961
28.0000 27.7521
28.0000 27.6200
28.0000 27.3338
28.0000 27.5134
28.0000 27.4295
28.0000 28.1202
28.0000 27.2767
28.0000 28.5124
28.0000 28.3236
28.0000 27.1203
28.0000 28.2629
28.0000 27.0893
28.0000 28.6087
28.0000 28.8108
28.0000 28.4435
28.0000 27.5592
28.0000 27.7158
28.0000 26.1422
28.0000 28.9427
28.0000 27.9629
28.0000 27.4390
28.0000 26.5241
28.0000 27.9927
28.0000 27.8196
28.0000 28.2485
28.0000 28.5952
28.0000 27.5754
28.0000 28.2932
28.0000 27.9751
28.0000 27.9073
28.0000 27.6751
28.0000 28.7673
28.0000 27.5194
28.0000 28.3351
28.0000 28.7861
28.0000 28.4004
28.0000 28.1551
28.0000 28.0523
28.0000 27.9904
28.0000 27.9444
28.0000 27.6426
28.0000 28.3314
28.0000 28.4527
28.0000 28.2389
28.0000 28.8846
28.0000 28.1688
28.0000 27.5814
28.0000 28.8102
28.0000 27.3939
28.0000 28.6464
28.0000 27.3521
28.0000 27.3185
28.0000 28.2267
28.0000 27.6483
28.0000 29.2147
28.0000 26.7926
28.0000 28.3585
28.0000 28.6917
28.0000 27.9836
28.0000 28.6633
28.0000 27.5931
28.0000 26.3121
28.0000 28.2040
28.0000 27.5177
28.0000 25.7973
28.0000 27.1491
28.0000 27.6638
28.0000 27.8633
28.0000 28.0819
28.0000 28.5758
28.0000 27.9847
28.0000 27.0435
28.0000 28.1175
28.0000 27.2062
28.0000 27.8009
28.0000 28.2769
28.0000 27.0155
28.0000 27.2336
28.0000 27.5785
28.0000 28.6175
28.0000 27.3582
28.0000 28.7782
28.0000 28.1360
28.0000 28.1385
28.0000 27.7957
28.0000 27.2075
28.0000 27.5622
28.0000 26.7866
28.0000 27.2255
28.0000 27.5592
28.0000 27.4830
28.0000 28.1879
28.0000 28.0593
28.0000 27.9721
28.0000 28.5411
28.0000 27.5354
28.0000 28.5816
28.0000 28.2753
28.0000 28.2023
28.0000 28.0670
28.0000 26.8534
28.0000 28.3641
28.0000 27.0806
28.0000 27.6636
28.0000 27.9713
28.0000 27.6387
28.0000 28.1682
28.0000 27.9451
28.0000 29.3629
28.0000 28.3212
28.0000 26.9224
28.0000 27.8048
28.0000 28.2259
28.0000 28.5144
28.0000 28.2639
28.0000 28.0735
28.0000 27.5770
28.0000 28.8273
28.0000 27.9778
28.0000 27.5536
28.0000 26.6337
28.0000 28.1130
28.0000 27.1993
28.0000 28.9092
28.0000 25.8739
28.0000 28.3266
28.0000 27.4374
28.0000 27.0991
28.0000 28.5556
28.0000 29.2543
28.0000 28.3785
28.0000 28.0704
28.0000 28.4288
28.0000 28.2254
28.0000 27.3231
28.0000 28.0134
28.0000 27.6491
28.0000 29.1271
28.0000 27.9005
28.0000 27.9093
28.0000 28.0366
28.0000 27.9569
28.0000 28.5710
28.0000 29.1149
28.0000 28.3024
28.0000 27.0134
28.0000 27.9874
28.0000 28.1940
28.0000 28.5582
28.0000 28.0926
28.0000 27.8772
28.0000 28.5181
28.0000 26.8929
28.0000 27.6651
28.0000 27.2900
28.0000 28.1244
28.0000 27.4386
28.0000 27.7405
28.0000 29.4086
28.0000 28.3869
28.0000 29.2734
28.0000 27.9628
28.0000 28.3606
28.0000 28.4350
28.0000 28.0951
28.0000 28.3989
28.0000 27.9703
28.0000 28.2184
28.0000 27.6791
28.0000 28.4947
28.0000 28.8788
28.0000 27.5475
28.0000 27.6021
28.0000 26.6442
28.0000 27.6126
28.0000 27.0491
28.0000 27.5009
28.0000 27.3014
28.0000 27.2331
28.0000 26.9463
28.0000 26.9886
28.0000 28.3915
28.0000 28.2742
28.0000 28.5075
28.0000 27.7046
28.0000 27.5223
28.0000 27.8741
28.0000 27.6040
28.0000 27.2181
28.0000 27.2457
28.0000 26.7046
28.0000 27.1816
28.0000 27.7047
28.0000 29.0255
28.0000 27.3656
28.0000 27.8198
28.0000 27.5053
28.0000 27.7024
28.0000 28.2057
28.0000 27.9234
28.0000 27.2176
28.0000 26.5098
28.0000 27.2967
28.0000 26.3154
28.0000 27.6670
28.0000 27.2941
28.0000 28.6788
28.0000 27.3168
28.0000 27.8541
28.0000 27.6828
28.0000 28.2928
28.0000 28.6165
28.0000 28.7655
28.0000 28.0407
28.0000 28.1756
28.0000 28.3948
28.0000 28.5093
28.0000 27.7150
28.0000 28.1606
28.0000 27.5680
28.0000 27.8274
28.0000 28.4721
28.0000 28.8110
28.0000 28.2464
28.0000 26.7484
28.0000 28.1419
28.0000 27.9851
28.0000 28.2430
28.0000 28.6483
28.0000 27.5904
28.0000 28.2579
28.0000 27.9395
28.0000 28.5296
28.0000 27.5431
28.0000 27.5033
28.0000 28.1765
28.0000 28.4364
28.0000 29.2241
28.0000 27.6529
28.0000 27.4102
28.0000 28.2402
28.0000 28.7021
28.0000 27.7618
28.0000 27.9119
28.0000 27.0232
28.0000 28.9482
28.0000 28.2877
28.0000 27.7079
28.0000 27.8758
28.0000 28.4359
28.0000 27.7818
28.0000 27.5175
28.0000 28.5286
28.0000 28.1945
28.0000 27.8602
28.0000 26.7685
28.0000 27.2742
28.0000 26.7881
28.0000 28.4829
28.0000 27.0993
28.0000 26.9465
28.0000 28.0672
28.0000 28.8206
28.0000 26.6101
28.0000 28.1402
28.0000 27.2327
28.0000 27.3608
28.0000 28.1298
28.0000 28.1717
28.0000 28.2416
28.0000 28.9286
28.0000 28.8752
28.0000 28.1486
28.0000 27.3233
28.0000 26.3501
28.0000 28.1335
28.0000 27.7501
28.0000 26.6269
28.0000 28.6945
28.0000 28.2395
28.0000 27.9441
28.0000 27.8716
28.0000 27.3800
28.0000 28.6441
28.0000 28.8955
28.0000 27.5278
28.0000 27.3681
28.0000 27.5453
28.0000 27.5806
28.0000 29.0342
28.0000 28.0116
28.0000 28.4677
28.0000 27.7559
28.0000 27.8379
28.0000 28.5210
28.0000 29.0037
28.0000 28.1332
28.0000 27.8541
28.0000 28.4433
28.0000 27.4513
28.0000 26.6796
28.0000 28.5100
28.0000 27.1109
28.0000 25.8027
28.0000 27.9255
28.0000 28.2021
28.0000 27.4101
28.0000 27.8564
28.0000 28.2912
28.0000 26.7458
28.0000 28.1545
28.0000 27.3046
28.0000 27.1379
28.0000 27.2107
28.0000 28.1660
28.0000 28.1592
28.0000 27.8571
28.0000 27.4693
28.0000 27.7978
28.0000 27.1351
28.0000 27.4406
28.0000 27.9319
28.0000 27.7634
28.0000 28.3262
28.0000 28.1119
28.0000 28.5499
28.0000 27.5206
28.0000 28.2376
28.0000 28.0944
28.0000 27.3442
28.0000 27.6636
28.0000 27.1867
28.0000 27.8577
28.0000 27.6804
28.0000 27.3455
28.0000 28.6023
28.0000 27.6781
28.0000 27.8222
28.0000 26.8686
28.0000 28.6104
28.0000 27.8756
28.0000 28.1257
28.0000 27.1615
28.0000 28.8259
28.0000 27.4878
28.0000 27.4589
28.0000 28.1174
28.0000 27.1948
28.0000 27.8623
28.0000 27.2789
28.0000 27.0876
28.0000 27.5580
28.0000 29.0027
28.0000 27.9606
28.0000 28.3520
28.0000 27.4435
28.0000 28.0987
28.0000 28.1785
28.0000 28.1435
28.0000 27.4309
28.0000 27.8685
28.0000 27.5577
28.0000 28.9206
28.0000 27.8748
28.0000 27.6621
28.0000 28.7547
28.0000 28.7708
28.0000 28.0340
28.0000 27.4250
28.0000 27.5834
28.0000 27.4317
28.0000 27.1681
28.0000 27.6510
28.0000 27.7696
28.0000 28.0607
28.0000 28.0334
28.0000 28.1070
28.0000 28.2438
28.0000 26.4950
28.0000 28.1216
28.0000 27.6875
28.0000 27.6740
28.0000 27.4729
28.0000 27.6848
28.0000 27.9388
28.0000 28.1357
28.0000 28.1310
28.0000 26.8628
28.0000 28.8120
28.0000 27.5234
28.0000 27.1333
28.0000 29.1884
28.0000 28.3004
28.0000 27.6636
28.0000 28.4742
28.0000 27.6197
28.0000 26.8275
28.0000 27.0688
28.0000 27.6790
28.0000 26.5873
28.0000 27.1793
28.0000 27.6742
28.0000 29.0376
28.0000 28.3222
28.0000 28.2047
28.0000 28.5265
28.0000 27.8385
28.0000 28.0266
28.0000 27.5352
28.0000 26.7884
28.0000 27.2641
28.0000 27.1911
28.0000 27.3316
28.0000 27.7342
28.0000 26.4980
28.0000 28.3006
28.0000 28.1682
28.0000 26.7832
28.0000 29.3051
28.0000 27.3130
28.0000 27.7839
28.0000 28.0336
28.0000 27.1375
28.0000 28.2825
28.0000 27.2548
28.0000 27.5992
28.0000 28.6286
28.0000 27.8676
28.0000 28.5570
28.0000 27.4155
28.0000 27.7346
28.0000 26.9310
28.0000 27.3250
28.0000 27.7336
28.0000 27.5350
28.0000 27.7512
28.0000 28.2265
28.0000 27.7033
28.0000 28.0713
28.0000 27.9157
28.0000 28.8897
28.0000 28.5805
28.0000 28.0221
28.0000 26.5381
28.0000 27.8152
28.0000 27.8797
28.0000 27.3267
28.0000 27.7739
28.0000 27.3643
28.0000 29.5608
28.0000 28.2206
28.0000 28.0357
28.0000 28.0450
28.0000 27.7152
28.0000 27.1123
28.0000 28.5438
28.0000 27.4823
28.0000 27.3943
28.0000 27.9874
28.0000 26.3409
28.0000 27.5988
28.0000 27.5517
28.0000 27.2970
28.0000 27.2548
28.0000 27.9610
28.0000 27.0834
28.0000 27.9224
28.0000 27.3913
28.0000 28.6876
28.0000 28.4545
28.0000 27.7542
28.0000 29.3726
28.0000 27.8552
28.0000 27.9482
28.0000 27.2808
28.0000 27.3657
28.0000 27.9070
28.0000 27.4444
28.0000 27.7066
28.0000 27.5093
28.0000 27.5992
28.0000 27.7032
28.0000 28.4940
28.0000 27.8827
28.0000 27.5164
28.0000 27.9477
28.0000 28.5521
28.0000 27.2195
28.0000 28.0574
28.0000 29.2348
28.0000 28.6574
28.0000 28.7517
28.0000 27.0836
28.0000 27.4129
28.0000 27.1387
28.0000 27.2792
28.0000 26.8846
28.0000 27.6958
28.0000 28.0080
28.0000 28.6899
28.0000 27.5411
28.0000 28.5875
28.0000 27.5746
28.0000 28.4535
28.0000 27.9795
28.0000 27.3127
28.0000 27.5458
28.0000 28.4083
28.0000 27.6978
28.0000 28.6890
28.0000 28.0652
28.0000 26.8004
28.0000 28.2842
28.0000 28.4554
28.0000 28.3912
28.0000 28.4304
28.0000 28.2307
28.0000 27.9980
28.0000 28.4050
28.0000 28.2392
28.0000 29.1548
28.0000 27.3176
28.0000 28.2061
28.0000 28.6096
28.0000 27.0610
28.0000 28.2713
28.0000 28.5222
28.0000 27.0829
28.0000 28.1394
28.0000 28.8324
28.0000 28.9626
28.0000 27.7751
28.0000 27.0453
28.0000 28.6543
28.0000 27.7949
28.0000 27.7471
28.0000 27.2667
28.0000 26.9979
28.0000 27.8378
28.0000 28.5256
28.0000 27.8544
28.0000 27.9342
28.0000 28.2840
28.0000 28.2789
28.0000 29.7784
28.0000 28.4701
28.0000 28.3153
28.0000 28.6483
28.0000 27.6494
28.0000 28.1615
28.0000 28.4180
28.0000 28.2160
28.0000 27.1668
28.0000 28.1917
28.0000 28.6387
28.0000 28.5447
28.0000 27.9087
28.0000 28.0412
28.0000 27.5628
28.0000 26.2417
28.0000 28.5890
28.0000 27.5230
28.0000 26.9802
28.0000 28.1695
28.0000 28.4427
28.0000 27.8861
28.0000 28.2484
28.0000 27.8930
28.0000 27.5318
28.0000 27.6185
28.0000 28.6620
28.0000 28.4045
28.0000 28.3611
28.0000 27.7986
28.0000 29.2080
28.0000 28.5951
28.0000 28.0977
28.0000 27.7278
28.0000 29.0894
28.0000 28.4722
28.0000 29.6744
28.0000 27.6138
28.0000 27.8129
28.0000 27.3127
28.0000 28.0321
28.0000 27.6039
28.0000 27.2392
28.0000 27.5480
28.0000 27.2002
28.0000 27.9977
28.0000 27.8581
28.0000 27.9577
28.0000 28.0247
28.0000 27.2164
28.0000 27.4472
28.0000 26.8832
28.0000 28.2785
28.0000 28.4045
28.0000 27.2512
28.0000 28.4289
28.0000 28.6497
28.0000 27.7405
28.0000 28.1673
28.0000 28.5899
28.0000 28.3181
28.0000 27.6294
28.0000 28.1737
28.0000 28.6760
28.0000 27.2458
28.0000 27.1908
28.0000 28.8090
28.0000 28.6839
28.0000 27.8946
28.0000 28.0838
28.0000 27.7603
28.0000 27.7448
28.0000 27.1572
28.0000 27.9878
28.0000 28.4602
28.0000 27.5502
28.0000 27.7638
28.0000 27.2242
28.0000 27.0906
28.0000 28.8432
28.0000 27.1124
28.0000 28.1645
28.0000 28.4697
28.0000 27.8951
28.0000 26.8217
28.0000 27.4773
28.0000 27.2980
28.0000 28.8759
28.0000 28.2096
28.0000 27.7459
28.0000 27.9372
28.0000 28.0723
28.0000 27.9933
28.0000 26.9679
28.0000 27.2166
28.0000 28.7733
28.0000 27.6874
28.0000 27.7131
28.0000 28.5161
28.0000 27.9731
28.0000 27.8422
28.0000 27.5139
28.0000 27.5704
28.0000 26.9747
28.0000 27.5482
28.0000 28.6713
28.0000 27.8860
28.0000 27.0140
28.0000 28.4456
28.0000 27.7401
28.0000 27.2467
28.0000 28.0748
28.0000 28.1923
28.0000 27.3042
28.0000 28.5656
28.0000 27.4623
28.0000 27.6818
28.0000 27.6631
28.0000 28.3797
28.0000 26.4223
28.0000 27.2406
28.0000 28.3636
28.0000 28.0767
28.0000 28.3348
28.0000 27.5843
28.0000 27.7165
28.0000 26.5737
28.0000 26.5676
28.0000 26.9040
28.0000 27.9982
28.0000 27.4097
28.0000 29.0369
28.0000 28.4385
28.0000 27.5198
28.0000 27.9223
28.0000 28.1341
28.0000 27.7072
28.0000 29.5168
28.0000 28.1155
28.0000 27.2715
28.0000 28.1674
28.0000 27.8854
28.0000 26.9041
28.0000 26.9807
28.0000 27.9828
28.0000 26.8356
28.0000 27.8622
28.0000 28.5662
28.0000 27.3296
28.0000 28.2832
28.0000 27.8734
28.0000 28.1598
28.0000 28.2710
28.0000 28.6030
28.0000 27.1906
28.0000 27.8057
28.0000 27.1565
28.0000 29.8305
28.0000 27.7749
28.0000 28.5823
28.0000 26.6193
28.0000 27.4422
28.0000 27.7677
28.0000 27.6227
28.0000 28.0008
28.0000 28.1914
28.0000 27.0030
28.0000 27.7925
28.0000 29.0067
28.0000 26.9429
28.0000 28.1201
28.0000 27.5996
28.0000 27.2973
28.0000 29.8208
28.0000 28.1593
28.0000 27.5557
28.0000 28.3619
28.0000 28.5086
28.0000 28.5986
28.0000 27.8548
28.0000 26.8085
28.0000 28.6384
28.0000 27.7554
28.0000 27.7502
28.0000 28.6051
28.0000 27.7390
28.0000 28.1279
28.0000 27.7311
28.0000 27.9229
28.0000 28.3196
28.0000 27.9137
28.0000 27.9060
28.0000 27.0811
28.0000 26.8871
28.0000 29.3944
28.0000 27.6540
28.0000 27.8642
28.0000 28.2406
28.0000 28.2378
28.0000 27.7940
28.0000 27.9662
28.0000 27.8771
28.0000 27.3924
28.0000 27.9153
28.0000 26.7686
28.0000 26.7606
28.0000 27.4128
28.0000 27.6824
28.0000 27.7828
28.0000 28.9503
28.0000 27.8563
28.0000 28.7014
28.0000 26.7403
28.0000 28.2771
28.0000 28.2119
28.0000 27.3740
28.0000 28.0273
28.0000 27.1043
28.0000 28.3883
28.0000 27.4625
28.0000 26.4373
28.0000 26.8827
28.0000 27.9023
28.0000 26.8665
28.0000 27.6907
28.0000 28.6131
28.0000 27.8130
28.0000 28.6462
28.0000 26.8078
28.0000 28.1954
28.0000 28.4218
28.0000 27.3295
28.0000 28.1258
28.0000 27.4464
28.0000 27.4121
28.0000 28.6392
28.0000 27.8951
28.0000 28.2015
28.0000 27.5333
28.0000 27.4127
28.0000 27.6175
28.0000 26.6988
28.0000 27.1171
28.0000 28.6763
28.0000 27.3450
28.0000 28.6280
28.0000 28.0235
28.0000 28.9606
28.0000 27.3120
28.0000 28.0607
28.0000 27.8918
28.0000 29.0137
28.0000 28.3416
28.0000 27.6691
28.0000 28.2003
28.0000 27.7540
28.0000 28.5672
28.0000 28.0117
28.0000 28.6813
28.0000 28.7735
28.0000 28.8331
28.0000 27.8407
28.0000 27.3079
28.0000 28.6186
28.0000 26.4172
28.0000 28.6587
28.0000 28.4086
28.0000 28.4588
28.0000 28.1184
28.0000 28.7217
28.0000 27.6509
28.0000 27.7828
28.0000 27.9187
28.0000 28.0954
28.0000 27.6184
28.0000 26.5002
28.0000 27.2533
28.0000 27.7946
28.0000 28.5746
28.0000 27.8756
28.0000 27.3417
28.0000 28.0119
28.0000 27.2208
28.0000 28.0735
28.0000 28.9323
28.0000 27.8666
28.0000 27.1993
28.0000 27.1393
28.0000 27.2338
28.0000 27.5613
28.0000 28.8098
28.0000 27.6213
28.0000 28.1728
28.0000 28.0224
28.0000 27.7446
28.0000 27.5450
28.0000 27.8707
28.0000 28.9902
28.0000 27.6975
28.0000 27.4642
28.0000 28.3909
28.0000 28.8502
28.0000 27.3618
28.0000 27.1143
28.0000 26.8769
28.0000 28.5662
28.0000 27.4123
28.0000 27.7743
28.0000 26.9118
28.0000 27.5918
28.0000 28.4489
28.0000 28.1304
28.0000 28.1226
28.0000 27.6024
28.0000 27.6385
28.0000 28.1104
28.0000 28.4039
28.0000 28.6346
28.0000 26.9383
28.0000 27.0351
28.0000 27.7638
28.0000 27.9448
28.0000 27.2934
28.0000 27.6308
28.0000 28.0223
28.0000 27.4079
28.0000 27.9925
28.0000 27.6996
28.0000 27.2343
28.0000 28.4311
28.0000 28.5634
28.0000 28.8265
28.0000 28.9723
28.0000 28.1994
28.0000 28.1116
28.0000 27.9773
28.0000 27.1911
28.0000 29.2446
28.0000 28.6147
28.0000 28.5785
28.0000 27.7430
28.0000 27.1987
28.0000 28.4432
28.0000 27.5042
28.0000 28.1373
28.0000 28.2909
28.0000 28.3180
28.0000 28.9103
28.0000 27.5043
28.0000 28.4840
28.0000 27.9796
28.0000 27.9081
28.0000 28.4242
28.0000 28.5545
28.0000 28.3397
28.0000 26.8554
28.0000 28.1372
28.0000 28.4808
28.0000 28.0949
28.0000 27.1432
28.0000 28.2045
28.0000 28.2816
28.0000 28.8318
28.0000 28.6708
28.0000 25.7280
28.0000 27.3714
28.0000 27.4179
28.0000 27.9381
28.0000 28.7479
28.0000 29.0322
28.0000 27.9541
28.0000 27.7824
28.0000 27.8532
28.0000 28.1582
28.0000 28.0504
28.0000 28.6982
28.0000 27.7980
28.0000 27.2208
28.0000 28.1187
28.0000 28.3368
28.0000 28.5151
28.0000 28.6301
28.0000 28.0702
28.0000 27.5259
28.0000 26.6215
28.0000 27.2571
28.0000 29.1835
28.0000 28.6175
28.0000 28.0712
28.0000 27.5337
28.0000 28.4060
28.0000 28.9942
28.0000 28.4222
28.0000 29.0902
28.0000 28.9857
28.0000 27.7316
28.0000 28.0984
28.0000 27.9134
28.0000 27.4747
28.0000 28.4449
28.0000 27.0040
28.0000 27.6097
28.0000 27.9202
28.0000 27.1776
28.0000 27.0077
28.0000 28.5275
28.0000 28.1462
28.0000 28.7196
28.0000 28.2871
28.0000 27.5451
28.0000 27.9963
28.0000 26.9707
28.0000 28.1776
28.0000 27.5313
28.0000 27.3785
28.0000 27.3008
28.0000 27.0757
28.0000 27.8303
28.0000 27.6520
28.0000 27.4311
28.0000 28.1754
28.0000 28.2494
28.0000 27.0019
28.0000 27.2168
28.0000 26.6738
28.0000 27.8087
28.0000 28.8072
28.0000 27.2731
28.0000 28.0379
28.0000 28.2624
28.0000 28.0095
28.0000 27.5863
28.0000 28.0434
28.0000 27.3510
28.0000 27.5767
28.0000 28.0181
28.0000 28.5724
28.0000 26.9860
28.0000 27.6568
28.0000 26.9488
28.0000 26.9495
28.0000 27.0482
28.0000 29.2009
28.0000 28.0526
28.0000 27.7833
28.0000 27.7767
28.0000 28.3140
28.0000 27.7472
28.0000 27.7834
28.0000 27.8821
28.0000 27.6860
28.0000 28.6298
28.0000 27.8479
28.0000 27.8738
28.0000 26.6284
28.0000 27.7230
28.0000 28.3327
28.0000 27.9013
28.0000 28.2380
28.0000 27.6606
28.0000 28.9409
28.0000 28.2012
28.0000 27.8894
28.0000 27.6244
28.0000 27.5258
28.0000 28.9665
28.0000 28.7589
28.0000 28.5148
28.0000 28.1639
28.0000 28.3491
28.0000 27.4542
28.0000 28.1633
28.0000 28.1474
28.0000 27.4816
28.0000 28.8913
28.0000 27.8262
28.0000 27.0920
28.0000 27.0169
28.0000 28.5026
28.0000 29.0982
28.0000 28.5191
28.0000 27.2875
28.0000 28.0737
28.0000 26.5686
28.0000 27.2333
28.0000 28.3528
28.0000 28.4784
28.0000 27.7607
28.0000 28.3929
28.0000 27.9768
28.0000 29.3857
28.0000 27.7463
28.0000 27.5883
28.0000 27.3371
28.0000 28.8102
28.0000 28.3106
28.0000 28.4310
28.0000 28.6784
28.0000 27.4316
28.0000 26.6388
28.0000 28.3606
28.0000 27.7581
28.0000 26.9790
28.0000 27.7069
28.0000 27.3477
28.0000 28.3819
28.0000 27.5106
28.0000 27.6207
28.0000 27.2823
28.0000 27.8132
28.0000 28.2566
28.0000 28.5175
28.0000 27.3654
28.0000 28.5181
28.0000 27.5469
28.0000 27.1624
28.0000 27.3346
28.0000 28.3944
28.0000 28.4018
28.0000 27.1776
28.0000 27.4602
28.0000 27.9247
28.0000 28.0619
28.0000 28.0122
28.0000 28.0706
28.0000 27.7342
28.0000 28.0434
28.0000 27.9383
28.0000 28.7077
28.0000 27.5133
28.0000 27.4770
28.0000 28.4474
28.0000 27.6795
28.0000 27.9033
28.0000 27.6064
28.0000 27.9766
28.0000 27.7349
28.0000 28.4031
28.0000 28.1262
28.0000 27.4664
28.0000 28.1473
28.0000 27.8475
28.0000 26.9627
28.0000 28.3483
28.0000 26.9909
28.0000 28.5566
28.0000 27.2445
28.0000 28.1761
28.0000 28.3394
28.0000 28.0163
28.0000 27.5803
28.0000 26.6250
28.0000 26.4824
28.0000 27.4449
28.0000 27.6279
28.0000 27.6099
28.0000 27.0638
28.0000 27.8188
28.0000 27.0646
28.0000 26.9757
28.0000 27.8942
28.0000 27.3133
28.0000 28.3611
28.0000 28.2107
28.0000 27.1715
28.0000 27.8002
28.0000 27.0138
28.0000 28.3054
28.0000 27.1532
28.0000 28.2656
28.0000 27.6936
28.0000 28.8282
28.0000 27.7559
28.0000 26.9552
28.0000 27.6757
28.0000 28.3552
28.0000 28.3534
28.0000 27.2234
28.0000 28.3933
28.0000 28.3732
28.0000 28.6680
28.0000 27.4952
28.0000 28.3172
28.0000 28.7363
28.0000 28.4260
28.0000 27.5293
28.0000 26.4940
28.0000 28.3926
28.0000 27.8208
28.0000 28.0099
28.0000 28.1414
28.0000 27.1562
28.0000 28.2143
28.0000 27.2917
28.0000 27.9260
28.0000 27.8224
28.0000 28.1794
28.0000 27.9175
28.0000 28.0867
28.0000 27.3233
28.0000 28.3634
28.0000 28.1765
28.0000 27.2560
28.0000 28.5695
28.0000 27.6442
28.0000 27.2501
28.0000 28.4357
28.0000 27.9349
28.0000 26.8427
28.0000 27.5082
28.0000 27.7897
28.0000 27.4479
28.0000 27.4689
28.0000 28.5026
28.0000 28.1437
28.0000 27.0339
28.0000 27.6984
28.0000 27.1851
28.0000 28.0741
28.0000 28.5022
28.0000 28.2415
28.0000 28.5156
28.0000 28.5511
28.0000 27.2862
28.0000 27.6976
28.0000 27.1280
28.0000 26.8703
28.0000 28.5045
28.0000 28.3409
28.0000 28.3294
28.0000 27.2468
28.0000 28.4216
28.0000 27.7566
28.0000 27.9073
28.0000 29.0375
28.0000 28.4282
28.0000 27.5406
28.0000 28.9017
28.0000 28.9673
28.0000 27.9188
28.0000 27.3386
28.0000 27.0098
28.0000 29.0025
28.0000 27.9326
28.0000 27.7626
28.0000 28.1217
28.0000 27.6373
28.0000 28.5951
28.0000 29.0476
28.0000 28.1426
28.0000 28.7783
28.0000 27.6589
28.0000 27.8947
28.0000 28.8370
28.0000 28.0956
28.0000 27.7534
28.0000 27.1699
28.0000 28.2659
28.0000 29.1521
28.0000 28.8181
28.0000 28.0246
28.0000 27.8579
28.0000 27.8874
28.0000 26.7217
28.0000 27.6496
28.0000 28.4850
28.0000 28.2936
28.0000 27.8675
28.0000 28.2609
28.0000 29.2734
28.0000 28.4735
28.0000 28.3807
28.0000 28.4402
28.0000 27.1878
28.0000 28.6472
28.0000 27.2339
28.0000 28.1069
28.0000 28.5155
28.0000 27.9838
28.0000 27.2119
28.0000 28.9680
28.0000 27.4210
28.0000 27.7064
28.0000 28.5013
28.0000 27.5195
28.0000 27.4966
28.0000 28.3951
28.0000 27.9877
28.0000 28.0147
28.0000 27.8072
28.0000 28.1908
28.0000 27.2721
28.0000 28.3656
28.0000 28.2489
28.0000 27.7714
28.0000 27.9336
28.0000 27.5352
28.0000 28.3348
28.0000 26.9596
28.0000 27.6295
28.0000 27.9422
28.0000 27.3312
28.0000 28.7610
28.0000 27.8708
28.0000 27.6052
28.0000 26.8949
28.0000 27.4960
28.0000 27.1966
28.0000 27.8437
28.0000 28.3474
28.0000 27.5392
28.0000 27.6008
28.0000 28.0272
28.0000 28.5902
28.0000 28.1722
28.0000 27.9558
28.0000 28.1907
28.0000 28.7838
28.0000 27.7797
28.0000 27.5309
28.0000 28.6111
28.0000 28.7731
28.0000 27.2389
28.0000 27.8649
28.0000 28.1664
28.0000 26.9273
28.0000 27.3256
28.0000 28.3273
28.0000 26.5478
28.0000 28.4463
28.0000 28.5790
28.0000 28.2134
28.0000 28.2072
28.0000 27.0172
28.0000 28.0964
28.0000 26.6379
28.0000 27.1666
28.0000 27.6422
28.0000 27.3880
28.0000 28.4094
28.0000 28.0411
28.0000 27.8248
28.0000 27.5277
28.0000 28.3566
28.0000 27.7239
28.0000 28.0010
28.0000 28.6696
28.0000 28.6949
28.0000 28.7765
28.0000 28.3009
28.0000 26.9090
28.0000 27.7625
28.0000 28.1172
28.0000 27.5512
28.0000 28.8571
28.0000 27.3110
28.0000 28.0623
28.0000 27.4761
28.0000 28.6292
28.0000 27.9344
28.0000 28.0478
28.0000 28.1747
28.0000 28.0956
28.0000 28.3312
28.0000 27.9891
28.0000 27.5693
28.0000 27.5538
28.0000 29.6173
28.0000 28.0396
28.0000 27.5892
28.0000 27.3537
28.0000 27.3538
28.0000 28.0376
28.0000 27.9006
28.0000 29.1407
28.0000 27.7389
28.0000 27.4385
28.0000 27.5858
28.0000 27.4248
28.0000 27.6418
28.0000 27.6204
28.0000 28.3822
28.0000 27.5916
28.0000 27.1959
28.0000 27.6905
28.0000 28.0335
28.0000 26.8642
28.0000 27.6716
28.0000 27.5494
28.0000 26.9359
28.0000 28.9706
28.0000 27.0361
28.0000 28.3081
28.0000 27.9163
28.0000 28.0675
28.0000 28.7248
28.0000 27.8703
28.0000 26.7604
28.0000 29.0322
28.0000 28.6739
28.0000 28.5792
28.0000 28.0985
28.0000 28.3349
28.0000 28.0320
28.0000 26.9355
28.0000 27.4975
28.0000 27.9682
28.0000 27.5817
28.0000 28.0424
28.0000 28.3285
28.0000 27.8610
28.0000 27.6301
28.0000 27.4604
28.0000 28.0897
28.0000 27.6079
28.0000 28.5325
28.0000 27.8577
28.0000 27.2130
28.0000 27.0600
28.0000 27.8129
28.0000 27.5788
28.0000 27.6789
28.0000 26.5975
28.0000 27.9562
28.0000 28.6713
28.0000 27.5383
28.0000 27.9974
28.0000 29.3206
28.0000 28.4789
28.0000 27.5274
28.0000 27.9499
28.0000 27.6393
28.0000 27.4144
28.0000 28.0280
28.0000 27.8584
28.0000 28.3068
28.0000 28.7504
28.0000 26.8603
28.0000 27.4910
28.0000 27.5607
28.0000 27.2803
28.0000 28.0857
28.0000 28.3912
28.0000 27.3347
28.0000 28.1278
28.0000 28.8748
28.0000 28.5741
28.0000 27.6075
28.0000 27.7311
28.0000 27.5322
28.0000 28.5780
