29.0000 29.6774
29.0000 28.5803
29.0000 28.2599
29.0000 29.3069
29.0000 29.1258
29.0000 29.9491
29.0000 27.4111
29.0000 28.3502
29.0000 28.4375
29.0000 28.7080
29.0000 29.1333
29.0000 27.8348
29.0000 29.4078
29.0000 29.0560
29.0000 29.7673
29.0000 29.1658
29.0000 28.5117
29.0000 29.0756
29.0000 28.6431
29.0000 28.4146
29.0000 29.0537
29.0000 28.3896
29.0000 28.3809
29.0000 27.9054
29.0000 28.6769
29.0000 29.8542
29.0000 27.1640
29.0000 28.9139
29.0000 29.5668
29.0000 28.6505
29.0000 29.2224
29.0000 29.1565
29.0000 28.0024
29.0000 28.7002
29.0000 28.8181
29.0000 28.8852
29.0000 29.2222
29.0000 29.7607
29.0000 28.0456
29.0000 28.0944
29.0000 28.6497
29.0000 28.8478
29.0000 30.1143
29.0000 28.8015
29.0000 29.4355
29.0000 27.6913
29.0000 28.9384
29.0000 29.0146
29.0000 29.5109
29.0000 27.2145
29.0000 28.2406
29.0000 27.9505
29.0000 28.1226
29.0000 28.9362
29.0000 28.3410
29.0000 28.6085
29.0000 29.4609
29.0000 29.3708
29.0000 28.7286
29.0000 29.6845
29.0000 29.3903
29.0000 28.2564
29.0000 28.8022
29.0000 28.8350
29.0000 29.5323
29.0000 29.3982
29.0000 28.8657
29.0000 28.1957
29.0000 28.5670
29.0000 28.2632
29.0000 28.6592
29.0000 29.5504
29.0000 29.1844
29.0000 29.2154
29.0000 29.4320
29.0000 29.8485
29.0000 29.5531
29.0000 28.5596
29.0000 28.7239
29.0000 28.8836
29.0000 28.7761
29.0000 29.2340
29.0000 28.6950
29.0000 29.6196
29.0000 28.7321
29.0000 29.1696
29.0000 29.9288
29.0000 28.6262
29.0000 28.0576
29.0000 28.9383
29.0000 28.3120
29.0000 29.4844
29.0000 28.8330
29.0000 28.5185
29.0000 29.3749
29.0000 27.8711
29.0000 28.8102
29.0000 28.4606
29.0000 28.3240
29.0000 29.0789
29.0000 27.8216
29.0000 28.1644
29.0000 28.0083
29.0000 29.2402
29.0000 28.9535
29.0000 29.1554
29.0000 29.3177
29.0000 29.8900
29.0000 28.6428
29.0000 30.1833
29.0000 28.3934
29.0000 29.0727
29.0000 27.5771
29.0000 29.0285
29.0000 28.9665
29.0000 28.2726
29.0000 29.0076
29.0000 29.1699
29.0000 28.6782
29.0000 28.2941
29.0000 29.1758
29.0000 28.4134
29.0000 29.8486
29.0000 28.8349
29.0000 28.0904
29.0000 29.6709
29.0000 29.6204
29.0000 29.8527
29.0000 29.0981
29.0000 29.3346
29.0000 28.8228
29.0000 29.1144
29.0000 29.0651
29.0000 29.2432
29.0000 28.6677
29.0000 29.3691
29.0000 28.9604
29.0000 29.0723
29.0000 28.6507
29.0000 28.1641
29.0000 29.5678
29.0000 29.0568
29.0000 28.8091
29.0000 28.0993
29.0000 29.1302
29.0000 28.9833
29.0000 29.3033
29.0000 29.2563
29.0000 28.9472
29.0000 28.8007
29.0000 29.4402
29.0000 30.3709
29.0000 29.3318
29.0000 29.5120
29.0000 29.0587
29.0000 28.7670
29.0000 28.8262
29.0000 29.5538
29.0000 29.5224
29.0000 29.4135
29.0000 29.1372
29.0000 29.3652
29.0000 28.1117
29.0000 29.1905
29.0000 29.3662
29.0000 28.7315
29.0000 28.7534
29.0000 28.9904
29.0000 28.9033
29.0000 29.0897
29.0000 28.7866
29.0000 30.3032
29.0000 28.6099
29.0000 29.4587
29.0000 29.6332
29.0000 27.6563
29.0000 28.6094
29.0000 29.9906
29.0000 28.3757
29.0000 29.1766
29.0000 30.4156
29.0000 29.0962
29.0000 28.6603
29.0000 29.5098
29.0000 28.5040
29.0000 28.7795
29.0000 28.2407
29.0000 29.1213
29.0000 29.2499
29.0000 28.9141
29.0000 29.8685
29.0000 28.9014
29.0000 29.3606
29.0000 28.8524
29.0000 28.8879
29.0000 29.5942
29.0000 29.8388
29.0000 29.2777
29.0000 29.6517
29.0000 28.3878
29.0000 28.8174
29.0000 28.9843
29.0000 29.1713
29.0000 29.0680
29.0000 29.5445
29.0000 28.8888
29.0000 28.5320
29.0000 28.8273
29.0000 29.6094
29.0000 28.8969
29.0000 27.8936
29.0000 28.9042
29.0000 29.9173
29.0000 28.1949
29.0000 28.6807
29.0000 29.1230
29.0000 29.1103
29.0000 29.0779
29.0000 28.4622
29.0000 27.9329
29.0000 30.2331
29.0000 28.4181
29.0000 29.1903
29.0000 29.4757
29.0000 29.4369
29.0000 29.6485
29.0000 29.2018
29.0000 28.9178
29.0000 29.0280
29.0000 30.2050
29.0000 28.4951
29.0000 27.8821
29.0000 28.5855
29.0000 29.1766
29.0000 28.9302
29.0000 28.3622
29.0000 28.3767
29.0000 29.4964
29.0000 28.8027
29.0000 29.1689
29.0000 28.5577
29.0000 29.2711
29.0000 29.7395
29.0000 28.9814
29.0000 29.4634
29.0000 29.4919
29.0000 28.4946
29.0000 27.2690
29.0000 29.1695
29.0000 28.4840
29.0000 28.5178
29.0000 28.9873
29.0000 29.4219
29.0000 28.8771
29.0000 29.2116
29.0000 28.5338
29.0000 28.0389
29.0000 28.9162
29.0000 29.0468
29.0000 28.1463
29.0000 28.2910
29.0000 29.3697
29.0000 28.6780
29.0000 29.5711
29.0000 28.3784
29.0000 29.0571
29.0000 28.8984
29.0000 29.4437
29.0000 28.9222
29.0000 29.8036
29.0000 29.4343
29.0000 28.6670
29.0000 28.6371
29.0000 29.7020
29.0000 28.7352
29.0000 29.0397
29.0000 29.5261
29.0000 29.2944
29.0000 28.8152
29.0000 29.0482
29.0000 29.3456
29.0000 29.6491
29.0000 29.1877
29.0000 30.3102
29.0000 28.3981
29.0000 29.5497
29.0000 28.9221
29.0000 29.9581
29.0000 28.9451
29.0000 28.8260
29.0000 29.5018
29.0000 27.7719
29.0000 28.5558
29.0000 29.1774
29.0000 28.0879
29.0000 28.7989
29.0000 29.9656
29.0000 28.3633
29.0000 28.1370
29.0000 28.8100
29.0000 29.3070
29.0000 29.2494
29.0000 28.6619
29.0000 28.8212
29.0000 28.7819
29.0000 28.3294
29.0000 28.6937
29.0000 28.7479
29.0000 28.3834
29.0000 29.7600
29.0000 29.0873
29.0000 29.4531
29.0000 29.5851
29.0000 29.0511
29.0000 29.6111
29.0000 28.7426
29.0000 28.1066
29.0000 29.0188
29.0000 29.8978
29.0000 28.6341
29.0000 29.4317
29.0000 28.8925
29.0000 28.6552
29.0000 29.2577
29.0000 28.0207
29.0000 29.4582
29.0000 28.6642
29.0000 28.5625
29.0000 29.7187
29.0000 29.4454
29.0000 29.8041
29.0000 28.9698
29.0000 28.3762
29.0000 28.7503
29.0000 29.1386
29.0000 29.9347
29.0000 29.7250
29.0000 29.4062
29.0000 28.6258
29.0000 29.5407
29.0000 29.0555
29.0000 28.3643
29.0000 28.4973
29.0000 28.9510
29.0000 28.8154
29.0000 29.7238
29.0000 28.6929
29.0000 29.2127
29.0000 28.7976
29.0000 28.1919
29.0000 28.0209
29.0000 29.0511
29.0000 28.9780
29.0000 28.4652
29.0000 28.9509
29.0000 28.3450
29.0000 29.6156
29.0000 29.1658
29.0000 29.1754
29.0000 29.4496
29.0000 29.0347
29.0000 29.2089
29.0000 28.4976
29.0000 28.9391
29.0000 29.3103
29.0000 28.4074
29.0000 28.5128
29.0000 29.8516
29.0000 29.3048
29.0000 30.0977
29.0000 28.8042
29.0000 27.9190
29.0000 27.5027
29.0000 28.4161
29.0000 27.9255
29.0000 28.6833
29.0000 28.5289
29.0000 29.1822
29.0000 29.5161
29.0000 28.9519
29.0000 28.9010
29.0000 28.5299
29.0000 29.3771
29.0000 28.0434
29.0000 29.6482
29.0000 29.2044
29.0000 28.8507
29.0000 28.6789
29.0000 28.2812
29.0000 28.5938
29.0000 28.7407
29.0000 29.0839
29.0000 29.6317
29.0000 27.9403
29.0000 29.3938
29.0000 28.3061
29.0000 29.0167
29.0000 28.7741
29.0000 28.9878
29.0000 29.6730
29.0000 29.3570
29.0000 28.8495
29.0000 28.9596
29.0000 28.3611
29.0000 28.4863
29.0000 29.5096
29.0000 29.5144
29.0000 29.4470
29.0000 29.4474
29.0000 29.0932
29.0000 29.1886
29.0000 29.0060
29.0000 30.2036
29.0000 28.7727
29.0000 29.3810
29.0000 28.8041
29.0000 29.5061
29.0000 28.1093
29.0000 29.6112
29.0000 29.2096
29.0000 27.7158
29.0000 29.5457
29.0000 29.7701
29.0000 28.7665
29.0000 28.6912
29.0000 30.5072
29.0000 29.0050
29.0000 28.8046
29.0000 28.5501
29.0000 30.1928
29.0000 28.0858
29.0000 29.2551
29.0000 29.2260
29.0000 29.0226
29.0000 30.2013
29.0000 29.3875
29.0000 27.4722
29.0000 29.9601
29.0000 27.9596
29.0000 29.1026
29.0000 28.5848
29.0000 29.2093
29.0000 29.5247
29.0000 29.2137
29.0000 29.3224
29.0000 27.7464
29.0000 29.3031
29.0000 29.7041
29.0000 27.9152
29.0000 29.2696
29.0000 28.8845
29.0000 28.2256
29.0000 29.9344
29.0000 29.5960
29.0000 29.2580
29.0000 28.5277
29.0000 28.9423
29.0000 28.7906
29.0000 28.4783
29.0000 29.3134
29.0000 28.9106
29.0000 29.2338
29.0000 29.5009
29.0000 29.1137
29.0000 29.7071
29.0000 29.8716
29.0000 28.3090
29.0000 28.0987
29.0000 28.5399
29.0000 28.9195
29.0000 29.4624
29.0000 28.2937
29.0000 28.8476
29.0000 29.0501
29.0000 29.2189
29.0000 29.2008
29.0000 29.7444
29.0000 30.0350
29.0000 28.5659
29.0000 29.0486
29.0000 29.2299
29.0000 28.6398
29.0000 27.1460
29.0000 29.6117
29.0000 27.5804
29.0000 29.2272
29.0000 29.0633
29.0000 28.9854
29.0000 29.3159
29.0000 28.7795
29.0000 28.0662
29.0000 29.4197
29.0000 28.3578
29.0000 28.4736
29.0000 27.7270
29.0000 28.6895
29.0000 29.1925
29.0000 27.2901
29.0000 29.5595
29.0000 29.7620
29.0000 28.9290
29.0000 28.7683
29.0000 29.6728
29.0000 28.5373
29.0000 28.8517
29.0000 29.1061
29.0000 29.3638
29.0000 29.7220
29.0000 29.5624
29.0000 29.0414
29.0000 29.4480
29.0000 28.4565
29.0000 29.8999
29.0000 28.6604
29.0000 28.4685
29.0000 29.7596
29.0000 28.5958
29.0000 28.9860
29.0000 28.7625
29.0000 29.3389
29.0000 28.8340
29.0000 29.1291
29.0000 28.6529
29.0000 29.4476
29.0000 28.6199
29.0000 29.3162
29.0000 28.4136
29.0000 28.9940
29.0000 29.9802
29.0000 29.7621
29.0000 28.7677
29.0000 30.1251
29.0000 29.4760
29.0000 28.3010
29.0000 29.0755
29.0000 29.0631
29.0000 28.7128
29.0000 29.3700
29.0000 30.0760
29.0000 29.5320
29.0000 28.6362
29.0000 28.5445
29.0000 28.8213
29.0000 28.5108
29.0000 29.7815
29.0000 29.1541
29.0000 29.0715
29.0000 29.7260
29.0000 29.1817
29.0000 28.8838
29.0000 29.7590
29.0000 29.2911
29.0000 29.0434
29.0000 28.8180
29.0000 29.4363
29.0000 27.9572
29.0000 28.2065
29.0000 28.0989
29.0000 28.5834
29.0000 27.9130
29.0000 28.7880
29.0000 28.7702
29.0000 28.4554
29.0000 28.9197
29.0000 28.2211
29.0000 29.5277
29.0000 28.7421
29.0000 29.8762
29.0000 28.6765
29.0000 27.6212
29.0000 30.1043
29.0000 27.9996
29.0000 28.6999
29.0000 29.5237
29.0000 28.4523
29.0000 28.2099
29.0000 28.1112
29.0000 29.0818
29.0000 29.2468
29.0000 29.4405
29.0000 28.6942
29.0000 29.1958
29.0000 29.3953
29.0000 29.7563
29.0000 29.5674
29.0000 28.1925
29.0000 29.4358
29.0000 30.0039
29.0000 29.1714
29.0000 28.7673
29.0000 28.8994
29.0000 28.6100
29.0000 28.6458
29.0000 29.1708
29.0000 28.3865
29.0000 29.3160
29.0000 28.6392
29.0000 28.4138
29.0000 28.6071
29.0000 28.2777
29.0000 28.7617
29.0000 29.5361
29.0000 28.3522
29.0000 28.4891
29.0000 29.4706
29.0000 29.2043
29.0000 29.1647
29.0000 28.8905
29.0000 29.1011
29.0000 28.6016
29.0000 28.0837
29.0000 30.1584
29.0000 28.9300
29.0000 29.4776
29.0000 28.4412
29.0000 28.7945
29.0000 28.5793
29.0000 28.8375
29.0000 29.1818
29.0000 28.4990
29.0000 28.8031
29.0000 28.9334
29.0000 29.5283
29.0000 28.6278
29.0000 29.1749
29.0000 28.8387
29.0000 29.1763
29.0000 29.3601
29.0000 29.2288
29.0000 28.8610
29.0000 30.2215
29.0000 29.5570
29.0000 29.0086
29.0000 28.7869
29.0000 29.6522
29.0000 29.5871
29.0000 31.0401
29.0000 29.2295
29.0000 28.1869
29.0000 29.7901
29.0000 30.0644
29.0000 29.4139
29.0000 30.0195
29.0000 29.2496
29.0000 28.9230
29.0000 29.0517
29.0000 29.5650
29.0000 30.0128
29.0000 28.8480
29.0000 29.1378
29.0000 29.3491
29.0000 29.1036
29.0000 29.9179
29.0000 28.9913
29.0000 28.7772
29.0000 28.5120
29.0000 28.3830
29.0000 29.8161
29.0000 28.5416
29.0000 28.9283
29.0000 28.0239
29.0000 28.7204
29.0000 28.9656
29.0000 28.8744
29.0000 28.9641
29.0000 28.7846
29.0000 29.6208
29.0000 28.8003
29.0000 28.8122
29.0000 29.0570
29.0000 28.1268
29.0000 29.1835
29.0000 28.7481
29.0000 29.9336
29.0000 28.5484
29.0000 29.7534
29.0000 29.0456
29.0000 29.0767
29.0000 29.9579
29.0000 29.9678
29.0000 29.0809
29.0000 29.3600
29.0000 29.2837
29.0000 29.2307
29.0000 29.4104
29.0000 29.9435
29.0000 28.1120
29.0000 29.4644
29.0000 28.5504
29.0000 29.5620
29.0000 29.9322
29.0000 29.2264
29.0000 28.9255
29.0000 29.7826
29.0000 29.3431
29.0000 29.1498
29.0000 29.0576
29.0000 29.7844
29.0000 29.6400
29.0000 29.2051
29.0000 29.4843
29.0000 28.5834
29.0000 29.3772
29.0000 29.4801
29.0000 28.9261
29.0000 29.3319
29.0000 29.3140
29.0000 29.4134
29.0000 29.2792
29.0000 28.0958
29.0000 28.6503
29.0000 29.3674
29.0000 28.7593
29.0000 28.8176
29.0000 29.4272
29.0000 28.0150
29.0000 27.4543
29.0000 29.1652
29.0000 28.9809
29.0000 28.2278
29.0000 29.1742
29.0000 28.6625
29.0000 29.4706
29.0000 28.7915
29.0000 28.9814
29.0000 29.0684
29.0000 28.0117
29.0000 28.4387
29.0000 28.5450
29.0000 29.3733
29.0000 29.3466
29.0000 29.1796
29.0000 29.4820
29.0000 29.6404
29.0000 29.5366
29.0000 28.2409
29.0000 28.8844
29.0000 29.9147
29.0000 28.6148
29.0000 28.9428
29.0000 28.1183
29.0000 29.7163
29.0000 29.7818
29.0000 29.5008
29.0000 29.7139
29.0000 29.5842
29.0000 28.6695
29.0000 27.8643
29.0000 28.9250
29.0000 28.9427
29.0000 29.1764
29.0000 29.3959
29.0000 29.4077
29.0000 28.5404
29.0000 28.6429
29.0000 28.4733
29.0000 29.5242
29.0000 28.5973
29.0000 29.4674
29.0000 29.2958
29.0000 28.2818
29.0000 29.8779
29.0000 28.8997
29.0000 29.3726
29.0000 28.1873
29.0000 28.7947
29.0000 26.8698
29.0000 28.9047
29.0000 29.0840
29.0000 29.2872
29.0000 29.4112
29.0000 28.4359
29.0000 28.4942
29.0000 28.7411
29.0000 29.2200
29.0000 29.2333
29.0000 30.5445
29.0000 29.6069
29.0000 29.7260
29.0000 29.2807
29.0000 30.2806
29.0000 29.0695
29.0000 29.0453
29.0000 28.7585
29.0000 29.4160
29.0000 29.6327
29.0000 29.3906
29.0000 30.0287
29.0000 28.9587
29.0000 28.6893
29.0000 27.9948
29.0000 28.2779
29.0000 28.5673
29.0000 28.8585
29.0000 28.5374
29.0000 28.4433
29.0000 29.0993
29.0000 28.7878
29.0000 29.2721
29.0000 27.9241
29.0000 27.5687
29.0000 28.1530
29.0000 28.6026
29.0000 28.4976
29.0000 28.8810
29.0000 28.8765
29.0000 28.4615
29.0000 28.9281
29.0000 29.2003
29.0000 29.5985
29.0000 29.3313
29.0000 28.6971
29.0000 29.9800
29.0000 28.2460
29.0000 29.7164
29.0000 29.4406
29.0000 28.6524
29.0000 28.8269
29.0000 29.0655
29.0000 30.3495
29.0000 28.7818
29.0000 28.2826
29.0000 29.5123
29.0000 29.0240
29.0000 28.2690
29.0000 29.0942
29.0000 28.9519
29.0000 29.1100
29.0000 28.4211
29.0000 29.5441
29.0000 28.9014
29.0000 29.2058
29.0000 28.5577
29.0000 28.1481
29.0000 29.4555
29.0000 28.2594
29.0000 29.1804
29.0000 28.0085
29.0000 29.0184
29.0000 29.7789
29.0000 28.8376
29.0000 29.0885
29.0000 28.8005
29.0000 28.5424
29.0000 28.9494
29.0000 28.4341
29.0000 30.4049
29.0000 28.5436
29.0000 28.4891
29.0000 29.2697
29.0000 28.8629
29.0000 28.4722
29.0000 29.2368
29.0000 29.2370
29.0000 29.0042
29.0000 29.1145
29.0000 29.6843
29.0000 29.3618
29.0000 29.0879
29.0000 29.9280
29.0000 29.6000
29.0000 29.1184
29.0000 29.4062
29.0000 29.1161
29.0000 29.3590
29.0000 27.6868
29.0000 29.0339
29.0000 29.0614
29.0000 29.1165
29.0000 29.3815
29.0000 28.5461
29.0000 29.1431
29.0000 28.8491
29.0000 28.5213
29.0000 28.8850
29.0000 28.8120
29.0000 28.0192
29.0000 29.5713
29.0000 29.7585
29.0000 28.5255
29.0000 29.0290
29.0000 28.7923
29.0000 28.6791
29.0000 29.4079
29.0000 29.7292
29.0000 28.0642
29.0000 28.3980
29.0000 29.0569
29.0000 30.0504
29.0000 28.7556
29.0000 29.9397
29.0000 30.0237
29.0000 29.0688
29.0000 29.6795
29.0000 28.6817
29.0000 28.4478
29.0000 29.2276
29.0000 28.7183
29.0000 29.6513
29.0000 29.5130
29.0000 29.6784
29.0000 29.5872
29.0000 29.1947
29.0000 30.6814
29.0000 28.3227
29.0000 29.2142
29.0000 28.9087
29.0000 28.6047
29.0000 29.3865
29.0000 29.2487
29.0000 28.7458
29.0000 28.3994
29.0000 28.0404
29.0000 29.0311
29.0000 28.9133
29.0000 30.2283
29.0000 29.1437
29.0000 29.3408
29.0000 28.8229
29.0000 29.8117
29.0000 28.4921
29.0000 29.3504
29.0000 28.4068
29.0000 29.4956
29.0000 28.4200
29.0000 29.0661
29.0000 28.8032
29.0000 29.5852
29.0000 29.2207
29.0000 29.0905
29.0000 28.3588
29.0000 29.0437
29.0000 29.4959
29.0000 29.4119
29.0000 29.4609
29.0000 29.7506
29.0000 29.2926
29.0000 29.3560
29.0000 29.4231
29.0000 29.8885
29.0000 27.9875
29.0000 29.1158
29.0000 29.1601
29.0000 28.9203
29.0000 28.5172
29.0000 27.8402
29.0000 28.9290
29.0000 30.1608
29.0000 28.4438
29.0000 28.8822
29.0000 29.0871
29.0000 29.2529
29.0000 29.0536
29.0000 30.1850
29.0000 30.4932
29.0000 28.4487
29.0000 29.1347
29.0000 28.9708
29.0000 28.5426
29.0000 29.8423
29.0000 28.7272
29.0000 29.4910
29.0000 28.7790
29.0000 29.4772
29.0000 28.7768
29.0000 28.7642
29.0000 28.6601
29.0000 29.1704
29.0000 28.4555
29.0000 29.5436
29.0000 28.6233
29.0000 28.9356
29.0000 28.5866
29.0000 29.1197
29.0000 27.8029
29.0000 29.0675
29.0000 28.8453
29.0000 28.7204
29.0000 28.9090
29.0000 29.0436
29.0000 28.9733
29.0000 28.6943
29.0000 29.3497
29.0000 29.3186
29.0000 28.9071
29.0000 28.9574
29.0000 29.2223
29.0000 28.9114
29.0000 29.2443
29.0000 28.5426
29.0000 29.3768
29.0000 28.9888
29.0000 29.1815
29.0000 27.6647
29.0000 28.4768
29.0000 28.5735
29.0000 29.0821
29.0000 29.2643
29.0000 28.8551
29.0000 29.1986
29.0000 29.1468
29.0000 29.0897
29.0000 28.2376
29.0000 29.1474
29.0000 28.3626
29.0000 29.0771
29.0000 29.1818
29.0000 29.2333
29.0000 28.9664
29.0000 28.6757
29.0000 28.6683
29.0000 28.1766
29.0000 29.3033
29.0000 29.9769
29.0000 28.6334
29.0000 28.7584
29.0000 28.5722
29.0000 28.6981
29.0000 29.0378
29.0000 28.7530
29.0000 29.8047
29.0000 29.4886
29.0000 29.7116
29.0000 28.0639
29.0000 28.9582
29.0000 29.3568
29.0000 28.6208
29.0000 29.5998
29.0000 29.5112
29.0000 28.4386
29.0000 28.1133
29.0000 27.7441
29.0000 29.2974
29.0000 29.0054
29.0000 28.6610
29.0000 29.5594
29.0000 29.1830
29.0000 28.8260
29.0000 28.4979
29.0000 28.3833
29.0000 28.9821
29.0000 29.8114
29.0000 29.7179
29.0000 28.8024
29.0000 28.6840
29.0000 28.6134
29.0000 30.0685
29.0000 29.1056
29.0000 28.1787
29.0000 28.9690
29.0000 29.4106
29.0000 29.0668
29.0000 29.2820
29.0000 29.7770
29.0000 28.4231
29.0000 29.5210
29.0000 29.1276
29.0000 28.9018
29.0000 28.8499
29.0000 29.2008
29.0000 29.9517
29.0000 28.7620
29.0000 28.5402
29.0000 29.2447
29.0000 28.2345
29.0000 28.3841
29.0000 28.7263
29.0000 28.4261
29.0000 27.6757
29.0000 28.5106
29.0000 29.3064
29.0000 28.7151
29.0000 27.7979
29.0000 29.7364
29.0000 28.0920
29.0000 30.3753
29.0000 29.6932
29.0000 28.9502
29.0000 29.4263
29.0000 30.2456
29.0000 28.3205
29.0000 28.9435
29.0000 29.1539
29.0000 28.1501
29.0000 28.6815
29.0000 28.6010
29.0000 29.4435
29.0000 29.1912
29.0000 29.0929
29.0000 29.4888
29.0000 29.0013
29.0000 28.8663
29.0000 29.9161
29.0000 28.9736
29.0000 28.9902
29.0000 28.7100
29.0000 29.7913
29.0000 29.2118
29.0000 29.6722
29.0000 30.6219
29.0000 28.8790
29.0000 29.1775
29.0000 29.5358
29.0000 28.6257
29.0000 28.9488
29.0000 28.7917
29.0000 29.5573
29.0000 28.4877
29.0000 28.6503
29.0000 28.2985
29.0000 28.7752
29.0000 30.0766
29.0000 29.1162
29.0000 28.4730
29.0000 29.3945
29.0000 29.8534
29.0000 29.5848
29.0000 29.5548
29.0000 29.8106
29.0000 30.1936
29.0000 28.3559
29.0000 28.5938
29.0000 29.8422
29.0000 30.0045
29.0000 28.1805
29.0000 29.4326
29.0000 29.2928
29.0000 28.1920
29.0000 29.1631
29.0000 28.5556
29.0000 29.2109
29.0000 29.2472
29.0000 28.9031
29.0000 28.7358
29.0000 28.6396
29.0000 28.6446
29.0000 27.4229
29.0000 28.9135
29.0000 28.9079
29.0000 29.5604
29.0000 28.8519
29.0000 28.4071
29.0000 28.8077
29.0000 29.6846
29.0000 28.7668
29.0000 29.4825
29.0000 28.3846
29.0000 29.9914
29.0000 29.8925
29.0000 29.8390
29.0000 29.5681
29.0000 28.5618
29.0000 28.6628
29.0000 28.6688
29.0000 29.3617
29.0000 29.2978
29.0000 28.5833
29.0000 28.1230
29.0000 29.5565
29.0000 28.8128
29.0000 29.2775
29.0000 29.0954
29.0000 28.7337
29.0000 29.4693
29.0000 28.6768
29.0000 28.8111
29.0000 28.8660
29.0000 30.0942
29.0000 28.5001
29.0000 29.1424
29.0000 29.3112
29.0000 30.3722
29.0000 28.7453
29.0000 28.8235
29.0000 29.3244
29.0000 27.9643
29.0000 29.1933
29.0000 29.6575
29.0000 29.2058
29.0000 28.9599
29.0000 29.3154
29.0000 29.3241
29.0000 28.6699
29.0000 28.5830
29.0000 28.7428
29.0000 29.4539
29.0000 28.7038
29.0000 29.0769
29.0000 29.1791
29.0000 28.5152
29.0000 29.8287
29.0000 28.9739
29.0000 28.9574
29.0000 31.3577
29.0000 29.1487
29.0000 27.3944
29.0000 27.9449
29.0000 28.7797
29.0000 29.0124
29.0000 29.5691
29.0000 29.2493
29.0000 28.4628
29.0000 28.7147
29.0000 29.3031
29.0000 29.3808
29.0000 29.0604
29.0000 28.8820
29.0000 29.5298
29.0000 28.6725
29.0000 28.9876
29.0000 29.6301
29.0000 29.6363
29.0000 29.6381
29.0000 29.0959
29.0000 29.2910
29.0000 29.6662
29.0000 29.5685
29.0000 29.7810
29.0000 29.2257
29.0000 28.4458
29.0000 29.1534
29.0000 29.7239
29.0000 27.9843
29.0000 28.4876
29.0000 29.4892
29.0000 29.6416
29.0000 29.7402
29.0000 29.8060
29.0000 28.9843
29.0000 29.9611
29.0000 29.5940
29.0000 28.6066
29.0000 28.5805
29.0000 28.0992
29.0000 27.9878
29.0000 28.8137
29.0000 28.9955
29.0000 28.3311
29.0000 28.8417
29.0000 28.2554
29.0000 29.4917
29.0000 29.7925
29.0000 28.4875
29.0000 30.1701
29.0000 28.8031
29.0000 28.8703
29.0000 29.7630
29.0000 29.0444
29.0000 30.1247
29.0000 28.7053
29.0000 28.9809
29.0000 27.9308
29.0000 29.1871
29.0000 28.7079
29.0000 27.6222
29.0000 30.0946
29.0000 28.7386
29.0000 27.8126
29.0000 29.5236
29.0000 28.6806
29.0000 28.4965
29.0000 29.1811
29.0000 28.1337
29.0000 28.8257
29.0000 29.7349
29.0000 29.1353
29.0000 28.2188
29.0000 28.7954
29.0000 29.4722
29.0000 29.5553
29.0000 28.7610
29.0000 29.8114
29.0000 29.2536
29.0000 29.4745
29.0000 29.0635
29.0000 28.5205
29.0000 29.7801
29.0000 28.3492
29.0000 28.6507
29.0000 28.7041
29.0000 29.5105
29.0000 28.9555
29.0000 29.0119
29.0000 28.9142
29.0000 29.7288
29.0000 28.7814
29.0000 30.1860
29.0000 29.8424
29.0000 29.4174
29.0000 28.9351
29.0000 29.8574
29.0000 28.9907
29.0000 30.2432
29.0000 28.9251
29.0000 29.5851
29.0000 29.6267
29.0000 27.9532
29.0000 28.9169
29.0000 27.9490
29.0000 29.3231
29.0000 29.1546
29.0000 28.9130
29.0000 28.9800
29.0000 29.0008
29.0000 29.3810
29.0000 28.9685
29.0000 29.4249
29.0000 29.0990
29.0000 28.8244
29.0000 28.5723
29.0000 27.9183
29.0000 28.8796
29.0000 28.1071
29.0000 29.2766
29.0000 29.2934
29.0000 28.8368
29.0000 28.7715
29.0000 28.5534
29.0000 28.9410
29.0000 28.2011
29.0000 28.6846
29.0000 28.3385
29.0000 29.4302
29.0000 29.3805
29.0000 29.9489
29.0000 29.7894
29.0000 28.8481
29.0000 29.2949
29.0000 29.2552
29.0000 29.9373
29.0000 27.9117
29.0000 29.5331
29.0000 29.1034
29.0000 28.8791
29.0000 29.4470
29.0000 28.4567
29.0000 28.2717
29.0000 27.9793
29.0000 28.8743
29.0000 27.8126
29.0000 28.9787
29.0000 28.7588
29.0000 29.6693
29.0000 27.5529
29.0000 28.8835
29.0000 28.4132
29.0000 29.5645
29.0000 28.5962
29.0000 29.2111
29.0000 28.9504
29.0000 28.4172
29.0000 28.2249
29.0000 29.1253
29.0000 28.8643
29.0000 29.6434
29.0000 29.0754
29.0000 28.3530
29.0000 28.4019
29.0000 29.0541
29.0000 29.3558
29.0000 29.0063
29.0000 28.9469
29.0000 28.6894
29.0000 29.8093
29.0000 29.3677
29.0000 28.5175
29.0000 29.4306
29.0000 28.0483
29.0000 28.7724
29.0000 28.6720
29.0000 30.3306
29.0000 29.0395
29.0000 29.3084
29.0000 28.9608
29.0000 28.4167
29.0000 28.0584
29.0000 29.2280
29.0000 29.3809
29.0000 29.3204
29.0000 27.8225
29.0000 29.2367
29.0000 28.4970
29.0000 28.9526
29.0000 28.4678
29.0000 28.8641
29.0000 28.7711
29.0000 28.8460
29.0000 28.5330
29.0000 28.8436
29.0000 28.4251
29.0000 29.6543
29.0000 30.2181
29.0000 30.1380
29.0000 29.6764
29.0000 29.7370
29.0000 28.7663
29.0000 29.0328
29.0000 29.3660
29.0000 29.3090
29.0000 30.0646
29.0000 28.0236
29.0000 28.9164
29.0000 29.4508
29.0000 29.2800
29.0000 29.4719
29.0000 29.0277
29.0000 29.6867
29.0000 28.1479
29.0000 29.7927
29.0000 28.2803
29.0000 29.1430
29.0000 29.0024
29.0000 29.1885
29.0000 28.6277
29.0000 28.1897
29.0000 29.4604
29.0000 28.6397
29.0000 28.4760
29.0000 28.3329
29.0000 29.0692
29.0000 28.6536
29.0000 28.9602
29.0000 29.6205
29.0000 28.6733
29.0000 29.4812
29.0000 28.8102
29.0000 29.7190
29.0000 28.9538
29.0000 28.6510
29.0000 29.3527
29.0000 29.3524
29.0000 29.1911
29.0000 28.1190
29.0000 29.0912
29.0000 28.3318
29.0000 29.0531
29.0000 28.4838
29.0000 28.8561
29.0000 28.5681
29.0000 28.3189
29.0000 29.1294
29.0000 28.0801
29.0000 29.4680
29.0000 28.5612
29.0000 30.3424
29.0000 28.4470
29.0000 28.2959
29.0000 28.6212
29.0000 29.2762
29.0000 29.5926
29.0000 28.1076
29.0000 28.0924
29.0000 29.2606
29.0000 29.4814
29.0000 29.8959
29.0000 28.1651
29.0000 28.3860
29.0000 30.0131
29.0000 28.5730
29.0000 29.4847
29.0000 29.3760
29.0000 29.2805
29.0000 27.9552
29.0000 29.6898
29.0000 28.3499
29.0000 28.9589
29.0000 28.8095
29.0000 28.7447
29.0000 29.3387
29.0000 28.8176
29.0000 29.6716
29.0000 27.9904
29.0000 28.5147
29.0000 28.3374
29.0000 29.6425
29.0000 29.0219
29.0000 28.6808
29.0000 29.1084
29.0000 28.5525
29.0000 28.9717
29.0000 29.9133
29.0000 28.9323
29.0000 29.3261
29.0000 28.9173
29.0000 27.4814
29.0000 29.6536
29.0000 28.6556
29.0000 27.6933
29.0000 29.6744
29.0000 28.5468
29.0000 28.4928
29.0000 29.4480
29.0000 28.5096
29.0000 29.0564
29.0000 29.2335
29.0000 28.7484
29.0000 28.6484
29.0000 29.2956
29.0000 29.5693
29.0000 28.8858
29.0000 28.5105
29.0000 28.5844
29.0000 29.7691
29.0000 29.5432
29.0000 30.0548
29.0000 28.9194
29.0000 29.0952
29.0000 29.6166
29.0000 27.9814
29.0000 28.7913
29.0000 29.2974
29.0000 29.2709
29.0000 28.9554
29.0000 30.0670
29.0000 28.4753
29.0000 29.3873
29.0000 28.7579
29.0000 28.7486
29.0000 29.1363
29.0000 29.1834
29.0000 28.5551
29.0000 29.8030
29.0000 28.8936
29.0000 28.6621
29.0000 28.8892
29.0000 30.1196
29.0000 28.8041
29.0000 28.6541
29.0000 28.2467
29.0000 28.9207
29.0000 29.6087
29.0000 29.8110
29.0000 29.1538
29.0000 29.0737
29.0000 29.5645
29.0000 29.0337
29.0000 28.5718
29.0000 28.8754
29.0000 29.7684
29.0000 29.6461
29.0000 29.2523
29.0000 29.0721
29.0000 28.2465
29.0000 28.2105
29.0000 28.5759
29.0000 29.1884
29.0000 29.3003
29.0000 28.9843
29.0000 29.0628
29.0000 28.2845
29.0000 29.6061
29.0000 29.0780
29.0000 29.3096
29.0000 29.4001
29.0000 27.6241
29.0000 29.4921
29.0000 28.8686
29.0000 27.8619
29.0000 27.9767
29.0000 28.2969
29.0000 29.3894
29.0000 28.5299
29.0000 28.5340
29.0000 28.6901
29.0000 28.9427
29.0000 28.5590
29.0000 28.5479
29.0000 28.4359
29.0000 29.4828
29.0000 29.7311
29.0000 29.2616
29.0000 28.3526
29.0000 28.3438
29.0000 28.5316
29.0000 28.7737
29.0000 28.3579
29.0000 28.6573
29.0000 28.5731
29.0000 28.9142
29.0000 29.4506
29.0000 29.5578
29.0000 28.2767
29.0000 28.8719
29.0000 27.8915
29.0000 28.4979
29.0000 29.2979
29.0000 28.4597
29.0000 28.7985
29.0000 29.5851
29.0000 29.1596
29.0000 28.7302
29.0000 27.7992
29.0000 29.4612
29.0000 28.7545
29.0000 29.5719
29.0000 30.2640
29.0000 28.4550
29.0000 29.0719
29.0000 27.5959
29.0000 28.5465
29.0000 29.7809
29.0000 29.4307
29.0000 29.0115
29.0000 29.8996
29.0000 29.6936
29.0000 29.0285
29.0000 29.6358
29.0000 29.2201
29.0000 29.1827
29.0000 28.3820
29.0000 29.1082
29.0000 29.5409
29.0000 29.1274
29.0000 28.5968
29.0000 28.1279
29.0000 28.9065
29.0000 28.6824
29.0000 28.7046
29.0000 28.6949
29.0000 29.6823
29.0000 28.8853
29.0000 30.0322
29.0000 29.2926
29.0000 29.5161
29.0000 29.6157
29.0000 28.2580
29.0000 29.3713
29.0000 28.7310
29.0000 28.8333
29.0000 29.5621
29.0000 28.9257
29.0000 28.9495
29.0000 28.1842
29.0000 28.6049
29.0000 29.4103
29.0000 29.7211
29.0000 28.8893
29.0000 29.8704
29.0000 28.8069
29.0000 28.2366
29.0000 28.3014
29.0000 29.0629
29.0000 28.8440
29.0000 29.1612
29.0000 28.9169
29.0000 29.5728
29.0000 29.7910
29.0000 28.8942
29.0000 28.8548
29.0000 29.3309
29.0000 29.4803
29.0000 28.6334
29.0000 27.5389
29.0000 29.4572
29.0000 29.0313
29.0000 29.9957
29.0000 28.6565
29.0000 28.9975
29.0000 28.5877
29.0000 29.0602
29.0000 29.8805
29.0000 29.8293
29.0000 28.7714
29.0000 28.3664
29.0000 28.6120
29.0000 28.7710
29.0000 27.6242
29.0000 29.6726
29.0000 29.3603
29.0000 29.0655
29.0000 29.7780
29.0000 29.9668
29.0000 28.9743
29.0000 29.3846
29.0000 28.8710
29.0000 28.8338
29.0000 29.6541
29.0000 27.9672
29.0000 30.0032
29.0000 28.8185
29.0000 28.5729
29.0000 28.7279
29.0000 28.5948
29.0000 29.2245
29.0000 29.5119
29.0000 29.7773
29.0000 29.6635
29.0000 28.8804
29.0000 28.8390
29.0000 28.8023
29.0000 29.0476
29.0000 27.9927
29.0000 28.8857
29.0000 29.5886
29.0000 28.9234
29.0000 28.5924
29.0000 28.9667
29.0000 29.7706
29.0000 28.9801
29.0000 28.7552
29.0000 29.7810
29.0000 28.8895
29.0000 28.8980
29.0000 29.2052
29.0000 29.9501
29.0000 29.7391
29.0000 29.0703
29.0000 29.2538
29.0000 29.3965
29.0000 29.0578
29.0000 29.3739
29.0000 28.7864
29.0000 29.1502
29.0000 28.7827
29.0000 29.5026
29.0000 29.0044
29.0000 29.1421
29.0000 29.5395
29.0000 29.4436
29.0000 29.1427
29.0000 30.0782
29.0000 29.7480
29.0000 29.6774
29.0000 28.7226
29.0000 28.5366
29.0000 29.3556
29.0000 29.7213
29.0000 29.1052
29.0000 29.2800
29.0000 28.6863
29.0000 29.5252
29.0000 30.3980
29.0000 29.1243
29.0000 28.4669
29.0000 28.1750
29.0000 28.5862
29.0000 28.3979
29.0000 29.7808
29.0000 29.7656
29.0000 29.2139
29.0000 29.4853
29.0000 28.3507
29.0000 29.0358
29.0000 28.0422
29.0000 29.8476
29.0000 28.9802
29.0000 29.7528
29.0000 28.7492
29.0000 29.2318
29.0000 29.7480
29.0000 29.7750
29.0000 28.0703
29.0000 29.5600
29.0000 28.5540
29.0000 28.9105
29.0000 28.8047
29.0000 29.4911
29.0000 29.6280
29.0000 28.5832
29.0000 29.2282
29.0000 28.7947
29.0000 28.5261
29.0000 28.4691
29.0000 28.8616
29.0000 28.1764
29.0000 29.4474
29.0000 29.4722
29.0000 29.6906
29.0000 28.6239
29.0000 30.0112
29.0000 29.2963
29.0000 28.9639
29.0000 28.3554
29.0000 28.9542
29.0000 28.7425
29.0000 28.6968
29.0000 28.7475
29.0000 29.3333
29.0000 29.3936
29.0000 29.9226
29.0000 29.0483
29.0000 28.6088
29.0000 29.2763
29.0000 28.9454
29.0000 28.3058
29.0000 28.2477
29.0000 29.5941
29.0000 29.6721
29.0000 28.7545
29.0000 29.4280
29.0000 28.2786
29.0000 29.0231
29.0000 29.5824
29.0000 29.4899
29.0000 28.8336
29.0000 29.1011
29.0000 27.9767
29.0000 28.6093
29.0000 28.4717
29.0000 29.0811
29.0000 29.1530
29.0000 29.5463
29.0000 28.8465
29.0000 28.2891
29.0000 29.1273
29.0000 28.4111
29.0000 28.8147
29.0000 28.0664
29.0000 28.6228
29.0000 29.6930
29.0000 28.8910
29.0000 29.8886
29.0000 29.9492
29.0000 27.8933
29.0000 28.2009
29.0000 28.7779
29.0000 29.5944
29.0000 29.2759
29.0000 28.7755
29.0000 29.5383
29.0000 29.6572
29.0000 29.0310
29.0000 29.6873
29.0000 28.7967
29.0000 28.7097
29.0000 28.4436
29.0000 28.2397
29.0000 28.5502
29.0000 28.4817
29.0000 29.3285
29.0000 28.7470
29.0000 30.3850
29.0000 27.6085
29.0000 29.0531
29.0000 29.6782
29.0000 28.9221
29.0000 29.0219
29.0000 29.2181
29.0000 29.2216
29.0000 28.3775
29.0000 28.3431
29.0000 28.6733
29.0000 29.4229
29.0000 29.3215
29.0000 29.1216
29.0000 28.0876
29.0000 29.2428
29.0000 29.7501
29.0000 29.0653
29.0000 28.9362
29.0000 28.4794
29.0000 28.8983
29.0000 28.6590
29.0000 28.3980
29.0000 29.1758
29.0000 29.3746
29.0000 28.8919
29.0000 29.2728
29.0000 29.2455
29.0000 29.5161
29.0000 28.7199
29.0000 29.7600
29.0000 29.0365
29.0000 29.6189
29.0000 28.2999
29.0000 29.0834
29.0000 29.1158
29.0000 28.7786
29.0000 28.3552
29.0000 28.4830
29.0000 29.2997
29.0000 29.3250
29.0000 28.7396
29.0000 29.5364
29.0000 29.2001
29.0000 29.3205
29.0000 27.9953
29.0000 29.6408
29.0000 28.2936
29.0000 28.4405
29.0000 29.6128
29.0000 29.2459
29.0000 29.1495
29.0000 26.7488
29.0000 28.8988
29.0000 28.8639
29.0000 28.5980
29.0000 29.5859
29.0000 29.5850
29.0000 28.3601
29.0000 29.7949
29.0000 28.5628
29.0000 29.7000
29.0000 28.6583
29.0000 28.8060
29.0000 29.7124
29.0000 29.5619
29.0000 28.6345
29.0000 28.2949
29.0000 28.9790
29.0000 29.4970
29.0000 28.6524
29.0000 29.3945
29.0000 30.3375
29.0000 28.9075
29.0000 28.1339
29.0000 27.9603
29.0000 29.3279
29.0000 29.1518
29.0000 29.2843
29.0000 28.8610
29.0000 28.8792
29.0000 29.6597
29.0000 30.1353
29.0000 29.3659
29.0000 28.6018
29.0000 29.7934
29.0000 29.1729
29.0000 28.9266
29.0000 29.1872
29.0000 28.9159
29.0000 29.4426
29.0000 29.2513
29.0000 29.5508
29.0000 30.1860
29.0000 29.7163
29.0000 28.7793
29.0000 29.3611
29.0000 29.0130
29.0000 28.4232
29.0000 28.9253
29.0000 28.9948
29.0000 28.6826
29.0000 27.9161
29.0000 28.8592
29.0000 29.0491
29.0000 28.8767
29.0000 29.1154
29.0000 29.9742
29.0000 28.9841
29.0000 29.5443
29.0000 29.4109
29.0000 28.9768
29.0000 28.5226
29.0000 29.3044
29.0000 28.2894
29.0000 28.6707
29.0000 29.6616
29.0000 28.9290
29.0000 29.0934
29.0000 28.9554
29.0000 28.8070
29.0000 29.0792
29.0000 28.7135
29.0000 28.8771
29.0000 30.1927
29.0000 28.6231
29.0000 28.0788
29.0000 29.4845
29.0000 27.5779
29.0000 28.8543
29.0000 28.5131
29.0000 28.0687
29.0000 28.0955
29.0000 29.5644
29.0000 27.4000
29.0000 27.9234
29.0000 29.0528
29.0000 28.9773
29.0000 29.3452
29.0000 29.1951
29.0000 28.2491
29.0000 28.7140
29.0000 28.9986
29.0000 29.1480
29.0000 29.5094
29.0000 28.6580
29.0000 29.4595
29.0000 28.5087
29.0000 29.4111
29.0000 28.3643
29.0000 29.2158
29.0000 28.2782
29.0000 28.8858
29.0000 28.5399
29.0000 28.3898
29.0000 29.8956
29.0000 29.5472
29.0000 28.0275
29.0000 28.7422
29.0000 29.6308
29.0000 29.2835
29.0000 29.0619
29.0000 29.6021
29.0000 27.9197
29.0000 28.1808
29.0000 27.8994
29.0000 29.9534
29.0000 28.1527
29.0000 28.8789
29.0000 29.1381
29.0000 29.9535
29.0000 29.3589
29.0000 29.2828
29.0000 29.6712
29.0000 28.8550
29.0000 28.4534
29.0000 29.0264
29.0000 29.0380
29.0000 28.8654
29.0000 29.3405
29.0000 27.3989
29.0000 28.6983
29.0000 28.3395
29.0000 29.1354
29.0000 29.4781
29.0000 28.9234
29.0000 29.2934
29.0000 29.3814
29.0000 29.3206
29.0000 28.7821
29.0000 28.5374
29.0000 28.4830
29.0000 30.5539
29.0000 29.8700
29.0000 29.5919
29.0000 28.2921
29.0000 29.2782
29.0000 28.8316
29.0000 29.3649
29.0000 26.9167
29.0000 28.9146
29.0000 28.6796
29.0000 28.9595
29.0000 28.5835
29.0000 28.6183
29.0000 29.7227
29.0000 28.8481
29.0000 30.4930
29.0000 28.8406
29.0000 28.4610
29.0000 29.6152
29.0000 28.3581
29.0000 29.3821
29.0000 29.2184
29.0000 28.9008
29.0000 28.3611
29.0000 29.6980
29.0000 29.0746
29.0000 29.0739
29.0000 28.8487
29.0000 28.5007
29.0000 29.7547
29.0000 29.3225
29.0000 29.1696
29.0000 29.9788
29.0000 29.5291
29.0000 29.1171
29.0000 29.2617
29.0000 28.0810
29.0000 28.8437
29.0000 29.1901
29.0000 28.8816
29.0000 29.0380
29.0000 29.4011
29.0000 28.9648
29.0000 28.6980
29.0000 28.5844
29.0000 28.3543
29.0000 28.9825
29.0000 27.9195
29.0000 29.0795
29.0000 29.4954
29.0000 29.5421
29.0000 29.1280
29.0000 27.0205
29.0000 28.5959
29.0000 30.0574
29.0000 29.7443
29.0000 27.7008
29.0000 29.3698
29.0000 28.2454
29.0000 28.9097
29.0000 29.1619
29.0000 29.6048
29.0000 28.5468
29.0000 30.8571
29.0000 29.5736
29.0000 28.6838
29.0000 29.6099
29.0000 29.9748
29.0000 29.1375
29.0000 29.1570
29.0000 29.4124
29.0000 28.5589
29.0000 28.5870
29.0000 28.9216
29.0000 28.2718
29.0000 27.7336
29.0000 29.2766
29.0000 28.0289
29.0000 29.1836
29.0000 29.0446
29.0000 29.2198
29.0000 29.2462
29.0000 28.5991
29.0000 29.5797
29.0000 29.5591
29.0000 29.1896
29.0000 29.0127
29.0000 29.8272
29.0000 29.1758
29.0000 29.3377
29.0000 29.2254
29.0000 29.6596
29.0000 29.3121
29.0000 29.6292
29.0000 29.2376
29.0000 29.0671
29.0000 29.0884
29.0000 29.5901
29.0000 29.4379
29.0000 28.0920
29.0000 29.2410
29.0000 28.9200
29.0000 29.4641
29.0000 28.3714
29.0000 28.9239
29.0000 28.8369
29.0000 29.8685
29.0000 28.6859
29.0000 29.1691
29.0000 28.7954
29.0000 29.2405
29.0000 29.3702
29.0000 29.1655
29.0000 28.9047
29.0000 29.7204
29.0000 29.4152
29.0000 28.7940
29.0000 29.5524
29.0000 28.6069
29.0000 28.9386
29.0000 27.2075
29.0000 27.9414
29.0000 28.8675
29.0000 28.8418
29.0000 29.7302
29.0000 28.9967
29.0000 29.1781
29.0000 29.1053
29.0000 29.2511
29.0000 29.1667
29.0000 29.0620
29.0000 28.7314
29.0000 29.3942
29.0000 29.0071
29.0000 28.4861
29.0000 28.3958
29.0000 29.6245
29.0000 29.4580
29.0000 29.1144
29.0000 29.1038
29.0000 28.8134
29.0000 29.2980
29.0000 29.5903
29.0000 28.9569
29.0000 28.6956
29.0000 28.3012
29.0000 28.9057
29.0000 29.5848
29.0000 28.3738
29.0000 28.4072
29.0000 29.3385
29.0000 29.9217
29.0000 29.1418
29.0000 29.2647
29.0000 29.5420
29.0000 29.4511
29.0000 28.3580
29.0000 28.2443
29.0000 28.5085
29.0000 28.7235
29.0000 29.2799
29.0000 29.6619
29.0000 30.0860
29.0000 27.8491
29.0000 29.7575
29.0000 29.4938
29.0000 28.8274
29.0000 28.5270
29.0000 28.2458
29.0000 29.3855
29.0000 28.5731
29.0000 29.3463
29.0000 28.7438
29.0000 28.4113
29.0000 28.2567
29.0000 28.9140
29.0000 29.2920
29.0000 28.9958
29.0000 27.3051
29.0000 28.9865
29.0000 29.5082
29.0000 28.3384
29.0000 29.1395
29.0000 30.0560
29.0000 30.2933
29.0000 29.2755
29.0000 28.7072
29.0000 29.8711
29.0000 29.4841
29.0000 29.7014
29.0000 28.4604
29.0000 28.2005
29.0000 29.3551
29.0000 28.1467
29.0000 28.3542
29.0000 29.5265
29.0000 29.4102
29.0000 28.8375
29.0000 29.0982
29.0000 29.6742
29.0000 28.9275
29.0000 28.1791
29.0000 29.0732
29.0000 29.7789
29.0000 28.5428
29.0000 29.3522
29.0000 30.1896
29.0000 28.9661
29.0000 29.5640
29.0000 29.0416
29.0000 28.8070
29.0000 28.3067
29.0000 28.9387
29.0000 29.4136
29.0000 28.9748
29.0000 29.8826
29.0000 28.3550
29.0000 29.3960
29.0000 28.5100
29.0000 29.1400
29.0000 29.5645
29.0000 28.8356
29.0000 29.6111
29.0000 28.7774
29.0000 27.4799
29.0000 29.3581
29.0000 29.9969
29.0000 27.9691
29.0000 29.0656
29.0000 28.3769
29.0000 29.7267
29.0000 29.6500
29.0000 29.1656
29.0000 29.0748
29.0000 28.1533
29.0000 29.2776
29.0000 30.4259
29.0000 29.6985
29.0000 29.3325
29.0000 29.1032
29.0000 28.9894
29.0000 29.2253
29.0000 27.1957
29.0000 29.0873
29.0000 27.7903
29.0000 29.1774
29.0000 30.0302
29.0000 28.1641
29.0000 29.3745
29.0000 28.8623
29.0000 29.9327
29.0000 29.5252
29.0000 29.2263
29.0000 29.2140
29.0000 29.8825
29.0000 29.7759
29.0000 29.2648
29.0000 29.3336
29.0000 29.0349
29.0000 28.9668
29.0000 28.8822
29.0000 29.6476
29.0000 29.7059
29.0000 28.7196
29.0000 29.2272
29.0000 28.0862
29.0000 28.8967
29.0000 29.9800
29.0000 29.0109
29.0000 27.9737
29.0000 29.2589
29.0000 28.4962
29.0000 28.9032
29.0000 27.7646
29.0000 27.9395
29.0000 28.0494
29.0000 29.6899
29.0000 30.5383
29.0000 30.1060
29.0000 27.9452
29.0000 28.4172
29.0000 29.3647
29.0000 29.1191
29.0000 28.9853
29.0000 27.6082
29.0000 28.7443
29.0000 28.0832
29.0000 29.1205
29.0000 29.4800
29.0000 28.6328
29.0000 30.2349
29.0000 29.0324
29.0000 29.8301
29.0000 30.1948
29.0000 29.4273
29.0000 27.9477
29.0000 29.0318
29.0000 28.5868
29.0000 28.4238
29.0000 28.0628
29.0000 28.6817
29.0000 28.6011
29.0000 29.2921
29.0000 28.7268
29.0000 29.1998
29.0000 28.2713
29.0000 29.1508
29.0000 29.9314
29.0000 28.9953
29.0000 29.1108
29.0000 29.5580
29.0000 28.7938
29.0000 29.4148
29.0000 29.0291
29.0000 28.8905
29.0000 28.5846
29.0000 28.1925
29.0000 28.8367
29.0000 28.9317
29.0000 29.0376
29.0000 28.4871
29.0000 30.1469
29.0000 28.0967
29.0000 29.3789
29.0000 29.7299
29.0000 29.3122
29.0000 29.5079
29.0000 28.2829
29.0000 30.2590
29.0000 28.3831
29.0000 29.3102
29.0000 28.7869
29.0000 29.1802
29.0000 27.9529
29.0000 28.9412
29.0000 28.5870
29.0000 29.1727
29.0000 28.0985
29.0000 29.0186
29.0000 29.2682
29.0000 28.9602
29.0000 28.9632
29.0000 29.7345
29.0000 28.7922
29.0000 29.2091
29.0000 29.2411
29.0000 29.3736
29.0000 28.6887
29.0000 28.8569
29.0000 28.7634
29.0000 28.6904
29.0000 28.5753
29.0000 29.1370
29.0000 27.9937
29.0000 28.9360
29.0000 28.8991
29.0000 29.7873
29.0000 29.7186
29.0000 28.3229
29.0000 29.3063
29.0000 29.0993
29.0000 29.4202
29.0000 28.5451
29.0000 29.5599
29.0000 28.2071
29.0000 28.3392
29.0000 29.3238
29.0000 29.0850
29.0000 29.6624
29.0000 29.1416
29.0000 29.9452
29.0000 29.1433
29.0000 29.4989
29.0000 29.1804
29.0000 28.8755
29.0000 29.0148
29.0000 28.1852
29.0000 28.6085
29.0000 28.4635
29.0000 29.0864
29.0000 29.1487
29.0000 28.5330
29.0000 29.7815
29.0000 29.5372
29.0000 28.7997
29.0000 29.2630
29.0000 28.5300
29.0000 29.2038
29.0000 29.9289
29.0000 29.1970
29.0000 28.0968
29.0000 28.1652
29.0000 29.2899
29.0000 29.4118
29.0000 28.5819
29.0000 29.0287
29.0000 28.2875
29.0000 29.3445
29.0000 28.9750
29.0000 30.0015
29.0000 28.9025
29.0000 29.0370
29.0000 29.8932
29.0000 28.1919
29.0000 28.6936
29.0000 29.3289
29.0000 29.1515
29.0000 28.8015
29.0000 29.6489
29.0000 28.1714
29.0000 28.7146
29.0000 29.4674
29.0000 29.2436
29.0000 28.8052
29.0000 29.7681
29.0000 27.6472
29.0000 28.0027
29.0000 29.7238
29.0000 29.6339
29.0000 29.2540
29.0000 29.3953
29.0000 28.5195
29.0000 29.7494
29.0000 28.4856
29.0000 28.9311
29.0000 28.0966
29.0000 29.0771
29.0000 29.7901
29.0000 30.1673
29.0000 28.7331
29.0000 28.0938
29.0000 29.2016
29.0000 28.9690
29.0000 28.8459
29.0000 28.7861
29.0000 28.1263
29.0000 29.1475
29.0000 28.7511
29.0000 28.5701
29.0000 29.9587
29.0000 28.9656
29.0000 28.6589
29.0000 28.6706
29.0000 28.7557
29.0000 28.6966
29.0000 28.4499
29.0000 29.1071
29.0000 28.0654
29.0000 29.4247
29.0000 29.1066
29.0000 29.6811
29.0000 29.2610
29.0000 28.7026
29.0000 28.4119
29.0000 28.4370
29.0000 28.5289
29.0000 28.5964
29.0000 28.9472
29.0000 28.8789
29.0000 29.7297
29.0000 28.6311
29.0000 29.5447
29.0000 28.7059
29.0000 27.8744
29.0000 29.2267
29.0000 28.4008
29.0000 29.5984
29.0000 29.2600
29.0000 29.3316
29.0000 28.0996
29.0000 28.5358
29.0000 28.7471
29.0000 28.9941
29.0000 29.9204
29.0000 29.2359
29.0000 28.9035
29.0000 30.0656
29.0000 30.0286
