3.0000 3.4982
3.0000 3.8357
3.0000 4.3921
3.0000 3.4444
3.0000 3.4722
3.0000 4.4162
3.0000 4.0161
3.0000 4.0718
3.0000 3.4593
3.0000 3.1740
3.0000 3.9155
3.0000 4.3546
3.0000 3.6200
3.0000 5.3298
3.0000 3.8210
3.0000 3.1252
3.0000 3.6361
3.0000 3.3217
3.0000 2.3778
3.0000 4.0670
3.0000 4.2214
3.0000 4.2549
3.0000 3.9163
3.0000 3.8509
3.0000 3.9427
3.0000 2.9258
3.0000 4.3256
3.0000 4.4813
3.0000 3.3132
3.0000 3.3433
3.0000 3.6386
3.0000 3.9109
3.0000 3.0783
3.0000 4.2486
3.0000 4.8052
3.0000 3.2748
3.0000 3.6511
3.0000 4.4995
3.0000 3.8770
3.0000 3.9753
3.0000 3.2663
3.0000 4.6902
3.0000 3.7890
3.0000 3.6338
3.0000 3.9346
3.0000 3.6402
3.0000 4.0427
3.0000 3.3058
3.0000 4.2969
3.0000 3.8106
3.0000 2.9509
3.0000 2.3087
3.0000 3.5334
3.0000 4.1791
3.0000 4.1749
3.0000 3.0189
3.0000 3.2491
3.0000 3.1141
3.0000 4.2301
3.0000 4.0084
3.0000 3.7980
3.0000 4.9747
3.0000 3.6924
3.0000 3.3777
3.0000 2.7015
3.0000 4.2888
3.0000 3.8157
3.0000 4.1763
3.0000 3.6918
3.0000 4.6723
3.0000 4.0804
3.0000 2.8643
3.0000 3.1674
3.0000 3.5999
3.0000 4.4498
3.0000 4.1098
3.0000 2.6060
3.0000 4.9749
3.0000 4.8451
3.0000 3.9226
3.0000 3.2249
3.0000 3.9460
3.0000 3.8416
3.0000 3.0422
3.0000 3.4698
3.0000 4.5672
3.0000 4.1549
3.0000 4.1312
3.0000 3.7363
3.0000 3.3085
3.0000 3.4699
3.0000 3.0458
3.0000 3.4123
3.0000 4.1656
3.0000 5.1031
3.0000 3.7122
3.0000 4.2800
3.0000 3.2936
3.0000 3.1764
3.0000 4.0382
3.0000 4.3053
3.0000 4.7243
3.0000 3.5218
3.0000 3.9338
3.0000 3.1477
3.0000 4.0157
3.0000 3.3688
3.0000 4.5629
3.0000 3.4071
3.0000 3.5611
3.0000 3.6629
3.0000 4.1857
3.0000 3.5017
3.0000 3.1053
3.0000 3.9093
3.0000 4.2348
3.0000 2.5355
3.0000 3.7837
3.0000 2.7759
3.0000 4.0933
3.0000 3.3044
3.0000 3.7033
3.0000 3.9983
3.0000 3.7192
3.0000 3.1452
3.0000 3.2634
3.0000 3.2646
3.0000 3.5501
3.0000 3.5666
3.0000 4.6140
3.0000 3.6701
3.0000 2.6952
3.0000 4.1898
3.0000 4.3797
3.0000 4.1154
3.0000 4.8758
3.0000 4.2677
3.0000 3.9553
3.0000 4.2327
3.0000 3.4484
3.0000 3.4953
3.0000 3.7609
3.0000 4.4499
3.0000 3.8031
3.0000 4.4318
3.0000 4.1431
3.0000 3.7637
3.0000 3.2419
3.0000 4.3210
3.0000 3.2466
3.0000 3.6517
3.0000 3.1419
3.0000 2.9157
3.0000 4.7081
3.0000 3.7277
3.0000 4.8650
3.0000 4.5427
3.0000 3.8121
3.0000 3.5476
3.0000 4.6655
3.0000 3.1476
3.0000 3.8468
3.0000 2.3719
3.0000 4.6368
3.0000 3.3563
3.0000 4.7875
3.0000 3.8458
3.0000 3.1607
3.0000 2.7040
3.0000 4.6244
3.0000 3.8389
3.0000 3.2824
3.0000 3.0865
3.0000 4.3763
3.0000 4.2969
3.0000 3.3576
3.0000 3.3276
3.0000 3.3339
3.0000 2.9203
3.0000 3.1237
3.0000 4.5857
3.0000 3.3970
3.0000 3.8745
3.0000 3.6590
3.0000 3.5146
3.0000 4.3597
3.0000 3.1249
3.0000 2.8709
3.0000 4.1453
3.0000 4.1073
3.0000 5.1281
3.0000 4.2770
3.0000 4.2375
3.0000 4.0619
3.0000 4.0961
3.0000 4.3490
3.0000 3.8816
3.0000 3.5453
3.0000 4.3290
3.0000 4.6771
3.0000 2.6578
3.0000 4.0259
3.0000 2.5350
3.0000 3.5761
3.0000 4.6594
3.0000 3.6578
3.0000 3.8757
3.0000 3.8332
3.0000 4.3727
3.0000 3.6953
3.0000 3.0116
3.0000 3.0766
3.0000 3.2166
3.0000 3.6012
3.0000 3.5228
3.0000 4.3439
3.0000 4.3726
3.0000 3.3924
3.0000 4.3961
3.0000 3.8312
3.0000 2.8800
3.0000 4.0163
3.0000 4.2728
3.0000 5.0716
3.0000 4.1889
3.0000 4.3636
3.0000 3.8086
3.0000 4.0616
3.0000 4.0385
3.0000 3.3101
3.0000 4.5356
3.0000 3.9823
3.0000 4.6623
3.0000 3.5510
3.0000 4.2107
3.0000 3.4820
3.0000 3.4683
3.0000 3.9876
3.0000 3.1986
3.0000 3.8838
3.0000 4.5631
3.0000 3.6962
3.0000 3.6337
3.0000 4.2981
3.0000 4.0677
3.0000 3.7894
3.0000 3.4016
3.0000 4.1697
3.0000 4.5587
3.0000 4.4168
3.0000 3.2176
3.0000 3.9280
3.0000 4.1435
3.0000 4.1857
3.0000 3.4682
3.0000 3.6399
3.0000 3.3098
3.0000 3.2795
3.0000 2.4878
3.0000 4.0787
3.0000 4.6770
3.0000 3.4979
3.0000 4.5732
3.0000 4.5441
3.0000 3.8326
3.0000 4.4213
3.0000 3.3883
3.0000 4.7243
3.0000 3.1648
3.0000 4.5391
3.0000 4.0530
3.0000 3.2932
3.0000 3.6620
3.0000 4.7722
3.0000 4.3092
3.0000 4.1433
3.0000 4.7220
3.0000 3.3535
3.0000 3.8839
3.0000 2.8553
3.0000 4.2524
3.0000 4.4439
3.0000 4.4782
3.0000 4.8521
3.0000 3.9323
3.0000 3.5208
3.0000 3.6292
3.0000 4.4190
3.0000 3.3429
3.0000 2.9535
3.0000 3.9543
3.0000 4.7606
3.0000 3.3463
3.0000 2.7331
3.0000 4.5624
3.0000 2.8164
3.0000 3.9735
3.0000 4.4961
3.0000 3.5950
3.0000 3.9656
3.0000 4.9075
3.0000 3.9628
3.0000 4.3419
3.0000 4.3637
3.0000 4.9535
3.0000 4.3776
3.0000 3.4470
3.0000 3.1068
3.0000 2.1806
3.0000 3.4825
3.0000 3.9506
3.0000 4.1894
3.0000 4.5448
3.0000 3.3181
3.0000 4.7138
3.0000 4.2598
3.0000 4.8542
3.0000 3.6520
3.0000 3.7967
3.0000 3.9381
3.0000 4.1633
3.0000 2.7528
3.0000 4.2455
3.0000 4.2131
3.0000 3.1937
3.0000 3.2418
3.0000 4.3280
3.0000 3.5279
3.0000 3.2368
3.0000 4.7234
3.0000 4.2859
3.0000 3.9244
3.0000 3.6917
3.0000 3.3850
3.0000 4.4029
3.0000 4.8122
3.0000 4.8854
3.0000 3.2223
3.0000 2.9763
3.0000 3.5940
3.0000 2.9879
3.0000 3.5401
3.0000 4.5117
3.0000 3.0633
3.0000 3.0633
3.0000 3.6182
3.0000 4.3973
3.0000 3.9366
3.0000 3.0071
3.0000 4.0060
3.0000 3.1919
3.0000 4.0810
3.0000 3.8732
3.0000 4.1452
3.0000 3.5126
3.0000 3.6143
3.0000 4.4135
3.0000 3.2183
3.0000 3.7009
3.0000 3.8481
3.0000 4.1208
3.0000 4.7545
3.0000 3.6399
3.0000 3.9477
3.0000 3.9249
3.0000 2.4387
3.0000 3.9646
3.0000 3.0030
3.0000 2.8473
3.0000 3.6993
3.0000 3.5641
3.0000 3.9555
3.0000 3.3936
3.0000 4.0227
3.0000 3.1189
3.0000 4.1248
3.0000 3.8348
3.0000 3.1961
3.0000 4.1935
3.0000 3.5129
3.0000 3.7840
3.0000 3.2945
3.0000 3.9725
3.0000 3.8829
3.0000 3.3607
3.0000 3.1656
3.0000 3.6781
3.0000 3.4102
3.0000 3.7623
3.0000 4.4008
3.0000 3.8550
3.0000 4.7933
3.0000 4.2728
3.0000 4.1428
3.0000 4.2856
3.0000 4.0458
3.0000 3.8536
3.0000 3.0426
3.0000 3.9077
3.0000 3.7319
3.0000 4.4256
3.0000 3.9110
3.0000 3.3192
3.0000 3.9986
3.0000 4.0090
3.0000 4.4445
3.0000 3.9210
3.0000 3.6958
3.0000 3.3278
3.0000 3.7062
3.0000 4.2183
3.0000 3.8937
3.0000 4.3544
3.0000 4.0349
3.0000 3.2959
3.0000 3.6408
3.0000 4.2314
3.0000 4.4844
3.0000 4.1004
3.0000 4.0965
3.0000 4.0264
3.0000 3.9858
3.0000 3.6452
3.0000 3.6959
3.0000 3.3301
3.0000 3.9927
3.0000 4.1193
3.0000 3.1657
3.0000 4.0305
3.0000 3.6778
3.0000 4.0862
3.0000 4.1248
3.0000 3.6869
3.0000 4.1728
3.0000 4.3748
3.0000 3.4305
3.0000 3.7366
3.0000 2.6685
3.0000 3.5877
3.0000 4.5735
3.0000 4.4949
3.0000 4.4172
3.0000 2.9188
3.0000 3.3157
3.0000 3.5770
3.0000 3.1589
3.0000 4.1405
3.0000 3.5344
3.0000 3.9121
3.0000 4.6433
3.0000 3.2430
3.0000 2.9262
3.0000 4.1695
3.0000 3.9461
3.0000 4.0491
3.0000 3.5976
3.0000 3.6683
3.0000 4.5605
3.0000 4.2259
3.0000 4.3920
3.0000 4.0189
3.0000 3.5015
3.0000 4.1844
3.0000 4.0638
3.0000 2.8213
3.0000 3.5709
3.0000 3.0091
3.0000 3.0832
3.0000 3.4260
3.0000 4.1051
3.0000 3.6441
3.0000 3.7233
3.0000 4.3965
3.0000 4.1626
3.0000 3.5809
3.0000 2.4843
3.0000 3.3401
3.0000 4.9890
3.0000 2.1776
3.0000 2.5333
3.0000 3.2713
3.0000 4.8891
3.0000 4.5769
3.0000 3.2483
3.0000 3.2047
3.0000 4.6229
3.0000 2.3327
3.0000 4.2332
3.0000 2.9704
3.0000 4.5614
3.0000 4.4709
3.0000 3.3206
3.0000 3.9871
3.0000 4.4153
3.0000 3.8520
3.0000 4.3124
3.0000 3.7370
3.0000 3.3180
3.0000 3.8411
3.0000 3.5343
3.0000 3.8756
3.0000 3.9931
3.0000 3.7036
3.0000 3.8975
3.0000 3.3313
3.0000 3.6947
3.0000 3.1894
3.0000 4.0866
3.0000 3.2351
3.0000 3.5166
3.0000 4.5014
3.0000 4.2528
3.0000 3.7711
3.0000 3.8918
3.0000 2.9746
3.0000 3.2827
3.0000 4.1352
3.0000 4.9769
3.0000 3.9213
3.0000 4.0681
3.0000 3.8105
3.0000 3.5455
3.0000 3.5272
3.0000 4.2126
3.0000 4.1172
3.0000 4.3564
3.0000 4.2055
3.0000 3.4199
3.0000 3.5494
3.0000 4.0677
3.0000 3.6820
3.0000 4.0242
3.0000 4.0400
3.0000 3.8832
3.0000 5.1803
3.0000 3.1774
3.0000 3.7368
3.0000 3.9258
3.0000 3.4804
3.0000 3.8948
3.0000 4.0094
3.0000 4.2018
3.0000 4.7554
3.0000 3.4650
3.0000 4.5458
3.0000 3.4444
3.0000 4.7803
3.0000 3.9361
3.0000 3.8530
3.0000 3.9587
3.0000 3.4587
3.0000 4.4501
3.0000 3.9742
3.0000 3.6962
3.0000 3.4384
3.0000 3.3588
3.0000 4.6718
3.0000 3.9606
3.0000 4.1186
3.0000 2.8878
3.0000 4.5773
3.0000 3.7480
3.0000 4.0438
3.0000 3.9723
3.0000 3.6879
3.0000 3.6883
3.0000 4.0443
3.0000 3.8630
3.0000 3.0301
3.0000 3.9973
3.0000 4.0677
3.0000 3.6073
3.0000 3.6106
3.0000 3.1426
3.0000 4.0157
3.0000 3.9531
3.0000 4.3898
3.0000 3.6188
3.0000 4.5028
3.0000 3.6779
3.0000 4.5153
3.0000 3.5902
3.0000 3.8049
3.0000 4.7356
3.0000 3.6232
3.0000 4.9789
3.0000 3.5565
3.0000 3.4652
3.0000 4.2089
3.0000 3.8417
3.0000 3.0045
3.0000 3.5098
3.0000 3.8617
3.0000 3.9443
3.0000 4.5028
3.0000 4.2792
3.0000 3.6396
3.0000 3.5878
3.0000 3.3963
3.0000 3.1001
3.0000 4.7540
3.0000 4.3697
3.0000 3.7485
3.0000 3.7298
3.0000 4.5964
3.0000 3.7375
3.0000 3.8534
3.0000 4.2652
3.0000 3.2505
3.0000 3.3414
3.0000 3.7706
3.0000 4.0011
3.0000 3.7688
3.0000 3.8378
3.0000 4.9990
3.0000 4.1028
3.0000 4.1569
3.0000 3.0110
3.0000 3.8090
3.0000 4.2229
3.0000 4.1020
3.0000 4.2933
3.0000 3.0843
3.0000 3.1701
3.0000 4.6174
3.0000 4.4205
3.0000 4.2269
3.0000 4.2812
3.0000 4.0699
3.0000 3.1646
3.0000 4.0716
3.0000 4.8635
3.0000 4.2634
3.0000 5.2548
3.0000 4.3983
3.0000 3.3545
3.0000 3.4218
3.0000 3.5518
3.0000 4.2825
3.0000 2.7993
3.0000 3.7333
3.0000 3.9348
3.0000 3.7623
3.0000 4.8998
3.0000 3.5110
3.0000 3.3270
3.0000 3.5962
3.0000 3.2659
3.0000 3.7525
3.0000 3.6799
3.0000 3.9329
3.0000 4.0340
3.0000 3.4106
3.0000 3.4238
3.0000 4.2787
3.0000 3.7959
3.0000 3.9784
3.0000 3.2567
3.0000 4.1062
3.0000 3.6579
3.0000 2.8541
3.0000 4.1337
3.0000 4.0273
3.0000 3.3076
3.0000 4.2627
3.0000 4.1432
3.0000 2.3257
3.0000 2.6250
3.0000 3.4348
3.0000 3.7975
3.0000 2.5675
3.0000 4.8456
3.0000 4.4799
3.0000 3.1756
3.0000 3.5686
3.0000 3.9841
3.0000 2.7324
3.0000 2.9780
3.0000 4.8141
3.0000 3.6221
3.0000 3.4322
3.0000 3.1342
3.0000 4.0640
3.0000 3.8271
3.0000 4.3098
3.0000 3.9665
3.0000 3.5222
3.0000 3.6222
3.0000 3.0011
3.0000 4.2594
3.0000 2.5336
3.0000 3.9935
3.0000 3.8751
3.0000 4.7162
3.0000 4.4263
3.0000 4.3129
3.0000 3.8495
3.0000 3.6049
3.0000 4.3305
3.0000 3.0194
3.0000 3.6891
3.0000 3.6216
3.0000 3.3519
3.0000 4.1298
3.0000 3.8075
3.0000 3.9646
3.0000 3.4758
3.0000 3.2961
3.0000 4.4808
3.0000 4.3464
3.0000 3.9289
3.0000 3.7402
3.0000 3.8709
3.0000 3.5607
3.0000 3.9450
3.0000 4.7215
3.0000 3.8987
3.0000 3.2067
3.0000 4.8633
3.0000 4.0258
3.0000 4.3166
3.0000 4.1590
3.0000 4.8413
3.0000 4.4394
3.0000 3.1337
3.0000 3.5100
3.0000 5.8020
3.0000 4.3573
3.0000 3.6791
3.0000 3.6394
3.0000 3.2422
3.0000 3.7909
3.0000 2.5816
3.0000 3.0170
3.0000 5.0878
3.0000 4.2330
3.0000 3.8569
3.0000 4.0681
3.0000 4.2568
3.0000 4.3453
3.0000 3.8076
3.0000 4.6770
3.0000 2.4967
3.0000 2.5964
3.0000 3.6362
3.0000 4.2874
3.0000 4.0603
3.0000 3.3844
3.0000 3.7565
3.0000 4.0462
3.0000 3.7513
3.0000 3.7530
3.0000 4.4394
3.0000 3.9188
3.0000 3.8242
3.0000 5.4563
3.0000 3.7768
3.0000 2.6561
3.0000 4.5519
3.0000 3.8979
3.0000 4.0947
3.0000 4.0554
3.0000 3.6446
3.0000 3.7093
3.0000 3.8679
3.0000 4.4920
3.0000 4.0084
3.0000 2.9488
3.0000 4.2243
3.0000 3.8971
3.0000 3.9446
3.0000 4.1420
3.0000 3.4847
3.0000 4.7005
3.0000 3.8946
3.0000 4.7853
3.0000 4.5855
3.0000 3.4544
3.0000 3.4661
3.0000 4.1212
3.0000 2.9104
3.0000 4.7462
3.0000 4.1974
3.0000 4.3436
3.0000 4.0558
3.0000 3.6679
3.0000 3.7249
3.0000 3.9612
3.0000 3.8718
3.0000 3.7685
3.0000 3.8758
3.0000 4.1691
3.0000 3.9734
3.0000 4.3512
3.0000 3.9890
3.0000 5.3681
3.0000 3.8416
3.0000 4.4257
3.0000 4.6254
3.0000 3.9800
3.0000 4.2338
3.0000 3.6680
3.0000 3.6944
3.0000 3.6089
3.0000 3.5468
3.0000 2.8330
3.0000 3.8477
3.0000 4.4036
3.0000 4.1299
3.0000 3.6890
3.0000 4.7336
3.0000 4.7054
3.0000 4.6129
3.0000 3.5628
3.0000 3.3053
3.0000 4.9742
3.0000 3.6394
3.0000 3.9748
3.0000 2.9456
3.0000 3.3655
3.0000 4.7959
3.0000 3.5968
3.0000 3.1839
3.0000 3.5597
3.0000 4.2801
3.0000 4.2949
3.0000 3.0843
3.0000 3.8245
3.0000 3.8111
3.0000 3.1538
3.0000 4.4322
3.0000 3.4956
3.0000 4.1250
3.0000 4.4416
3.0000 3.4875
3.0000 3.8555
3.0000 4.2085
3.0000 3.8970
3.0000 3.6884
3.0000 3.2572
3.0000 4.0148
3.0000 4.2683
3.0000 3.2908
3.0000 3.2728
3.0000 3.3586
3.0000 3.3958
3.0000 3.3212
3.0000 3.2233
3.0000 4.6019
3.0000 2.8632
3.0000 4.0820
3.0000 2.9421
3.0000 4.1852
3.0000 4.6262
3.0000 3.5103
3.0000 3.1932
3.0000 3.8027
3.0000 3.5950
3.0000 4.5210
3.0000 4.2344
3.0000 2.9991
3.0000 3.5583
3.0000 4.2757
3.0000 4.3259
3.0000 3.6001
3.0000 3.7537
3.0000 3.9367
3.0000 4.0511
3.0000 4.1477
3.0000 3.1962
3.0000 4.3027
3.0000 4.1472
3.0000 3.9894
3.0000 4.1133
3.0000 4.5422
3.0000 4.1291
3.0000 3.7346
3.0000 4.1635
3.0000 3.7330
3.0000 3.8324
3.0000 4.0651
3.0000 4.6972
3.0000 4.0406
3.0000 4.4785
3.0000 3.7280
3.0000 4.0765
3.0000 4.3211
3.0000 4.3641
3.0000 2.9661
3.0000 3.9572
3.0000 4.2463
3.0000 2.9400
3.0000 3.5859
3.0000 4.2636
3.0000 3.8342
3.0000 3.4908
3.0000 4.1593
3.0000 3.9073
3.0000 3.6035
3.0000 4.4124
3.0000 2.8270
3.0000 3.8461
3.0000 3.7665
3.0000 2.6963
3.0000 4.6196
3.0000 3.4950
3.0000 3.7813
3.0000 3.2944
3.0000 5.3311
3.0000 3.8922
3.0000 4.3515
3.0000 3.6322
3.0000 3.3596
3.0000 2.7207
3.0000 3.5002
3.0000 3.5793
3.0000 3.8733
3.0000 3.3106
3.0000 3.5843
3.0000 3.0694
3.0000 3.4771
3.0000 3.3087
3.0000 3.3328
3.0000 2.9633
3.0000 4.8083
3.0000 3.7595
3.0000 3.6709
3.0000 3.3217
3.0000 3.4395
3.0000 4.3105
3.0000 4.5505
3.0000 3.3590
3.0000 3.1138
3.0000 3.4294
3.0000 3.6033
3.0000 3.7106
3.0000 3.1539
3.0000 3.8894
3.0000 4.6939
3.0000 3.1802
3.0000 4.0454
3.0000 3.5048
3.0000 3.3395
3.0000 2.9420
3.0000 3.5548
3.0000 3.8005
3.0000 4.6797
3.0000 4.4546
3.0000 3.6421
3.0000 2.9327
3.0000 4.4103
3.0000 3.6850
3.0000 4.0161
3.0000 4.4412
3.0000 4.1020
3.0000 4.8918
3.0000 3.9037
3.0000 3.5436
3.0000 3.9989
3.0000 4.2712
3.0000 3.1957
3.0000 4.3201
3.0000 4.0815
3.0000 4.1447
3.0000 3.1760
3.0000 3.5200
3.0000 4.2147
3.0000 4.5275
3.0000 4.3751
3.0000 3.0952
3.0000 3.4733
3.0000 4.5068
3.0000 3.6094
3.0000 4.1951
3.0000 3.6533
3.0000 3.8918
3.0000 3.8351
3.0000 3.6486
3.0000 3.9304
3.0000 3.4636
3.0000 4.1242
3.0000 3.6756
3.0000 3.9725
3.0000 2.9143
3.0000 3.6635
3.0000 3.7663
3.0000 3.4991
3.0000 4.9172
3.0000 3.4172
3.0000 4.1069
3.0000 2.9296
3.0000 3.6530
3.0000 3.6015
3.0000 3.3631
3.0000 4.9898
3.0000 2.8818
3.0000 3.4637
3.0000 3.4826
3.0000 3.8240
3.0000 4.0028
3.0000 3.7487
3.0000 3.1693
3.0000 4.2290
3.0000 4.4916
3.0000 4.0862
3.0000 3.2812
3.0000 3.9632
3.0000 4.0846
3.0000 4.1536
3.0000 4.4772
3.0000 3.6996
3.0000 3.5449
3.0000 4.4957
3.0000 4.4177
3.0000 5.4678
3.0000 3.5986
3.0000 3.5374
3.0000 4.6030
3.0000 3.1429
3.0000 3.0831
3.0000 3.7696
3.0000 3.8938
3.0000 4.7241
3.0000 4.5154
3.0000 3.0618
3.0000 4.6073
3.0000 4.7033
3.0000 3.4622
3.0000 4.3361
3.0000 3.5135
3.0000 4.0146
3.0000 4.1325
3.0000 3.7228
3.0000 4.3998
3.0000 3.6425
3.0000 4.1904
3.0000 3.8249
3.0000 4.4030
3.0000 3.9839
3.0000 2.8014
3.0000 3.7271
3.0000 3.6577
3.0000 3.9499
3.0000 3.5196
3.0000 4.2091
3.0000 4.1663
3.0000 3.5643
3.0000 4.2097
3.0000 3.7884
3.0000 4.3370
3.0000 3.1241
3.0000 4.1335
3.0000 5.2581
3.0000 3.5973
3.0000 3.0444
3.0000 3.7539
3.0000 3.4583
3.0000 3.5067
3.0000 3.9644
3.0000 3.1829
3.0000 3.3767
3.0000 3.8368
3.0000 4.1517
3.0000 3.9121
3.0000 3.9583
3.0000 3.6290
3.0000 2.8676
3.0000 3.7544
3.0000 4.0538
3.0000 4.1211
3.0000 2.5948
3.0000 4.2179
3.0000 3.7401
3.0000 4.0410
3.0000 4.3129
3.0000 2.6300
3.0000 4.5126
3.0000 3.9562
3.0000 3.5524
3.0000 3.0053
3.0000 3.4241
3.0000 3.2688
3.0000 4.2818
3.0000 4.3372
3.0000 3.7021
3.0000 3.8860
3.0000 3.3329
3.0000 3.5736
3.0000 3.1778
3.0000 2.8826
3.0000 4.0048
3.0000 4.0514
3.0000 4.0959
3.0000 4.0073
3.0000 3.5627
3.0000 4.8213
3.0000 3.9455
3.0000 4.0709
3.0000 3.1653
3.0000 4.2118
3.0000 3.9448
3.0000 4.1090
3.0000 3.6782
3.0000 3.8175
3.0000 2.9382
3.0000 3.9594
3.0000 4.5242
3.0000 4.1140
3.0000 4.1522
3.0000 3.8341
3.0000 3.3528
3.0000 3.9568
3.0000 3.3202
3.0000 4.2676
3.0000 4.2793
3.0000 3.3616
3.0000 4.3029
3.0000 4.3457
3.0000 3.9271
3.0000 3.9302
3.0000 3.3621
3.0000 4.3007
3.0000 3.9256
3.0000 3.3460
3.0000 4.3525
3.0000 3.6199
3.0000 4.0445
3.0000 3.4690
3.0000 3.4762
3.0000 3.7822
3.0000 3.8052
3.0000 4.3327
3.0000 3.9841
3.0000 3.0827
3.0000 3.2386
3.0000 3.7144
3.0000 4.2594
3.0000 3.4455
3.0000 3.9555
3.0000 3.6286
3.0000 3.6220
3.0000 3.6146
3.0000 3.1096
3.0000 3.8557
3.0000 2.9649
3.0000 3.4256
3.0000 3.3985
3.0000 4.6928
3.0000 3.7922
3.0000 4.1245
3.0000 3.4568
3.0000 3.5327
3.0000 5.1789
3.0000 3.6020
3.0000 4.4222
3.0000 4.6096
3.0000 3.5697
3.0000 3.3527
3.0000 3.8552
3.0000 4.0675
3.0000 3.2938
3.0000 3.4175
3.0000 3.3976
3.0000 3.2102
3.0000 3.1011
3.0000 5.0829
3.0000 4.1187
3.0000 2.8069
3.0000 3.0698
3.0000 4.8083
3.0000 3.6406
3.0000 4.2612
3.0000 3.2580
3.0000 3.4633
3.0000 4.2832
3.0000 3.2728
3.0000 2.9082
3.0000 3.5955
3.0000 4.2071
3.0000 4.2090
3.0000 3.8302
3.0000 4.0967
3.0000 3.8278
3.0000 3.7835
3.0000 3.6812
3.0000 3.4324
3.0000 3.9626
3.0000 3.2270
3.0000 2.7487
3.0000 3.9860
3.0000 4.0749
3.0000 4.6377
3.0000 4.0748
3.0000 2.6570
3.0000 4.0281
3.0000 2.7574
3.0000 3.7299
3.0000 3.5758
3.0000 3.7060
3.0000 3.9326
3.0000 4.1958
3.0000 4.8738
3.0000 3.5483
3.0000 4.3226
3.0000 4.9131
3.0000 4.1374
3.0000 5.0763
3.0000 4.0993
3.0000 4.5713
3.0000 3.3262
3.0000 3.5474
3.0000 4.0536
3.0000 4.2238
3.0000 4.1765
3.0000 3.9124
3.0000 4.0784
3.0000 3.3826
3.0000 4.0814
3.0000 4.7286
3.0000 3.8777
3.0000 3.4570
3.0000 3.9170
3.0000 3.5421
3.0000 3.7826
3.0000 3.9025
3.0000 4.3833
3.0000 3.5622
3.0000 3.5811
3.0000 3.4755
3.0000 4.0984
3.0000 3.8664
3.0000 3.7079
3.0000 3.2128
3.0000 4.4914
3.0000 3.3023
3.0000 3.6421
3.0000 4.1483
3.0000 3.5461
3.0000 3.3192
3.0000 4.2141
3.0000 3.1970
3.0000 3.6966
3.0000 4.0261
3.0000 4.0839
3.0000 3.9337
3.0000 3.7250
3.0000 4.5018
3.0000 3.6863
3.0000 3.1139
3.0000 3.6324
3.0000 4.3344
3.0000 4.1868
3.0000 3.1030
3.0000 3.8245
3.0000 3.6022
3.0000 4.4307
3.0000 4.4859
3.0000 4.0414
3.0000 3.4721
3.0000 3.6641
3.0000 4.2444
3.0000 3.7051
3.0000 4.4578
3.0000 3.9996
3.0000 3.7312
3.0000 4.1203
3.0000 3.0921
3.0000 4.6576
3.0000 3.8617
3.0000 3.6093
3.0000 3.9513
3.0000 3.3261
3.0000 4.4947
3.0000 4.0029
3.0000 3.7624
3.0000 3.3304
3.0000 2.9206
3.0000 4.4322
3.0000 3.8845
3.0000 4.8765
3.0000 3.5405
3.0000 4.3489
3.0000 3.8526
3.0000 4.1302
3.0000 3.6947
3.0000 4.3799
3.0000 3.8858
3.0000 4.2602
3.0000 4.1043
3.0000 3.7439
3.0000 4.2149
3.0000 3.8124
3.0000 3.0312
3.0000 3.9904
3.0000 2.9649
3.0000 4.0491
3.0000 3.8570
3.0000 3.9001
3.0000 3.6537
3.0000 4.0142
3.0000 2.7794
3.0000 3.2492
3.0000 3.4402
3.0000 4.4002
3.0000 2.9405
3.0000 3.2701
3.0000 4.4505
3.0000 4.2594
3.0000 4.4014
3.0000 3.6003
3.0000 2.8681
3.0000 3.9130
3.0000 3.0291
3.0000 3.7218
3.0000 4.2573
3.0000 3.5931
3.0000 3.3927
3.0000 4.5081
3.0000 4.3986
3.0000 4.0990
3.0000 3.9630
3.0000 4.4997
3.0000 4.0355
3.0000 3.5835
3.0000 3.8422
3.0000 2.7650
3.0000 2.9714
3.0000 4.0494
3.0000 3.1934
3.0000 4.5182
3.0000 3.7482
3.0000 2.8312
3.0000 3.8439
3.0000 3.6975
3.0000 3.7944
3.0000 4.1851
3.0000 4.5693
3.0000 3.6830
3.0000 3.3620
3.0000 3.4632
3.0000 4.5059
3.0000 4.8057
3.0000 3.0613
3.0000 3.0867
3.0000 4.2811
3.0000 4.0711
3.0000 3.6879
3.0000 4.0687
3.0000 4.1425
3.0000 3.6264
3.0000 3.3474
3.0000 4.5226
3.0000 3.0870
3.0000 3.1863
3.0000 2.1874
3.0000 4.0081
3.0000 2.9713
3.0000 4.0098
3.0000 3.2540
3.0000 4.6030
3.0000 3.7154
3.0000 3.8397
3.0000 4.2304
3.0000 3.5404
3.0000 3.7856
3.0000 4.2453
3.0000 3.7593
3.0000 3.3118
3.0000 3.3274
3.0000 4.9192
3.0000 3.7209
3.0000 3.4014
3.0000 2.6925
3.0000 3.1214
3.0000 4.3618
3.0000 4.5032
3.0000 4.0264
3.0000 3.5884
3.0000 2.8975
3.0000 3.3138
3.0000 4.5208
3.0000 3.2231
3.0000 4.7668
3.0000 3.6733
3.0000 4.4464
3.0000 3.8268
3.0000 4.7842
3.0000 2.6312
3.0000 3.9836
3.0000 3.2952
3.0000 4.7845
3.0000 5.1251
3.0000 3.7730
3.0000 3.6507
3.0000 3.6913
3.0000 3.6143
3.0000 3.7182
3.0000 4.2896
3.0000 2.7847
3.0000 4.9070
3.0000 3.1720
3.0000 4.0819
3.0000 4.4896
3.0000 3.7813
3.0000 3.2320
3.0000 3.6904
3.0000 4.0810
3.0000 3.4007
3.0000 3.4663
3.0000 4.2659
3.0000 4.6043
3.0000 3.2163
3.0000 3.5202
3.0000 4.0959
3.0000 2.9293
3.0000 3.6721
3.0000 4.3602
3.0000 3.6144
3.0000 4.0682
3.0000 4.5327
3.0000 3.5153
3.0000 4.3273
3.0000 2.9629
3.0000 2.7545
3.0000 3.4457
3.0000 4.5152
3.0000 3.6852
3.0000 3.1029
3.0000 5.1140
3.0000 4.0116
3.0000 4.1787
3.0000 4.2620
3.0000 3.3007
3.0000 3.2745
3.0000 4.6669
3.0000 2.4656
3.0000 4.0249
3.0000 3.5419
3.0000 3.3633
3.0000 3.3426
3.0000 3.8975
3.0000 4.5596
3.0000 3.6261
3.0000 3.0575
3.0000 3.5494
3.0000 4.5685
3.0000 3.6607
3.0000 3.5002
3.0000 3.5916
3.0000 3.3321
3.0000 3.7979
3.0000 3.8216
3.0000 3.9671
3.0000 2.7927
3.0000 3.7293
3.0000 3.2751
3.0000 3.3709
3.0000 3.3783
3.0000 2.9538
3.0000 3.6033
3.0000 3.3553
3.0000 2.6458
3.0000 4.3021
3.0000 3.7758
3.0000 3.7574
3.0000 4.7443
3.0000 3.2624
3.0000 3.6432
3.0000 3.7436
3.0000 3.4271
3.0000 3.5591
3.0000 3.0417
3.0000 3.8722
3.0000 4.2051
3.0000 3.8159
3.0000 3.5710
3.0000 3.2825
3.0000 3.4450
3.0000 4.0596
3.0000 3.8640
3.0000 4.6959
3.0000 3.7875
3.0000 3.6483
3.0000 3.5546
3.0000 2.8374
3.0000 3.5216
3.0000 2.9112
3.0000 3.9584
3.0000 3.6305
3.0000 3.8720
3.0000 3.7180
3.0000 3.3408
3.0000 2.2524
3.0000 4.1370
3.0000 2.8494
3.0000 3.5912
3.0000 3.4886
3.0000 3.4216
3.0000 3.3482
3.0000 3.0196
3.0000 4.0468
3.0000 3.0806
3.0000 4.8499
3.0000 3.8471
3.0000 4.1284
3.0000 4.1914
3.0000 3.9288
3.0000 3.8420
3.0000 3.7990
3.0000 4.1959
3.0000 3.5713
3.0000 4.2694
3.0000 3.8089
3.0000 4.0259
3.0000 4.3006
3.0000 3.0477
3.0000 3.3217
3.0000 3.8744
3.0000 3.4509
3.0000 3.6103
3.0000 4.6048
3.0000 3.8812
3.0000 4.0027
3.0000 3.5488
3.0000 4.6139
3.0000 4.3469
3.0000 4.4449
3.0000 3.2890
3.0000 3.8026
3.0000 2.3732
3.0000 2.6894
3.0000 3.3049
3.0000 3.3936
3.0000 3.0526
3.0000 3.8411
3.0000 3.6537
3.0000 3.5835
3.0000 4.3468
3.0000 3.7439
3.0000 3.2528
3.0000 3.7836
3.0000 4.0959
3.0000 3.4438
3.0000 3.9769
3.0000 4.2266
3.0000 2.3322
3.0000 2.9021
3.0000 3.2166
3.0000 3.8047
3.0000 4.0350
3.0000 4.0007
3.0000 5.0324
3.0000 4.5262
3.0000 4.8590
3.0000 3.9557
3.0000 3.8961
3.0000 3.9534
3.0000 4.5391
3.0000 3.0567
3.0000 3.4683
3.0000 3.7227
3.0000 4.3234
3.0000 3.9325
3.0000 3.2709
3.0000 3.2591
3.0000 4.0361
3.0000 3.0911
3.0000 4.5292
3.0000 4.5943
3.0000 3.9354
3.0000 3.6388
3.0000 4.0648
3.0000 4.2903
3.0000 4.5645
3.0000 3.7450
3.0000 3.4706
3.0000 3.8512
3.0000 4.6551
3.0000 3.6580
3.0000 2.6929
3.0000 4.1492
3.0000 3.5614
3.0000 4.3246
3.0000 3.8455
3.0000 4.4279
3.0000 3.2016
3.0000 3.8108
3.0000 4.1727
3.0000 3.7221
3.0000 3.5994
3.0000 3.5290
3.0000 3.9808
3.0000 4.3386
3.0000 4.3923
3.0000 3.2461
3.0000 2.9851
3.0000 3.8884
3.0000 4.5783
3.0000 3.1667
3.0000 2.8013
3.0000 4.1756
3.0000 4.2907
3.0000 3.7129
3.0000 3.5667
3.0000 4.1800
3.0000 3.7220
3.0000 3.7128
3.0000 4.3360
3.0000 3.6062
3.0000 3.8057
3.0000 4.0746
3.0000 2.8960
3.0000 4.0010
3.0000 3.5016
3.0000 2.9488
3.0000 3.7265
3.0000 3.9321
3.0000 4.3406
3.0000 3.9426
3.0000 4.4404
3.0000 4.9909
3.0000 4.2947
3.0000 4.0221
3.0000 3.5354
3.0000 3.7500
3.0000 3.9716
3.0000 4.0045
3.0000 3.3401
3.0000 3.3977
3.0000 4.6407
3.0000 3.5265
3.0000 3.0623
3.0000 3.7770
3.0000 4.2723
3.0000 3.3813
3.0000 3.9408
3.0000 3.4101
3.0000 4.0430
3.0000 4.5623
3.0000 3.7931
3.0000 3.9410
3.0000 3.8239
3.0000 3.3418
3.0000 3.8652
3.0000 3.5664
3.0000 4.6664
3.0000 3.6528
3.0000 3.7063
3.0000 3.5154
3.0000 5.1633
3.0000 3.2422
3.0000 4.0833
3.0000 3.1606
3.0000 4.3905
3.0000 3.3559
3.0000 4.4298
3.0000 3.0314
3.0000 3.6102
3.0000 3.4467
3.0000 3.5823
3.0000 4.3364
3.0000 3.8771
3.0000 3.8902
3.0000 4.3282
3.0000 4.1648
3.0000 3.4949
3.0000 4.0433
3.0000 3.3147
3.0000 3.1631
3.0000 3.6109
3.0000 3.6608
3.0000 3.9530
3.0000 3.6541
3.0000 4.5680
3.0000 4.2584
3.0000 3.7347
3.0000 4.3549
3.0000 4.7670
3.0000 4.5087
3.0000 3.5072
3.0000 3.9339
3.0000 4.6481
3.0000 3.1195
3.0000 4.0062
3.0000 2.4907
3.0000 4.4954
3.0000 3.2487
3.0000 3.7275
3.0000 4.7260
3.0000 3.8598
3.0000 3.8624
3.0000 3.7945
3.0000 3.3056
3.0000 3.7722
3.0000 3.8569
3.0000 3.9676
3.0000 4.9726
3.0000 3.5166
3.0000 4.7276
3.0000 3.9712
3.0000 3.5017
3.0000 3.5101
3.0000 4.1945
3.0000 3.3919
3.0000 3.3675
3.0000 2.8902
3.0000 4.3150
3.0000 3.2381
3.0000 3.6937
3.0000 3.8929
3.0000 3.2653
3.0000 4.0337
3.0000 2.6099
3.0000 3.4569
3.0000 4.4904
3.0000 3.1762
3.0000 3.0591
3.0000 3.4969
3.0000 2.6485
3.0000 4.5763
3.0000 3.7544
3.0000 4.0955
3.0000 4.3591
3.0000 2.7904
3.0000 4.6047
3.0000 4.0259
3.0000 3.4220
3.0000 4.7223
3.0000 4.7569
3.0000 4.0599
3.0000 3.2653
3.0000 3.9182
3.0000 3.6728
3.0000 3.4586
3.0000 3.4794
3.0000 3.6037
3.0000 3.7496
3.0000 3.8195
3.0000 3.1655
3.0000 4.2277
3.0000 4.6419
3.0000 4.4675
3.0000 3.8261
3.0000 2.2725
3.0000 3.3492
3.0000 4.0996
3.0000 3.2039
3.0000 4.1207
3.0000 3.7011
3.0000 2.8151
3.0000 3.3835
3.0000 3.8802
3.0000 4.6595
3.0000 3.9501
3.0000 3.6655
3.0000 3.3043
3.0000 3.4971
3.0000 3.8759
3.0000 3.5346
3.0000 3.2655
3.0000 2.8532
3.0000 3.6177
3.0000 3.8465
3.0000 3.7098
3.0000 3.9318
3.0000 3.2888
3.0000 3.3542
3.0000 3.6004
3.0000 3.7588
3.0000 3.4004
3.0000 3.2843
3.0000 3.1898
3.0000 4.1157
3.0000 3.4560
3.0000 3.9214
3.0000 4.3578
3.0000 2.6947
3.0000 5.2072
3.0000 3.9179
3.0000 4.1233
3.0000 4.0145
3.0000 3.6521
3.0000 4.1629
3.0000 4.3329
3.0000 3.8369
3.0000 3.9399
3.0000 4.1212
3.0000 3.7748
3.0000 3.7647
3.0000 4.7017
3.0000 3.1211
3.0000 4.8795
3.0000 4.0615
3.0000 4.2520
3.0000 4.2010
3.0000 4.2238
3.0000 3.7164
3.0000 3.0219
3.0000 4.2741
3.0000 4.8051
3.0000 2.6827
3.0000 4.2749
3.0000 3.8724
3.0000 3.9925
3.0000 3.0638
3.0000 4.2717
3.0000 3.8422
3.0000 3.7259
3.0000 3.8201
3.0000 3.4011
3.0000 3.9384
3.0000 4.2294
3.0000 3.6801
3.0000 3.9215
3.0000 3.8540
3.0000 2.9462
3.0000 4.0012
3.0000 3.8555
3.0000 4.2673
3.0000 4.5899
3.0000 3.1537
3.0000 3.6918
3.0000 2.7258
3.0000 4.1520
3.0000 2.7917
3.0000 3.6269
3.0000 4.5606
3.0000 3.7603
3.0000 3.6596
3.0000 2.9656
3.0000 4.1653
3.0000 4.2286
3.0000 3.6147
3.0000 3.9980
3.0000 3.5963
3.0000 3.2571
3.0000 3.7395
3.0000 3.2926
3.0000 3.5759
3.0000 4.6212
3.0000 4.0189
3.0000 3.8803
3.0000 4.1314
3.0000 3.6759
3.0000 3.1584
3.0000 3.7580
3.0000 3.6728
3.0000 4.0000
3.0000 3.9540
3.0000 4.8336
3.0000 3.6115
3.0000 3.8170
3.0000 3.7949
3.0000 3.7026
3.0000 4.7993
3.0000 3.7350
3.0000 3.9367
3.0000 3.2618
3.0000 3.7978
3.0000 4.0916
3.0000 4.4239
3.0000 3.9276
3.0000 3.5146
3.0000 3.2982
3.0000 4.4888
3.0000 3.2385
3.0000 3.6381
3.0000 4.1726
3.0000 3.5215
3.0000 3.4206
3.0000 3.9663
3.0000 2.5109
3.0000 3.5674
3.0000 3.4884
3.0000 4.0194
3.0000 4.0511
3.0000 3.1396
3.0000 4.1588
3.0000 3.6206
3.0000 3.1388
3.0000 3.2971
3.0000 4.1209
3.0000 4.9988
3.0000 4.4249
3.0000 4.2539
3.0000 3.3906
3.0000 4.6337
3.0000 3.2302
3.0000 4.4860
3.0000 3.4869
3.0000 4.4875
3.0000 3.2283
3.0000 4.0829
3.0000 3.2313
3.0000 3.1206
3.0000 3.0055
3.0000 3.9091
3.0000 4.7431
3.0000 3.5253
3.0000 3.0575
3.0000 4.4938
3.0000 3.8097
3.0000 4.0054
3.0000 2.4737
3.0000 3.2711
3.0000 2.9330
3.0000 3.5359
3.0000 4.6459
3.0000 3.8878
3.0000 4.2584
3.0000 4.2153
3.0000 4.3825
3.0000 3.1945
3.0000 3.9741
3.0000 3.1553
3.0000 3.8081
3.0000 3.1859
3.0000 3.3357
3.0000 3.9381
3.0000 3.4942
3.0000 3.0646
3.0000 3.0334
3.0000 4.1708
3.0000 3.1375
3.0000 3.5580
3.0000 3.4562
3.0000 3.9687
3.0000 3.6170
3.0000 3.3472
3.0000 3.5906
3.0000 4.1893
3.0000 3.6698
3.0000 4.1635
3.0000 3.7024
3.0000 3.6818
3.0000 3.8945
3.0000 3.7585
3.0000 3.9546
3.0000 3.4133
3.0000 4.1363
3.0000 3.3858
3.0000 3.5389
3.0000 4.0806
3.0000 2.8437
3.0000 3.7314
3.0000 4.5999
3.0000 3.2889
3.0000 4.4149
3.0000 4.0256
3.0000 3.5740
3.0000 3.8439
3.0000 3.5006
3.0000 4.2749
3.0000 4.2777
3.0000 3.7158
3.0000 3.6906
3.0000 3.5569
3.0000 3.4548
3.0000 4.1844
3.0000 3.8485
3.0000 3.4127
3.0000 3.7708
3.0000 3.3071
3.0000 3.7817
3.0000 3.8592
3.0000 3.7041
3.0000 3.9029
3.0000 3.7747
3.0000 4.2086
3.0000 4.8841
3.0000 4.2306
3.0000 3.5526
3.0000 2.8801
3.0000 3.8385
3.0000 3.8047
3.0000 5.1265
3.0000 3.6317
3.0000 4.7389
3.0000 4.6416
3.0000 2.9938
3.0000 3.3184
3.0000 3.8804
3.0000 3.5394
3.0000 3.2898
3.0000 3.5315
3.0000 3.6585
3.0000 4.6893
3.0000 3.7137
3.0000 3.4163
3.0000 3.5516
3.0000 3.4322
3.0000 4.0589
3.0000 3.7238
3.0000 3.0547
3.0000 4.4977
3.0000 3.6355
3.0000 3.8872
3.0000 3.8650
3.0000 3.5254
3.0000 3.8604
3.0000 2.8054
3.0000 4.0872
3.0000 3.5701
3.0000 4.2913
3.0000 4.1624
3.0000 3.3101
3.0000 3.7418
3.0000 2.9514
3.0000 3.7470
3.0000 3.8188
3.0000 3.3505
3.0000 4.3311
3.0000 3.7733
3.0000 3.2940
3.0000 4.3842
3.0000 3.3387
3.0000 3.3564
3.0000 4.3343
3.0000 4.7796
3.0000 4.7086
3.0000 3.0293
3.0000 2.9750
3.0000 4.1446
3.0000 3.8383
3.0000 3.7459
3.0000 3.8913
3.0000 3.0342
3.0000 3.5364
3.0000 3.8085
3.0000 3.9192
3.0000 3.5347
3.0000 3.3549
3.0000 3.1830
3.0000 3.3960
3.0000 4.9946
3.0000 4.0754
3.0000 3.5779
3.0000 3.2974
3.0000 3.0779
3.0000 3.7453
3.0000 4.0367
3.0000 2.5616
3.0000 3.5339
3.0000 3.7438
3.0000 4.0259
3.0000 3.0730
3.0000 3.9147
3.0000 3.1057
3.0000 4.2196
3.0000 5.1551
3.0000 3.8414
3.0000 4.2264
3.0000 5.1265
3.0000 4.5246
3.0000 3.0934
3.0000 3.8855
3.0000 3.8552
3.0000 3.4485
3.0000 4.0483
3.0000 3.3326
3.0000 3.9260
3.0000 3.9440
3.0000 3.3364
3.0000 4.0395
3.0000 2.8318
3.0000 2.8082
3.0000 3.3394
3.0000 2.5949
3.0000 3.7650
3.0000 4.5221
3.0000 3.9820
3.0000 3.2721
3.0000 2.9794
3.0000 4.2713
3.0000 4.7299
3.0000 5.3295
3.0000 2.5368
3.0000 3.3209
3.0000 3.6193
3.0000 3.3629
3.0000 4.7248
3.0000 3.8324
3.0000 3.5472
3.0000 2.6991
3.0000 4.2104
3.0000 3.9459
3.0000 4.0713
3.0000 3.7916
3.0000 4.1311
3.0000 3.8896
3.0000 4.5351
3.0000 2.5897
3.0000 3.8086
3.0000 5.0314
3.0000 4.1165
3.0000 3.5330
3.0000 3.6924
3.0000 3.3870
3.0000 3.6884
3.0000 4.1556
3.0000 4.9807
3.0000 4.7563
3.0000 3.7891
3.0000 4.6927
3.0000 3.4592
3.0000 3.6823
3.0000 4.2958
3.0000 3.5167
3.0000 3.9865
3.0000 3.2640
3.0000 3.1203
3.0000 4.3226
3.0000 4.2705
3.0000 3.4591
3.0000 2.9522
3.0000 3.7127
3.0000 3.7830
3.0000 3.7988
3.0000 3.3063
3.0000 4.4032
3.0000 3.2636
3.0000 3.5081
3.0000 4.3302
3.0000 3.7458
3.0000 3.8286
3.0000 3.2731
3.0000 3.6634
3.0000 3.0218
3.0000 3.8602
3.0000 3.6056
3.0000 2.7609
3.0000 3.3686
3.0000 3.7001
3.0000 3.8352
3.0000 3.8572
3.0000 2.9560
3.0000 3.9890
3.0000 3.0665
3.0000 4.0072
3.0000 4.1383
3.0000 4.0194
3.0000 4.7039
3.0000 4.2444
3.0000 3.9781
3.0000 4.6420
3.0000 4.0968
3.0000 4.8892
3.0000 4.1288
3.0000 4.1525
3.0000 3.9539
3.0000 3.4391
3.0000 3.8524
3.0000 4.4404
3.0000 3.7151
3.0000 4.3228
3.0000 3.7600
3.0000 4.4107
3.0000 2.7763
3.0000 4.0433
3.0000 3.6006
3.0000 3.5735
3.0000 4.2593
3.0000 3.8147
3.0000 3.9723
3.0000 4.3681
3.0000 3.8127
3.0000 4.3143
3.0000 2.9824
3.0000 3.4273
3.0000 4.0170
3.0000 3.8395
3.0000 4.3030
3.0000 2.6825
3.0000 4.1138
3.0000 3.8522
3.0000 4.5747
3.0000 4.1843
3.0000 2.8540
3.0000 4.3386
3.0000 3.0846
3.0000 4.0191
3.0000 3.7855
3.0000 3.9340
3.0000 3.5384
3.0000 4.1659
3.0000 4.4106
3.0000 3.4337
3.0000 3.6039
3.0000 4.2393
3.0000 4.6519
3.0000 4.0068
3.0000 4.3798
3.0000 3.7507
3.0000 3.7671
3.0000 3.9364
3.0000 3.9290
3.0000 2.3474
3.0000 4.1971
3.0000 4.6517
3.0000 3.8146
3.0000 3.8817
3.0000 3.5522
3.0000 4.0568
3.0000 3.0273
3.0000 4.5602
3.0000 3.3368
3.0000 3.4535
3.0000 5.0743
3.0000 3.6485
3.0000 4.4941
3.0000 4.4349
3.0000 3.4065
3.0000 3.2486
3.0000 3.9271
3.0000 4.4218
3.0000 4.1367
3.0000 3.8081
3.0000 3.3376
3.0000 4.1804
3.0000 3.7869
3.0000 3.4921
3.0000 3.4818
3.0000 4.0599
3.0000 3.5323
3.0000 3.6193
3.0000 3.2090
3.0000 4.8813
3.0000 4.4456
3.0000 3.4800
3.0000 4.3874
3.0000 3.1484
3.0000 4.7583
3.0000 3.6069
3.0000 3.6037
3.0000 3.5546
3.0000 4.0153
3.0000 4.3106
3.0000 4.8035
3.0000 3.6734
3.0000 4.5317
3.0000 4.3294
3.0000 3.7925
3.0000 3.5815
3.0000 3.8118
3.0000 3.3806
3.0000 4.3759
3.0000 4.9924
3.0000 2.9863
3.0000 4.4342
3.0000 4.9477
3.0000 3.0090
3.0000 4.0980
3.0000 4.0876
3.0000 3.3863
3.0000 3.5247
3.0000 3.7783
3.0000 3.8129
3.0000 4.2261
3.0000 3.7661
3.0000 4.1542
3.0000 3.3394
3.0000 3.5636
3.0000 3.9450
3.0000 3.4415
3.0000 2.7810
3.0000 3.7069
3.0000 5.0262
3.0000 3.8546
3.0000 3.0090
3.0000 3.7558
3.0000 3.6998
3.0000 4.4267
3.0000 4.4502
3.0000 3.5751
3.0000 3.8662
3.0000 3.5317
3.0000 4.7449
3.0000 4.1308
3.0000 2.9483
3.0000 4.9425
3.0000 4.5719
3.0000 3.1990
3.0000 4.2748
3.0000 4.3686
3.0000 5.1567
3.0000 3.7080
3.0000 4.6170
3.0000 2.6405
3.0000 3.7833
3.0000 4.1521
3.0000 4.4211
3.0000 3.7090
3.0000 3.1237
3.0000 3.3006
3.0000 1.7797
3.0000 4.3157
3.0000 3.7839
3.0000 4.5217
3.0000 3.7096
3.0000 4.0525
3.0000 4.2472
3.0000 3.7674
3.0000 4.9061
3.0000 3.9183
3.0000 2.7660
3.0000 2.8164
3.0000 3.9159
3.0000 4.2792
3.0000 4.0730
3.0000 4.1649
3.0000 3.9521
3.0000 4.2007
3.0000 3.3053
3.0000 3.3988
3.0000 4.1804
3.0000 4.2246
3.0000 4.0544
3.0000 3.8425
3.0000 3.3196
3.0000 3.9498
3.0000 2.9336
3.0000 3.8957
3.0000 2.8787
3.0000 3.1474
3.0000 4.0321
3.0000 3.5334
3.0000 3.8355
3.0000 4.2697
3.0000 3.7688
3.0000 3.0266
3.0000 3.0561
3.0000 4.0673
3.0000 3.1836
3.0000 3.2276
3.0000 3.8532
3.0000 3.8138
3.0000 4.0561
3.0000 4.5122
3.0000 4.7637
3.0000 3.9556
3.0000 3.3523
3.0000 3.3942
3.0000 3.2949
3.0000 2.7574
3.0000 3.5684
3.0000 3.9074
3.0000 3.7084
3.0000 3.6840
3.0000 4.1008
3.0000 3.8026
3.0000 3.5493
3.0000 4.7195
3.0000 3.1566
3.0000 2.8856
3.0000 4.0417
3.0000 4.2538
3.0000 4.0446
3.0000 2.9678
3.0000 3.4055
3.0000 4.1731
3.0000 4.2468
3.0000 3.5907
3.0000 4.0649
3.0000 3.2503
3.0000 3.2014
3.0000 3.6571
3.0000 3.5867
3.0000 3.8184
3.0000 3.6162
3.0000 3.1187
3.0000 4.1423
3.0000 4.4855
3.0000 3.1309
3.0000 3.7242
3.0000 3.9849
3.0000 3.9143
3.0000 3.6148
3.0000 3.5355
3.0000 3.8761
3.0000 2.9359
3.0000 4.4800
3.0000 3.5197
3.0000 3.9870
3.0000 3.5423
3.0000 3.6076
3.0000 3.9796
3.0000 3.8550
3.0000 4.4673
3.0000 4.7136
3.0000 4.3003
3.0000 3.8476
3.0000 4.6796
3.0000 4.0713
3.0000 3.6013
3.0000 3.9845
3.0000 3.5343
3.0000 3.6971
3.0000 4.0300
3.0000 3.6794
3.0000 4.1148
3.0000 4.3631
3.0000 3.8743
3.0000 2.8416
3.0000 3.1282
3.0000 3.2621
3.0000 3.3470
3.0000 4.3912
3.0000 3.2651
3.0000 3.4746
3.0000 3.1080
3.0000 3.9985
3.0000 3.7945
3.0000 2.9289
3.0000 3.8947
3.0000 4.0704
3.0000 3.2854
3.0000 3.8038
3.0000 4.8758
3.0000 4.0984
3.0000 3.5594
3.0000 4.6857
3.0000 3.7313
3.0000 4.2406
3.0000 4.6396
3.0000 4.0614
3.0000 4.2106
3.0000 4.5100
3.0000 2.9284
3.0000 4.2883
3.0000 3.7050
3.0000 4.5726
3.0000 3.9597
3.0000 3.8440
3.0000 4.5957
3.0000 5.1284
3.0000 3.9458
3.0000 4.1187
3.0000 4.0738
3.0000 3.2568
3.0000 3.4469
3.0000 3.9482
3.0000 4.6368
3.0000 4.5355
3.0000 3.3762
3.0000 3.4542
3.0000 4.8265
3.0000 4.2322
3.0000 3.5062
3.0000 3.9228
3.0000 2.5228
3.0000 3.7115
3.0000 4.2286
3.0000 3.6622
3.0000 4.1759
3.0000 2.6481
3.0000 3.6049
3.0000 5.2268
3.0000 3.5258
3.0000 4.0869
3.0000 4.2538
3.0000 4.1320
3.0000 4.6254
3.0000 3.5751
3.0000 4.0958
3.0000 3.9433
3.0000 3.5541
3.0000 3.7022
3.0000 2.6956
3.0000 2.8465
3.0000 3.0874
3.0000 2.9586
3.0000 3.2900
3.0000 3.0743
3.0000 4.2406
3.0000 3.3295
3.0000 4.5119
3.0000 3.6136
3.0000 4.1936
3.0000 4.5863
3.0000 3.3241
3.0000 3.3577
3.0000 3.1434
3.0000 3.3051
3.0000 2.5307
3.0000 3.3174
3.0000 3.7891
3.0000 3.7566
3.0000 3.6879
3.0000 4.5976
3.0000 3.5039
3.0000 3.6609
3.0000 4.5165
3.0000 3.3472
3.0000 3.1907
3.0000 3.7374
3.0000 3.1212
3.0000 3.5687
3.0000 3.4710
3.0000 3.0024
3.0000 4.5717
3.0000 4.0009
