30.0000 29.7284
30.0000 29.8853
30.0000 29.1517
30.0000 30.5057
30.0000 29.9948
30.0000 31.0587
30.0000 29.9752
30.0000 29.4679
30.0000 30.9793
30.0000 30.3505
30.0000 29.1947
30.0000 30.4300
30.0000 29.7705
30.0000 31.0972
30.0000 30.1348
30.0000 30.6820
30.0000 29.5463
30.0000 30.6572
30.0000 29.6907
30.0000 31.4637
30.0000 30.5588
30.0000 29.1504
30.0000 29.9300
30.0000 30.0034
30.0000 30.2166
30.0000 29.9465
30.0000 30.6625
30.0000 29.7503
30.0000 30.3747
30.0000 29.4159
30.0000 29.4451
30.0000 29.6570
30.0000 30.0780
30.0000 29.9117
30.0000 29.7755
30.0000 30.6860
30.0000 29.7687
30.0000 30.8915
30.0000 29.5864
30.0000 29.7820
30.0000 29.2398
30.0000 30.8055
30.0000 30.8443
30.0000 29.0421
30.0000 28.8825
30.0000 29.4019
30.0000 30.3825
30.0000 30.6104
30.0000 30.4875
30.0000 30.9615
30.0000 30.2725
30.0000 30.5498
30.0000 29.4241
30.0000 30.1777
30.0000 29.6654
30.0000 29.9339
30.0000 30.5598
30.0000 29.3714
30.0000 29.3762
30.0000 30.4661
30.0000 29.9409
30.0000 28.8933
30.0000 30.7038
30.0000 31.4739
30.0000 30.4749
30.0000 30.2413
30.0000 29.8467
30.0000 31.1227
30.0000 30.3045
30.0000 29.0798
30.0000 30.7288
30.0000 28.8188
30.0000 29.4822
30.0000 31.2964
30.0000 30.5470
30.0000 29.6701
30.0000 29.8569
30.0000 29.9786
30.0000 30.5170
30.0000 30.0389
30.0000 30.2230
30.0000 29.2823
30.0000 30.7934
30.0000 31.3269
30.0000 29.2321
30.0000 30.2586
30.0000 30.0982
30.0000 30.1952
30.0000 30.3235
30.0000 30.5342
30.0000 30.9755
30.0000 30.3118
30.0000 29.4453
30.0000 30.5572
30.0000 30.9479
30.0000 30.9458
30.0000 30.0470
30.0000 28.8562
30.0000 29.4838
30.0000 30.6577
30.0000 30.9138
30.0000 30.5492
30.0000 30.5308
30.0000 30.0660
30.0000 30.1337
30.0000 29.3893
30.0000 30.3487
30.0000 30.2021
30.0000 30.5174
30.0000 29.1139
30.0000 29.9257
30.0000 30.5442
30.0000 30.3295
30.0000 29.4765
30.0000 29.7550
30.0000 31.0874
30.0000 30.1556
30.0000 30.3044
30.0000 29.2821
30.0000 30.6225
30.0000 29.9930
30.0000 31.3034
30.0000 30.2837
30.0000 30.0468
30.0000 29.6840
30.0000 30.5984
30.0000 30.2890
30.0000 29.0895
30.0000 29.5521
30.0000 29.9805
30.0000 29.1467
30.0000 29.7071
30.0000 30.1307
30.0000 29.9493
30.0000 30.2200
30.0000 30.5652
30.0000 31.1977
30.0000 30.5941
30.0000 31.0054
30.0000 29.3731
30.0000 29.9600
30.0000 29.0327
30.0000 28.8695
30.0000 29.0891
30.0000 30.2094
30.0000 30.5761
30.0000 30.5324
30.0000 30.2210
30.0000 30.5161
30.0000 30.0544
30.0000 29.5200
30.0000 29.1835
30.0000 31.0790
30.0000 29.1585
30.0000 30.7434
30.0000 31.0631
30.0000 28.8278
30.0000 30.0082
30.0000 31.2354
30.0000 29.7159
30.0000 29.5741
30.0000 29.5488
30.0000 31.0173
30.0000 30.3373
30.0000 29.3805
30.0000 29.9883
30.0000 31.1686
30.0000 29.8007
30.0000 30.2949
30.0000 30.7062
30.0000 29.9475
30.0000 30.2956
30.0000 31.0549
30.0000 30.2659
30.0000 29.4395
30.0000 29.9543
30.0000 30.5965
30.0000 30.2544
30.0000 30.7479
30.0000 29.6104
30.0000 30.5647
30.0000 30.4338
30.0000 29.0988
30.0000 30.2595
30.0000 31.0830
30.0000 29.1873
30.0000 29.9645
30.0000 30.2076
30.0000 28.9945
30.0000 29.0950
30.0000 29.7364
30.0000 30.8569
30.0000 29.3656
30.0000 28.1181
30.0000 31.1895
30.0000 30.4083
30.0000 30.9083
30.0000 29.4751
30.0000 30.4740
30.0000 30.4688
30.0000 30.1378
30.0000 29.9583
30.0000 30.7608
30.0000 29.3385
30.0000 30.1886
30.0000 29.1442
30.0000 30.7590
30.0000 30.9699
30.0000 29.9482
30.0000 30.0018
30.0000 30.2054
30.0000 29.2940
30.0000 29.6998
30.0000 29.8167
30.0000 30.7301
30.0000 30.5664
30.0000 29.6751
30.0000 30.2707
30.0000 30.1233
30.0000 30.1419
30.0000 30.8312
30.0000 30.6332
30.0000 30.0004
30.0000 29.9878
30.0000 30.8841
30.0000 30.5713
30.0000 30.0347
30.0000 30.0775
30.0000 30.8638
30.0000 29.9273
30.0000 29.1667
30.0000 31.1658
30.0000 30.7121
30.0000 29.4751
30.0000 31.1768
30.0000 30.2035
30.0000 29.9852
30.0000 30.1080
30.0000 30.2401
30.0000 29.3563
30.0000 31.1374
30.0000 31.4371
30.0000 30.9492
30.0000 30.6119
30.0000 30.1243
30.0000 30.7617
30.0000 30.8019
30.0000 30.0813
30.0000 29.7211
30.0000 30.2926
30.0000 30.1498
30.0000 30.3017
30.0000 29.6929
30.0000 30.7337
30.0000 28.7278
30.0000 29.1727
30.0000 30.4646
30.0000 31.3310
30.0000 30.5485
30.0000 31.3176
30.0000 29.7869
30.0000 29.5674
30.0000 30.2593
30.0000 30.2458
30.0000 29.9149
30.0000 30.6372
30.0000 30.7455
30.0000 30.7203
30.0000 30.0027
30.0000 29.8988
30.0000 29.5877
30.0000 30.4044
30.0000 30.2286
30.0000 30.3441
30.0000 30.4835
30.0000 29.2446
30.0000 30.0687
30.0000 29.6150
30.0000 29.8794
30.0000 29.7768
30.0000 30.3391
30.0000 29.5897
30.0000 30.3192
30.0000 30.1922
30.0000 30.6033
30.0000 30.6261
30.0000 30.0569
30.0000 31.0087
30.0000 29.8276
30.0000 29.9046
30.0000 30.0716
30.0000 30.5621
30.0000 30.7995
30.0000 30.5479
30.0000 30.4754
30.0000 29.9665
30.0000 30.9920
30.0000 30.1071
30.0000 30.3163
30.0000 29.7651
30.0000 30.6230
30.0000 30.0941
30.0000 30.2531
30.0000 30.4765
30.0000 30.8227
30.0000 29.8659
30.0000 30.4548
30.0000 29.2730
30.0000 30.3295
30.0000 30.3915
30.0000 29.4222
30.0000 29.3365
30.0000 30.5922
30.0000 30.0322
30.0000 29.2020
30.0000 29.8301
30.0000 30.3879
30.0000 31.5748
30.0000 29.6674
30.0000 28.7284
30.0000 29.6045
30.0000 29.5848
30.0000 30.3559
30.0000 31.4960
30.0000 30.5534
30.0000 30.3546
30.0000 30.2563
30.0000 30.3901
30.0000 29.9476
30.0000 30.5380
30.0000 30.3848
30.0000 29.3326
30.0000 30.2414
30.0000 29.5849
30.0000 30.6260
30.0000 30.7385
30.0000 30.0924
30.0000 29.2377
30.0000 30.5285
30.0000 29.9657
30.0000 30.8732
30.0000 29.7141
30.0000 29.2372
30.0000 29.7912
30.0000 29.8353
30.0000 31.1835
30.0000 31.1397
30.0000 30.6901
30.0000 29.0371
30.0000 29.9440
30.0000 30.9204
30.0000 29.4733
30.0000 30.7793
30.0000 30.0111
30.0000 30.1865
30.0000 30.2893
30.0000 28.9913
30.0000 29.8118
30.0000 31.0681
30.0000 30.6611
30.0000 30.0505
30.0000 29.7452
30.0000 29.7462
30.0000 29.9533
30.0000 30.2721
30.0000 30.0616
30.0000 30.3208
30.0000 30.2611
30.0000 30.1728
30.0000 29.5844
30.0000 29.9163
30.0000 30.0253
30.0000 29.8215
30.0000 29.4928
30.0000 30.9199
30.0000 29.4513
30.0000 29.6947
30.0000 30.5638
30.0000 30.2055
30.0000 29.3863
30.0000 29.9716
30.0000 29.9201
30.0000 30.4973
30.0000 30.1756
30.0000 29.8327
30.0000 29.8881
30.0000 29.3697
30.0000 30.2893
30.0000 29.8144
30.0000 30.3404
30.0000 30.6244
30.0000 28.6187
30.0000 29.6041
30.0000 30.0198
30.0000 30.3237
30.0000 30.3246
30.0000 30.1520
30.0000 30.0497
30.0000 29.0293
30.0000 30.2885
30.0000 29.3078
30.0000 29.6138
30.0000 30.6276
30.0000 30.2862
30.0000 30.0824
30.0000 30.1734
30.0000 29.9988
30.0000 29.3204
30.0000 29.9821
30.0000 29.8769
30.0000 29.7683
30.0000 30.2145
30.0000 30.2513
30.0000 30.6225
30.0000 30.6252
30.0000 29.7381
30.0000 30.3817
30.0000 30.3569
30.0000 30.0426
30.0000 30.1949
30.0000 30.2170
30.0000 30.6044
30.0000 29.5829
30.0000 30.6997
30.0000 29.8818
30.0000 30.0649
30.0000 30.5071
30.0000 29.2023
30.0000 29.8908
30.0000 30.1550
30.0000 29.8483
30.0000 30.0336
30.0000 29.9343
30.0000 29.5713
30.0000 29.9258
30.0000 30.3890
30.0000 30.0066
30.0000 29.9816
30.0000 29.9282
30.0000 30.7468
30.0000 29.7244
30.0000 29.4015
30.0000 28.4252
30.0000 29.7961
30.0000 30.4509
30.0000 29.6438
30.0000 29.7604
30.0000 30.2366
30.0000 29.7569
30.0000 29.4779
30.0000 30.7703
30.0000 30.6808
30.0000 30.4930
30.0000 31.1187
30.0000 29.8915
30.0000 30.6008
30.0000 31.3181
30.0000 30.5639
30.0000 30.5811
30.0000 29.6665
30.0000 29.6816
30.0000 28.9078
30.0000 29.4555
30.0000 30.0613
30.0000 29.6965
30.0000 29.1482
30.0000 29.8825
30.0000 30.3605
30.0000 30.4566
30.0000 30.5340
30.0000 30.3445
30.0000 30.9643
30.0000 30.7329
30.0000 28.9251
30.0000 30.2700
30.0000 29.9038
30.0000 29.3936
30.0000 30.3481
30.0000 30.0983
30.0000 29.3138
30.0000 30.9880
30.0000 30.3551
30.0000 29.8551
30.0000 29.6965
30.0000 30.2421
30.0000 29.5001
30.0000 29.9065
30.0000 30.2796
30.0000 30.1782
30.0000 30.7926
30.0000 30.1096
30.0000 30.4647
30.0000 29.5868
30.0000 29.8447
30.0000 29.2115
30.0000 30.8384
30.0000 30.4680
30.0000 31.1233
30.0000 29.6630
30.0000 31.0776
30.0000 29.8780
30.0000 30.8709
30.0000 30.8287
30.0000 29.0113
30.0000 30.5849
30.0000 30.2260
30.0000 29.3977
30.0000 29.6577
30.0000 31.0171
30.0000 30.1471
30.0000 30.1883
30.0000 30.6621
30.0000 29.7450
30.0000 29.9638
30.0000 30.4223
30.0000 29.7390
30.0000 30.7934
30.0000 29.1312
30.0000 29.2336
30.0000 30.6891
30.0000 30.9533
30.0000 29.9615
30.0000 30.7699
30.0000 30.6204
30.0000 30.1731
30.0000 29.9222
30.0000 31.6923
30.0000 30.2515
30.0000 29.6944
30.0000 29.7210
30.0000 29.7987
30.0000 29.7982
30.0000 31.0201
30.0000 30.4360
30.0000 29.8034
30.0000 31.2082
30.0000 28.7224
30.0000 30.1008
30.0000 29.9087
30.0000 29.7716
30.0000 29.9039
30.0000 30.4784
30.0000 30.1019
30.0000 29.8468
30.0000 29.9507
30.0000 30.9446
30.0000 29.4209
30.0000 30.3965
30.0000 30.3034
30.0000 30.4914
30.0000 30.8654
30.0000 29.9596
30.0000 30.5716
30.0000 30.0272
30.0000 30.9528
30.0000 29.2616
30.0000 30.4574
30.0000 29.6181
30.0000 30.1374
30.0000 29.4289
30.0000 29.1701
30.0000 29.3427
30.0000 31.2239
30.0000 30.0932
30.0000 30.4644
30.0000 30.1715
30.0000 29.8407
30.0000 29.8835
30.0000 30.2632
30.0000 29.8351
30.0000 29.3504
30.0000 29.1846
30.0000 30.7336
30.0000 30.9087
30.0000 30.4147
30.0000 30.6725
30.0000 29.3562
30.0000 29.3416
30.0000 29.3120
30.0000 30.7926
30.0000 30.3789
30.0000 30.1905
30.0000 29.5022
30.0000 29.8975
30.0000 30.1189
30.0000 30.8553
30.0000 29.3621
30.0000 30.8422
30.0000 29.8021
30.0000 29.7763
30.0000 30.8071
30.0000 29.9227
30.0000 29.7459
30.0000 30.1313
30.0000 30.8120
30.0000 29.6294
30.0000 30.7314
30.0000 30.0006
30.0000 29.9238
30.0000 30.0082
30.0000 30.1912
30.0000 29.9631
30.0000 29.9042
30.0000 30.2769
30.0000 29.8672
30.0000 28.8921
30.0000 30.1114
30.0000 30.5282
30.0000 31.2478
30.0000 29.4680
30.0000 29.4536
30.0000 29.4730
30.0000 29.5174
30.0000 30.8108
30.0000 30.3586
30.0000 29.7950
30.0000 30.6753
30.0000 31.1295
30.0000 29.7871
30.0000 30.2142
30.0000 30.7226
30.0000 30.4676
30.0000 30.4378
30.0000 31.3786
30.0000 29.8416
30.0000 29.5936
30.0000 29.6928
30.0000 30.3886
30.0000 29.3864
30.0000 29.5165
30.0000 29.7557
30.0000 29.7390
30.0000 29.8279
30.0000 30.1410
30.0000 29.3864
30.0000 30.5309
30.0000 29.6267
30.0000 30.3953
30.0000 30.2691
30.0000 30.1837
30.0000 29.6214
30.0000 29.9939
30.0000 30.4631
30.0000 30.4285
30.0000 30.5987
30.0000 29.5393
30.0000 29.8060
30.0000 28.4927
30.0000 29.5965
30.0000 30.8497
30.0000 31.1215
30.0000 30.6605
30.0000 29.7961
30.0000 28.8904
30.0000 29.6283
30.0000 30.3840
30.0000 29.3090
30.0000 29.5033
30.0000 30.9186
30.0000 29.7306
30.0000 29.9058
30.0000 29.1119
30.0000 30.7835
30.0000 30.2308
30.0000 29.4396
30.0000 30.9953
30.0000 30.8358
30.0000 30.9682
30.0000 29.4083
30.0000 30.7964
30.0000 30.4752
30.0000 29.6524
30.0000 29.8177
30.0000 29.4835
30.0000 29.2123
30.0000 30.5383
30.0000 29.2895
30.0000 28.1135
30.0000 30.2637
30.0000 29.5499
30.0000 29.9597
30.0000 30.3230
30.0000 30.4827
30.0000 29.7225
30.0000 30.3344
30.0000 30.9070
30.0000 29.4755
30.0000 29.2976
30.0000 29.6803
30.0000 30.0563
30.0000 29.9298
30.0000 30.7164
30.0000 29.9977
30.0000 30.0989
30.0000 29.6139
30.0000 30.5225
30.0000 29.3997
30.0000 28.8371
30.0000 30.6403
30.0000 30.0709
30.0000 30.1066
30.0000 30.4304
30.0000 30.6842
30.0000 30.2818
30.0000 29.8718
30.0000 30.1834
30.0000 29.6660
30.0000 30.3024
30.0000 29.5798
30.0000 29.8692
30.0000 30.8653
30.0000 29.4890
30.0000 30.9435
30.0000 30.3536
30.0000 30.0594
30.0000 30.0601
30.0000 30.2514
30.0000 29.5695
30.0000 29.6354
30.0000 31.4757
30.0000 29.7714
30.0000 30.5238
30.0000 30.7490
30.0000 30.4688
30.0000 30.4972
30.0000 29.9136
30.0000 30.6591
30.0000 30.1671
30.0000 30.1098
30.0000 29.7930
30.0000 30.2342
30.0000 30.2767
30.0000 30.1763
30.0000 31.0290
30.0000 31.0563
30.0000 30.6021
30.0000 30.2703
30.0000 30.3541
30.0000 29.4374
30.0000 29.9511
30.0000 29.1123
30.0000 30.2064
30.0000 29.5201
30.0000 29.9004
30.0000 30.3593
30.0000 29.9765
30.0000 30.2196
30.0000 30.1142
30.0000 30.1540
30.0000 30.8764
30.0000 29.5334
30.0000 29.1821
30.0000 29.6533
30.0000 30.7799
30.0000 30.5376
30.0000 28.9164
30.0000 30.5597
30.0000 30.4674
30.0000 30.7792
30.0000 29.0803
30.0000 28.9453
30.0000 31.4582
30.0000 29.3180
30.0000 30.3450
30.0000 30.1440
30.0000 29.9054
30.0000 30.6841
30.0000 30.0256
30.0000 30.8602
30.0000 30.8160
30.0000 30.2703
30.0000 30.1722
30.0000 29.9963
30.0000 29.8996
30.0000 30.3125
30.0000 29.9637
30.0000 30.8417
30.0000 30.1223
30.0000 30.0709
30.0000 29.1694
30.0000 29.7365
30.0000 31.3998
30.0000 30.3258
30.0000 29.7396
30.0000 30.5774
30.0000 29.3974
30.0000 29.6919
30.0000 29.3297
30.0000 30.4457
30.0000 31.3712
30.0000 31.1888
30.0000 30.5983
30.0000 30.1045
30.0000 29.5509
30.0000 30.1837
30.0000 30.4830
30.0000 29.8517
30.0000 29.7809
30.0000 29.8590
30.0000 29.5362
30.0000 30.4029
30.0000 30.4106
30.0000 30.0532
30.0000 31.0922
30.0000 30.3816
30.0000 29.9482
30.0000 29.3847
30.0000 30.0982
30.0000 30.9264
30.0000 30.7898
30.0000 29.5264
30.0000 28.9726
30.0000 30.5346
30.0000 31.4898
30.0000 30.3273
30.0000 30.1870
30.0000 29.9703
30.0000 30.2899
30.0000 30.2608
30.0000 30.6167
30.0000 29.8218
30.0000 29.5588
30.0000 29.6016
30.0000 29.2074
30.0000 29.8882
30.0000 29.7567
30.0000 29.8845
30.0000 31.3062
30.0000 29.9881
30.0000 29.9505
30.0000 29.6316
30.0000 30.5767
30.0000 30.9521
30.0000 28.7200
30.0000 29.6473
30.0000 31.1722
30.0000 30.0731
30.0000 29.5076
30.0000 31.1250
30.0000 29.5237
30.0000 31.9682
30.0000 31.6220
30.0000 30.3580
30.0000 29.4903
30.0000 29.3307
30.0000 30.3312
30.0000 30.3033
30.0000 29.8436
30.0000 30.7210
30.0000 30.5783
30.0000 30.8391
30.0000 30.6588
30.0000 30.4769
30.0000 28.9241
30.0000 29.5225
30.0000 29.8147
30.0000 30.0104
30.0000 30.5885
30.0000 29.3014
30.0000 29.6664
30.0000 29.7937
30.0000 30.4765
30.0000 30.2029
30.0000 29.6603
30.0000 30.0583
30.0000 30.8339
30.0000 30.1736
30.0000 29.5243
30.0000 30.1070
30.0000 31.0978
30.0000 29.4877
30.0000 28.6685
30.0000 30.6798
30.0000 28.8228
30.0000 30.3794
30.0000 29.8254
30.0000 30.5978
30.0000 29.7364
30.0000 30.2396
30.0000 29.5110
30.0000 29.9012
30.0000 30.2102
30.0000 31.1236
30.0000 30.2668
30.0000 29.6863
30.0000 29.8723
30.0000 30.1102
30.0000 30.1640
30.0000 30.0509
30.0000 29.8992
30.0000 30.1501
30.0000 30.6260
30.0000 30.1708
30.0000 29.9878
30.0000 29.2073
30.0000 30.1103
30.0000 30.1518
30.0000 30.6485
30.0000 29.9571
30.0000 31.2721
30.0000 28.7580
30.0000 29.5963
30.0000 30.4884
30.0000 29.1925
30.0000 29.9270
30.0000 29.2613
30.0000 30.8830
30.0000 29.7343
30.0000 31.0255
30.0000 29.7416
30.0000 29.6927
30.0000 30.5614
30.0000 30.3703
30.0000 30.5684
30.0000 31.2700
30.0000 29.6033
30.0000 29.7705
30.0000 30.6064
30.0000 30.3961
30.0000 30.1185
30.0000 29.9252
30.0000 30.2361
30.0000 30.8870
30.0000 30.6485
30.0000 30.1442
30.0000 29.7558
30.0000 29.7845
30.0000 30.1764
30.0000 30.5436
30.0000 30.3120
30.0000 29.8421
30.0000 29.4892
30.0000 29.5851
30.0000 29.8754
30.0000 29.3237
30.0000 31.0678
30.0000 29.7309
30.0000 30.7788
30.0000 29.9437
30.0000 29.6082
30.0000 30.3950
30.0000 29.3649
30.0000 29.8080
30.0000 30.1553
30.0000 30.2874
30.0000 30.4994
30.0000 29.5980
30.0000 29.5762
30.0000 29.6959
30.0000 29.6140
30.0000 29.7793
30.0000 30.1685
30.0000 30.2314
30.0000 29.9060
30.0000 29.9057
30.0000 30.2903
30.0000 30.0209
30.0000 30.5514
30.0000 30.2841
30.0000 29.8027
30.0000 29.5366
30.0000 29.9378
30.0000 30.9749
30.0000 30.1009
30.0000 30.0351
30.0000 30.7130
30.0000 30.2954
30.0000 30.0575
30.0000 30.5035
30.0000 29.6644
30.0000 29.6523
30.0000 29.1643
30.0000 30.3815
30.0000 29.9640
30.0000 30.3134
30.0000 30.9692
30.0000 30.4827
30.0000 29.6691
30.0000 30.4433
30.0000 30.5001
30.0000 30.4449
30.0000 30.7438
30.0000 29.6560
30.0000 30.8089
30.0000 29.4292
30.0000 30.2949
30.0000 29.4524
30.0000 30.3271
30.0000 30.2305
30.0000 29.5132
30.0000 30.4383
30.0000 29.6087
30.0000 30.5919
30.0000 29.9529
30.0000 31.1341
30.0000 30.8875
30.0000 30.1255
30.0000 30.8636
30.0000 29.8746
30.0000 30.4677
30.0000 29.5207
30.0000 30.3725
30.0000 30.0652
30.0000 30.2636
30.0000 30.2226
30.0000 30.4455
30.0000 30.5792
30.0000 29.1914
30.0000 31.5404
30.0000 30.5692
30.0000 30.3777
30.0000 30.0596
30.0000 28.9331
30.0000 29.9572
30.0000 30.0018
30.0000 30.6198
30.0000 30.0116
30.0000 30.8574
30.0000 29.6332
30.0000 29.1721
30.0000 31.4515
30.0000 30.6438
30.0000 30.9017
30.0000 29.2668
30.0000 30.2721
30.0000 29.7964
30.0000 30.3571
30.0000 29.8296
30.0000 31.6125
30.0000 29.9039
30.0000 29.0455
30.0000 29.7674
30.0000 30.1311
30.0000 29.6818
30.0000 31.0271
30.0000 29.7220
30.0000 29.8871
30.0000 30.5762
30.0000 30.3878
30.0000 30.7395
30.0000 30.8572
30.0000 29.6960
30.0000 30.3203
30.0000 30.1004
30.0000 29.1937
30.0000 30.4438
30.0000 29.1605
30.0000 31.1263
30.0000 28.8473
30.0000 30.0581
30.0000 31.5885
30.0000 30.3342
30.0000 30.0540
30.0000 30.0021
30.0000 30.4633
30.0000 29.9589
30.0000 30.1272
30.0000 29.9856
30.0000 30.1949
30.0000 29.8823
30.0000 29.9891
30.0000 30.4255
30.0000 30.1427
30.0000 30.4826
30.0000 28.9398
30.0000 29.2767
30.0000 29.1261
30.0000 29.9336
30.0000 29.9824
30.0000 29.6113
30.0000 29.7388
30.0000 29.7777
30.0000 30.1677
30.0000 28.9018
30.0000 30.7082
30.0000 29.6387
30.0000 30.3297
30.0000 29.2822
30.0000 30.8322
30.0000 30.7803
30.0000 30.8215
30.0000 30.3727
30.0000 29.2949
30.0000 29.7935
30.0000 30.4302
30.0000 30.4661
30.0000 29.7106
30.0000 30.0689
30.0000 29.5123
30.0000 29.6475
30.0000 30.2249
30.0000 29.9690
30.0000 30.5983
30.0000 29.6162
30.0000 29.0895
30.0000 30.0380
30.0000 30.0426
30.0000 31.2109
30.0000 30.2636
30.0000 29.6976
30.0000 30.4065
30.0000 30.6484
30.0000 29.6918
30.0000 29.3746
30.0000 29.8070
30.0000 30.3605
30.0000 29.0166
30.0000 31.0923
30.0000 30.9438
30.0000 29.6299
30.0000 30.7873
30.0000 30.5261
30.0000 30.5934
30.0000 29.5476
30.0000 29.0229
30.0000 30.3999
30.0000 31.1644
30.0000 29.0643
30.0000 30.3075
30.0000 30.4978
30.0000 30.9799
30.0000 30.4414
30.0000 30.1096
30.0000 29.9505
30.0000 31.0751
30.0000 29.8267
30.0000 30.3351
30.0000 30.8289
30.0000 30.3809
30.0000 30.5484
30.0000 30.2770
30.0000 31.0771
30.0000 30.2552
30.0000 30.5474
30.0000 30.4796
30.0000 29.7104
30.0000 30.0626
30.0000 30.6738
30.0000 29.1894
30.0000 30.1697
30.0000 29.8246
30.0000 29.6397
30.0000 28.7632
30.0000 31.3719
30.0000 30.0391
30.0000 30.4220
30.0000 30.3650
30.0000 29.4657
30.0000 30.7329
30.0000 30.5059
30.0000 29.6558
30.0000 30.9011
30.0000 29.0549
30.0000 28.6945
30.0000 30.3361
30.0000 30.5141
30.0000 30.2840
30.0000 30.3093
30.0000 30.2389
30.0000 29.6703
30.0000 30.1971
30.0000 29.8611
30.0000 30.2517
30.0000 30.7752
30.0000 29.4109
30.0000 29.9360
30.0000 30.2424
30.0000 29.6829
30.0000 30.0236
30.0000 29.5960
30.0000 30.1164
30.0000 29.8784
30.0000 31.0736
30.0000 30.8384
30.0000 29.1826
30.0000 29.7497
30.0000 30.4353
30.0000 29.7229
30.0000 29.3374
30.0000 29.7118
30.0000 31.0580
30.0000 29.7156
30.0000 29.7754
30.0000 30.0171
30.0000 29.7254
30.0000 30.5723
30.0000 29.9231
30.0000 31.2688
30.0000 29.0705
30.0000 31.2932
30.0000 30.3293
30.0000 29.2918
30.0000 30.6927
30.0000 30.0587
30.0000 29.9055
30.0000 30.1205
30.0000 30.3042
30.0000 30.6791
30.0000 30.0084
30.0000 29.8159
30.0000 29.6547
30.0000 29.9725
30.0000 30.2332
30.0000 30.7663
30.0000 30.2024
30.0000 29.5227
30.0000 30.4206
30.0000 29.3853
30.0000 30.5465
30.0000 30.7026
30.0000 30.5087
30.0000 29.6723
30.0000 29.8924
30.0000 29.4211
30.0000 29.9288
30.0000 30.0234
30.0000 29.8302
30.0000 29.2742
30.0000 30.3050
30.0000 30.8099
30.0000 31.6820
30.0000 29.2811
30.0000 29.2661
30.0000 29.9460
30.0000 29.3094
30.0000 30.0141
30.0000 30.2658
30.0000 29.8411
30.0000 29.8676
30.0000 30.4226
30.0000 30.1911
30.0000 30.6006
30.0000 28.2706
30.0000 29.8950
30.0000 30.4628
30.0000 30.3504
30.0000 29.8424
30.0000 30.1280
30.0000 29.9444
30.0000 29.9456
30.0000 29.8971
30.0000 30.5105
30.0000 30.0064
30.0000 30.4906
30.0000 29.7875
30.0000 30.9356
30.0000 30.5127
30.0000 29.4213
30.0000 30.5723
30.0000 28.9389
30.0000 29.5549
30.0000 30.3211
30.0000 29.2889
30.0000 29.9345
30.0000 30.6214
30.0000 29.6064
30.0000 29.7506
30.0000 29.9639
30.0000 30.0140
30.0000 29.5930
30.0000 29.6474
30.0000 30.8481
30.0000 30.2113
30.0000 29.6018
30.0000 29.8606
30.0000 29.2833
30.0000 30.1661
30.0000 30.6673
30.0000 30.1501
30.0000 29.6541
30.0000 30.2720
30.0000 29.6146
30.0000 31.3145
30.0000 30.2909
30.0000 30.4416
30.0000 29.6034
30.0000 30.8411
30.0000 30.9209
30.0000 30.0463
30.0000 29.9068
30.0000 31.0032
30.0000 30.1156
30.0000 29.7041
30.0000 30.3363
30.0000 30.1144
30.0000 28.6358
30.0000 31.1399
30.0000 29.9455
30.0000 30.1601
30.0000 29.8905
30.0000 31.1991
30.0000 30.6553
30.0000 29.9821
30.0000 30.1475
30.0000 30.6866
30.0000 30.2911
30.0000 29.3575
30.0000 30.0751
30.0000 31.8167
30.0000 30.2160
30.0000 30.1875
30.0000 30.1709
30.0000 30.2498
30.0000 30.4791
30.0000 30.8456
30.0000 30.7173
30.0000 31.0050
30.0000 30.3709
30.0000 29.7779
30.0000 30.9336
30.0000 30.9703
30.0000 30.1260
30.0000 29.4143
30.0000 30.4209
30.0000 29.3480
30.0000 30.9383
30.0000 29.6414
30.0000 30.1187
30.0000 30.1518
30.0000 30.1853
30.0000 30.6160
30.0000 29.7686
30.0000 30.5127
30.0000 29.7014
30.0000 30.9212
30.0000 30.3075
30.0000 30.2762
30.0000 30.5144
30.0000 29.7812
30.0000 31.2364
30.0000 30.2604
30.0000 29.7237
30.0000 29.7376
30.0000 30.4750
30.0000 29.6026
30.0000 30.1046
30.0000 29.2306
30.0000 29.6918
30.0000 30.1794
30.0000 31.6527
30.0000 30.5425
30.0000 29.5609
30.0000 29.6335
30.0000 30.8835
30.0000 30.1714
30.0000 30.0078
30.0000 31.1560
30.0000 29.6275
30.0000 29.3135
30.0000 29.9881
30.0000 30.6657
30.0000 30.7801
30.0000 29.8270
30.0000 30.7643
30.0000 30.4081
30.0000 30.0279
30.0000 29.3486
30.0000 29.6155
30.0000 29.9890
30.0000 30.0581
30.0000 29.2157
30.0000 29.6884
30.0000 31.1518
30.0000 30.0718
30.0000 29.1846
30.0000 29.3389
30.0000 30.5897
30.0000 30.0366
30.0000 31.3920
30.0000 29.7999
30.0000 30.0161
30.0000 29.6917
30.0000 30.0771
30.0000 28.9844
30.0000 30.3838
30.0000 29.9128
30.0000 30.3420
30.0000 30.5479
30.0000 29.6214
30.0000 31.5754
30.0000 30.3545
30.0000 30.0552
30.0000 30.2918
30.0000 29.9483
30.0000 30.7092
30.0000 29.7536
30.0000 29.7180
30.0000 30.1890
30.0000 30.3999
30.0000 30.9936
30.0000 30.8613
30.0000 29.1352
30.0000 29.9311
30.0000 29.8604
30.0000 30.9151
30.0000 30.6974
30.0000 29.7612
30.0000 30.4511
30.0000 29.8122
30.0000 29.7624
30.0000 30.1283
30.0000 30.7529
30.0000 30.6598
30.0000 30.2213
30.0000 30.2515
30.0000 29.3211
30.0000 31.0565
30.0000 29.6116
30.0000 29.6088
30.0000 31.6662
30.0000 30.3755
30.0000 30.1635
30.0000 29.6466
30.0000 30.2743
30.0000 29.2340
30.0000 30.2521
30.0000 30.2207
30.0000 29.3296
30.0000 31.0317
30.0000 29.4567
30.0000 29.7987
30.0000 29.7979
30.0000 30.1879
30.0000 30.2307
30.0000 31.1518
30.0000 29.8768
30.0000 28.9611
30.0000 29.7273
30.0000 30.2516
30.0000 30.5799
30.0000 29.4206
30.0000 31.1589
30.0000 30.0216
30.0000 30.4859
30.0000 30.5339
30.0000 28.7667
30.0000 30.7297
30.0000 30.7960
30.0000 30.7072
30.0000 30.5377
30.0000 28.7850
30.0000 30.3537
30.0000 30.8377
30.0000 31.0759
30.0000 29.8451
30.0000 29.5931
30.0000 31.1668
30.0000 30.2134
30.0000 29.2132
30.0000 31.1173
30.0000 30.4192
30.0000 30.3092
30.0000 30.1661
30.0000 29.4881
30.0000 30.7477
30.0000 29.3049
30.0000 29.3421
30.0000 30.4788
30.0000 30.4312
30.0000 30.1086
30.0000 30.3057
30.0000 30.9667
30.0000 29.8002
30.0000 30.4659
30.0000 29.8414
30.0000 30.0495
30.0000 29.6234
30.0000 29.6144
30.0000 29.7352
30.0000 30.3375
30.0000 29.2961
30.0000 29.7434
30.0000 30.3372
30.0000 29.5282
30.0000 29.6933
30.0000 29.8778
30.0000 29.2092
30.0000 30.1595
30.0000 30.1208
30.0000 30.7313
30.0000 29.9878
30.0000 29.0666
30.0000 30.2923
30.0000 30.3725
30.0000 30.4215
30.0000 29.5296
30.0000 30.0251
30.0000 30.4933
30.0000 30.0664
30.0000 29.2771
30.0000 29.1092
30.0000 29.8302
30.0000 30.3858
30.0000 29.3340
30.0000 30.5726
30.0000 31.0930
30.0000 30.2429
30.0000 31.3199
30.0000 29.7603
30.0000 31.0516
30.0000 29.9737
30.0000 30.3090
30.0000 30.0908
30.0000 30.4351
30.0000 29.3244
30.0000 30.8757
30.0000 30.2686
30.0000 30.9725
30.0000 29.8120
30.0000 30.9823
30.0000 30.2152
30.0000 30.1960
30.0000 29.5440
30.0000 30.2555
30.0000 29.4822
30.0000 31.0202
30.0000 29.7352
30.0000 30.6847
30.0000 31.7289
30.0000 30.8291
30.0000 28.3125
30.0000 30.4158
30.0000 30.6222
30.0000 30.4777
30.0000 29.6888
30.0000 31.0429
30.0000 29.9876
30.0000 30.0149
30.0000 30.2833
30.0000 29.8546
30.0000 29.9739
30.0000 30.5926
30.0000 30.5790
30.0000 30.2591
30.0000 30.4525
30.0000 29.6876
30.0000 29.0437
30.0000 30.2928
30.0000 29.7887
30.0000 29.2183
30.0000 29.7827
30.0000 30.5859
30.0000 30.1379
30.0000 29.2257
30.0000 31.1096
30.0000 28.8439
30.0000 30.0691
30.0000 29.7683
30.0000 29.5957
30.0000 30.5847
30.0000 29.5075
30.0000 30.8864
30.0000 30.5245
30.0000 30.8197
30.0000 30.8658
30.0000 30.1836
30.0000 30.3212
30.0000 30.2179
30.0000 30.9023
30.0000 29.6940
30.0000 29.9965
30.0000 29.6384
30.0000 29.5677
30.0000 30.3682
30.0000 29.7611
30.0000 29.7351
30.0000 29.1314
30.0000 29.7815
30.0000 30.2135
30.0000 29.9526
30.0000 29.4546
30.0000 30.4409
30.0000 29.8595
30.0000 28.7960
30.0000 30.7573
30.0000 30.0112
30.0000 28.8943
30.0000 29.9363
30.0000 30.1623
30.0000 30.7365
30.0000 29.7354
30.0000 30.1142
30.0000 29.2592
30.0000 30.4218
30.0000 29.4118
30.0000 31.3492
30.0000 30.2100
30.0000 29.6169
30.0000 31.1684
30.0000 29.2405
30.0000 29.5280
30.0000 30.8642
30.0000 30.2870
30.0000 30.5197
30.0000 29.8954
30.0000 30.2619
30.0000 30.0858
30.0000 29.7457
30.0000 29.3480
30.0000 29.7243
30.0000 29.7755
30.0000 30.5872
30.0000 29.9840
30.0000 30.5247
30.0000 29.8948
30.0000 29.7123
30.0000 30.2466
30.0000 29.7925
30.0000 31.8620
30.0000 30.9718
30.0000 30.6747
30.0000 30.4238
30.0000 30.0523
30.0000 30.2713
30.0000 30.0168
30.0000 30.8949
30.0000 30.4159
30.0000 30.2240
30.0000 31.0231
30.0000 29.4043
30.0000 29.3203
30.0000 29.4694
30.0000 30.4834
30.0000 30.2825
30.0000 30.0226
30.0000 30.2548
30.0000 30.7013
30.0000 30.0887
30.0000 29.6579
30.0000 30.6276
30.0000 30.2635
30.0000 29.2621
30.0000 30.8049
30.0000 30.6658
30.0000 30.6321
30.0000 30.7975
30.0000 30.6537
30.0000 30.1345
30.0000 31.5646
30.0000 30.3085
30.0000 29.8085
30.0000 29.8940
30.0000 30.7224
30.0000 29.0073
30.0000 29.9795
30.0000 30.6268
30.0000 30.3314
30.0000 30.0439
30.0000 29.2344
30.0000 30.7794
30.0000 30.5455
30.0000 30.0400
30.0000 30.3666
30.0000 30.6300
30.0000 29.0927
30.0000 29.8874
30.0000 30.2512
30.0000 29.6853
30.0000 30.4202
30.0000 31.3641
30.0000 29.1331
30.0000 30.4928
30.0000 30.3993
30.0000 29.7216
30.0000 28.9825
30.0000 30.4129
30.0000 30.5913
30.0000 30.9309
30.0000 29.9913
30.0000 29.7172
30.0000 30.4239
30.0000 30.3459
30.0000 30.1095
30.0000 30.4932
30.0000 30.6090
30.0000 30.5995
30.0000 30.2367
30.0000 29.5339
30.0000 30.0428
30.0000 29.0434
30.0000 30.3131
30.0000 29.6884
30.0000 29.2685
30.0000 30.3103
30.0000 30.1036
30.0000 30.2029
30.0000 29.6657
30.0000 30.8771
30.0000 30.0697
30.0000 29.6543
30.0000 29.8442
30.0000 30.4760
30.0000 30.6011
30.0000 30.1633
30.0000 30.6960
30.0000 30.1916
30.0000 29.9435
30.0000 30.3042
30.0000 29.5607
30.0000 29.1654
30.0000 29.2788
30.0000 30.6818
30.0000 30.3527
30.0000 30.6535
30.0000 29.0788
30.0000 29.8401
30.0000 30.0927
30.0000 30.4489
30.0000 30.3727
30.0000 31.6088
30.0000 30.5371
30.0000 29.5838
30.0000 30.7318
30.0000 30.3686
30.0000 30.5823
30.0000 30.8367
30.0000 29.4261
30.0000 29.9985
30.0000 30.2650
30.0000 30.0260
30.0000 30.4275
30.0000 30.3579
30.0000 30.1490
30.0000 29.9463
30.0000 30.7150
30.0000 29.9872
30.0000 31.0570
30.0000 30.6734
30.0000 30.2569
30.0000 29.8864
30.0000 29.7755
30.0000 30.6727
30.0000 29.7010
30.0000 30.1266
30.0000 29.8155
30.0000 29.8530
30.0000 29.5762
30.0000 30.2367
30.0000 30.6229
30.0000 29.9999
30.0000 30.7453
30.0000 30.3112
30.0000 29.5887
30.0000 30.1820
30.0000 30.1049
30.0000 30.4010
30.0000 30.2947
30.0000 30.3299
30.0000 29.7255
30.0000 30.7215
30.0000 30.1451
30.0000 30.1323
30.0000 29.0244
30.0000 29.7701
30.0000 30.9187
30.0000 30.8253
30.0000 29.7933
30.0000 29.2352
30.0000 29.3533
30.0000 30.0794
30.0000 29.7970
30.0000 30.4692
30.0000 30.6068
30.0000 29.4438
30.0000 30.5328
30.0000 29.6211
30.0000 29.8588
30.0000 29.9453
30.0000 30.2660
30.0000 29.3901
30.0000 30.0745
30.0000 29.4303
30.0000 30.3972
30.0000 30.4275
30.0000 30.5627
30.0000 30.4813
30.0000 30.0636
30.0000 29.9920
30.0000 30.3755
30.0000 30.1565
30.0000 29.7841
30.0000 28.9655
30.0000 30.2936
30.0000 28.6562
30.0000 30.8420
30.0000 29.4704
30.0000 30.6036
30.0000 30.9540
30.0000 30.4527
30.0000 30.4317
30.0000 29.3541
30.0000 30.1942
30.0000 29.5278
30.0000 30.2052
30.0000 29.8521
30.0000 29.9854
30.0000 30.5062
30.0000 29.6993
30.0000 30.2300
30.0000 30.4104
30.0000 29.9470
30.0000 29.9721
30.0000 30.5257
30.0000 30.6821
30.0000 30.4504
30.0000 30.3654
30.0000 29.8125
30.0000 30.2303
30.0000 30.3294
30.0000 30.3950
30.0000 30.9176
30.0000 30.5244
30.0000 29.2352
30.0000 30.3689
30.0000 31.0246
30.0000 29.9456
30.0000 30.2928
30.0000 30.4804
30.0000 30.4808
30.0000 29.6936
30.0000 30.0589
30.0000 30.7087
30.0000 30.5092
30.0000 30.1567
30.0000 30.6017
30.0000 30.2210
30.0000 29.6989
30.0000 30.1950
30.0000 30.4169
30.0000 29.3851
30.0000 30.0134
30.0000 29.9466
30.0000 29.1636
30.0000 30.0297
30.0000 31.0044
30.0000 29.7332
30.0000 29.5157
30.0000 29.3892
30.0000 30.0085
30.0000 30.7348
30.0000 30.7826
30.0000 30.4758
30.0000 29.7033
30.0000 29.3556
30.0000 30.8498
30.0000 30.6583
30.0000 30.6210
30.0000 31.2630
30.0000 31.0686
30.0000 30.1519
30.0000 31.1848
30.0000 30.3129
30.0000 30.2108
30.0000 29.9812
30.0000 29.6019
30.0000 29.9823
30.0000 30.3233
30.0000 31.2882
30.0000 29.9989
30.0000 30.5609
30.0000 30.8948
30.0000 29.9628
30.0000 31.1080
30.0000 30.7567
30.0000 30.9967
30.0000 30.6008
30.0000 30.0145
30.0000 31.1561
30.0000 30.6122
30.0000 30.4681
30.0000 30.1301
30.0000 30.2203
30.0000 31.0742
30.0000 29.4336
30.0000 30.7574
30.0000 30.2109
30.0000 29.6647
30.0000 30.0698
30.0000 29.5083
30.0000 29.2740
30.0000 31.2983
30.0000 30.5366
30.0000 29.7645
30.0000 29.8389
30.0000 30.0149
30.0000 30.8673
30.0000 29.2762
30.0000 29.5866
30.0000 29.9465
30.0000 29.6969
30.0000 30.5723
30.0000 30.6089
30.0000 30.9621
30.0000 30.5677
30.0000 30.5305
30.0000 30.0455
30.0000 30.9119
30.0000 30.9592
30.0000 29.6972
30.0000 30.3954
30.0000 30.2841
30.0000 29.3929
30.0000 30.0261
30.0000 30.6716
30.0000 30.0578
30.0000 31.1227
30.0000 30.5742
30.0000 30.0034
30.0000 29.9059
30.0000 30.3262
30.0000 30.2861
30.0000 29.8746
30.0000 30.3474
30.0000 30.3907
30.0000 30.3810
30.0000 30.3448
30.0000 29.6254
30.0000 30.0121
30.0000 29.7782
30.0000 31.3196
30.0000 29.9997
30.0000 29.8397
30.0000 29.4971
30.0000 30.5618
30.0000 30.9545
30.0000 30.7085
30.0000 30.5633
30.0000 30.3069
30.0000 30.7530
30.0000 30.9960
30.0000 29.8476
30.0000 31.1033
30.0000 30.3691
30.0000 29.9229
30.0000 30.2768
30.0000 29.3862
30.0000 29.5744
30.0000 30.1618
30.0000 30.4607
30.0000 30.1861
30.0000 30.4022
30.0000 30.5446
30.0000 29.1483
30.0000 29.2442
30.0000 30.5271
30.0000 30.6464
30.0000 28.6170
30.0000 30.8346
30.0000 31.2447
30.0000 29.9157
30.0000 30.1901
30.0000 29.4604
30.0000 30.0117
30.0000 30.3333
30.0000 29.8643
30.0000 30.7460
30.0000 29.5335
30.0000 30.5279
30.0000 30.0690
30.0000 30.3609
30.0000 30.6800
30.0000 29.6098
30.0000 29.5337
30.0000 30.4128
30.0000 29.8755
30.0000 30.4964
30.0000 29.5226
30.0000 29.8988
30.0000 30.7950
30.0000 30.3295
30.0000 29.9206
30.0000 30.7709
30.0000 30.6945
30.0000 30.6839
30.0000 30.1090
30.0000 30.7442
30.0000 29.2688
30.0000 29.6202
30.0000 29.3803
30.0000 30.2525
30.0000 31.2105
30.0000 30.3133
30.0000 29.9045
30.0000 30.9511
30.0000 30.6795
30.0000 30.4531
30.0000 29.9061
30.0000 29.8025
30.0000 29.3155
30.0000 29.6243
30.0000 30.5124
30.0000 30.2750
30.0000 30.0278
30.0000 30.5571
30.0000 31.7215
30.0000 31.1802
30.0000 29.7975
30.0000 30.5269
30.0000 29.2112
30.0000 29.9922
30.0000 29.3356
30.0000 30.2623
30.0000 30.0388
30.0000 30.7049
30.0000 29.9595
30.0000 29.7394
30.0000 30.2043
30.0000 30.1369
30.0000 30.4060
30.0000 29.6320
30.0000 30.6627
30.0000 30.5127
30.0000 30.6090
30.0000 30.9484
30.0000 31.1096
30.0000 29.1573
30.0000 30.4764
30.0000 30.8325
30.0000 30.0634
30.0000 30.7319
30.0000 30.7946
30.0000 29.4337
30.0000 29.7435
30.0000 30.1842
30.0000 30.7528
30.0000 30.3914
30.0000 29.6820
30.0000 30.4157
30.0000 30.3607
30.0000 31.1102
30.0000 30.0421
30.0000 30.1911
30.0000 30.6617
30.0000 30.7472
30.0000 29.5796
30.0000 29.8303
30.0000 29.4294
30.0000 29.9987
30.0000 30.5291
30.0000 29.8137
30.0000 30.8764
30.0000 30.6846
30.0000 29.2720
30.0000 29.0949
30.0000 29.7241
30.0000 30.2656
30.0000 29.8770
30.0000 30.5548
30.0000 29.9638
30.0000 29.9245
30.0000 29.4474
30.0000 30.4383
30.0000 30.0226
30.0000 30.3439
30.0000 30.2714
30.0000 29.7641
30.0000 31.1983
30.0000 30.4730
30.0000 30.5171
30.0000 30.5157
30.0000 28.9979
30.0000 30.2687
30.0000 30.7107
30.0000 30.0534
30.0000 29.7506
30.0000 31.2583
30.0000 29.9457
30.0000 29.8871
30.0000 30.3884
30.0000 30.8384
30.0000 29.6226
30.0000 30.6672
30.0000 29.9966
30.0000 30.7907
30.0000 29.8375
30.0000 29.6750
30.0000 30.2325
30.0000 29.8685
30.0000 31.0514
30.0000 30.1150
30.0000 31.1431
30.0000 29.4475
30.0000 30.4171
30.0000 30.0856
30.0000 30.1610
30.0000 30.0951
30.0000 30.5823
30.0000 28.6582
30.0000 30.1422
30.0000 30.1997
30.0000 29.7863
30.0000 30.6747
30.0000 30.7773
30.0000 30.7054
30.0000 30.1023
30.0000 28.7161
30.0000 30.5600
30.0000 30.1702
30.0000 30.4707
30.0000 29.1957
30.0000 30.4670
30.0000 29.7300
30.0000 29.4427
30.0000 29.6819
30.0000 31.4774
30.0000 29.7484
30.0000 29.4556
30.0000 30.2735
30.0000 31.4754
30.0000 30.2737
30.0000 29.9484
30.0000 30.3703
30.0000 29.9293
30.0000 30.3911
30.0000 30.3446
30.0000 29.8441
30.0000 29.3666
30.0000 29.5259
30.0000 29.6197
30.0000 31.5022
30.0000 30.4599
30.0000 29.8197
30.0000 30.1387
30.0000 30.0560
30.0000 29.6907
30.0000 29.4683
30.0000 29.9492
30.0000 30.2248
30.0000 29.9365
30.0000 30.2311
30.0000 29.7834
30.0000 31.0156
30.0000 30.0488
30.0000 29.2557
30.0000 30.2340
30.0000 29.5920
30.0000 30.6165
30.0000 30.3041
30.0000 30.0356
30.0000 29.6548
30.0000 29.7838
30.0000 30.1987
30.0000 29.8649
30.0000 29.8749
30.0000 30.1783
30.0000 30.0024
30.0000 30.5101
30.0000 29.9108
30.0000 29.9290
30.0000 29.6953
30.0000 30.0437
30.0000 29.3917
30.0000 29.1688
30.0000 30.7719
30.0000 30.5293
30.0000 29.7585
30.0000 30.2344
30.0000 29.6909
30.0000 31.2401
30.0000 31.0473
30.0000 29.9625
30.0000 30.1206
30.0000 30.3089
30.0000 28.9796
30.0000 29.4115
30.0000 29.8350
30.0000 30.8302
30.0000 30.3901
30.0000 29.6394
30.0000 30.0345
30.0000 30.9756
30.0000 30.7989
30.0000 29.4894
30.0000 29.9106
30.0000 30.9450
30.0000 29.6315
30.0000 29.6084
30.0000 31.0768
30.0000 30.3775
30.0000 29.4805
30.0000 31.4089
30.0000 30.3181
30.0000 29.6244
30.0000 31.0231
30.0000 30.0824
30.0000 29.9342
30.0000 30.6805
30.0000 30.7712
30.0000 29.7602
30.0000 30.2122
30.0000 29.3495
30.0000 30.2784
30.0000 30.5747
30.0000 29.6028
30.0000 29.4379
30.0000 30.5844
30.0000 29.9729
30.0000 29.8306
30.0000 28.9403
30.0000 30.5301
30.0000 30.0630
30.0000 30.7876
30.0000 30.4128
30.0000 29.6056
30.0000 30.3581
30.0000 29.6197
30.0000 30.1021
30.0000 31.0996
30.0000 31.2536
30.0000 28.7209
30.0000 28.8407
30.0000 31.2107
30.0000 29.8613
30.0000 29.9699
30.0000 29.6511
30.0000 30.0299
30.0000 30.3567
30.0000 29.9503
30.0000 29.4549
30.0000 29.2470
30.0000 30.1471
30.0000 30.6248
30.0000 29.7897
30.0000 30.1475
30.0000 30.6860
30.0000 30.1973
30.0000 30.2072
30.0000 30.5900
30.0000 29.9830
30.0000 29.7312
30.0000 30.4354
30.0000 30.6142
30.0000 29.5590
30.0000 30.1788
30.0000 30.6327
30.0000 29.4139
30.0000 30.1981
30.0000 28.8291
30.0000 31.2276
30.0000 29.9786
30.0000 30.7169
30.0000 30.2743
30.0000 30.1282
30.0000 29.5892
30.0000 30.0891
30.0000 30.8812
30.0000 30.7175
30.0000 30.0913
30.0000 29.9161
30.0000 30.3867
30.0000 30.1647
30.0000 29.5443
30.0000 29.6870
30.0000 29.8190
30.0000 29.8822
30.0000 30.0072
30.0000 30.3155
30.0000 29.4880
30.0000 30.3524
30.0000 30.5518
30.0000 31.0032
30.0000 29.8890
30.0000 29.4131
30.0000 29.0903
30.0000 31.0846
30.0000 29.6150
30.0000 29.8785
30.0000 30.6458
30.0000 28.5411
30.0000 30.3396
30.0000 30.0837
30.0000 29.5951
30.0000 30.1948
30.0000 31.1556
30.0000 30.3200
30.0000 29.8860
30.0000 29.6196
30.0000 29.7377
30.0000 30.3455
30.0000 29.4251
30.0000 30.5976
30.0000 29.3727
30.0000 30.0606
30.0000 30.8215
30.0000 30.3586
30.0000 31.0475
30.0000 30.1210
30.0000 29.5237
30.0000 30.9424
30.0000 29.7075
30.0000 29.8698
30.0000 30.5301
30.0000 29.8324
30.0000 29.8566
30.0000 31.6775
30.0000 29.1321
30.0000 30.1342
30.0000 29.6573
30.0000 31.2648
30.0000 29.6415
30.0000 30.2142
30.0000 30.3268
30.0000 31.4226
30.0000 30.0727
30.0000 29.6698
30.0000 29.7678
30.0000 30.6475
30.0000 29.2032
30.0000 30.6921
30.0000 30.0543
30.0000 29.4962
30.0000 30.3259
30.0000 30.2494
30.0000 31.3098
30.0000 29.9111
30.0000 30.9771
30.0000 29.2966
30.0000 30.5007
30.0000 30.6637
30.0000 29.8676
30.0000 29.4402
30.0000 29.3209
30.0000 30.5843
30.0000 30.7594
30.0000 30.1734
30.0000 30.9083
30.0000 29.4033
30.0000 29.5776
30.0000 30.2928
30.0000 30.5397
30.0000 30.7754
30.0000 29.6784
30.0000 30.0139
30.0000 29.9842
30.0000 30.8255
30.0000 31.2040
30.0000 30.3680
30.0000 30.4894
30.0000 29.2450
30.0000 31.6091
30.0000 30.3066
30.0000 30.0522
30.0000 29.5571
30.0000 29.6208
30.0000 30.8189
30.0000 29.8872
30.0000 30.1308
30.0000 30.1594
30.0000 30.1063
30.0000 30.6376
30.0000 29.9742
30.0000 30.2095
30.0000 29.5911
30.0000 30.0629
30.0000 30.1453
30.0000 30.0043
30.0000 30.0330
30.0000 29.4358
30.0000 29.6939
30.0000 30.1473
30.0000 30.3147
30.0000 29.6661
30.0000 29.5652
30.0000 30.2190
30.0000 29.5376
30.0000 30.6182
30.0000 30.3783
30.0000 30.2231
30.0000 29.2629
30.0000 30.1981
30.0000 30.6271
30.0000 29.0381
30.0000 30.4189
30.0000 29.7986
30.0000 29.9500
30.0000 30.0666
30.0000 30.2189
30.0000 29.2563
30.0000 31.0656
30.0000 29.8966
30.0000 30.2048
30.0000 30.8631
30.0000 30.1958
30.0000 29.1696
30.0000 29.6928
30.0000 30.3727
30.0000 29.2981
30.0000 30.7972
30.0000 30.0230
30.0000 29.2899
30.0000 29.8773
30.0000 29.0227
30.0000 30.6547
30.0000 30.2051
30.0000 29.9630
30.0000 29.2675
30.0000 30.2696
30.0000 31.0283
30.0000 30.3417
30.0000 30.0760
30.0000 29.9297
30.0000 30.1942
30.0000 29.8753
30.0000 31.0490
30.0000 29.4417
30.0000 29.3668
30.0000 30.0522
30.0000 30.3511
30.0000 30.3858
30.0000 30.2294
30.0000 30.6127
30.0000 29.7848
30.0000 30.1910
30.0000 29.7009
30.0000 29.6005
30.0000 30.4346
30.0000 30.0764
30.0000 30.0896
30.0000 30.2699
30.0000 30.5283
30.0000 29.5455
30.0000 30.4536
30.0000 30.2868
30.0000 30.2762
30.0000 30.4024
30.0000 31.5715
30.0000 30.0356
30.0000 30.1500
30.0000 30.9138
30.0000 29.9216
30.0000 30.0559
30.0000 28.9998
30.0000 29.9278
30.0000 30.6436
30.0000 30.7349
30.0000 30.6216
30.0000 30.5590
30.0000 30.2843
30.0000 30.2484
30.0000 30.5747
30.0000 29.6813
30.0000 29.5906
30.0000 31.4146
30.0000 30.1555
30.0000 31.0406
30.0000 30.6670
30.0000 30.7818
30.0000 29.3551
30.0000 29.7630
30.0000 29.5203
30.0000 30.3781
30.0000 30.4925
30.0000 30.1997
30.0000 30.8753
30.0000 30.8558
30.0000 30.0098
30.0000 30.5662
30.0000 30.3345
30.0000 29.4905
30.0000 28.9601
30.0000 30.7966
30.0000 30.3011
30.0000 30.1795
30.0000 30.1777
30.0000 27.6388
30.0000 31.1345
30.0000 30.3614
30.0000 29.8401
30.0000 29.8219
30.0000 30.6823
30.0000 30.0923
30.0000 30.9570
30.0000 30.0251
30.0000 29.9421
30.0000 31.0470
30.0000 30.3633
30.0000 29.4665
30.0000 28.5192
30.0000 29.1099
30.0000 30.0161
30.0000 29.3752
30.0000 30.7241
30.0000 30.0828
30.0000 29.9315
30.0000 30.7071
30.0000 29.6042
30.0000 30.2786
30.0000 30.4051
30.0000 30.0195
30.0000 28.7276
30.0000 29.4522
30.0000 30.3939
30.0000 30.3636
30.0000 30.5236
30.0000 29.9939
30.0000 30.1227
30.0000 29.8683
30.0000 29.6376
30.0000 30.5751
30.0000 30.2634
30.0000 30.1888
