5.0000 6.8813
5.0000 5.2618
5.0000 6.1113
5.0000 5.0135
5.0000 5.0530
5.0000 5.5358
5.0000 4.9950
5.0000 6.0029
5.0000 5.7743
5.0000 4.9985
5.0000 5.6837
5.0000 6.4431
5.0000 5.4850
5.0000 4.7731
5.0000 5.2704
5.0000 6.3215
5.0000 6.3434
5.0000 6.0436
5.0000 5.2307
5.0000 6.6016
5.0000 5.7007
5.0000 6.6456
5.0000 5.5657
5.0000 5.0236
5.0000 5.0250
5.0000 6.0483
5.0000 5.7845
5.0000 4.8398
5.0000 5.6223
5.0000 5.0081
5.0000 6.5300
5.0000 5.7016
5.0000 5.4918
5.0000 5.5507
5.0000 5.5625
5.0000 5.9597
5.0000 5.7222
5.0000 6.4183
5.0000 5.5693
5.0000 5.5282
5.0000 5.7559
5.0000 6.0432
5.0000 6.0543
5.0000 5.9223
5.0000 4.6727
5.0000 5.5769
5.0000 5.8564
5.0000 5.9914
5.0000 5.6019
5.0000 5.5354
5.0000 5.4004
5.0000 5.3522
5.0000 5.0331
5.0000 6.1186
5.0000 5.1580
5.0000 5.7943
5.0000 6.0355
5.0000 6.0366
5.0000 5.2011
5.0000 5.1708
5.0000 5.6440
5.0000 4.7871
5.0000 5.7256
5.0000 4.9298
5.0000 5.1167
5.0000 5.2273
5.0000 5.4514
5.0000 5.0808
5.0000 4.4458
5.0000 4.5346
5.0000 4.8866
5.0000 5.3998
5.0000 5.8936
5.0000 5.0130
5.0000 6.8232
5.0000 5.8797
5.0000 4.9824
5.0000 5.8722
5.0000 5.1886
5.0000 5.4733
5.0000 4.6631
5.0000 5.8026
5.0000 5.4164
5.0000 5.5963
5.0000 5.6450
5.0000 5.8729
5.0000 5.8394
5.0000 5.3462
5.0000 5.4092
5.0000 5.5810
5.0000 6.1589
5.0000 5.7646
5.0000 5.3917
5.0000 5.7634
5.0000 5.6269
5.0000 5.6874
5.0000 4.9249
5.0000 5.5099
5.0000 5.0925
5.0000 4.9587
5.0000 5.6275
5.0000 6.3212
5.0000 6.6539
5.0000 4.8389
5.0000 6.2082
5.0000 5.4366
5.0000 5.3252
5.0000 5.9789
5.0000 6.1823
5.0000 5.8252
5.0000 5.6501
5.0000 6.0300
5.0000 5.7187
5.0000 5.3896
5.0000 5.3741
5.0000 5.7163
5.0000 6.5988
5.0000 6.1494
5.0000 5.1667
5.0000 4.9962
5.0000 5.2346
5.0000 6.2148
5.0000 5.7475
5.0000 6.6528
5.0000 5.3761
5.0000 5.3540
5.0000 6.1498
5.0000 4.5716
5.0000 5.9302
5.0000 5.2434
5.0000 5.9818
5.0000 5.3974
5.0000 5.6390
5.0000 5.9497
5.0000 5.4730
5.0000 4.9134
5.0000 5.4707
5.0000 5.7048
5.0000 6.7899
5.0000 5.3212
5.0000 6.4960
5.0000 5.3059
5.0000 6.3598
5.0000 5.4917
5.0000 5.6579
5.0000 5.6582
5.0000 5.0397
5.0000 5.5405
5.0000 4.7073
5.0000 6.6104
5.0000 5.6085
5.0000 5.6578
5.0000 5.6801
5.0000 5.0485
5.0000 5.1703
5.0000 5.0458
5.0000 5.9616
5.0000 5.6527
5.0000 5.3928
5.0000 5.3674
5.0000 4.1028
5.0000 6.0004
5.0000 4.6437
5.0000 6.1953
5.0000 5.1163
5.0000 5.5853
5.0000 6.6019
5.0000 4.8737
5.0000 5.0964
5.0000 6.1524
5.0000 5.6717
5.0000 5.5764
5.0000 4.8975
5.0000 5.8103
5.0000 5.4113
5.0000 5.6411
5.0000 5.6604
5.0000 4.6663
5.0000 5.3045
5.0000 5.4516
5.0000 5.1677
5.0000 4.9334
5.0000 6.3872
5.0000 5.3088
5.0000 5.7680
5.0000 5.6924
5.0000 5.9027
5.0000 5.8361
5.0000 6.0002
5.0000 5.3270
5.0000 4.5855
5.0000 6.4612
5.0000 5.8629
5.0000 5.0565
5.0000 6.0614
5.0000 5.2920
5.0000 5.3170
5.0000 5.1717
5.0000 5.2423
5.0000 5.0663
5.0000 5.8569
5.0000 4.9197
5.0000 6.1774
5.0000 6.4558
5.0000 5.7170
5.0000 6.2657
5.0000 5.7408
5.0000 6.6955
5.0000 5.6890
5.0000 5.4500
5.0000 5.4019
5.0000 5.0909
5.0000 5.3920
5.0000 5.9215
5.0000 5.2790
5.0000 6.4094
5.0000 6.1462
5.0000 6.3026
5.0000 5.7532
5.0000 5.7798
5.0000 5.3098
5.0000 6.0144
5.0000 5.0259
5.0000 5.4495
5.0000 5.9066
5.0000 5.6363
5.0000 6.0253
5.0000 6.6633
5.0000 5.1272
5.0000 6.3358
5.0000 6.4023
5.0000 5.5751
5.0000 5.4357
5.0000 6.7743
5.0000 5.0904
5.0000 5.3049
5.0000 5.0721
5.0000 5.2273
5.0000 5.0974
5.0000 5.2747
5.0000 4.9293
5.0000 5.3641
5.0000 6.1560
5.0000 4.8330
5.0000 5.0800
5.0000 4.9637
5.0000 5.6517
5.0000 5.4563
5.0000 5.8627
5.0000 5.9442
5.0000 6.1729
5.0000 6.3416
5.0000 6.2398
5.0000 5.3555
5.0000 5.0545
5.0000 6.0253
5.0000 5.9437
5.0000 5.5749
5.0000 5.3083
5.0000 5.6497
5.0000 6.0072
5.0000 5.8700
5.0000 6.6802
5.0000 6.5374
5.0000 6.0847
5.0000 5.7197
5.0000 6.4335
5.0000 5.2110
5.0000 6.6410
5.0000 5.5986
5.0000 6.2542
5.0000 6.3247
5.0000 5.4353
5.0000 6.0125
5.0000 5.2468
5.0000 5.1522
5.0000 5.6967
5.0000 5.2313
5.0000 6.1585
5.0000 5.9908
5.0000 5.9235
5.0000 4.7012
5.0000 6.0827
5.0000 4.6837
5.0000 5.4993
5.0000 5.5771
5.0000 5.7669
5.0000 6.6360
5.0000 5.2967
5.0000 4.8054
5.0000 5.0352
5.0000 6.2182
5.0000 5.4097
5.0000 5.4511
5.0000 6.7287
5.0000 6.5477
5.0000 5.6628
5.0000 5.9993
5.0000 5.1073
5.0000 6.8101
5.0000 6.1006
5.0000 5.2942
5.0000 6.4142
5.0000 5.8410
5.0000 5.1257
5.0000 5.3207
5.0000 6.5124
5.0000 5.0033
5.0000 5.8484
5.0000 5.6085
5.0000 5.2110
5.0000 5.6911
5.0000 5.6119
5.0000 5.5332
5.0000 6.0734
5.0000 5.1849
5.0000 6.0470
5.0000 6.4879
5.0000 5.6790
5.0000 5.6862
5.0000 4.9073
5.0000 5.8987
5.0000 4.6095
5.0000 5.4799
5.0000 5.6739
5.0000 6.2170
5.0000 5.5913
5.0000 5.7769
5.0000 5.5040
5.0000 5.2960
5.0000 5.9296
5.0000 5.6611
5.0000 5.0754
5.0000 7.2384
5.0000 5.7961
5.0000 5.5199
5.0000 5.9671
5.0000 5.5635
5.0000 6.5297
5.0000 5.4620
5.0000 5.3740
5.0000 5.6026
5.0000 6.2930
5.0000 5.5884
5.0000 5.2828
5.0000 5.4516
5.0000 6.1764
5.0000 5.4808
5.0000 4.9520
5.0000 5.5224
5.0000 5.8738
5.0000 5.9664
5.0000 5.7011
5.0000 5.3630
5.0000 5.5242
5.0000 6.2847
5.0000 5.8835
5.0000 6.0645
5.0000 5.3629
5.0000 5.3431
5.0000 6.5955
5.0000 5.4600
5.0000 5.1827
5.0000 5.6133
5.0000 5.4233
5.0000 5.7096
5.0000 5.5177
5.0000 5.1222
5.0000 5.3093
5.0000 5.6655
5.0000 5.0454
5.0000 5.3117
5.0000 5.1016
5.0000 5.8496
5.0000 5.3060
5.0000 5.4094
5.0000 6.2291
5.0000 5.5287
5.0000 6.1520
5.0000 6.3215
5.0000 6.0495
5.0000 5.6549
5.0000 6.1837
5.0000 5.4079
5.0000 5.7851
5.0000 5.6907
5.0000 6.0991
5.0000 5.4736
5.0000 6.2579
5.0000 5.4136
5.0000 6.0503
5.0000 6.0247
5.0000 5.8881
5.0000 5.4425
5.0000 6.0892
5.0000 5.6883
5.0000 5.8676
5.0000 5.6633
5.0000 5.9125
5.0000 5.0295
5.0000 6.3732
5.0000 5.4391
5.0000 5.9430
5.0000 5.5929
5.0000 5.3503
5.0000 6.1453
5.0000 5.7092
5.0000 5.3276
5.0000 4.9004
5.0000 5.6193
5.0000 4.3291
5.0000 5.1496
5.0000 5.4070
5.0000 6.1797
5.0000 5.3605
5.0000 5.5179
5.0000 6.4116
5.0000 5.8825
5.0000 5.5435
5.0000 5.1128
5.0000 5.8878
5.0000 6.6281
5.0000 6.0032
5.0000 6.9043
5.0000 5.8464
5.0000 6.1042
5.0000 5.8888
5.0000 4.7623
5.0000 6.4991
5.0000 5.9963
5.0000 4.9983
5.0000 4.9386
5.0000 5.7016
5.0000 5.2263
5.0000 6.1901
5.0000 6.3681
5.0000 6.6477
5.0000 4.9654
5.0000 4.9527
5.0000 6.3674
5.0000 6.2717
5.0000 5.5730
5.0000 5.3502
5.0000 5.9286
5.0000 5.4349
5.0000 5.5963
5.0000 5.3011
5.0000 5.9622
5.0000 5.2102
5.0000 6.4756
5.0000 5.4253
5.0000 6.7645
5.0000 5.3584
5.0000 4.4277
5.0000 5.2511
5.0000 6.4285
5.0000 6.0330
5.0000 5.7034
5.0000 5.6572
5.0000 5.5315
5.0000 5.4106
5.0000 6.1095
5.0000 4.9224
5.0000 5.3633
5.0000 5.4076
5.0000 7.0716
5.0000 5.7115
5.0000 6.4488
5.0000 4.9710
5.0000 5.2830
5.0000 6.2812
5.0000 5.6734
5.0000 5.1692
5.0000 6.0522
5.0000 5.4923
5.0000 6.6605
5.0000 5.0220
5.0000 6.0036
5.0000 6.2615
5.0000 5.6391
5.0000 6.2088
5.0000 6.2340
5.0000 4.6038
5.0000 4.7617
5.0000 5.3934
5.0000 6.3593
5.0000 6.3679
5.0000 5.3894
5.0000 5.5614
5.0000 5.7997
5.0000 4.5786
5.0000 5.0101
5.0000 6.2930
5.0000 5.1324
5.0000 5.8348
5.0000 4.7779
5.0000 5.3562
5.0000 4.7229
5.0000 5.3703
5.0000 5.4786
5.0000 5.8975
5.0000 5.3426
5.0000 6.3521
5.0000 4.7247
5.0000 5.9311
5.0000 4.3808
5.0000 5.7900
5.0000 6.1335
5.0000 6.2666
5.0000 6.1169
5.0000 5.6568
5.0000 5.0177
5.0000 5.9757
5.0000 6.2073
5.0000 5.4372
5.0000 5.1624
5.0000 5.9615
5.0000 5.1373
5.0000 6.4444
5.0000 5.0977
5.0000 6.1206
5.0000 6.5142
5.0000 5.4242
5.0000 5.7351
5.0000 5.2129
5.0000 4.7976
5.0000 5.9520
5.0000 5.5914
5.0000 5.5213
5.0000 5.6625
5.0000 4.9415
5.0000 5.8292
5.0000 4.9187
5.0000 6.8314
5.0000 5.0466
5.0000 4.7777
5.0000 5.7343
5.0000 5.9824
5.0000 3.9240
5.0000 5.4409
5.0000 5.1692
5.0000 5.7372
5.0000 5.6798
5.0000 5.6386
5.0000 5.1029
5.0000 5.2124
5.0000 5.9759
5.0000 4.6320
5.0000 5.9836
5.0000 5.7852
5.0000 6.4387
5.0000 5.9744
5.0000 4.6496
5.0000 4.8978
5.0000 6.4487
5.0000 5.0092
5.0000 4.9016
5.0000 4.7157
5.0000 5.4328
5.0000 5.8041
5.0000 5.9488
5.0000 5.5705
5.0000 6.1948
5.0000 5.3090
5.0000 4.8968
5.0000 5.5194
5.0000 5.7604
5.0000 5.5592
5.0000 4.8913
5.0000 5.5687
5.0000 6.6066
5.0000 6.4055
5.0000 5.0371
5.0000 6.4395
5.0000 5.9212
5.0000 5.2084
5.0000 5.9530
5.0000 5.1841
5.0000 6.2562
5.0000 6.3637
5.0000 6.6665
5.0000 5.2947
5.0000 5.7649
5.0000 5.9263
5.0000 5.8928
5.0000 5.7006
5.0000 5.9993
5.0000 6.1937
5.0000 5.1541
5.0000 6.8052
5.0000 5.1965
5.0000 5.0117
5.0000 5.0689
5.0000 5.6501
5.0000 5.5924
5.0000 5.5240
5.0000 6.0217
5.0000 5.2994
5.0000 6.7273
5.0000 6.3258
5.0000 5.5861
5.0000 5.7220
5.0000 5.2740
5.0000 6.5484
5.0000 5.7983
5.0000 4.9068
5.0000 5.9207
5.0000 5.2814
5.0000 6.4475
5.0000 5.4408
5.0000 6.0441
5.0000 5.7568
5.0000 6.7455
5.0000 4.6027
5.0000 6.4953
5.0000 5.1998
5.0000 4.7884
5.0000 5.6258
5.0000 5.5583
5.0000 6.5610
5.0000 5.5209
5.0000 5.8705
5.0000 6.6592
5.0000 5.9488
5.0000 5.2439
5.0000 6.1112
5.0000 5.6999
5.0000 4.9529
5.0000 5.2591
5.0000 6.4429
5.0000 5.4703
5.0000 6.0387
5.0000 5.8274
5.0000 5.4375
5.0000 5.1821
5.0000 5.5151
5.0000 6.5589
5.0000 5.8983
5.0000 6.3369
5.0000 5.5829
5.0000 5.0672
5.0000 5.9255
5.0000 4.4670
5.0000 5.8930
5.0000 5.5791
5.0000 5.8802
5.0000 5.6601
5.0000 5.7069
5.0000 5.9024
5.0000 6.4908
5.0000 6.2888
5.0000 5.8887
5.0000 5.9255
5.0000 4.3908
5.0000 5.3626
5.0000 5.9451
5.0000 5.6537
5.0000 6.6736
5.0000 4.5004
5.0000 6.0693
5.0000 6.4431
5.0000 5.1304
5.0000 5.7301
5.0000 6.0790
5.0000 6.1261
5.0000 6.9576
5.0000 5.5711
5.0000 5.1124
5.0000 4.8600
5.0000 5.8352
5.0000 5.4929
5.0000 6.1432
5.0000 4.8302
5.0000 6.4486
5.0000 5.5035
5.0000 5.6360
5.0000 4.8694
5.0000 5.2402
5.0000 5.8069
5.0000 5.4096
5.0000 6.7377
5.0000 4.7285
5.0000 5.1691
5.0000 5.6439
5.0000 5.3267
5.0000 6.0087
5.0000 5.7496
5.0000 5.4141
5.0000 6.3536
5.0000 5.5064
5.0000 5.0874
5.0000 4.7448
5.0000 5.9085
5.0000 6.1364
5.0000 5.6712
5.0000 5.0397
5.0000 5.1141
5.0000 6.7129
5.0000 4.7367
5.0000 5.2615
5.0000 6.1127
5.0000 6.2425
5.0000 5.9827
5.0000 5.1610
5.0000 6.0488
5.0000 6.0560
5.0000 5.3395
5.0000 7.0470
5.0000 6.5065
5.0000 5.3862
5.0000 5.4338
5.0000 5.2258
5.0000 5.5464
5.0000 6.1491
5.0000 6.6439
5.0000 4.8293
5.0000 5.5242
5.0000 5.7151
5.0000 5.7332
5.0000 5.7900
5.0000 4.9401
5.0000 6.2178
5.0000 5.6539
5.0000 5.4762
5.0000 5.2135
5.0000 5.8415
5.0000 5.5411
5.0000 6.0009
5.0000 4.8935
5.0000 5.7198
5.0000 5.8836
5.0000 5.9735
5.0000 6.0703
5.0000 6.2667
5.0000 5.2361
5.0000 5.7331
5.0000 6.0623
5.0000 6.6750
5.0000 5.4522
5.0000 5.9148
5.0000 5.4715
5.0000 5.7591
5.0000 6.0374
5.0000 5.2462
5.0000 5.6116
5.0000 6.4544
5.0000 5.3259
5.0000 5.5551
5.0000 6.3299
5.0000 5.9456
5.0000 6.9019
5.0000 5.9350
5.0000 5.6995
5.0000 5.1814
5.0000 5.4441
5.0000 5.7365
5.0000 5.1757
5.0000 5.3559
5.0000 5.8364
5.0000 5.4724
5.0000 5.0375
5.0000 5.4995
5.0000 5.8884
5.0000 5.1447
5.0000 6.3723
5.0000 5.7415
5.0000 5.4490
5.0000 6.0712
5.0000 6.3751
5.0000 4.3824
5.0000 6.0043
5.0000 4.7396
5.0000 6.3445
5.0000 5.7874
5.0000 6.1977
5.0000 5.8189
5.0000 6.1186
5.0000 6.2949
5.0000 6.0663
5.0000 4.7602
5.0000 6.1473
5.0000 5.8786
5.0000 6.1391
5.0000 6.0347
5.0000 6.3448
5.0000 5.2782
5.0000 4.9390
5.0000 5.1430
5.0000 5.5327
5.0000 5.8874
5.0000 6.0996
5.0000 5.1770
5.0000 6.5408
5.0000 4.9360
5.0000 5.8577
5.0000 6.3901
5.0000 5.4714
5.0000 5.4875
5.0000 6.6947
5.0000 6.2030
5.0000 5.9321
5.0000 5.4452
5.0000 5.4959
5.0000 4.8000
5.0000 5.1930
5.0000 5.5170
5.0000 5.1070
5.0000 6.1809
5.0000 6.8412
5.0000 6.2751
5.0000 5.5293
5.0000 5.6283
5.0000 5.9498
5.0000 5.2581
5.0000 5.5410
5.0000 5.6858
5.0000 5.4691
5.0000 5.6741
5.0000 6.1109
5.0000 5.6538
5.0000 5.9626
5.0000 6.5682
5.0000 5.7326
5.0000 5.6207
5.0000 5.2034
5.0000 6.1205
5.0000 5.6773
5.0000 5.8402
5.0000 5.5942
5.0000 5.4737
5.0000 6.0982
5.0000 6.0819
5.0000 5.0684
5.0000 4.7125
5.0000 5.1079
5.0000 4.5231
5.0000 4.8029
5.0000 6.4041
5.0000 5.7570
5.0000 6.6489
5.0000 4.7997
5.0000 5.7395
5.0000 5.2822
5.0000 6.3925
5.0000 6.7592
5.0000 5.4379
5.0000 5.0399
5.0000 5.4038
5.0000 5.6060
5.0000 6.8682
5.0000 5.3096
5.0000 4.6743
5.0000 4.3533
5.0000 6.5714
5.0000 5.7581
5.0000 5.5994
5.0000 5.9473
5.0000 5.4556
5.0000 5.4893
5.0000 5.1797
5.0000 6.0584
5.0000 5.5477
5.0000 5.9614
5.0000 5.5819
5.0000 6.2825
5.0000 5.4965
5.0000 5.8421
5.0000 6.1017
5.0000 5.1565
5.0000 5.0649
5.0000 5.1203
5.0000 5.2062
5.0000 4.8645
5.0000 5.4056
5.0000 5.6880
5.0000 5.0977
5.0000 5.4833
5.0000 5.9038
5.0000 5.2508
5.0000 4.4279
5.0000 4.7597
5.0000 5.2850
5.0000 4.9365
5.0000 6.2672
5.0000 5.3008
5.0000 5.6200
5.0000 5.9165
5.0000 5.5691
5.0000 5.5869
5.0000 4.7696
5.0000 6.0840
5.0000 6.2721
5.0000 5.5274
5.0000 5.6605
5.0000 5.8183
5.0000 6.2490
5.0000 4.6390
5.0000 5.8222
5.0000 6.9190
5.0000 5.2738
5.0000 6.0548
5.0000 6.5808
5.0000 5.4501
5.0000 5.3897
5.0000 6.5947
5.0000 5.2951
5.0000 5.6594
5.0000 6.3807
5.0000 6.3891
5.0000 4.8438
5.0000 5.8875
5.0000 5.5448
5.0000 5.0979
5.0000 6.2401
5.0000 5.6103
5.0000 5.5043
5.0000 6.6858
5.0000 6.8989
5.0000 4.6092
5.0000 5.9174
5.0000 5.8720
5.0000 5.1465
5.0000 6.1090
5.0000 5.8215
5.0000 5.8328
5.0000 6.6037
5.0000 6.2529
5.0000 5.9115
5.0000 5.8356
5.0000 5.5302
5.0000 6.7936
5.0000 6.1053
5.0000 6.0347
5.0000 5.2036
5.0000 5.0448
5.0000 5.7774
5.0000 6.3149
5.0000 6.1241
5.0000 5.3381
5.0000 5.1965
5.0000 6.7689
5.0000 5.4756
5.0000 5.6207
5.0000 5.4426
5.0000 5.1948
5.0000 7.0136
5.0000 5.0486
5.0000 5.6435
5.0000 6.5187
5.0000 7.1714
5.0000 5.6865
5.0000 6.5110
5.0000 4.8629
5.0000 4.8866
5.0000 5.3878
5.0000 5.8083
5.0000 4.9133
5.0000 6.6021
5.0000 5.6581
5.0000 5.3330
5.0000 5.6851
5.0000 5.1245
5.0000 6.1719
5.0000 5.4095
5.0000 6.0731
5.0000 4.8418
5.0000 4.9413
5.0000 6.3685
5.0000 5.8134
5.0000 6.3275
5.0000 6.5963
5.0000 5.3733
5.0000 5.6961
5.0000 5.6323
5.0000 4.7727
5.0000 6.4961
5.0000 5.1392
5.0000 5.2180
5.0000 4.6914
5.0000 4.9072
5.0000 6.5094
5.0000 5.4493
5.0000 5.5754
5.0000 4.2608
5.0000 6.1213
5.0000 6.9684
5.0000 5.1953
5.0000 5.8064
5.0000 5.6719
5.0000 5.4321
5.0000 5.5089
5.0000 5.7475
5.0000 6.4902
5.0000 5.1377
5.0000 6.3866
5.0000 5.6871
5.0000 6.4305
5.0000 4.7193
5.0000 6.0660
5.0000 6.0859
5.0000 5.5091
5.0000 5.0194
5.0000 5.1366
5.0000 5.9541
5.0000 5.7474
5.0000 5.9985
5.0000 5.9579
5.0000 6.2119
5.0000 5.6838
5.0000 5.4052
5.0000 5.9312
5.0000 6.2295
5.0000 6.2063
5.0000 5.4443
5.0000 5.2573
5.0000 5.5677
5.0000 5.6041
5.0000 5.2399
5.0000 5.2928
5.0000 5.7161
5.0000 5.4630
5.0000 5.1303
5.0000 6.1117
5.0000 6.1783
5.0000 5.4225
5.0000 6.3614
5.0000 5.7959
5.0000 5.8673
5.0000 5.5324
5.0000 4.9034
5.0000 5.2662
5.0000 6.0787
5.0000 5.1889
5.0000 5.6471
5.0000 5.4130
5.0000 5.3645
5.0000 6.4107
5.0000 5.4683
5.0000 6.2337
5.0000 6.5677
5.0000 5.5174
5.0000 5.4998
5.0000 5.9734
5.0000 5.8863
5.0000 5.7053
5.0000 6.0551
5.0000 5.4863
5.0000 5.4205
5.0000 5.7626
5.0000 5.8154
5.0000 5.8762
5.0000 5.0034
5.0000 5.8127
5.0000 6.1051
5.0000 5.5938
5.0000 5.8319
5.0000 6.2708
5.0000 5.6589
5.0000 6.7955
5.0000 6.2272
5.0000 5.2702
5.0000 5.5023
5.0000 5.6507
5.0000 6.0186
5.0000 5.2410
5.0000 5.4031
5.0000 5.6011
5.0000 4.6819
5.0000 5.1852
5.0000 6.0146
5.0000 5.6185
5.0000 6.1163
5.0000 5.0942
5.0000 5.4121
5.0000 5.5919
5.0000 5.9307
5.0000 5.8183
5.0000 5.9459
5.0000 4.9565
5.0000 5.0973
5.0000 5.7682
5.0000 5.9294
5.0000 6.6599
5.0000 6.2598
5.0000 5.4145
5.0000 4.2738
5.0000 5.6085
5.0000 4.6559
5.0000 6.1921
5.0000 5.5393
5.0000 6.3656
5.0000 5.5574
5.0000 5.8406
5.0000 5.6063
5.0000 5.2904
5.0000 6.4276
5.0000 5.4138
5.0000 5.7836
5.0000 5.0030
5.0000 5.5437
5.0000 5.5796
5.0000 5.8023
5.0000 5.1465
5.0000 5.7873
5.0000 5.1281
5.0000 5.2209
5.0000 5.7084
5.0000 4.6967
5.0000 5.7457
5.0000 6.4245
5.0000 6.3359
5.0000 6.3111
5.0000 4.2819
5.0000 5.3615
5.0000 5.2651
5.0000 5.3910
5.0000 5.7364
5.0000 5.4301
5.0000 5.8433
5.0000 6.5380
5.0000 4.2983
5.0000 5.7462
5.0000 5.9641
5.0000 5.6471
5.0000 4.8893
5.0000 5.6574
5.0000 5.3238
5.0000 4.9246
5.0000 6.0609
5.0000 5.6240
5.0000 5.6963
5.0000 5.0778
5.0000 4.7036
5.0000 4.9324
5.0000 5.1857
5.0000 5.9928
5.0000 5.8705
5.0000 5.7367
5.0000 4.4161
5.0000 6.4162
5.0000 5.5266
5.0000 6.9487
5.0000 5.6864
5.0000 4.8739
5.0000 5.4710
5.0000 5.0853
5.0000 5.8838
5.0000 5.2054
5.0000 5.8952
5.0000 5.5714
5.0000 5.6617
5.0000 5.5794
5.0000 5.6192
5.0000 5.6958
5.0000 5.9047
5.0000 5.3635
5.0000 4.9565
5.0000 5.8498
5.0000 6.2997
5.0000 4.6696
5.0000 5.4955
5.0000 5.9105
5.0000 5.4100
5.0000 5.7204
5.0000 5.5195
5.0000 5.4836
5.0000 5.6659
5.0000 5.4611
5.0000 6.1456
5.0000 5.8187
5.0000 6.5686
5.0000 5.7615
5.0000 5.1876
5.0000 4.6285
5.0000 5.9640
5.0000 5.6543
5.0000 5.3896
5.0000 4.7708
5.0000 6.0749
5.0000 5.8677
5.0000 6.1440
5.0000 5.2461
5.0000 5.5525
5.0000 5.4145
5.0000 5.4093
5.0000 5.3747
5.0000 5.2092
5.0000 6.5988
5.0000 5.8486
5.0000 5.4589
5.0000 5.6696
5.0000 5.4648
5.0000 6.3250
5.0000 4.6423
5.0000 4.9470
5.0000 6.2068
5.0000 4.8328
5.0000 5.7114
5.0000 7.1660
5.0000 6.1914
5.0000 5.5694
5.0000 5.0431
5.0000 5.6723
5.0000 5.0757
5.0000 6.0308
5.0000 5.7330
5.0000 5.2240
5.0000 6.2877
5.0000 5.7418
5.0000 6.8098
5.0000 5.9697
5.0000 5.9687
5.0000 5.0899
5.0000 5.2700
5.0000 7.0774
5.0000 5.6318
5.0000 5.9359
5.0000 6.4980
5.0000 5.4589
5.0000 6.5449
5.0000 5.2974
5.0000 6.5896
5.0000 5.7140
5.0000 6.4769
5.0000 4.6740
5.0000 6.8959
5.0000 6.5167
5.0000 5.0986
5.0000 6.0334
5.0000 5.0053
5.0000 6.2225
5.0000 5.2819
5.0000 5.4394
5.0000 5.7803
5.0000 4.8992
5.0000 6.8561
5.0000 6.2675
5.0000 5.6305
5.0000 4.9174
5.0000 5.1974
5.0000 5.5459
5.0000 6.1763
5.0000 4.3780
5.0000 5.5046
5.0000 5.3962
5.0000 5.6370
5.0000 6.6895
5.0000 6.5364
5.0000 5.6936
5.0000 5.5882
5.0000 6.0815
5.0000 5.6066
5.0000 5.9772
5.0000 6.4539
5.0000 5.3844
5.0000 4.3145
5.0000 5.1853
5.0000 5.7867
5.0000 5.7073
5.0000 5.0415
5.0000 6.1715
5.0000 4.4385
5.0000 6.1957
5.0000 5.6414
5.0000 4.8482
5.0000 5.1549
5.0000 5.1465
5.0000 4.3361
5.0000 6.5471
5.0000 6.2389
5.0000 5.3332
5.0000 6.2596
5.0000 5.2336
5.0000 5.5578
5.0000 5.7972
5.0000 4.8849
5.0000 5.3010
5.0000 6.6008
5.0000 5.3406
5.0000 6.9625
5.0000 5.3219
5.0000 6.1780
5.0000 5.0073
5.0000 5.4856
5.0000 6.3201
5.0000 5.7330
5.0000 5.4424
5.0000 5.4282
5.0000 5.8241
5.0000 5.6800
5.0000 5.0535
5.0000 5.7641
5.0000 4.6470
5.0000 6.9015
5.0000 5.8895
5.0000 5.8593
5.0000 5.5956
5.0000 5.1476
5.0000 5.2295
5.0000 5.5040
5.0000 5.3703
5.0000 5.5584
5.0000 5.6754
5.0000 7.0448
5.0000 6.1883
5.0000 6.7658
5.0000 6.0597
5.0000 6.2173
5.0000 5.8466
5.0000 5.2051
5.0000 5.9779
5.0000 6.9168
5.0000 4.9879
5.0000 5.8729
5.0000 5.9641
5.0000 4.6581
5.0000 5.5403
5.0000 4.4606
5.0000 6.1048
5.0000 5.7158
5.0000 5.4470
5.0000 5.9127
5.0000 5.8721
5.0000 5.6202
5.0000 5.7823
5.0000 6.1488
5.0000 4.9308
5.0000 5.7348
5.0000 6.2844
5.0000 6.4056
5.0000 5.0740
5.0000 6.3331
5.0000 5.7027
5.0000 5.9453
5.0000 5.7445
5.0000 5.3717
5.0000 6.0282
5.0000 5.4529
5.0000 5.3975
5.0000 6.0155
5.0000 5.2555
5.0000 5.3744
5.0000 6.3083
5.0000 5.3343
5.0000 5.4099
5.0000 4.9654
5.0000 6.7449
5.0000 5.7329
5.0000 5.1005
5.0000 5.2616
5.0000 5.5074
5.0000 5.4875
5.0000 6.1378
5.0000 5.3461
5.0000 5.7527
5.0000 6.0510
5.0000 5.8846
5.0000 5.8235
5.0000 5.5952
5.0000 5.7616
5.0000 5.7991
5.0000 5.2898
5.0000 6.7464
5.0000 5.5604
5.0000 4.9557
5.0000 6.5004
5.0000 5.4567
5.0000 6.4540
5.0000 6.0880
5.0000 5.7532
5.0000 5.3103
5.0000 6.9377
5.0000 5.4948
5.0000 5.3655
5.0000 6.0471
5.0000 4.7394
5.0000 6.3016
5.0000 4.5959
5.0000 6.4473
5.0000 5.9995
5.0000 5.5159
5.0000 5.6842
5.0000 5.8743
5.0000 5.8448
5.0000 5.6421
5.0000 5.7065
5.0000 6.0372
5.0000 5.2865
5.0000 5.5660
5.0000 4.8167
5.0000 5.4200
5.0000 6.7494
5.0000 6.0653
5.0000 6.6968
5.0000 5.8734
5.0000 5.6661
5.0000 4.8302
5.0000 5.3455
5.0000 5.9183
5.0000 6.2684
5.0000 6.2609
5.0000 7.5411
5.0000 5.5121
5.0000 5.2478
5.0000 4.9614
5.0000 4.9329
5.0000 5.3041
5.0000 6.5355
5.0000 5.4400
5.0000 5.2994
5.0000 6.2226
5.0000 6.0302
5.0000 5.5374
5.0000 5.8867
5.0000 5.8996
5.0000 5.3987
5.0000 6.4193
5.0000 5.8274
5.0000 5.6415
5.0000 5.2220
5.0000 5.0844
5.0000 5.5809
5.0000 5.1104
5.0000 5.6743
5.0000 5.7865
5.0000 5.3663
5.0000 5.4395
5.0000 5.8919
5.0000 4.8328
5.0000 5.5727
5.0000 5.3603
5.0000 5.6320
5.0000 5.3704
5.0000 5.7053
5.0000 5.8985
5.0000 5.4167
5.0000 5.5883
5.0000 5.9992
5.0000 5.1589
5.0000 6.6474
5.0000 5.8876
5.0000 5.6376
5.0000 5.3424
5.0000 5.2381
5.0000 6.1759
5.0000 5.6687
5.0000 5.3655
5.0000 5.6174
5.0000 5.5005
5.0000 5.7288
5.0000 5.1643
5.0000 4.7689
5.0000 5.6057
5.0000 6.5895
5.0000 5.0689
5.0000 5.5542
5.0000 6.0546
5.0000 5.3464
5.0000 4.8579
5.0000 4.6047
5.0000 6.1533
5.0000 5.6398
5.0000 6.0642
5.0000 6.1680
5.0000 5.4038
5.0000 5.4167
5.0000 6.0009
5.0000 5.6908
5.0000 5.9398
5.0000 4.9396
5.0000 5.2703
5.0000 5.6299
5.0000 6.9347
5.0000 6.3195
5.0000 5.4341
5.0000 5.3469
5.0000 6.0165
5.0000 6.2236
5.0000 6.0119
5.0000 5.5110
5.0000 5.9230
5.0000 5.3736
5.0000 4.8912
5.0000 6.0739
5.0000 6.0606
5.0000 5.4597
5.0000 5.4232
5.0000 5.1469
5.0000 5.6228
5.0000 6.2162
5.0000 5.9145
5.0000 4.8068
5.0000 5.3342
5.0000 6.0238
5.0000 5.3476
5.0000 5.7926
5.0000 5.7803
5.0000 5.6808
5.0000 5.8409
5.0000 4.8621
5.0000 5.4557
5.0000 5.6038
5.0000 5.1094
5.0000 4.8869
5.0000 6.1990
5.0000 5.9105
5.0000 4.9361
5.0000 5.1899
5.0000 5.4751
5.0000 3.7874
5.0000 6.1263
5.0000 5.4850
5.0000 5.5537
5.0000 6.2477
5.0000 5.3703
5.0000 5.7814
5.0000 6.0523
5.0000 5.6039
5.0000 5.6723
5.0000 5.1997
5.0000 6.0213
5.0000 5.0629
5.0000 5.4326
5.0000 5.8154
5.0000 5.3594
5.0000 5.5120
5.0000 5.0829
5.0000 6.7110
5.0000 6.5613
5.0000 5.3847
5.0000 6.1280
5.0000 6.3686
5.0000 6.1307
5.0000 6.7572
5.0000 4.7149
5.0000 5.7155
5.0000 4.8837
5.0000 5.5186
5.0000 5.5573
5.0000 4.5781
5.0000 5.6542
5.0000 5.2171
5.0000 5.7332
5.0000 5.8979
5.0000 4.9783
5.0000 5.6467
5.0000 5.5207
5.0000 5.5372
5.0000 6.3938
5.0000 5.7997
5.0000 4.6283
5.0000 5.7787
5.0000 5.7020
5.0000 4.8988
5.0000 5.3593
5.0000 5.8585
5.0000 5.4998
5.0000 5.3149
5.0000 5.9045
5.0000 7.0010
5.0000 5.7878
5.0000 5.7137
5.0000 5.3459
5.0000 4.6908
5.0000 6.0820
5.0000 5.0277
5.0000 5.7572
5.0000 5.5499
5.0000 5.9367
5.0000 4.9799
5.0000 5.8519
5.0000 5.3591
5.0000 6.5506
5.0000 5.6743
5.0000 5.2077
5.0000 5.5711
5.0000 5.5406
5.0000 5.7416
5.0000 5.8470
5.0000 4.8712
5.0000 5.2413
5.0000 4.5811
5.0000 5.2966
5.0000 5.6959
5.0000 5.9200
5.0000 5.0249
5.0000 4.8194
5.0000 5.5119
5.0000 5.4717
5.0000 5.7341
5.0000 5.3371
5.0000 4.2037
5.0000 5.3735
5.0000 5.9629
5.0000 6.3044
5.0000 5.2228
5.0000 5.7104
5.0000 4.4826
5.0000 5.4333
5.0000 5.8075
5.0000 5.0813
5.0000 5.4480
5.0000 6.6103
5.0000 5.4036
5.0000 5.7776
5.0000 6.1377
5.0000 6.0573
5.0000 5.6542
5.0000 4.9519
5.0000 5.5791
5.0000 5.5633
5.0000 5.9015
5.0000 5.3629
5.0000 5.4663
5.0000 5.3545
5.0000 5.8434
5.0000 6.5132
5.0000 7.1577
5.0000 5.6588
5.0000 5.9354
5.0000 5.4911
5.0000 5.9701
5.0000 4.8155
5.0000 5.5679
5.0000 5.6400
5.0000 5.5657
5.0000 5.7876
5.0000 5.8119
5.0000 5.8584
5.0000 5.5475
5.0000 5.5219
5.0000 5.6938
5.0000 5.7946
5.0000 5.3152
5.0000 6.1916
5.0000 5.9982
5.0000 5.9535
5.0000 4.7839
5.0000 5.8335
5.0000 5.1766
5.0000 4.8280
5.0000 6.0185
5.0000 5.9286
5.0000 6.5980
5.0000 5.6513
5.0000 6.8833
5.0000 6.5689
5.0000 4.8900
5.0000 5.3163
5.0000 4.7602
5.0000 5.7701
5.0000 6.0130
5.0000 5.8809
5.0000 5.1796
5.0000 6.0530
5.0000 6.0149
5.0000 5.5319
5.0000 6.3201
5.0000 5.6946
5.0000 5.4400
5.0000 6.0535
5.0000 5.8000
5.0000 5.8801
5.0000 5.8587
5.0000 5.3409
5.0000 5.5819
5.0000 5.3500
5.0000 5.6941
5.0000 6.4931
5.0000 5.6128
5.0000 6.1078
5.0000 5.5315
5.0000 5.1174
5.0000 6.1989
5.0000 5.9763
5.0000 5.5336
5.0000 4.8822
5.0000 4.6159
5.0000 5.5872
5.0000 5.8806
5.0000 5.1855
5.0000 3.9405
5.0000 6.3542
5.0000 6.0031
5.0000 6.2445
5.0000 5.2784
5.0000 5.8369
5.0000 6.0829
5.0000 6.7081
5.0000 6.0762
5.0000 6.3436
5.0000 6.3968
5.0000 6.3887
5.0000 5.7969
5.0000 6.0314
5.0000 5.9783
5.0000 5.7331
5.0000 5.2105
5.0000 5.6380
5.0000 6.1635
5.0000 5.5623
5.0000 5.8126
5.0000 5.4634
5.0000 5.2918
5.0000 5.4234
5.0000 6.2559
5.0000 5.6364
5.0000 6.2867
5.0000 5.8252
5.0000 5.0608
5.0000 6.0396
5.0000 5.4773
5.0000 4.8448
5.0000 6.1930
5.0000 5.8475
5.0000 5.4066
5.0000 6.6647
5.0000 5.3924
5.0000 6.2489
5.0000 5.6444
5.0000 6.3454
5.0000 4.5228
5.0000 6.7996
5.0000 5.2764
5.0000 5.9823
5.0000 5.4986
5.0000 6.6005
5.0000 5.5394
5.0000 5.7376
5.0000 4.7168
5.0000 5.4799
5.0000 5.9022
5.0000 5.4651
5.0000 5.2715
5.0000 6.2747
5.0000 5.6534
5.0000 5.6878
5.0000 5.0853
5.0000 6.2752
5.0000 6.2810
5.0000 5.1862
5.0000 6.2094
5.0000 6.0867
5.0000 5.5549
5.0000 5.9065
5.0000 6.0713
5.0000 5.4979
5.0000 4.9077
5.0000 6.1419
5.0000 5.7335
5.0000 5.3430
5.0000 6.4000
5.0000 4.7802
5.0000 6.3138
5.0000 5.3045
5.0000 5.5317
5.0000 5.2728
5.0000 6.0107
5.0000 5.1537
5.0000 5.4817
5.0000 5.4163
5.0000 6.5315
5.0000 6.4110
5.0000 6.1969
5.0000 5.7361
5.0000 4.8636
5.0000 6.4851
5.0000 5.3332
5.0000 5.8366
5.0000 5.9626
5.0000 5.2116
5.0000 6.1273
5.0000 4.8535
5.0000 4.9048
5.0000 7.1685
5.0000 6.3882
5.0000 5.7724
5.0000 5.4962
5.0000 6.8501
5.0000 6.5624
5.0000 5.4790
5.0000 5.8441
5.0000 4.9550
5.0000 5.1798
5.0000 4.7631
5.0000 4.3538
5.0000 4.4281
5.0000 5.9002
5.0000 5.0923
5.0000 5.6446
5.0000 4.9804
5.0000 6.4423
5.0000 6.0041
5.0000 6.3077
5.0000 6.2171
5.0000 5.5161
5.0000 6.1122
5.0000 6.2650
5.0000 6.1038
5.0000 5.7166
5.0000 5.1438
5.0000 5.7615
5.0000 5.3669
5.0000 6.4682
5.0000 6.0034
5.0000 6.0253
5.0000 5.2891
5.0000 5.2315
5.0000 5.2861
5.0000 6.1126
5.0000 5.5868
5.0000 6.7334
5.0000 5.2644
5.0000 5.9566
5.0000 6.1573
5.0000 5.3469
5.0000 5.5186
5.0000 4.9234
5.0000 6.0373
5.0000 5.6278
5.0000 6.5139
5.0000 5.5508
5.0000 5.3096
5.0000 5.6434
5.0000 6.5309
5.0000 5.5884
5.0000 5.9705
5.0000 6.0099
5.0000 5.7668
5.0000 5.2823
5.0000 5.4288
5.0000 5.2738
5.0000 5.2795
5.0000 6.1415
5.0000 4.8911
5.0000 5.7744
5.0000 6.6513
5.0000 6.0942
5.0000 6.3018
5.0000 6.4105
5.0000 5.8496
5.0000 5.6181
5.0000 5.2735
5.0000 4.8422
5.0000 6.1296
5.0000 4.8947
5.0000 5.7817
5.0000 4.9112
5.0000 5.1990
5.0000 5.3178
5.0000 5.7561
5.0000 5.6953
5.0000 6.6989
5.0000 4.9300
5.0000 5.9169
5.0000 5.6345
5.0000 5.6029
5.0000 5.7249
5.0000 6.1328
5.0000 5.0512
5.0000 5.5842
5.0000 7.0410
5.0000 4.8561
5.0000 5.7090
5.0000 4.9901
5.0000 6.2867
5.0000 5.6634
5.0000 4.7813
5.0000 5.0974
5.0000 5.4520
5.0000 5.8237
5.0000 4.9653
5.0000 5.9337
5.0000 5.5150
5.0000 6.5722
5.0000 5.8456
5.0000 4.7842
5.0000 5.9590
5.0000 5.2229
5.0000 5.3685
5.0000 5.2319
5.0000 6.1734
5.0000 5.6121
5.0000 5.1315
5.0000 5.1014
5.0000 6.1094
5.0000 6.2937
5.0000 5.4868
5.0000 6.1924
5.0000 5.8265
5.0000 5.2861
5.0000 5.9431
5.0000 6.0125
5.0000 6.8634
5.0000 6.1306
5.0000 5.6817
5.0000 5.3713
5.0000 5.0188
5.0000 4.9630
5.0000 6.3084
5.0000 5.3025
5.0000 6.3522
5.0000 4.8775
5.0000 5.8871
5.0000 4.6106
5.0000 5.7459
5.0000 5.8002
5.0000 5.6590
5.0000 5.3559
5.0000 5.0455
5.0000 5.7590
5.0000 6.0403
5.0000 5.4773
5.0000 6.0950
5.0000 5.7402
5.0000 4.7998
5.0000 5.4164
5.0000 5.8847
5.0000 5.7029
5.0000 6.2457
5.0000 5.1250
5.0000 6.7257
5.0000 6.9508
5.0000 5.5432
5.0000 6.4666
5.0000 6.6627
5.0000 5.7703
5.0000 5.9112
5.0000 6.4040
5.0000 6.0340
5.0000 5.2906
5.0000 5.2846
5.0000 6.1281
5.0000 5.4903
5.0000 6.0716
5.0000 6.0428
5.0000 5.4464
5.0000 5.3946
5.0000 4.9469
5.0000 5.6785
5.0000 6.2497
5.0000 5.8110
5.0000 4.8167
5.0000 5.2567
5.0000 5.7998
5.0000 6.3768
5.0000 6.2765
5.0000 5.5676
5.0000 5.6176
5.0000 6.0021
5.0000 5.2434
5.0000 6.1458
5.0000 5.6288
5.0000 5.3087
5.0000 6.0984
5.0000 5.8733
5.0000 6.3745
5.0000 5.8142
5.0000 5.8678
5.0000 5.3852
5.0000 6.3563
5.0000 5.8219
5.0000 6.2157
5.0000 5.6166
5.0000 5.8992
5.0000 6.1122
5.0000 5.1657
5.0000 4.6662
5.0000 5.2874
5.0000 5.7428
5.0000 5.5774
5.0000 6.0339
5.0000 6.1108
5.0000 5.9808
5.0000 5.7319
5.0000 5.5859
5.0000 6.6831
5.0000 5.0287
5.0000 5.9996
5.0000 5.4761
5.0000 5.8253
5.0000 5.4819
5.0000 6.2417
5.0000 5.6845
5.0000 5.8486
5.0000 6.5069
5.0000 6.7708
5.0000 5.1028
5.0000 5.8638
5.0000 5.3400
5.0000 5.7002
5.0000 6.2239
5.0000 7.0449
5.0000 5.2399
5.0000 5.9982
5.0000 5.3173
5.0000 6.6083
5.0000 4.6762
5.0000 6.3334
5.0000 5.3580
5.0000 5.9658
5.0000 5.4566
5.0000 5.3354
5.0000 4.7492
5.0000 5.6164
5.0000 5.8798
5.0000 5.7594
5.0000 5.9744
5.0000 4.4031
5.0000 5.1007
5.0000 5.6395
5.0000 5.4181
5.0000 5.0472
5.0000 6.0090
5.0000 5.4566
5.0000 5.1246
5.0000 6.4921
5.0000 6.0097
5.0000 5.6250
5.0000 5.8829
5.0000 5.2677
5.0000 5.8108
5.0000 5.4238
5.0000 5.8319
5.0000 5.1649
5.0000 5.7886
5.0000 6.4518
5.0000 6.0163
5.0000 4.5497
5.0000 5.1294
5.0000 5.6497
5.0000 5.3269
5.0000 6.1729
5.0000 6.0176
5.0000 5.7786
5.0000 6.1837
5.0000 5.2161
5.0000 5.8638
5.0000 5.7948
5.0000 6.2874
5.0000 5.7639
5.0000 4.4452
5.0000 4.8875
5.0000 6.1405
5.0000 5.1248
5.0000 4.9508
5.0000 5.5878
5.0000 4.9756
5.0000 4.7165
5.0000 6.0385
5.0000 5.3330
5.0000 6.4495
5.0000 5.3261
5.0000 6.0431
5.0000 5.6712
5.0000 5.5636
5.0000 5.0008
5.0000 5.5963
5.0000 5.6701
5.0000 5.5821
5.0000 4.6794
5.0000 4.7302
5.0000 4.9338
5.0000 5.7978
5.0000 5.1270
5.0000 5.7285
5.0000 5.4835
5.0000 5.4550
5.0000 4.1863
5.0000 5.8171
5.0000 6.0528
5.0000 5.0931
5.0000 6.7857
5.0000 6.7659
5.0000 6.0017
5.0000 5.2751
5.0000 6.2107
5.0000 5.4920
5.0000 5.6821
5.0000 5.2531
5.0000 5.9698
5.0000 5.1618
5.0000 6.3826
5.0000 6.3948
5.0000 5.8190
5.0000 5.7102
5.0000 6.3560
5.0000 6.0591
5.0000 4.9137
5.0000 5.1898
5.0000 6.6546
5.0000 5.7675
5.0000 5.1341
5.0000 5.5205
5.0000 4.7714
5.0000 5.7869
5.0000 6.2328
5.0000 5.9589
5.0000 5.7852
5.0000 5.7112
5.0000 5.8877
5.0000 5.5779
5.0000 4.5775
5.0000 5.6546
5.0000 5.0555
5.0000 5.8845
5.0000 6.3852
5.0000 5.7477
5.0000 5.3292
5.0000 5.5525
5.0000 4.5197
5.0000 5.6785
5.0000 5.6133
5.0000 5.4648
5.0000 6.2974
5.0000 6.0684
5.0000 5.7114
5.0000 6.0473
5.0000 5.0479
5.0000 5.7576
5.0000 5.7471
5.0000 5.2320
5.0000 5.6019
5.0000 5.1487
5.0000 5.5652
5.0000 5.4943
5.0000 5.2335
5.0000 5.1986
5.0000 6.3252
5.0000 5.7701
5.0000 5.4057
5.0000 4.4901
5.0000 5.4486
5.0000 5.3830
5.0000 6.0660
5.0000 6.1163
5.0000 5.8728
5.0000 5.3755
5.0000 5.5986
5.0000 6.1634
5.0000 5.0204
5.0000 6.9015
5.0000 6.2549
5.0000 5.6687
5.0000 5.4401
5.0000 5.7153
5.0000 4.8051
5.0000 4.8632
5.0000 5.8527
5.0000 6.0136
5.0000 6.4301
5.0000 5.7556
5.0000 5.9597
5.0000 4.4999
5.0000 4.8866
5.0000 5.5122
5.0000 6.1221
5.0000 5.5461
5.0000 6.3679
5.0000 6.1250
5.0000 4.6736
5.0000 5.5076
5.0000 6.4845
5.0000 5.7884
5.0000 5.1484
5.0000 5.0934
5.0000 4.9614
5.0000 5.3844
5.0000 5.0376
5.0000 4.4880
5.0000 5.0622
5.0000 5.9495
5.0000 5.9238
5.0000 6.3230
5.0000 4.7039
5.0000 6.1733
5.0000 5.7159
5.0000 5.1730
5.0000 5.7777
5.0000 5.3281
5.0000 6.0190
5.0000 6.2664
5.0000 5.2038
5.0000 4.6868
5.0000 5.2910
5.0000 5.6159
5.0000 6.3386
5.0000 6.1524
5.0000 6.0348
5.0000 5.9021
5.0000 5.8777
5.0000 5.6519
5.0000 5.5041
5.0000 6.0332
5.0000 5.4972
5.0000 6.0153
5.0000 6.7636
5.0000 5.5673
5.0000 5.6606
5.0000 5.2959
5.0000 5.3761
5.0000 5.8967
5.0000 4.9724
5.0000 4.8704
5.0000 6.0154
5.0000 5.6419
5.0000 6.5104
5.0000 6.5550
5.0000 4.5755
5.0000 6.0795
5.0000 5.2837
5.0000 5.7220
5.0000 4.9847
5.0000 5.4839
5.0000 5.0355
5.0000 5.1557
5.0000 5.7674
5.0000 5.6294
5.0000 4.8326
5.0000 6.2451
5.0000 6.2076
5.0000 5.2126
5.0000 6.3925
5.0000 4.9663
5.0000 5.6903
5.0000 5.4747
5.0000 4.9010
5.0000 3.6777
5.0000 6.3272
5.0000 5.6323
5.0000 6.3639
5.0000 5.9332
5.0000 5.3568
5.0000 5.4968
5.0000 6.2995
5.0000 5.3309
5.0000 5.3823
5.0000 6.2800
5.0000 5.7240
5.0000 7.0962
5.0000 5.7824
5.0000 5.8753
5.0000 5.8289
5.0000 4.9528
5.0000 6.6166
5.0000 6.7537
5.0000 5.7234
5.0000 6.0920
5.0000 5.3954
5.0000 6.2663
5.0000 5.0909
5.0000 6.2011
5.0000 6.5410
5.0000 5.8494
5.0000 5.2436
5.0000 6.2458
5.0000 5.7387
5.0000 5.3558
5.0000 5.7276
5.0000 5.4910
5.0000 4.7185
5.0000 5.2549
5.0000 5.5788
5.0000 5.4423
5.0000 7.2431
5.0000 5.3335
5.0000 6.5487
5.0000 6.3252
5.0000 6.2101
5.0000 6.6920
5.0000 5.2983
5.0000 5.3866
5.0000 5.9168
5.0000 6.1300
5.0000 5.8631
5.0000 5.6070
5.0000 6.0048
5.0000 5.5200
5.0000 4.3612
5.0000 6.0631
5.0000 5.8106
5.0000 5.1000
5.0000 5.7146
5.0000 4.8973
5.0000 6.3681
5.0000 5.6469
5.0000 6.0002
5.0000 6.5232
5.0000 5.5963
5.0000 5.9997
5.0000 6.0327
5.0000 5.6278
5.0000 5.8228
5.0000 4.8048
5.0000 5.4585
5.0000 5.0380
5.0000 6.0799
5.0000 6.3832
5.0000 5.2949
5.0000 5.5345
5.0000 5.4346
5.0000 5.4073
5.0000 5.3171
5.0000 5.3281
5.0000 5.5550
5.0000 6.0134
5.0000 5.6155
5.0000 5.8257
5.0000 6.4590
5.0000 5.9939
5.0000 4.4182
5.0000 5.9836
5.0000 6.2885
5.0000 6.3091
5.0000 5.6365
5.0000 5.0886
5.0000 6.1266
5.0000 5.8970
5.0000 5.7775
5.0000 5.5900
5.0000 5.2891
5.0000 5.8521
5.0000 5.5582
5.0000 5.9081
5.0000 6.5452
5.0000 5.5014
5.0000 5.5016
5.0000 5.4911
5.0000 5.6777
5.0000 5.4881
5.0000 6.2772
5.0000 4.9687
5.0000 5.3000
5.0000 5.6337
5.0000 5.1710
5.0000 5.0200
5.0000 5.1344
5.0000 5.5240
5.0000 5.4483
5.0000 6.6622
5.0000 6.5320
5.0000 4.9554
5.0000 5.5924
5.0000 5.1689
5.0000 4.4372
5.0000 6.0542
5.0000 6.5237
5.0000 5.4247
5.0000 5.7565
5.0000 6.4536
5.0000 5.6452
5.0000 4.6209
5.0000 5.4340
5.0000 5.5524
5.0000 5.9446
5.0000 4.8801
5.0000 5.2724
5.0000 5.2188
5.0000 5.6898
5.0000 5.7927
5.0000 5.3319
5.0000 6.1268
5.0000 5.8169
5.0000 6.4179
5.0000 5.7288
5.0000 5.6003
5.0000 4.8578
5.0000 6.0716
5.0000 5.4788
5.0000 5.6389
5.0000 5.8948
5.0000 4.9794
5.0000 6.1887
5.0000 5.6686
5.0000 5.5742
5.0000 5.7249
5.0000 6.1545
5.0000 6.1423
5.0000 5.4295
5.0000 6.7562
5.0000 4.7170
5.0000 5.7541
5.0000 5.9181
5.0000 5.7874
5.0000 5.0822
5.0000 5.4343
5.0000 5.9479
5.0000 5.4331
5.0000 5.2789
5.0000 6.2298
5.0000 6.0413
5.0000 4.8318
5.0000 5.3892
5.0000 5.1146
5.0000 4.9987
5.0000 6.0522
5.0000 5.0439
5.0000 6.7376
5.0000 6.1570
5.0000 7.1682
5.0000 5.7188
5.0000 5.3552
5.0000 5.0304
5.0000 5.2846
5.0000 5.8444
5.0000 5.3227
5.0000 4.4537
5.0000 5.9904
5.0000 5.8259
5.0000 5.3042
5.0000 4.9865
5.0000 6.8135
5.0000 5.3935
5.0000 5.8461
5.0000 5.5185
5.0000 5.7027
5.0000 4.5953
5.0000 5.6216
5.0000 4.9256
5.0000 6.0167
5.0000 5.5750
5.0000 5.8623
5.0000 5.2843
5.0000 6.0453
5.0000 6.1216
5.0000 5.8906
5.0000 5.6285
5.0000 5.7818
5.0000 5.5835
5.0000 6.0377
5.0000 6.3354
5.0000 6.4702
5.0000 5.0167
5.0000 5.3207
5.0000 5.2238
5.0000 5.5975
5.0000 5.6327
5.0000 5.5891
5.0000 5.9188
5.0000 5.9585
5.0000 5.3062
5.0000 5.6881
5.0000 5.1661
5.0000 5.3859
5.0000 5.6309
5.0000 4.7662
5.0000 5.7891
5.0000 5.8086
5.0000 6.3377
5.0000 5.0104
5.0000 6.7871
5.0000 6.0679
5.0000 7.1778
5.0000 5.3713
5.0000 5.5438
5.0000 5.7514
5.0000 6.0346
5.0000 5.9009
5.0000 4.8637
5.0000 5.7190
5.0000 5.7836
5.0000 5.6126
5.0000 4.6424
5.0000 5.5005
5.0000 5.9309
5.0000 5.3366
5.0000 5.0751
5.0000 5.1943
5.0000 6.0385
5.0000 6.0166
5.0000 5.9589
5.0000 4.1278
5.0000 6.4377
5.0000 5.0942
5.0000 5.3299
5.0000 5.4701
5.0000 5.9261
5.0000 6.8128
5.0000 5.8469
5.0000 4.1499
5.0000 5.3345
5.0000 6.7006
5.0000 5.1072
5.0000 5.4381
5.0000 5.0519
5.0000 5.1724
5.0000 4.9966
5.0000 5.8935
5.0000 5.6247
5.0000 5.0355
5.0000 5.4325
5.0000 6.7240
5.0000 5.0681
5.0000 6.1217
5.0000 5.7756
5.0000 5.5628
5.0000 4.9640
5.0000 6.0188
5.0000 5.4604
5.0000 5.4342
5.0000 5.3936
