9.0000 8.9705
9.0000 9.1814
9.0000 9.3729
9.0000 9.0173
9.0000 9.9733
9.0000 9.8940
9.0000 9.9107
9.0000 9.3106
9.0000 9.0805
9.0000 9.9860
9.0000 9.8618
9.0000 9.5097
9.0000 9.5103
9.0000 10.5682
9.0000 9.2398
9.0000 8.6006
9.0000 9.7792
9.0000 9.2738
9.0000 8.9834
9.0000 9.2113
9.0000 8.6315
9.0000 9.5295
9.0000 8.6468
9.0000 9.3926
9.0000 9.8027
9.0000 9.5247
9.0000 9.0070
9.0000 8.8903
9.0000 8.3763
9.0000 9.5440
9.0000 9.2162
9.0000 9.0519
9.0000 9.4675
9.0000 8.9147
9.0000 8.3327
9.0000 8.9083
9.0000 9.2009
9.0000 9.8264
9.0000 9.8101
9.0000 10.2977
9.0000 9.0399
9.0000 9.5152
9.0000 9.4710
9.0000 8.6866
9.0000 9.6421
9.0000 8.8162
9.0000 9.7085
9.0000 8.8717
9.0000 9.4977
9.0000 9.7713
9.0000 9.4964
9.0000 9.9047
9.0000 10.6272
9.0000 9.0243
9.0000 9.5601
9.0000 9.6679
9.0000 8.4963
9.0000 8.6695
9.0000 9.0765
9.0000 10.2011
9.0000 9.4464
9.0000 10.4652
9.0000 9.4046
9.0000 9.7083
9.0000 9.7849
9.0000 9.1160
9.0000 9.7648
9.0000 9.5451
9.0000 9.6880
9.0000 9.3610
9.0000 8.9978
9.0000 8.7045
9.0000 9.0686
9.0000 10.3454
9.0000 9.2249
9.0000 9.4214
9.0000 9.2743
9.0000 9.5453
9.0000 9.3723
9.0000 8.8034
9.0000 9.5869
9.0000 8.9202
9.0000 9.0658
9.0000 8.9423
9.0000 8.4150
9.0000 8.9467
9.0000 8.9617
9.0000 9.1319
9.0000 9.8228
9.0000 10.2881
9.0000 9.3139
9.0000 9.7022
9.0000 8.9295
9.0000 9.7300
9.0000 8.8263
9.0000 8.8396
9.0000 9.8742
9.0000 10.0269
9.0000 9.3418
9.0000 10.7161
9.0000 9.4364
9.0000 9.0615
9.0000 8.4853
9.0000 9.4210
9.0000 9.3649
9.0000 9.1955
9.0000 9.7513
9.0000 8.6067
9.0000 9.5168
9.0000 9.6710
9.0000 9.3218
9.0000 9.9070
9.0000 9.4411
9.0000 9.8118
9.0000 9.5254
9.0000 9.3374
9.0000 9.5373
9.0000 8.9498
9.0000 9.3742
9.0000 9.0855
9.0000 9.4940
9.0000 8.6650
9.0000 9.6273
9.0000 9.2988
9.0000 9.2361
9.0000 8.8381
9.0000 8.9909
9.0000 10.1548
9.0000 9.1261
9.0000 9.5655
9.0000 9.3927
9.0000 8.7549
9.0000 9.9115
9.0000 8.8487
9.0000 10.4472
9.0000 9.3398
9.0000 9.9561
9.0000 9.1840
9.0000 8.9145
9.0000 8.2256
9.0000 9.3381
9.0000 9.2065
9.0000 9.0004
9.0000 9.1969
9.0000 9.0162
9.0000 8.8882
9.0000 7.8686
9.0000 9.4687
9.0000 9.8169
9.0000 8.7854
9.0000 9.1969
9.0000 9.2463
9.0000 9.2932
9.0000 9.6055
9.0000 9.8672
9.0000 8.9804
9.0000 8.7348
9.0000 9.2778
9.0000 9.5373
9.0000 9.8140
9.0000 9.6363
9.0000 8.9302
9.0000 9.0140
9.0000 9.7581
9.0000 8.5782
9.0000 9.4082
9.0000 9.4588
9.0000 8.8473
9.0000 9.0493
9.0000 9.6204
9.0000 9.5509
9.0000 9.6392
9.0000 10.1642
9.0000 9.1746
9.0000 8.7931
9.0000 8.2643
9.0000 10.6996
9.0000 10.1987
9.0000 9.2995
9.0000 9.6028
9.0000 9.9559
9.0000 9.5802
9.0000 9.8889
9.0000 9.5939
9.0000 9.2265
9.0000 9.3186
9.0000 9.3904
9.0000 10.3165
9.0000 10.4376
9.0000 10.4011
9.0000 9.7162
9.0000 9.2019
9.0000 9.2403
9.0000 8.3920
9.0000 10.2011
9.0000 9.5025
9.0000 9.0289
9.0000 9.6856
9.0000 10.2135
9.0000 9.7411
9.0000 9.0016
9.0000 8.7307
9.0000 9.5964
9.0000 10.1197
9.0000 9.3777
9.0000 9.6036
9.0000 9.1742
9.0000 10.0448
9.0000 9.1492
9.0000 8.8826
9.0000 9.1546
9.0000 9.9910
9.0000 9.5994
9.0000 9.3647
9.0000 9.2951
9.0000 9.3613
9.0000 8.7322
9.0000 9.3647
9.0000 9.2142
9.0000 9.2088
9.0000 8.4891
9.0000 8.9458
9.0000 9.3128
9.0000 9.3106
9.0000 10.2611
9.0000 8.9210
9.0000 9.2602
9.0000 8.9979
9.0000 9.7583
9.0000 8.4902
9.0000 10.1439
9.0000 9.1809
9.0000 9.7669
9.0000 9.3603
9.0000 9.3525
9.0000 10.0516
9.0000 9.3780
9.0000 9.8324
9.0000 9.9133
9.0000 8.8906
9.0000 10.0202
9.0000 9.5813
9.0000 9.1461
9.0000 9.0539
9.0000 8.6916
9.0000 9.4988
9.0000 9.5703
9.0000 10.4562
9.0000 9.8004
9.0000 9.1424
9.0000 8.9048
9.0000 8.9508
9.0000 9.4204
9.0000 8.3806
9.0000 9.9008
9.0000 8.8643
9.0000 9.6111
9.0000 8.9024
9.0000 9.0599
9.0000 9.8937
9.0000 9.2830
9.0000 9.5870
9.0000 9.2181
9.0000 9.6036
9.0000 9.5032
9.0000 9.7173
9.0000 7.7184
9.0000 10.2825
9.0000 8.1826
9.0000 9.0044
9.0000 8.8757
9.0000 10.4960
9.0000 9.3341
9.0000 9.8407
9.0000 9.4782
9.0000 9.4887
9.0000 9.4928
9.0000 9.5587
9.0000 9.4010
9.0000 8.8554
9.0000 8.0460
9.0000 9.4827
9.0000 8.9755
9.0000 9.7922
9.0000 10.0954
9.0000 10.7191
9.0000 9.5984
9.0000 8.3765
9.0000 10.3383
9.0000 9.2747
9.0000 9.1920
9.0000 9.2800
9.0000 9.8742
9.0000 9.1683
9.0000 10.0574
9.0000 9.4352
9.0000 8.8413
9.0000 9.6072
9.0000 9.4190
9.0000 8.9560
9.0000 10.2063
9.0000 9.0496
9.0000 9.0562
9.0000 8.3692
9.0000 8.2219
9.0000 7.6882
9.0000 9.3918
9.0000 9.1261
9.0000 9.2495
9.0000 9.9068
9.0000 8.5195
9.0000 9.1889
9.0000 8.8352
9.0000 9.6121
9.0000 8.4074
9.0000 9.1434
9.0000 10.0060
9.0000 9.7687
9.0000 9.3724
9.0000 9.7241
9.0000 8.8117
9.0000 9.9234
9.0000 9.7269
9.0000 9.8627
9.0000 9.1833
9.0000 9.0858
9.0000 8.5709
9.0000 8.9487
9.0000 10.1768
9.0000 10.5500
9.0000 9.5228
9.0000 8.6529
9.0000 10.0340
9.0000 9.0413
9.0000 9.7191
9.0000 8.3388
9.0000 9.3926
9.0000 9.0954
9.0000 9.3236
9.0000 9.6434
9.0000 9.2197
9.0000 8.1208
9.0000 9.2440
9.0000 8.8149
9.0000 8.5060
9.0000 10.0074
9.0000 9.4208
9.0000 9.0034
9.0000 8.7373
9.0000 8.6915
9.0000 9.5991
9.0000 9.6980
9.0000 9.3112
9.0000 8.9268
9.0000 9.3529
9.0000 9.3440
9.0000 9.0773
9.0000 9.0931
9.0000 8.9401
9.0000 9.1065
9.0000 9.3895
9.0000 9.6706
9.0000 8.5057
9.0000 9.1817
9.0000 9.2248
9.0000 8.9450
9.0000 9.0008
9.0000 9.3344
9.0000 9.0051
9.0000 10.3450
9.0000 9.4918
9.0000 10.5383
9.0000 9.2365
9.0000 9.5899
9.0000 9.6180
9.0000 8.9770
9.0000 9.9908
9.0000 9.4584
9.0000 9.5978
9.0000 8.9202
9.0000 9.8351
9.0000 8.7225
9.0000 9.2669
9.0000 8.6474
9.0000 9.8092
9.0000 9.1879
9.0000 8.6475
9.0000 9.4480
9.0000 8.9117
9.0000 9.1329
9.0000 8.2707
9.0000 9.7564
9.0000 8.6379
9.0000 9.3955
9.0000 9.5586
9.0000 8.5887
9.0000 10.0571
9.0000 8.3026
9.0000 9.6914
9.0000 9.6906
9.0000 8.9377
9.0000 10.1332
9.0000 9.0477
9.0000 9.2955
9.0000 9.4118
9.0000 9.8037
9.0000 8.5146
9.0000 9.1805
9.0000 9.4305
9.0000 9.2473
9.0000 9.2616
9.0000 8.9310
9.0000 9.5084
9.0000 8.7933
9.0000 8.3046
9.0000 8.7031
9.0000 9.0851
9.0000 9.6752
9.0000 10.1050
9.0000 9.9940
9.0000 9.7536
9.0000 8.9260
9.0000 8.7913
9.0000 9.3794
9.0000 9.5357
9.0000 9.2609
9.0000 9.9868
9.0000 9.6164
9.0000 10.0064
9.0000 8.9544
9.0000 8.8684
9.0000 9.1357
9.0000 10.2490
9.0000 9.9762
9.0000 9.2615
9.0000 9.5389
9.0000 9.3232
9.0000 9.4193
9.0000 8.2196
9.0000 9.2012
9.0000 10.2653
9.0000 8.9571
9.0000 9.5207
9.0000 8.5408
9.0000 9.6487
9.0000 9.2295
9.0000 9.2818
9.0000 9.8719
9.0000 8.0231
9.0000 9.3318
9.0000 10.1066
9.0000 10.0811
9.0000 8.6625
9.0000 9.5106
9.0000 8.7023
9.0000 8.3972
9.0000 8.7192
9.0000 9.3394
9.0000 9.9581
9.0000 9.4381
9.0000 8.7525
9.0000 8.5424
9.0000 10.1138
9.0000 9.9026
9.0000 9.2482
9.0000 9.5764
9.0000 9.4006
9.0000 9.6014
9.0000 9.1313
9.0000 10.5963
9.0000 9.3727
9.0000 8.6290
9.0000 8.6519
9.0000 9.5369
9.0000 9.0811
9.0000 8.6358
9.0000 8.4314
9.0000 8.9468
9.0000 9.6855
9.0000 9.2961
9.0000 9.5757
9.0000 8.7017
9.0000 7.7674
9.0000 9.5763
9.0000 9.8086
9.0000 9.8033
9.0000 9.6888
9.0000 9.9082
9.0000 9.1787
9.0000 8.9114
9.0000 9.4890
9.0000 9.7983
9.0000 9.0884
9.0000 10.2941
9.0000 9.2806
9.0000 9.8312
9.0000 9.7957
9.0000 9.6177
9.0000 8.7137
9.0000 8.2659
9.0000 8.7256
9.0000 9.4516
9.0000 9.3770
9.0000 9.8363
9.0000 9.0879
9.0000 9.5911
9.0000 8.8266
9.0000 9.4467
9.0000 9.8331
9.0000 9.1421
9.0000 8.4691
9.0000 8.7571
9.0000 9.5717
9.0000 9.1822
9.0000 9.8885
9.0000 8.9191
9.0000 8.5744
9.0000 8.3791
9.0000 9.8213
9.0000 9.2280
9.0000 8.7567
9.0000 9.1733
9.0000 8.3999
9.0000 9.2806
9.0000 9.3507
9.0000 9.1792
9.0000 10.0920
9.0000 9.4797
9.0000 8.5276
9.0000 9.1708
9.0000 9.8606
9.0000 10.3273
9.0000 8.7255
9.0000 10.0184
9.0000 9.9912
9.0000 9.3647
9.0000 7.9308
9.0000 8.9053
9.0000 9.6783
9.0000 9.3016
9.0000 9.8838
9.0000 9.1330
9.0000 9.5363
9.0000 8.7541
9.0000 9.6409
9.0000 9.8957
9.0000 8.2804
9.0000 9.8352
9.0000 9.4290
9.0000 9.8126
9.0000 8.5539
9.0000 9.4422
9.0000 10.4272
9.0000 8.4156
9.0000 8.8685
9.0000 9.1285
9.0000 9.8621
9.0000 8.7215
9.0000 10.9923
9.0000 8.6823
9.0000 7.7623
9.0000 10.0747
9.0000 9.7743
9.0000 9.8296
9.0000 8.8757
9.0000 8.8273
9.0000 10.8168
9.0000 9.2764
9.0000 9.2633
9.0000 9.2678
9.0000 9.0239
9.0000 8.3958
9.0000 9.2062
9.0000 8.8198
9.0000 8.4789
9.0000 9.7825
9.0000 9.2147
9.0000 8.1268
9.0000 10.1148
9.0000 10.4141
9.0000 9.4309
9.0000 8.5099
9.0000 9.2805
9.0000 8.9220
9.0000 9.4424
9.0000 9.3346
9.0000 9.2161
9.0000 9.6875
9.0000 8.8552
9.0000 8.9912
9.0000 8.1586
9.0000 10.2700
9.0000 10.6698
9.0000 9.4505
9.0000 9.3429
9.0000 10.2353
9.0000 9.1446
9.0000 9.5899
9.0000 9.5575
9.0000 9.4831
9.0000 9.6012
9.0000 9.0464
9.0000 8.6319
9.0000 10.2975
9.0000 9.6868
9.0000 9.5669
9.0000 9.4274
9.0000 10.0562
9.0000 9.2534
9.0000 9.0790
9.0000 8.5187
9.0000 9.3617
9.0000 8.2647
9.0000 9.7291
9.0000 8.8014
9.0000 8.6408
9.0000 10.5707
9.0000 8.9839
9.0000 9.5613
9.0000 8.9847
9.0000 9.5812
9.0000 9.8670
9.0000 9.6692
9.0000 9.2624
9.0000 8.9892
9.0000 8.8882
9.0000 9.4018
9.0000 8.8891
9.0000 9.9487
9.0000 8.7422
9.0000 9.3412
9.0000 8.8587
9.0000 9.4338
9.0000 10.2535
9.0000 9.5549
9.0000 9.3829
9.0000 10.3716
9.0000 8.9865
9.0000 8.9643
9.0000 9.9764
9.0000 9.9790
9.0000 9.5935
9.0000 9.4008
9.0000 9.5375
9.0000 9.0025
9.0000 8.3970
9.0000 9.8125
9.0000 8.4405
9.0000 10.0564
9.0000 9.8080
9.0000 11.0140
9.0000 9.1081
9.0000 9.5384
9.0000 9.1281
9.0000 10.2465
9.0000 8.8015
9.0000 9.1561
9.0000 8.8151
9.0000 9.6488
9.0000 8.5090
9.0000 9.1955
9.0000 8.5665
9.0000 8.9222
9.0000 9.6063
9.0000 9.6777
9.0000 10.1317
9.0000 9.8648
9.0000 10.0034
9.0000 9.6843
9.0000 10.0663
9.0000 9.4637
9.0000 10.0004
9.0000 9.5979
9.0000 9.4163
9.0000 8.4455
9.0000 9.4275
9.0000 9.9950
9.0000 9.5411
9.0000 9.5070
9.0000 8.8518
9.0000 9.2671
9.0000 9.5424
9.0000 9.4249
9.0000 9.4296
9.0000 9.2910
9.0000 9.5511
9.0000 9.7239
9.0000 9.3690
9.0000 9.3383
9.0000 10.1527
9.0000 8.6361
9.0000 10.3515
9.0000 9.4315
9.0000 8.9679
9.0000 9.7558
9.0000 10.0462
9.0000 9.1855
9.0000 9.6183
9.0000 10.0589
9.0000 9.2056
9.0000 8.5560
9.0000 9.4926
9.0000 9.4952
9.0000 9.7169
9.0000 9.8135
9.0000 9.7915
9.0000 9.7648
9.0000 9.9695
9.0000 7.9553
9.0000 9.6477
9.0000 9.9859
9.0000 9.0003
9.0000 10.6453
9.0000 9.9400
9.0000 8.5084
9.0000 8.7747
9.0000 9.6811
9.0000 9.1356
9.0000 8.8675
9.0000 9.6628
9.0000 10.0149
9.0000 10.1837
9.0000 9.5331
9.0000 8.7054
9.0000 9.4283
9.0000 8.9614
9.0000 9.8268
9.0000 9.1220
9.0000 9.1532
9.0000 9.6899
9.0000 8.7853
9.0000 9.6120
9.0000 8.8183
9.0000 9.0900
9.0000 11.1893
9.0000 9.6754
9.0000 8.8128
9.0000 9.9609
9.0000 8.9937
9.0000 8.9834
9.0000 9.3040
9.0000 9.4784
9.0000 10.5888
9.0000 8.9553
9.0000 9.1876
9.0000 8.2925
9.0000 9.6814
9.0000 9.2668
9.0000 9.8537
9.0000 8.4495
9.0000 9.0488
9.0000 8.4515
9.0000 9.8981
9.0000 9.8724
9.0000 8.3444
9.0000 9.7469
9.0000 9.5627
9.0000 9.9455
9.0000 9.2419
9.0000 10.0155
9.0000 9.6537
9.0000 9.5506
9.0000 9.9212
9.0000 8.9591
9.0000 9.4732
9.0000 9.3568
9.0000 9.0802
9.0000 9.7460
9.0000 8.6275
9.0000 9.3761
9.0000 9.1681
9.0000 9.6611
9.0000 9.9595
9.0000 9.2839
9.0000 9.9442
9.0000 10.0236
9.0000 9.0613
9.0000 10.6338
9.0000 9.1967
9.0000 9.5845
9.0000 9.9460
9.0000 9.2525
9.0000 8.4048
9.0000 9.4575
9.0000 9.2770
9.0000 8.8336
9.0000 9.5586
9.0000 9.7570
9.0000 9.8983
9.0000 8.9920
9.0000 9.3179
9.0000 10.4283
9.0000 9.9033
9.0000 8.2182
9.0000 8.6974
9.0000 8.6428
9.0000 9.4689
9.0000 9.2749
9.0000 8.8023
9.0000 9.8646
9.0000 9.1136
9.0000 9.3409
9.0000 9.3219
9.0000 10.1921
9.0000 9.2379
9.0000 9.4188
9.0000 9.1927
9.0000 9.2861
9.0000 9.3185
9.0000 8.3212
9.0000 9.0494
9.0000 8.8175
9.0000 9.1874
9.0000 9.8077
9.0000 8.8378
9.0000 8.6433
9.0000 9.2770
9.0000 8.1923
9.0000 8.8993
9.0000 9.2152
9.0000 9.3732
9.0000 8.7971
9.0000 9.2686
9.0000 9.5222
9.0000 8.6455
9.0000 9.2974
9.0000 9.9151
9.0000 8.2415
9.0000 9.1738
9.0000 9.5806
9.0000 10.3444
9.0000 8.8466
9.0000 10.6283
9.0000 9.3717
9.0000 9.5901
9.0000 8.9370
9.0000 9.5605
9.0000 8.8584
9.0000 9.7745
9.0000 9.0620
9.0000 8.6583
9.0000 8.9357
9.0000 9.3843
9.0000 9.9105
9.0000 9.2608
9.0000 9.6076
9.0000 9.1896
9.0000 8.7464
9.0000 8.2005
9.0000 9.5937
9.0000 9.3003
9.0000 9.2330
9.0000 8.5267
9.0000 9.5089
9.0000 9.2525
9.0000 9.9339
9.0000 8.9682
9.0000 8.3213
9.0000 8.5409
9.0000 9.3614
9.0000 9.1877
9.0000 9.3673
9.0000 9.6176
9.0000 9.2705
9.0000 10.5725
9.0000 9.7683
9.0000 9.4301
9.0000 9.4437
9.0000 8.1285
9.0000 9.6375
9.0000 9.1973
9.0000 10.0148
9.0000 10.2255
9.0000 9.5225
9.0000 9.8755
9.0000 9.4150
9.0000 9.5583
9.0000 9.4428
9.0000 8.1203
9.0000 9.4952
9.0000 9.4746
9.0000 9.3707
9.0000 8.9932
9.0000 9.6848
9.0000 9.4191
9.0000 10.1287
9.0000 9.1590
9.0000 9.8613
9.0000 9.5488
9.0000 8.4652
9.0000 9.0749
9.0000 9.4991
9.0000 10.4242
9.0000 9.1272
9.0000 9.0495
9.0000 9.3429
9.0000 8.8557
9.0000 9.6362
9.0000 9.3536
9.0000 8.1191
9.0000 8.9125
9.0000 9.1821
9.0000 10.4174
9.0000 10.0486
9.0000 9.2271
9.0000 9.5854
9.0000 9.2708
9.0000 8.7141
9.0000 9.6591
9.0000 10.1140
9.0000 9.0996
9.0000 8.6364
9.0000 9.4244
9.0000 10.4608
9.0000 9.9182
9.0000 8.7195
9.0000 8.8235
9.0000 9.8440
9.0000 8.4981
9.0000 9.4604
9.0000 8.8424
9.0000 8.9221
9.0000 9.7394
9.0000 9.3663
9.0000 9.3848
9.0000 9.0315
9.0000 8.3316
9.0000 8.6075
9.0000 8.5985
9.0000 10.5061
9.0000 10.2516
9.0000 9.9592
9.0000 10.2143
9.0000 9.7949
9.0000 10.1305
9.0000 8.0640
9.0000 8.9531
9.0000 9.5371
9.0000 9.4512
9.0000 9.2045
9.0000 10.1983
9.0000 8.8581
9.0000 9.2230
9.0000 9.1195
9.0000 8.8431
9.0000 9.9325
9.0000 8.6685
9.0000 9.1569
9.0000 9.2801
9.0000 9.0917
9.0000 7.9584
9.0000 9.6595
9.0000 9.0996
9.0000 9.6503
9.0000 9.7708
9.0000 8.1666
9.0000 8.8705
9.0000 9.3288
9.0000 9.4894
9.0000 9.5858
9.0000 8.8235
9.0000 9.5075
9.0000 7.9948
9.0000 9.5456
9.0000 8.9745
9.0000 9.1845
9.0000 9.0760
9.0000 9.4286
9.0000 9.8001
9.0000 8.9912
9.0000 9.8772
9.0000 8.5394
9.0000 9.0601
9.0000 9.2894
9.0000 10.0185
9.0000 9.0629
9.0000 8.3172
9.0000 9.1639
9.0000 8.8583
9.0000 9.6769
9.0000 8.7972
9.0000 9.2049
9.0000 10.3501
9.0000 10.1668
9.0000 9.3603
9.0000 9.0031
9.0000 9.2207
9.0000 9.1095
9.0000 9.1669
9.0000 10.2818
9.0000 8.8715
9.0000 9.6602
9.0000 10.2368
9.0000 9.2082
9.0000 8.7195
9.0000 9.4835
9.0000 8.9971
9.0000 10.1920
9.0000 9.3110
9.0000 9.5954
9.0000 8.5434
9.0000 8.4694
9.0000 9.9726
9.0000 9.7582
9.0000 8.6956
9.0000 8.7800
9.0000 9.3617
9.0000 9.0132
9.0000 10.1181
9.0000 10.0755
9.0000 8.9845
9.0000 9.5755
9.0000 9.0831
9.0000 10.1810
9.0000 9.9735
9.0000 8.6847
9.0000 7.8478
9.0000 9.3046
9.0000 9.2799
9.0000 9.2109
9.0000 8.7543
9.0000 9.1713
9.0000 9.0991
9.0000 8.6012
9.0000 8.6860
9.0000 9.6646
9.0000 9.0248
9.0000 9.7741
9.0000 8.9132
9.0000 9.1029
9.0000 9.8286
9.0000 8.4991
9.0000 9.2035
9.0000 8.6150
9.0000 9.5907
9.0000 9.7634
9.0000 8.9694
9.0000 9.1020
9.0000 8.7591
9.0000 9.0407
9.0000 9.8282
9.0000 9.5113
9.0000 8.4286
9.0000 8.6962
9.0000 8.9093
9.0000 9.6796
9.0000 9.4651
9.0000 9.4148
9.0000 9.1217
9.0000 9.6309
9.0000 8.6904
9.0000 9.4803
9.0000 8.6095
9.0000 9.3558
9.0000 9.0195
9.0000 10.3143
9.0000 8.6905
9.0000 9.9619
9.0000 8.5686
9.0000 9.1749
9.0000 9.2026
9.0000 9.0402
9.0000 9.4583
9.0000 8.9985
9.0000 8.2731
9.0000 9.3670
9.0000 9.7630
9.0000 8.7795
9.0000 9.4197
9.0000 9.6875
9.0000 9.6147
9.0000 9.3214
9.0000 9.0853
9.0000 9.0256
9.0000 9.1662
9.0000 8.0249
9.0000 8.7662
9.0000 9.9399
9.0000 9.1769
9.0000 9.6376
9.0000 9.5624
9.0000 10.2844
9.0000 9.8844
9.0000 8.7590
9.0000 8.1321
9.0000 8.9763
9.0000 9.3383
9.0000 9.8586
9.0000 9.1343
9.0000 9.2930
9.0000 9.2003
9.0000 8.4615
9.0000 9.4446
9.0000 9.2972
9.0000 8.5914
9.0000 9.4954
9.0000 9.9491
9.0000 10.5931
9.0000 9.9009
9.0000 10.0792
9.0000 9.0339
9.0000 10.5370
9.0000 8.1514
9.0000 8.9196
9.0000 9.7452
9.0000 9.2977
9.0000 8.8986
9.0000 9.7415
9.0000 9.6017
9.0000 9.9840
9.0000 8.4548
9.0000 10.3271
9.0000 9.0081
9.0000 9.3891
9.0000 9.1216
9.0000 9.8582
9.0000 9.6346
9.0000 9.5899
9.0000 9.0323
9.0000 9.9306
9.0000 9.0781
9.0000 9.4235
9.0000 10.6672
9.0000 9.7640
9.0000 8.4138
9.0000 9.1433
9.0000 10.6892
9.0000 10.1859
9.0000 9.8666
9.0000 10.0519
9.0000 9.7410
9.0000 9.3053
9.0000 7.9274
9.0000 9.4138
9.0000 10.4771
9.0000 9.8145
9.0000 8.8886
9.0000 9.1645
9.0000 8.6094
9.0000 9.3938
9.0000 9.6594
9.0000 9.6229
9.0000 9.0577
9.0000 8.4614
9.0000 9.7646
9.0000 8.9656
9.0000 9.2825
9.0000 9.3367
9.0000 9.1456
9.0000 9.8866
9.0000 9.4909
9.0000 9.5544
9.0000 9.1538
9.0000 10.0740
9.0000 9.9538
9.0000 8.8420
9.0000 11.0334
9.0000 9.0831
9.0000 8.6971
9.0000 9.6848
9.0000 9.2686
9.0000 10.2650
9.0000 9.8979
9.0000 7.9831
9.0000 9.4640
9.0000 9.3703
9.0000 9.1925
9.0000 9.6946
9.0000 9.0194
9.0000 9.7236
9.0000 9.5053
9.0000 9.7029
9.0000 8.8527
9.0000 8.9183
9.0000 10.0143
9.0000 9.1834
9.0000 9.2865
9.0000 8.9880
9.0000 8.4306
9.0000 9.6272
9.0000 8.7570
9.0000 9.7291
9.0000 8.3186
9.0000 9.5607
9.0000 9.9855
9.0000 10.1321
9.0000 8.6484
9.0000 8.7713
9.0000 8.9309
9.0000 9.6190
9.0000 10.0045
9.0000 8.7953
9.0000 9.5002
9.0000 9.2917
9.0000 9.7182
9.0000 9.2112
9.0000 10.0858
9.0000 8.3657
9.0000 9.5238
9.0000 9.0345
9.0000 8.5469
9.0000 8.7239
9.0000 9.1941
9.0000 9.9060
9.0000 9.5323
9.0000 8.5594
9.0000 10.1155
9.0000 9.9191
9.0000 8.3607
9.0000 9.1224
9.0000 9.8849
9.0000 9.3484
9.0000 9.3090
9.0000 9.0145
9.0000 8.5464
9.0000 10.0299
9.0000 8.9194
9.0000 8.4276
9.0000 9.5305
9.0000 8.8579
9.0000 10.0337
9.0000 9.5331
9.0000 9.0921
9.0000 8.8045
9.0000 9.1306
9.0000 9.7314
9.0000 8.4101
9.0000 9.3498
9.0000 9.5075
9.0000 9.3654
9.0000 10.2101
9.0000 9.6017
9.0000 8.5190
9.0000 10.3049
9.0000 7.9418
9.0000 8.6804
9.0000 8.9035
9.0000 8.6203
9.0000 9.3113
9.0000 9.0405
9.0000 9.7614
9.0000 10.0453
9.0000 9.3242
9.0000 9.2143
9.0000 9.1194
9.0000 8.8388
9.0000 10.2370
9.0000 9.8163
9.0000 9.2020
9.0000 9.2822
9.0000 8.9940
9.0000 9.0351
9.0000 9.5831
9.0000 9.1553
9.0000 8.9884
9.0000 8.9933
9.0000 8.8876
9.0000 9.1441
9.0000 10.2694
9.0000 9.9418
9.0000 8.8484
9.0000 9.4169
9.0000 9.9799
9.0000 9.8206
9.0000 9.2692
9.0000 9.2766
9.0000 9.1424
9.0000 9.5097
9.0000 9.6458
9.0000 9.0555
9.0000 9.3414
9.0000 9.7040
9.0000 9.9747
9.0000 9.1896
9.0000 9.4138
9.0000 9.1064
9.0000 9.6019
9.0000 8.3917
9.0000 9.5421
9.0000 9.4142
9.0000 8.7837
9.0000 9.3305
9.0000 9.3611
9.0000 8.6099
9.0000 8.6772
9.0000 9.6055
9.0000 8.9551
9.0000 9.2914
9.0000 9.4861
9.0000 9.2531
9.0000 9.2197
9.0000 8.9524
9.0000 8.1775
9.0000 9.2683
9.0000 9.1048
9.0000 11.0575
9.0000 9.4261
9.0000 9.0844
9.0000 9.9088
9.0000 8.5756
9.0000 9.7532
9.0000 9.8094
9.0000 8.7113
9.0000 9.1356
9.0000 10.0791
9.0000 9.3243
9.0000 8.8895
9.0000 8.8104
9.0000 8.9094
9.0000 8.8281
9.0000 9.2975
9.0000 9.5957
9.0000 9.8462
9.0000 8.2217
9.0000 8.9432
9.0000 9.5316
9.0000 8.8282
9.0000 9.5266
9.0000 9.2814
9.0000 9.7030
9.0000 8.8806
9.0000 8.8259
9.0000 9.6614
9.0000 9.1366
9.0000 10.2583
9.0000 9.2662
9.0000 9.5528
9.0000 8.9850
9.0000 9.0270
9.0000 9.6760
9.0000 10.4313
9.0000 9.4359
9.0000 8.3100
9.0000 10.5633
9.0000 8.9233
9.0000 9.0864
9.0000 9.2271
9.0000 9.1071
9.0000 8.9489
9.0000 9.0593
9.0000 8.8829
9.0000 9.7459
9.0000 9.1311
9.0000 8.4999
9.0000 9.3487
9.0000 9.3453
9.0000 8.9416
9.0000 10.4343
9.0000 9.9517
9.0000 9.9549
9.0000 9.5413
9.0000 9.4257
9.0000 9.3678
9.0000 9.6164
9.0000 8.5859
9.0000 9.6769
9.0000 9.1727
9.0000 9.7599
9.0000 9.2071
9.0000 10.4186
9.0000 9.1227
9.0000 9.7557
9.0000 9.8377
9.0000 8.4910
9.0000 9.2776
9.0000 9.0613
9.0000 9.9329
9.0000 9.7553
9.0000 8.9302
9.0000 9.7609
9.0000 9.2078
9.0000 9.8211
9.0000 9.8429
9.0000 8.8100
9.0000 8.5877
9.0000 8.7676
9.0000 9.3051
9.0000 9.2612
9.0000 9.6632
9.0000 9.6436
9.0000 9.9165
9.0000 9.1240
9.0000 8.9890
9.0000 9.1960
9.0000 8.8568
9.0000 9.9059
9.0000 9.3354
9.0000 9.5403
9.0000 9.4555
9.0000 9.6470
9.0000 9.6517
9.0000 9.4420
9.0000 9.5762
9.0000 9.0465
9.0000 9.1895
9.0000 9.0653
9.0000 9.1411
9.0000 9.2682
9.0000 8.9988
9.0000 10.9283
9.0000 8.6471
9.0000 8.0749
9.0000 8.7520
9.0000 8.4238
9.0000 10.1422
9.0000 9.2264
9.0000 9.4452
9.0000 9.5301
9.0000 9.1758
9.0000 9.1438
9.0000 9.2851
9.0000 9.1720
9.0000 9.4915
9.0000 9.4040
9.0000 9.4010
9.0000 9.0963
9.0000 9.3138
9.0000 9.5242
9.0000 8.8103
9.0000 8.9009
9.0000 8.8776
9.0000 9.6043
9.0000 9.6644
9.0000 8.6109
9.0000 9.2055
9.0000 9.0349
9.0000 8.7868
9.0000 8.9848
9.0000 9.2889
9.0000 9.2364
9.0000 8.7808
9.0000 10.0152
9.0000 9.1409
9.0000 9.7992
9.0000 9.7816
9.0000 9.3598
9.0000 9.4384
9.0000 9.2574
9.0000 9.4933
9.0000 8.3554
9.0000 9.2070
9.0000 9.3992
9.0000 9.3443
9.0000 9.4995
9.0000 9.2477
9.0000 9.5195
9.0000 9.2591
9.0000 10.1786
9.0000 9.3933
9.0000 9.2149
9.0000 8.6901
9.0000 10.0293
9.0000 8.3315
9.0000 9.5616
9.0000 9.7790
9.0000 10.4670
9.0000 10.1853
9.0000 8.4457
9.0000 8.8690
9.0000 8.7772
9.0000 9.2224
9.0000 9.2779
9.0000 9.4399
9.0000 10.2303
9.0000 9.3319
9.0000 9.2757
9.0000 9.0087
9.0000 10.1517
9.0000 9.3796
9.0000 8.6149
9.0000 9.4216
9.0000 9.5109
9.0000 9.5257
9.0000 8.7500
9.0000 9.4734
9.0000 9.5434
9.0000 9.5083
9.0000 9.5897
9.0000 9.7823
9.0000 9.4046
9.0000 10.9583
9.0000 8.9705
9.0000 8.3113
9.0000 10.0545
9.0000 9.0924
9.0000 8.9471
9.0000 9.5669
9.0000 8.5127
9.0000 9.6380
9.0000 8.8502
9.0000 9.1070
9.0000 9.2391
9.0000 10.2914
9.0000 9.6816
9.0000 8.9172
9.0000 9.3723
9.0000 8.7534
9.0000 9.1558
9.0000 8.9500
9.0000 9.9526
9.0000 8.4309
9.0000 9.5345
9.0000 10.0032
9.0000 9.7620
9.0000 9.7714
9.0000 8.4533
9.0000 8.8975
9.0000 8.9148
9.0000 10.0963
9.0000 8.1968
9.0000 9.4767
9.0000 9.5162
9.0000 8.6622
9.0000 9.1059
9.0000 8.8084
9.0000 9.4974
9.0000 9.8853
9.0000 8.5558
9.0000 9.8871
9.0000 9.3785
9.0000 9.1839
9.0000 8.8175
9.0000 8.8248
9.0000 10.6196
9.0000 9.5575
9.0000 9.6044
9.0000 9.8777
9.0000 9.7709
9.0000 9.3733
9.0000 8.9956
9.0000 9.2285
9.0000 8.8444
9.0000 9.7205
9.0000 9.1631
9.0000 9.4602
9.0000 9.8731
9.0000 9.5127
9.0000 9.5646
9.0000 9.2937
9.0000 9.9161
9.0000 8.7753
9.0000 9.2672
9.0000 9.1112
9.0000 8.4445
9.0000 8.6745
9.0000 8.9266
9.0000 9.3154
9.0000 9.3039
9.0000 9.1838
9.0000 9.6924
9.0000 9.6429
9.0000 9.9248
9.0000 8.8162
9.0000 9.5483
9.0000 9.9542
9.0000 9.3143
9.0000 9.4506
9.0000 8.7675
9.0000 10.0387
9.0000 9.5521
9.0000 9.5635
9.0000 10.3229
9.0000 9.2291
9.0000 8.7244
9.0000 8.7922
9.0000 9.8471
9.0000 9.4943
9.0000 9.7890
9.0000 9.3334
9.0000 9.4732
9.0000 8.7711
9.0000 8.8413
9.0000 7.7289
9.0000 10.9476
9.0000 9.2302
9.0000 9.2389
9.0000 9.3842
9.0000 8.7600
9.0000 9.6733
9.0000 10.2243
9.0000 9.3454
9.0000 9.8039
9.0000 8.6124
9.0000 9.2072
9.0000 9.5666
9.0000 9.4045
9.0000 9.1116
9.0000 9.4752
9.0000 8.6455
9.0000 8.8359
9.0000 9.0077
9.0000 9.2042
9.0000 9.4168
9.0000 8.6627
9.0000 10.2067
9.0000 9.4842
9.0000 9.7063
9.0000 9.2978
9.0000 9.3850
9.0000 9.4478
9.0000 10.0019
9.0000 8.6232
9.0000 9.3625
9.0000 9.7353
9.0000 9.6795
9.0000 9.2545
9.0000 9.6983
9.0000 8.9487
9.0000 9.1811
9.0000 9.1238
9.0000 9.2394
9.0000 9.6967
9.0000 9.4505
9.0000 8.3748
9.0000 9.7500
9.0000 9.8910
9.0000 9.0323
9.0000 10.2008
9.0000 9.6001
9.0000 9.5033
9.0000 8.2380
9.0000 9.4813
9.0000 9.7924
9.0000 9.6813
9.0000 9.6857
9.0000 10.2685
9.0000 9.2996
9.0000 9.7962
9.0000 8.1018
9.0000 10.1731
9.0000 9.2634
9.0000 8.9492
9.0000 9.5069
9.0000 9.5980
9.0000 9.6794
9.0000 9.0688
9.0000 9.4495
9.0000 9.0841
9.0000 9.1453
9.0000 9.3911
9.0000 9.9240
9.0000 9.1795
9.0000 8.5501
9.0000 9.4317
9.0000 9.8978
9.0000 9.5839
9.0000 9.8577
9.0000 9.9257
9.0000 10.0012
9.0000 8.6697
9.0000 8.7154
9.0000 9.4806
9.0000 9.0588
9.0000 9.0233
9.0000 8.0167
9.0000 9.3521
9.0000 9.5595
9.0000 10.3965
9.0000 9.1040
9.0000 9.9550
9.0000 9.8624
9.0000 9.2524
9.0000 8.8285
9.0000 9.1488
9.0000 8.6253
9.0000 8.9482
9.0000 10.1960
9.0000 9.8155
9.0000 8.2526
9.0000 8.8546
9.0000 9.5631
9.0000 9.7232
9.0000 8.7239
9.0000 9.8174
9.0000 9.2002
9.0000 8.9659
9.0000 10.3531
9.0000 9.3626
9.0000 9.0329
9.0000 9.2950
9.0000 8.9712
9.0000 8.4248
9.0000 9.4602
9.0000 8.5580
9.0000 8.6794
9.0000 9.7230
9.0000 9.9646
9.0000 9.0926
9.0000 9.6458
9.0000 9.2641
9.0000 9.1721
9.0000 8.6280
9.0000 9.9591
9.0000 9.3551
9.0000 8.3649
9.0000 8.8568
9.0000 9.4146
9.0000 9.3734
9.0000 10.2690
9.0000 9.2799
9.0000 9.8229
9.0000 8.3621
9.0000 9.4590
9.0000 9.1560
9.0000 9.8562
9.0000 9.5577
9.0000 9.6484
9.0000 9.7525
9.0000 9.6541
9.0000 8.9037
9.0000 9.9903
9.0000 9.3468
9.0000 9.4675
9.0000 9.6927
9.0000 9.0009
9.0000 8.8774
9.0000 9.2912
9.0000 9.0243
9.0000 8.8910
9.0000 9.4911
9.0000 9.2998
9.0000 9.6134
9.0000 9.5183
9.0000 9.5570
9.0000 9.5197
9.0000 10.6486
9.0000 8.6084
9.0000 8.3982
9.0000 8.7261
9.0000 10.7654
9.0000 9.8756
9.0000 9.4159
9.0000 9.3115
9.0000 9.5290
9.0000 9.5290
9.0000 7.9917
9.0000 9.5085
9.0000 8.9219
9.0000 9.6423
9.0000 8.5798
9.0000 9.6025
9.0000 10.2625
9.0000 9.0575
9.0000 9.2077
9.0000 9.7725
9.0000 9.8364
9.0000 9.0087
9.0000 9.0088
9.0000 9.8270
9.0000 8.8233
9.0000 9.3158
9.0000 9.3624
9.0000 10.9662
9.0000 9.5052
9.0000 10.0390
9.0000 9.2790
9.0000 9.3405
9.0000 9.0210
9.0000 9.7624
9.0000 8.7289
9.0000 8.7387
9.0000 10.3028
9.0000 10.0030
9.0000 9.4021
9.0000 9.4736
9.0000 9.0640
9.0000 8.8270
9.0000 9.5105
9.0000 9.4178
9.0000 10.0868
9.0000 9.2438
9.0000 9.2864
9.0000 9.9338
9.0000 9.2014
9.0000 8.5574
9.0000 8.8637
9.0000 8.9911
9.0000 8.7386
9.0000 9.6924
9.0000 9.5505
9.0000 9.2530
9.0000 10.0945
9.0000 8.9527
9.0000 9.4937
9.0000 8.6070
9.0000 8.0851
9.0000 9.8175
9.0000 9.0322
9.0000 9.8221
9.0000 10.1586
9.0000 9.5655
9.0000 8.7598
9.0000 8.9707
9.0000 9.4243
9.0000 9.4096
9.0000 9.6722
9.0000 9.7021
9.0000 8.8945
9.0000 8.9741
9.0000 9.4617
9.0000 9.1060
9.0000 9.3580
9.0000 9.6303
9.0000 8.9074
9.0000 8.9885
9.0000 9.6223
9.0000 9.1651
9.0000 9.6672
9.0000 9.6893
9.0000 10.5354
9.0000 8.0359
9.0000 8.7374
9.0000 9.5937
9.0000 8.9821
9.0000 8.3060
9.0000 9.7075
9.0000 9.0564
9.0000 8.2464
9.0000 9.5504
9.0000 8.8421
9.0000 8.6043
9.0000 9.9541
9.0000 8.6887
9.0000 8.8714
9.0000 8.6410
9.0000 8.5833
9.0000 10.7825
9.0000 8.8909
9.0000 9.1527
9.0000 9.9783
9.0000 9.2430
9.0000 9.6467
9.0000 9.5662
9.0000 8.8777
9.0000 8.6562
9.0000 9.2242
9.0000 8.7181
9.0000 9.2266
9.0000 9.7451
9.0000 9.5712
9.0000 9.5808
9.0000 9.2039
9.0000 8.9783
9.0000 8.9346
9.0000 8.9478
9.0000 8.5878
9.0000 8.8343
9.0000 10.2247
9.0000 9.1460
9.0000 8.9013
9.0000 8.0462
9.0000 8.2595
9.0000 9.0822
9.0000 9.3956
9.0000 9.6392
9.0000 9.8216
9.0000 9.3565
9.0000 9.9529
9.0000 9.9740
9.0000 9.7076
9.0000 9.5123
9.0000 9.6064
9.0000 9.4764
9.0000 9.1999
9.0000 8.9873
9.0000 8.8433
9.0000 9.3853
9.0000 9.1212
9.0000 9.0956
9.0000 9.1824
9.0000 9.7177
9.0000 9.1126
9.0000 9.0846
9.0000 8.9793
9.0000 9.0233
9.0000 9.0788
9.0000 8.7001
9.0000 8.5205
9.0000 9.2707
9.0000 9.6034
9.0000 9.4226
9.0000 9.4022
9.0000 8.6219
9.0000 9.1296
9.0000 8.9924
9.0000 9.4396
9.0000 8.5411
9.0000 9.0220
9.0000 8.7250
9.0000 9.1512
9.0000 9.2429
9.0000 9.8652
9.0000 9.0552
9.0000 9.3344
9.0000 9.4380
9.0000 9.5956
9.0000 8.8885
9.0000 9.1793
9.0000 10.2706
9.0000 9.2292
9.0000 8.8642
9.0000 9.2228
9.0000 9.5264
9.0000 8.4970
9.0000 9.6414
9.0000 9.6890
9.0000 7.9667
9.0000 8.7582
9.0000 9.6997
9.0000 10.3476
9.0000 9.3382
9.0000 9.5840
9.0000 8.4920
9.0000 9.1953
9.0000 9.4958
9.0000 10.3114
9.0000 9.2847
9.0000 9.0885
9.0000 9.4291
9.0000 9.3633
9.0000 9.0411
9.0000 9.3840
9.0000 9.2523
9.0000 8.9941
9.0000 8.5468
9.0000 8.8440
9.0000 9.4871
9.0000 7.5923
9.0000 9.0253
9.0000 9.2537
9.0000 9.5679
9.0000 9.8198
9.0000 9.4156
9.0000 9.1522
9.0000 9.0035
9.0000 9.6283
9.0000 7.7429
9.0000 9.3497
9.0000 9.5980
9.0000 9.7820
9.0000 9.5703
9.0000 9.3222
9.0000 9.9305
9.0000 8.9476
9.0000 9.3441
9.0000 8.7455
9.0000 9.4821
9.0000 8.8392
9.0000 8.1413
9.0000 9.7806
9.0000 9.9152
9.0000 9.3484
9.0000 9.2572
9.0000 9.6091
9.0000 9.6045
9.0000 7.9267
9.0000 8.3437
9.0000 9.0840
9.0000 9.1718
9.0000 8.8228
9.0000 10.6021
9.0000 8.9778
9.0000 10.1652
9.0000 7.9017
9.0000 9.3570
9.0000 9.6798
9.0000 9.1363
9.0000 9.5553
9.0000 8.9001
9.0000 9.6293
9.0000 9.4234
9.0000 8.6356
9.0000 9.2567
9.0000 9.3558
9.0000 9.4752
9.0000 8.9427
9.0000 9.3444
9.0000 8.8314
9.0000 10.0305
9.0000 9.2522
9.0000 9.0934
9.0000 8.6501
9.0000 10.3973
9.0000 10.0707
9.0000 9.4052
9.0000 9.0771
9.0000 8.4772
9.0000 9.7150
9.0000 9.4182
9.0000 8.1406
9.0000 9.2252
9.0000 9.3961
9.0000 9.1516
9.0000 9.7413
9.0000 9.1120
9.0000 9.1275
9.0000 9.5184
9.0000 9.2958
9.0000 9.7943
9.0000 9.2820
9.0000 8.4439
9.0000 9.1121
9.0000 9.9940
9.0000 9.8206
9.0000 9.9327
9.0000 9.5336
9.0000 9.1080
9.0000 8.8484
9.0000 9.1697
9.0000 9.0702
9.0000 9.8139
9.0000 10.1696
9.0000 9.0035
9.0000 8.6361
9.0000 8.8358
9.0000 8.7297
9.0000 9.0984
9.0000 7.7345
9.0000 9.3719
9.0000 9.1963
9.0000 8.5055
9.0000 8.6111
9.0000 9.1769
9.0000 10.5038
9.0000 9.7421
9.0000 8.8184
9.0000 9.1686
9.0000 9.7210
9.0000 8.1953
9.0000 8.9422
9.0000 9.7543
9.0000 9.3032
9.0000 9.0336
9.0000 8.5840
9.0000 9.2229
9.0000 9.9391
9.0000 9.1003
9.0000 9.8445
9.0000 8.8332
9.0000 10.1318
9.0000 9.6990
9.0000 7.8605
9.0000 8.8904
9.0000 9.4614
9.0000 7.9914
9.0000 8.6185
9.0000 8.6093
9.0000 9.1875
9.0000 9.5363
9.0000 9.6777
9.0000 10.6121
9.0000 9.2615
9.0000 9.3248
9.0000 9.2165
9.0000 9.5492
9.0000 9.8963
9.0000 9.3775
9.0000 9.5473
9.0000 10.1238
9.0000 9.5321
9.0000 10.5013
9.0000 9.0355
9.0000 9.6271
9.0000 9.4004
9.0000 10.0156
9.0000 9.2267
9.0000 9.3675
9.0000 8.7223
9.0000 9.5274
9.0000 9.5240
9.0000 8.9452
9.0000 9.7287
9.0000 7.6954
9.0000 8.7463
9.0000 10.4807
9.0000 9.1394
9.0000 8.8412
9.0000 8.4625
9.0000 9.0705
9.0000 10.3543
9.0000 9.8831
9.0000 9.6081
9.0000 9.6965
9.0000 9.9639
9.0000 9.2980
9.0000 9.0711
9.0000 9.0195
9.0000 9.2746
9.0000 10.0848
9.0000 9.9116
9.0000 9.3627
9.0000 9.4678
9.0000 9.7876
9.0000 9.4526
9.0000 9.6554
9.0000 9.3794
9.0000 8.3648
9.0000 9.3063
9.0000 9.8622
9.0000 9.2275
9.0000 9.2965
9.0000 9.3250
9.0000 9.3141
9.0000 9.3658
9.0000 9.1509
9.0000 9.8427
9.0000 9.6593
9.0000 9.2405
9.0000 9.5322
9.0000 8.8926
9.0000 9.3959
9.0000 9.3955
9.0000 10.0359
9.0000 8.7985
9.0000 8.9866
9.0000 8.4788
9.0000 9.0497
9.0000 9.2413
9.0000 8.7546
9.0000 9.0337
9.0000 9.0324
9.0000 9.1388
9.0000 9.2385
9.0000 9.5648
9.0000 10.2052
9.0000 9.2456
9.0000 9.0724
9.0000 8.4044
9.0000 8.5104
9.0000 9.5249
9.0000 8.4792
9.0000 9.9141
9.0000 9.6829
9.0000 9.3940
9.0000 9.1692
9.0000 9.8831
9.0000 8.7961
9.0000 9.0888
9.0000 9.3132
9.0000 10.2302
9.0000 9.3537
9.0000 9.5284
9.0000 9.3061
9.0000 9.3266
9.0000 10.2292
9.0000 9.6687
9.0000 9.2280
9.0000 9.5619
9.0000 9.5749
9.0000 9.9037
9.0000 9.1473
9.0000 10.1438
9.0000 9.6015
9.0000 9.7859
9.0000 8.8663
9.0000 9.8282
9.0000 9.3548
9.0000 9.5237
9.0000 8.5989
9.0000 8.9525
9.0000 10.5445
9.0000 10.1030
9.0000 9.2399
9.0000 10.1806
9.0000 9.2791
9.0000 8.9957
9.0000 9.3305
9.0000 9.0705
9.0000 9.3685
9.0000 9.3091
9.0000 8.7551
9.0000 9.7234
9.0000 9.3955
9.0000 9.2352
9.0000 9.2250
9.0000 8.4169
9.0000 8.6418
9.0000 8.4156
9.0000 9.1730
9.0000 9.7793
9.0000 10.6860
9.0000 9.0422
9.0000 8.7497
9.0000 8.9470
9.0000 8.6754
9.0000 9.9821
9.0000 9.5282
9.0000 9.7954
9.0000 9.2575
9.0000 9.0577
9.0000 9.3345
9.0000 9.4001
9.0000 9.7762
9.0000 8.9713
9.0000 8.4689
9.0000 8.6384
9.0000 9.0666
9.0000 9.3030
9.0000 10.0479
9.0000 9.2332
9.0000 9.7731
9.0000 9.2860
9.0000 9.7844
9.0000 9.2030
9.0000 8.9695
9.0000 8.7995
9.0000 10.7668
9.0000 9.4684
9.0000 9.1300
9.0000 8.6773
9.0000 9.3271
9.0000 9.8110
9.0000 9.3519
9.0000 10.0262
9.0000 9.3952
9.0000 9.6137
9.0000 9.4355
9.0000 8.9871
9.0000 9.6942
9.0000 9.2774
9.0000 9.2085
9.0000 8.7878
9.0000 9.5566
9.0000 8.6970
9.0000 8.6800
9.0000 9.4758
9.0000 9.9793
9.0000 9.2238
9.0000 9.5246
9.0000 9.9956
9.0000 9.2154
9.0000 8.9740
9.0000 8.9881
9.0000 9.1031
9.0000 9.2958
9.0000 9.3881
9.0000 9.5665
9.0000 9.3221
9.0000 9.1677
9.0000 9.6264
9.0000 9.6557
9.0000 9.1177
9.0000 9.1570
9.0000 8.4466
9.0000 9.3668
9.0000 9.7302
9.0000 8.8841
9.0000 8.3146
9.0000 9.2579
9.0000 9.5999
9.0000 8.8604
9.0000 9.3627
9.0000 8.4188
9.0000 9.2207
9.0000 10.3537
9.0000 9.4071
9.0000 10.1663
9.0000 9.5118
9.0000 10.2986
9.0000 7.9878
9.0000 9.3387
9.0000 9.4003
9.0000 8.1064
9.0000 9.3270
9.0000 9.5413
9.0000 9.5865
9.0000 8.9965
9.0000 9.3065
9.0000 8.9189
9.0000 9.9086
9.0000 9.9077
9.0000 10.0530
9.0000 8.3431
9.0000 9.2077
9.0000 9.7361
9.0000 9.3959
9.0000 9.3407
9.0000 10.2563
9.0000 9.9413
9.0000 10.4922
9.0000 9.3429
9.0000 9.0252
9.0000 10.3726
9.0000 9.3818
9.0000 9.8210
9.0000 9.2668
9.0000 9.6867
9.0000 9.3021
9.0000 8.6646
9.0000 9.2654
9.0000 9.5857
9.0000 10.1926
9.0000 9.4507
9.0000 9.5990
9.0000 9.6794
9.0000 10.4411
9.0000 9.2693
9.0000 8.9327
9.0000 8.4907
9.0000 10.0669
9.0000 9.9912
9.0000 9.9819
9.0000 8.4470
9.0000 8.5505
9.0000 9.5568
9.0000 10.8147
9.0000 9.0652
9.0000 9.1398
9.0000 9.4732
9.0000 9.8325
9.0000 8.5854
9.0000 9.2549
9.0000 10.7063
9.0000 10.1437
9.0000 8.6665
9.0000 9.6015
9.0000 9.3216
9.0000 9.1685
9.0000 9.2525
9.0000 9.9364
9.0000 9.9398
9.0000 9.6242
9.0000 8.9348
9.0000 8.8623
9.0000 10.2071
9.0000 7.6553
9.0000 9.2097
9.0000 8.8759
9.0000 8.5882
9.0000 9.1862
9.0000 8.8191
9.0000 10.2150
9.0000 8.2312
9.0000 8.9802
9.0000 9.4720
9.0000 8.7282
9.0000 9.4337
9.0000 9.7213
9.0000 9.3955
9.0000 8.8676
9.0000 10.0951
9.0000 8.8277
9.0000 8.9307
9.0000 9.7479
9.0000 9.1001
9.0000 9.6421
9.0000 8.9218
9.0000 9.0400
9.0000 9.2717
9.0000 9.5922
9.0000 8.6446
9.0000 9.5921
9.0000 9.8110
9.0000 8.2566
9.0000 9.6865
9.0000 9.4996
9.0000 8.8498
9.0000 9.5881
9.0000 9.7595
9.0000 9.2131
9.0000 10.0489
9.0000 9.6825
9.0000 9.6289
9.0000 9.8756
9.0000 9.0610
9.0000 9.8168
9.0000 9.6880
9.0000 9.7785
9.0000 9.1564
9.0000 9.8719
9.0000 9.2093
9.0000 9.5198
9.0000 8.5551
9.0000 9.7670
9.0000 9.6194
9.0000 10.3024
9.0000 9.0398
9.0000 9.6704
9.0000 9.9464
9.0000 9.7943
9.0000 10.1461
9.0000 9.2130
9.0000 10.5430
9.0000 7.4677
9.0000 8.7897
9.0000 9.1329
9.0000 9.4889
9.0000 9.6508
9.0000 9.6190
9.0000 9.4053
9.0000 9.5765
9.0000 9.5289
9.0000 8.2030
9.0000 9.6977
9.0000 8.5751
9.0000 9.4858
9.0000 9.5114
9.0000 9.0924
9.0000 10.1677
9.0000 8.4467
9.0000 8.9806
9.0000 9.1629
9.0000 8.9722
9.0000 9.9500
9.0000 8.5596
9.0000 8.9406
9.0000 9.8138
9.0000 8.5000
9.0000 8.6758
9.0000 9.6783
9.0000 9.6532
9.0000 9.7790
9.0000 9.3176
9.0000 9.8378
9.0000 9.2127
9.0000 9.3012
9.0000 9.6020
9.0000 10.0470
9.0000 9.0460
9.0000 8.8918
9.0000 9.0663
9.0000 9.5320
9.0000 9.3731
9.0000 9.6790
9.0000 9.8507
9.0000 8.7462
9.0000 9.6325
9.0000 8.9537
9.0000 9.2819
9.0000 9.6230
9.0000 9.0630
9.0000 10.2832
9.0000 9.1832
9.0000 9.3720
9.0000 9.1334
9.0000 9.4008
9.0000 9.7647
9.0000 9.4779
9.0000 9.0536
9.0000 9.9120
9.0000 8.8918
9.0000 10.0722
9.0000 9.5157
9.0000 9.2947
9.0000 9.9073
9.0000 10.4704
9.0000 9.9807
9.0000 8.8653
9.0000 9.9615
9.0000 10.0168
9.0000 8.4331
9.0000 8.8138
9.0000 10.0634
9.0000 9.0682
9.0000 9.5164
9.0000 9.9531
9.0000 9.5598
9.0000 9.6639
9.0000 10.0234
9.0000 9.4755
9.0000 9.6389
9.0000 10.0622
9.0000 9.0903
9.0000 9.8840
9.0000 8.9226
9.0000 9.7659
9.0000 9.2638
9.0000 10.0334
9.0000 10.4986
9.0000 8.2334
9.0000 9.2239
9.0000 9.0780
9.0000 9.4700
9.0000 9.8315
9.0000 9.6676
9.0000 9.1659
9.0000 9.3680
9.0000 8.7989
9.0000 9.4039
9.0000 9.3339
9.0000 9.1559
9.0000 8.2061
9.0000 9.4780
9.0000 8.7553
9.0000 9.8178
9.0000 9.7667
9.0000 9.2943
9.0000 10.2084
9.0000 9.9931
9.0000 9.4885
9.0000 9.0579
9.0000 9.6542
9.0000 8.9569
9.0000 9.0054
9.0000 9.5235
9.0000 9.6774
9.0000 9.5776
9.0000 8.9644
9.0000 9.2573
9.0000 9.9329
9.0000 9.2156
