12.0000 12.3231
12.0000 11.4812
12.0000 12.1945
12.0000 12.2927
12.0000 11.4801
12.0000 11.6801
12.0000 12.4955
12.0000 11.4349
12.0000 11.8492
12.0000 11.6158
12.0000 12.3877
12.0000 12.2699
12.0000 12.5866
12.0000 11.5766
12.0000 12.0418
12.0000 12.1715
12.0000 12.5005
12.0000 12.3834
12.0000 11.9092
12.0000 12.7688
12.0000 11.8979
12.0000 12.0201
12.0000 11.8887
12.0000 12.1085
12.0000 12.5189
12.0000 13.0575
12.0000 11.8599
12.0000 12.1294
12.0000 11.6766
12.0000 11.7017
12.0000 11.7478
12.0000 12.2420
12.0000 11.7645
12.0000 12.0536
12.0000 11.6630
12.0000 12.4519
12.0000 11.7097
12.0000 11.7931
12.0000 11.7298
12.0000 11.5136
12.0000 12.4467
12.0000 11.4219
12.0000 11.6364
12.0000 11.6022
12.0000 12.1961
12.0000 11.8711
12.0000 12.4579
12.0000 11.3232
12.0000 12.5808
12.0000 11.4507
12.0000 11.8391
12.0000 12.2592
12.0000 11.6243
12.0000 12.0623
12.0000 12.3977
12.0000 13.5173
12.0000 11.6983
12.0000 12.5638
12.0000 11.4082
12.0000 12.4202
12.0000 12.7487
12.0000 12.4161
12.0000 12.9967
12.0000 12.1358
12.0000 12.7573
12.0000 10.9742
12.0000 13.0735
12.0000 11.9627
12.0000 12.2587
12.0000 12.2124
12.0000 11.8541
12.0000 11.4607
12.0000 11.7710
12.0000 12.3083
12.0000 12.1388
12.0000 11.9127
12.0000 11.8672
12.0000 12.0108
12.0000 12.0910
12.0000 11.7768
12.0000 12.4300
12.0000 11.9476
12.0000 11.6934
12.0000 11.4999
12.0000 11.8504
12.0000 11.7190
12.0000 12.2544
12.0000 11.9865
12.0000 12.4855
12.0000 11.1952
12.0000 11.7009
12.0000 12.7943
12.0000 12.8855
12.0000 12.5065
12.0000 12.2126
12.0000 11.9678
12.0000 11.7605
12.0000 12.3460
12.0000 12.4287
12.0000 11.1844
12.0000 12.5423
12.0000 11.2159
12.0000 12.7342
12.0000 12.8082
12.0000 12.9792
12.0000 10.9641
12.0000 11.3735
12.0000 12.6514
12.0000 11.7845
12.0000 11.8662
12.0000 11.6463
12.0000 11.9984
12.0000 12.5944
12.0000 11.4029
12.0000 11.6226
12.0000 11.8800
12.0000 11.7543
12.0000 12.0556
12.0000 12.5609
12.0000 12.5529
12.0000 11.7674
12.0000 11.8818
12.0000 12.4576
12.0000 11.7902
12.0000 12.1434
12.0000 11.6265
12.0000 11.7246
12.0000 12.3607
12.0000 12.0179
12.0000 12.3407
12.0000 12.1134
12.0000 12.0772
12.0000 12.3906
12.0000 12.0992
12.0000 11.9797
12.0000 12.3325
12.0000 11.7239
12.0000 12.0308
12.0000 12.0271
12.0000 12.7396
12.0000 12.1717
12.0000 11.3339
12.0000 11.8746
12.0000 11.7973
12.0000 12.3971
12.0000 11.8937
12.0000 12.2268
12.0000 12.0676
12.0000 12.0837
12.0000 12.0123
12.0000 12.7862
12.0000 11.8727
12.0000 11.3276
12.0000 11.3347
12.0000 11.7138
12.0000 11.2284
12.0000 12.1393
12.0000 12.0887
12.0000 12.8548
12.0000 12.0193
12.0000 11.2615
12.0000 11.7639
12.0000 12.2616
12.0000 11.8026
12.0000 11.7892
12.0000 12.5405
12.0000 12.1361
12.0000 12.6418
12.0000 10.9990
12.0000 12.8311
12.0000 11.8734
12.0000 11.7431
12.0000 11.9478
12.0000 11.4027
12.0000 11.4933
12.0000 12.2299
12.0000 11.4326
12.0000 11.4452
12.0000 12.0975
12.0000 10.7207
12.0000 11.2159
12.0000 11.1841
12.0000 11.9614
12.0000 12.5342
12.0000 12.3020
12.0000 11.8384
12.0000 12.1289
12.0000 12.4578
12.0000 11.9470
12.0000 10.9197
12.0000 12.6320
12.0000 12.4582
12.0000 12.4064
12.0000 11.4355
12.0000 12.3482
12.0000 11.6797
12.0000 11.5071
12.0000 11.4964
12.0000 11.4366
12.0000 10.9731
12.0000 11.9595
12.0000 11.6353
12.0000 12.6359
12.0000 12.5419
12.0000 12.0968
12.0000 12.0668
12.0000 12.4602
12.0000 11.6427
12.0000 11.8521
12.0000 12.4701
12.0000 12.0005
12.0000 11.4309
12.0000 12.1369
12.0000 11.7996
12.0000 11.8253
12.0000 10.8033
12.0000 11.8444
12.0000 13.2892
12.0000 11.8519
12.0000 13.1871
12.0000 12.5505
12.0000 12.2649
12.0000 12.3170
12.0000 11.7784
12.0000 11.4523
12.0000 12.7228
12.0000 11.9647
12.0000 12.4462
12.0000 11.7078
12.0000 10.8314
12.0000 12.5774
12.0000 12.4721
12.0000 11.5547
12.0000 12.7551
12.0000 12.4634
12.0000 11.3677
12.0000 12.2983
12.0000 12.6583
12.0000 12.3667
12.0000 11.4177
12.0000 11.8499
12.0000 11.2871
12.0000 11.9862
12.0000 11.8994
12.0000 11.4335
12.0000 11.9425
12.0000 12.2093
12.0000 11.2091
12.0000 12.2224
12.0000 10.9331
12.0000 11.3003
12.0000 12.5034
12.0000 11.7234
12.0000 12.4222
12.0000 11.3196
12.0000 13.1614
12.0000 12.4771
12.0000 12.0125
12.0000 12.2361
12.0000 12.3607
12.0000 11.9589
12.0000 12.6309
12.0000 12.5673
12.0000 12.5250
12.0000 11.4758
12.0000 11.3739
12.0000 11.9654
12.0000 12.2192
12.0000 11.7472
12.0000 12.2579
12.0000 12.4514
12.0000 11.6782
12.0000 12.4142
12.0000 12.2169
12.0000 11.3064
12.0000 11.6850
12.0000 12.4842
12.0000 11.3684
12.0000 12.0436
12.0000 12.1400
12.0000 11.9542
12.0000 12.7936
12.0000 12.0653
12.0000 12.1042
12.0000 11.5818
12.0000 12.3385
12.0000 12.1955
12.0000 11.4843
12.0000 12.4522
12.0000 12.2306
12.0000 12.2887
12.0000 12.4433
12.0000 12.2090
12.0000 12.3560
12.0000 11.5859
12.0000 11.4587
12.0000 11.7169
12.0000 11.9759
12.0000 10.4857
12.0000 11.6699
12.0000 12.1211
12.0000 11.3794
12.0000 12.2557
12.0000 11.5700
12.0000 11.8004
12.0000 12.1828
12.0000 10.9484
12.0000 11.8809
12.0000 11.3248
12.0000 11.0907
12.0000 11.5238
12.0000 12.3239
12.0000 12.8059
12.0000 11.3556
12.0000 11.9642
12.0000 11.9354
12.0000 12.1395
12.0000 12.4637
12.0000 11.7935
12.0000 11.6568
12.0000 11.2567
12.0000 12.4980
12.0000 11.4679
12.0000 11.6507
12.0000 10.6981
12.0000 11.8315
12.0000 11.6860
12.0000 12.3974
12.0000 11.4161
12.0000 11.3644
12.0000 11.8917
12.0000 11.8638
12.0000 12.1420
12.0000 11.8027
12.0000 12.0620
12.0000 12.3473
12.0000 12.3873
12.0000 12.0054
12.0000 11.6169
12.0000 11.0440
12.0000 10.8478
12.0000 10.4834
12.0000 10.9114
12.0000 11.8034
12.0000 12.4273
12.0000 13.0023
12.0000 11.8689
12.0000 12.5425
12.0000 11.3447
12.0000 11.7647
12.0000 12.1724
12.0000 11.7113
12.0000 12.1322
12.0000 12.0576
12.0000 11.2612
12.0000 12.4151
12.0000 11.9152
12.0000 12.4003
12.0000 12.0527
12.0000 11.6148
12.0000 11.8671
12.0000 12.5820
12.0000 12.4844
12.0000 11.7847
12.0000 11.7498
12.0000 11.1402
12.0000 12.0398
12.0000 12.1722
12.0000 12.0638
12.0000 11.8677
12.0000 10.5141
12.0000 11.6971
12.0000 11.8661
12.0000 11.8889
12.0000 11.5352
12.0000 11.6329
12.0000 11.6700
12.0000 11.4706
12.0000 11.5831
12.0000 12.2298
12.0000 12.2380
12.0000 11.4642
12.0000 12.7052
12.0000 12.4025
12.0000 11.7477
12.0000 12.2030
12.0000 11.5554
12.0000 12.0166
12.0000 13.1464
12.0000 12.2868
12.0000 11.3217
12.0000 11.9723
12.0000 12.1171
12.0000 11.1997
12.0000 11.9179
12.0000 11.4790
12.0000 12.1994
12.0000 11.9707
12.0000 11.8077
12.0000 11.6065
12.0000 12.3867
12.0000 12.3370
12.0000 11.8570
12.0000 11.9747
12.0000 12.8606
12.0000 12.7281
12.0000 11.9254
12.0000 12.0227
12.0000 12.8382
12.0000 12.5495
12.0000 12.2009
12.0000 11.1484
12.0000 12.3231
12.0000 11.7787
12.0000 12.6629
12.0000 12.6593
12.0000 12.6309
12.0000 11.4573
12.0000 11.6862
12.0000 12.3934
12.0000 12.6596
12.0000 10.1994
12.0000 12.2454
12.0000 12.1657
12.0000 12.3107
12.0000 12.3553
12.0000 11.8264
12.0000 11.2831
12.0000 12.5160
12.0000 12.6184
12.0000 11.4556
12.0000 11.9185
12.0000 11.8580
12.0000 11.5477
12.0000 11.9730
12.0000 12.0194
12.0000 11.8691
12.0000 11.1226
12.0000 11.6872
12.0000 11.3817
12.0000 12.4884
12.0000 11.3684
12.0000 11.9292
12.0000 12.1138
12.0000 12.0087
12.0000 11.8847
12.0000 11.9763
12.0000 12.1412
12.0000 11.5297
12.0000 11.5483
12.0000 12.3181
12.0000 12.0074
12.0000 11.7512
12.0000 11.6224
12.0000 12.0841
12.0000 11.7520
12.0000 12.4684
12.0000 11.3815
12.0000 11.3390
12.0000 11.8914
12.0000 13.1031
12.0000 11.9411
12.0000 11.5247
12.0000 11.7660
12.0000 12.2939
12.0000 13.0429
12.0000 11.0327
12.0000 12.7276
12.0000 12.7209
12.0000 11.5401
12.0000 11.1026
12.0000 12.0230
12.0000 10.6231
12.0000 10.6849
12.0000 11.7959
12.0000 10.7654
12.0000 11.5185
12.0000 11.8799
12.0000 11.5525
12.0000 13.0186
12.0000 12.7457
12.0000 12.4092
12.0000 12.7336
12.0000 12.1834
12.0000 11.5708
12.0000 12.2265
12.0000 11.2119
12.0000 11.2403
12.0000 10.9452
12.0000 11.3602
12.0000 12.2608
12.0000 11.7757
12.0000 11.9573
12.0000 11.9933
12.0000 12.1391
12.0000 11.0303
12.0000 12.3466
12.0000 11.9176
12.0000 12.7579
12.0000 12.2437
12.0000 12.4694
12.0000 10.8497
12.0000 11.8278
12.0000 11.2107
12.0000 12.7261
12.0000 11.8806
12.0000 12.6005
12.0000 12.1506
12.0000 12.9025
12.0000 11.9165
12.0000 12.2054
12.0000 12.4425
12.0000 11.3748
12.0000 11.8177
12.0000 11.7658
12.0000 12.4750
12.0000 12.0137
12.0000 11.9722
12.0000 12.0931
12.0000 10.8969
12.0000 11.8721
12.0000 12.1667
12.0000 11.5409
12.0000 11.2754
12.0000 12.2088
12.0000 11.5339
12.0000 12.3210
12.0000 11.6787
12.0000 12.6657
12.0000 11.6665
12.0000 11.6111
12.0000 11.9816
12.0000 12.7905
12.0000 12.7059
12.0000 12.1822
12.0000 12.1379
12.0000 12.1651
12.0000 11.1395
12.0000 11.2036
12.0000 12.1628
12.0000 11.8770
12.0000 12.2128
12.0000 12.4384
12.0000 11.5471
12.0000 12.6817
12.0000 12.1537
12.0000 11.6101
12.0000 12.0537
12.0000 11.8563
12.0000 12.2182
12.0000 11.4754
12.0000 12.0399
12.0000 12.2923
12.0000 13.1493
12.0000 11.7849
12.0000 11.8003
12.0000 10.8734
12.0000 12.5238
12.0000 12.2773
12.0000 11.8149
12.0000 13.2764
12.0000 11.8080
12.0000 10.6028
12.0000 11.9493
12.0000 11.8517
12.0000 11.6877
12.0000 11.4431
12.0000 11.8458
12.0000 11.9064
12.0000 11.9221
12.0000 12.0319
12.0000 11.4296
12.0000 12.2663
12.0000 12.6464
12.0000 12.4168
12.0000 11.4768
12.0000 12.1153
12.0000 10.8910
12.0000 11.7201
12.0000 11.4877
12.0000 11.6159
12.0000 11.7672
12.0000 12.0264
12.0000 12.5904
12.0000 12.6788
12.0000 11.8862
12.0000 11.7766
12.0000 11.8385
12.0000 12.9311
12.0000 12.0914
12.0000 11.8311
12.0000 11.8740
12.0000 11.8482
12.0000 12.0300
12.0000 11.4379
12.0000 11.4728
12.0000 11.9590
12.0000 12.3629
12.0000 12.9043
12.0000 13.6109
12.0000 12.2936
12.0000 11.6588
12.0000 12.9485
12.0000 12.2076
12.0000 11.7733
12.0000 12.2040
12.0000 12.6707
12.0000 11.9541
12.0000 11.5997
12.0000 12.5571
12.0000 11.5996
12.0000 11.8609
12.0000 11.4697
12.0000 12.8652
12.0000 11.9101
12.0000 11.9383
12.0000 11.4379
12.0000 11.8819
12.0000 11.1663
12.0000 11.3816
12.0000 11.8591
12.0000 11.4480
12.0000 11.4326
12.0000 11.8151
12.0000 11.6037
12.0000 12.5428
12.0000 11.4763
12.0000 12.8224
12.0000 11.3851
12.0000 12.5245
12.0000 11.2671
12.0000 11.9546
12.0000 10.5679
12.0000 13.1701
12.0000 11.9896
12.0000 11.8404
12.0000 13.0821
12.0000 12.1715
12.0000 11.9414
12.0000 11.7663
12.0000 12.2260
12.0000 11.5681
12.0000 12.3221
12.0000 11.0370
12.0000 11.8016
12.0000 11.9448
12.0000 12.0054
12.0000 11.5394
12.0000 12.0445
12.0000 11.9883
12.0000 12.0048
12.0000 11.4738
12.0000 12.7134
12.0000 10.8136
12.0000 12.4110
12.0000 12.9876
12.0000 12.8663
12.0000 12.6072
12.0000 11.3905
12.0000 12.5218
12.0000 11.8378
12.0000 11.5762
12.0000 12.0530
12.0000 11.6459
12.0000 11.9301
12.0000 12.3542
12.0000 11.4062
12.0000 11.7468
12.0000 12.1807
12.0000 11.1665
12.0000 11.9895
12.0000 12.5120
12.0000 12.0632
12.0000 13.1256
12.0000 12.2208
12.0000 11.9921
12.0000 11.3716
12.0000 11.9330
12.0000 12.4438
12.0000 12.8901
12.0000 12.2977
12.0000 11.7992
12.0000 11.7842
12.0000 12.0288
12.0000 11.8814
12.0000 12.0065
12.0000 11.3593
12.0000 11.6511
12.0000 12.3212
12.0000 13.1120
12.0000 11.9320
12.0000 11.8389
12.0000 11.9404
12.0000 12.4653
12.0000 11.6243
12.0000 11.5937
12.0000 11.6694
12.0000 12.2552
12.0000 12.0289
12.0000 12.1523
12.0000 11.9018
12.0000 11.5913
12.0000 12.2203
12.0000 11.4004
12.0000 11.6376
12.0000 11.5023
12.0000 12.1512
12.0000 13.1183
12.0000 11.1436
12.0000 12.1426
12.0000 11.3707
12.0000 11.4868
12.0000 12.2122
12.0000 12.2361
12.0000 13.1027
12.0000 11.9536
12.0000 11.7760
12.0000 11.7451
12.0000 12.2027
12.0000 12.2924
12.0000 13.0115
12.0000 12.1973
12.0000 12.3631
12.0000 11.7882
12.0000 12.5542
12.0000 12.4419
12.0000 12.1430
12.0000 12.3422
12.0000 12.8280
12.0000 12.8845
12.0000 11.2288
12.0000 13.1435
12.0000 12.6008
12.0000 11.4500
12.0000 12.1238
12.0000 11.5917
12.0000 12.7574
12.0000 12.5727
12.0000 11.2046
12.0000 12.3254
12.0000 11.7292
12.0000 11.9782
12.0000 12.3487
12.0000 11.7268
12.0000 11.9803
12.0000 11.5483
12.0000 11.5398
12.0000 12.7827
12.0000 11.8701
12.0000 12.9757
12.0000 11.5247
12.0000 11.8182
12.0000 11.5471
12.0000 12.2731
12.0000 11.3114
12.0000 13.3781
12.0000 11.9561
12.0000 11.1142
12.0000 11.1459
12.0000 12.4828
12.0000 11.8788
12.0000 11.6048
12.0000 11.7684
12.0000 12.3985
12.0000 12.2759
12.0000 12.8209
12.0000 11.4847
12.0000 11.9673
12.0000 11.7431
12.0000 10.8885
12.0000 12.6783
12.0000 11.8343
12.0000 10.7248
12.0000 12.1978
12.0000 10.9939
12.0000 12.9940
12.0000 12.4734
12.0000 11.4568
12.0000 11.6005
12.0000 12.4091
12.0000 11.9348
12.0000 11.6684
12.0000 11.1426
12.0000 11.7968
12.0000 11.3558
12.0000 12.2379
12.0000 13.0438
12.0000 11.9774
12.0000 12.2796
12.0000 11.6242
12.0000 11.2832
12.0000 12.3832
12.0000 12.3743
12.0000 13.5140
12.0000 12.0528
12.0000 11.7850
12.0000 11.9168
12.0000 11.3276
12.0000 11.9992
12.0000 11.0304
12.0000 11.8408
12.0000 12.2411
12.0000 11.4201
12.0000 11.8427
12.0000 12.0999
12.0000 11.9936
12.0000 11.0686
12.0000 12.1532
12.0000 11.8036
12.0000 12.0351
12.0000 12.3130
12.0000 12.1089
12.0000 12.2979
12.0000 11.5202
12.0000 10.8950
12.0000 11.7339
12.0000 12.0228
12.0000 13.0617
12.0000 12.0881
12.0000 11.6105
12.0000 12.3633
12.0000 11.3070
12.0000 12.2192
12.0000 11.5603
12.0000 11.9100
12.0000 12.4675
12.0000 11.2658
12.0000 12.2799
12.0000 12.3326
12.0000 12.1740
12.0000 12.8658
12.0000 12.4798
12.0000 12.8720
12.0000 12.4341
12.0000 12.1169
12.0000 11.5939
12.0000 11.7123
12.0000 12.0210
12.0000 11.0301
12.0000 12.2185
12.0000 12.3223
12.0000 11.2159
12.0000 12.2800
12.0000 11.7697
12.0000 12.3571
12.0000 12.0442
12.0000 10.8562
12.0000 12.0308
12.0000 12.3718
12.0000 12.6619
12.0000 12.8410
12.0000 11.3430
12.0000 11.0362
12.0000 13.1901
12.0000 12.6629
12.0000 12.0912
12.0000 11.7418
12.0000 11.9875
12.0000 11.8867
12.0000 12.3509
12.0000 11.4522
12.0000 12.1167
12.0000 11.6390
12.0000 12.5017
12.0000 12.2155
12.0000 11.2293
12.0000 11.9395
12.0000 12.0777
12.0000 12.0623
12.0000 12.3361
12.0000 10.9062
12.0000 12.4752
12.0000 12.4525
12.0000 12.9546
12.0000 11.7930
12.0000 11.7833
12.0000 12.0174
12.0000 12.2483
12.0000 13.1174
12.0000 11.6144
12.0000 12.4044
12.0000 12.4820
12.0000 11.8126
12.0000 11.9812
12.0000 12.0312
12.0000 11.6956
12.0000 12.1698
12.0000 11.6381
12.0000 12.3797
12.0000 12.3520
12.0000 12.2594
12.0000 12.6376
12.0000 11.8085
12.0000 12.0544
12.0000 11.7933
12.0000 11.6876
12.0000 12.6676
12.0000 13.0217
12.0000 10.9186
12.0000 11.4766
12.0000 11.2051
12.0000 11.4628
12.0000 12.3785
12.0000 11.9539
12.0000 12.5715
12.0000 12.0581
12.0000 11.2239
12.0000 11.6189
12.0000 12.0510
12.0000 12.3821
12.0000 11.7794
12.0000 12.2835
12.0000 12.4410
12.0000 12.3754
12.0000 11.9156
12.0000 12.1925
12.0000 12.0595
12.0000 12.6807
12.0000 12.0506
12.0000 11.1266
12.0000 11.5856
12.0000 12.0397
12.0000 12.7650
12.0000 11.7200
12.0000 12.5209
12.0000 12.0799
12.0000 11.7660
12.0000 12.2026
12.0000 12.4914
12.0000 13.1715
12.0000 11.7429
12.0000 12.8288
12.0000 12.3893
12.0000 11.5685
12.0000 11.8730
12.0000 12.4257
12.0000 12.8041
12.0000 11.8356
12.0000 11.8762
12.0000 12.5163
12.0000 12.4455
12.0000 12.5111
12.0000 12.5861
12.0000 11.5993
12.0000 12.4482
12.0000 11.9211
12.0000 12.0719
12.0000 11.8941
12.0000 11.5272
12.0000 11.6781
12.0000 12.7981
12.0000 12.9732
12.0000 11.9574
12.0000 12.4812
12.0000 12.4069
12.0000 11.6323
12.0000 12.1379
12.0000 11.5301
12.0000 12.6887
12.0000 12.0341
12.0000 12.1883
12.0000 11.4626
12.0000 12.0827
12.0000 12.2244
12.0000 11.6925
12.0000 11.9171
12.0000 11.9644
12.0000 12.4147
12.0000 11.8565
12.0000 12.9311
12.0000 12.2190
12.0000 12.2141
12.0000 12.8132
12.0000 12.3338
12.0000 12.5352
12.0000 11.7911
12.0000 12.0455
12.0000 12.4721
12.0000 12.0046
12.0000 12.4017
12.0000 12.2977
12.0000 11.9891
12.0000 12.7064
12.0000 12.7972
12.0000 12.0242
12.0000 11.9239
12.0000 11.8286
12.0000 11.2740
12.0000 12.7103
12.0000 12.2250
12.0000 11.9919
12.0000 11.5831
12.0000 11.3004
12.0000 12.4706
12.0000 11.7298
12.0000 12.5704
12.0000 11.7569
12.0000 12.8389
12.0000 11.6675
12.0000 12.1368
12.0000 12.3496
12.0000 11.6783
12.0000 12.5819
12.0000 11.4254
12.0000 11.7319
12.0000 12.1606
12.0000 11.9018
12.0000 11.1956
12.0000 12.6584
12.0000 12.3891
12.0000 12.1814
12.0000 12.9542
12.0000 12.1076
12.0000 11.4125
12.0000 12.1533
12.0000 11.5900
12.0000 11.4581
12.0000 12.3228
12.0000 13.0642
12.0000 11.7210
12.0000 11.6176
12.0000 12.3046
12.0000 11.9000
12.0000 11.9087
12.0000 12.5136
12.0000 12.0817
12.0000 12.3084
12.0000 10.9954
12.0000 12.1793
12.0000 11.8229
12.0000 12.7134
12.0000 11.9917
12.0000 11.5679
12.0000 11.4521
12.0000 12.3339
12.0000 11.7767
12.0000 11.8132
12.0000 11.8213
12.0000 12.0934
12.0000 10.7726
12.0000 11.7266
12.0000 11.5272
12.0000 12.2948
12.0000 11.3318
12.0000 11.8590
12.0000 12.2959
12.0000 11.8752
12.0000 11.9771
12.0000 13.0516
12.0000 11.8888
12.0000 11.1068
12.0000 12.0736
12.0000 12.6644
12.0000 12.5811
12.0000 12.3480
12.0000 11.3170
12.0000 11.8849
12.0000 13.0389
12.0000 10.9441
12.0000 12.7501
12.0000 11.7544
12.0000 12.7358
12.0000 12.5935
12.0000 11.8224
12.0000 12.6108
12.0000 11.6825
12.0000 12.2462
12.0000 11.4956
12.0000 11.8252
12.0000 12.7457
12.0000 12.6931
12.0000 11.9754
12.0000 11.3492
12.0000 12.3133
12.0000 11.9921
12.0000 12.0345
12.0000 12.7585
12.0000 11.4026
12.0000 11.9283
12.0000 12.8352
12.0000 12.9454
12.0000 11.4403
12.0000 11.9484
12.0000 11.8641
12.0000 12.1958
12.0000 12.2426
12.0000 11.8120
12.0000 11.7879
12.0000 11.0390
12.0000 11.4717
12.0000 12.2465
12.0000 12.1460
12.0000 12.2967
12.0000 11.4693
12.0000 12.6466
12.0000 11.5113
12.0000 11.8003
12.0000 11.3643
12.0000 12.1666
12.0000 11.1385
12.0000 12.4506
12.0000 12.3206
12.0000 12.5258
12.0000 11.8221
12.0000 12.0725
12.0000 11.4705
12.0000 12.2699
12.0000 11.5473
12.0000 12.0190
12.0000 12.6363
12.0000 11.6529
12.0000 12.9318
12.0000 10.8888
12.0000 11.8805
12.0000 11.6158
12.0000 11.5804
12.0000 13.2245
12.0000 12.6109
12.0000 12.6348
12.0000 12.8285
12.0000 11.6059
12.0000 12.2670
12.0000 11.2697
12.0000 12.6633
12.0000 13.3989
12.0000 12.0747
12.0000 12.6571
12.0000 12.7249
12.0000 11.9197
12.0000 11.9351
12.0000 12.9643
12.0000 11.9602
12.0000 12.7193
12.0000 12.4306
12.0000 12.6118
12.0000 11.7616
12.0000 11.9677
12.0000 11.4782
12.0000 11.8809
12.0000 12.6912
12.0000 11.7517
12.0000 11.8604
12.0000 12.2442
12.0000 11.6376
12.0000 12.7880
12.0000 13.2095
12.0000 12.3579
12.0000 13.0500
12.0000 12.1984
12.0000 11.5981
12.0000 12.9102
12.0000 12.6698
12.0000 12.5007
12.0000 12.0736
12.0000 11.8779
12.0000 10.8813
12.0000 12.9194
12.0000 11.4975
12.0000 11.7298
12.0000 12.0119
12.0000 11.4629
12.0000 12.4545
12.0000 11.7111
12.0000 10.9355
12.0000 12.2459
12.0000 12.7789
12.0000 12.1941
12.0000 12.0015
12.0000 11.5714
12.0000 11.5154
12.0000 12.1901
12.0000 12.6859
12.0000 13.0774
12.0000 11.0572
12.0000 12.4194
12.0000 12.8014
12.0000 12.2027
12.0000 11.8096
12.0000 12.0314
12.0000 12.9210
12.0000 11.5419
12.0000 11.8326
12.0000 12.6999
12.0000 12.0139
12.0000 11.7363
12.0000 11.7958
12.0000 12.4988
12.0000 11.6989
12.0000 12.5957
12.0000 11.7695
12.0000 12.3826
12.0000 12.6388
12.0000 11.6346
12.0000 12.8166
12.0000 12.6723
12.0000 11.8636
12.0000 12.0614
12.0000 12.1258
12.0000 11.7112
12.0000 10.8791
12.0000 12.3852
12.0000 12.9228
12.0000 11.8134
12.0000 10.9541
12.0000 11.8596
12.0000 12.0583
12.0000 12.9404
12.0000 11.5460
12.0000 11.5672
12.0000 12.5569
12.0000 12.5116
12.0000 11.8248
12.0000 12.5839
12.0000 11.7154
12.0000 12.3604
12.0000 13.0073
12.0000 12.3812
12.0000 10.6252
12.0000 12.1420
12.0000 12.0255
12.0000 12.9915
12.0000 12.1403
12.0000 12.1484
12.0000 11.0619
12.0000 12.0286
12.0000 11.5564
12.0000 12.3619
12.0000 11.5157
12.0000 12.4363
12.0000 11.8707
12.0000 11.9261
12.0000 11.8366
12.0000 12.6355
12.0000 11.8865
12.0000 13.4695
12.0000 10.8211
12.0000 12.2036
12.0000 13.1415
12.0000 12.3442
12.0000 12.9434
12.0000 12.3041
12.0000 11.7185
12.0000 11.4979
12.0000 11.8875
12.0000 11.9145
12.0000 12.1580
12.0000 11.9427
12.0000 12.5306
12.0000 11.0386
12.0000 11.4129
12.0000 13.0805
12.0000 11.8838
12.0000 11.7638
12.0000 12.4368
12.0000 12.6500
12.0000 12.7353
12.0000 11.4352
12.0000 11.4279
12.0000 11.2923
12.0000 11.8845
12.0000 13.2429
12.0000 12.1440
12.0000 11.8292
12.0000 11.7083
12.0000 12.1373
12.0000 11.7859
12.0000 11.2617
12.0000 11.5636
12.0000 11.9939
12.0000 11.6393
12.0000 12.3459
12.0000 11.9153
12.0000 12.0765
12.0000 12.5660
12.0000 11.9912
12.0000 11.3496
12.0000 12.4429
12.0000 11.4587
12.0000 12.9329
12.0000 11.7190
12.0000 12.0604
12.0000 12.1943
12.0000 12.0952
12.0000 11.3563
12.0000 11.1743
12.0000 11.5461
12.0000 12.1625
12.0000 11.1715
12.0000 13.1712
12.0000 12.4736
12.0000 11.8231
12.0000 12.0632
12.0000 10.8170
12.0000 12.3151
12.0000 12.3387
12.0000 11.6813
12.0000 11.9005
12.0000 11.8955
12.0000 12.0419
12.0000 11.5508
12.0000 12.1814
12.0000 12.4049
12.0000 12.1611
12.0000 11.9576
12.0000 11.2114
12.0000 12.0519
12.0000 11.9246
12.0000 13.3467
12.0000 12.7207
12.0000 12.1371
12.0000 11.8587
12.0000 12.3535
12.0000 13.0708
12.0000 12.1590
12.0000 11.4605
12.0000 12.0375
12.0000 12.1780
12.0000 11.6030
12.0000 12.4276
12.0000 11.7529
12.0000 12.1352
12.0000 12.1928
12.0000 11.7584
12.0000 12.3086
12.0000 12.9113
12.0000 12.1755
12.0000 11.9217
12.0000 12.1104
12.0000 11.6194
12.0000 11.6665
12.0000 11.3646
12.0000 12.0191
12.0000 12.3094
12.0000 12.4842
12.0000 11.1882
12.0000 12.2247
12.0000 12.9203
12.0000 12.3638
12.0000 12.4998
12.0000 11.9509
12.0000 11.4453
12.0000 12.2808
12.0000 11.9439
12.0000 12.1834
12.0000 11.5181
12.0000 12.4430
12.0000 11.4622
12.0000 11.9147
12.0000 11.4787
12.0000 12.3472
12.0000 11.6645
12.0000 11.3307
12.0000 12.2340
12.0000 12.1440
12.0000 12.2498
12.0000 11.9105
12.0000 11.1511
12.0000 11.6554
12.0000 12.5635
12.0000 12.4224
12.0000 12.5775
12.0000 11.2732
12.0000 12.1629
12.0000 12.9519
12.0000 11.6665
12.0000 12.3657
12.0000 11.7767
12.0000 12.3211
12.0000 11.9945
12.0000 12.9981
12.0000 11.9907
12.0000 10.7491
12.0000 12.2201
12.0000 12.6330
12.0000 11.5065
12.0000 11.7055
12.0000 11.7490
12.0000 11.7844
12.0000 12.9062
12.0000 11.3402
12.0000 11.9364
12.0000 11.9224
12.0000 12.0281
12.0000 12.9923
12.0000 12.1250
12.0000 12.0663
12.0000 12.0116
12.0000 11.9240
12.0000 11.5081
12.0000 11.8659
12.0000 11.4232
12.0000 11.5793
12.0000 12.0178
12.0000 12.2410
12.0000 12.1064
12.0000 11.9795
12.0000 11.7963
12.0000 11.9551
12.0000 12.0195
12.0000 12.6015
12.0000 12.0601
12.0000 11.2264
12.0000 12.4614
12.0000 11.3637
12.0000 12.3482
12.0000 11.8963
12.0000 11.5513
12.0000 11.6811
12.0000 12.3092
12.0000 11.7002
12.0000 11.7064
12.0000 11.7079
12.0000 11.3810
12.0000 12.2183
12.0000 12.3420
12.0000 11.1750
12.0000 11.6839
12.0000 11.1702
12.0000 12.2416
12.0000 12.1901
12.0000 12.5543
12.0000 12.1922
12.0000 11.5378
12.0000 11.8868
12.0000 11.9959
12.0000 12.5827
12.0000 12.7615
12.0000 11.4755
12.0000 11.8917
12.0000 13.1201
12.0000 10.8276
12.0000 11.7310
12.0000 11.8562
12.0000 12.3120
12.0000 11.4055
12.0000 11.7752
12.0000 12.5658
12.0000 11.8153
12.0000 12.7490
12.0000 12.2859
12.0000 11.5820
12.0000 12.2655
12.0000 12.4849
12.0000 13.1241
12.0000 11.9331
12.0000 11.9062
12.0000 11.9548
12.0000 12.3563
12.0000 12.2914
12.0000 11.7875
12.0000 12.1309
12.0000 11.9589
12.0000 12.7186
12.0000 12.1488
12.0000 10.8937
12.0000 11.6506
12.0000 12.2849
12.0000 12.4568
12.0000 11.6689
12.0000 11.7289
12.0000 11.9971
12.0000 11.6381
12.0000 11.9679
12.0000 11.7246
12.0000 12.1463
12.0000 13.0371
12.0000 11.1761
12.0000 11.6045
12.0000 12.0229
12.0000 11.6799
12.0000 11.6786
12.0000 12.7319
12.0000 11.9887
12.0000 12.1861
12.0000 11.8628
12.0000 12.6255
12.0000 11.7577
12.0000 11.7908
12.0000 12.3404
12.0000 11.8893
12.0000 11.9754
12.0000 12.2824
12.0000 11.3085
12.0000 11.3037
12.0000 12.4391
12.0000 11.3577
12.0000 12.2559
12.0000 12.5724
12.0000 12.5875
12.0000 11.8668
12.0000 11.7811
12.0000 11.2915
12.0000 12.2906
12.0000 11.5850
12.0000 11.9999
12.0000 11.6408
12.0000 10.7183
12.0000 11.5819
12.0000 12.0723
12.0000 12.4657
12.0000 11.2117
12.0000 11.8764
12.0000 11.8203
12.0000 12.0510
12.0000 12.2935
12.0000 13.1804
12.0000 12.7617
12.0000 12.8070
12.0000 11.0906
12.0000 12.2163
12.0000 12.5973
12.0000 12.6148
12.0000 11.4860
12.0000 11.4317
12.0000 12.1338
12.0000 11.5637
12.0000 12.4209
12.0000 11.3236
12.0000 12.2793
12.0000 12.3178
12.0000 12.1877
12.0000 12.6410
12.0000 11.6724
12.0000 11.5139
12.0000 11.0154
12.0000 12.4161
12.0000 12.1549
12.0000 12.3121
12.0000 12.7880
12.0000 12.2680
12.0000 11.5220
12.0000 11.1991
12.0000 11.9526
12.0000 11.3501
12.0000 11.9380
12.0000 11.9449
12.0000 11.8113
12.0000 11.3581
12.0000 12.5399
12.0000 12.6262
12.0000 11.7325
12.0000 10.7759
12.0000 12.2317
12.0000 11.7899
12.0000 12.6998
12.0000 12.3834
12.0000 12.3254
12.0000 12.5869
12.0000 11.3971
12.0000 12.2511
12.0000 11.1105
12.0000 12.1938
12.0000 11.3238
12.0000 12.2564
12.0000 11.3684
12.0000 12.7924
12.0000 12.2533
12.0000 13.0503
12.0000 12.4623
12.0000 12.0332
12.0000 11.9372
12.0000 12.0025
12.0000 11.5808
12.0000 11.6195
12.0000 12.9787
12.0000 11.8641
12.0000 11.2400
12.0000 12.0996
12.0000 11.8926
12.0000 11.2887
12.0000 12.9323
12.0000 11.6798
12.0000 12.3193
12.0000 11.7480
12.0000 12.4967
12.0000 12.1719
12.0000 11.4628
12.0000 11.1427
12.0000 12.4783
12.0000 11.5062
12.0000 11.9691
12.0000 12.1940
12.0000 11.9673
12.0000 13.3653
12.0000 11.7793
12.0000 11.2870
12.0000 11.5550
12.0000 12.2715
12.0000 11.8123
12.0000 11.8135
12.0000 12.4176
12.0000 12.6645
12.0000 12.7429
12.0000 12.1499
12.0000 11.5067
12.0000 11.2781
12.0000 12.1641
12.0000 11.5508
12.0000 11.5674
12.0000 12.2190
12.0000 11.5416
12.0000 11.9857
12.0000 11.8032
12.0000 12.0453
12.0000 11.8690
12.0000 11.3682
12.0000 12.0686
12.0000 12.6708
12.0000 10.8451
12.0000 12.4048
12.0000 12.5468
12.0000 11.9290
12.0000 10.6748
12.0000 11.4293
12.0000 12.4198
12.0000 12.5083
12.0000 11.6899
12.0000 12.6782
12.0000 13.0070
12.0000 11.3990
12.0000 12.6462
12.0000 11.5429
12.0000 11.6610
12.0000 11.5510
12.0000 12.8902
12.0000 11.9791
12.0000 11.7829
12.0000 12.5803
12.0000 12.1837
12.0000 11.6278
12.0000 12.3659
12.0000 12.2128
12.0000 11.8758
12.0000 12.3704
12.0000 11.8784
12.0000 12.3000
12.0000 12.2494
12.0000 12.6767
12.0000 11.3685
12.0000 12.6181
12.0000 11.8059
12.0000 12.3161
12.0000 12.8423
12.0000 12.1737
12.0000 12.2441
12.0000 11.6401
12.0000 11.7737
12.0000 12.3451
12.0000 12.8759
12.0000 12.4814
12.0000 12.5507
12.0000 11.6113
12.0000 11.9513
12.0000 13.2920
12.0000 11.7572
12.0000 11.5023
12.0000 11.8773
12.0000 11.0147
12.0000 11.8144
12.0000 12.7659
12.0000 12.1448
12.0000 12.0821
12.0000 11.1185
12.0000 11.5703
12.0000 12.5408
12.0000 11.9965
12.0000 12.5189
12.0000 12.7564
12.0000 11.6159
12.0000 12.0773
12.0000 12.0103
12.0000 12.6566
12.0000 12.4014
12.0000 12.4979
12.0000 11.6555
12.0000 11.6573
12.0000 12.1998
12.0000 10.7890
12.0000 11.2774
12.0000 12.3712
12.0000 11.9332
12.0000 11.5815
12.0000 11.5656
12.0000 12.9423
12.0000 12.0322
12.0000 12.6246
12.0000 11.5928
12.0000 11.9643
12.0000 12.5244
12.0000 12.0632
12.0000 11.7200
12.0000 12.5536
12.0000 11.9343
12.0000 11.6544
12.0000 12.3822
12.0000 11.5494
12.0000 12.2083
12.0000 11.3971
12.0000 12.5876
12.0000 12.6585
12.0000 11.8489
12.0000 12.2111
12.0000 12.3293
12.0000 11.3797
12.0000 12.1115
12.0000 11.7719
12.0000 12.6429
12.0000 12.1980
12.0000 11.2470
12.0000 11.6659
12.0000 12.6290
12.0000 12.2997
12.0000 12.4354
12.0000 11.6529
12.0000 12.7157
12.0000 12.5619
12.0000 11.4690
12.0000 11.9816
12.0000 10.8704
12.0000 12.7258
12.0000 12.2937
12.0000 11.9713
12.0000 12.2088
12.0000 12.1580
12.0000 12.8619
12.0000 11.5127
12.0000 12.7285
12.0000 12.6344
12.0000 12.1602
12.0000 11.6643
12.0000 11.3291
12.0000 12.0882
12.0000 11.8150
12.0000 12.2104
12.0000 11.7199
12.0000 12.2843
12.0000 11.1283
12.0000 12.5978
12.0000 12.1618
12.0000 11.7875
12.0000 11.4920
12.0000 11.9122
12.0000 11.8842
12.0000 11.9544
12.0000 11.8274
12.0000 12.4493
12.0000 11.9400
12.0000 12.0631
12.0000 12.6219
12.0000 12.4120
12.0000 12.4114
12.0000 12.4148
12.0000 12.2672
12.0000 11.5006
12.0000 11.6430
12.0000 11.7099
12.0000 11.8463
12.0000 11.7865
12.0000 10.9185
12.0000 12.0556
12.0000 10.7942
12.0000 11.8552
12.0000 12.1433
12.0000 12.0152
12.0000 11.6054
12.0000 12.4135
12.0000 12.7554
12.0000 11.4098
12.0000 12.1019
12.0000 11.5706
12.0000 12.3313
12.0000 12.0551
12.0000 11.3600
12.0000 11.8584
12.0000 12.3656
12.0000 12.0111
12.0000 12.0283
12.0000 11.9790
12.0000 12.5422
12.0000 12.3353
12.0000 11.3566
12.0000 12.0084
12.0000 12.3098
12.0000 11.6802
12.0000 12.1735
12.0000 11.2985
12.0000 12.0005
12.0000 11.5659
12.0000 11.6194
12.0000 12.3137
12.0000 10.8120
12.0000 11.6800
12.0000 12.1549
12.0000 12.2589
12.0000 11.4703
12.0000 12.3325
12.0000 12.2062
12.0000 11.5194
12.0000 12.0455
12.0000 11.8036
12.0000 12.4092
12.0000 11.6462
12.0000 12.0801
12.0000 11.9961
12.0000 11.7587
12.0000 11.8935
12.0000 11.9721
12.0000 12.6628
12.0000 11.8780
12.0000 11.7134
12.0000 11.9737
12.0000 12.7194
12.0000 12.3530
12.0000 11.5715
12.0000 12.3444
12.0000 12.4583
12.0000 10.2396
12.0000 11.6838
12.0000 12.1447
12.0000 12.6095
12.0000 12.2977
12.0000 12.5525
12.0000 12.2941
12.0000 11.0662
12.0000 13.0911
12.0000 11.8496
12.0000 11.9396
12.0000 12.3480
12.0000 11.6222
12.0000 11.6381
12.0000 11.3403
12.0000 11.6058
12.0000 11.9807
12.0000 12.2998
12.0000 12.1906
12.0000 12.0053
12.0000 11.7637
12.0000 13.0234
12.0000 10.7217
12.0000 12.9637
12.0000 11.3729
12.0000 11.6556
12.0000 12.3641
12.0000 11.0125
12.0000 12.1757
12.0000 12.1352
12.0000 12.8620
12.0000 11.5580
12.0000 12.7091
12.0000 11.8043
12.0000 12.7503
12.0000 10.8984
12.0000 12.0133
12.0000 11.3293
12.0000 12.0690
12.0000 12.1591
12.0000 11.6919
12.0000 11.9702
12.0000 11.7856
12.0000 11.9930
12.0000 11.5872
12.0000 12.7554
12.0000 11.6557
12.0000 12.6174
12.0000 12.7736
12.0000 11.7518
12.0000 11.5324
12.0000 11.2903
12.0000 12.4355
12.0000 10.8645
12.0000 12.2849
12.0000 12.0626
12.0000 11.8028
12.0000 11.8355
12.0000 12.7964
12.0000 12.4607
12.0000 11.0924
12.0000 13.3643
12.0000 11.5383
12.0000 12.5150
12.0000 12.4277
12.0000 11.5492
12.0000 11.4051
12.0000 12.0490
12.0000 12.3157
12.0000 11.6467
12.0000 12.6710
12.0000 12.0048
12.0000 12.9724
12.0000 12.8035
12.0000 11.5397
12.0000 12.8775
12.0000 12.8699
12.0000 11.6476
12.0000 11.9704
12.0000 12.6469
12.0000 12.3970
12.0000 12.0593
12.0000 11.9579
12.0000 11.6736
12.0000 11.2584
12.0000 11.4988
12.0000 11.9372
12.0000 11.7507
12.0000 11.2889
12.0000 11.8352
12.0000 12.7676
12.0000 12.5910
12.0000 11.6723
12.0000 12.8676
12.0000 12.7218
12.0000 12.5436
12.0000 11.6751
12.0000 11.9314
12.0000 12.8992
12.0000 11.4601
12.0000 12.7167
12.0000 11.0940
12.0000 11.7555
12.0000 12.6489
12.0000 11.2874
12.0000 11.7776
12.0000 12.1524
12.0000 12.0054
12.0000 12.2882
12.0000 12.3780
12.0000 12.3093
12.0000 12.5680
12.0000 11.6532
12.0000 11.7694
12.0000 12.1441
12.0000 11.8213
12.0000 11.5040
12.0000 11.8390
12.0000 12.3674
12.0000 11.7801
12.0000 11.5122
12.0000 11.3956
12.0000 11.9814
12.0000 12.4065
12.0000 11.9270
12.0000 11.9942
12.0000 13.3849
12.0000 12.3905
12.0000 11.9831
12.0000 11.9430
12.0000 12.0596
12.0000 12.2579
12.0000 11.8650
12.0000 12.3128
12.0000 12.0274
12.0000 12.0913
12.0000 12.1031
12.0000 12.4309
12.0000 12.1143
12.0000 11.5944
12.0000 11.6023
12.0000 12.2558
12.0000 12.8068
12.0000 11.7006
12.0000 12.4641
12.0000 11.5659
12.0000 12.0595
12.0000 12.9498
12.0000 12.8486
12.0000 12.8171
12.0000 11.7004
12.0000 11.5587
12.0000 11.8165
12.0000 11.5044
12.0000 12.0210
12.0000 12.3795
12.0000 11.2395
12.0000 12.9168
12.0000 11.8580
12.0000 11.4698
12.0000 11.6740
12.0000 10.8324
12.0000 12.2170
12.0000 12.4100
12.0000 12.9915
12.0000 11.6208
12.0000 12.7509
12.0000 11.2575
12.0000 11.8106
12.0000 11.9331
12.0000 10.8764
12.0000 12.1363
12.0000 11.6178
12.0000 12.2858
12.0000 12.5287
12.0000 11.4732
12.0000 12.5697
12.0000 12.0963
12.0000 11.6614
12.0000 12.2181
12.0000 11.9198
12.0000 12.3815
12.0000 11.4787
12.0000 11.6104
12.0000 12.1626
12.0000 12.6928
12.0000 12.2027
12.0000 11.5224
12.0000 12.0788
12.0000 10.8667
12.0000 12.3736
12.0000 12.4654
12.0000 12.0288
12.0000 12.5964
12.0000 12.3405
12.0000 11.6089
12.0000 11.2402
12.0000 12.3862
12.0000 11.9546
12.0000 12.4815
12.0000 11.6879
12.0000 11.9940
12.0000 12.5352
12.0000 11.7076
12.0000 12.2761
12.0000 12.1580
12.0000 12.5423
12.0000 12.0973
12.0000 11.2148
12.0000 12.1830
12.0000 11.8909
12.0000 11.7662
12.0000 11.8297
12.0000 12.6257
12.0000 11.4659
12.0000 10.4816
12.0000 11.5030
12.0000 12.6799
12.0000 11.4283
12.0000 12.0874
12.0000 11.9925
12.0000 11.6400
12.0000 11.5180
12.0000 13.1254
12.0000 11.7623
12.0000 11.4415
12.0000 11.9635
12.0000 11.8456
12.0000 12.3339
12.0000 11.1256
12.0000 12.7204
12.0000 12.9922
12.0000 11.4788
12.0000 13.1813
12.0000 12.0716
12.0000 12.0719
12.0000 11.6534
12.0000 12.1205
12.0000 11.4224
12.0000 12.2869
12.0000 12.3140
12.0000 12.4314
12.0000 12.3656
12.0000 11.6246
12.0000 12.8006
12.0000 11.6285
12.0000 11.7644
12.0000 11.8188
12.0000 11.8601
12.0000 11.2628
12.0000 11.6903
12.0000 12.3048
12.0000 12.4281
12.0000 12.1164
12.0000 12.0744
12.0000 12.9125
12.0000 12.0167
12.0000 11.8283
12.0000 12.2992
12.0000 11.6273
12.0000 11.7829
12.0000 11.5312
12.0000 12.4628
12.0000 11.8164
12.0000 12.2429
12.0000 12.5468
12.0000 12.3508
12.0000 11.8714
12.0000 11.5367
12.0000 12.2718
12.0000 12.3330
12.0000 12.3526
12.0000 11.9546
12.0000 11.4504
12.0000 11.2611
12.0000 12.4055
12.0000 12.3861
12.0000 12.0790
12.0000 11.6414
12.0000 12.4835
12.0000 11.5142
12.0000 11.8443
12.0000 11.6757
12.0000 12.2629
12.0000 10.8948
12.0000 11.1899
12.0000 12.8578
12.0000 11.9422
12.0000 12.4790
12.0000 12.6173
12.0000 12.7395
12.0000 10.9435
12.0000 11.7631
12.0000 11.4827
12.0000 12.4725
12.0000 11.9793
12.0000 11.9421
12.0000 12.5423
12.0000 11.6142
12.0000 11.7275
12.0000 12.3129
12.0000 11.3255
12.0000 12.0672
12.0000 11.6030
12.0000 12.0262
12.0000 12.0187
12.0000 11.6764
12.0000 12.0839
12.0000 12.1491
12.0000 11.5603
12.0000 12.5811
12.0000 11.3746
12.0000 12.3674
12.0000 12.5982
12.0000 10.5834
12.0000 11.7061
12.0000 12.4362
12.0000 11.3411
12.0000 12.5919
12.0000 11.8519
12.0000 11.4635
12.0000 11.9223
12.0000 11.5325
12.0000 12.6281
12.0000 12.2749
12.0000 12.5631
12.0000 12.3398
12.0000 11.4695
12.0000 11.8779
12.0000 12.4571
12.0000 11.3137
12.0000 12.1140
12.0000 11.0043
12.0000 12.2484
12.0000 12.9631
12.0000 11.6753
12.0000 11.4698
12.0000 12.4079
12.0000 11.7213
12.0000 11.5101
12.0000 11.9159
12.0000 11.8712
12.0000 12.5655
12.0000 11.6202
12.0000 11.5429
12.0000 13.2900
12.0000 12.4811
12.0000 12.1563
12.0000 11.4071
12.0000 12.8975
12.0000 12.1290
12.0000 12.8571
12.0000 11.2901
12.0000 12.4898
12.0000 11.4190
12.0000 12.0633
12.0000 11.9903
12.0000 11.7320
12.0000 11.2222
12.0000 12.3906
12.0000 12.0773
12.0000 11.4035
12.0000 11.3886
12.0000 11.9500
12.0000 11.9489
12.0000 13.1515
12.0000 12.6809
12.0000 11.6645
12.0000 11.7534
12.0000 11.4445
12.0000 10.7169
12.0000 11.3005
12.0000 12.5619
12.0000 12.8757
12.0000 12.3231
12.0000 12.0775
12.0000 12.4781
12.0000 11.0151
12.0000 12.8498
12.0000 11.5453
12.0000 11.3850
12.0000 11.6342
12.0000 12.9551
12.0000 11.9319
12.0000 12.5492
12.0000 11.1411
12.0000 12.6962
12.0000 11.0593
12.0000 10.4975
12.0000 12.1772
12.0000 11.7045
12.0000 12.0155
12.0000 12.4660
12.0000 12.5267
12.0000 12.8877
12.0000 11.3944
12.0000 12.6307
12.0000 12.3748
12.0000 11.9485
12.0000 11.9714
12.0000 10.4990
12.0000 13.1528
12.0000 12.3047
12.0000 11.0862
12.0000 12.8321
12.0000 12.9660
12.0000 11.7883
12.0000 11.8578
12.0000 12.9146
12.0000 11.4171
12.0000 12.6063
12.0000 11.5291
12.0000 12.6516
12.0000 11.7871
12.0000 12.6649
12.0000 12.0640
12.0000 12.7618
12.0000 11.9949
12.0000 12.8865
12.0000 11.8865
12.0000 11.9057
12.0000 12.1904
12.0000 12.3281
12.0000 12.7594
12.0000 11.7404
12.0000 11.9678
12.0000 11.3718
12.0000 10.7954
12.0000 12.4150
12.0000 12.1708
12.0000 12.0686
12.0000 11.1628
12.0000 11.7112
12.0000 11.7004
12.0000 12.0780
12.0000 12.0634
12.0000 11.7889
12.0000 11.0238
12.0000 11.9856
12.0000 11.4304
12.0000 11.9565
12.0000 11.9877
12.0000 13.0865
12.0000 12.0553
12.0000 11.2034
12.0000 12.7087
12.0000 12.5190
12.0000 12.1470
12.0000 12.3074
12.0000 11.9449
12.0000 11.0337
12.0000 12.2541
12.0000 11.9691
12.0000 12.8028
12.0000 11.5966
12.0000 12.5275
12.0000 11.3945
12.0000 11.6515
12.0000 12.7568
12.0000 11.2527
12.0000 13.1023
12.0000 11.2149
12.0000 12.6245
12.0000 12.4454
12.0000 12.4680
12.0000 12.2038
12.0000 11.3394
12.0000 13.0575
12.0000 12.2815
12.0000 11.2463
12.0000 12.2142
12.0000 12.7893
12.0000 13.1770
12.0000 11.1073
12.0000 12.0025
12.0000 11.4817
12.0000 12.5674
12.0000 11.9956
12.0000 12.3356
12.0000 12.0203
12.0000 11.4912
12.0000 11.9336
12.0000 12.1805
12.0000 11.2532
12.0000 11.7618
12.0000 11.5961
12.0000 11.7639
12.0000 11.9109
12.0000 11.8298
12.0000 12.2489
12.0000 13.2292
12.0000 12.8023
12.0000 12.6349
12.0000 12.6939
12.0000 11.0102
12.0000 11.5371
12.0000 11.0855
12.0000 12.5842
12.0000 11.8360
12.0000 12.4339
12.0000 12.5328
12.0000 12.2270
12.0000 11.6683
12.0000 12.0050
12.0000 11.8923
12.0000 11.2634
12.0000 12.0678
12.0000 12.2155
12.0000 11.1717
12.0000 11.6585
12.0000 12.0440
12.0000 11.6743
12.0000 12.1418
12.0000 12.5745
12.0000 12.5597
12.0000 11.6445
12.0000 12.3239
12.0000 12.2141
12.0000 12.7554
12.0000 12.1792
12.0000 11.9097
12.0000 12.4662
12.0000 11.4552
12.0000 12.5497
12.0000 12.7895
12.0000 12.1453
12.0000 11.7726
12.0000 12.8406
12.0000 12.0845
12.0000 12.0083
12.0000 12.1387
12.0000 12.1450
12.0000 12.2296
12.0000 10.7134
12.0000 12.0682
12.0000 11.9745
12.0000 12.4999
12.0000 12.0250
12.0000 12.0824
12.0000 13.2128
12.0000 12.5101
12.0000 11.6436
12.0000 11.7434
12.0000 12.2855
12.0000 12.0508
12.0000 13.2531
12.0000 12.5053
12.0000 12.2366
12.0000 11.9387
12.0000 12.3401
12.0000 11.4580
12.0000 11.3804
12.0000 11.9299
12.0000 11.9746
12.0000 12.3077
12.0000 11.5378
12.0000 12.1814
12.0000 12.5896
12.0000 12.1782
12.0000 11.7610
12.0000 12.2791
12.0000 11.5165
12.0000 11.8815
12.0000 11.5665
12.0000 12.4940
12.0000 11.7758
12.0000 11.7775
12.0000 11.7247
12.0000 10.6984
12.0000 11.5637
12.0000 12.4611
12.0000 10.7902
12.0000 12.2737
12.0000 12.1670
12.0000 11.6175
12.0000 12.6502
12.0000 11.2462
12.0000 12.9265
12.0000 11.3794
12.0000 11.8324
12.0000 10.5793
12.0000 12.1678
12.0000 11.7109
12.0000 11.7487
12.0000 11.7593
12.0000 11.6187
12.0000 11.7278
12.0000 12.7024
12.0000 11.3211
12.0000 12.6443
12.0000 11.3125
12.0000 12.5043
12.0000 11.9468
12.0000 12.2940
12.0000 10.8815
12.0000 12.1057
12.0000 11.9040
12.0000 12.8303
12.0000 11.6165
12.0000 11.8295
12.0000 12.0596
12.0000 12.5218
12.0000 12.1137
12.0000 12.9248
12.0000 12.0549
12.0000 11.9205
12.0000 11.3179
12.0000 12.3352
12.0000 11.4925
12.0000 11.5597
12.0000 12.3384
12.0000 11.3770
12.0000 10.8637
12.0000 11.9720
12.0000 13.0360
12.0000 11.0914
12.0000 12.3839
12.0000 11.0213
12.0000 11.8853
12.0000 11.6427
12.0000 12.1880
12.0000 12.1060
12.0000 13.1533
12.0000 11.8741
12.0000 11.4448
12.0000 11.1235
12.0000 12.2896
12.0000 12.2410
12.0000 12.8074
12.0000 12.3037
12.0000 12.0660
12.0000 12.1740
12.0000 11.9084
12.0000 11.7415
12.0000 12.2618
12.0000 11.7013
12.0000 11.8465
12.0000 11.4766
12.0000 12.0089
12.0000 11.5095
12.0000 12.3155
12.0000 12.3386
12.0000 12.2914
12.0000 12.6030
12.0000 11.8469
12.0000 11.9376
12.0000 11.6169
12.0000 11.6622
12.0000 11.6188
12.0000 10.6060
12.0000 12.1029
12.0000 12.0274
12.0000 11.1521
12.0000 12.1339
12.0000 12.1211
12.0000 12.3426
12.0000 11.9188
12.0000 11.9104
12.0000 12.8222
12.0000 12.3393
12.0000 12.1080
12.0000 13.0371
12.0000 12.5881
12.0000 12.6308
12.0000 12.2460
12.0000 11.1680
12.0000 12.5858
12.0000 13.0364
12.0000 12.0553
12.0000 12.0109
12.0000 11.4379
12.0000 12.0951
12.0000 11.6301
12.0000 12.4262
12.0000 11.5188
12.0000 12.5455
12.0000 11.4746
12.0000 11.9228
12.0000 12.3617
12.0000 11.7320
12.0000 12.2218
12.0000 11.9701
12.0000 12.1927
12.0000 11.7519
12.0000 12.5324
