15.0000 14.4558
15.0000 13.8038
15.0000 14.6621
15.0000 15.0467
15.0000 14.3605
15.0000 15.0068
15.0000 15.3954
15.0000 14.8386
15.0000 14.4979
15.0000 14.9168
15.0000 14.4149
15.0000 14.6087
15.0000 14.9745
15.0000 14.5267
15.0000 14.1870
15.0000 14.7680
15.0000 14.0538
15.0000 14.7745
15.0000 15.1141
15.0000 14.8481
15.0000 13.7321
15.0000 14.2365
15.0000 15.5342
15.0000 14.7779
15.0000 14.8386
15.0000 14.9552
15.0000 15.0592
15.0000 14.8218
15.0000 15.5425
15.0000 14.6350
15.0000 15.0591
15.0000 14.2763
15.0000 14.2001
15.0000 14.4747
15.0000 14.8015
15.0000 15.1952
15.0000 14.8356
15.0000 14.9874
15.0000 14.1786
15.0000 14.0676
15.0000 13.9522
15.0000 13.5592
15.0000 14.5853
15.0000 15.0074
15.0000 15.1841
15.0000 15.1034
15.0000 14.8079
15.0000 14.7160
15.0000 14.7248
15.0000 14.7890
15.0000 14.7658
15.0000 14.0360
15.0000 13.7517
15.0000 14.2404
15.0000 14.6244
15.0000 14.4658
15.0000 14.3138
15.0000 14.4147
15.0000 14.9326
15.0000 14.7126
15.0000 14.2403
15.0000 15.2269
15.0000 14.7099
15.0000 15.3841
15.0000 14.2169
15.0000 14.0060
15.0000 14.1236
15.0000 13.7931
15.0000 14.7246
15.0000 14.6225
15.0000 15.3037
15.0000 14.5591
15.0000 15.3651
15.0000 13.6351
15.0000 14.3710
15.0000 13.9769
15.0000 14.9119
15.0000 13.5474
15.0000 14.7859
15.0000 14.3667
15.0000 14.5932
15.0000 14.6949
15.0000 13.6678
15.0000 15.1949
15.0000 14.5007
15.0000 14.9350
15.0000 15.1433
15.0000 13.8414
15.0000 15.0156
15.0000 14.9979
15.0000 14.7331
15.0000 14.9902
15.0000 14.0217
15.0000 13.7664
15.0000 14.4122
15.0000 14.8546
15.0000 15.1291
15.0000 13.4969
15.0000 14.7111
15.0000 14.4703
15.0000 14.4700
15.0000 15.0827
15.0000 14.4776
15.0000 14.6500
15.0000 14.7047
15.0000 15.2899
15.0000 14.0463
15.0000 14.3942
15.0000 15.7072
15.0000 14.9747
15.0000 15.0945
15.0000 14.6012
15.0000 14.5553
15.0000 14.8457
15.0000 13.8109
15.0000 15.3037
15.0000 13.9415
15.0000 15.0584
15.0000 13.6449
15.0000 14.1528
15.0000 14.9167
15.0000 15.2971
15.0000 14.0583
15.0000 14.1722
15.0000 13.6326
15.0000 13.2173
15.0000 14.3965
15.0000 13.6592
15.0000 13.8519
15.0000 14.9256
15.0000 14.3311
15.0000 14.3163
15.0000 14.2458
15.0000 13.7747
15.0000 15.6217
15.0000 14.9148
15.0000 14.2826
15.0000 13.9228
15.0000 13.9403
15.0000 15.2742
15.0000 15.2166
15.0000 14.2709
15.0000 14.2334
15.0000 14.1365
15.0000 14.1830
15.0000 14.5545
15.0000 14.5723
15.0000 13.8567
15.0000 14.6451
15.0000 14.1191
15.0000 14.7028
15.0000 14.5212
15.0000 14.2870
15.0000 13.1734
15.0000 15.1913
15.0000 14.5512
15.0000 14.5798
15.0000 15.0812
15.0000 14.4780
15.0000 14.2810
15.0000 14.0543
15.0000 15.0225
15.0000 14.7992
15.0000 15.6493
15.0000 14.3629
15.0000 14.2065
15.0000 15.1083
15.0000 14.9360
15.0000 14.5925
15.0000 14.4466
15.0000 14.3054
15.0000 14.7963
15.0000 14.0293
15.0000 14.8465
15.0000 14.3693
15.0000 14.5622
15.0000 14.2635
15.0000 14.1023
15.0000 13.7717
15.0000 15.1817
15.0000 13.9780
15.0000 14.0833
15.0000 14.0523
15.0000 14.6478
15.0000 14.7272
15.0000 14.4979
15.0000 14.3000
15.0000 14.7315
15.0000 13.7838
15.0000 13.7124
15.0000 15.2652
15.0000 14.5507
15.0000 14.4377
15.0000 15.1018
15.0000 14.7213
15.0000 14.8516
15.0000 14.0998
15.0000 14.2725
15.0000 14.6494
15.0000 14.1796
15.0000 14.6620
15.0000 15.1265
15.0000 13.8957
15.0000 16.1373
15.0000 14.6033
15.0000 14.6811
15.0000 14.2643
15.0000 13.9415
15.0000 15.0741
15.0000 15.0931
15.0000 13.7273
15.0000 14.6759
15.0000 14.2542
15.0000 14.6079
15.0000 14.4444
15.0000 13.7397
15.0000 14.4879
15.0000 14.7721
15.0000 14.3702
15.0000 14.9861
15.0000 14.4930
15.0000 14.3764
15.0000 15.4691
15.0000 15.3178
15.0000 14.4011
15.0000 14.9131
15.0000 14.4020
15.0000 14.3850
15.0000 15.5103
15.0000 14.6433
15.0000 14.6836
15.0000 14.2545
15.0000 15.0389
15.0000 15.2879
15.0000 14.0630
15.0000 14.5526
15.0000 15.2748
15.0000 14.6099
15.0000 15.0263
15.0000 15.2028
15.0000 14.0455
15.0000 12.8669
15.0000 14.2813
15.0000 14.7387
15.0000 14.5036
15.0000 14.9025
15.0000 14.4913
15.0000 15.1135
15.0000 14.2835
15.0000 14.3036
15.0000 13.9569
15.0000 13.6771
15.0000 16.7031
15.0000 14.0920
15.0000 15.2828
15.0000 14.6470
15.0000 14.4953
15.0000 13.4910
15.0000 14.0786
15.0000 13.3367
15.0000 13.3785
15.0000 14.6475
15.0000 13.8269
15.0000 14.8049
15.0000 14.8156
15.0000 14.3170
15.0000 13.9246
15.0000 14.6226
15.0000 14.2092
15.0000 15.2096
15.0000 14.4528
15.0000 14.4193
15.0000 13.8624
15.0000 14.3946
15.0000 14.7260
15.0000 14.1737
15.0000 14.1755
15.0000 15.2120
15.0000 14.0229
15.0000 14.7060
15.0000 14.8194
15.0000 15.2566
15.0000 15.1010
15.0000 14.6694
15.0000 14.3773
15.0000 13.7628
15.0000 14.7910
15.0000 15.4878
15.0000 15.8284
15.0000 15.8500
15.0000 15.7152
15.0000 13.9994
15.0000 14.8875
15.0000 15.1261
15.0000 14.8136
15.0000 14.0395
15.0000 14.7595
15.0000 14.4761
15.0000 14.4379
15.0000 14.1485
15.0000 15.1008
15.0000 14.4936
15.0000 14.2206
15.0000 14.9744
15.0000 15.2180
15.0000 14.6197
15.0000 14.5715
15.0000 15.0288
15.0000 13.2832
15.0000 15.7463
15.0000 14.5273
15.0000 14.5078
15.0000 13.7482
15.0000 15.4702
15.0000 15.8947
15.0000 14.0610
15.0000 15.0480
15.0000 15.1898
15.0000 14.0139
15.0000 15.1793
15.0000 14.8593
15.0000 14.3126
15.0000 14.3898
15.0000 15.0679
15.0000 14.8585
15.0000 15.4156
15.0000 14.1280
15.0000 14.7223
15.0000 14.3458
15.0000 15.0103
15.0000 14.2936
15.0000 14.4360
15.0000 14.8750
15.0000 14.7285
15.0000 14.5780
15.0000 14.9403
15.0000 14.0262
15.0000 15.7566
15.0000 14.7700
15.0000 14.9146
15.0000 14.5131
15.0000 13.2728
15.0000 14.3214
15.0000 14.2455
15.0000 14.5306
15.0000 13.8710
15.0000 14.7043
15.0000 15.3502
15.0000 14.7862
15.0000 14.4832
15.0000 13.8300
15.0000 14.7956
15.0000 15.1763
15.0000 15.1219
15.0000 13.8814
15.0000 14.5870
15.0000 14.5780
15.0000 13.7950
15.0000 14.9221
15.0000 14.6645
15.0000 15.5530
15.0000 13.8193
15.0000 14.1912
15.0000 14.8418
15.0000 14.3483
15.0000 14.9329
15.0000 14.6050
15.0000 14.4022
15.0000 14.7332
15.0000 14.7853
15.0000 14.3655
15.0000 14.9556
15.0000 14.7791
15.0000 14.7396
15.0000 14.4986
15.0000 14.6377
15.0000 15.2735
15.0000 14.2055
15.0000 14.7070
15.0000 14.9519
15.0000 14.8551
15.0000 14.6136
15.0000 13.9716
15.0000 13.8607
15.0000 14.8076
15.0000 13.5277
15.0000 15.0609
15.0000 13.8445
15.0000 14.9396
15.0000 15.2576
15.0000 15.0710
15.0000 14.5475
15.0000 15.1252
15.0000 15.1206
15.0000 14.4283
15.0000 14.0734
15.0000 15.0037
15.0000 14.9535
15.0000 14.8359
15.0000 13.3570
15.0000 14.5411
15.0000 15.2252
15.0000 14.8227
15.0000 15.3478
15.0000 15.0866
15.0000 13.7985
15.0000 15.0773
15.0000 14.1804
15.0000 13.9993
15.0000 15.1985
15.0000 13.5731
15.0000 14.2415
15.0000 14.6127
15.0000 14.3771
15.0000 14.9782
15.0000 14.4757
15.0000 14.4881
15.0000 14.0394
15.0000 15.1603
15.0000 14.1690
15.0000 14.1371
15.0000 14.6735
15.0000 14.4930
15.0000 13.5335
15.0000 14.6836
15.0000 14.6594
15.0000 13.9991
15.0000 14.6213
15.0000 13.8618
15.0000 14.0539
15.0000 14.8286
15.0000 14.8975
15.0000 14.4142
15.0000 14.1979
15.0000 14.7329
15.0000 14.4509
15.0000 14.5315
15.0000 14.6552
15.0000 13.4367
15.0000 14.5383
15.0000 14.6225
15.0000 15.4803
15.0000 14.4383
15.0000 15.4882
15.0000 14.8722
15.0000 15.2153
15.0000 14.6515
15.0000 14.1694
15.0000 14.1178
15.0000 14.6721
15.0000 14.3420
15.0000 14.0966
15.0000 14.7282
15.0000 14.4455
15.0000 14.3330
15.0000 14.4194
15.0000 15.1835
15.0000 13.5490
15.0000 15.1629
15.0000 14.0155
15.0000 13.7117
15.0000 14.8152
15.0000 14.0710
15.0000 14.7077
15.0000 15.5068
15.0000 14.2787
15.0000 15.4419
15.0000 14.9583
15.0000 14.8923
15.0000 14.9156
15.0000 15.3441
15.0000 15.0352
15.0000 14.9869
15.0000 14.6898
15.0000 14.8369
15.0000 14.8507
15.0000 14.4548
15.0000 14.6559
15.0000 13.2396
15.0000 14.4043
15.0000 14.0740
15.0000 14.6658
15.0000 14.0024
15.0000 14.4164
15.0000 14.5106
15.0000 14.8730
15.0000 14.3534
15.0000 14.5290
15.0000 14.0432
15.0000 15.4290
15.0000 14.1293
15.0000 14.5604
15.0000 14.4705
15.0000 14.3092
15.0000 13.8141
15.0000 14.7955
15.0000 13.7286
15.0000 14.9952
15.0000 14.4444
15.0000 13.4669
15.0000 14.6373
15.0000 13.8760
15.0000 15.3766
15.0000 14.3375
15.0000 14.6666
15.0000 14.6861
15.0000 13.9475
15.0000 15.5185
15.0000 14.4437
15.0000 14.7738
15.0000 14.3257
15.0000 14.9787
15.0000 14.6138
15.0000 14.3111
15.0000 15.1214
15.0000 14.4204
15.0000 14.0054
15.0000 14.5725
15.0000 15.0244
15.0000 14.7023
15.0000 14.4205
15.0000 14.1816
15.0000 13.6960
15.0000 14.0126
15.0000 14.7062
15.0000 14.8670
15.0000 14.4473
15.0000 14.4762
15.0000 14.4573
15.0000 14.8006
15.0000 14.9425
15.0000 14.9919
15.0000 15.4089
15.0000 14.4450
15.0000 14.8425
15.0000 14.7180
15.0000 14.4940
15.0000 14.1485
15.0000 14.5214
15.0000 14.6023
15.0000 14.9580
15.0000 14.8787
15.0000 14.6841
15.0000 14.3985
15.0000 15.1426
15.0000 15.1962
15.0000 14.8912
15.0000 14.4069
15.0000 14.5535
15.0000 14.0767
15.0000 14.4807
15.0000 14.9121
15.0000 14.7535
15.0000 14.3853
15.0000 14.4518
15.0000 14.3622
15.0000 14.9335
15.0000 13.6355
15.0000 14.8744
15.0000 15.0244
15.0000 13.5685
15.0000 14.2619
15.0000 14.2059
15.0000 14.0625
15.0000 14.3157
15.0000 14.3990
15.0000 14.4812
15.0000 14.1132
15.0000 14.9533
15.0000 14.2789
15.0000 14.5064
15.0000 14.8687
15.0000 14.3080
15.0000 14.3304
15.0000 14.4486
15.0000 14.7743
15.0000 13.9742
15.0000 14.2632
15.0000 15.7519
15.0000 14.0467
15.0000 14.8493
15.0000 14.3311
15.0000 14.7469
15.0000 14.9691
15.0000 15.1186
15.0000 14.2773
15.0000 14.0425
15.0000 15.3701
15.0000 14.1944
15.0000 15.4271
15.0000 14.1106
15.0000 14.0303
15.0000 14.8027
15.0000 14.6160
15.0000 14.4421
15.0000 15.0070
15.0000 14.0127
15.0000 15.1514
15.0000 14.1255
15.0000 14.5819
15.0000 14.4715
15.0000 14.6275
15.0000 14.0044
15.0000 15.0592
15.0000 14.3803
15.0000 14.8500
15.0000 14.7112
15.0000 13.9842
15.0000 13.3903
15.0000 14.0634
15.0000 14.3832
15.0000 15.7649
15.0000 13.8875
15.0000 14.2087
15.0000 14.8665
15.0000 14.7712
15.0000 14.2063
15.0000 13.7030
15.0000 14.0517
15.0000 14.5323
15.0000 14.7191
15.0000 14.2074
15.0000 13.8321
15.0000 14.3618
15.0000 14.6873
15.0000 14.8289
15.0000 15.0055
15.0000 14.6291
15.0000 14.4996
15.0000 14.7332
15.0000 14.7829
15.0000 14.4252
15.0000 14.2427
15.0000 14.8214
15.0000 14.3687
15.0000 14.6070
15.0000 15.4097
15.0000 14.1332
15.0000 15.4620
15.0000 15.3798
15.0000 14.2428
15.0000 14.5523
15.0000 14.7395
15.0000 14.2676
15.0000 15.0556
15.0000 14.6222
15.0000 14.4465
15.0000 14.4468
15.0000 14.9987
15.0000 14.8006
15.0000 15.1702
15.0000 15.0829
15.0000 14.5708
15.0000 15.2223
15.0000 15.3226
15.0000 13.9977
15.0000 14.8873
15.0000 13.7952
15.0000 14.3106
15.0000 15.2043
15.0000 15.0698
15.0000 14.3626
15.0000 14.2707
15.0000 14.6272
15.0000 14.5259
15.0000 13.9311
15.0000 14.8073
15.0000 14.8162
15.0000 14.3041
15.0000 14.5429
15.0000 14.5775
15.0000 14.1211
15.0000 14.4892
15.0000 14.2225
15.0000 14.7295
15.0000 14.3961
15.0000 14.3465
15.0000 14.1931
15.0000 14.0995
15.0000 14.4231
15.0000 13.9928
15.0000 14.3833
15.0000 13.9673
15.0000 14.7698
15.0000 13.9744
15.0000 15.2157
15.0000 15.7421
15.0000 14.3353
15.0000 14.5702
15.0000 15.7604
15.0000 14.1609
15.0000 13.6460
15.0000 14.1090
15.0000 14.5535
15.0000 13.8855
15.0000 14.2405
15.0000 15.5968
15.0000 13.4087
15.0000 14.4937
15.0000 14.1469
15.0000 14.0399
15.0000 14.8872
15.0000 14.5276
15.0000 15.1939
15.0000 14.0914
15.0000 14.4184
15.0000 14.4561
15.0000 15.1906
15.0000 15.5509
15.0000 15.4616
15.0000 14.2890
15.0000 14.3362
15.0000 14.8193
15.0000 14.6269
15.0000 15.6205
15.0000 14.2435
15.0000 14.7134
15.0000 14.8515
15.0000 14.6176
15.0000 15.5262
15.0000 14.4967
15.0000 14.1599
15.0000 14.7063
15.0000 15.0315
15.0000 14.7071
15.0000 14.3527
15.0000 13.8711
15.0000 14.0686
15.0000 14.9031
15.0000 14.4947
15.0000 15.2453
15.0000 14.6268
15.0000 14.3133
15.0000 14.8405
15.0000 14.9035
15.0000 13.7129
15.0000 14.5847
15.0000 14.5780
15.0000 14.9344
15.0000 14.1140
15.0000 14.4789
15.0000 14.4681
15.0000 14.6760
15.0000 14.3250
15.0000 14.3366
15.0000 14.1911
15.0000 14.3464
15.0000 14.4451
15.0000 14.8575
15.0000 14.6135
15.0000 14.4494
15.0000 14.1632
15.0000 14.3136
15.0000 14.7835
15.0000 13.1035
15.0000 14.0766
15.0000 14.9066
15.0000 15.3362
15.0000 14.8192
15.0000 14.8424
15.0000 15.4221
15.0000 15.1773
15.0000 14.7415
15.0000 14.7889
15.0000 15.0181
15.0000 14.0423
15.0000 14.2691
15.0000 14.2431
15.0000 13.3337
15.0000 15.0273
15.0000 15.4368
15.0000 14.5624
15.0000 15.0538
15.0000 14.4967
15.0000 14.6551
15.0000 14.1682
15.0000 14.8792
15.0000 14.8963
15.0000 14.5267
15.0000 14.9913
15.0000 13.9223
15.0000 15.3500
15.0000 14.9080
15.0000 15.1284
15.0000 14.4101
15.0000 14.6292
15.0000 14.4412
15.0000 14.4623
15.0000 14.7516
15.0000 14.0552
15.0000 14.9655
15.0000 14.7756
15.0000 13.8355
15.0000 14.7911
15.0000 14.9496
15.0000 14.7807
15.0000 14.6451
15.0000 13.8023
15.0000 14.1331
15.0000 15.1837
15.0000 14.4350
15.0000 14.1295
15.0000 14.8601
15.0000 14.2193
15.0000 14.7586
15.0000 14.0120
15.0000 14.6369
15.0000 14.4270
15.0000 15.5533
15.0000 13.9072
15.0000 14.1531
15.0000 14.7138
15.0000 14.0381
15.0000 14.2391
15.0000 14.9241
15.0000 14.9408
15.0000 14.1252
15.0000 14.7901
15.0000 14.6893
15.0000 14.8126
15.0000 14.3972
15.0000 14.9774
15.0000 15.0989
15.0000 14.7245
15.0000 14.4694
15.0000 14.5477
15.0000 15.4082
15.0000 15.4064
15.0000 15.0122
15.0000 14.8790
15.0000 14.0491
15.0000 14.9597
15.0000 14.5521
15.0000 14.3608
15.0000 15.9674
15.0000 14.7809
15.0000 15.2285
15.0000 13.4047
15.0000 14.3156
15.0000 13.8842
15.0000 14.8528
15.0000 14.3533
15.0000 13.9742
15.0000 15.3326
15.0000 14.9171
15.0000 13.0017
15.0000 15.4526
15.0000 15.0654
15.0000 14.8987
15.0000 13.9280
15.0000 14.6895
15.0000 15.5914
15.0000 14.6094
15.0000 14.4271
15.0000 15.3074
15.0000 14.5081
15.0000 15.1163
15.0000 14.9666
15.0000 14.9822
15.0000 14.2781
15.0000 15.0052
15.0000 14.7011
15.0000 15.1596
15.0000 15.2150
15.0000 14.2191
15.0000 14.9381
15.0000 14.9699
15.0000 15.0125
15.0000 14.7636
15.0000 15.2249
15.0000 14.4343
15.0000 14.3633
15.0000 15.2055
15.0000 14.0357
15.0000 14.1001
15.0000 14.0269
15.0000 14.8480
15.0000 14.6592
15.0000 14.8860
15.0000 14.8059
15.0000 14.7170
15.0000 14.2424
15.0000 14.4917
15.0000 13.6880
15.0000 14.8881
15.0000 14.9651
15.0000 14.5404
15.0000 15.7190
15.0000 14.9240
15.0000 14.1415
15.0000 15.1005
15.0000 14.6410
15.0000 14.6654
15.0000 14.2349
15.0000 14.8747
15.0000 14.8134
15.0000 14.5775
15.0000 15.2901
15.0000 14.6779
15.0000 14.3691
15.0000 14.4580
15.0000 14.5117
15.0000 15.0422
15.0000 15.2408
15.0000 14.7895
15.0000 14.9393
15.0000 13.8971
15.0000 14.5237
15.0000 14.6830
15.0000 15.3621
15.0000 14.6006
15.0000 15.0276
15.0000 14.5103
15.0000 15.3586
15.0000 16.2605
15.0000 14.7261
15.0000 14.8164
15.0000 14.0643
15.0000 14.1093
15.0000 15.1654
15.0000 14.4050
15.0000 14.7651
15.0000 14.0812
15.0000 14.6122
15.0000 14.1372
15.0000 15.5872
15.0000 14.2184
15.0000 13.4201
15.0000 14.2014
15.0000 14.1828
15.0000 14.6703
15.0000 14.6955
15.0000 14.0873
15.0000 13.8039
15.0000 14.3630
15.0000 14.9292
15.0000 14.6810
15.0000 14.5245
15.0000 14.4513
15.0000 14.4786
15.0000 14.1430
15.0000 14.4942
15.0000 14.0052
15.0000 15.1980
15.0000 13.5391
15.0000 14.2443
15.0000 13.6838
15.0000 13.8423
15.0000 14.2304
15.0000 14.0409
15.0000 14.6133
15.0000 14.7485
15.0000 14.0286
15.0000 14.0360
15.0000 14.2698
15.0000 13.9803
15.0000 14.6599
15.0000 14.0339
15.0000 14.5647
15.0000 13.6126
15.0000 14.8555
15.0000 14.2732
15.0000 13.7784
15.0000 15.3028
15.0000 13.8215
15.0000 14.7198
15.0000 14.2123
15.0000 14.0786
15.0000 14.6243
15.0000 15.1395
15.0000 14.3468
15.0000 14.5612
15.0000 14.1272
15.0000 14.8927
15.0000 14.3883
15.0000 14.3354
15.0000 14.5034
15.0000 13.7908
15.0000 15.7025
15.0000 14.9729
15.0000 14.3524
15.0000 14.4371
15.0000 13.7207
15.0000 13.8842
15.0000 15.1692
15.0000 15.0384
15.0000 15.4554
15.0000 13.9470
15.0000 14.7233
15.0000 15.2395
15.0000 14.8915
15.0000 14.5109
15.0000 14.2785
15.0000 14.7372
15.0000 14.9359
15.0000 14.1849
15.0000 14.3898
15.0000 13.7126
15.0000 14.2978
15.0000 14.7561
15.0000 15.4754
15.0000 14.6472
15.0000 14.5769
15.0000 14.8312
15.0000 14.2947
15.0000 14.6068
15.0000 15.4488
15.0000 14.6474
15.0000 14.5245
15.0000 14.8601
15.0000 14.4018
15.0000 15.1806
15.0000 13.9548
15.0000 15.1697
15.0000 13.8468
15.0000 16.2737
15.0000 14.7416
15.0000 14.9864
15.0000 14.9611
15.0000 14.3612
15.0000 14.7391
15.0000 14.4289
15.0000 14.9013
15.0000 14.7234
15.0000 14.0103
15.0000 14.2553
15.0000 14.6748
15.0000 14.5508
15.0000 15.1411
15.0000 14.2892
15.0000 15.4754
15.0000 14.4522
15.0000 14.6667
15.0000 13.9277
15.0000 14.3257
15.0000 16.3970
15.0000 14.7360
15.0000 14.5030
15.0000 15.5186
15.0000 15.0418
15.0000 13.2287
15.0000 13.6915
15.0000 14.4941
15.0000 14.7830
15.0000 14.2691
15.0000 14.5443
15.0000 14.2545
15.0000 14.0615
15.0000 13.5630
15.0000 14.0486
15.0000 13.9769
15.0000 14.4093
15.0000 15.1501
15.0000 14.0729
15.0000 14.0450
15.0000 14.6884
15.0000 14.7223
15.0000 14.8721
15.0000 14.6541
15.0000 14.4183
15.0000 14.9146
15.0000 14.1498
15.0000 15.4627
15.0000 14.4400
15.0000 13.9959
15.0000 15.0990
15.0000 14.8937
15.0000 15.2946
15.0000 14.6385
15.0000 14.8172
15.0000 14.6984
15.0000 14.9755
15.0000 15.4180
15.0000 13.9401
15.0000 13.4127
15.0000 14.8040
15.0000 14.8643
15.0000 14.4265
15.0000 15.0131
15.0000 14.0874
15.0000 13.9767
15.0000 13.4054
15.0000 15.0646
15.0000 14.4799
15.0000 15.2965
15.0000 14.7621
15.0000 14.4824
15.0000 14.9270
15.0000 14.5130
15.0000 14.4913
15.0000 14.1800
15.0000 13.5688
15.0000 13.7226
15.0000 13.5350
15.0000 14.8469
15.0000 14.3260
15.0000 14.3948
15.0000 14.2880
15.0000 14.6994
15.0000 13.8907
15.0000 15.4385
15.0000 15.5009
15.0000 13.8649
15.0000 13.5795
15.0000 14.7591
15.0000 14.8732
15.0000 14.0363
15.0000 14.1299
15.0000 15.2902
15.0000 14.3613
15.0000 13.7372
15.0000 14.4653
15.0000 14.7662
15.0000 14.8458
15.0000 15.0279
15.0000 14.0041
15.0000 14.5396
15.0000 15.1279
15.0000 14.1634
15.0000 14.3757
15.0000 14.7205
15.0000 14.2711
15.0000 14.0360
15.0000 14.0866
15.0000 14.1228
15.0000 14.5474
15.0000 14.5944
15.0000 13.8911
15.0000 15.1528
15.0000 15.1682
15.0000 13.3788
15.0000 14.2990
15.0000 14.6245
15.0000 14.6051
15.0000 14.1666
15.0000 14.3735
15.0000 15.5571
15.0000 13.9434
15.0000 13.9616
15.0000 14.7940
15.0000 14.6138
15.0000 14.5577
15.0000 15.1628
15.0000 13.7059
15.0000 14.2967
15.0000 15.1736
15.0000 13.9605
15.0000 14.8259
15.0000 13.8719
15.0000 14.6820
15.0000 14.4914
15.0000 14.7170
15.0000 14.2044
15.0000 14.7814
15.0000 14.5677
15.0000 13.7757
15.0000 14.3405
15.0000 14.0002
15.0000 14.3050
15.0000 14.3610
15.0000 14.4273
15.0000 14.5141
15.0000 15.3545
15.0000 14.3849
15.0000 14.1422
15.0000 14.9874
15.0000 14.9416
15.0000 14.3618
15.0000 15.5450
15.0000 14.1909
15.0000 15.0848
15.0000 14.2399
15.0000 15.5498
15.0000 14.9383
15.0000 15.4692
15.0000 14.3168
15.0000 15.8415
15.0000 13.8628
15.0000 14.2338
15.0000 14.5086
15.0000 14.4786
15.0000 14.0584
15.0000 15.6208
15.0000 14.0396
15.0000 14.2391
15.0000 15.0826
15.0000 14.4483
15.0000 14.2929
15.0000 15.6469
15.0000 14.9431
15.0000 14.0488
15.0000 15.0269
15.0000 13.6852
15.0000 14.1333
15.0000 13.9597
15.0000 14.8897
15.0000 14.4307
15.0000 14.1527
15.0000 15.1006
15.0000 15.0946
15.0000 15.6906
15.0000 14.8377
15.0000 14.1094
15.0000 15.4839
15.0000 14.9352
15.0000 14.0565
15.0000 14.7930
15.0000 14.5708
15.0000 14.3082
15.0000 14.4297
15.0000 14.9308
15.0000 14.5457
15.0000 15.0945
15.0000 14.5869
15.0000 14.5940
15.0000 14.9680
15.0000 13.4283
15.0000 14.1830
15.0000 14.8453
15.0000 14.5063
15.0000 14.5827
15.0000 14.7528
15.0000 13.8687
15.0000 14.3718
15.0000 14.7873
15.0000 15.1334
15.0000 14.2725
15.0000 14.5038
15.0000 14.9704
15.0000 15.3563
15.0000 14.3966
15.0000 13.9349
15.0000 14.0426
15.0000 14.4283
15.0000 15.5080
15.0000 14.7996
15.0000 14.9849
15.0000 15.0654
15.0000 14.7228
15.0000 14.5203
15.0000 14.5651
15.0000 14.1212
15.0000 14.5399
15.0000 15.0628
15.0000 15.3328
15.0000 15.1332
15.0000 14.3363
15.0000 15.8917
15.0000 13.6990
15.0000 13.8360
15.0000 15.4415
15.0000 15.0185
15.0000 14.5442
15.0000 14.2708
15.0000 14.7317
15.0000 14.8846
15.0000 14.9661
15.0000 14.0133
15.0000 14.6987
15.0000 14.5259
15.0000 15.2470
15.0000 15.2871
15.0000 14.8272
15.0000 15.2442
15.0000 14.6996
15.0000 15.0995
15.0000 14.0447
15.0000 14.2100
15.0000 14.7748
15.0000 15.1771
15.0000 13.8829
15.0000 14.9432
15.0000 14.0520
15.0000 14.3703
15.0000 15.5629
15.0000 13.5706
15.0000 14.7110
15.0000 14.2437
15.0000 14.6187
15.0000 14.5728
15.0000 14.6541
15.0000 15.0590
15.0000 14.0846
15.0000 13.4056
15.0000 14.5142
15.0000 13.5336
15.0000 14.5482
15.0000 14.9691
15.0000 13.9280
15.0000 13.7398
15.0000 14.7319
15.0000 14.4529
15.0000 14.3267
15.0000 13.6096
15.0000 14.2807
15.0000 14.9185
15.0000 15.1388
15.0000 14.7967
15.0000 13.9456
15.0000 14.9211
15.0000 14.5095
15.0000 14.7284
15.0000 14.8904
15.0000 13.9458
15.0000 15.4982
15.0000 14.4968
15.0000 14.1632
15.0000 14.5674
15.0000 13.9540
15.0000 15.0055
15.0000 14.7871
15.0000 14.9126
15.0000 13.7521
15.0000 14.8388
15.0000 14.9700
15.0000 14.2667
15.0000 14.1566
15.0000 14.7084
15.0000 14.1469
15.0000 14.5097
15.0000 14.4414
15.0000 15.2102
15.0000 13.9642
15.0000 14.8280
15.0000 13.4582
15.0000 16.0744
15.0000 15.3566
15.0000 14.1213
15.0000 14.3730
15.0000 14.7589
15.0000 13.8294
15.0000 14.5220
15.0000 14.6322
15.0000 15.1195
15.0000 14.1085
15.0000 14.2211
15.0000 14.3503
15.0000 14.6873
15.0000 14.4491
15.0000 14.4174
15.0000 14.4036
15.0000 14.5408
15.0000 14.2702
15.0000 14.8652
15.0000 15.4980
15.0000 13.8958
15.0000 14.7634
15.0000 14.0717
15.0000 15.2247
15.0000 14.8729
15.0000 14.4105
15.0000 14.8500
15.0000 14.3206
15.0000 14.7792
15.0000 13.4728
15.0000 14.1493
15.0000 14.5837
15.0000 14.7369
15.0000 14.7077
15.0000 15.3999
15.0000 14.7649
15.0000 14.5240
15.0000 13.9478
15.0000 13.9915
15.0000 14.9372
15.0000 14.7028
15.0000 15.0037
15.0000 13.5902
15.0000 13.8524
15.0000 15.7986
15.0000 14.0261
15.0000 15.3905
15.0000 15.4901
15.0000 14.8171
15.0000 14.4562
15.0000 13.6217
15.0000 14.0405
15.0000 13.3700
15.0000 14.3110
15.0000 14.4218
15.0000 15.3581
15.0000 14.0917
15.0000 13.5627
15.0000 14.4750
15.0000 15.0463
15.0000 14.9969
15.0000 14.7448
15.0000 14.7654
15.0000 13.6299
15.0000 14.7228
15.0000 15.6301
15.0000 14.1384
15.0000 13.5075
15.0000 14.5101
15.0000 14.1103
15.0000 14.6956
15.0000 14.3856
15.0000 14.3132
15.0000 14.5325
15.0000 13.7915
15.0000 14.3454
15.0000 14.5080
15.0000 15.1657
15.0000 14.4343
15.0000 15.7441
15.0000 15.7221
15.0000 15.5371
15.0000 14.8620
15.0000 14.3336
15.0000 14.7811
15.0000 14.9946
15.0000 14.2261
15.0000 14.8745
15.0000 15.7962
15.0000 14.4061
15.0000 13.9791
15.0000 14.0974
15.0000 14.3572
15.0000 13.3081
15.0000 15.3953
15.0000 15.3302
15.0000 14.9744
15.0000 14.6687
15.0000 14.9630
15.0000 14.7560
15.0000 14.7125
15.0000 14.6392
15.0000 14.1310
15.0000 14.9252
15.0000 14.5962
15.0000 14.8072
15.0000 14.6121
15.0000 14.6476
15.0000 14.5201
15.0000 14.5746
15.0000 14.4994
15.0000 14.3960
15.0000 15.2754
15.0000 15.1274
15.0000 14.4317
15.0000 15.1091
15.0000 14.7298
15.0000 14.4533
15.0000 14.2604
15.0000 14.2225
15.0000 14.7372
15.0000 14.4666
15.0000 14.6727
15.0000 15.2706
15.0000 14.6273
15.0000 15.2198
15.0000 15.0748
15.0000 14.7525
15.0000 15.0808
15.0000 14.9716
15.0000 14.4429
15.0000 14.8486
15.0000 14.1128
15.0000 14.4544
15.0000 14.8121
15.0000 13.4641
15.0000 15.5198
15.0000 14.2991
15.0000 14.4908
15.0000 13.5144
15.0000 14.4394
15.0000 14.2513
15.0000 14.6452
15.0000 14.5403
15.0000 13.9077
15.0000 14.2327
15.0000 14.6268
15.0000 15.3647
15.0000 15.0329
15.0000 14.2764
15.0000 15.0930
15.0000 14.9310
15.0000 14.1328
15.0000 14.7169
15.0000 14.7944
15.0000 14.5048
15.0000 14.9198
15.0000 14.7000
15.0000 13.3092
15.0000 14.9801
15.0000 14.1802
15.0000 14.6464
15.0000 14.8520
15.0000 13.9112
15.0000 14.6177
15.0000 14.8757
15.0000 15.2866
15.0000 15.8475
15.0000 14.4467
15.0000 14.8928
15.0000 15.0330
15.0000 14.7547
15.0000 13.8649
15.0000 14.6994
15.0000 15.0434
15.0000 14.9765
15.0000 14.4412
15.0000 14.7585
15.0000 14.1895
15.0000 13.9681
15.0000 14.9237
15.0000 14.9483
15.0000 15.1816
15.0000 14.4354
15.0000 14.6225
15.0000 14.6310
15.0000 14.5651
15.0000 14.2713
15.0000 15.2492
15.0000 15.0023
15.0000 14.7475
15.0000 14.2980
15.0000 15.0843
15.0000 14.7393
15.0000 14.8198
15.0000 14.6445
15.0000 13.9917
15.0000 14.7729
15.0000 14.3082
15.0000 15.3256
15.0000 15.9799
15.0000 15.1651
15.0000 15.0885
15.0000 14.5378
15.0000 15.3989
15.0000 14.3014
15.0000 14.8415
15.0000 14.4877
15.0000 14.4663
15.0000 15.0840
15.0000 14.5859
15.0000 14.7527
15.0000 14.4116
15.0000 13.6869
15.0000 14.9247
15.0000 14.5421
15.0000 13.8347
15.0000 14.1317
15.0000 14.5968
15.0000 15.0648
15.0000 14.1340
15.0000 13.6616
15.0000 14.7922
15.0000 14.5828
15.0000 14.4200
15.0000 14.6882
15.0000 15.3786
15.0000 14.0537
15.0000 14.7155
15.0000 14.2021
15.0000 14.6514
15.0000 14.5072
15.0000 15.1880
15.0000 14.9027
15.0000 15.2020
15.0000 15.1435
15.0000 15.0322
15.0000 14.3392
15.0000 14.5808
15.0000 15.2407
15.0000 14.1663
15.0000 13.7874
15.0000 14.9124
15.0000 14.9877
15.0000 13.4785
15.0000 14.5747
15.0000 14.3073
15.0000 14.8744
15.0000 15.2928
15.0000 14.6226
15.0000 14.5406
15.0000 14.4282
15.0000 14.9325
15.0000 14.1747
15.0000 14.5923
15.0000 13.8074
15.0000 14.8431
15.0000 15.0876
15.0000 15.2570
15.0000 14.0797
15.0000 15.0137
15.0000 15.1931
15.0000 14.4227
15.0000 14.1647
15.0000 14.9920
15.0000 14.3147
15.0000 14.5174
15.0000 14.7865
15.0000 14.5854
15.0000 14.5994
15.0000 14.7101
15.0000 15.1272
15.0000 14.2642
15.0000 13.7871
15.0000 15.1266
15.0000 14.2516
15.0000 14.9453
15.0000 15.4294
15.0000 14.8334
15.0000 14.3733
15.0000 14.9919
15.0000 13.7556
15.0000 15.0371
15.0000 14.4430
15.0000 14.1518
15.0000 14.1713
15.0000 14.3660
15.0000 14.6927
15.0000 14.4533
15.0000 14.8516
15.0000 15.4815
15.0000 15.1651
15.0000 15.3154
15.0000 14.8087
15.0000 15.1993
15.0000 15.0549
15.0000 14.7621
15.0000 14.3035
15.0000 14.5985
15.0000 13.7575
15.0000 14.4329
15.0000 13.6896
15.0000 14.6104
15.0000 15.2200
15.0000 15.7627
15.0000 14.8737
15.0000 14.2155
15.0000 14.5070
15.0000 14.5362
15.0000 14.3351
15.0000 15.4974
15.0000 15.0568
15.0000 13.6979
15.0000 14.7971
15.0000 14.5040
15.0000 14.7589
15.0000 14.3961
15.0000 14.3236
15.0000 14.2633
15.0000 14.3344
15.0000 15.8907
15.0000 13.7861
15.0000 13.8532
15.0000 15.0498
15.0000 14.8501
15.0000 14.6162
15.0000 15.0518
15.0000 14.5769
15.0000 14.6699
15.0000 13.5733
15.0000 14.3375
15.0000 14.7211
15.0000 14.5865
15.0000 14.7955
15.0000 13.7540
15.0000 14.3407
15.0000 16.1756
15.0000 14.4379
15.0000 14.6936
15.0000 14.0361
15.0000 15.0007
15.0000 14.0382
15.0000 13.6211
15.0000 14.4596
15.0000 15.1861
15.0000 14.9422
15.0000 14.4906
15.0000 14.0221
15.0000 14.5561
15.0000 15.0205
15.0000 15.2880
15.0000 14.8183
15.0000 14.9914
15.0000 13.5955
15.0000 14.6896
15.0000 14.4221
15.0000 14.1235
15.0000 14.5949
15.0000 14.6895
15.0000 14.4913
15.0000 14.6055
15.0000 14.4819
15.0000 15.3010
15.0000 15.0148
15.0000 14.3728
15.0000 14.2536
15.0000 14.2806
15.0000 14.9918
15.0000 14.8838
15.0000 15.0167
15.0000 14.4547
15.0000 14.4388
15.0000 14.7045
15.0000 14.4592
15.0000 14.6561
15.0000 14.7937
15.0000 13.6873
15.0000 14.1849
15.0000 15.0888
15.0000 15.3611
15.0000 13.6302
15.0000 13.0787
15.0000 14.2227
15.0000 15.6347
15.0000 15.1405
15.0000 14.9781
15.0000 14.8015
15.0000 14.7023
15.0000 14.8442
15.0000 15.7000
15.0000 15.0618
15.0000 15.1337
15.0000 14.4768
15.0000 14.4425
15.0000 14.4726
15.0000 13.4534
15.0000 14.7577
15.0000 14.9334
15.0000 15.1250
15.0000 15.0763
15.0000 15.2246
15.0000 14.3463
15.0000 14.3470
15.0000 15.1117
15.0000 16.0118
15.0000 14.1620
15.0000 14.1839
15.0000 14.8249
15.0000 14.2691
15.0000 14.1865
15.0000 14.3013
15.0000 15.4799
15.0000 15.3901
15.0000 14.9811
15.0000 14.5104
15.0000 14.4631
15.0000 14.5986
15.0000 15.3431
15.0000 14.9454
15.0000 14.1524
15.0000 15.1759
15.0000 13.9141
15.0000 14.4763
15.0000 14.7170
15.0000 14.4324
15.0000 14.1764
15.0000 14.6621
15.0000 15.3469
15.0000 13.4242
15.0000 14.7988
15.0000 15.5851
15.0000 14.7260
15.0000 15.0755
15.0000 13.8545
15.0000 14.7341
15.0000 14.7569
15.0000 14.6054
15.0000 15.1564
15.0000 14.3571
15.0000 14.6326
15.0000 14.9784
15.0000 15.2362
15.0000 14.6090
15.0000 14.4193
15.0000 14.8335
15.0000 14.9515
15.0000 14.8423
15.0000 13.7918
15.0000 14.6720
15.0000 15.1581
15.0000 14.2843
15.0000 14.6515
15.0000 14.7621
15.0000 15.2222
15.0000 14.3267
15.0000 13.8859
15.0000 13.9539
15.0000 15.2112
15.0000 14.2877
15.0000 14.4055
15.0000 14.5281
15.0000 14.9580
15.0000 14.3117
15.0000 14.8254
15.0000 13.9889
15.0000 14.6575
15.0000 14.8503
15.0000 14.8434
15.0000 15.1381
15.0000 14.1283
15.0000 14.6305
15.0000 14.7474
15.0000 14.9454
15.0000 14.5369
15.0000 14.4822
15.0000 15.0407
15.0000 14.4825
15.0000 14.1441
15.0000 14.0041
15.0000 14.4586
15.0000 14.1829
15.0000 13.9563
15.0000 15.2337
15.0000 14.1043
15.0000 14.2646
15.0000 14.3452
15.0000 15.0331
15.0000 13.9481
15.0000 14.6320
15.0000 14.3731
15.0000 15.0037
15.0000 14.9918
15.0000 14.5456
15.0000 14.2794
15.0000 14.8852
15.0000 13.9048
15.0000 14.4186
15.0000 14.4186
15.0000 13.9921
15.0000 15.1551
15.0000 14.3046
15.0000 14.6689
15.0000 14.5023
15.0000 14.2168
15.0000 14.7573
15.0000 14.5237
15.0000 14.6462
15.0000 14.0420
15.0000 15.2450
15.0000 14.7636
15.0000 13.8130
15.0000 14.7761
15.0000 15.6463
15.0000 14.4043
15.0000 14.4104
15.0000 14.4552
15.0000 14.6920
15.0000 14.4270
15.0000 14.6827
15.0000 14.3487
15.0000 13.8018
15.0000 14.5934
15.0000 15.3132
15.0000 15.1727
15.0000 14.6080
15.0000 13.6497
15.0000 15.0282
15.0000 14.0927
15.0000 15.3176
15.0000 15.0185
15.0000 14.3614
15.0000 14.7854
15.0000 15.1620
15.0000 14.5137
15.0000 14.8789
15.0000 14.4321
15.0000 14.9173
15.0000 14.3383
15.0000 14.3552
15.0000 14.7558
15.0000 14.4994
15.0000 14.2663
15.0000 14.0651
15.0000 15.5886
15.0000 14.8682
15.0000 13.7143
15.0000 14.0243
15.0000 15.0917
15.0000 14.1321
15.0000 13.7822
15.0000 15.3339
15.0000 14.1450
15.0000 14.6824
15.0000 14.5750
15.0000 14.2805
15.0000 15.1765
15.0000 14.9888
15.0000 13.9305
15.0000 15.0942
15.0000 14.2661
15.0000 14.8134
15.0000 14.4936
15.0000 14.1439
15.0000 14.6471
15.0000 14.3285
15.0000 14.5472
15.0000 14.1578
15.0000 14.0961
15.0000 15.0290
15.0000 15.1122
15.0000 15.1321
15.0000 15.0585
15.0000 14.2370
15.0000 14.7538
15.0000 13.0133
15.0000 15.0008
15.0000 14.2619
15.0000 14.4128
15.0000 14.6658
15.0000 15.1347
15.0000 14.8632
15.0000 14.3325
15.0000 14.8554
15.0000 14.5424
15.0000 14.6223
15.0000 14.3618
15.0000 13.6440
15.0000 14.4932
15.0000 14.6121
15.0000 14.5789
15.0000 14.4926
15.0000 14.0019
15.0000 14.7104
15.0000 14.4455
15.0000 15.6558
15.0000 15.4667
15.0000 14.1603
15.0000 15.4912
15.0000 14.5425
15.0000 14.2850
15.0000 15.2194
15.0000 13.8686
15.0000 14.2256
15.0000 14.7099
15.0000 14.9149
15.0000 15.4200
15.0000 14.3648
15.0000 15.1709
15.0000 13.5231
15.0000 14.8015
15.0000 14.2888
15.0000 14.0127
15.0000 15.3273
15.0000 14.7876
15.0000 14.4888
15.0000 15.0043
15.0000 15.3541
15.0000 13.9799
15.0000 14.6771
15.0000 14.6789
15.0000 15.2761
15.0000 14.1112
15.0000 14.1997
15.0000 14.8748
15.0000 13.9171
15.0000 14.5763
15.0000 14.6541
15.0000 13.9278
15.0000 14.5321
15.0000 14.4364
15.0000 14.7354
15.0000 13.4644
15.0000 15.3552
15.0000 14.8779
15.0000 14.7088
15.0000 14.8881
15.0000 14.1411
15.0000 14.3627
15.0000 14.2944
15.0000 14.6630
15.0000 14.4110
15.0000 14.9232
15.0000 14.7261
15.0000 13.9401
15.0000 14.6112
15.0000 14.4493
15.0000 14.5840
15.0000 14.6988
15.0000 14.6281
15.0000 14.3968
15.0000 14.6749
15.0000 14.4756
15.0000 15.0846
15.0000 14.7885
15.0000 14.0706
15.0000 14.3015
15.0000 14.3346
15.0000 15.4300
15.0000 14.1476
15.0000 14.4627
15.0000 13.7186
15.0000 14.3431
15.0000 13.4248
15.0000 14.9907
15.0000 14.0313
15.0000 14.8413
15.0000 14.9660
15.0000 14.4414
15.0000 14.6967
15.0000 15.0489
15.0000 14.8337
15.0000 14.2919
15.0000 13.7340
15.0000 14.0688
15.0000 14.7181
15.0000 14.2375
15.0000 15.0432
15.0000 14.5619
15.0000 13.9397
15.0000 13.9457
15.0000 14.4420
15.0000 14.0512
15.0000 14.7313
15.0000 14.1673
15.0000 14.6997
15.0000 13.7999
15.0000 15.1573
15.0000 14.8792
15.0000 15.5589
15.0000 14.7057
15.0000 14.9306
15.0000 14.2233
15.0000 15.3833
15.0000 15.3721
15.0000 15.8093
15.0000 14.6843
15.0000 14.6119
15.0000 14.3223
15.0000 13.7752
15.0000 14.5003
15.0000 14.0735
15.0000 14.9375
15.0000 15.2219
15.0000 14.9285
15.0000 14.6745
15.0000 14.5181
15.0000 15.9132
15.0000 15.2312
15.0000 14.9555
15.0000 15.8410
15.0000 14.1048
15.0000 15.5676
15.0000 14.2267
15.0000 15.6406
15.0000 14.7234
15.0000 14.9306
15.0000 14.6925
15.0000 14.9695
15.0000 14.2420
15.0000 15.0641
15.0000 14.3082
15.0000 13.8742
15.0000 15.4919
15.0000 14.4386
15.0000 14.2034
15.0000 14.4545
15.0000 15.0617
15.0000 15.4471
15.0000 14.2403
15.0000 14.6728
15.0000 14.7441
15.0000 14.9903
15.0000 14.5220
15.0000 14.2233
15.0000 14.9918
15.0000 14.1463
15.0000 14.6537
15.0000 14.3548
15.0000 14.8346
15.0000 14.9032
15.0000 14.3960
15.0000 14.5289
15.0000 14.7128
15.0000 14.9488
15.0000 14.3692
15.0000 14.6320
15.0000 14.6830
15.0000 15.3735
15.0000 14.2675
15.0000 14.5877
15.0000 14.4592
15.0000 14.5814
15.0000 14.8210
15.0000 14.5614
15.0000 14.3204
15.0000 15.6253
15.0000 14.7448
15.0000 14.4707
15.0000 14.4334
15.0000 13.6233
15.0000 15.2218
15.0000 14.0094
15.0000 14.8718
15.0000 14.0788
15.0000 14.7379
15.0000 14.7073
15.0000 15.2373
15.0000 13.9140
15.0000 15.0822
15.0000 15.1004
15.0000 15.5035
15.0000 14.7710
15.0000 14.9007
15.0000 14.4962
15.0000 14.4514
15.0000 14.9199
15.0000 14.7962
15.0000 14.4433
15.0000 14.7172
15.0000 14.3223
15.0000 14.7590
15.0000 14.2189
15.0000 15.3929
15.0000 14.7944
15.0000 15.5984
15.0000 14.7381
15.0000 15.5891
15.0000 15.4054
15.0000 14.8759
15.0000 14.4710
15.0000 14.1716
15.0000 13.7923
15.0000 14.4459
15.0000 14.3520
15.0000 13.9975
15.0000 14.9108
15.0000 14.1049
15.0000 15.1480
15.0000 14.3571
15.0000 13.8808
15.0000 14.8118
15.0000 14.7713
15.0000 14.3561
15.0000 14.0565
15.0000 14.9091
15.0000 14.7537
15.0000 14.0070
15.0000 14.1468
15.0000 14.9311
15.0000 15.2587
15.0000 14.7361
15.0000 13.9083
15.0000 14.9644
15.0000 15.1408
15.0000 15.1456
15.0000 14.8517
15.0000 14.0697
15.0000 14.4209
15.0000 14.6506
15.0000 14.5840
15.0000 15.9943
15.0000 14.3382
15.0000 15.5060
15.0000 13.9233
15.0000 15.0989
15.0000 14.6775
15.0000 15.3238
15.0000 14.5750
15.0000 16.2125
15.0000 15.2719
15.0000 14.3210
15.0000 14.5608
15.0000 14.4101
15.0000 14.8837
15.0000 14.9655
15.0000 15.3772
15.0000 14.0143
15.0000 15.0777
15.0000 14.1823
15.0000 15.0017
15.0000 14.5884
15.0000 14.9487
15.0000 13.9661
15.0000 14.9040
15.0000 14.4312
15.0000 15.8094
15.0000 14.5992
15.0000 14.5479
15.0000 13.9668
15.0000 14.1803
15.0000 14.4887
15.0000 15.0912
15.0000 14.5816
15.0000 13.8847
15.0000 15.0641
15.0000 14.6667
15.0000 14.3930
15.0000 15.4689
15.0000 14.4822
15.0000 14.8885
15.0000 15.1456
15.0000 15.0447
15.0000 14.9436
15.0000 14.3016
15.0000 14.9835
15.0000 14.8792
15.0000 14.7058
15.0000 14.8413
15.0000 14.9920
15.0000 13.8466
15.0000 13.8965
15.0000 13.3722
15.0000 14.8008
15.0000 14.9930
15.0000 14.7842
15.0000 14.7619
15.0000 14.4622
15.0000 15.2954
15.0000 14.6776
15.0000 14.3145
15.0000 14.8394
15.0000 14.9815
15.0000 14.5435
15.0000 14.8586
15.0000 15.0183
15.0000 14.8394
15.0000 14.6020
15.0000 14.1771
15.0000 16.1268
15.0000 14.4646
15.0000 14.2711
15.0000 15.4416
15.0000 13.8417
15.0000 14.6557
15.0000 13.8597
15.0000 14.3065
15.0000 14.0332
15.0000 13.9974
15.0000 15.2367
15.0000 15.5962
15.0000 14.4042
15.0000 15.1250
15.0000 14.5432
15.0000 14.4041
15.0000 13.8785
15.0000 14.6221
15.0000 14.8501
15.0000 14.1636
15.0000 13.8284
15.0000 14.6705
15.0000 14.7158
15.0000 14.3482
15.0000 14.5521
15.0000 14.9210
15.0000 14.2068
15.0000 14.5739
15.0000 13.9310
15.0000 15.0754
15.0000 14.4912
15.0000 14.8248
15.0000 14.4160
15.0000 14.5628
15.0000 15.1258
15.0000 14.3423
15.0000 14.8447
15.0000 13.4962
15.0000 13.1310
15.0000 15.0130
15.0000 14.5285
15.0000 14.5484
15.0000 14.8966
15.0000 13.6831
15.0000 13.9315
15.0000 14.4475
15.0000 14.1431
15.0000 14.9966
15.0000 14.1081
15.0000 14.9901
15.0000 14.8072
15.0000 13.9571
15.0000 14.6739
15.0000 15.2370
15.0000 15.7828
15.0000 14.6735
15.0000 14.5409
15.0000 14.2132
15.0000 15.4455
15.0000 13.7875
15.0000 14.4832
15.0000 14.0145
15.0000 14.8763
15.0000 14.9621
15.0000 14.6441
15.0000 15.1621
15.0000 14.5823
15.0000 14.3794
15.0000 15.5475
15.0000 14.6181
15.0000 14.8659
15.0000 14.9140
15.0000 13.8947
15.0000 13.3977
15.0000 15.5425
15.0000 14.1108
15.0000 15.7387
15.0000 14.3654
15.0000 14.1479
15.0000 15.0778
15.0000 14.8825
15.0000 15.0389
15.0000 15.6251
15.0000 14.7797
15.0000 13.8295
15.0000 13.7790
15.0000 14.8319
15.0000 15.4871
15.0000 14.5024
15.0000 14.3776
15.0000 15.7212
15.0000 14.9355
15.0000 14.5067
15.0000 15.1406
15.0000 14.5057
15.0000 15.3017
15.0000 15.2732
15.0000 15.0172
15.0000 13.7054
15.0000 14.9060
15.0000 14.4930
15.0000 14.6880
15.0000 13.8739
15.0000 14.7406
15.0000 14.2224
15.0000 14.4697
15.0000 15.1799
15.0000 14.7999
15.0000 14.3564
15.0000 14.3277
15.0000 14.1448
15.0000 13.8966
15.0000 14.7703
15.0000 15.1102
15.0000 14.0542
15.0000 13.5810
15.0000 14.9034
15.0000 14.1633
15.0000 13.9626
15.0000 14.7333
15.0000 14.1995
15.0000 14.0018
15.0000 14.1739
15.0000 14.8538
15.0000 15.2860
15.0000 13.5977
15.0000 14.5201
15.0000 13.6380
15.0000 15.1948
15.0000 14.6057
15.0000 13.9575
15.0000 14.2644
15.0000 15.0119
15.0000 14.9103
15.0000 13.9320
15.0000 14.1626
15.0000 14.3486
15.0000 15.1281
15.0000 15.2456
15.0000 13.7194
15.0000 14.3632
15.0000 15.1766
15.0000 13.5736
15.0000 14.8725
15.0000 14.1319
15.0000 14.1156
15.0000 15.2937
15.0000 14.8574
15.0000 14.6124
15.0000 14.5158
15.0000 15.2786
15.0000 15.4094
15.0000 14.1562
15.0000 14.4542
15.0000 14.6846
15.0000 15.2773
15.0000 14.5308
15.0000 14.6280
15.0000 14.5478
15.0000 14.9276
15.0000 14.1800
15.0000 14.3783
15.0000 13.8833
15.0000 15.6040
15.0000 14.8125
15.0000 15.0997
15.0000 14.9425
15.0000 15.2995
15.0000 14.7650
15.0000 14.4490
15.0000 15.3482
15.0000 15.0800
15.0000 14.8597
15.0000 13.7987
15.0000 14.6604
15.0000 14.0845
15.0000 13.5152
15.0000 14.6746
15.0000 14.8717
15.0000 14.2666
15.0000 14.2025
15.0000 14.0490
15.0000 14.7770
15.0000 14.6897
15.0000 15.1725
15.0000 14.6390
15.0000 14.5863
15.0000 13.4276
15.0000 15.1360
15.0000 14.8541
15.0000 15.1766
15.0000 15.4178
15.0000 15.1985
15.0000 14.8438
15.0000 15.4169
15.0000 14.1156
15.0000 14.1595
15.0000 14.7640
15.0000 14.7111
15.0000 13.7233
15.0000 15.3916
15.0000 14.7519
15.0000 13.8601
15.0000 14.1152
15.0000 14.0487
15.0000 14.6341
15.0000 14.7297
15.0000 13.7879
15.0000 14.4662
15.0000 14.3485
15.0000 14.9528
15.0000 14.3157
15.0000 14.5765
15.0000 14.3779
15.0000 15.0708
15.0000 14.4363
15.0000 14.6149
15.0000 14.3504
15.0000 14.9205
15.0000 14.6047
15.0000 15.0375
15.0000 14.0695
15.0000 14.7168
15.0000 14.1631
15.0000 14.1464
15.0000 13.6435
15.0000 14.9976
15.0000 14.5575
15.0000 14.0224
15.0000 14.1826
15.0000 14.1256
15.0000 14.0915
15.0000 15.3335
15.0000 15.5910
15.0000 13.8983
15.0000 14.2900
15.0000 14.6638
15.0000 15.1345
15.0000 15.2171
15.0000 14.7812
15.0000 14.6569
15.0000 14.4047
15.0000 13.7734
15.0000 14.8116
15.0000 15.8361
15.0000 14.2851
15.0000 13.9327
15.0000 14.5264
15.0000 14.4920
15.0000 14.5463
15.0000 15.9720
15.0000 14.2401
15.0000 13.8370
15.0000 14.9461
15.0000 14.3037
15.0000 15.6299
15.0000 13.8486
15.0000 13.9465
15.0000 14.1760
15.0000 15.5045
15.0000 15.0457
15.0000 14.7607
15.0000 14.5958
15.0000 15.1729
15.0000 15.0082
15.0000 14.9990
15.0000 15.6022
15.0000 15.0806
15.0000 15.1324
15.0000 14.4624
15.0000 12.9583
15.0000 15.2691
15.0000 16.0131
15.0000 15.0506
15.0000 14.2658
15.0000 14.2409
15.0000 14.8253
15.0000 14.8385
15.0000 14.1932
15.0000 13.9007
15.0000 14.5387
15.0000 15.2262
15.0000 14.5658
15.0000 14.4554
15.0000 14.3459
15.0000 14.1478
15.0000 14.6469
15.0000 14.0772
