19.0000 18.1010
19.0000 18.1675
19.0000 19.4245
19.0000 18.3624
19.0000 18.8628
19.0000 18.6356
19.0000 18.7036
19.0000 17.6364
19.0000 17.6193
19.0000 18.6052
19.0000 18.7194
19.0000 17.5309
19.0000 18.0188
19.0000 19.2904
19.0000 17.9598
19.0000 18.2789
19.0000 19.8174
19.0000 18.9482
19.0000 18.3803
19.0000 18.3678
19.0000 18.3954
19.0000 18.1373
19.0000 17.8975
19.0000 19.2068
19.0000 18.7354
19.0000 18.6921
19.0000 18.9428
19.0000 18.1768
19.0000 17.7893
19.0000 18.8844
19.0000 18.7900
19.0000 19.0973
19.0000 17.8526
19.0000 17.9703
19.0000 19.1850
19.0000 17.7492
19.0000 18.6180
19.0000 18.5433
19.0000 19.0733
19.0000 18.7417
19.0000 17.8154
19.0000 18.7991
19.0000 18.0432
19.0000 17.8800
19.0000 18.7535
19.0000 18.3693
19.0000 18.5464
19.0000 18.0921
19.0000 18.4295
19.0000 19.3202
19.0000 18.7650
19.0000 19.2817
19.0000 17.8478
19.0000 18.0238
19.0000 19.8914
19.0000 18.0272
19.0000 18.0464
19.0000 17.9622
19.0000 17.8328
19.0000 17.7916
19.0000 18.9892
19.0000 18.6973
19.0000 18.5373
19.0000 18.8304
19.0000 17.8596
19.0000 19.3108
19.0000 18.4857
19.0000 18.6798
19.0000 19.0204
19.0000 19.0085
19.0000 18.8741
19.0000 18.5830
19.0000 18.1369
19.0000 19.1323
19.0000 18.6955
19.0000 18.3694
19.0000 17.4565
19.0000 17.9034
19.0000 18.8074
19.0000 18.2967
19.0000 18.3258
19.0000 19.2271
19.0000 18.4305
19.0000 18.8352
19.0000 18.7836
19.0000 18.0396
19.0000 17.6989
19.0000 17.4951
19.0000 18.8702
19.0000 19.3464
19.0000 17.6260
19.0000 19.7737
19.0000 17.3563
19.0000 18.7617
19.0000 19.0361
19.0000 18.9753
19.0000 18.7067
19.0000 18.5864
19.0000 17.2049
19.0000 18.3614
19.0000 18.6448
19.0000 18.4986
19.0000 18.3184
19.0000 18.0067
19.0000 17.6855
19.0000 18.8865
19.0000 18.5509
19.0000 17.5161
19.0000 17.0153
19.0000 18.4972
19.0000 19.1283
19.0000 18.9060
19.0000 18.1837
19.0000 18.8154
19.0000 18.1714
19.0000 18.0432
19.0000 18.0958
19.0000 19.2239
19.0000 17.5132
19.0000 18.7069
19.0000 19.1260
19.0000 18.4008
19.0000 17.7486
19.0000 19.9614
19.0000 19.4825
19.0000 17.9836
19.0000 18.5553
19.0000 18.7168
19.0000 19.5591
19.0000 19.8539
19.0000 18.4624
19.0000 18.5232
19.0000 18.0369
19.0000 18.7991
19.0000 18.7270
19.0000 18.9491
19.0000 18.8048
19.0000 16.6904
19.0000 18.6893
19.0000 18.6550
19.0000 18.3789
19.0000 17.6177
19.0000 17.9015
19.0000 18.0100
19.0000 17.9380
19.0000 17.9567
19.0000 18.7285
19.0000 17.8395
19.0000 17.4471
19.0000 18.8307
19.0000 18.4942
19.0000 18.8511
19.0000 18.2405
19.0000 18.2597
19.0000 19.4868
19.0000 18.8823
19.0000 18.3618
19.0000 19.3307
19.0000 17.6746
19.0000 18.3688
19.0000 17.9651
19.0000 18.8243
19.0000 18.7525
19.0000 18.8386
19.0000 18.9650
19.0000 16.7000
19.0000 18.0798
19.0000 18.5702
19.0000 17.7227
19.0000 18.8223
19.0000 19.4383
19.0000 17.0382
19.0000 18.3844
19.0000 18.3623
19.0000 18.6666
19.0000 18.7829
19.0000 18.2029
19.0000 18.2075
19.0000 18.4760
19.0000 17.7330
19.0000 18.3753
19.0000 19.6192
19.0000 19.0120
19.0000 18.7627
19.0000 18.7166
19.0000 17.8290
19.0000 18.5593
19.0000 19.4287
19.0000 18.1982
19.0000 18.0523
19.0000 19.3915
19.0000 16.3896
19.0000 17.5330
19.0000 19.1308
19.0000 18.8438
19.0000 18.6603
19.0000 18.2186
19.0000 18.1419
19.0000 17.9782
19.0000 18.1729
19.0000 17.8020
19.0000 18.3607
19.0000 19.6537
19.0000 18.4703
19.0000 18.1845
19.0000 18.3820
19.0000 19.8845
19.0000 18.8425
19.0000 19.7059
19.0000 18.5342
19.0000 17.9942
19.0000 18.6803
19.0000 19.2669
19.0000 18.2094
19.0000 18.0706
19.0000 18.5726
19.0000 18.4469
19.0000 18.1025
19.0000 19.4411
19.0000 18.4227
19.0000 19.7117
19.0000 17.1177
19.0000 18.5650
19.0000 17.9486
19.0000 18.6776
19.0000 18.2106
19.0000 18.7900
19.0000 19.0050
19.0000 17.5829
19.0000 17.9932
19.0000 18.8580
19.0000 18.4222
19.0000 18.0446
19.0000 17.7904
19.0000 18.0809
19.0000 18.4035
19.0000 19.3632
19.0000 19.0939
19.0000 18.4532
19.0000 18.1149
19.0000 18.9022
19.0000 18.0788
19.0000 18.1056
19.0000 18.2682
19.0000 18.7226
19.0000 17.8692
19.0000 18.5961
19.0000 19.9436
19.0000 18.5362
19.0000 18.6508
19.0000 18.8823
19.0000 18.5507
19.0000 18.8149
19.0000 18.6807
19.0000 18.7746
19.0000 19.0403
19.0000 18.6527
19.0000 19.0965
19.0000 18.6646
19.0000 18.8077
19.0000 19.2208
19.0000 19.0027
19.0000 19.1783
19.0000 18.6880
19.0000 19.6463
19.0000 18.2916
19.0000 18.1350
19.0000 18.2422
19.0000 18.6341
19.0000 18.8056
19.0000 18.9442
19.0000 18.3242
19.0000 17.9916
19.0000 20.0621
19.0000 18.7734
19.0000 18.7994
19.0000 18.2103
19.0000 17.7004
19.0000 19.3118
19.0000 18.5844
19.0000 18.0111
19.0000 19.2159
19.0000 18.4386
19.0000 17.9332
19.0000 19.5239
19.0000 18.7367
19.0000 17.9377
19.0000 18.1223
19.0000 19.4294
19.0000 18.7765
19.0000 18.1762
19.0000 19.4903
19.0000 20.3360
19.0000 18.1413
19.0000 18.5523
19.0000 18.2013
19.0000 18.7835
19.0000 19.5872
19.0000 19.8017
19.0000 18.6795
19.0000 17.5177
19.0000 17.9029
19.0000 19.0221
19.0000 17.5977
19.0000 19.0093
19.0000 19.0528
19.0000 19.6001
19.0000 19.1496
19.0000 18.5036
19.0000 18.8585
19.0000 19.6901
19.0000 18.9080
19.0000 18.2179
19.0000 18.7865
19.0000 18.6813
19.0000 18.7119
19.0000 18.7726
19.0000 19.1617
19.0000 18.0890
19.0000 18.1003
19.0000 19.1180
19.0000 18.8703
19.0000 18.8552
19.0000 18.0976
19.0000 19.1976
19.0000 18.6462
19.0000 17.7078
19.0000 18.5987
19.0000 18.6715
19.0000 18.6787
19.0000 17.8558
19.0000 18.0197
19.0000 18.1831
19.0000 17.8419
19.0000 18.4133
19.0000 17.4887
19.0000 18.8197
19.0000 18.8425
19.0000 18.9570
19.0000 17.8485
19.0000 18.1843
19.0000 18.9102
19.0000 18.2263
19.0000 18.7283
19.0000 17.9103
19.0000 17.6159
19.0000 18.3647
19.0000 18.5982
19.0000 18.4579
19.0000 19.3088
19.0000 18.9225
19.0000 19.2928
19.0000 18.7930
19.0000 17.9557
19.0000 18.3876
19.0000 19.0956
19.0000 19.3696
19.0000 18.5516
19.0000 18.8905
19.0000 19.1404
19.0000 17.8867
19.0000 18.0336
19.0000 19.2474
19.0000 17.8990
19.0000 18.0144
19.0000 18.7178
19.0000 19.3227
19.0000 18.9426
19.0000 18.0002
19.0000 18.1856
19.0000 18.6502
19.0000 18.1134
19.0000 18.4942
19.0000 18.0026
19.0000 19.2826
19.0000 18.3667
19.0000 18.5267
19.0000 18.2214
19.0000 19.6063
19.0000 18.1028
19.0000 18.6966
19.0000 18.1250
19.0000 18.3358
19.0000 18.1723
19.0000 18.3607
19.0000 18.8827
19.0000 19.4518
19.0000 19.1064
19.0000 17.4979
19.0000 17.9940
19.0000 17.9419
19.0000 19.5034
19.0000 17.2468
19.0000 18.1743
19.0000 17.6759
19.0000 18.3224
19.0000 19.1918
19.0000 18.5743
19.0000 18.9345
19.0000 17.6898
19.0000 18.1689
19.0000 18.8096
19.0000 18.2807
19.0000 19.0117
19.0000 18.2761
19.0000 19.1551
19.0000 18.7522
19.0000 17.3053
19.0000 18.1789
19.0000 18.4539
19.0000 18.6224
19.0000 17.4098
19.0000 18.6174
19.0000 18.5624
19.0000 18.5480
19.0000 17.2845
19.0000 18.2695
19.0000 17.8033
19.0000 19.5451
19.0000 18.5409
19.0000 17.8153
19.0000 17.1040
19.0000 17.9332
19.0000 18.4885
19.0000 18.0405
19.0000 18.7414
19.0000 18.3491
19.0000 18.2880
19.0000 18.1871
19.0000 18.2343
19.0000 17.9846
19.0000 19.1850
19.0000 18.1980
19.0000 18.7846
19.0000 18.7679
19.0000 18.4668
19.0000 19.3145
19.0000 18.2490
19.0000 17.7715
19.0000 17.4942
19.0000 18.6067
19.0000 18.2258
19.0000 18.4580
19.0000 19.2482
19.0000 17.9889
19.0000 18.4611
19.0000 18.4282
19.0000 18.1283
19.0000 18.4146
19.0000 18.4214
19.0000 18.2829
19.0000 17.8336
19.0000 19.1420
19.0000 19.1245
19.0000 18.7779
19.0000 18.3053
19.0000 18.1927
19.0000 18.7412
19.0000 18.5497
19.0000 18.7252
19.0000 18.0684
19.0000 19.1927
19.0000 18.3067
19.0000 18.2761
19.0000 18.0282
19.0000 18.4910
19.0000 18.8825
19.0000 18.6846
19.0000 18.6149
19.0000 17.9992
19.0000 18.3070
19.0000 18.3655
19.0000 17.4390
19.0000 18.2958
19.0000 18.7834
19.0000 18.8378
19.0000 19.2314
19.0000 18.7186
19.0000 19.0311
19.0000 18.0481
19.0000 19.9816
19.0000 17.9525
19.0000 18.0784
19.0000 18.2284
19.0000 17.7877
19.0000 18.4290
19.0000 17.4863
19.0000 18.9510
19.0000 18.7961
19.0000 18.8810
19.0000 19.2673
19.0000 18.6450
19.0000 19.1776
19.0000 17.7045
19.0000 17.8920
19.0000 18.4065
19.0000 18.8822
19.0000 18.2721
19.0000 18.8955
19.0000 18.8931
19.0000 19.0069
19.0000 17.6858
19.0000 18.1616
19.0000 18.4234
19.0000 19.4469
19.0000 18.7287
19.0000 18.2358
19.0000 18.5010
19.0000 19.0098
19.0000 19.1661
19.0000 17.7917
19.0000 17.7125
19.0000 18.0123
19.0000 18.1913
19.0000 18.4451
19.0000 18.9873
19.0000 19.3828
19.0000 18.3574
19.0000 18.5812
19.0000 19.1205
19.0000 18.5975
19.0000 19.6421
19.0000 18.9407
19.0000 17.8252
19.0000 18.7584
19.0000 18.3756
19.0000 18.0165
19.0000 18.1512
19.0000 18.0005
19.0000 19.9975
19.0000 17.7323
19.0000 18.0275
19.0000 18.6442
19.0000 19.4367
19.0000 18.1574
19.0000 19.1909
19.0000 19.7654
19.0000 18.5471
19.0000 17.9089
19.0000 18.5356
19.0000 19.0800
19.0000 18.5166
19.0000 18.4147
19.0000 18.6068
19.0000 18.7962
19.0000 18.7526
19.0000 18.7361
19.0000 17.8131
19.0000 18.5866
19.0000 18.5719
19.0000 18.6463
19.0000 18.2558
19.0000 18.4754
19.0000 19.2634
19.0000 18.4803
19.0000 18.2760
19.0000 18.0451
19.0000 18.9244
19.0000 17.9903
19.0000 19.0074
19.0000 19.3081
19.0000 18.1937
19.0000 17.9432
19.0000 17.8413
19.0000 19.4472
19.0000 17.9545
19.0000 19.6388
19.0000 18.1548
19.0000 18.4008
19.0000 18.4329
19.0000 18.6700
19.0000 17.2306
19.0000 18.3800
19.0000 18.2230
19.0000 18.3068
19.0000 18.9722
19.0000 18.6366
19.0000 18.6204
19.0000 18.5912
19.0000 18.3544
19.0000 19.1713
19.0000 18.8890
19.0000 18.0782
19.0000 18.5219
19.0000 17.7237
19.0000 18.9885
19.0000 18.5252
19.0000 18.2673
19.0000 18.9409
19.0000 18.3478
19.0000 18.3685
19.0000 19.6700
19.0000 18.3741
19.0000 18.6967
19.0000 18.5850
19.0000 18.9914
19.0000 18.9389
19.0000 19.2290
19.0000 18.7887
19.0000 18.2292
19.0000 19.2716
19.0000 19.1899
19.0000 18.6332
19.0000 18.5527
19.0000 18.0124
19.0000 18.4115
19.0000 18.0993
19.0000 18.8030
19.0000 18.7373
19.0000 18.3088
19.0000 18.3307
19.0000 19.1663
19.0000 18.5491
19.0000 18.4634
19.0000 19.0845
19.0000 18.0998
19.0000 19.0286
19.0000 18.4806
19.0000 19.1583
19.0000 18.9037
19.0000 18.3959
19.0000 18.4427
19.0000 18.3374
19.0000 18.6092
19.0000 18.1570
19.0000 18.4862
19.0000 18.3950
19.0000 18.2551
19.0000 18.7513
19.0000 17.8440
19.0000 17.9234
19.0000 18.1430
19.0000 18.6042
19.0000 18.0984
19.0000 18.4177
19.0000 18.2765
19.0000 18.4100
19.0000 18.2541
19.0000 19.7355
19.0000 18.5184
19.0000 18.2329
19.0000 18.7638
19.0000 18.5666
19.0000 17.9549
19.0000 17.9869
19.0000 19.2699
19.0000 19.0905
19.0000 19.6670
19.0000 18.1610
19.0000 17.9355
19.0000 17.2005
19.0000 17.9479
19.0000 18.7459
19.0000 18.4571
19.0000 19.0304
19.0000 19.6640
19.0000 18.1354
19.0000 18.8892
19.0000 17.8925
19.0000 19.2089
19.0000 18.0755
19.0000 17.5828
19.0000 18.7425
19.0000 17.7776
19.0000 18.9486
19.0000 18.2483
19.0000 17.9354
19.0000 17.5963
19.0000 19.5342
19.0000 18.2641
19.0000 18.8489
19.0000 17.8127
19.0000 19.2918
19.0000 18.5365
19.0000 18.3546
19.0000 17.8157
19.0000 19.0505
19.0000 18.3047
19.0000 18.0986
19.0000 18.2719
19.0000 18.9878
19.0000 19.6680
19.0000 18.8536
19.0000 19.0089
19.0000 17.4532
19.0000 18.7993
19.0000 18.6208
19.0000 18.5697
19.0000 17.9247
19.0000 19.2777
19.0000 18.8751
19.0000 19.0061
19.0000 18.4301
19.0000 18.8299
19.0000 18.9606
19.0000 18.5152
19.0000 18.2607
19.0000 18.1258
19.0000 18.3287
19.0000 18.6281
19.0000 19.8457
19.0000 18.7412
19.0000 18.1078
19.0000 18.6063
19.0000 18.2420
19.0000 18.8106
19.0000 18.1749
19.0000 18.8756
19.0000 18.2739
19.0000 17.8061
19.0000 19.1879
19.0000 18.2551
19.0000 18.1112
19.0000 18.1840
19.0000 17.6556
19.0000 19.3097
19.0000 18.5959
19.0000 18.6908
19.0000 18.5198
19.0000 17.9247
19.0000 18.6888
19.0000 19.2767
19.0000 18.6367
19.0000 19.0159
19.0000 17.3197
19.0000 18.4338
19.0000 19.1210
19.0000 18.4522
19.0000 18.3035
19.0000 19.4353
19.0000 17.8723
19.0000 17.5183
19.0000 18.7344
19.0000 18.1937
19.0000 18.6984
19.0000 17.7107
19.0000 18.3448
19.0000 18.1490
19.0000 18.7972
19.0000 17.8794
19.0000 18.8790
19.0000 18.2919
19.0000 18.1429
19.0000 18.3482
19.0000 18.3647
19.0000 18.6159
19.0000 17.9368
19.0000 19.1001
19.0000 19.3470
19.0000 18.5200
19.0000 18.9350
19.0000 19.2634
19.0000 17.8557
19.0000 18.8694
19.0000 19.4273
19.0000 18.7004
19.0000 18.5808
19.0000 18.1079
19.0000 19.0567
19.0000 18.6136
19.0000 17.9614
19.0000 18.8327
19.0000 18.1520
19.0000 18.7671
19.0000 18.9095
19.0000 18.7292
19.0000 18.5115
19.0000 18.1736
19.0000 19.5842
19.0000 18.1807
19.0000 18.5083
19.0000 19.3271
19.0000 19.4884
19.0000 18.5134
19.0000 18.3878
19.0000 19.2865
19.0000 18.3677
19.0000 19.1011
19.0000 18.5270
19.0000 17.5646
19.0000 20.1842
19.0000 18.5016
19.0000 17.8379
19.0000 19.3943
19.0000 17.9710
19.0000 18.5570
19.0000 18.3126
19.0000 19.1891
19.0000 18.4622
19.0000 18.1178
19.0000 18.9919
19.0000 19.2258
19.0000 18.0405
19.0000 19.4958
19.0000 17.5205
19.0000 18.5416
19.0000 18.8062
19.0000 18.8807
19.0000 18.6151
19.0000 18.8630
19.0000 18.0465
19.0000 17.8054
19.0000 18.3261
19.0000 18.5851
19.0000 18.5235
19.0000 18.5375
19.0000 18.3927
19.0000 18.6733
19.0000 18.8440
19.0000 18.0412
19.0000 18.1246
19.0000 18.6225
19.0000 18.1688
19.0000 18.1445
19.0000 19.1911
19.0000 19.6599
19.0000 17.5817
19.0000 17.6301
19.0000 17.4804
19.0000 18.1139
19.0000 18.1678
19.0000 18.2864
19.0000 18.1905
19.0000 17.5730
19.0000 18.5701
19.0000 18.7966
19.0000 18.1855
19.0000 18.2507
19.0000 18.7463
19.0000 18.1415
19.0000 18.3980
19.0000 19.1372
19.0000 19.5331
19.0000 17.9211
19.0000 19.1162
19.0000 18.1767
19.0000 18.7908
19.0000 18.1761
19.0000 19.0867
19.0000 18.5029
19.0000 17.0664
19.0000 17.6875
19.0000 17.6174
19.0000 18.6611
19.0000 19.1910
19.0000 19.0096
19.0000 18.2680
19.0000 18.7079
19.0000 19.0156
19.0000 18.2937
19.0000 18.7328
19.0000 18.9023
19.0000 18.8707
19.0000 19.4784
19.0000 18.7036
19.0000 18.4313
19.0000 18.5171
19.0000 18.3209
19.0000 17.9472
19.0000 18.8412
19.0000 18.0642
19.0000 18.3321
19.0000 19.3532
19.0000 18.5080
19.0000 17.9713
19.0000 18.4782
19.0000 18.3345
19.0000 19.1766
19.0000 18.6542
19.0000 18.4321
19.0000 18.5833
19.0000 18.5975
19.0000 17.2405
19.0000 19.2120
19.0000 19.1462
19.0000 19.0550
19.0000 18.6737
19.0000 17.7399
19.0000 18.4967
19.0000 20.0473
19.0000 18.3162
19.0000 18.1325
19.0000 18.4977
19.0000 18.3946
19.0000 18.0407
19.0000 17.7545
19.0000 17.4162
19.0000 19.9577
19.0000 18.4201
19.0000 17.5316
19.0000 18.1949
19.0000 19.0918
19.0000 18.6540
19.0000 18.3593
19.0000 18.3494
19.0000 18.6927
19.0000 18.6700
19.0000 17.6473
19.0000 18.3585
19.0000 18.2935
19.0000 19.2516
19.0000 19.2879
19.0000 20.1285
19.0000 17.5168
19.0000 18.9039
19.0000 19.3683
19.0000 18.0749
19.0000 18.8541
19.0000 18.2019
19.0000 18.8808
19.0000 19.1800
19.0000 19.6111
19.0000 18.8569
19.0000 19.3427
19.0000 18.6749
19.0000 18.4127
19.0000 17.8410
19.0000 19.0315
19.0000 19.1808
19.0000 18.5838
19.0000 17.0936
19.0000 18.5309
19.0000 18.9498
19.0000 18.7365
19.0000 18.2155
19.0000 19.4105
19.0000 18.4822
19.0000 18.7797
19.0000 18.3936
19.0000 18.7718
19.0000 18.0277
19.0000 18.4466
19.0000 18.0522
19.0000 18.5964
19.0000 18.4013
19.0000 18.5041
19.0000 18.5465
19.0000 19.4051
19.0000 18.4434
19.0000 18.6146
19.0000 17.7201
19.0000 19.6342
19.0000 17.9851
19.0000 18.5039
19.0000 16.7726
19.0000 19.4242
19.0000 18.8982
19.0000 18.5344
19.0000 18.8908
19.0000 18.3065
19.0000 18.5247
19.0000 18.6151
19.0000 18.8641
19.0000 18.8417
19.0000 19.4024
19.0000 18.7982
19.0000 19.1898
19.0000 18.6186
19.0000 18.8746
19.0000 17.4731
19.0000 18.9271
19.0000 18.6384
19.0000 18.3620
19.0000 18.6839
19.0000 17.1240
19.0000 18.5508
19.0000 18.0891
19.0000 18.6805
19.0000 19.6940
19.0000 18.4919
19.0000 18.5518
19.0000 18.7435
19.0000 18.8501
19.0000 20.2216
19.0000 18.8493
19.0000 18.0139
19.0000 19.1279
19.0000 18.5782
19.0000 17.9701
19.0000 17.8948
19.0000 18.9478
19.0000 18.2010
19.0000 19.0744
19.0000 18.3490
19.0000 18.3962
19.0000 19.4251
19.0000 18.1512
19.0000 19.1712
19.0000 19.0314
19.0000 17.8831
19.0000 18.9147
19.0000 16.9370
19.0000 18.0137
19.0000 16.8348
19.0000 19.7642
19.0000 17.2915
19.0000 18.5893
19.0000 18.3540
19.0000 18.9123
19.0000 18.4323
19.0000 18.3188
19.0000 19.5702
19.0000 19.0162
19.0000 19.4020
19.0000 18.3980
19.0000 18.4011
19.0000 18.2911
19.0000 19.4407
19.0000 18.2091
19.0000 18.2695
19.0000 18.4228
19.0000 19.1196
19.0000 17.7276
19.0000 18.0927
19.0000 18.0216
19.0000 18.0838
19.0000 19.7288
19.0000 18.1619
19.0000 19.0395
19.0000 18.3032
19.0000 18.1524
19.0000 18.6109
19.0000 17.9991
19.0000 19.3977
19.0000 18.5866
19.0000 18.0425
19.0000 18.9235
19.0000 18.7292
19.0000 18.3676
19.0000 18.7788
19.0000 18.1444
19.0000 17.8801
19.0000 19.0202
19.0000 18.7822
19.0000 19.1508
19.0000 18.8195
19.0000 18.4894
19.0000 18.2453
19.0000 18.4941
19.0000 18.6520
19.0000 18.9561
19.0000 18.7814
19.0000 18.2313
19.0000 19.1316
19.0000 18.3716
19.0000 17.9065
19.0000 18.3529
19.0000 19.3320
19.0000 19.2885
19.0000 18.5700
19.0000 17.8983
19.0000 19.3916
19.0000 18.4864
19.0000 17.8175
19.0000 18.8679
19.0000 20.0871
19.0000 18.4155
19.0000 18.1626
19.0000 18.2551
19.0000 18.9398
19.0000 19.2413
19.0000 18.2851
19.0000 17.4260
19.0000 17.9689
19.0000 18.7534
19.0000 19.3326
19.0000 18.6242
19.0000 17.9548
19.0000 18.8040
19.0000 19.1499
19.0000 18.2760
19.0000 18.6204
19.0000 17.4301
19.0000 18.5061
19.0000 18.8170
19.0000 18.6449
19.0000 18.7905
19.0000 17.8815
19.0000 19.3020
19.0000 19.5923
19.0000 18.2829
19.0000 18.8580
19.0000 18.2630
19.0000 18.2104
19.0000 17.7243
19.0000 18.0692
19.0000 19.0950
19.0000 19.4434
19.0000 17.8280
19.0000 19.4355
19.0000 17.7969
19.0000 18.0427
19.0000 18.7655
19.0000 18.9251
19.0000 18.6466
19.0000 18.8997
19.0000 18.7806
19.0000 18.1356
19.0000 18.2981
19.0000 17.8146
19.0000 17.9406
19.0000 18.3905
19.0000 17.1135
19.0000 17.7755
19.0000 18.0306
19.0000 18.0258
19.0000 17.7030
19.0000 18.6741
19.0000 19.0094
19.0000 18.2332
19.0000 18.9255
19.0000 18.4265
19.0000 18.4252
19.0000 18.0602
19.0000 17.9764
19.0000 19.2468
19.0000 18.4212
19.0000 17.3330
19.0000 17.7838
19.0000 18.3489
19.0000 18.6867
19.0000 18.3960
19.0000 18.6321
19.0000 20.1987
19.0000 18.7792
19.0000 18.3072
19.0000 18.8637
19.0000 18.3214
19.0000 19.1396
19.0000 18.8580
19.0000 18.6553
19.0000 18.1218
19.0000 18.9627
19.0000 18.6375
19.0000 17.9573
19.0000 17.5258
19.0000 17.7764
19.0000 17.6489
19.0000 18.5384
19.0000 17.2606
19.0000 19.5945
19.0000 19.6034
19.0000 18.6511
19.0000 18.3938
19.0000 19.7430
19.0000 18.3040
19.0000 18.4405
19.0000 19.5879
19.0000 19.0050
19.0000 18.6298
19.0000 18.3138
19.0000 18.1796
19.0000 17.5441
19.0000 19.2937
19.0000 17.6742
19.0000 19.0581
19.0000 17.9181
19.0000 18.3837
19.0000 19.4446
19.0000 18.5316
19.0000 18.3603
19.0000 18.9953
19.0000 18.8771
19.0000 18.1150
19.0000 17.4255
19.0000 18.2257
19.0000 18.7092
19.0000 16.8461
19.0000 18.5742
19.0000 18.5015
19.0000 19.0048
19.0000 18.0391
19.0000 18.2630
19.0000 17.9491
19.0000 18.0392
19.0000 17.7079
19.0000 18.5473
19.0000 19.0188
19.0000 18.8553
19.0000 18.1252
19.0000 17.3606
19.0000 17.8785
19.0000 18.8538
19.0000 18.3994
19.0000 17.5496
19.0000 18.7481
19.0000 18.5068
19.0000 18.0841
19.0000 18.0354
19.0000 17.7907
19.0000 17.7791
19.0000 18.3111
19.0000 18.7683
19.0000 18.8353
19.0000 19.3224
19.0000 18.7947
19.0000 19.4061
19.0000 18.6762
19.0000 18.8406
19.0000 18.5500
19.0000 17.5537
19.0000 18.1396
19.0000 18.6649
19.0000 18.3027
19.0000 19.1127
19.0000 17.5438
19.0000 18.3971
19.0000 17.4909
19.0000 17.7510
19.0000 19.2708
19.0000 17.9253
19.0000 18.3156
19.0000 18.3894
19.0000 18.4433
19.0000 17.8265
19.0000 18.7479
19.0000 18.9582
19.0000 18.4660
19.0000 18.6070
19.0000 18.9559
19.0000 17.6564
19.0000 17.7581
19.0000 18.7138
19.0000 18.0656
19.0000 18.2401
19.0000 19.2843
19.0000 18.5148
19.0000 18.5987
19.0000 19.0687
19.0000 17.8520
19.0000 17.6500
19.0000 19.0773
19.0000 18.0515
19.0000 18.8635
19.0000 19.1677
19.0000 18.3790
19.0000 18.4607
19.0000 18.9264
19.0000 19.5500
19.0000 19.4862
19.0000 17.1795
19.0000 19.0999
19.0000 17.4965
19.0000 18.8716
19.0000 19.2320
19.0000 18.2715
19.0000 18.5721
19.0000 17.7985
19.0000 18.6634
19.0000 19.5070
19.0000 20.0893
19.0000 18.5330
19.0000 18.6653
19.0000 18.4253
19.0000 18.2905
19.0000 18.3339
19.0000 18.4548
19.0000 18.9042
19.0000 18.6509
19.0000 18.4898
19.0000 18.8803
19.0000 17.6191
19.0000 17.5740
19.0000 19.3492
19.0000 18.7949
19.0000 18.8703
19.0000 18.6347
19.0000 17.8550
19.0000 18.0625
19.0000 18.3333
19.0000 19.3652
19.0000 18.5628
19.0000 17.5808
19.0000 18.3446
19.0000 17.7118
19.0000 18.4821
19.0000 18.4363
19.0000 17.3003
19.0000 17.6340
19.0000 17.5906
19.0000 18.2146
19.0000 19.8380
19.0000 18.5116
19.0000 19.0514
19.0000 18.6569
19.0000 18.7273
19.0000 18.4831
19.0000 17.9657
19.0000 18.4494
19.0000 19.0621
19.0000 19.5903
19.0000 18.7415
19.0000 18.5149
19.0000 18.7820
19.0000 18.2327
19.0000 19.0446
19.0000 19.5780
19.0000 18.7556
19.0000 18.0592
19.0000 17.9123
19.0000 18.4294
19.0000 18.9508
19.0000 18.3847
19.0000 18.6912
19.0000 17.9697
19.0000 19.1688
19.0000 19.2547
19.0000 18.1580
19.0000 18.9033
19.0000 17.7536
19.0000 18.6533
19.0000 19.2290
19.0000 18.0457
19.0000 17.8216
19.0000 18.8149
19.0000 18.2634
19.0000 18.0077
19.0000 20.1049
19.0000 18.5289
19.0000 18.8191
19.0000 18.2354
19.0000 19.1719
19.0000 19.0159
19.0000 18.5089
19.0000 17.9459
19.0000 17.8632
19.0000 19.5041
19.0000 18.8310
19.0000 19.9877
19.0000 19.2354
19.0000 18.6102
19.0000 18.1975
19.0000 18.3485
19.0000 18.4773
19.0000 18.7874
19.0000 18.9239
19.0000 17.4876
19.0000 19.0954
19.0000 18.9402
19.0000 19.7342
19.0000 17.3942
19.0000 18.3978
19.0000 18.3992
19.0000 19.2327
19.0000 18.0378
19.0000 18.4239
19.0000 17.8819
19.0000 18.2590
19.0000 18.5411
19.0000 18.8243
19.0000 17.7943
19.0000 18.7024
19.0000 18.0849
19.0000 19.3800
19.0000 19.6623
19.0000 17.6628
19.0000 18.3957
19.0000 18.3119
19.0000 19.2587
19.0000 18.9586
19.0000 18.1067
19.0000 18.9598
19.0000 18.1386
19.0000 18.3992
19.0000 18.7655
19.0000 17.3316
19.0000 19.0388
19.0000 17.8574
19.0000 19.2219
19.0000 18.4819
19.0000 18.5397
19.0000 18.5125
19.0000 18.2845
19.0000 18.1086
19.0000 18.9731
19.0000 18.3157
19.0000 18.1308
19.0000 18.9052
19.0000 17.9920
19.0000 18.0269
19.0000 18.7074
19.0000 18.4827
19.0000 17.7981
19.0000 18.6214
19.0000 19.0871
19.0000 19.6356
19.0000 18.2761
19.0000 17.8676
19.0000 18.2214
19.0000 18.8154
19.0000 18.1406
19.0000 17.3911
19.0000 18.7566
19.0000 18.7052
19.0000 18.8033
19.0000 18.1884
19.0000 18.3293
19.0000 17.9675
19.0000 18.9251
19.0000 18.1776
19.0000 18.6645
19.0000 18.5175
19.0000 19.8872
19.0000 19.4914
19.0000 17.3224
19.0000 18.9899
19.0000 19.4588
19.0000 18.0062
19.0000 18.4018
19.0000 18.4258
19.0000 18.1443
19.0000 18.3331
19.0000 18.8447
19.0000 19.0898
19.0000 18.7922
19.0000 18.6117
19.0000 19.2317
19.0000 18.4727
19.0000 17.8080
19.0000 18.8964
19.0000 18.6105
19.0000 18.6280
19.0000 18.6622
19.0000 18.4120
19.0000 18.3238
19.0000 18.5869
19.0000 17.2774
19.0000 18.8488
19.0000 18.3902
19.0000 18.0326
19.0000 17.5739
19.0000 17.9191
19.0000 18.0179
19.0000 18.3417
19.0000 18.5374
19.0000 19.6313
19.0000 18.2399
19.0000 18.6540
19.0000 20.1206
19.0000 18.3689
19.0000 20.1252
19.0000 19.0525
19.0000 19.1447
19.0000 18.6987
19.0000 18.0843
19.0000 18.7894
19.0000 18.8570
19.0000 17.8366
19.0000 18.3182
19.0000 17.6729
19.0000 19.0810
19.0000 17.9514
19.0000 18.7934
19.0000 18.1741
19.0000 18.2430
19.0000 18.8996
19.0000 18.7909
19.0000 18.4188
19.0000 18.4929
19.0000 17.9982
19.0000 18.4617
19.0000 18.2148
19.0000 18.2710
19.0000 18.0001
19.0000 18.5541
19.0000 18.5666
19.0000 18.6093
19.0000 18.6649
19.0000 17.3880
19.0000 19.8361
19.0000 18.1709
19.0000 18.1963
19.0000 18.5783
19.0000 18.3839
19.0000 18.7049
19.0000 17.8456
19.0000 18.5868
19.0000 18.3005
19.0000 18.3023
19.0000 18.1886
19.0000 18.1496
19.0000 18.8537
19.0000 18.5069
19.0000 18.1375
19.0000 18.8093
19.0000 18.1384
19.0000 18.3427
19.0000 17.8774
19.0000 19.1563
19.0000 18.1142
19.0000 18.4640
19.0000 18.2693
19.0000 18.3127
19.0000 18.7076
19.0000 18.8104
19.0000 17.7657
19.0000 19.0173
19.0000 18.7747
19.0000 18.7499
19.0000 19.2951
19.0000 18.5138
19.0000 18.5320
19.0000 18.5130
19.0000 18.0437
19.0000 18.9628
19.0000 19.2065
19.0000 19.3274
19.0000 18.0757
19.0000 18.5413
19.0000 19.5789
19.0000 17.7283
19.0000 19.7207
19.0000 18.9322
19.0000 18.8445
19.0000 18.5560
19.0000 18.3151
19.0000 19.1221
19.0000 18.7389
19.0000 18.1117
19.0000 18.9098
19.0000 18.4138
19.0000 18.2401
19.0000 18.0994
19.0000 18.2237
19.0000 17.8058
19.0000 19.0100
19.0000 18.4057
19.0000 17.7467
19.0000 18.1059
19.0000 17.4345
19.0000 18.9823
19.0000 18.1305
19.0000 18.7659
19.0000 18.3420
19.0000 19.6328
19.0000 18.6283
19.0000 18.8356
19.0000 18.4016
19.0000 18.2216
19.0000 18.9908
19.0000 17.9027
19.0000 19.0206
19.0000 18.3178
19.0000 18.8601
19.0000 18.3974
19.0000 18.9978
19.0000 18.1371
19.0000 17.9429
19.0000 19.1883
19.0000 17.9393
19.0000 18.7236
19.0000 18.9584
19.0000 18.5118
19.0000 19.7991
19.0000 18.3791
19.0000 17.6801
19.0000 18.2225
19.0000 18.5582
19.0000 19.2869
19.0000 18.4290
19.0000 19.0523
19.0000 17.8378
19.0000 17.9060
19.0000 18.0679
19.0000 18.3987
19.0000 17.6451
19.0000 18.9798
19.0000 18.3349
19.0000 18.4447
19.0000 18.9601
19.0000 19.5341
19.0000 18.0254
19.0000 19.0541
19.0000 19.0641
19.0000 18.5986
19.0000 19.0682
19.0000 18.4083
19.0000 18.9465
19.0000 18.6421
19.0000 18.6010
19.0000 18.2924
19.0000 19.6759
19.0000 17.3551
19.0000 17.5211
19.0000 18.2636
19.0000 19.1530
19.0000 19.0787
19.0000 19.5124
19.0000 17.7109
19.0000 18.2657
19.0000 19.3430
19.0000 19.9270
19.0000 18.7706
19.0000 18.8456
19.0000 18.1904
19.0000 18.1538
19.0000 18.7240
19.0000 18.2573
19.0000 18.8654
19.0000 19.1902
19.0000 17.9898
19.0000 19.3150
19.0000 18.7302
19.0000 19.3008
19.0000 18.2921
19.0000 18.5804
19.0000 18.7903
19.0000 17.9064
19.0000 18.6480
19.0000 19.1230
19.0000 18.4645
19.0000 18.1425
19.0000 19.3860
19.0000 18.2677
19.0000 19.2694
19.0000 18.3486
19.0000 18.4189
19.0000 17.2513
19.0000 18.6952
19.0000 19.2889
19.0000 19.0945
19.0000 18.8688
19.0000 17.9643
19.0000 18.4248
19.0000 18.0775
19.0000 17.7622
19.0000 18.1913
19.0000 18.7736
19.0000 18.4639
19.0000 18.5809
19.0000 17.3320
19.0000 18.5354
19.0000 18.3496
19.0000 17.7213
19.0000 17.8325
19.0000 17.8343
19.0000 17.8652
19.0000 18.5063
19.0000 19.1644
19.0000 18.9763
19.0000 19.8158
19.0000 17.7246
19.0000 18.5308
19.0000 17.7957
19.0000 17.5647
19.0000 19.4078
19.0000 19.1981
19.0000 18.5994
19.0000 18.0752
19.0000 18.3352
19.0000 18.2376
19.0000 18.6645
19.0000 17.6045
19.0000 17.6095
19.0000 18.8403
19.0000 18.2619
19.0000 18.9251
19.0000 18.5112
19.0000 18.3656
19.0000 18.0088
19.0000 17.4454
19.0000 17.9254
19.0000 18.7883
19.0000 17.1911
19.0000 18.4499
19.0000 18.5246
19.0000 17.4258
19.0000 19.3067
19.0000 18.3026
19.0000 18.7025
19.0000 18.3289
19.0000 18.3313
19.0000 19.3043
19.0000 17.3146
19.0000 18.6666
19.0000 18.3400
19.0000 18.1924
19.0000 19.3084
19.0000 17.7197
19.0000 18.5794
19.0000 19.4815
19.0000 17.5752
19.0000 17.9387
19.0000 18.0538
19.0000 18.4434
19.0000 18.8573
19.0000 18.6679
19.0000 18.5180
19.0000 18.6192
19.0000 18.6078
19.0000 18.5185
19.0000 19.4031
19.0000 18.4506
19.0000 18.6892
19.0000 17.9128
19.0000 18.6970
19.0000 18.1137
19.0000 19.4685
19.0000 17.0349
19.0000 18.2250
19.0000 18.2709
19.0000 18.2389
19.0000 18.5844
19.0000 17.8792
19.0000 18.2764
19.0000 18.3740
19.0000 19.1133
19.0000 17.7537
19.0000 18.3625
19.0000 18.9120
19.0000 18.7742
19.0000 18.6735
19.0000 18.4601
19.0000 18.5732
19.0000 17.9879
19.0000 18.4582
19.0000 18.7853
19.0000 17.9529
19.0000 18.2482
19.0000 17.8557
19.0000 18.7747
19.0000 18.2720
19.0000 18.0610
19.0000 18.3505
19.0000 18.9863
19.0000 18.5203
19.0000 19.3856
19.0000 18.9946
19.0000 18.5614
19.0000 19.2101
19.0000 19.2253
19.0000 19.0758
19.0000 18.2736
19.0000 18.5647
19.0000 17.8242
19.0000 19.8036
19.0000 18.7323
19.0000 18.3769
19.0000 18.8316
19.0000 17.9284
19.0000 18.7172
19.0000 19.1141
19.0000 18.8634
19.0000 18.3484
19.0000 17.8134
19.0000 18.8004
19.0000 18.7846
19.0000 18.3865
19.0000 18.9579
19.0000 17.9147
19.0000 18.5102
19.0000 18.8279
19.0000 18.1303
19.0000 19.3886
19.0000 18.8898
19.0000 18.6620
19.0000 17.8465
19.0000 18.4744
19.0000 18.5004
19.0000 18.4785
19.0000 17.0270
19.0000 18.4450
19.0000 18.5267
19.0000 18.6213
19.0000 17.7090
19.0000 18.5322
19.0000 18.9794
19.0000 18.4608
19.0000 19.1175
19.0000 18.4093
19.0000 19.2865
19.0000 18.4406
19.0000 19.1512
19.0000 18.2779
19.0000 18.7406
19.0000 18.5993
19.0000 18.8518
19.0000 18.8729
19.0000 19.0755
19.0000 18.1822
19.0000 18.1873
19.0000 19.6563
19.0000 17.7585
19.0000 17.5024
19.0000 17.6820
19.0000 18.3924
19.0000 18.2124
19.0000 18.6402
19.0000 18.5216
19.0000 18.9613
19.0000 19.1467
19.0000 18.3235
19.0000 18.5331
19.0000 18.3379
19.0000 18.5695
19.0000 18.2784
19.0000 18.2673
19.0000 18.0515
19.0000 18.2303
19.0000 18.4217
19.0000 18.1485
19.0000 18.4505
19.0000 19.0517
19.0000 17.1842
19.0000 18.4122
19.0000 18.0943
19.0000 18.7962
19.0000 18.2697
19.0000 19.5133
19.0000 18.5417
19.0000 18.4138
19.0000 18.7846
19.0000 18.5849
19.0000 19.0617
19.0000 18.3174
19.0000 18.2332
19.0000 18.4616
19.0000 20.0694
19.0000 18.6851
19.0000 18.5265
19.0000 18.2634
19.0000 18.7043
19.0000 18.4471
19.0000 17.8846
19.0000 18.4135
19.0000 18.2195
19.0000 19.8459
19.0000 18.4328
19.0000 19.6182
19.0000 18.5759
19.0000 18.7275
19.0000 18.9665
19.0000 18.6280
19.0000 18.0003
19.0000 18.6337
19.0000 18.4945
19.0000 19.2470
19.0000 18.6885
19.0000 18.0208
19.0000 17.8272
19.0000 19.0914
19.0000 18.1077
19.0000 18.2995
19.0000 18.6527
19.0000 18.5850
19.0000 18.4838
19.0000 18.8721
19.0000 18.2696
19.0000 18.9469
19.0000 17.7325
19.0000 20.0024
19.0000 18.3093
19.0000 17.2942
19.0000 18.5500
19.0000 17.4319
19.0000 19.1796
19.0000 17.8517
19.0000 18.5837
19.0000 18.7953
19.0000 18.9351
19.0000 20.0948
19.0000 18.3592
19.0000 18.8499
19.0000 17.8206
19.0000 18.0440
19.0000 19.3403
19.0000 18.6800
19.0000 18.2016
19.0000 18.6968
19.0000 18.6705
19.0000 18.6476
19.0000 18.5054
19.0000 18.4322
19.0000 20.0218
19.0000 18.4414
19.0000 18.8465
19.0000 18.7477
19.0000 17.7197
19.0000 18.7076
19.0000 17.6940
19.0000 19.1929
19.0000 18.9951
19.0000 18.6753
19.0000 18.2859
19.0000 17.7046
19.0000 18.1845
19.0000 19.0319
19.0000 19.0306
19.0000 18.6122
19.0000 19.0958
19.0000 19.4348
19.0000 17.8233
19.0000 17.7480
19.0000 18.5653
19.0000 18.4333
19.0000 18.5492
19.0000 18.9584
19.0000 17.6991
19.0000 18.5167
19.0000 18.8587
19.0000 18.2442
19.0000 19.4046
19.0000 18.7924
19.0000 20.0120
19.0000 18.7190
19.0000 17.6036
19.0000 17.9258
19.0000 18.9380
19.0000 19.2505
19.0000 17.8222
19.0000 19.3379
19.0000 18.5776
19.0000 18.9780
19.0000 18.3510
19.0000 18.9164
19.0000 18.8660
19.0000 17.8289
19.0000 19.5103
19.0000 17.9496
19.0000 18.2395
19.0000 18.1799
19.0000 19.2404
19.0000 19.3498
19.0000 18.5547
19.0000 18.9579
19.0000 18.3111
19.0000 18.6777
19.0000 19.2467
19.0000 19.5353
19.0000 19.6783
19.0000 17.8808
19.0000 18.9903
19.0000 18.2650
19.0000 20.6162
19.0000 19.8087
19.0000 18.4720
19.0000 18.2712
19.0000 17.8809
19.0000 19.2579
19.0000 19.2774
19.0000 17.6255
19.0000 18.8447
19.0000 17.7735
19.0000 18.6004
19.0000 19.2897
19.0000 17.8143
19.0000 20.3058
19.0000 17.8031
19.0000 18.6192
19.0000 18.1142
19.0000 18.5084
19.0000 18.6035
19.0000 18.7581
19.0000 18.1908
19.0000 18.1743
19.0000 17.9050
19.0000 18.0212
19.0000 17.8944
19.0000 18.8810
19.0000 18.1107
19.0000 17.8669
19.0000 19.3283
19.0000 19.3642
19.0000 17.2878
19.0000 18.7492
19.0000 19.0946
19.0000 18.0815
19.0000 19.6274
19.0000 18.9154
19.0000 18.0545
19.0000 18.3593
19.0000 19.4157
19.0000 19.2010
19.0000 16.9147
19.0000 18.7370
19.0000 18.9369
19.0000 17.2572
19.0000 18.7789
19.0000 17.5860
19.0000 18.5808
19.0000 18.7725
19.0000 18.7341
19.0000 17.4622
19.0000 18.3887
19.0000 18.4841
19.0000 18.8572
19.0000 18.8419
19.0000 18.3746
19.0000 18.0433
19.0000 18.1860
19.0000 17.9807
19.0000 18.2349
19.0000 17.8321
19.0000 18.1660
19.0000 19.0137
19.0000 17.5793
19.0000 17.8984
19.0000 17.6938
19.0000 18.1153
19.0000 18.2112
19.0000 19.0196
19.0000 18.3171
19.0000 18.1923
19.0000 18.6604
19.0000 19.5116
19.0000 18.9935
19.0000 18.9236
19.0000 19.1469
19.0000 18.7642
19.0000 18.1893
19.0000 17.9774
19.0000 19.2734
19.0000 18.6021
19.0000 18.2018
19.0000 18.4186
19.0000 19.2085
19.0000 18.5703
19.0000 19.4037
19.0000 18.6706
19.0000 18.1617
19.0000 18.5246
19.0000 18.6076
19.0000 18.0904
19.0000 19.4076
19.0000 18.3762
19.0000 18.8500
19.0000 18.2979
19.0000 18.1607
19.0000 19.4560
19.0000 19.7881
19.0000 18.2343
19.0000 19.3481
19.0000 18.1734
19.0000 18.5206
19.0000 18.3927
19.0000 17.9998
19.0000 18.2247
19.0000 19.4084
19.0000 18.4073
19.0000 17.3035
19.0000 19.3151
19.0000 18.0122
19.0000 18.4728
19.0000 18.5738
19.0000 17.8288
19.0000 18.7678
19.0000 18.4659
19.0000 17.9751
19.0000 18.5470
19.0000 18.2350
19.0000 18.5983
19.0000 17.9806
19.0000 17.4925
19.0000 19.1629
19.0000 19.2675
19.0000 18.9718
19.0000 17.8442
19.0000 18.4404
19.0000 19.0749
19.0000 18.8441
19.0000 19.8116
19.0000 18.4299
19.0000 19.2793
19.0000 18.5534
19.0000 18.7508
19.0000 19.1223
19.0000 18.5553
19.0000 18.2868
19.0000 18.5202
19.0000 18.4098
19.0000 18.8365
19.0000 18.1034
19.0000 17.9609
19.0000 18.6761
19.0000 18.8384
19.0000 17.8987
19.0000 18.9600
19.0000 18.6898
19.0000 17.6020
19.0000 17.4685
19.0000 18.1904
19.0000 18.2114
19.0000 18.5764
19.0000 18.2532
19.0000 17.4395
19.0000 19.1336
19.0000 18.6031
19.0000 18.1559
19.0000 19.6145
19.0000 19.3157
19.0000 18.0728
19.0000 18.5365
19.0000 19.0778
19.0000 18.3379
19.0000 19.6434
19.0000 18.8841
19.0000 18.1031
19.0000 19.2993
19.0000 16.9769
19.0000 18.6454
19.0000 18.2901
19.0000 19.2746
19.0000 18.9831
19.0000 17.8563
19.0000 18.5768
19.0000 18.8069
19.0000 18.8989
19.0000 18.3603
19.0000 18.3035
19.0000 18.5700
19.0000 17.6885
19.0000 19.0924
19.0000 18.6764
19.0000 18.5272
19.0000 19.0895
19.0000 18.2271
19.0000 18.5839
19.0000 18.6684
19.0000 18.4785
19.0000 18.6427
19.0000 18.2974
19.0000 18.6828
19.0000 17.8255
19.0000 18.8791
19.0000 18.7203
19.0000 18.7375
19.0000 18.7397
19.0000 18.3736
19.0000 19.0656
19.0000 18.2233
19.0000 18.8234
19.0000 19.1751
19.0000 17.5793
19.0000 18.9127
19.0000 19.7903
19.0000 18.2739
19.0000 18.7426
19.0000 18.8544
19.0000 18.5898
19.0000 18.2503
19.0000 18.2412
19.0000 18.8386
19.0000 19.0788
19.0000 19.0605
19.0000 18.8059
19.0000 19.0205
19.0000 18.3412
19.0000 19.4311
19.0000 18.3608
19.0000 17.7987
19.0000 18.5881
19.0000 18.5640
19.0000 19.0476
19.0000 18.4112
19.0000 18.3181
19.0000 18.1410
19.0000 18.6184
19.0000 17.4204
19.0000 18.5334
19.0000 18.5712
19.0000 17.3345
19.0000 19.3689
19.0000 17.9351
19.0000 19.7070
19.0000 18.8374
19.0000 18.2238
19.0000 17.3501
19.0000 17.7848
19.0000 19.0686
19.0000 17.7653
19.0000 18.7904
19.0000 18.7398
19.0000 19.1171
19.0000 18.6202
19.0000 18.1655
19.0000 19.4183
19.0000 18.0972
19.0000 19.0029
19.0000 18.3759
19.0000 17.4243
19.0000 19.7999
19.0000 17.8252
19.0000 18.3559
19.0000 17.7207
19.0000 17.9763
19.0000 18.5038
19.0000 18.1852
19.0000 18.2456
19.0000 18.6423
19.0000 18.8722
19.0000 18.7008
19.0000 17.9943
19.0000 18.2846
19.0000 18.0768
19.0000 18.2490
19.0000 18.5894
19.0000 18.0978
19.0000 19.1582
19.0000 18.6734
19.0000 18.5969
19.0000 18.7930
19.0000 18.6294
19.0000 18.2086
19.0000 17.3285
19.0000 18.5787
19.0000 18.0328
19.0000 18.3945
19.0000 18.7672
19.0000 19.2485
19.0000 17.9875
19.0000 18.8754
19.0000 19.2561
19.0000 18.7352
19.0000 18.2961
19.0000 17.6464
19.0000 18.5812
19.0000 18.5658
19.0000 18.3447
19.0000 17.8187
19.0000 18.2852
19.0000 18.3051
19.0000 19.1444
19.0000 18.6272
19.0000 18.8576
19.0000 18.1810
19.0000 18.1005
19.0000 18.7221
19.0000 18.2918
19.0000 18.2695
19.0000 18.5046
19.0000 18.4965
19.0000 18.4441
19.0000 18.7676
19.0000 18.4363
19.0000 18.5718
19.0000 18.7591
19.0000 17.9107
19.0000 18.1196
19.0000 19.7164
19.0000 18.1226
19.0000 18.3702
19.0000 18.1751
19.0000 18.7126
19.0000 18.5164
19.0000 17.6467
19.0000 18.4662
19.0000 18.4618
19.0000 18.6552
19.0000 17.7324
19.0000 18.1938
19.0000 17.9664
19.0000 19.0880
19.0000 17.3750
19.0000 18.3257
19.0000 19.7300
19.0000 18.6993
19.0000 18.0716
19.0000 19.3571
19.0000 18.2590
19.0000 19.7807
19.0000 18.1598
19.0000 18.8734
19.0000 19.3174
19.0000 18.0487
19.0000 18.2887
19.0000 17.7330
19.0000 18.2933
19.0000 18.0477
19.0000 18.6616
19.0000 18.2743
19.0000 18.1795
19.0000 18.5951
19.0000 17.9644
19.0000 17.4627
19.0000 18.3927
19.0000 19.0645
19.0000 18.8937
19.0000 18.2184
19.0000 18.6336
19.0000 18.9491
19.0000 18.4591
19.0000 17.3722
19.0000 16.9914
19.0000 18.6168
19.0000 18.2715
19.0000 17.7583
19.0000 18.5474
19.0000 18.7390
19.0000 17.3619
19.0000 19.8485
19.0000 19.8862
19.0000 18.0434
19.0000 18.7534
19.0000 19.2104
19.0000 18.7815
19.0000 18.0658
19.0000 17.7394
19.0000 18.2225
19.0000 18.5486
19.0000 18.0378
19.0000 18.9831
19.0000 18.1844
19.0000 19.6400
19.0000 18.0964
19.0000 18.0116
19.0000 18.3821
19.0000 18.5498
19.0000 18.4612
19.0000 18.7791
19.0000 18.9286
19.0000 18.2279
19.0000 18.7006
19.0000 18.5340
19.0000 18.6162
19.0000 17.6862
19.0000 18.9414
19.0000 18.9375
19.0000 19.1994
19.0000 18.5246
19.0000 18.8826
19.0000 18.6970
19.0000 18.9467
19.0000 18.3462
19.0000 18.6571
19.0000 18.7630
19.0000 18.4421
19.0000 18.7809
19.0000 17.9794
19.0000 18.6123
19.0000 18.7258
19.0000 18.0430
19.0000 18.4057
19.0000 18.6196
19.0000 18.5189
19.0000 19.2103
19.0000 17.6321
19.0000 18.2110
19.0000 18.9162
19.0000 18.5821
19.0000 19.4997
19.0000 18.5909
19.0000 17.9681
19.0000 19.6883
19.0000 19.2781
19.0000 18.5835
19.0000 17.9871
19.0000 18.1180
19.0000 18.3302
19.0000 18.2331
19.0000 18.4888
19.0000 17.9087
19.0000 18.8958
19.0000 18.5480
19.0000 18.5987
19.0000 17.2576
19.0000 18.8092
19.0000 18.1214
19.0000 18.5667
19.0000 18.0283
19.0000 18.8299
19.0000 18.2213
19.0000 18.5124
19.0000 19.3954
19.0000 19.2655
19.0000 18.5061
19.0000 19.8474
19.0000 19.1356
19.0000 17.8918
19.0000 17.8110
19.0000 18.6167
19.0000 19.0452
19.0000 18.9224
19.0000 17.4253
19.0000 18.9343
19.0000 17.9978
19.0000 18.3750
19.0000 18.3852
19.0000 18.6158
19.0000 18.3887
19.0000 17.8949
19.0000 19.1583
19.0000 18.7149
19.0000 17.8634
19.0000 17.7963
19.0000 17.5011
19.0000 19.4816
19.0000 18.4524
19.0000 17.9344
19.0000 18.6254
19.0000 18.7063
19.0000 18.2977
19.0000 18.3271
19.0000 17.3553
19.0000 17.1943
19.0000 18.8078
19.0000 18.3970
19.0000 18.9234
19.0000 17.6059
19.0000 18.6169
19.0000 18.9408
19.0000 19.5880
19.0000 19.9145
19.0000 18.0202
19.0000 18.6197
19.0000 17.8153
19.0000 17.9454
19.0000 18.7926
19.0000 18.0365
19.0000 18.9257
19.0000 18.3234
19.0000 17.2654
19.0000 18.6308
19.0000 18.5255
19.0000 18.2100
19.0000 18.6019
19.0000 18.1031
19.0000 18.8964
19.0000 18.3521
19.0000 19.0963
19.0000 18.0413
19.0000 19.1672
19.0000 18.9853
19.0000 19.2862
19.0000 18.6943
19.0000 18.3487
19.0000 18.7727
19.0000 18.3672
19.0000 18.6858
19.0000 19.1052
19.0000 18.4570
19.0000 18.0341
19.0000 17.9465
19.0000 17.8389
19.0000 18.1205
19.0000 18.7963
19.0000 18.1477
19.0000 18.6308
19.0000 18.3385
19.0000 17.3284
19.0000 18.0169
19.0000 18.5952
19.0000 19.2297
19.0000 17.8527
19.0000 19.2740
19.0000 18.5294
19.0000 19.3107
19.0000 18.9014
19.0000 18.2971
19.0000 17.7841
19.0000 18.5905
19.0000 17.4498
19.0000 17.4202
19.0000 19.0963
19.0000 19.0320
19.0000 18.4462
19.0000 19.0300
19.0000 17.5216
19.0000 18.4207
19.0000 19.1355
19.0000 18.8330
19.0000 18.5676
19.0000 19.3524
19.0000 19.0187
19.0000 18.6855
19.0000 18.3490
19.0000 18.5025
19.0000 19.7577
19.0000 18.8822
19.0000 18.3604
19.0000 18.3278
19.0000 18.2663
19.0000 19.2355
19.0000 19.9858
19.0000 17.1272
19.0000 18.4710
19.0000 18.5236
19.0000 19.3983
19.0000 17.4024
19.0000 18.6514
19.0000 18.4014
19.0000 19.1940
19.0000 18.2773
19.0000 18.1776
19.0000 18.3725
19.0000 18.3082
19.0000 17.8338
19.0000 18.3507
19.0000 18.9091
19.0000 19.2420
19.0000 18.6115
19.0000 18.7881
19.0000 17.9096
19.0000 18.4260
19.0000 17.5758
19.0000 19.2702
19.0000 18.7668
19.0000 18.8310
19.0000 18.4935
19.0000 17.4539
19.0000 19.6693
19.0000 18.7562
