23.0000 22.2218
23.0000 22.9877
23.0000 22.8395
23.0000 21.8580
23.0000 23.6006
23.0000 23.3657
23.0000 22.0235
23.0000 23.1059
23.0000 22.7903
23.0000 22.7926
23.0000 22.7623
23.0000 23.0755
23.0000 22.9749
23.0000 22.7187
23.0000 23.5854
23.0000 23.3986
23.0000 23.4570
23.0000 23.2296
23.0000 22.6780
23.0000 23.1123
23.0000 23.4121
23.0000 22.1828
23.0000 23.9210
23.0000 23.4174
23.0000 23.1372
23.0000 22.9557
23.0000 22.7626
23.0000 22.7810
23.0000 22.9948
23.0000 23.1680
23.0000 23.2246
23.0000 23.3068
23.0000 22.9001
23.0000 22.8760
23.0000 23.8921
23.0000 22.8109
23.0000 23.6361
23.0000 22.7959
23.0000 23.5191
23.0000 22.8952
23.0000 22.8316
23.0000 23.0064
23.0000 22.9632
23.0000 23.6806
23.0000 23.5588
23.0000 23.7750
23.0000 23.3719
23.0000 23.8315
23.0000 23.1571
23.0000 22.9978
23.0000 22.7369
23.0000 22.3168
23.0000 23.3462
23.0000 22.6543
23.0000 22.5564
23.0000 23.3073
23.0000 22.8084
23.0000 22.4228
23.0000 23.4065
23.0000 23.4781
23.0000 22.2570
23.0000 23.2258
23.0000 23.3017
23.0000 23.1900
23.0000 22.6007
23.0000 23.8560
23.0000 22.6382
23.0000 23.3001
23.0000 23.2819
23.0000 22.8844
23.0000 22.1988
23.0000 23.1220
23.0000 23.8332
23.0000 23.8362
23.0000 23.5925
23.0000 22.6738
23.0000 23.4603
23.0000 23.7456
23.0000 22.8131
23.0000 22.8072
23.0000 23.4386
23.0000 22.7755
23.0000 23.7588
23.0000 22.6738
23.0000 21.8971
23.0000 23.1634
23.0000 23.2794
23.0000 22.8906
23.0000 23.4093
23.0000 23.2206
23.0000 24.0339
23.0000 23.9780
23.0000 23.1003
23.0000 23.1508
23.0000 23.6627
23.0000 22.4190
23.0000 24.0832
23.0000 22.8348
23.0000 23.0507
23.0000 22.3353
23.0000 22.3406
23.0000 23.4607
23.0000 23.8376
23.0000 23.3022
23.0000 22.7680
23.0000 23.6372
23.0000 23.5009
23.0000 24.2439
23.0000 24.4189
23.0000 22.9908
23.0000 23.1977
23.0000 23.1055
23.0000 23.1419
23.0000 23.7394
23.0000 23.1592
23.0000 23.3110
23.0000 23.3942
23.0000 22.1576
23.0000 23.0489
23.0000 22.8195
23.0000 23.0810
23.0000 22.1554
23.0000 23.6084
23.0000 22.3538
23.0000 23.4398
23.0000 23.4936
23.0000 22.8023
23.0000 22.7364
23.0000 23.4296
23.0000 23.1857
23.0000 23.3621
23.0000 22.4598
23.0000 23.6213
23.0000 23.5976
23.0000 23.7169
23.0000 24.1363
23.0000 23.3199
23.0000 23.3792
23.0000 24.2881
23.0000 23.6498
23.0000 23.6551
23.0000 24.0570
23.0000 22.9575
23.0000 23.2035
23.0000 22.9504
23.0000 22.4583
23.0000 22.8168
23.0000 22.8351
23.0000 23.5288
23.0000 23.4903
23.0000 23.0882
23.0000 22.0895
23.0000 22.9435
23.0000 23.0491
23.0000 23.5911
23.0000 23.2284
23.0000 23.7829
23.0000 23.1245
23.0000 22.6819
23.0000 22.7185
23.0000 23.1318
23.0000 23.4374
23.0000 22.9850
23.0000 23.7606
23.0000 23.7507
23.0000 23.0174
23.0000 22.9633
23.0000 23.1839
23.0000 23.1184
23.0000 23.6578
23.0000 22.9638
23.0000 22.9358
23.0000 23.1722
23.0000 23.3671
23.0000 23.4068
23.0000 22.6647
23.0000 23.4181
23.0000 22.8995
23.0000 22.7520
23.0000 23.3558
23.0000 23.2741
23.0000 22.3637
23.0000 22.9919
23.0000 23.2339
23.0000 23.3391
23.0000 22.1589
23.0000 23.9651
23.0000 22.1666
23.0000 22.9437
23.0000 24.0475
23.0000 22.9798
23.0000 22.9927
23.0000 23.4426
23.0000 23.0717
23.0000 23.7370
23.0000 22.2739
23.0000 22.6974
23.0000 22.6533
23.0000 22.9277
23.0000 22.8857
23.0000 23.0066
23.0000 23.1254
23.0000 23.4529
23.0000 23.6026
23.0000 22.6173
23.0000 22.7394
23.0000 23.0540
23.0000 23.5660
23.0000 23.0907
23.0000 22.8627
23.0000 22.9386
23.0000 23.3861
23.0000 23.2741
23.0000 23.1718
23.0000 23.6445
23.0000 21.8944
23.0000 23.7628
23.0000 23.3655
23.0000 23.3795
23.0000 22.7412
23.0000 23.4744
23.0000 22.8868
23.0000 22.8121
23.0000 23.6979
23.0000 22.6970
23.0000 23.0483
23.0000 22.6514
23.0000 22.6197
23.0000 22.5964
23.0000 22.2487
23.0000 23.1886
23.0000 22.4508
23.0000 23.6579
23.0000 23.6370
23.0000 23.3758
23.0000 22.9358
23.0000 23.6017
23.0000 22.8869
23.0000 23.3683
23.0000 22.7528
23.0000 22.9864
23.0000 22.9112
23.0000 23.3234
23.0000 23.6734
23.0000 23.0686
23.0000 23.1550
23.0000 23.2316
23.0000 22.3819
23.0000 22.9194
23.0000 22.8445
23.0000 22.4350
23.0000 23.5556
23.0000 23.5427
23.0000 22.5618
23.0000 22.7452
23.0000 23.6129
23.0000 24.0647
23.0000 23.6985
23.0000 23.3566
23.0000 22.4999
23.0000 23.2190
23.0000 23.2555
23.0000 23.8905
23.0000 22.9658
23.0000 23.8003
23.0000 22.6589
23.0000 23.0106
23.0000 23.6153
23.0000 22.7787
23.0000 23.1772
23.0000 22.8432
23.0000 23.8345
23.0000 22.9732
23.0000 23.0921
23.0000 22.9740
23.0000 23.3076
23.0000 23.5235
23.0000 22.8451
23.0000 22.9950
23.0000 23.5462
23.0000 22.7866
23.0000 22.6983
23.0000 23.7667
23.0000 22.9344
23.0000 22.7268
23.0000 23.0268
23.0000 22.8417
23.0000 23.4411
23.0000 23.4118
23.0000 22.9714
23.0000 23.7219
23.0000 23.7303
23.0000 23.1971
23.0000 23.8961
23.0000 23.5271
23.0000 23.4100
23.0000 22.9956
23.0000 22.7545
23.0000 22.4443
23.0000 23.1136
23.0000 23.6213
23.0000 23.2426
23.0000 23.0504
23.0000 23.1743
23.0000 23.3087
23.0000 23.8296
23.0000 24.0082
23.0000 23.0728
23.0000 23.3364
23.0000 22.8124
23.0000 23.0485
23.0000 22.4512
23.0000 23.2288
23.0000 23.9414
23.0000 23.2303
23.0000 23.5097
23.0000 22.9688
23.0000 23.0863
23.0000 23.6452
23.0000 23.7268
23.0000 23.3423
23.0000 22.9582
23.0000 23.4179
23.0000 22.6080
23.0000 23.3144
23.0000 22.8897
23.0000 23.2306
23.0000 23.1776
23.0000 23.5731
23.0000 23.4748
23.0000 22.5332
23.0000 23.4259
23.0000 23.5757
23.0000 22.9947
23.0000 23.1438
23.0000 22.9566
23.0000 23.2117
23.0000 22.6119
23.0000 23.7966
23.0000 23.3115
23.0000 22.7096
23.0000 23.0539
23.0000 22.8653
23.0000 22.4567
23.0000 23.0885
23.0000 23.2949
23.0000 23.1876
23.0000 22.7792
23.0000 23.2082
23.0000 23.5590
23.0000 22.9953
23.0000 23.6246
23.0000 22.9473
23.0000 23.5211
23.0000 22.5142
23.0000 23.0781
23.0000 22.9172
23.0000 23.0150
23.0000 23.1901
23.0000 22.2917
23.0000 22.2388
23.0000 23.4390
23.0000 23.2501
23.0000 23.2960
23.0000 22.7476
23.0000 23.0780
23.0000 23.5092
23.0000 23.1731
23.0000 22.7916
23.0000 22.7722
23.0000 23.1302
23.0000 22.7283
23.0000 22.7008
23.0000 23.5288
23.0000 23.5413
23.0000 23.0530
23.0000 23.3000
23.0000 23.5597
23.0000 22.5246
23.0000 23.1117
23.0000 22.6955
23.0000 23.4134
23.0000 23.2502
23.0000 23.2036
23.0000 23.3244
23.0000 23.3639
23.0000 22.3397
23.0000 23.0334
23.0000 23.6107
23.0000 22.8812
23.0000 22.6006
23.0000 23.3857
23.0000 23.1556
23.0000 23.3980
23.0000 23.3678
23.0000 22.8327
23.0000 22.7414
23.0000 23.4199
23.0000 22.8481
23.0000 22.5781
23.0000 22.8101
23.0000 23.3708
23.0000 22.7887
23.0000 23.0853
23.0000 23.0438
23.0000 23.5220
23.0000 22.7016
23.0000 23.1765
23.0000 23.6499
23.0000 22.5399
23.0000 23.1260
23.0000 22.5395
23.0000 22.9142
23.0000 23.0056
23.0000 22.6096
23.0000 24.1348
23.0000 23.2581
23.0000 22.7457
23.0000 22.4645
23.0000 22.9418
23.0000 22.9172
23.0000 23.6081
23.0000 23.3286
23.0000 22.8150
23.0000 22.8905
23.0000 23.0173
23.0000 23.9533
23.0000 23.5669
23.0000 23.3559
23.0000 23.5832
23.0000 23.0778
23.0000 23.2826
23.0000 23.2320
23.0000 23.0147
23.0000 23.2329
23.0000 23.1139
23.0000 23.5513
23.0000 23.4644
23.0000 22.7679
23.0000 23.2456
23.0000 23.1343
23.0000 24.2458
23.0000 22.7997
23.0000 22.9543
23.0000 23.9958
23.0000 22.6123
23.0000 23.6412
23.0000 23.5888
23.0000 22.7228
23.0000 22.4840
23.0000 23.9094
23.0000 22.2681
23.0000 22.9228
23.0000 23.1546
23.0000 23.5855
23.0000 23.4634
23.0000 23.1588
23.0000 22.9836
23.0000 22.8157
23.0000 23.4823
23.0000 22.7141
23.0000 22.2582
23.0000 22.8212
23.0000 24.0985
23.0000 22.7289
23.0000 23.5431
23.0000 23.1560
23.0000 23.5771
23.0000 22.3552
23.0000 23.0395
23.0000 22.5999
23.0000 23.3662
23.0000 22.6508
23.0000 22.8184
23.0000 23.4360
23.0000 22.9492
23.0000 22.8992
23.0000 24.0872
23.0000 22.6204
23.0000 23.4184
23.0000 23.2802
23.0000 23.2298
23.0000 23.4974
23.0000 22.7997
23.0000 22.8217
23.0000 23.0374
23.0000 22.3492
23.0000 23.0766
23.0000 22.9153
23.0000 23.1831
23.0000 23.7526
23.0000 23.2662
23.0000 21.5614
23.0000 22.5295
23.0000 23.4254
23.0000 23.2692
23.0000 23.8821
23.0000 22.8945
23.0000 22.4623
23.0000 22.3661
23.0000 22.9276
23.0000 22.0107
23.0000 22.9746
23.0000 23.6568
23.0000 22.8103
23.0000 23.1639
23.0000 23.5178
23.0000 23.1533
23.0000 23.7993
23.0000 23.2699
23.0000 23.0642
23.0000 23.7042
23.0000 23.2190
23.0000 23.5172
23.0000 24.0574
23.0000 23.1035
23.0000 24.0312
23.0000 23.5351
23.0000 23.3302
23.0000 23.6001
23.0000 23.2287
23.0000 22.5352
23.0000 23.6778
23.0000 23.5256
23.0000 23.5628
23.0000 22.6896
23.0000 22.9087
23.0000 22.9893
23.0000 23.5517
23.0000 23.3551
23.0000 23.4566
23.0000 23.8546
23.0000 23.2407
23.0000 23.5344
23.0000 22.7484
23.0000 23.3863
23.0000 22.7814
23.0000 23.0207
23.0000 23.3067
23.0000 23.0765
23.0000 22.9064
23.0000 22.9498
23.0000 23.4946
23.0000 23.0146
23.0000 22.9118
23.0000 22.6297
23.0000 23.3074
23.0000 23.1247
23.0000 22.8881
23.0000 22.5018
23.0000 23.0610
23.0000 23.2362
23.0000 23.7452
23.0000 22.4849
23.0000 23.1957
23.0000 23.6321
23.0000 23.7844
23.0000 24.0951
23.0000 23.1077
23.0000 23.1479
23.0000 23.6521
23.0000 23.0607
23.0000 23.2281
23.0000 22.7934
23.0000 22.2468
23.0000 23.6374
23.0000 22.7717
23.0000 23.0295
23.0000 23.2098
23.0000 22.8294
23.0000 22.7218
23.0000 23.9351
23.0000 24.0200
23.0000 23.3620
23.0000 22.8647
23.0000 22.8401
23.0000 22.9554
23.0000 23.6142
23.0000 23.0647
23.0000 23.0226
23.0000 24.5010
23.0000 23.5487
23.0000 23.1561
23.0000 22.9675
23.0000 23.4929
23.0000 23.0517
23.0000 22.7535
23.0000 23.3755
23.0000 22.9664
23.0000 22.6949
23.0000 22.5279
23.0000 23.4991
23.0000 23.3524
23.0000 23.8131
23.0000 22.6266
23.0000 23.0815
23.0000 23.0631
23.0000 23.0002
23.0000 22.9985
23.0000 22.7908
23.0000 23.6554
23.0000 23.2119
23.0000 23.3294
23.0000 23.3914
23.0000 23.4432
23.0000 21.9033
23.0000 23.3186
23.0000 22.8780
23.0000 22.8228
23.0000 22.8091
23.0000 23.5580
23.0000 23.0432
23.0000 23.0284
23.0000 23.1055
23.0000 23.6715
23.0000 22.8341
23.0000 23.2352
23.0000 23.1132
23.0000 22.9123
23.0000 23.5283
23.0000 22.6663
23.0000 23.8309
23.0000 22.9716
23.0000 23.5944
23.0000 22.8693
23.0000 22.7448
23.0000 23.5389
23.0000 23.2447
23.0000 22.9792
23.0000 22.7523
23.0000 23.1805
23.0000 23.5779
23.0000 23.5785
23.0000 22.9887
23.0000 23.3742
23.0000 23.3014
23.0000 23.2321
23.0000 24.0867
23.0000 22.9864
23.0000 23.8212
23.0000 22.8902
23.0000 22.5193
23.0000 23.5797
23.0000 22.7797
23.0000 24.0277
23.0000 23.0396
23.0000 22.7468
23.0000 23.6179
23.0000 23.3079
23.0000 22.7987
23.0000 23.9076
23.0000 23.4592
23.0000 23.0977
23.0000 22.4596
23.0000 23.2908
23.0000 22.5754
23.0000 23.0051
23.0000 23.2188
23.0000 21.9597
23.0000 22.3471
23.0000 23.6469
23.0000 22.8824
23.0000 23.7866
23.0000 22.4247
23.0000 23.4866
23.0000 22.3511
23.0000 23.4850
23.0000 22.5067
23.0000 23.2981
23.0000 23.1434
23.0000 23.2108
23.0000 23.1111
23.0000 22.9751
23.0000 22.8330
23.0000 23.2475
23.0000 23.5239
23.0000 23.1557
23.0000 22.8137
23.0000 23.4398
23.0000 23.2321
23.0000 23.0052
23.0000 22.5941
23.0000 22.7333
23.0000 23.9455
23.0000 22.9481
23.0000 23.3163
23.0000 22.8616
23.0000 23.3253
23.0000 22.2772
23.0000 22.8546
23.0000 22.2446
23.0000 23.1995
23.0000 23.4362
23.0000 22.7191
23.0000 22.8696
23.0000 23.2565
23.0000 22.5151
23.0000 22.3568
23.0000 22.8503
23.0000 24.0212
23.0000 23.1139
23.0000 23.0906
23.0000 23.0445
23.0000 23.4600
23.0000 22.8611
23.0000 23.8783
23.0000 22.3389
23.0000 22.6917
23.0000 22.5115
23.0000 23.8419
23.0000 23.7249
23.0000 22.7720
23.0000 23.2031
23.0000 23.7968
23.0000 22.8958
23.0000 23.8157
23.0000 23.8235
23.0000 22.8957
23.0000 23.6638
23.0000 22.8372
23.0000 22.9902
23.0000 22.4196
23.0000 24.1801
23.0000 23.1249
23.0000 23.8187
23.0000 22.6909
23.0000 22.6430
23.0000 23.5819
23.0000 22.8159
23.0000 22.6350
23.0000 22.7847
23.0000 23.6069
23.0000 23.1942
23.0000 23.3347
23.0000 22.6211
23.0000 22.1945
23.0000 23.1158
23.0000 23.2723
23.0000 23.1506
23.0000 23.0339
23.0000 23.3417
23.0000 23.7463
23.0000 24.2041
23.0000 23.8290
23.0000 23.6322
23.0000 23.3649
23.0000 23.5991
23.0000 22.9348
23.0000 22.9517
23.0000 22.6339
23.0000 23.1085
23.0000 23.1510
23.0000 22.6649
23.0000 23.4246
23.0000 23.2018
23.0000 22.9594
23.0000 22.7985
23.0000 22.5448
23.0000 22.8072
23.0000 23.4669
23.0000 22.7648
23.0000 22.6761
23.0000 24.0338
23.0000 22.9270
23.0000 23.4976
23.0000 22.7337
23.0000 23.0804
23.0000 23.5366
23.0000 23.1538
23.0000 21.5059
23.0000 22.6895
23.0000 23.0473
23.0000 23.2087
23.0000 23.6572
23.0000 23.3327
23.0000 23.3303
23.0000 23.4071
23.0000 23.0213
23.0000 23.8944
23.0000 23.0461
23.0000 23.7388
23.0000 23.2368
23.0000 22.7455
23.0000 24.0780
23.0000 23.5355
23.0000 23.7171
23.0000 24.3008
23.0000 22.9249
23.0000 23.4626
23.0000 23.0859
23.0000 22.8951
23.0000 23.7161
23.0000 23.5371
23.0000 23.4087
23.0000 23.6266
23.0000 23.5507
23.0000 23.1295
23.0000 23.4875
23.0000 23.4163
23.0000 23.3607
23.0000 22.8868
23.0000 23.4142
23.0000 23.1812
23.0000 23.0068
23.0000 22.3886
23.0000 23.0496
23.0000 23.4268
23.0000 23.0143
23.0000 23.4309
23.0000 23.3767
23.0000 22.9218
23.0000 23.1415
23.0000 23.3039
23.0000 23.3606
23.0000 22.7132
23.0000 22.9421
23.0000 23.6056
23.0000 22.5649
23.0000 22.6714
23.0000 23.4340
23.0000 23.9256
23.0000 22.6427
23.0000 23.9005
23.0000 22.3716
23.0000 23.0935
23.0000 23.0836
23.0000 23.5831
23.0000 23.1268
23.0000 23.0020
23.0000 23.2016
23.0000 22.9813
23.0000 22.8730
23.0000 23.3777
23.0000 22.8669
23.0000 23.3554
23.0000 23.5494
23.0000 23.2235
23.0000 22.7473
23.0000 22.5615
23.0000 23.6779
23.0000 24.0051
23.0000 23.2624
23.0000 22.7221
23.0000 23.0823
23.0000 23.4811
23.0000 24.2556
23.0000 23.2569
23.0000 23.0094
23.0000 22.3912
23.0000 23.4271
23.0000 22.3142
23.0000 23.1113
23.0000 22.6606
23.0000 23.6218
23.0000 22.2947
23.0000 23.0662
23.0000 23.2132
23.0000 23.4635
23.0000 23.1561
23.0000 23.1322
23.0000 23.0542
23.0000 22.9450
23.0000 23.3542
23.0000 23.7434
23.0000 23.0262
23.0000 23.8966
23.0000 23.2998
23.0000 23.1465
23.0000 22.7850
23.0000 23.3592
23.0000 22.1651
23.0000 23.1790
23.0000 24.1266
23.0000 23.2644
23.0000 22.7079
23.0000 23.3793
23.0000 23.2608
23.0000 23.1492
23.0000 22.2954
23.0000 22.9958
23.0000 23.3654
23.0000 23.7116
23.0000 22.9363
23.0000 22.0089
23.0000 23.4459
23.0000 23.2515
23.0000 23.4301
23.0000 23.9880
23.0000 22.4357
23.0000 23.0467
23.0000 23.4746
23.0000 23.7233
23.0000 22.4056
23.0000 22.6578
23.0000 23.4822
23.0000 24.1954
23.0000 23.3972
23.0000 22.8562
23.0000 23.0814
23.0000 22.8988
23.0000 23.5750
23.0000 21.9715
23.0000 23.6836
23.0000 23.3612
23.0000 23.8335
23.0000 22.7945
23.0000 22.9073
23.0000 22.6717
23.0000 23.0203
23.0000 22.3375
23.0000 23.3020
23.0000 23.7709
23.0000 22.6549
23.0000 23.1635
23.0000 22.5300
23.0000 22.8041
23.0000 23.0194
23.0000 22.8051
23.0000 23.6490
23.0000 22.7608
23.0000 23.7070
23.0000 23.6127
23.0000 23.7425
23.0000 23.0186
23.0000 23.4152
23.0000 23.6473
23.0000 23.4037
23.0000 23.4199
23.0000 23.5064
23.0000 23.1378
23.0000 22.8013
23.0000 23.1783
23.0000 22.7562
23.0000 22.5611
23.0000 22.9384
23.0000 22.8154
23.0000 23.3422
23.0000 22.9847
23.0000 23.2085
23.0000 23.2965
23.0000 23.8358
23.0000 23.7612
23.0000 22.9917
23.0000 22.5777
23.0000 22.8424
23.0000 22.4653
23.0000 23.0282
23.0000 23.0761
23.0000 23.5050
23.0000 22.9116
23.0000 22.9313
23.0000 24.0236
23.0000 23.3813
23.0000 22.3647
23.0000 22.5672
23.0000 23.3603
23.0000 22.7557
23.0000 22.5123
23.0000 22.9759
23.0000 23.0941
23.0000 22.9291
23.0000 23.2689
23.0000 22.5962
23.0000 23.2254
23.0000 22.6217
23.0000 22.6507
23.0000 22.5608
23.0000 23.0513
23.0000 23.4274
23.0000 23.5576
23.0000 23.7148
23.0000 22.7361
23.0000 23.2913
23.0000 22.9496
23.0000 22.2979
23.0000 22.8819
23.0000 22.7839
23.0000 22.0965
23.0000 23.5372
23.0000 21.8419
23.0000 22.5730
23.0000 22.4462
23.0000 23.3666
23.0000 23.3829
23.0000 23.1380
23.0000 23.8109
23.0000 22.8973
23.0000 23.1344
23.0000 23.4832
23.0000 22.9123
23.0000 23.1725
23.0000 23.1678
23.0000 22.8376
23.0000 23.0703
23.0000 22.7453
23.0000 23.2979
23.0000 22.8914
23.0000 23.1522
23.0000 23.9430
23.0000 23.6560
23.0000 22.9318
23.0000 22.0070
23.0000 23.0060
23.0000 22.6525
23.0000 22.6309
23.0000 22.9581
23.0000 23.1619
23.0000 23.4095
23.0000 22.8482
23.0000 23.5527
23.0000 23.2903
23.0000 23.8206
23.0000 23.8575
23.0000 23.0611
23.0000 23.5711
23.0000 23.3874
23.0000 23.1369
23.0000 23.7298
23.0000 22.7751
23.0000 22.8756
23.0000 23.2356
23.0000 22.4397
23.0000 23.0267
23.0000 23.0408
23.0000 24.2596
23.0000 22.6331
23.0000 23.1795
23.0000 23.5496
23.0000 22.9683
23.0000 23.1953
23.0000 23.0837
23.0000 23.9146
23.0000 23.0469
23.0000 23.1215
23.0000 22.7490
23.0000 23.4644
23.0000 23.1982
23.0000 22.8773
23.0000 22.5594
23.0000 23.2973
23.0000 22.9171
23.0000 23.7195
23.0000 23.4603
23.0000 23.1636
23.0000 21.7167
23.0000 23.5885
23.0000 23.0377
23.0000 22.9654
23.0000 23.7142
23.0000 22.6492
23.0000 23.0481
23.0000 22.8939
23.0000 23.3860
23.0000 23.7980
23.0000 23.5314
23.0000 23.4220
23.0000 23.2619
23.0000 23.3323
23.0000 23.0197
23.0000 23.1847
23.0000 23.2401
23.0000 23.7244
23.0000 23.0458
23.0000 23.4769
23.0000 23.3758
23.0000 22.9563
23.0000 23.2328
23.0000 23.0626
23.0000 22.4221
23.0000 23.8095
23.0000 22.9652
23.0000 22.7798
23.0000 23.1361
23.0000 22.8784
23.0000 22.9472
23.0000 22.7917
23.0000 23.8703
23.0000 22.9066
23.0000 23.3264
23.0000 23.4076
23.0000 23.0309
23.0000 23.9895
23.0000 23.6458
23.0000 23.3777
23.0000 22.9773
23.0000 23.6705
23.0000 24.1174
23.0000 23.4693
23.0000 24.0626
23.0000 22.3065
23.0000 24.0452
23.0000 23.4081
23.0000 23.8054
23.0000 23.0476
23.0000 23.2881
23.0000 23.2769
23.0000 21.9187
23.0000 23.5384
23.0000 22.8755
23.0000 23.5571
23.0000 23.4316
23.0000 22.7503
23.0000 22.9538
23.0000 23.4794
23.0000 23.4265
23.0000 23.2159
23.0000 23.1435
23.0000 22.6370
23.0000 23.0535
23.0000 23.0765
23.0000 22.8962
23.0000 22.7998
23.0000 22.7209
23.0000 22.7676
23.0000 22.7205
23.0000 23.3720
23.0000 23.9386
23.0000 23.3831
23.0000 23.4247
23.0000 23.2578
23.0000 23.9144
23.0000 23.1592
23.0000 23.4143
23.0000 23.6432
23.0000 22.2006
23.0000 24.1352
23.0000 22.8354
23.0000 22.7693
23.0000 23.5942
23.0000 21.5638
23.0000 22.8673
23.0000 22.8573
23.0000 22.9166
23.0000 23.2085
23.0000 22.6670
23.0000 23.5513
23.0000 22.9334
23.0000 23.0761
23.0000 23.7676
23.0000 23.0433
23.0000 23.3225
23.0000 23.4831
23.0000 23.0095
23.0000 23.0826
23.0000 22.8126
23.0000 23.1942
23.0000 23.3180
23.0000 23.7614
23.0000 23.4243
23.0000 23.1759
23.0000 23.8679
23.0000 22.7166
23.0000 22.7801
23.0000 24.4473
23.0000 22.4788
23.0000 23.0082
23.0000 22.8263
23.0000 23.5626
23.0000 23.0454
23.0000 23.2576
23.0000 22.6283
23.0000 23.8615
23.0000 22.9291
23.0000 24.0842
23.0000 22.9938
23.0000 23.3273
23.0000 22.4974
23.0000 23.7450
23.0000 23.6643
23.0000 22.7777
23.0000 22.7887
23.0000 23.2395
23.0000 23.0411
23.0000 22.2305
23.0000 23.0673
23.0000 22.6111
23.0000 22.9608
23.0000 23.7379
23.0000 24.2107
23.0000 23.4655
23.0000 23.3131
23.0000 23.6274
23.0000 22.9398
23.0000 23.3001
23.0000 23.1047
23.0000 23.4619
23.0000 23.0973
23.0000 23.0568
23.0000 23.8899
23.0000 23.1827
23.0000 23.2131
23.0000 23.5665
23.0000 24.0040
23.0000 22.5077
23.0000 23.5489
23.0000 23.1321
23.0000 23.7545
23.0000 23.3830
23.0000 23.5337
23.0000 22.4592
23.0000 23.4300
23.0000 23.0950
23.0000 23.2347
23.0000 23.6478
23.0000 23.1548
23.0000 22.8981
23.0000 23.4222
23.0000 23.0371
23.0000 23.1450
23.0000 23.7655
23.0000 22.6793
23.0000 23.0505
23.0000 23.3180
23.0000 23.0062
23.0000 22.9782
23.0000 23.7287
23.0000 23.3514
23.0000 22.2829
23.0000 22.6698
23.0000 23.1100
23.0000 23.0084
23.0000 22.6797
23.0000 22.9737
23.0000 23.1397
23.0000 22.8587
23.0000 23.3055
23.0000 23.5744
23.0000 23.1529
23.0000 23.2735
23.0000 22.7274
23.0000 22.8959
23.0000 23.2982
23.0000 22.6207
23.0000 23.8079
23.0000 23.7195
23.0000 22.5647
23.0000 23.0156
23.0000 23.1966
23.0000 23.0162
23.0000 21.9393
23.0000 22.8368
23.0000 23.0728
23.0000 23.9296
23.0000 22.9878
23.0000 23.2003
23.0000 22.9825
23.0000 23.4006
23.0000 23.3611
23.0000 23.4679
23.0000 23.1985
23.0000 23.1264
23.0000 23.3628
23.0000 22.3151
23.0000 23.0576
23.0000 23.6563
23.0000 22.5469
23.0000 22.2639
23.0000 22.7819
23.0000 23.2871
23.0000 23.1572
23.0000 22.9706
23.0000 23.4870
23.0000 24.1394
23.0000 23.3929
23.0000 23.2599
23.0000 23.1386
23.0000 22.7732
23.0000 22.5536
23.0000 23.0007
23.0000 22.8310
23.0000 22.1762
23.0000 23.2512
23.0000 22.7266
23.0000 22.8444
23.0000 22.5503
23.0000 23.3121
23.0000 22.6827
23.0000 23.1000
23.0000 22.6950
23.0000 22.8898
23.0000 23.1460
23.0000 23.6023
23.0000 23.7855
23.0000 22.4739
23.0000 24.2253
23.0000 22.7234
23.0000 23.2005
23.0000 22.7816
23.0000 23.3513
23.0000 23.5056
23.0000 23.8751
23.0000 23.4966
23.0000 24.1678
23.0000 23.1986
23.0000 22.8812
23.0000 23.4643
23.0000 23.6243
23.0000 23.0121
23.0000 23.1881
23.0000 22.1306
23.0000 22.9277
23.0000 23.0513
23.0000 22.7307
23.0000 22.7910
23.0000 22.9009
23.0000 22.5136
23.0000 22.9935
23.0000 23.2570
23.0000 22.9294
23.0000 23.1782
23.0000 22.5392
23.0000 23.0097
23.0000 24.1032
23.0000 23.5406
23.0000 23.6593
23.0000 22.4160
23.0000 24.8051
23.0000 23.1068
23.0000 23.0012
23.0000 23.6474
23.0000 23.1083
23.0000 22.3353
23.0000 23.2655
23.0000 23.2490
23.0000 22.8990
23.0000 23.2652
23.0000 23.1199
23.0000 24.1501
23.0000 22.5844
23.0000 23.4533
23.0000 22.4069
23.0000 23.0669
23.0000 22.8378
23.0000 23.3193
23.0000 23.7932
23.0000 22.9698
23.0000 22.7153
23.0000 23.1448
23.0000 23.0447
23.0000 22.9366
23.0000 23.0566
23.0000 22.0123
23.0000 23.2072
23.0000 22.7381
23.0000 22.7879
23.0000 23.2614
23.0000 23.0203
23.0000 22.8816
23.0000 23.9137
23.0000 23.5901
23.0000 22.8434
23.0000 23.2172
23.0000 22.8171
23.0000 22.2528
23.0000 23.3719
23.0000 23.8759
23.0000 22.1116
23.0000 23.4355
23.0000 23.2674
23.0000 23.1082
23.0000 22.7770
23.0000 22.5431
23.0000 22.3670
23.0000 22.9677
23.0000 23.4407
23.0000 23.2135
23.0000 23.3378
23.0000 23.6560
23.0000 23.3219
23.0000 23.6421
23.0000 23.4708
23.0000 23.4338
23.0000 23.0191
23.0000 23.2454
23.0000 22.5095
23.0000 23.7626
23.0000 23.4055
23.0000 23.8592
23.0000 23.2311
23.0000 23.1000
23.0000 22.9709
23.0000 23.5152
23.0000 23.1841
23.0000 23.0192
23.0000 23.2199
23.0000 22.9624
23.0000 22.9026
23.0000 24.0255
23.0000 22.9538
23.0000 22.8576
23.0000 23.2783
23.0000 21.9469
23.0000 23.1569
23.0000 23.0804
23.0000 23.6175
23.0000 23.2950
23.0000 22.4739
23.0000 23.0544
23.0000 23.0678
23.0000 23.0980
23.0000 23.6368
23.0000 22.6931
23.0000 22.8058
23.0000 23.4579
23.0000 22.8067
23.0000 22.7856
23.0000 23.1911
23.0000 22.5309
23.0000 23.0418
23.0000 22.8489
23.0000 22.6587
23.0000 22.9841
23.0000 22.7983
23.0000 23.5438
23.0000 22.9024
23.0000 23.5972
23.0000 22.4910
23.0000 23.4655
23.0000 22.4429
23.0000 22.9470
23.0000 23.6530
23.0000 23.4190
23.0000 23.7454
23.0000 22.8766
23.0000 23.4582
23.0000 23.1085
23.0000 23.2060
23.0000 23.6520
23.0000 23.3663
23.0000 22.6240
23.0000 24.0270
23.0000 23.1581
23.0000 24.5139
23.0000 23.0655
23.0000 22.3006
23.0000 23.4005
23.0000 23.3150
23.0000 22.7499
23.0000 23.5055
23.0000 23.1517
23.0000 23.6163
23.0000 23.1783
23.0000 23.5982
23.0000 23.6725
23.0000 22.6757
23.0000 23.2131
23.0000 23.4566
23.0000 22.4852
23.0000 22.9829
23.0000 22.8228
23.0000 22.6799
23.0000 22.7919
23.0000 23.7387
23.0000 22.7600
23.0000 23.1801
23.0000 23.1816
23.0000 22.4666
23.0000 23.6089
23.0000 22.4515
23.0000 22.7992
23.0000 23.4406
23.0000 23.3316
23.0000 23.3900
23.0000 22.2789
23.0000 22.3180
23.0000 23.6571
23.0000 22.4718
23.0000 23.2060
23.0000 22.9782
23.0000 23.9091
23.0000 22.9493
23.0000 22.8368
23.0000 23.3888
23.0000 23.1007
23.0000 23.3766
23.0000 22.6982
23.0000 23.0228
23.0000 22.8996
23.0000 23.3020
23.0000 23.6912
23.0000 22.6990
23.0000 22.8269
23.0000 22.9952
23.0000 24.1714
23.0000 22.9773
23.0000 22.7389
23.0000 23.4798
23.0000 22.9107
23.0000 22.3406
23.0000 22.5831
23.0000 23.1019
23.0000 22.7244
23.0000 23.4855
23.0000 23.3059
23.0000 23.6645
23.0000 22.9627
23.0000 22.7059
23.0000 22.8093
23.0000 23.3445
23.0000 23.7966
23.0000 23.6714
23.0000 23.4133
23.0000 23.3516
23.0000 22.7622
23.0000 23.3232
23.0000 23.2461
23.0000 23.5014
23.0000 23.5722
23.0000 23.7521
23.0000 23.0840
23.0000 23.9651
23.0000 23.5461
23.0000 23.0401
23.0000 22.8964
23.0000 23.3528
23.0000 23.0407
23.0000 22.7173
23.0000 23.7697
23.0000 23.2359
23.0000 22.5602
23.0000 23.3139
23.0000 23.3610
23.0000 22.7328
23.0000 22.5119
23.0000 24.2177
23.0000 23.4626
23.0000 23.5322
23.0000 23.9310
23.0000 23.0530
23.0000 23.1158
23.0000 22.9200
23.0000 23.0057
23.0000 23.5600
23.0000 23.3992
23.0000 23.2620
23.0000 23.1409
23.0000 22.9764
23.0000 23.1129
23.0000 22.7280
23.0000 24.3807
23.0000 23.2504
23.0000 23.6130
23.0000 23.1528
23.0000 23.3253
23.0000 23.0700
23.0000 23.0306
23.0000 23.7546
23.0000 22.9416
23.0000 23.4542
23.0000 23.9649
23.0000 23.5813
23.0000 22.5321
23.0000 22.3781
23.0000 22.9261
23.0000 23.1975
23.0000 22.6964
23.0000 22.9751
23.0000 23.1591
23.0000 22.8755
23.0000 23.0910
23.0000 21.6643
23.0000 22.9342
23.0000 23.5602
23.0000 22.5607
23.0000 23.3109
23.0000 22.8693
23.0000 23.5506
23.0000 23.6203
23.0000 22.9854
23.0000 24.0001
23.0000 22.2464
23.0000 23.6849
23.0000 23.0846
23.0000 23.4854
23.0000 22.5403
23.0000 23.1430
23.0000 22.9806
23.0000 23.9721
23.0000 23.7853
23.0000 22.6829
23.0000 22.5638
23.0000 22.7173
23.0000 22.4379
23.0000 22.8772
23.0000 23.3029
23.0000 23.3434
23.0000 23.4217
23.0000 23.3433
23.0000 22.9199
23.0000 23.1972
23.0000 23.5277
23.0000 23.3360
23.0000 23.5504
23.0000 23.0987
23.0000 22.7969
23.0000 23.5065
23.0000 23.5457
23.0000 23.2869
23.0000 23.3481
23.0000 23.8512
23.0000 22.7861
23.0000 22.9403
23.0000 22.3953
23.0000 21.8762
23.0000 23.1618
23.0000 23.3600
23.0000 23.0775
23.0000 22.3141
23.0000 23.4617
23.0000 22.5580
23.0000 23.1575
23.0000 22.8835
23.0000 22.7380
23.0000 23.9641
23.0000 23.2612
23.0000 23.6212
23.0000 23.3180
23.0000 23.0915
23.0000 23.6477
23.0000 23.0502
23.0000 23.3233
23.0000 23.0324
23.0000 23.0083
23.0000 22.9761
23.0000 23.0018
23.0000 22.8188
23.0000 23.1419
23.0000 23.5031
23.0000 22.7483
23.0000 22.6620
23.0000 23.3814
23.0000 22.3130
23.0000 23.4787
23.0000 23.5237
23.0000 22.8903
23.0000 23.6062
23.0000 23.2849
23.0000 23.1735
23.0000 23.9178
23.0000 23.2394
23.0000 22.3210
23.0000 23.4688
23.0000 22.5010
23.0000 23.8218
23.0000 25.2712
23.0000 22.8007
23.0000 23.0766
23.0000 22.9718
23.0000 23.4619
23.0000 23.3538
23.0000 23.2220
23.0000 23.4221
23.0000 23.2850
23.0000 23.3087
23.0000 22.5445
23.0000 23.4015
23.0000 23.2510
23.0000 23.4031
23.0000 23.1131
23.0000 23.3897
23.0000 22.5435
23.0000 22.1171
23.0000 23.4114
23.0000 23.1222
23.0000 23.3465
23.0000 23.6164
23.0000 23.3157
23.0000 23.1615
23.0000 22.9449
23.0000 23.7019
23.0000 22.6444
23.0000 23.0468
23.0000 23.4157
23.0000 22.9172
23.0000 23.1377
23.0000 23.0796
23.0000 22.6308
23.0000 22.9323
23.0000 23.3882
23.0000 23.4664
23.0000 23.2663
23.0000 22.9953
23.0000 22.2188
23.0000 23.1447
23.0000 22.2024
23.0000 22.6013
23.0000 23.3043
23.0000 22.8293
23.0000 23.1722
23.0000 22.8277
23.0000 23.1290
23.0000 23.6298
23.0000 23.2173
23.0000 22.9150
23.0000 22.1945
23.0000 23.0110
23.0000 23.8894
23.0000 22.8412
23.0000 22.6345
23.0000 23.2207
23.0000 23.1712
23.0000 22.8937
23.0000 22.9908
23.0000 24.1938
23.0000 23.7827
23.0000 23.0382
23.0000 23.4887
23.0000 24.1149
23.0000 23.1933
23.0000 23.1473
23.0000 23.1951
23.0000 22.7961
23.0000 23.2989
23.0000 23.9218
23.0000 23.4983
23.0000 22.9707
23.0000 23.8832
23.0000 23.0706
23.0000 23.2566
23.0000 23.4642
23.0000 21.9603
23.0000 23.6069
23.0000 22.8325
23.0000 21.9592
23.0000 22.5003
23.0000 23.0769
23.0000 23.1038
23.0000 23.3309
23.0000 23.6179
23.0000 23.2536
23.0000 23.4093
23.0000 22.9735
23.0000 23.0795
23.0000 22.7725
23.0000 22.5816
23.0000 23.3226
23.0000 23.1028
23.0000 22.9431
23.0000 23.6375
23.0000 22.7772
23.0000 22.4037
23.0000 24.4419
23.0000 23.9244
23.0000 23.2928
23.0000 23.3670
23.0000 22.6535
23.0000 23.3865
23.0000 22.8329
23.0000 23.1481
23.0000 23.5124
23.0000 22.5722
23.0000 23.3624
23.0000 23.2184
23.0000 23.5786
23.0000 23.3465
23.0000 22.6885
23.0000 23.2259
23.0000 23.5900
23.0000 23.3058
23.0000 22.5147
23.0000 22.4056
23.0000 22.8543
23.0000 22.3380
23.0000 23.1591
23.0000 22.9093
23.0000 23.1932
23.0000 22.6502
23.0000 22.8817
23.0000 22.3748
23.0000 22.6944
23.0000 22.4004
23.0000 22.9859
23.0000 23.4630
23.0000 24.2201
23.0000 23.0892
23.0000 23.1236
23.0000 23.3065
23.0000 22.7862
23.0000 23.7908
23.0000 23.1736
23.0000 23.3452
23.0000 23.3553
23.0000 23.3607
23.0000 23.7195
23.0000 23.5788
23.0000 23.8327
23.0000 23.2486
23.0000 22.9400
23.0000 23.2750
23.0000 23.8854
23.0000 23.6222
23.0000 23.3689
23.0000 22.8896
23.0000 23.8212
23.0000 22.9531
23.0000 22.8622
23.0000 23.5209
23.0000 22.9548
23.0000 22.7189
23.0000 22.8736
23.0000 23.3265
23.0000 23.2881
23.0000 22.7391
23.0000 23.0666
23.0000 22.2717
23.0000 23.1863
23.0000 24.1752
23.0000 22.7020
23.0000 23.0991
23.0000 22.8774
23.0000 23.2590
23.0000 23.1637
23.0000 23.0329
23.0000 22.6677
23.0000 23.5981
23.0000 24.0142
23.0000 23.6767
23.0000 23.3768
23.0000 22.3981
23.0000 23.5722
23.0000 23.1782
23.0000 23.1623
23.0000 22.9819
23.0000 23.0203
23.0000 23.0693
23.0000 22.7288
23.0000 22.8384
23.0000 23.4604
23.0000 23.0782
23.0000 23.7008
23.0000 23.2860
23.0000 23.2470
23.0000 22.8402
23.0000 23.4952
23.0000 23.5362
23.0000 23.0056
23.0000 22.1995
23.0000 22.4986
23.0000 23.2173
23.0000 23.4235
23.0000 22.7532
23.0000 23.6705
23.0000 23.3259
23.0000 23.8381
23.0000 23.7387
23.0000 23.4242
23.0000 22.9062
23.0000 23.1846
23.0000 24.0504
23.0000 22.6791
23.0000 22.5900
23.0000 23.9583
23.0000 23.7316
23.0000 23.2000
23.0000 23.1411
23.0000 21.9293
23.0000 23.4748
23.0000 22.6436
23.0000 22.7425
23.0000 23.3997
23.0000 22.9668
23.0000 22.6512
23.0000 23.1579
23.0000 23.0560
23.0000 22.8416
23.0000 23.3060
23.0000 22.9589
23.0000 23.0574
23.0000 22.8637
23.0000 22.8679
23.0000 23.5516
23.0000 23.5320
23.0000 23.0584
23.0000 23.6673
23.0000 22.9286
23.0000 23.6453
23.0000 22.5612
23.0000 22.7240
23.0000 22.8816
23.0000 23.4315
23.0000 22.0728
23.0000 23.1238
23.0000 23.4873
23.0000 23.4132
23.0000 22.8462
23.0000 22.8621
23.0000 23.1273
23.0000 22.8103
23.0000 23.0403
23.0000 22.9268
23.0000 22.7067
23.0000 22.2575
23.0000 23.4747
23.0000 23.1846
23.0000 22.6383
23.0000 23.1303
23.0000 22.4558
23.0000 23.1264
23.0000 22.8067
23.0000 22.1983
23.0000 23.3226
23.0000 22.5161
23.0000 22.7935
23.0000 23.0615
23.0000 23.7768
23.0000 23.4991
23.0000 23.0731
23.0000 23.2129
23.0000 22.9671
23.0000 22.9081
23.0000 23.7685
23.0000 23.2732
23.0000 22.8685
23.0000 23.3545
23.0000 23.8025
23.0000 23.1125
23.0000 22.9803
23.0000 23.3731
23.0000 23.6554
23.0000 23.5688
23.0000 23.3533
23.0000 22.7304
23.0000 22.6163
23.0000 22.3058
23.0000 22.9827
23.0000 23.3468
23.0000 23.3931
23.0000 23.7376
23.0000 22.6979
23.0000 22.8767
23.0000 23.5280
23.0000 23.6870
23.0000 22.4640
23.0000 22.7540
23.0000 23.0769
23.0000 23.2369
23.0000 23.2871
23.0000 22.4854
23.0000 22.9249
23.0000 23.4286
23.0000 23.2196
23.0000 23.8252
23.0000 23.8206
23.0000 22.8458
23.0000 22.5234
23.0000 23.2776
23.0000 22.1894
23.0000 23.3225
23.0000 22.9703
23.0000 23.3164
23.0000 23.0437
23.0000 22.6483
23.0000 23.5753
23.0000 22.6462
23.0000 22.8553
23.0000 22.2910
23.0000 23.5567
23.0000 24.0102
23.0000 23.5209
23.0000 23.5755
23.0000 23.2727
23.0000 22.9001
23.0000 23.3032
23.0000 23.6357
23.0000 22.9216
23.0000 23.6699
23.0000 22.5769
23.0000 23.5708
23.0000 24.1087
23.0000 23.6133
23.0000 23.1486
23.0000 22.9646
23.0000 23.7095
23.0000 23.6094
23.0000 22.4661
23.0000 22.9546
23.0000 22.6628
23.0000 23.2895
23.0000 24.3691
23.0000 23.0177
23.0000 23.5908
23.0000 23.0964
23.0000 24.1013
23.0000 23.0739
23.0000 22.8634
23.0000 22.7975
23.0000 23.1257
23.0000 23.4380
23.0000 22.8897
23.0000 23.1285
23.0000 22.7575
23.0000 23.0780
23.0000 23.3689
23.0000 23.1797
23.0000 23.0527
23.0000 23.0047
23.0000 23.5754
23.0000 23.5689
23.0000 23.2870
23.0000 22.6151
23.0000 23.7380
23.0000 23.6021
23.0000 23.7748
23.0000 23.7348
23.0000 22.8666
23.0000 22.7608
23.0000 24.2405
23.0000 23.1815
23.0000 23.4209
23.0000 22.9803
23.0000 22.9007
23.0000 24.2581
23.0000 23.7906
23.0000 21.8307
23.0000 22.9016
23.0000 23.8168
23.0000 22.5352
23.0000 22.9080
23.0000 24.0943
23.0000 22.6936
23.0000 22.7043
23.0000 24.1855
23.0000 22.7994
23.0000 23.5547
23.0000 23.4223
23.0000 23.2465
23.0000 23.3864
23.0000 23.4958
23.0000 22.8851
23.0000 23.9481
23.0000 23.0755
23.0000 23.3762
23.0000 22.8077
23.0000 23.2379
23.0000 22.6347
23.0000 23.7395
23.0000 23.1575
23.0000 23.3168
23.0000 22.7657
23.0000 23.8803
23.0000 24.1794
23.0000 22.4216
23.0000 23.1366
23.0000 22.8270
23.0000 22.9368
23.0000 23.1739
23.0000 23.3795
23.0000 22.5071
23.0000 23.4701
23.0000 23.7759
23.0000 23.0635
23.0000 23.2520
23.0000 23.4727
23.0000 22.7299
23.0000 22.6886
23.0000 23.0555
23.0000 23.2329
23.0000 22.9619
23.0000 22.8205
23.0000 22.2381
23.0000 22.7949
23.0000 22.9419
23.0000 23.7164
23.0000 24.1372
23.0000 23.3441
23.0000 22.6784
23.0000 23.1617
23.0000 23.8621
23.0000 23.3324
23.0000 23.1993
23.0000 22.9335
23.0000 22.5833
23.0000 23.0285
23.0000 23.9894
23.0000 23.5487
23.0000 23.2496
23.0000 22.8881
23.0000 23.1922
23.0000 23.0169
23.0000 22.7656
23.0000 23.2864
23.0000 23.7945
23.0000 23.4058
23.0000 22.5379
23.0000 22.8598
23.0000 23.0323
23.0000 22.5682
23.0000 22.6213
23.0000 23.3107
23.0000 22.8548
23.0000 23.6246
23.0000 23.6476
23.0000 23.2771
23.0000 23.3271
23.0000 22.9713
23.0000 23.1247
23.0000 23.0664
23.0000 23.4236
23.0000 22.9217
23.0000 23.2346
23.0000 23.4423
23.0000 23.1538
23.0000 22.7115
23.0000 22.8935
23.0000 23.3117
23.0000 23.4955
23.0000 23.4215
23.0000 23.7859
23.0000 22.8431
23.0000 23.6912
23.0000 23.2159
23.0000 23.5120
23.0000 23.5095
23.0000 23.8731
23.0000 23.4742
23.0000 22.8944
23.0000 22.7934
23.0000 23.4227
23.0000 22.8366
23.0000 22.8971
23.0000 23.7043
23.0000 22.6168
23.0000 23.6665
23.0000 23.0084
23.0000 23.4050
23.0000 23.1818
23.0000 23.2094
23.0000 22.9945
23.0000 23.2519
23.0000 22.6341
23.0000 23.0958
23.0000 23.2591
23.0000 23.6325
23.0000 23.2955
23.0000 22.5803
23.0000 23.3300
23.0000 23.0850
23.0000 23.1669
23.0000 22.8427
23.0000 23.4251
23.0000 23.0928
23.0000 23.2795
23.0000 23.8046
23.0000 23.2243
23.0000 22.9561
23.0000 23.0097
23.0000 23.3853
23.0000 23.1561
23.0000 23.2428
23.0000 23.3862
23.0000 23.0054
23.0000 22.3096
23.0000 23.3280
23.0000 22.0804
23.0000 23.0275
23.0000 22.7034
23.0000 22.3913
23.0000 23.4430
23.0000 22.9600
23.0000 22.9120
23.0000 23.2212
23.0000 22.8608
23.0000 21.8358
23.0000 23.0623
23.0000 22.9914
23.0000 22.9326
23.0000 23.0448
23.0000 23.5051
23.0000 23.9252
23.0000 23.0504
23.0000 23.4916
23.0000 23.3875
23.0000 23.3378
23.0000 23.9663
23.0000 22.6572
23.0000 24.1877
23.0000 23.5361
23.0000 22.5061
23.0000 23.3005
23.0000 23.1331
23.0000 22.6136
23.0000 23.0949
23.0000 23.5573
23.0000 22.9554
23.0000 23.6729
23.0000 22.4116
23.0000 22.5259
23.0000 23.4508
23.0000 22.5543
23.0000 23.5761
23.0000 23.8341
23.0000 23.3039
23.0000 22.6230
23.0000 23.7846
23.0000 23.3921
23.0000 22.3398
23.0000 22.9015
23.0000 23.5349
23.0000 23.0681
23.0000 23.1158
23.0000 21.8504
23.0000 22.8853
23.0000 22.8792
23.0000 23.4372
23.0000 22.4238
23.0000 22.9146
23.0000 23.7161
23.0000 24.1030
23.0000 23.9252
23.0000 22.9728
23.0000 23.7658
23.0000 23.2203
23.0000 23.4099
23.0000 22.8302
23.0000 23.1051
23.0000 23.6835
23.0000 23.0839
23.0000 22.9914
23.0000 22.5238
23.0000 23.8072
23.0000 23.2380
23.0000 23.2109
23.0000 23.8773
23.0000 22.4622
23.0000 23.3197
23.0000 23.0581
23.0000 23.0318
23.0000 23.5811
23.0000 24.3519
23.0000 23.0190
23.0000 23.1996
23.0000 22.8708
23.0000 22.8971
23.0000 22.7969
23.0000 23.3429
23.0000 23.3995
23.0000 22.7088
23.0000 23.1893
23.0000 23.4004
23.0000 23.0824
23.0000 22.5082
23.0000 23.2866
23.0000 22.9609
23.0000 23.0655
23.0000 23.5315
23.0000 22.9947
23.0000 23.1930
23.0000 23.4341
23.0000 22.8652
23.0000 22.7533
23.0000 23.3066
23.0000 23.3375
23.0000 22.7591
23.0000 22.5030
23.0000 23.0513
23.0000 22.9107
23.0000 23.3005
23.0000 22.8191
23.0000 23.3155
23.0000 22.7908
23.0000 22.6908
23.0000 23.4152
23.0000 23.0593
23.0000 23.1653
23.0000 23.7882
23.0000 23.2781
23.0000 22.5212
23.0000 23.3711
23.0000 23.0549
23.0000 21.8408
23.0000 23.7359
23.0000 22.7032
23.0000 22.7355
23.0000 23.2129
23.0000 23.0180
23.0000 22.7050
23.0000 22.6749
23.0000 23.2171
23.0000 23.5824
23.0000 22.6802
23.0000 23.2377
23.0000 23.8292
23.0000 24.1395
23.0000 23.1461
23.0000 23.1429
23.0000 23.4314
23.0000 24.2083
23.0000 22.3863
23.0000 22.8864
23.0000 23.3044
23.0000 23.1054
23.0000 23.9791
23.0000 23.1624
23.0000 22.1818
23.0000 23.3335
23.0000 22.6891
23.0000 23.4092
23.0000 23.1340
23.0000 23.3553
23.0000 23.4538
23.0000 22.7970
23.0000 23.4782
23.0000 22.4185
23.0000 23.7008
23.0000 22.6239
23.0000 23.3916
23.0000 22.6248
23.0000 22.6098
23.0000 23.1969
23.0000 22.7563
23.0000 22.7503
23.0000 22.7000
23.0000 23.0013
23.0000 23.3413
23.0000 23.2311
23.0000 23.3440
23.0000 23.4332
23.0000 23.2654
23.0000 22.1901
23.0000 23.0662
23.0000 23.7907
23.0000 22.5209
23.0000 23.2320
23.0000 23.6879
23.0000 22.3507
23.0000 23.6197
23.0000 23.6765
23.0000 22.8880
23.0000 23.3297
23.0000 23.0018
23.0000 23.0686
23.0000 23.2974
23.0000 23.0065
23.0000 23.1234
23.0000 23.3917
23.0000 22.7032
23.0000 22.9078
23.0000 23.0918
23.0000 22.5509
23.0000 23.4984
23.0000 23.0339
23.0000 23.1660
23.0000 23.0979
23.0000 23.0968
23.0000 23.6563
23.0000 22.7915
23.0000 23.5721
23.0000 22.3091
23.0000 23.3781
23.0000 22.9392
23.0000 23.5294
23.0000 23.1401
23.0000 23.2218
23.0000 21.9942
23.0000 22.6987
23.0000 23.5192
23.0000 23.0168
23.0000 23.4243
23.0000 23.1182
23.0000 23.9678
23.0000 23.1829
23.0000 23.2639
23.0000 23.4221
23.0000 22.4939
23.0000 22.9660
23.0000 23.2860
23.0000 23.4408
23.0000 23.0470
23.0000 23.0486
23.0000 23.5877
23.0000 23.2049
23.0000 23.1822
23.0000 23.9978
23.0000 22.5033
23.0000 23.1908
23.0000 24.1266
23.0000 23.4499
23.0000 22.6265
23.0000 23.2400
23.0000 23.3586
23.0000 23.3093
23.0000 23.3944
23.0000 22.6007
23.0000 23.1995
23.0000 22.6991
23.0000 23.0486
23.0000 22.4276
23.0000 23.3163
23.0000 22.6307
23.0000 24.1575
23.0000 23.2605
23.0000 22.9903
23.0000 23.3442
23.0000 23.5538
23.0000 23.3664
23.0000 22.6852
23.0000 22.6677
23.0000 23.5111
23.0000 22.8575
23.0000 23.7839
23.0000 23.2182
23.0000 22.9733
23.0000 23.2414
23.0000 23.4492
23.0000 22.4692
23.0000 23.8218
23.0000 23.4593
23.0000 23.9879
23.0000 22.6754
23.0000 23.1017
23.0000 23.3542
23.0000 22.9451
23.0000 23.0143
23.0000 22.7507
23.0000 22.1485
23.0000 23.1902
23.0000 23.6952
23.0000 23.2929
23.0000 23.3586
23.0000 23.1625
23.0000 22.9975
23.0000 22.9893
23.0000 23.2150
23.0000 22.8742
23.0000 23.4051
23.0000 22.5126
23.0000 23.4580
23.0000 22.9339
23.0000 22.8926
23.0000 23.7314
23.0000 23.6855
23.0000 23.4785
23.0000 23.1500
23.0000 23.2851
23.0000 23.0734
23.0000 23.1278
23.0000 23.2351
23.0000 23.2204
23.0000 22.7296
23.0000 22.9822
23.0000 23.0461
23.0000 22.8601
23.0000 22.7397
23.0000 23.9013
23.0000 22.8516
23.0000 23.5897
23.0000 23.2018
23.0000 22.3862
23.0000 23.0746
23.0000 22.9563
23.0000 23.1795
23.0000 23.2824
23.0000 23.2439
23.0000 23.3169
23.0000 22.3991
23.0000 23.1321
23.0000 22.5165
23.0000 23.3267
23.0000 23.4731
23.0000 22.3828
23.0000 23.5240
23.0000 23.5083
23.0000 23.3833
23.0000 22.5776
23.0000 23.5962
23.0000 23.3280
23.0000 23.4786
23.0000 23.6073
23.0000 23.4283
23.0000 23.2900
23.0000 22.5630
23.0000 22.6291
23.0000 23.4968
23.0000 22.9340
23.0000 22.4994
23.0000 22.4476
23.0000 22.9924
23.0000 23.3162
23.0000 23.0107
23.0000 22.8171
23.0000 22.6596
23.0000 23.0467
23.0000 23.2768
23.0000 23.3716
23.0000 23.0681
23.0000 22.6609
23.0000 23.7641
23.0000 23.5681
23.0000 23.2565
23.0000 22.7980
23.0000 22.9213
23.0000 22.5286
23.0000 22.6505
23.0000 23.0172
23.0000 24.2576
23.0000 23.4957
23.0000 23.9214
23.0000 22.9377
23.0000 22.9053
23.0000 23.4052
23.0000 23.0588
