26.0000 26.1392
26.0000 26.1157
26.0000 26.8014
26.0000 26.6719
26.0000 26.4593
26.0000 26.7394
26.0000 26.7895
26.0000 27.1383
26.0000 26.7142
26.0000 25.6107
26.0000 26.8808
26.0000 26.6653
26.0000 26.5310
26.0000 26.9309
26.0000 26.5361
26.0000 26.3436
26.0000 26.3298
26.0000 26.2346
26.0000 25.8531
26.0000 25.8692
26.0000 25.7008
26.0000 26.6444
26.0000 25.9082
26.0000 26.5089
26.0000 27.0159
26.0000 26.2663
26.0000 25.9025
26.0000 25.9914
26.0000 26.4126
26.0000 26.2372
26.0000 26.7572
26.0000 26.0387
26.0000 26.3913
26.0000 25.8816
26.0000 25.7035
26.0000 26.3553
26.0000 26.9173
26.0000 26.3873
26.0000 27.2863
26.0000 26.7755
26.0000 26.9681
26.0000 26.6180
26.0000 26.6455
26.0000 27.3287
26.0000 27.8934
26.0000 26.1122
26.0000 26.6886
26.0000 26.6514
26.0000 26.2051
26.0000 26.0566
26.0000 26.1557
26.0000 25.4526
26.0000 27.0214
26.0000 26.8382
26.0000 25.6441
26.0000 26.7055
26.0000 27.4613
26.0000 26.7621
26.0000 26.0280
26.0000 26.9723
26.0000 26.2545
26.0000 25.6210
26.0000 27.0653
26.0000 26.1603
26.0000 26.9985
26.0000 26.4282
26.0000 26.6242
26.0000 26.5274
26.0000 25.8146
26.0000 26.0977
26.0000 25.6111
26.0000 27.2032
26.0000 25.6227
26.0000 26.8085
26.0000 25.7828
26.0000 26.2017
26.0000 26.4109
26.0000 26.6641
26.0000 26.0813
26.0000 25.4354
26.0000 26.2359
26.0000 26.3431
26.0000 26.8488
26.0000 26.6894
26.0000 25.5093
26.0000 26.6059
26.0000 26.1514
26.0000 26.0084
26.0000 26.6366
26.0000 26.2382
26.0000 26.0948
26.0000 26.0317
26.0000 27.1125
26.0000 26.2929
26.0000 25.9365
26.0000 26.6752
26.0000 25.6950
26.0000 25.8957
26.0000 26.0864
26.0000 26.8020
26.0000 26.1294
26.0000 26.5103
26.0000 26.9133
26.0000 25.6506
26.0000 26.9520
26.0000 26.9926
26.0000 25.8930
26.0000 25.7046
26.0000 25.7885
26.0000 26.3085
26.0000 26.9414
26.0000 27.0946
26.0000 26.5128
26.0000 26.2817
26.0000 26.1632
26.0000 27.1882
26.0000 26.5849
26.0000 27.1254
26.0000 26.1388
26.0000 27.1156
26.0000 26.2640
26.0000 26.1671
26.0000 26.5221
26.0000 26.2987
26.0000 25.2883
26.0000 26.1278
26.0000 26.1558
26.0000 26.5816
26.0000 26.4413
26.0000 26.5872
26.0000 26.4405
26.0000 26.2680
26.0000 25.7981
26.0000 27.2268
26.0000 26.6390
26.0000 26.4811
26.0000 26.5825
26.0000 26.8053
26.0000 25.9868
26.0000 25.6029
26.0000 25.8545
26.0000 26.8244
26.0000 26.6274
26.0000 25.7603
26.0000 25.8983
26.0000 24.8582
26.0000 26.0164
26.0000 26.5181
26.0000 26.2348
26.0000 25.8154
26.0000 26.2721
26.0000 25.6290
26.0000 26.6638
26.0000 26.8842
26.0000 25.8749
26.0000 25.9463
26.0000 26.2945
26.0000 26.5468
26.0000 26.3642
26.0000 26.6018
26.0000 26.2374
26.0000 26.6819
26.0000 26.7249
26.0000 26.0361
26.0000 25.7286
26.0000 26.7027
26.0000 26.6211
26.0000 25.9992
26.0000 25.7380
26.0000 26.1362
26.0000 25.9827
26.0000 26.1196
26.0000 26.2371
26.0000 26.2566
26.0000 26.0708
26.0000 26.7903
26.0000 25.7059
26.0000 26.6533
26.0000 25.5945
26.0000 26.6039
26.0000 26.6048
26.0000 26.2949
26.0000 26.0735
26.0000 26.8058
26.0000 26.5281
26.0000 25.8393
26.0000 26.1541
26.0000 27.1545
26.0000 26.2070
26.0000 26.7817
26.0000 25.8783
26.0000 26.2905
26.0000 26.4848
26.0000 26.1417
26.0000 26.0909
26.0000 27.1834
26.0000 26.3834
26.0000 26.6348
26.0000 26.1314
26.0000 26.7816
26.0000 26.4967
26.0000 25.4442
26.0000 26.1257
26.0000 26.4715
26.0000 26.3606
26.0000 26.5330
26.0000 26.0416
26.0000 26.4326
26.0000 25.6518
26.0000 26.8968
26.0000 25.7875
26.0000 26.5285
26.0000 26.8702
26.0000 26.4563
26.0000 26.0474
26.0000 26.9277
26.0000 26.3051
26.0000 26.6852
26.0000 25.9715
26.0000 25.6055
26.0000 26.3148
26.0000 25.9122
26.0000 26.6162
26.0000 25.8952
26.0000 25.9912
26.0000 26.9813
26.0000 26.5076
26.0000 26.4341
26.0000 26.2904
26.0000 26.8518
26.0000 26.4026
26.0000 25.2647
26.0000 26.9142
26.0000 26.6743
26.0000 26.2668
26.0000 26.0835
26.0000 25.8933
26.0000 26.1392
26.0000 25.8527
26.0000 27.0243
26.0000 26.5018
26.0000 26.0305
26.0000 25.9102
26.0000 26.2736
26.0000 26.4338
26.0000 26.9154
26.0000 26.9940
26.0000 25.8113
26.0000 26.8664
26.0000 26.0431
26.0000 25.9853
26.0000 26.8662
26.0000 25.9935
26.0000 26.4910
26.0000 26.4085
26.0000 26.2364
26.0000 26.5363
26.0000 26.7216
26.0000 26.7518
26.0000 25.4349
26.0000 25.9963
26.0000 26.8706
26.0000 26.7424
26.0000 27.5448
26.0000 27.0584
26.0000 26.4171
26.0000 26.6066
26.0000 27.1872
26.0000 25.7697
26.0000 26.5248
26.0000 25.8670
26.0000 25.9201
26.0000 26.0887
26.0000 26.5915
26.0000 26.3680
26.0000 25.8080
26.0000 26.0408
26.0000 26.2891
26.0000 26.5574
26.0000 26.3372
26.0000 26.7696
26.0000 25.8092
26.0000 26.2551
26.0000 25.7241
26.0000 25.9105
26.0000 25.6244
26.0000 26.4895
26.0000 26.9193
26.0000 26.3651
26.0000 27.0338
26.0000 26.7962
26.0000 27.3263
26.0000 26.2021
26.0000 26.2567
26.0000 26.3630
26.0000 25.9966
26.0000 25.9351
26.0000 25.9540
26.0000 25.8670
26.0000 26.3008
26.0000 27.4678
26.0000 26.4945
26.0000 26.6310
26.0000 24.9191
26.0000 26.1887
26.0000 27.2603
26.0000 25.9899
26.0000 25.3917
26.0000 26.4677
26.0000 25.2706
26.0000 25.5230
26.0000 26.4332
26.0000 25.6344
26.0000 27.2470
26.0000 25.7146
26.0000 26.9274
26.0000 26.4364
26.0000 26.4522
26.0000 26.2797
26.0000 26.0342
26.0000 26.3462
26.0000 26.8599
26.0000 26.4838
26.0000 26.3282
26.0000 26.5561
26.0000 26.2759
26.0000 26.9229
26.0000 25.4921
26.0000 25.5049
26.0000 26.5130
26.0000 26.5586
26.0000 26.2116
26.0000 25.8133
26.0000 25.2155
26.0000 26.5932
26.0000 26.4137
26.0000 26.8491
26.0000 26.8212
26.0000 26.4499
26.0000 25.9652
26.0000 26.5657
26.0000 26.2165
26.0000 26.8946
26.0000 26.5500
26.0000 26.5327
26.0000 26.6563
26.0000 26.4472
26.0000 26.0097
26.0000 26.1583
26.0000 26.8142
26.0000 26.1383
26.0000 26.6182
26.0000 26.2323
26.0000 25.4479
26.0000 26.4881
26.0000 26.3201
26.0000 26.5657
26.0000 26.2800
26.0000 26.5815
26.0000 26.6041
26.0000 25.3569
26.0000 26.4038
26.0000 25.7167
26.0000 26.9872
26.0000 26.1749
26.0000 26.4450
26.0000 25.4762
26.0000 25.3193
26.0000 26.0366
26.0000 26.8731
26.0000 26.4772
26.0000 26.3707
26.0000 25.8133
26.0000 25.8471
26.0000 25.9938
26.0000 26.2242
26.0000 26.2746
26.0000 26.8284
26.0000 25.3261
26.0000 26.8015
26.0000 26.2092
26.0000 26.3003
26.0000 26.7076
26.0000 25.9715
26.0000 26.1246
26.0000 27.0858
26.0000 26.7704
26.0000 25.5924
26.0000 26.4471
26.0000 27.2469
26.0000 26.4062
26.0000 25.5849
26.0000 25.6889
26.0000 26.0431
26.0000 26.2429
26.0000 26.4859
26.0000 26.8701
26.0000 26.7165
26.0000 25.7060
26.0000 26.7122
26.0000 26.5121
26.0000 26.7875
26.0000 25.7501
26.0000 26.6851
26.0000 26.1207
26.0000 26.8545
26.0000 25.5933
26.0000 26.0870
26.0000 26.3014
26.0000 25.2233
26.0000 26.5530
26.0000 25.1799
26.0000 25.7851
26.0000 26.3725
26.0000 26.7553
26.0000 26.5278
26.0000 26.3953
26.0000 25.6870
26.0000 26.7489
26.0000 25.4702
26.0000 25.6813
26.0000 26.5693
26.0000 26.2840
26.0000 25.7430
26.0000 26.8522
26.0000 26.1846
26.0000 25.9650
26.0000 26.9339
26.0000 26.2880
26.0000 25.6950
26.0000 26.0142
26.0000 26.0909
26.0000 27.0183
26.0000 26.9157
26.0000 26.1376
26.0000 26.2418
26.0000 26.0026
26.0000 26.1616
26.0000 26.8188
26.0000 26.7283
26.0000 26.3185
26.0000 26.1352
26.0000 26.1176
26.0000 26.3652
26.0000 26.3011
26.0000 25.9572
26.0000 26.5364
26.0000 26.4233
26.0000 26.1256
26.0000 25.9030
26.0000 27.5657
26.0000 27.0869
26.0000 26.6825
26.0000 26.3464
26.0000 26.5248
26.0000 26.5586
26.0000 26.3750
26.0000 26.1424
26.0000 25.7532
26.0000 26.7080
26.0000 27.0972
26.0000 26.4142
26.0000 27.4298
26.0000 25.9500
26.0000 25.7846
26.0000 25.5374
26.0000 26.8708
26.0000 26.0498
26.0000 26.3640
26.0000 26.8337
26.0000 26.1751
26.0000 26.2582
26.0000 26.1835
26.0000 26.9981
26.0000 26.1805
26.0000 26.9579
26.0000 26.8966
26.0000 26.8984
26.0000 26.5758
26.0000 25.6569
26.0000 26.1573
26.0000 27.3864
26.0000 26.7870
26.0000 26.4024
26.0000 26.4024
26.0000 26.5977
26.0000 26.7176
26.0000 26.7217
26.0000 26.5123
26.0000 25.8820
26.0000 26.1280
26.0000 25.7848
26.0000 26.1160
26.0000 25.6260
26.0000 26.0880
26.0000 27.1012
26.0000 25.4179
26.0000 26.4919
26.0000 25.6379
26.0000 26.3299
26.0000 25.7336
26.0000 26.4755
26.0000 26.6293
26.0000 27.1166
26.0000 25.7969
26.0000 25.6178
26.0000 26.1390
26.0000 25.6665
26.0000 26.3928
26.0000 26.4082
26.0000 26.1114
26.0000 25.7257
26.0000 26.6982
26.0000 25.0547
26.0000 25.8893
26.0000 26.8985
26.0000 26.6324
26.0000 27.0530
26.0000 26.7427
26.0000 26.6817
26.0000 26.6587
26.0000 26.5297
26.0000 26.6095
26.0000 26.2052
26.0000 27.2715
26.0000 26.9142
26.0000 26.4267
26.0000 26.7640
26.0000 26.2309
26.0000 26.3988
26.0000 26.2561
26.0000 26.5300
26.0000 25.5792
26.0000 25.9206
26.0000 26.9128
26.0000 26.0078
26.0000 26.5006
26.0000 26.8817
26.0000 26.2634
26.0000 26.2233
26.0000 26.1961
26.0000 26.1207
26.0000 27.1941
26.0000 25.9017
26.0000 25.5702
26.0000 26.3348
26.0000 26.8878
26.0000 26.3542
26.0000 26.3396
26.0000 26.2399
26.0000 25.9676
26.0000 25.7720
26.0000 26.3298
26.0000 26.0897
26.0000 26.7555
26.0000 26.5576
26.0000 26.2624
26.0000 27.1891
26.0000 26.1437
26.0000 26.5321
26.0000 26.2714
26.0000 27.2207
26.0000 26.5681
26.0000 25.4684
26.0000 26.7238
26.0000 26.6362
26.0000 26.5594
26.0000 26.9804
26.0000 27.0706
26.0000 26.4855
26.0000 26.4439
26.0000 25.7819
26.0000 26.1280
26.0000 25.7171
26.0000 26.3325
26.0000 26.6128
26.0000 26.1074
26.0000 26.1044
26.0000 26.8956
26.0000 26.7404
26.0000 25.9593
26.0000 25.7508
26.0000 26.8103
26.0000 27.1636
26.0000 26.5429
26.0000 26.5117
26.0000 26.3188
26.0000 26.3315
26.0000 25.4523
26.0000 26.2322
26.0000 26.1256
26.0000 26.0139
26.0000 25.9859
26.0000 26.5647
26.0000 26.3380
26.0000 25.8455
26.0000 26.4761
26.0000 25.8683
26.0000 26.5217
26.0000 25.6183
26.0000 26.3228
26.0000 26.2621
26.0000 26.3498
26.0000 26.3762
26.0000 26.3273
26.0000 26.5525
26.0000 27.0660
26.0000 26.3618
26.0000 27.0823
26.0000 26.1010
26.0000 25.4599
26.0000 26.3262
26.0000 25.5822
26.0000 26.4708
26.0000 26.1460
26.0000 26.0880
26.0000 26.8451
26.0000 25.6375
26.0000 26.1440
26.0000 26.0343
26.0000 26.2739
26.0000 26.1902
26.0000 26.7215
26.0000 25.9465
26.0000 26.3090
26.0000 26.7502
26.0000 26.3081
26.0000 25.9376
26.0000 26.7114
26.0000 26.3925
26.0000 26.4999
26.0000 26.5006
26.0000 25.8844
26.0000 26.3431
26.0000 26.1054
26.0000 26.6776
26.0000 26.5599
26.0000 26.3596
26.0000 26.2573
26.0000 25.8176
26.0000 26.8275
26.0000 26.5037
26.0000 26.4095
26.0000 26.8715
26.0000 26.3446
26.0000 26.0582
26.0000 25.8435
26.0000 26.4292
26.0000 26.6225
26.0000 26.5509
26.0000 26.4270
26.0000 26.7669
26.0000 26.2166
26.0000 26.1802
26.0000 26.6341
26.0000 26.3562
26.0000 26.6564
26.0000 25.1521
26.0000 26.1929
26.0000 26.2626
26.0000 26.4699
26.0000 25.9339
26.0000 26.3591
26.0000 25.9450
26.0000 26.5318
26.0000 27.3764
26.0000 26.0966
26.0000 26.9313
26.0000 25.8820
26.0000 26.9916
26.0000 26.3934
26.0000 25.6646
26.0000 26.0631
26.0000 26.4851
26.0000 26.4175
26.0000 26.8293
26.0000 26.2941
26.0000 26.5058
26.0000 25.5808
26.0000 26.5599
26.0000 25.6033
26.0000 27.0348
26.0000 26.4513
26.0000 25.9463
26.0000 25.6118
26.0000 26.3861
26.0000 26.2277
26.0000 26.6699
26.0000 25.5846
26.0000 26.0046
26.0000 26.5314
26.0000 26.6695
26.0000 26.1593
26.0000 26.1129
26.0000 26.3653
26.0000 26.3549
26.0000 26.7170
26.0000 25.6805
26.0000 26.8655
26.0000 26.5136
26.0000 27.0280
26.0000 27.1606
26.0000 26.2279
26.0000 26.9266
26.0000 25.2959
26.0000 25.9934
26.0000 27.0489
26.0000 25.8487
26.0000 26.2852
26.0000 26.2013
26.0000 26.6729
26.0000 26.0919
26.0000 25.9883
26.0000 26.2572
26.0000 26.1217
26.0000 25.9109
26.0000 26.5512
26.0000 26.6223
26.0000 26.4585
26.0000 26.2001
26.0000 26.5222
26.0000 25.4792
26.0000 26.7418
26.0000 25.7917
26.0000 26.9536
26.0000 27.2551
26.0000 26.3290
26.0000 26.1861
26.0000 26.5227
26.0000 26.3525
26.0000 25.8731
26.0000 26.4877
26.0000 27.2598
26.0000 25.5004
26.0000 26.1561
26.0000 27.2050
26.0000 26.4706
26.0000 26.4298
26.0000 25.5661
26.0000 26.4814
26.0000 26.2730
26.0000 26.2503
26.0000 26.5640
26.0000 25.7654
26.0000 26.4570
26.0000 26.1328
26.0000 26.4284
26.0000 25.9499
26.0000 26.2152
26.0000 26.1288
26.0000 26.3227
26.0000 25.5882
26.0000 26.4080
26.0000 26.3401
26.0000 25.8900
26.0000 26.4187
26.0000 26.2245
26.0000 26.1439
26.0000 26.1975
26.0000 25.9929
26.0000 25.5816
26.0000 26.3955
26.0000 26.5463
26.0000 26.4668
26.0000 25.7990
26.0000 27.2372
26.0000 26.2392
26.0000 26.8967
26.0000 25.9055
26.0000 26.6119
26.0000 26.3319
26.0000 26.2192
26.0000 27.1662
26.0000 26.2894
26.0000 26.6464
26.0000 26.4741
26.0000 26.3936
26.0000 26.7868
26.0000 26.1011
26.0000 26.5374
26.0000 26.6941
26.0000 25.6089
26.0000 26.3260
26.0000 26.1372
26.0000 26.1974
26.0000 26.2776
26.0000 25.6716
26.0000 26.2559
26.0000 26.6872
26.0000 25.8510
26.0000 26.5112
26.0000 26.5825
26.0000 26.6271
26.0000 26.0228
26.0000 26.3420
26.0000 26.0603
26.0000 26.4325
26.0000 27.0108
26.0000 26.3182
26.0000 25.8900
26.0000 26.3611
26.0000 26.4113
26.0000 26.8162
26.0000 26.5428
26.0000 25.5684
26.0000 26.4633
26.0000 26.4356
26.0000 26.2637
26.0000 26.7335
26.0000 26.2987
26.0000 25.6410
26.0000 26.5768
26.0000 26.1054
26.0000 26.7070
26.0000 25.1182
26.0000 26.1103
26.0000 26.7281
26.0000 25.9610
26.0000 26.6328
26.0000 26.2428
26.0000 26.9305
26.0000 26.5902
26.0000 25.9022
26.0000 26.3596
26.0000 26.3959
26.0000 25.6717
26.0000 25.7591
26.0000 26.2884
26.0000 25.1150
26.0000 25.5883
26.0000 26.7216
26.0000 26.9045
26.0000 26.0596
26.0000 26.7879
26.0000 26.5554
26.0000 26.5982
26.0000 26.8737
26.0000 26.4162
26.0000 26.2779
26.0000 26.7457
26.0000 26.6600
26.0000 26.1926
26.0000 26.8681
26.0000 25.9336
26.0000 26.2267
26.0000 27.1351
26.0000 27.9639
26.0000 25.7856
26.0000 25.9471
26.0000 26.4383
26.0000 25.9196
26.0000 26.0543
26.0000 25.6381
26.0000 26.2627
26.0000 26.3906
26.0000 26.3210
26.0000 26.3897
26.0000 26.6798
26.0000 27.1828
26.0000 26.5064
26.0000 26.3918
26.0000 26.6744
26.0000 26.3603
26.0000 27.0945
26.0000 25.5780
26.0000 26.8068
26.0000 26.3282
26.0000 25.9381
26.0000 26.9729
26.0000 25.7670
26.0000 26.1511
26.0000 26.0299
26.0000 26.3051
26.0000 26.1710
26.0000 26.4385
26.0000 26.5594
26.0000 26.9632
26.0000 25.7103
26.0000 25.7445
26.0000 26.5645
26.0000 26.7449
26.0000 26.7219
26.0000 26.5378
26.0000 26.1934
26.0000 25.9667
26.0000 26.2597
26.0000 26.0640
26.0000 26.2127
26.0000 26.7127
26.0000 25.6703
26.0000 26.5769
26.0000 26.8446
26.0000 26.4678
26.0000 25.9318
26.0000 26.7250
26.0000 26.0674
26.0000 26.5865
26.0000 25.8665
26.0000 26.5869
26.0000 26.9533
26.0000 27.0510
26.0000 25.7606
26.0000 26.1859
26.0000 26.1180
26.0000 26.2233
26.0000 26.6480
26.0000 27.0552
26.0000 25.8293
26.0000 26.7025
26.0000 26.3554
26.0000 26.4640
26.0000 26.9519
26.0000 26.5188
26.0000 25.6709
26.0000 25.9103
26.0000 25.9746
26.0000 26.6270
26.0000 26.4292
26.0000 25.6459
26.0000 26.5506
26.0000 24.6797
26.0000 26.6306
26.0000 26.5968
26.0000 26.0970
26.0000 26.9383
26.0000 26.2692
26.0000 26.2804
26.0000 25.9847
26.0000 25.7876
26.0000 26.5822
26.0000 26.6970
26.0000 25.5537
26.0000 26.5843
26.0000 26.7419
26.0000 26.3898
26.0000 26.6758
26.0000 26.0222
26.0000 26.0850
26.0000 26.4450
26.0000 26.5028
26.0000 27.0311
26.0000 26.0352
26.0000 25.5110
26.0000 26.0458
26.0000 26.6459
26.0000 25.6511
26.0000 26.7220
26.0000 26.2324
26.0000 26.4399
26.0000 26.1645
26.0000 26.0501
26.0000 27.8961
26.0000 27.3325
26.0000 25.8555
26.0000 26.7696
26.0000 25.1496
26.0000 26.5712
26.0000 26.1937
26.0000 25.9513
26.0000 26.7260
26.0000 26.0356
26.0000 26.1067
26.0000 26.4982
26.0000 25.6825
26.0000 26.4135
26.0000 26.0647
26.0000 26.2248
26.0000 26.1278
26.0000 26.5448
26.0000 26.2353
26.0000 26.8753
26.0000 26.1074
26.0000 26.1039
26.0000 26.7834
26.0000 26.4224
26.0000 26.5488
26.0000 26.6261
26.0000 26.0428
26.0000 26.9595
26.0000 26.3456
26.0000 27.2793
26.0000 26.5247
26.0000 27.2803
26.0000 27.3446
26.0000 26.1210
26.0000 25.8732
26.0000 25.9568
26.0000 26.4134
26.0000 26.1428
26.0000 26.0759
26.0000 26.7401
26.0000 25.7053
26.0000 26.0734
26.0000 26.3034
26.0000 27.2249
26.0000 26.1849
26.0000 26.4758
26.0000 26.6342
26.0000 26.1458
26.0000 25.9120
26.0000 25.4443
26.0000 26.0005
26.0000 26.1998
26.0000 26.6003
26.0000 25.8554
26.0000 26.4686
26.0000 25.8625
26.0000 26.7173
26.0000 25.7446
26.0000 26.0797
26.0000 26.9320
26.0000 25.7357
26.0000 27.1938
26.0000 25.9875
26.0000 27.0328
26.0000 25.9162
26.0000 26.8968
26.0000 25.9069
26.0000 26.1721
26.0000 26.1474
26.0000 26.4536
26.0000 25.4723
26.0000 25.8784
26.0000 26.5740
26.0000 26.2384
26.0000 26.4284
26.0000 26.1706
26.0000 25.9900
26.0000 26.1338
26.0000 26.3353
26.0000 26.2039
26.0000 26.9680
26.0000 25.0919
26.0000 27.0904
26.0000 25.9412
26.0000 26.5221
26.0000 26.5832
26.0000 26.3220
26.0000 26.2435
26.0000 26.1652
26.0000 26.0864
26.0000 26.1245
26.0000 26.6817
26.0000 26.4263
26.0000 26.5317
26.0000 26.6497
26.0000 26.9896
26.0000 25.6606
26.0000 26.2648
26.0000 25.9973
26.0000 26.0812
26.0000 26.2520
26.0000 26.5373
26.0000 25.5438
26.0000 26.8858
26.0000 26.9198
26.0000 25.7911
26.0000 26.4808
26.0000 26.3684
26.0000 26.7217
26.0000 25.3593
26.0000 25.5046
26.0000 26.3487
26.0000 26.8397
26.0000 26.3713
26.0000 26.1785
26.0000 25.6842
26.0000 26.5872
26.0000 26.1860
26.0000 26.4373
26.0000 25.7621
26.0000 26.6059
26.0000 26.2361
26.0000 26.1300
26.0000 25.4241
26.0000 26.1399
26.0000 26.4780
26.0000 25.9230
26.0000 26.8775
26.0000 26.6053
26.0000 26.2261
26.0000 26.5858
26.0000 26.5287
26.0000 26.5006
26.0000 26.5853
26.0000 25.8850
26.0000 25.6581
26.0000 26.2734
26.0000 26.3684
26.0000 26.7434
26.0000 26.8540
26.0000 25.8496
26.0000 26.4244
26.0000 26.0718
26.0000 26.5320
26.0000 26.4913
26.0000 26.1250
26.0000 26.3748
26.0000 26.8959
26.0000 26.5080
26.0000 26.3722
26.0000 26.2576
26.0000 26.7726
26.0000 25.1847
26.0000 25.6573
26.0000 26.3748
26.0000 26.2370
26.0000 26.9654
26.0000 25.3287
26.0000 27.1152
26.0000 26.4150
26.0000 26.1918
26.0000 26.4753
26.0000 26.3132
26.0000 26.1670
26.0000 25.9822
26.0000 27.0496
26.0000 27.2618
26.0000 26.2822
26.0000 25.8976
26.0000 26.7456
26.0000 26.0389
26.0000 25.9388
26.0000 26.6942
26.0000 27.1535
26.0000 26.8754
26.0000 26.3079
26.0000 26.6184
26.0000 25.7402
26.0000 26.0720
26.0000 26.0381
26.0000 26.0404
26.0000 26.4121
26.0000 26.4601
26.0000 26.3442
26.0000 26.1886
26.0000 25.9112
26.0000 26.4429
26.0000 26.3473
26.0000 26.4725
26.0000 25.4776
26.0000 24.8872
26.0000 26.2244
26.0000 26.4586
26.0000 26.4347
26.0000 26.0451
26.0000 25.9816
26.0000 25.6291
26.0000 27.4282
26.0000 26.3206
26.0000 26.3185
26.0000 25.7743
26.0000 25.9841
26.0000 26.3545
26.0000 25.7591
26.0000 26.6100
26.0000 26.6819
26.0000 26.3479
26.0000 26.7676
26.0000 26.8271
26.0000 26.4062
26.0000 26.7839
26.0000 26.6999
26.0000 27.2903
26.0000 26.1725
26.0000 26.7886
26.0000 25.5781
26.0000 26.3717
26.0000 25.8872
26.0000 25.9492
26.0000 27.3789
26.0000 25.8734
26.0000 26.4117
26.0000 26.5257
26.0000 26.3261
26.0000 26.7749
26.0000 26.5238
26.0000 26.7660
26.0000 26.5170
26.0000 26.2446
26.0000 26.3060
26.0000 26.3737
26.0000 26.7466
26.0000 26.3906
26.0000 25.7839
26.0000 26.2623
26.0000 26.0684
26.0000 27.0605
26.0000 26.3967
26.0000 26.6312
26.0000 26.5436
26.0000 25.5895
26.0000 27.0465
26.0000 26.2623
26.0000 25.5076
26.0000 26.9104
26.0000 25.6690
26.0000 26.3656
26.0000 27.5298
26.0000 26.7461
26.0000 26.6680
26.0000 26.6095
26.0000 26.6376
26.0000 26.5794
26.0000 25.7755
26.0000 26.4028
26.0000 26.6138
26.0000 26.0008
26.0000 26.6977
26.0000 25.6076
26.0000 26.3498
26.0000 26.0912
26.0000 25.9129
26.0000 26.3013
26.0000 26.4056
26.0000 26.9204
26.0000 26.5640
26.0000 25.4667
26.0000 26.6060
26.0000 26.4888
26.0000 26.5356
26.0000 26.5907
26.0000 26.6788
26.0000 25.8253
26.0000 25.9185
26.0000 25.5310
26.0000 26.6449
26.0000 27.2361
26.0000 26.6393
26.0000 26.3797
26.0000 26.3038
26.0000 25.7735
26.0000 26.1334
26.0000 26.1903
26.0000 27.1075
26.0000 25.7473
26.0000 25.2975
26.0000 26.8810
26.0000 26.5564
26.0000 26.1629
26.0000 26.5020
26.0000 26.7724
26.0000 26.6328
26.0000 26.3138
26.0000 26.7253
26.0000 26.1518
26.0000 26.8642
26.0000 26.3660
26.0000 26.5083
26.0000 26.4136
26.0000 25.9673
26.0000 26.0956
26.0000 27.4163
26.0000 26.9189
26.0000 27.0160
26.0000 26.8919
26.0000 26.1219
26.0000 26.3251
26.0000 26.1382
26.0000 26.2416
26.0000 26.0491
26.0000 26.3987
26.0000 27.3909
26.0000 26.1751
26.0000 26.0336
26.0000 26.6633
26.0000 25.8324
26.0000 26.0708
26.0000 26.5628
26.0000 26.5932
26.0000 26.6613
26.0000 25.6726
26.0000 26.4870
26.0000 26.0738
26.0000 25.3519
26.0000 26.1902
26.0000 26.2860
26.0000 26.1873
26.0000 27.2697
26.0000 26.4269
26.0000 26.2762
26.0000 26.2069
26.0000 26.0256
26.0000 25.8634
26.0000 25.6250
26.0000 26.6962
26.0000 26.6483
26.0000 26.0779
26.0000 26.9372
26.0000 26.7619
26.0000 25.4290
26.0000 26.5228
26.0000 26.5376
26.0000 26.2458
26.0000 26.4538
26.0000 25.9470
26.0000 26.7207
26.0000 26.3644
26.0000 25.8759
26.0000 25.8597
26.0000 25.8654
26.0000 25.7732
26.0000 27.3780
26.0000 26.2779
26.0000 25.5065
26.0000 26.0830
26.0000 26.3130
26.0000 26.0344
26.0000 25.9828
26.0000 26.4557
26.0000 25.8226
26.0000 26.2466
26.0000 26.5233
26.0000 25.9528
26.0000 26.4742
26.0000 27.1080
26.0000 26.5417
26.0000 26.7067
26.0000 26.1418
26.0000 25.7332
26.0000 26.5519
26.0000 26.2397
26.0000 26.7439
26.0000 26.7787
26.0000 26.3803
26.0000 26.2559
26.0000 26.7815
26.0000 25.7213
26.0000 24.9999
26.0000 26.7153
26.0000 25.7182
26.0000 26.4722
26.0000 26.0227
26.0000 26.2986
26.0000 25.5972
26.0000 26.3606
26.0000 25.6988
26.0000 26.6132
26.0000 26.0953
26.0000 26.2224
26.0000 26.4377
26.0000 25.6650
26.0000 26.2343
26.0000 26.4157
26.0000 27.2051
26.0000 26.2946
26.0000 25.0395
26.0000 26.3932
26.0000 25.7959
26.0000 26.8727
26.0000 26.2899
26.0000 26.2679
26.0000 26.3048
26.0000 26.1646
26.0000 26.5205
26.0000 25.9299
26.0000 26.6546
26.0000 25.9727
26.0000 26.3083
26.0000 26.0927
26.0000 26.4452
26.0000 26.1528
26.0000 26.4538
26.0000 26.1845
26.0000 27.1592
26.0000 25.2601
26.0000 26.5037
26.0000 27.0775
26.0000 25.8470
26.0000 26.4468
26.0000 26.1172
26.0000 26.4967
26.0000 26.4219
26.0000 26.1384
26.0000 26.6430
26.0000 26.2272
26.0000 26.5000
26.0000 26.2583
26.0000 26.3762
26.0000 26.5810
26.0000 26.9271
26.0000 26.7772
26.0000 25.8426
26.0000 26.3313
26.0000 26.3512
26.0000 25.9428
26.0000 25.7876
26.0000 26.5079
26.0000 26.6798
26.0000 26.7693
26.0000 25.8711
26.0000 26.7942
26.0000 26.6027
26.0000 26.2925
26.0000 26.2727
26.0000 26.5277
26.0000 26.3845
26.0000 26.1510
26.0000 25.8397
26.0000 26.2867
26.0000 26.4761
26.0000 26.1723
26.0000 26.7702
26.0000 25.5700
26.0000 26.2747
26.0000 26.6121
26.0000 25.9162
26.0000 26.2275
26.0000 26.1949
26.0000 26.6944
26.0000 26.6122
26.0000 26.0518
26.0000 26.0298
26.0000 26.9629
26.0000 26.0721
26.0000 26.4006
26.0000 27.1757
26.0000 25.5428
26.0000 25.8718
26.0000 25.4593
26.0000 26.3767
26.0000 25.8327
26.0000 26.3966
26.0000 27.2427
26.0000 26.6030
26.0000 26.5371
26.0000 26.6429
26.0000 26.2545
26.0000 26.4609
26.0000 26.5135
26.0000 26.4719
26.0000 25.7176
26.0000 26.1500
26.0000 26.4256
26.0000 25.8907
26.0000 26.3205
26.0000 27.1279
26.0000 26.6322
26.0000 25.4267
26.0000 26.0506
26.0000 26.3354
26.0000 26.5421
26.0000 26.3987
26.0000 26.1568
26.0000 26.1017
26.0000 25.8004
26.0000 26.2405
26.0000 26.3068
26.0000 25.9086
26.0000 26.2655
26.0000 26.8298
26.0000 26.6890
26.0000 26.4744
26.0000 26.1192
26.0000 26.2894
26.0000 26.8672
26.0000 25.9972
26.0000 25.9024
26.0000 26.6622
26.0000 25.8549
26.0000 25.2486
26.0000 26.3578
26.0000 26.0993
26.0000 25.7717
26.0000 25.6116
26.0000 26.3678
26.0000 26.9202
26.0000 26.6298
26.0000 26.4695
26.0000 26.6673
26.0000 26.2153
26.0000 25.8399
26.0000 25.3386
26.0000 27.2589
26.0000 26.8044
26.0000 26.1048
26.0000 26.8292
26.0000 25.7928
26.0000 26.2642
26.0000 26.5227
26.0000 26.1936
26.0000 26.3916
26.0000 25.5588
26.0000 26.0631
26.0000 25.9964
26.0000 26.6879
26.0000 27.0481
26.0000 26.5165
26.0000 26.0212
26.0000 26.3653
26.0000 25.6808
26.0000 25.9215
26.0000 26.7310
26.0000 26.3123
26.0000 26.5228
26.0000 26.4578
26.0000 26.9239
26.0000 26.4431
26.0000 25.6604
26.0000 26.3825
26.0000 25.9713
26.0000 26.3584
26.0000 26.9322
26.0000 26.8624
26.0000 26.3069
26.0000 26.5157
26.0000 26.9722
26.0000 25.7877
26.0000 26.7439
26.0000 27.3218
26.0000 26.2317
26.0000 26.1281
26.0000 26.3796
26.0000 26.3841
26.0000 26.8130
26.0000 26.3736
26.0000 26.8706
26.0000 26.2731
26.0000 26.2283
26.0000 26.4528
26.0000 26.2945
26.0000 26.4147
26.0000 26.6678
26.0000 26.7073
26.0000 26.6380
26.0000 27.0110
26.0000 26.6186
26.0000 25.9389
26.0000 27.0607
26.0000 26.4211
26.0000 25.2888
26.0000 25.8797
26.0000 25.8555
26.0000 25.6468
26.0000 26.3533
26.0000 25.6524
26.0000 26.5259
26.0000 26.2311
26.0000 26.2729
26.0000 26.6287
26.0000 25.7630
26.0000 26.4976
26.0000 26.9359
26.0000 26.2628
26.0000 26.1795
26.0000 26.0388
26.0000 25.8778
26.0000 26.2698
26.0000 25.1348
26.0000 25.6920
26.0000 25.9413
26.0000 26.0452
26.0000 25.5173
26.0000 26.1224
26.0000 26.1726
26.0000 26.1877
26.0000 27.0960
26.0000 26.3871
26.0000 26.6541
26.0000 26.7521
26.0000 26.1200
26.0000 26.4148
26.0000 26.8548
26.0000 27.1997
26.0000 26.7097
26.0000 26.1836
26.0000 26.1832
26.0000 25.8146
26.0000 26.1304
26.0000 26.1480
26.0000 25.8596
26.0000 26.4153
26.0000 26.4905
26.0000 26.4523
26.0000 26.7423
26.0000 26.4865
26.0000 25.9832
26.0000 26.3027
26.0000 25.6991
26.0000 25.6670
26.0000 26.6720
26.0000 26.3369
26.0000 26.9513
26.0000 26.2090
26.0000 26.1884
26.0000 26.5856
26.0000 25.9928
26.0000 26.1399
26.0000 27.0716
26.0000 26.1782
26.0000 26.6255
26.0000 26.3260
26.0000 25.9075
26.0000 26.1158
26.0000 25.8481
26.0000 26.0425
26.0000 26.7149
26.0000 26.6087
26.0000 26.8406
26.0000 25.7483
26.0000 26.3117
26.0000 25.5567
26.0000 26.2211
26.0000 26.1475
26.0000 26.4655
26.0000 25.8250
26.0000 26.1583
26.0000 26.1822
26.0000 26.4618
26.0000 26.6103
26.0000 26.1451
26.0000 26.6023
26.0000 26.0499
26.0000 26.1866
26.0000 25.8651
26.0000 25.9252
26.0000 25.7776
26.0000 26.4921
26.0000 27.0247
26.0000 25.4399
26.0000 26.1853
26.0000 26.0144
26.0000 26.2611
26.0000 26.6328
26.0000 25.8033
26.0000 25.9972
26.0000 25.8299
26.0000 26.6737
26.0000 26.9839
26.0000 25.1928
26.0000 25.7227
26.0000 25.6932
26.0000 26.6144
26.0000 25.9389
26.0000 27.3332
26.0000 26.6025
26.0000 26.0682
26.0000 25.6559
26.0000 26.5053
26.0000 27.2859
26.0000 27.1715
26.0000 26.0517
26.0000 27.1934
26.0000 26.6161
26.0000 27.4125
26.0000 25.9728
26.0000 26.8883
26.0000 26.8319
26.0000 26.7116
26.0000 26.2327
26.0000 26.7481
26.0000 26.1481
26.0000 25.7260
26.0000 26.5861
26.0000 25.6795
26.0000 26.6665
26.0000 26.6977
26.0000 26.3742
26.0000 26.5482
26.0000 26.3742
26.0000 25.9285
26.0000 26.0250
26.0000 26.7275
26.0000 25.1918
26.0000 25.6708
26.0000 26.1134
26.0000 26.0541
26.0000 26.8477
26.0000 26.4317
26.0000 25.5977
26.0000 25.2986
26.0000 25.7753
26.0000 26.4976
26.0000 26.7934
26.0000 26.3984
26.0000 26.4698
26.0000 26.2728
26.0000 26.6105
26.0000 27.1586
26.0000 26.7138
26.0000 26.7331
26.0000 26.9368
26.0000 26.7165
26.0000 25.8382
26.0000 26.6019
26.0000 26.3329
26.0000 26.6554
26.0000 26.8702
26.0000 26.4525
26.0000 26.9424
26.0000 26.7371
26.0000 26.2585
26.0000 26.6765
26.0000 26.0984
26.0000 26.2154
26.0000 26.3748
26.0000 26.9670
26.0000 26.0928
26.0000 26.7974
26.0000 25.8545
26.0000 26.4917
26.0000 26.0402
26.0000 25.5739
26.0000 26.6952
26.0000 26.9146
26.0000 26.0547
26.0000 26.5650
26.0000 26.2759
26.0000 25.6596
26.0000 26.9701
26.0000 25.7424
26.0000 24.7237
26.0000 26.0774
26.0000 26.7011
26.0000 25.2960
26.0000 25.8356
26.0000 26.2968
26.0000 26.2264
26.0000 25.9853
26.0000 26.0271
26.0000 26.2088
26.0000 26.5972
26.0000 25.6209
26.0000 24.9215
26.0000 26.0380
26.0000 26.5902
26.0000 26.7001
26.0000 25.9423
26.0000 26.3888
26.0000 27.1644
26.0000 25.9597
26.0000 25.8525
26.0000 25.9006
26.0000 26.1355
26.0000 26.7187
26.0000 25.9920
26.0000 26.3600
26.0000 25.2380
26.0000 26.6897
26.0000 26.1124
26.0000 26.6437
26.0000 25.5891
26.0000 26.1335
26.0000 27.1643
26.0000 26.5006
26.0000 27.1095
26.0000 25.9149
26.0000 26.1255
26.0000 26.2484
26.0000 26.1032
26.0000 26.8859
26.0000 26.4883
26.0000 26.1207
26.0000 26.6847
26.0000 26.3389
26.0000 26.3009
26.0000 26.1953
26.0000 25.9556
26.0000 26.8423
26.0000 25.6697
26.0000 25.1853
26.0000 26.5238
26.0000 25.7536
26.0000 27.2917
26.0000 26.0941
26.0000 25.6565
26.0000 25.9842
26.0000 26.1572
26.0000 25.7147
26.0000 25.6711
26.0000 26.1417
26.0000 26.1321
26.0000 26.3513
26.0000 26.7786
26.0000 25.8865
26.0000 26.1804
26.0000 26.0062
26.0000 27.1322
26.0000 26.3624
26.0000 27.0823
26.0000 26.0457
26.0000 26.7727
26.0000 27.1313
26.0000 26.4235
26.0000 26.4720
26.0000 26.3896
26.0000 25.9207
26.0000 26.5382
26.0000 26.9368
26.0000 26.4202
26.0000 26.4744
26.0000 25.8444
26.0000 25.9470
26.0000 26.5188
26.0000 26.4898
26.0000 26.4717
26.0000 26.1027
26.0000 27.4383
26.0000 26.2888
26.0000 25.7409
26.0000 26.1880
26.0000 26.4976
26.0000 26.0499
26.0000 26.2702
26.0000 26.4851
26.0000 27.5179
26.0000 26.1927
26.0000 25.8982
26.0000 26.6600
26.0000 26.8080
26.0000 26.4197
26.0000 25.4188
26.0000 25.8157
26.0000 26.5867
26.0000 26.4583
26.0000 25.8183
26.0000 26.5554
26.0000 26.8497
26.0000 26.7347
26.0000 25.8895
26.0000 26.3925
26.0000 26.4285
26.0000 25.5828
26.0000 25.9435
26.0000 26.5098
26.0000 25.4048
26.0000 26.4038
26.0000 26.8670
26.0000 26.6833
26.0000 26.7709
26.0000 26.3515
26.0000 26.5067
26.0000 27.3313
26.0000 25.9690
26.0000 25.5557
26.0000 25.5342
26.0000 26.2977
26.0000 26.0689
26.0000 26.5107
26.0000 25.5605
26.0000 25.8318
26.0000 26.7166
26.0000 26.4938
26.0000 25.8070
26.0000 26.2669
26.0000 26.4328
26.0000 25.4598
26.0000 26.8232
26.0000 25.8291
26.0000 26.6601
26.0000 26.4725
26.0000 25.8758
26.0000 26.7187
26.0000 25.6552
26.0000 27.3599
26.0000 26.5975
26.0000 26.4251
26.0000 26.0765
26.0000 26.0243
26.0000 25.3864
26.0000 26.8303
26.0000 26.2858
26.0000 26.1388
26.0000 26.9797
26.0000 26.5883
26.0000 26.0093
26.0000 26.6890
26.0000 26.4369
26.0000 25.7041
26.0000 26.2254
26.0000 26.5177
26.0000 25.9607
26.0000 26.7265
26.0000 26.1122
26.0000 26.0730
26.0000 25.7407
26.0000 26.2545
26.0000 26.4372
26.0000 26.0289
26.0000 26.8053
26.0000 25.9857
26.0000 26.2229
26.0000 26.1201
26.0000 26.8738
26.0000 26.9806
26.0000 25.8482
26.0000 26.4349
26.0000 26.0629
26.0000 26.0801
26.0000 26.0566
26.0000 25.7197
26.0000 26.0151
26.0000 25.9758
26.0000 25.8451
26.0000 25.9723
26.0000 26.9021
26.0000 27.3078
26.0000 26.1619
26.0000 26.3568
26.0000 26.5120
26.0000 25.9769
26.0000 26.3906
26.0000 26.7122
26.0000 26.8214
26.0000 25.7831
26.0000 26.8865
26.0000 26.7524
26.0000 25.9344
26.0000 26.1918
26.0000 26.4129
26.0000 26.2538
26.0000 25.9565
26.0000 26.5002
26.0000 28.2480
26.0000 25.9036
26.0000 26.5008
26.0000 26.6259
26.0000 25.5128
26.0000 26.8485
26.0000 26.0618
26.0000 26.5352
26.0000 25.5545
26.0000 26.7870
26.0000 26.4649
26.0000 25.5897
26.0000 26.9646
26.0000 25.8953
26.0000 26.0522
26.0000 26.6770
26.0000 26.5957
26.0000 26.1717
26.0000 26.4781
26.0000 26.4866
26.0000 26.0744
26.0000 25.8846
26.0000 26.5968
26.0000 26.1600
26.0000 26.0619
26.0000 27.1877
26.0000 26.1480
26.0000 26.6389
26.0000 25.9183
26.0000 26.2894
26.0000 26.5778
26.0000 26.7197
26.0000 26.2474
26.0000 26.6283
26.0000 26.2759
26.0000 26.8249
26.0000 26.6088
26.0000 26.2228
26.0000 26.1829
26.0000 26.5502
26.0000 26.8547
26.0000 26.6293
26.0000 26.7563
26.0000 26.0003
26.0000 26.0129
26.0000 25.6108
26.0000 26.8982
26.0000 26.0801
26.0000 26.3338
26.0000 26.7936
26.0000 25.5827
26.0000 25.8925
26.0000 25.4561
26.0000 25.7666
26.0000 25.7368
26.0000 26.4672
26.0000 26.1033
26.0000 26.3137
26.0000 26.7689
26.0000 26.9700
26.0000 25.4486
26.0000 25.9371
26.0000 24.7200
26.0000 27.2132
26.0000 25.6907
26.0000 25.9028
26.0000 26.2852
26.0000 26.0112
26.0000 26.5937
26.0000 26.0909
26.0000 26.9194
26.0000 26.4144
26.0000 26.1098
26.0000 25.3674
26.0000 26.5627
26.0000 25.8329
26.0000 25.9361
26.0000 26.3042
26.0000 25.6024
26.0000 27.1852
26.0000 26.9294
26.0000 25.9022
26.0000 25.8546
26.0000 25.9418
26.0000 25.8345
26.0000 26.4273
26.0000 26.3724
26.0000 26.8759
26.0000 25.4266
26.0000 25.4404
26.0000 25.6241
26.0000 27.0747
26.0000 26.1995
26.0000 27.2216
26.0000 25.5838
26.0000 26.0181
26.0000 27.2980
26.0000 25.9521
26.0000 25.8818
26.0000 26.4462
26.0000 26.2881
26.0000 26.2426
26.0000 26.1789
26.0000 26.1334
26.0000 26.4004
26.0000 27.1557
26.0000 26.4766
26.0000 26.1638
26.0000 26.4055
26.0000 26.4222
26.0000 25.9688
26.0000 26.4055
26.0000 26.3166
26.0000 26.3821
26.0000 26.2818
26.0000 26.4743
26.0000 27.1040
26.0000 26.2646
26.0000 25.9933
26.0000 25.6918
26.0000 26.4894
26.0000 26.3426
26.0000 26.1666
26.0000 26.1832
26.0000 25.7809
26.0000 26.6145
26.0000 26.6303
26.0000 26.6326
26.0000 26.7038
26.0000 25.8247
26.0000 26.7511
26.0000 26.0251
26.0000 25.9634
26.0000 26.6665
26.0000 26.4703
26.0000 26.6282
26.0000 25.8871
26.0000 26.7256
26.0000 26.2260
26.0000 26.9487
26.0000 26.2127
26.0000 25.6506
26.0000 26.7579
26.0000 26.1667
26.0000 27.0107
26.0000 25.5610
26.0000 25.7667
26.0000 26.3088
26.0000 26.2145
26.0000 25.3982
26.0000 26.4967
26.0000 25.9184
26.0000 25.7623
26.0000 26.8025
26.0000 26.5141
26.0000 26.1420
26.0000 25.6831
26.0000 25.9262
26.0000 25.9034
26.0000 27.0669
26.0000 27.3785
26.0000 26.6802
26.0000 25.8646
26.0000 26.2100
26.0000 26.9723
26.0000 26.8298
26.0000 26.1010
26.0000 26.2638
26.0000 26.4870
26.0000 26.7104
26.0000 26.3296
26.0000 25.6257
26.0000 26.1064
26.0000 26.0768
26.0000 25.8097
26.0000 26.3401
26.0000 27.0117
26.0000 26.3990
26.0000 26.2954
26.0000 26.2633
26.0000 26.1642
26.0000 26.1159
26.0000 25.8630
26.0000 26.1863
26.0000 26.1674
26.0000 27.0567
26.0000 26.6445
26.0000 26.7573
26.0000 25.0532
26.0000 26.2776
26.0000 26.7490
26.0000 26.2281
26.0000 26.6234
26.0000 26.0960
26.0000 26.9056
26.0000 25.9936
26.0000 26.5369
26.0000 25.9368
26.0000 26.7612
26.0000 26.2710
26.0000 25.9729
26.0000 26.6285
26.0000 26.3347
26.0000 25.7843
26.0000 26.1729
26.0000 26.4409
26.0000 25.6446
26.0000 26.6129
26.0000 26.3738
26.0000 26.0609
26.0000 26.3993
26.0000 26.5439
26.0000 26.1804
26.0000 25.9970
26.0000 26.0455
26.0000 26.2839
26.0000 26.7528
26.0000 26.0916
26.0000 25.8886
26.0000 26.4161
26.0000 26.6038
26.0000 25.7323
26.0000 25.8461
26.0000 26.1858
26.0000 25.3408
26.0000 26.4334
26.0000 26.6156
26.0000 26.6273
26.0000 26.1764
26.0000 26.7555
26.0000 26.6001
26.0000 26.4287
26.0000 25.7615
26.0000 25.8980
26.0000 26.5708
26.0000 26.1456
26.0000 27.1727
26.0000 26.1132
26.0000 25.9000
26.0000 26.8994
26.0000 25.9912
26.0000 26.0985
26.0000 26.4020
26.0000 26.3699
26.0000 26.8274
26.0000 25.7158
26.0000 26.8090
26.0000 26.2820
26.0000 26.3943
26.0000 26.1945
26.0000 26.6080
26.0000 27.1176
26.0000 25.7330
26.0000 25.8913
26.0000 26.4071
26.0000 26.0609
26.0000 26.7885
26.0000 25.0336
26.0000 26.5263
26.0000 26.7236
26.0000 26.3867
26.0000 26.4696
26.0000 26.5771
26.0000 26.0225
26.0000 26.0660
26.0000 26.0325
26.0000 25.6314
26.0000 26.1389
26.0000 25.7681
26.0000 26.3076
26.0000 25.6906
26.0000 26.0760
26.0000 26.6779
26.0000 26.8307
26.0000 26.2225
26.0000 25.9821
26.0000 27.2122
26.0000 26.2880
26.0000 25.7441
26.0000 26.7879
26.0000 25.8916
26.0000 26.1365
26.0000 26.1046
26.0000 26.5920
26.0000 26.9031
26.0000 26.4777
26.0000 26.4346
26.0000 26.7295
26.0000 26.6373
26.0000 26.6434
26.0000 26.5901
26.0000 26.6333
26.0000 26.7062
26.0000 26.6970
26.0000 26.2063
26.0000 26.6304
26.0000 26.4974
26.0000 26.7148
26.0000 26.4331
26.0000 26.3274
26.0000 27.5266
26.0000 26.0664
26.0000 26.2910
26.0000 26.4010
26.0000 26.9546
26.0000 25.9133
26.0000 26.0087
26.0000 26.6044
26.0000 26.6454
26.0000 27.4750
26.0000 26.1650
26.0000 26.6045
26.0000 26.5070
26.0000 26.3229
26.0000 26.4908
26.0000 27.2835
26.0000 26.5547
26.0000 26.1030
26.0000 26.1512
26.0000 26.3934
26.0000 25.9525
26.0000 25.9245
26.0000 26.0297
26.0000 26.4911
26.0000 25.5528
26.0000 26.1727
26.0000 27.0341
26.0000 25.6271
26.0000 25.5812
26.0000 25.6640
26.0000 26.5741
26.0000 25.8783
26.0000 26.4066
26.0000 26.4031
26.0000 26.8094
26.0000 27.1580
26.0000 26.4846
26.0000 25.7317
26.0000 25.7633
26.0000 26.2189
26.0000 26.1729
26.0000 26.7228
26.0000 26.2141
26.0000 26.1654
26.0000 26.7709
26.0000 26.5335
26.0000 26.5838
26.0000 25.7178
26.0000 26.0006
26.0000 25.4790
26.0000 26.6843
26.0000 26.4819
26.0000 26.4280
26.0000 25.3410
26.0000 26.3043
26.0000 26.4548
26.0000 26.6352
26.0000 26.3339
26.0000 25.8680
26.0000 26.3317
26.0000 26.2623
26.0000 26.0520
26.0000 26.2704
26.0000 25.4341
26.0000 26.0473
26.0000 26.8029
26.0000 27.1110
26.0000 25.7702
26.0000 26.9813
26.0000 26.7521
26.0000 26.6594
26.0000 26.3434
26.0000 26.8740
26.0000 25.0220
26.0000 26.5767
26.0000 26.8095
26.0000 26.5939
26.0000 26.5496
26.0000 25.0952
26.0000 26.6685
26.0000 26.4882
26.0000 26.8588
26.0000 25.9245
26.0000 25.8919
26.0000 25.6767
26.0000 26.4631
26.0000 26.6261
26.0000 25.8857
26.0000 25.6541
26.0000 26.1831
26.0000 26.3744
26.0000 26.3845
26.0000 26.1047
26.0000 25.5201
26.0000 26.0943
26.0000 26.9680
26.0000 26.3257
26.0000 26.6079
26.0000 25.7824
26.0000 25.9769
26.0000 26.7244
26.0000 26.5781
26.0000 26.5069
26.0000 26.4693
26.0000 26.6973
26.0000 25.9611
26.0000 27.0822
26.0000 26.8760
26.0000 25.1054
26.0000 27.4849
26.0000 27.0406
26.0000 26.9719
26.0000 27.0658
26.0000 26.6538
26.0000 26.5825
26.0000 26.0011
26.0000 26.2632
26.0000 27.1328
26.0000 27.2397
26.0000 26.3982
26.0000 25.7742
26.0000 26.6515
26.0000 26.7524
26.0000 25.9408
26.0000 26.7733
26.0000 24.8755
26.0000 26.8312
26.0000 26.6069
26.0000 26.8326
26.0000 27.0614
26.0000 26.6606
26.0000 26.3832
26.0000 25.7683
26.0000 26.3315
26.0000 26.5829
26.0000 26.3060
26.0000 25.9120
26.0000 26.0140
26.0000 26.6548
26.0000 26.4798
26.0000 25.6044
26.0000 25.6353
26.0000 26.7352
26.0000 26.8264
26.0000 25.8883
26.0000 25.6194
26.0000 26.1410
26.0000 26.1568
26.0000 26.5836
26.0000 25.7517
26.0000 25.7740
26.0000 25.8297
26.0000 27.2259
26.0000 26.5355
26.0000 25.8412
26.0000 25.9813
26.0000 26.6552
26.0000 26.2995
26.0000 26.6851
26.0000 26.4522
26.0000 26.1956
26.0000 26.1807
26.0000 26.1184
26.0000 26.2345
26.0000 26.9083
26.0000 26.7496
26.0000 26.8041
26.0000 26.0321
26.0000 26.0653
26.0000 27.2619
26.0000 25.2321
26.0000 26.4476
26.0000 26.2839
26.0000 26.1599
26.0000 26.3725
26.0000 26.1839
26.0000 26.1923
26.0000 26.0844
26.0000 26.9666
26.0000 26.9085
26.0000 26.1919
26.0000 26.2581
26.0000 26.9616
26.0000 26.5453
26.0000 26.3386
26.0000 25.6650
26.0000 25.7636
26.0000 25.7983
26.0000 26.3328
26.0000 26.9463
26.0000 26.2375
26.0000 25.7128
26.0000 26.1101
26.0000 26.3411
26.0000 26.6820
26.0000 26.3517
26.0000 26.2770
26.0000 26.3623
26.0000 25.9197
26.0000 25.9685
26.0000 26.7877
26.0000 26.4718
26.0000 26.1368
26.0000 26.9638
26.0000 25.9784
26.0000 26.4003
26.0000 25.9201
26.0000 25.6905
26.0000 26.1875
26.0000 26.5277
26.0000 26.5880
26.0000 26.3206
26.0000 26.1726
26.0000 26.8504
26.0000 27.7161
26.0000 26.4972
26.0000 26.2270
26.0000 26.5180
26.0000 26.7886
26.0000 26.8304
26.0000 26.4018
26.0000 26.8564
26.0000 26.2848
26.0000 26.4559
26.0000 26.5160
26.0000 25.9575
26.0000 26.5399
26.0000 26.2228
26.0000 26.0366
26.0000 26.5314
26.0000 26.4676
26.0000 26.1636
26.0000 26.7160
26.0000 25.6991
26.0000 26.3397
26.0000 25.4557
26.0000 25.7771
26.0000 25.9027
26.0000 26.4687
26.0000 26.5458
26.0000 25.8274
26.0000 27.0701
26.0000 26.3048
26.0000 26.3943
26.0000 26.3719
26.0000 25.6503
26.0000 26.7111
26.0000 25.2905
26.0000 26.2331
26.0000 25.7865
26.0000 26.9572
26.0000 25.6800
26.0000 27.0774
26.0000 26.3350
26.0000 26.0160
26.0000 26.8882
26.0000 26.5338
26.0000 25.5757
26.0000 27.0857
26.0000 26.4471
26.0000 26.5817
26.0000 26.2649
26.0000 26.1636
26.0000 26.2621
26.0000 26.0716
26.0000 26.4573
26.0000 26.3910
26.0000 26.5122
26.0000 26.3415
26.0000 26.6258
26.0000 26.7725
26.0000 26.0971
26.0000 26.8959
26.0000 26.5042
26.0000 26.9903
26.0000 26.3118
26.0000 26.4454
26.0000 25.9573
26.0000 26.2044
26.0000 26.4828
26.0000 26.2851
26.0000 26.7357
26.0000 26.2170
26.0000 26.7117
26.0000 26.6101
26.0000 26.1158
26.0000 25.9030
26.0000 26.6523
