28.0000 27.3991
28.0000 28.2309
28.0000 27.0548
28.0000 29.2599
28.0000 28.0403
28.0000 28.3144
28.0000 28.6200
28.0000 28.6605
28.0000 29.2697
28.0000 28.1212
28.0000 28.2978
28.0000 28.5496
28.0000 27.7523
28.0000 28.4982
28.0000 27.8675
28.0000 27.4057
28.0000 28.2616
28.0000 28.2636
28.0000 27.9282
28.0000 28.0779
28.0000 28.3755
28.0000 27.8671
28.0000 29.1783
28.0000 28.4139
28.0000 27.8225
28.0000 28.2668
28.0000 28.5607
28.0000 27.2263
28.0000 29.0021
28.0000 29.1186
28.0000 27.5007
28.0000 28.1254
28.0000 28.1632
28.0000 27.9098
28.0000 27.9472
28.0000 28.0026
28.0000 28.1640
28.0000 28.1585
28.0000 27.9383
28.0000 28.1271
28.0000 27.9751
28.0000 28.1745
28.0000 27.9582
28.0000 29.7669
28.0000 28.4155
28.0000 27.8599
28.0000 29.2073
28.0000 28.6712
28.0000 28.4972
28.0000 28.5325
28.0000 27.8144
28.0000 28.4485
28.0000 28.6876
28.0000 28.8063
28.0000 28.1029
28.0000 26.8246
28.0000 29.2867
28.0000 27.5945
28.0000 26.8233
28.0000 28.4605
28.0000 28.2020
28.0000 28.4786
28.0000 27.0803
28.0000 28.2075
28.0000 27.9230
28.0000 27.8813
28.0000 27.6881
28.0000 28.0349
28.0000 27.8497
28.0000 28.0042
28.0000 27.7518
28.0000 28.8215
28.0000 27.1096
28.0000 27.6532
28.0000 28.0516
28.0000 27.5897
28.0000 28.1855
28.0000 27.6637
28.0000 27.4239
28.0000 27.5173
28.0000 27.2654
28.0000 27.8070
28.0000 27.9791
28.0000 27.8110
28.0000 28.4167
28.0000 28.5693
28.0000 28.6831
28.0000 29.0499
28.0000 28.3474
28.0000 27.4490
28.0000 28.1623
28.0000 29.0553
28.0000 27.3632
28.0000 28.7128
28.0000 28.5673
28.0000 27.9091
28.0000 27.2250
28.0000 29.1403
28.0000 28.7156
28.0000 27.3160
28.0000 28.9692
28.0000 27.9572
28.0000 28.3102
28.0000 28.1619
28.0000 27.4345
28.0000 27.6615
28.0000 28.0223
28.0000 28.4500
28.0000 28.6638
28.0000 28.5610
28.0000 28.7388
28.0000 27.8029
28.0000 28.4162
28.0000 27.7410
28.0000 29.1548
28.0000 28.4496
28.0000 27.8364
28.0000 26.5982
28.0000 27.7644
28.0000 28.5890
28.0000 28.6722
28.0000 28.2379
28.0000 27.1928
28.0000 28.0420
28.0000 27.2796
28.0000 28.6652
28.0000 28.7072
28.0000 27.6039
28.0000 28.1036
28.0000 27.8469
28.0000 28.4447
28.0000 28.5070
28.0000 28.5337
28.0000 29.0447
28.0000 28.1546
28.0000 28.1166
28.0000 28.4566
28.0000 28.4369
28.0000 28.6610
28.0000 28.2392
28.0000 28.4269
28.0000 28.9803
28.0000 27.7527
28.0000 28.0231
28.0000 27.8894
28.0000 28.9747
28.0000 29.9386
28.0000 28.3888
28.0000 29.3462
28.0000 29.0333
28.0000 27.7570
28.0000 29.3949
28.0000 28.4516
28.0000 28.5019
28.0000 27.7146
28.0000 28.3706
28.0000 29.3490
28.0000 28.2585
28.0000 28.3515
28.0000 28.0305
28.0000 27.8490
28.0000 27.3750
28.0000 28.2485
28.0000 28.5589
28.0000 28.2001
28.0000 29.0467
28.0000 28.4815
28.0000 28.4431
28.0000 28.0097
28.0000 28.2628
28.0000 27.9749
28.0000 28.0719
28.0000 27.8708
28.0000 28.5976
28.0000 28.6804
28.0000 28.4410
28.0000 28.5738
28.0000 28.1704
28.0000 28.0762
28.0000 28.0742
28.0000 28.8284
28.0000 28.4105
28.0000 28.4237
28.0000 28.4447
28.0000 27.2537
28.0000 28.0966
28.0000 27.7023
28.0000 27.6831
28.0000 27.4632
28.0000 28.5392
28.0000 28.7015
28.0000 26.9055
28.0000 28.0801
28.0000 28.7398
28.0000 28.1428
28.0000 28.6783
28.0000 27.1557
28.0000 28.1464
28.0000 29.0854
28.0000 28.3981
28.0000 28.4155
28.0000 28.9545
28.0000 28.1605
28.0000 28.2804
28.0000 28.2177
28.0000 27.8349
28.0000 27.6007
28.0000 28.3623
28.0000 28.9499
28.0000 28.0544
28.0000 27.9985
28.0000 28.0416
28.0000 29.4278
28.0000 27.7599
28.0000 27.9906
28.0000 28.1549
28.0000 27.3785
28.0000 29.2527
28.0000 27.7140
28.0000 27.6984
28.0000 28.3638
28.0000 28.0759
28.0000 29.1538
28.0000 28.0774
28.0000 28.7210
28.0000 29.1038
28.0000 28.3128
28.0000 29.1922
28.0000 28.1095
28.0000 28.6499
28.0000 28.5579
28.0000 28.4955
28.0000 27.9280
28.0000 28.6439
28.0000 29.0522
28.0000 27.8382
28.0000 28.5842
28.0000 28.5122
28.0000 28.4702
28.0000 29.1959
28.0000 28.3866
28.0000 28.5767
28.0000 27.7290
28.0000 28.1840
28.0000 28.3752
28.0000 29.1608
28.0000 27.9308
28.0000 28.0728
28.0000 28.9707
28.0000 27.9931
28.0000 28.9401
28.0000 27.9846
28.0000 28.8568
28.0000 28.2459
28.0000 27.5983
28.0000 27.8531
28.0000 28.0231
28.0000 27.2640
28.0000 28.8175
28.0000 28.6289
28.0000 27.9285
28.0000 27.6812
28.0000 28.9542
28.0000 28.5223
28.0000 28.8412
28.0000 28.1608
28.0000 28.1663
28.0000 28.1576
28.0000 28.0218
28.0000 28.4017
28.0000 28.5908
28.0000 28.0798
28.0000 28.0977
28.0000 27.8595
28.0000 27.9352
28.0000 28.8070
28.0000 28.8489
28.0000 29.0083
28.0000 28.5275
28.0000 27.9528
28.0000 28.1735
28.0000 28.3017
28.0000 28.2696
28.0000 28.1941
28.0000 28.4354
28.0000 28.4332
28.0000 27.6938
28.0000 28.2170
28.0000 29.0211
28.0000 28.3362
28.0000 28.3237
28.0000 28.3151
28.0000 28.0316
28.0000 28.1587
28.0000 29.5138
28.0000 27.8145
28.0000 27.7201
28.0000 28.1044
28.0000 27.5985
28.0000 28.1640
28.0000 27.8203
28.0000 27.9207
28.0000 27.9470
28.0000 27.8232
28.0000 27.9168
28.0000 28.8194
28.0000 28.8780
28.0000 30.0595
28.0000 27.6113
28.0000 28.1836
28.0000 27.6568
28.0000 27.9620
28.0000 26.8000
28.0000 28.2131
28.0000 28.4617
28.0000 28.6487
28.0000 27.7940
28.0000 28.0027
28.0000 27.9550
28.0000 27.4963
28.0000 27.9480
28.0000 28.3731
28.0000 27.8841
28.0000 28.2271
28.0000 28.1749
28.0000 28.3545
28.0000 28.0527
28.0000 28.5485
28.0000 28.4011
28.0000 28.1301
28.0000 27.9386
28.0000 27.8109
28.0000 27.3054
28.0000 27.4631
28.0000 28.6013
28.0000 28.3651
28.0000 28.3274
28.0000 28.5481
28.0000 28.5167
28.0000 28.8542
28.0000 28.9707
28.0000 28.2479
28.0000 28.2898
28.0000 27.7241
28.0000 27.8357
28.0000 28.1200
28.0000 28.3994
28.0000 29.1377
28.0000 28.0683
28.0000 27.9478
28.0000 28.9021
28.0000 28.8184
28.0000 28.2180
28.0000 28.3286
28.0000 27.2302
28.0000 28.4500
28.0000 28.4525
28.0000 28.4694
28.0000 28.3589
28.0000 28.8467
28.0000 28.4474
28.0000 28.2872
28.0000 27.9762
28.0000 27.6207
28.0000 28.8831
28.0000 27.8329
28.0000 29.0421
28.0000 27.7202
28.0000 28.7834
28.0000 28.1039
28.0000 27.7212
28.0000 28.1417
28.0000 28.3082
28.0000 27.7583
28.0000 28.6713
28.0000 28.0652
28.0000 29.2369
28.0000 28.1764
28.0000 28.0529
28.0000 27.5653
28.0000 28.1463
28.0000 29.4443
28.0000 28.2639
28.0000 28.6365
28.0000 28.6852
28.0000 28.2902
28.0000 28.3362
28.0000 28.2647
28.0000 28.2245
28.0000 28.1585
28.0000 27.3050
28.0000 28.2192
28.0000 28.2054
28.0000 27.9945
28.0000 28.4511
28.0000 28.5763
28.0000 28.2956
28.0000 27.2704
28.0000 28.3373
28.0000 27.7736
28.0000 28.1123
28.0000 28.3026
28.0000 28.0726
28.0000 28.2007
28.0000 27.7261
28.0000 28.5433
28.0000 27.6355
28.0000 27.4527
28.0000 28.4253
28.0000 28.1985
28.0000 28.2724
28.0000 28.0017
28.0000 27.8322
28.0000 28.2619
28.0000 29.1875
28.0000 28.6524
28.0000 28.7958
28.0000 28.8827
28.0000 28.5028
28.0000 27.9516
28.0000 27.9517
28.0000 28.6788
28.0000 28.8417
28.0000 28.3830
28.0000 28.0888
28.0000 28.5462
28.0000 28.1481
28.0000 27.5821
28.0000 28.1488
28.0000 28.0864
28.0000 28.3503
28.0000 28.7715
28.0000 28.3764
28.0000 27.6676
28.0000 28.4178
28.0000 28.6512
28.0000 27.8962
28.0000 28.1805
28.0000 28.0261
28.0000 27.6792
28.0000 28.6426
28.0000 26.7775
28.0000 28.4563
28.0000 28.0674
28.0000 27.9642
28.0000 27.6117
28.0000 27.9232
28.0000 27.8876
28.0000 29.3933
28.0000 28.3172
28.0000 28.1825
28.0000 28.4264
28.0000 28.5932
28.0000 29.0836
28.0000 28.2245
28.0000 28.3051
28.0000 27.8359
28.0000 28.1069
28.0000 28.1195
28.0000 28.0594
28.0000 28.3550
28.0000 27.9459
28.0000 28.8320
28.0000 28.9937
28.0000 28.2404
28.0000 28.3520
28.0000 28.5034
28.0000 28.4663
28.0000 28.4392
28.0000 27.5219
28.0000 27.8085
28.0000 29.1333
28.0000 28.8692
28.0000 28.4905
28.0000 28.7052
28.0000 27.1543
28.0000 27.7730
28.0000 28.2035
28.0000 28.0057
28.0000 28.1127
28.0000 28.1044
28.0000 27.5714
28.0000 27.7779
28.0000 28.9306
28.0000 28.6097
28.0000 28.3611
28.0000 28.3736
28.0000 28.6776
28.0000 28.4970
28.0000 28.0075
28.0000 27.2938
28.0000 29.5785
28.0000 29.0797
28.0000 29.1669
28.0000 28.9955
28.0000 27.6448
28.0000 29.6742
28.0000 27.4936
28.0000 28.4343
28.0000 28.5533
28.0000 28.3914
28.0000 28.1191
28.0000 27.3618
28.0000 27.7854
28.0000 27.9603
28.0000 28.8637
28.0000 28.1342
28.0000 28.3346
28.0000 28.0889
28.0000 27.9500
28.0000 28.4040
28.0000 27.6491
28.0000 28.7553
28.0000 28.7563
28.0000 28.5157
28.0000 28.3963
28.0000 27.9979
28.0000 28.3308
28.0000 28.4078
28.0000 29.2135
28.0000 28.2745
28.0000 27.8827
28.0000 28.0569
28.0000 28.0376
28.0000 27.7342
28.0000 28.0937
28.0000 28.2692
28.0000 28.3149
28.0000 29.0696
28.0000 27.9316
28.0000 28.5852
28.0000 28.2633
28.0000 28.5196
28.0000 28.0449
28.0000 28.8363
28.0000 27.8807
28.0000 28.2554
28.0000 28.4153
28.0000 28.1461
28.0000 26.8856
28.0000 28.2566
28.0000 28.6521
28.0000 27.8624
28.0000 27.9931
28.0000 28.0751
28.0000 28.5870
28.0000 28.0538
28.0000 28.0605
28.0000 28.4014
28.0000 28.3271
28.0000 27.7143
28.0000 28.4702
28.0000 27.8411
28.0000 28.7752
28.0000 27.4443
28.0000 27.6603
28.0000 28.3861
28.0000 28.4253
28.0000 28.2044
28.0000 29.1955
28.0000 28.4362
28.0000 29.4504
28.0000 28.1090
28.0000 28.3715
28.0000 27.6633
28.0000 28.2609
28.0000 28.4282
28.0000 29.0223
28.0000 27.7443
28.0000 28.6277
28.0000 27.9343
28.0000 28.9268
28.0000 28.6989
28.0000 28.9186
28.0000 28.6275
28.0000 28.2378
28.0000 29.1967
28.0000 27.7559
28.0000 28.2306
28.0000 28.1319
28.0000 28.3253
28.0000 28.3240
28.0000 28.9024
28.0000 30.1655
28.0000 28.2779
28.0000 28.0778
28.0000 28.4071
28.0000 28.4105
28.0000 27.4475
28.0000 28.3447
28.0000 28.5374
28.0000 28.0614
28.0000 29.3650
28.0000 27.4748
28.0000 28.1965
28.0000 28.3515
28.0000 28.8494
28.0000 28.4527
28.0000 27.9255
28.0000 27.9884
28.0000 28.5441
28.0000 27.9803
28.0000 27.9568
28.0000 28.3655
28.0000 28.6381
28.0000 28.0203
28.0000 27.9972
28.0000 27.8649
28.0000 28.8533
28.0000 28.4117
28.0000 28.3599
28.0000 28.3964
28.0000 27.6783
28.0000 28.5695
28.0000 28.1952
28.0000 27.9053
28.0000 26.8342
28.0000 27.8592
28.0000 28.9129
28.0000 27.7304
28.0000 27.5677
28.0000 28.3607
28.0000 27.1403
28.0000 28.3712
28.0000 28.2757
28.0000 29.3396
28.0000 28.0916
28.0000 29.3330
28.0000 28.9323
28.0000 28.0517
28.0000 28.6286
28.0000 28.5440
28.0000 27.8197
28.0000 28.9902
28.0000 28.9713
28.0000 26.9066
28.0000 28.4574
28.0000 28.0924
28.0000 27.3601
28.0000 27.2227
28.0000 28.6326
28.0000 28.2480
28.0000 28.5563
28.0000 28.3292
28.0000 27.6562
28.0000 28.2068
28.0000 28.1956
28.0000 28.1904
28.0000 28.5516
28.0000 28.2373
28.0000 27.7762
28.0000 27.0783
28.0000 27.6241
28.0000 29.0376
28.0000 28.6240
28.0000 28.5727
28.0000 28.9333
28.0000 28.4999
28.0000 27.6836
28.0000 28.4366
28.0000 28.6127
28.0000 29.0576
28.0000 28.4380
28.0000 28.7597
28.0000 28.6914
28.0000 28.6097
28.0000 28.4737
28.0000 28.6184
28.0000 27.9414
28.0000 29.4669
28.0000 29.0878
28.0000 28.9816
28.0000 28.1970
28.0000 28.6228
28.0000 28.9480
28.0000 28.2047
28.0000 29.0138
28.0000 28.3985
28.0000 28.0084
28.0000 27.9085
28.0000 28.0503
28.0000 27.7755
28.0000 27.3906
28.0000 28.1695
28.0000 28.6067
28.0000 27.9525
28.0000 29.0933
28.0000 28.2942
28.0000 28.8681
28.0000 28.5069
28.0000 28.0936
28.0000 28.2939
28.0000 27.7935
28.0000 27.9041
28.0000 28.3510
28.0000 27.3348
28.0000 27.5731
28.0000 28.6062
28.0000 28.6350
28.0000 27.1483
28.0000 28.2074
28.0000 28.5961
28.0000 28.8602
28.0000 27.6115
28.0000 28.6744
28.0000 28.2065
28.0000 28.0244
28.0000 28.3191
28.0000 29.5285
28.0000 28.3347
28.0000 27.7224
28.0000 28.1291
28.0000 27.8744
28.0000 28.4442
28.0000 28.6651
28.0000 28.6920
28.0000 28.6599
28.0000 28.2504
28.0000 28.4355
28.0000 28.8140
28.0000 27.7793
28.0000 28.2656
28.0000 28.3771
28.0000 28.0179
28.0000 26.5216
28.0000 27.7966
28.0000 28.5203
28.0000 28.5472
28.0000 28.3686
28.0000 28.8229
28.0000 27.7913
28.0000 27.6498
28.0000 28.3995
28.0000 28.4909
28.0000 27.8183
28.0000 27.5143
28.0000 28.1600
28.0000 27.7493
28.0000 29.1632
28.0000 28.5947
28.0000 28.1742
28.0000 28.1810
28.0000 28.3607
28.0000 27.6727
28.0000 27.7093
28.0000 28.2648
28.0000 28.0831
28.0000 28.4405
28.0000 27.4566
28.0000 28.5972
28.0000 29.0566
28.0000 28.3132
28.0000 28.5423
28.0000 28.6790
28.0000 27.8186
28.0000 28.3424
28.0000 29.0721
28.0000 27.8621
28.0000 27.9172
28.0000 28.5564
28.0000 27.7872
28.0000 28.6830
28.0000 27.9553
28.0000 28.1549
28.0000 28.7597
28.0000 28.5301
28.0000 28.2060
28.0000 27.4697
28.0000 29.3472
28.0000 27.8914
28.0000 28.6159
28.0000 28.5773
28.0000 28.2715
28.0000 29.1340
28.0000 28.2772
28.0000 28.7376
28.0000 27.3759
28.0000 28.6913
28.0000 28.7183
28.0000 27.9373
28.0000 28.0392
28.0000 28.1922
28.0000 28.5702
28.0000 28.1939
28.0000 27.8463
28.0000 28.3963
28.0000 27.8924
28.0000 28.2492
28.0000 28.6986
28.0000 28.0743
28.0000 28.3229
28.0000 27.5796
28.0000 27.7209
28.0000 27.7544
28.0000 28.9040
28.0000 28.2175
28.0000 28.3993
28.0000 27.2190
28.0000 28.6778
28.0000 27.4051
28.0000 28.1135
28.0000 28.2313
28.0000 28.1357
28.0000 27.6461
28.0000 28.8009
28.0000 28.3840
28.0000 27.9277
28.0000 28.6529
28.0000 28.5823
28.0000 28.3242
28.0000 28.0954
28.0000 27.6647
28.0000 27.4202
28.0000 29.1154
28.0000 27.9606
28.0000 28.3585
28.0000 28.8974
28.0000 28.4468
28.0000 28.0120
28.0000 27.5409
28.0000 28.1075
28.0000 27.4653
28.0000 28.5708
28.0000 28.3715
28.0000 28.0518
28.0000 28.2102
28.0000 28.7509
28.0000 28.7084
28.0000 28.0824
28.0000 28.7378
28.0000 28.3114
28.0000 29.1209
28.0000 27.4356
28.0000 27.7224
28.0000 27.9413
28.0000 28.5070
28.0000 28.0157
28.0000 28.7156
28.0000 27.6772
28.0000 28.2712
28.0000 28.4179
28.0000 27.6525
28.0000 28.3254
28.0000 27.9688
28.0000 29.0275
28.0000 28.2048
28.0000 28.0192
28.0000 27.8956
28.0000 28.7367
28.0000 27.9154
28.0000 27.8974
28.0000 27.7351
28.0000 27.3821
28.0000 28.4458
28.0000 27.7572
28.0000 28.7408
28.0000 28.4000
28.0000 28.0320
28.0000 28.2530
28.0000 27.4272
28.0000 28.0263
28.0000 28.0645
28.0000 27.5147
28.0000 28.0354
28.0000 27.9024
28.0000 29.1202
28.0000 28.0332
28.0000 28.4838
28.0000 29.0188
28.0000 28.5081
28.0000 28.4669
28.0000 28.3514
28.0000 28.2283
28.0000 29.0748
28.0000 28.1977
28.0000 28.6575
28.0000 27.6752
28.0000 28.4241
28.0000 28.1135
28.0000 27.5010
28.0000 28.1854
28.0000 28.8307
28.0000 28.5404
28.0000 29.0001
28.0000 28.1881
28.0000 28.3877
28.0000 28.6686
28.0000 28.1716
28.0000 28.6530
28.0000 27.5920
28.0000 28.2942
28.0000 27.2847
28.0000 29.6929
28.0000 28.4292
28.0000 29.2369
28.0000 28.5269
28.0000 28.3480
28.0000 28.2887
28.0000 27.4396
28.0000 27.4997
28.0000 27.6415
28.0000 28.7365
28.0000 28.2219
28.0000 27.9047
28.0000 28.2878
28.0000 27.7939
28.0000 27.0565
28.0000 28.2792
28.0000 27.8038
28.0000 27.3297
28.0000 27.9932
28.0000 28.7966
28.0000 28.0594
28.0000 27.6199
28.0000 27.6465
28.0000 28.3807
28.0000 27.7902
28.0000 27.7283
28.0000 28.4009
28.0000 28.2656
28.0000 28.1947
28.0000 27.8786
28.0000 28.9722
28.0000 27.7157
28.0000 27.6842
28.0000 28.1978
28.0000 28.1617
28.0000 28.2957
28.0000 28.2253
28.0000 27.8998
28.0000 27.1589
28.0000 28.9034
28.0000 28.4156
28.0000 28.2707
28.0000 27.1832
28.0000 29.2008
28.0000 28.3266
28.0000 28.3036
28.0000 28.3884
28.0000 27.6123
28.0000 28.8225
28.0000 28.2157
28.0000 27.9931
28.0000 28.2530
28.0000 28.0369
28.0000 28.8970
28.0000 28.4714
28.0000 28.4977
28.0000 28.2825
28.0000 27.5999
28.0000 28.7476
28.0000 28.6413
28.0000 28.4447
28.0000 28.0675
28.0000 28.6972
28.0000 28.5391
28.0000 28.9305
28.0000 28.9257
28.0000 28.9202
28.0000 28.0679
28.0000 28.0332
28.0000 27.9845
28.0000 27.1151
28.0000 28.7083
28.0000 27.9416
28.0000 28.6444
28.0000 28.7111
28.0000 28.5093
28.0000 28.8651
28.0000 28.6954
28.0000 28.1683
28.0000 27.4684
28.0000 28.0225
28.0000 27.6859
28.0000 29.5432
28.0000 28.4019
28.0000 28.0277
28.0000 28.4603
28.0000 28.3399
28.0000 27.5376
28.0000 28.4014
28.0000 27.5453
28.0000 28.4741
28.0000 29.6480
28.0000 27.6641
28.0000 28.0121
28.0000 29.2554
28.0000 27.7678
28.0000 27.4877
28.0000 28.0647
28.0000 28.6743
28.0000 28.1068
28.0000 28.1779
28.0000 28.7154
28.0000 28.4606
28.0000 28.2470
28.0000 28.2664
28.0000 29.0999
28.0000 27.9191
28.0000 28.3990
28.0000 27.5815
28.0000 28.1884
28.0000 28.2893
28.0000 27.9838
28.0000 28.4566
28.0000 28.0548
28.0000 28.2958
28.0000 27.9254
28.0000 28.7456
28.0000 28.6494
28.0000 27.2186
28.0000 28.3796
28.0000 28.5491
28.0000 28.2754
28.0000 28.6023
28.0000 28.2160
28.0000 28.9847
28.0000 27.4608
28.0000 28.2829
28.0000 28.1967
28.0000 28.1682
28.0000 27.3224
28.0000 27.6846
28.0000 28.5862
28.0000 28.0258
28.0000 27.3158
28.0000 28.5145
28.0000 28.9242
28.0000 27.5446
28.0000 28.7489
28.0000 28.1569
28.0000 28.6130
28.0000 28.8101
28.0000 28.2987
28.0000 28.4088
28.0000 28.4704
28.0000 28.3888
28.0000 28.2945
28.0000 28.8666
28.0000 28.1075
28.0000 28.6547
28.0000 28.9304
28.0000 28.5921
28.0000 28.5102
28.0000 29.0564
28.0000 27.9264
28.0000 27.9683
28.0000 28.7074
28.0000 28.1465
28.0000 28.5548
28.0000 28.1442
28.0000 28.5092
28.0000 28.5181
28.0000 27.6631
28.0000 28.8905
28.0000 28.7281
28.0000 28.5064
28.0000 28.9835
28.0000 28.4747
28.0000 29.5197
28.0000 27.7476
28.0000 28.2351
28.0000 28.2193
28.0000 27.6025
28.0000 27.1402
28.0000 28.2184
28.0000 28.6322
28.0000 28.7529
28.0000 28.1476
28.0000 27.9444
28.0000 29.1189
28.0000 28.7199
28.0000 28.8345
28.0000 27.7686
28.0000 27.4034
28.0000 28.7730
28.0000 28.2712
28.0000 28.2336
28.0000 27.2318
28.0000 28.5970
28.0000 27.9371
28.0000 26.5253
28.0000 28.9056
28.0000 28.4448
28.0000 28.1788
28.0000 28.6344
28.0000 28.5269
28.0000 28.6635
28.0000 28.1601
28.0000 28.0541
28.0000 28.4410
28.0000 28.2757
28.0000 28.1163
28.0000 29.3823
28.0000 27.6915
28.0000 28.6910
28.0000 28.4782
28.0000 28.0100
28.0000 28.4414
28.0000 27.9565
28.0000 28.9414
28.0000 27.9685
28.0000 28.4416
28.0000 27.7759
28.0000 27.5665
28.0000 28.4134
28.0000 28.9679
28.0000 28.0808
28.0000 28.5079
28.0000 27.7805
28.0000 29.1410
28.0000 27.5318
28.0000 27.3326
28.0000 27.4121
28.0000 29.0845
28.0000 28.1389
28.0000 27.8651
28.0000 27.8825
28.0000 28.9497
28.0000 27.4063
28.0000 28.2106
28.0000 28.5773
28.0000 28.5606
28.0000 28.2459
28.0000 28.2926
28.0000 27.2976
28.0000 27.6692
28.0000 28.6481
28.0000 28.5010
28.0000 28.0035
28.0000 28.4409
28.0000 28.4907
28.0000 28.3016
28.0000 28.5080
28.0000 28.7032
28.0000 27.2116
28.0000 28.8460
28.0000 28.5713
28.0000 27.6479
28.0000 28.7469
28.0000 28.9061
28.0000 28.4857
28.0000 28.7082
28.0000 28.1557
28.0000 28.2849
28.0000 27.5714
28.0000 28.1217
28.0000 27.3860
28.0000 28.2852
28.0000 28.6880
28.0000 27.4859
28.0000 28.6825
28.0000 27.6345
28.0000 27.9445
28.0000 28.3052
28.0000 28.4473
28.0000 27.7076
28.0000 28.1362
28.0000 28.4802
28.0000 27.8396
28.0000 28.4783
28.0000 27.6564
28.0000 26.6435
28.0000 28.1190
28.0000 27.9790
28.0000 27.9838
28.0000 28.0148
28.0000 28.2195
28.0000 28.0138
28.0000 28.0475
28.0000 28.5719
28.0000 28.0126
28.0000 28.4206
28.0000 29.3673
28.0000 28.4606
28.0000 28.4522
28.0000 27.7741
28.0000 28.1991
28.0000 28.1828
28.0000 27.9614
28.0000 28.3173
28.0000 27.8599
28.0000 28.6747
28.0000 28.1650
28.0000 28.3845
28.0000 28.4845
28.0000 28.1240
28.0000 28.8757
28.0000 28.4206
28.0000 28.8776
28.0000 28.1975
28.0000 28.1879
28.0000 29.0303
28.0000 28.0289
28.0000 29.0774
28.0000 28.5447
28.0000 28.0689
28.0000 28.7036
28.0000 28.4888
28.0000 28.6174
28.0000 27.8665
28.0000 27.7496
28.0000 28.5752
28.0000 28.3957
28.0000 27.2029
28.0000 27.0702
28.0000 28.3300
28.0000 28.4047
28.0000 27.3527
28.0000 27.4247
28.0000 28.6465
28.0000 28.0047
28.0000 28.1587
28.0000 28.0569
28.0000 28.2590
28.0000 27.6752
28.0000 28.6756
28.0000 28.6878
28.0000 28.8907
28.0000 27.8939
28.0000 28.5167
28.0000 28.7021
28.0000 28.6582
28.0000 27.9195
28.0000 29.0917
28.0000 27.7973
28.0000 29.3304
28.0000 28.0367
28.0000 28.0095
28.0000 28.3852
28.0000 27.7674
28.0000 29.0071
28.0000 28.9986
28.0000 28.2263
28.0000 28.0008
28.0000 28.5225
28.0000 29.0746
28.0000 27.8552
28.0000 28.3985
28.0000 28.9026
28.0000 28.1488
28.0000 28.2918
28.0000 28.7187
28.0000 28.0754
28.0000 27.9656
28.0000 28.6415
28.0000 28.9649
28.0000 27.8877
28.0000 28.4602
28.0000 28.2645
28.0000 28.3132
28.0000 27.2052
28.0000 28.5021
28.0000 28.0639
28.0000 28.6345
28.0000 27.8404
28.0000 27.9294
28.0000 27.8525
28.0000 28.2349
28.0000 28.2343
28.0000 27.2758
28.0000 27.2742
28.0000 27.7183
28.0000 27.8826
28.0000 28.3821
28.0000 28.0947
28.0000 28.8207
28.0000 28.6488
28.0000 28.6195
28.0000 28.2177
28.0000 28.2037
28.0000 29.1231
28.0000 28.6715
28.0000 28.5053
28.0000 28.3271
28.0000 28.1827
28.0000 27.7613
28.0000 28.7618
28.0000 27.6444
28.0000 28.5314
28.0000 28.2109
28.0000 27.9794
28.0000 28.5414
28.0000 28.2339
28.0000 28.2466
28.0000 28.7117
28.0000 28.7173
28.0000 29.3902
28.0000 28.6651
28.0000 28.3978
28.0000 27.7324
28.0000 28.9925
28.0000 28.9674
28.0000 28.6698
28.0000 28.4665
28.0000 27.8285
28.0000 28.7106
28.0000 27.8404
28.0000 28.2382
28.0000 29.0979
28.0000 28.3354
28.0000 27.9174
28.0000 28.1391
28.0000 27.6721
28.0000 28.0772
28.0000 28.6023
28.0000 28.0999
28.0000 27.8563
28.0000 29.2375
28.0000 27.8849
28.0000 28.7996
28.0000 28.5384
28.0000 28.2599
28.0000 27.9016
28.0000 28.7833
28.0000 29.2640
28.0000 28.2804
28.0000 27.6862
28.0000 28.1292
28.0000 27.9863
28.0000 27.3796
28.0000 28.1573
28.0000 28.6913
28.0000 28.2244
28.0000 28.6090
28.0000 27.7287
28.0000 28.8764
28.0000 27.4249
28.0000 28.2355
28.0000 28.0066
28.0000 28.6251
28.0000 29.0865
28.0000 27.7948
28.0000 28.3509
28.0000 27.9080
28.0000 27.9414
28.0000 28.5604
28.0000 27.9732
28.0000 28.3770
28.0000 28.3133
28.0000 28.3727
28.0000 28.8404
28.0000 27.9777
28.0000 28.2481
28.0000 27.6704
28.0000 27.2557
28.0000 28.1884
28.0000 28.2673
28.0000 28.1914
28.0000 27.5096
28.0000 28.1769
28.0000 28.6729
28.0000 29.1312
28.0000 28.5809
28.0000 28.4557
28.0000 28.0978
28.0000 28.1333
28.0000 27.9112
28.0000 28.4479
28.0000 28.7653
28.0000 28.6642
28.0000 28.3404
28.0000 29.0861
28.0000 28.4608
28.0000 28.2331
28.0000 28.1379
28.0000 28.3197
28.0000 27.5818
28.0000 28.3218
28.0000 27.7027
28.0000 27.7803
28.0000 28.7765
28.0000 28.4990
28.0000 27.3767
28.0000 28.6160
28.0000 28.2927
28.0000 27.9778
28.0000 28.4229
28.0000 28.4283
28.0000 27.7856
28.0000 28.1759
28.0000 28.3030
28.0000 27.3088
28.0000 28.3130
28.0000 28.7901
28.0000 28.7835
28.0000 28.6020
28.0000 27.5461
28.0000 28.3604
28.0000 28.9683
28.0000 28.8440
28.0000 28.2993
28.0000 28.2624
28.0000 28.2523
28.0000 28.5493
28.0000 27.8170
28.0000 27.1495
28.0000 28.2758
28.0000 28.3086
28.0000 27.4479
28.0000 28.4548
28.0000 28.1571
28.0000 28.2375
28.0000 28.3272
28.0000 29.4816
28.0000 28.5127
28.0000 28.7247
28.0000 28.7891
28.0000 27.5319
28.0000 28.4534
28.0000 27.6949
28.0000 28.1330
28.0000 28.2664
28.0000 29.0428
28.0000 29.7132
28.0000 28.6438
28.0000 28.9449
28.0000 28.7411
28.0000 28.9443
28.0000 28.1849
28.0000 27.6890
28.0000 28.7887
28.0000 29.0645
28.0000 27.9514
28.0000 27.8757
28.0000 28.1662
28.0000 28.6324
28.0000 27.7202
28.0000 27.6928
28.0000 28.3249
28.0000 28.2820
28.0000 27.9015
28.0000 28.2254
28.0000 28.9149
28.0000 28.1464
28.0000 28.9499
28.0000 28.9160
28.0000 27.7690
28.0000 28.2191
28.0000 29.0414
28.0000 29.7802
28.0000 27.1730
28.0000 28.7085
28.0000 29.3662
28.0000 27.8992
28.0000 28.4948
28.0000 27.5395
28.0000 28.0910
28.0000 27.7547
28.0000 28.1217
28.0000 27.6856
28.0000 28.4950
28.0000 28.2571
28.0000 27.5445
28.0000 27.3368
28.0000 28.8008
28.0000 28.1994
28.0000 27.6279
28.0000 28.6459
28.0000 27.7934
28.0000 28.3961
28.0000 28.1932
28.0000 28.5539
28.0000 28.1750
28.0000 28.0901
28.0000 28.2991
28.0000 28.1488
28.0000 28.7546
28.0000 27.0978
28.0000 28.3366
28.0000 28.2946
28.0000 28.9270
28.0000 27.1853
28.0000 27.7021
28.0000 27.7575
28.0000 27.8342
28.0000 28.2670
28.0000 28.3690
28.0000 27.1797
28.0000 29.2030
28.0000 28.1932
28.0000 28.2520
28.0000 28.3127
28.0000 27.3155
28.0000 28.5236
28.0000 28.1926
28.0000 28.0452
28.0000 28.7809
28.0000 28.7081
28.0000 28.0249
28.0000 29.7156
28.0000 27.3726
28.0000 27.9410
28.0000 28.5489
28.0000 27.7033
28.0000 28.8637
28.0000 28.3249
28.0000 27.9129
28.0000 29.0219
28.0000 28.0209
28.0000 27.6275
28.0000 28.0159
28.0000 28.6510
28.0000 27.3301
28.0000 28.6588
28.0000 27.6615
28.0000 28.5216
28.0000 28.2095
28.0000 27.8564
28.0000 28.5616
28.0000 28.0228
28.0000 28.4313
28.0000 28.6159
28.0000 28.1179
28.0000 27.7266
28.0000 27.6054
28.0000 28.1213
28.0000 28.9641
28.0000 27.3433
28.0000 28.7829
28.0000 29.1226
28.0000 27.8141
28.0000 28.0086
28.0000 28.8410
28.0000 27.7306
28.0000 27.8088
28.0000 28.6505
28.0000 27.7080
28.0000 28.5202
28.0000 27.7714
28.0000 27.6419
28.0000 27.8913
28.0000 27.9203
28.0000 29.0202
28.0000 29.3726
28.0000 27.8153
28.0000 27.3628
28.0000 27.6247
28.0000 27.8157
28.0000 28.2748
28.0000 27.4535
28.0000 28.0911
28.0000 27.5680
28.0000 28.1339
28.0000 28.4054
28.0000 28.4838
28.0000 27.8831
28.0000 28.5647
28.0000 28.3235
28.0000 27.8638
28.0000 28.4047
28.0000 28.1952
28.0000 28.4896
28.0000 28.0846
28.0000 28.5146
28.0000 28.8880
28.0000 28.2324
28.0000 27.8882
28.0000 28.8674
28.0000 28.4432
28.0000 28.2539
28.0000 27.9403
28.0000 28.2240
28.0000 27.6823
28.0000 29.5695
28.0000 28.7282
28.0000 28.1222
28.0000 28.9451
28.0000 27.7812
28.0000 28.1686
28.0000 28.6316
28.0000 27.7733
28.0000 28.1689
28.0000 27.8353
28.0000 28.2922
28.0000 28.0857
28.0000 28.3410
28.0000 28.0488
28.0000 28.0758
28.0000 28.5220
28.0000 29.0648
28.0000 26.6673
28.0000 28.3620
28.0000 27.7652
28.0000 28.5378
28.0000 28.4431
28.0000 28.2814
28.0000 28.2446
28.0000 28.1487
28.0000 27.9845
28.0000 28.9195
28.0000 27.4523
28.0000 28.9694
28.0000 28.4799
28.0000 27.9860
28.0000 28.1645
28.0000 28.4161
28.0000 28.1362
28.0000 28.3816
28.0000 28.4252
28.0000 28.3262
28.0000 28.5994
28.0000 28.2661
28.0000 28.0595
28.0000 27.7142
28.0000 27.8939
28.0000 27.8045
28.0000 27.9390
28.0000 28.2428
28.0000 29.2351
28.0000 27.5770
28.0000 29.0652
28.0000 27.8213
28.0000 28.4471
28.0000 28.2951
28.0000 28.4638
28.0000 28.2155
28.0000 28.0675
28.0000 28.8559
28.0000 28.2360
28.0000 28.9045
28.0000 28.4366
28.0000 28.2636
28.0000 27.6826
28.0000 28.3386
28.0000 28.1053
28.0000 28.7324
28.0000 28.4526
28.0000 27.9909
28.0000 28.4189
28.0000 28.1244
28.0000 28.0938
28.0000 29.3843
28.0000 28.2477
28.0000 28.7677
28.0000 28.0417
28.0000 28.3032
28.0000 28.0987
28.0000 27.3843
28.0000 28.8702
28.0000 29.0009
28.0000 27.7893
28.0000 28.3477
28.0000 28.4004
28.0000 28.2248
28.0000 27.9217
28.0000 27.8143
28.0000 28.9292
28.0000 28.5508
28.0000 28.2024
28.0000 27.9463
28.0000 27.9669
28.0000 28.3692
28.0000 28.6896
28.0000 28.4032
28.0000 28.6877
28.0000 28.5591
28.0000 28.1291
28.0000 27.2196
28.0000 28.6953
28.0000 27.8856
28.0000 27.8238
28.0000 27.9706
28.0000 28.6275
28.0000 28.9349
28.0000 28.9415
28.0000 28.5706
28.0000 28.2849
28.0000 28.6426
28.0000 28.6832
28.0000 28.1044
28.0000 27.6281
28.0000 28.9513
28.0000 29.1632
28.0000 27.2145
28.0000 28.2416
28.0000 28.2966
28.0000 27.7097
28.0000 29.0563
28.0000 27.8642
28.0000 28.3212
28.0000 28.2998
28.0000 27.9598
28.0000 28.5011
28.0000 27.8421
28.0000 28.0417
28.0000 27.7664
28.0000 28.4329
28.0000 28.2075
28.0000 28.6178
28.0000 28.4313
28.0000 28.7458
28.0000 28.8018
28.0000 29.0266
28.0000 27.4718
28.0000 29.1820
28.0000 27.9758
28.0000 27.4701
28.0000 28.8635
28.0000 28.0059
28.0000 28.1502
28.0000 28.6134
28.0000 27.4436
28.0000 28.3486
28.0000 28.9020
28.0000 27.7448
28.0000 28.8806
28.0000 28.0925
28.0000 27.8634
28.0000 28.2658
28.0000 28.0347
28.0000 29.1651
28.0000 28.6519
28.0000 27.9239
28.0000 28.4119
28.0000 27.9146
28.0000 28.5929
28.0000 28.1817
28.0000 28.7065
28.0000 28.5232
28.0000 28.0274
28.0000 28.5192
28.0000 27.3378
28.0000 28.6282
28.0000 27.8173
28.0000 28.2408
28.0000 28.6436
28.0000 28.4751
28.0000 28.2344
28.0000 28.6712
28.0000 28.0345
28.0000 26.5542
28.0000 28.8500
28.0000 28.0786
28.0000 28.1051
28.0000 27.4185
28.0000 28.8715
28.0000 28.3327
28.0000 28.8071
28.0000 28.6469
28.0000 28.7846
28.0000 27.9166
28.0000 27.8314
28.0000 27.7794
28.0000 28.3969
28.0000 28.7989
28.0000 29.2249
28.0000 27.2727
28.0000 28.2577
28.0000 28.7925
28.0000 27.8049
28.0000 29.3739
28.0000 28.6748
28.0000 27.6470
28.0000 29.0470
28.0000 28.7576
28.0000 28.5941
28.0000 28.3974
28.0000 27.7426
28.0000 28.2485
28.0000 27.8983
28.0000 29.0595
28.0000 28.0681
28.0000 28.2073
28.0000 28.7905
28.0000 28.9108
28.0000 28.6907
28.0000 28.1329
28.0000 28.2222
28.0000 28.2590
28.0000 28.1210
28.0000 28.6069
28.0000 27.6109
28.0000 28.1486
28.0000 27.4843
28.0000 28.5037
28.0000 28.3310
28.0000 29.2644
28.0000 28.1175
28.0000 27.6614
28.0000 29.2425
28.0000 28.8682
28.0000 28.1342
28.0000 28.4875
28.0000 28.4980
28.0000 28.1891
28.0000 29.0222
28.0000 28.6954
28.0000 28.6960
28.0000 28.9155
28.0000 28.5713
28.0000 28.9499
28.0000 28.4296
28.0000 28.1646
28.0000 27.6608
28.0000 27.9459
28.0000 28.6376
28.0000 27.8138
28.0000 27.5789
28.0000 28.7539
28.0000 27.9009
28.0000 29.0071
28.0000 28.2183
28.0000 27.8801
28.0000 28.4051
28.0000 27.3426
28.0000 28.2663
28.0000 27.2652
28.0000 28.5239
28.0000 28.1217
28.0000 28.3540
28.0000 28.7008
28.0000 28.9689
28.0000 28.3287
28.0000 28.5783
28.0000 27.8877
28.0000 27.8516
28.0000 28.2125
28.0000 28.4738
28.0000 28.3104
28.0000 28.0273
28.0000 27.9139
28.0000 27.5435
28.0000 27.6185
28.0000 28.3619
28.0000 27.6592
28.0000 28.1254
28.0000 27.8310
28.0000 28.3347
28.0000 28.0593
28.0000 28.7634
28.0000 28.3107
28.0000 28.1210
28.0000 28.8681
28.0000 28.8102
28.0000 28.6062
28.0000 27.3942
28.0000 28.5728
28.0000 28.3728
28.0000 28.1607
28.0000 28.3498
28.0000 29.0275
28.0000 28.2305
28.0000 27.6039
28.0000 27.8662
28.0000 28.4268
28.0000 28.9757
28.0000 28.4875
28.0000 27.5635
28.0000 28.8387
28.0000 27.4017
28.0000 28.2771
28.0000 28.2456
28.0000 28.4685
28.0000 28.1043
28.0000 28.0573
28.0000 28.2939
28.0000 28.8866
28.0000 28.0566
28.0000 28.6090
28.0000 28.2254
28.0000 28.1648
28.0000 29.0810
28.0000 27.8283
28.0000 28.4851
28.0000 28.3049
28.0000 27.8292
28.0000 28.2261
28.0000 29.1437
28.0000 27.6141
28.0000 28.1946
28.0000 28.2161
28.0000 29.0248
28.0000 28.0149
28.0000 28.2516
28.0000 27.8057
28.0000 28.7184
28.0000 28.0910
28.0000 27.9862
28.0000 29.2122
28.0000 27.6241
28.0000 29.1080
28.0000 27.4327
28.0000 29.0184
28.0000 26.9591
28.0000 29.3036
28.0000 28.7281
28.0000 28.0311
28.0000 28.2828
28.0000 28.2131
28.0000 27.2743
28.0000 27.6319
28.0000 27.7341
28.0000 28.8172
28.0000 29.0360
28.0000 27.3847
28.0000 27.9669
28.0000 27.8143
28.0000 27.8226
28.0000 28.7830
28.0000 28.9154
28.0000 28.4671
28.0000 28.0295
28.0000 28.7782
28.0000 27.2428
28.0000 29.7008
28.0000 28.1802
28.0000 28.6642
28.0000 28.6159
28.0000 28.2577
28.0000 27.7371
28.0000 26.7193
28.0000 28.9690
28.0000 28.7285
28.0000 28.9668
28.0000 28.4885
28.0000 27.7371
28.0000 28.5491
28.0000 28.1798
28.0000 28.9489
28.0000 28.1210
28.0000 28.2351
28.0000 28.3906
28.0000 28.0345
28.0000 28.5713
28.0000 28.8051
28.0000 27.4002
28.0000 29.0861
28.0000 27.9184
28.0000 27.9984
28.0000 28.7619
28.0000 27.3140
28.0000 28.0672
28.0000 28.2263
28.0000 27.9657
28.0000 27.8857
28.0000 27.4942
28.0000 27.3827
28.0000 28.9364
28.0000 27.6202
28.0000 27.8107
28.0000 28.7736
28.0000 29.4580
28.0000 28.6327
28.0000 28.7444
28.0000 28.1463
28.0000 27.9616
28.0000 27.8304
28.0000 27.8878
28.0000 28.1583
28.0000 27.7519
28.0000 28.3795
28.0000 28.8202
28.0000 27.7421
28.0000 28.1167
28.0000 28.7864
28.0000 28.6484
28.0000 28.2931
28.0000 28.5624
28.0000 28.2516
28.0000 28.7877
28.0000 28.7229
28.0000 27.7724
28.0000 28.2704
28.0000 28.6351
28.0000 27.7767
28.0000 29.2112
28.0000 27.5815
28.0000 28.7966
28.0000 29.0637
28.0000 27.8956
28.0000 28.6481
28.0000 27.4069
28.0000 28.4009
28.0000 28.3950
28.0000 28.7790
28.0000 27.6026
28.0000 28.4650
28.0000 27.7474
28.0000 28.5401
28.0000 28.1100
28.0000 28.4072
28.0000 27.4931
28.0000 28.3898
28.0000 28.8774
28.0000 28.8174
28.0000 27.7734
28.0000 28.2558
28.0000 28.3264
28.0000 27.9595
28.0000 27.9789
28.0000 28.4001
28.0000 28.6615
28.0000 28.2475
28.0000 28.6252
28.0000 28.0864
28.0000 27.8921
28.0000 27.8374
28.0000 29.2146
28.0000 28.3411
28.0000 27.9581
28.0000 28.5023
28.0000 27.5402
28.0000 27.6516
28.0000 28.6760
28.0000 27.8162
28.0000 28.2336
28.0000 28.3803
28.0000 28.8680
28.0000 28.7215
28.0000 28.9257
28.0000 28.1428
28.0000 28.3667
28.0000 27.7255
28.0000 28.3049
28.0000 27.8411
28.0000 27.2951
28.0000 27.8772
28.0000 28.0912
28.0000 28.0391
28.0000 28.2035
28.0000 28.4255
28.0000 28.2521
28.0000 28.9668
28.0000 27.7444
28.0000 28.7799
28.0000 28.2936
28.0000 28.4534
28.0000 28.3010
28.0000 28.7522
28.0000 29.1500
28.0000 28.3713
28.0000 28.8576
28.0000 27.4204
28.0000 28.4795
28.0000 28.3330
28.0000 28.2648
28.0000 29.5140
28.0000 28.2124
28.0000 28.5012
28.0000 28.5359
28.0000 29.0453
28.0000 29.0755
28.0000 28.0202
28.0000 28.6978
28.0000 28.6874
28.0000 28.3645
28.0000 27.9223
28.0000 27.0341
28.0000 28.2492
28.0000 28.4586
28.0000 27.3797
28.0000 28.9007
28.0000 27.5202
28.0000 28.4824
28.0000 27.9243
28.0000 28.4568
28.0000 28.7797
28.0000 28.7425
28.0000 27.5815
28.0000 28.0346
28.0000 27.9579
28.0000 28.1779
28.0000 29.2821
28.0000 28.1836
28.0000 27.5755
28.0000 27.7172
28.0000 27.7515
28.0000 27.7423
28.0000 28.0760
28.0000 27.9106
28.0000 27.3672
28.0000 27.7210
28.0000 26.4563
28.0000 28.9381
28.0000 27.8000
28.0000 28.2518
28.0000 27.6626
28.0000 28.1265
28.0000 27.9778
28.0000 28.7357
28.0000 28.3053
28.0000 27.4029
28.0000 29.3020
28.0000 28.3954
28.0000 29.0167
28.0000 29.2339
28.0000 27.2573
28.0000 27.8555
28.0000 28.8659
28.0000 27.4409
28.0000 28.1951
28.0000 29.0962
28.0000 27.7025
28.0000 28.8707
28.0000 28.5072
28.0000 29.1409
28.0000 27.9670
28.0000 28.7757
28.0000 28.4551
28.0000 28.1575
28.0000 28.7506
28.0000 27.7994
28.0000 27.8458
28.0000 28.5009
28.0000 28.6870
28.0000 28.4290
28.0000 28.5941
28.0000 28.2189
28.0000 28.5200
28.0000 28.2469
28.0000 28.3022
28.0000 28.8369
28.0000 27.6509
28.0000 28.5499
28.0000 28.5785
28.0000 27.1521
28.0000 28.2635
28.0000 28.8739
28.0000 28.2046
28.0000 28.8150
28.0000 29.0278
28.0000 28.5747
28.0000 28.6697
28.0000 28.4609
28.0000 27.8565
28.0000 28.0206
28.0000 28.1859
28.0000 28.1805
28.0000 28.0247
28.0000 28.8690
28.0000 26.8666
28.0000 28.2655
28.0000 28.4989
28.0000 28.8445
28.0000 28.5439
28.0000 27.3895
28.0000 28.7028
28.0000 28.6135
28.0000 28.0575
28.0000 28.7805
28.0000 28.6814
28.0000 27.9793
28.0000 28.2337
28.0000 27.8388
28.0000 28.2356
28.0000 28.6035
28.0000 28.0355
28.0000 28.5129
28.0000 27.7937
28.0000 28.2791
28.0000 28.3720
28.0000 28.4448
28.0000 28.1763
28.0000 28.7839
28.0000 28.8034
28.0000 27.2981
28.0000 28.8294
28.0000 28.3013
28.0000 28.7327
28.0000 27.7282
28.0000 28.8378
28.0000 28.1487
28.0000 28.4331
28.0000 27.7150
28.0000 28.6048
28.0000 27.9975
28.0000 28.4480
28.0000 28.2658
28.0000 29.0291
28.0000 28.6287
28.0000 28.5584
28.0000 27.4202
28.0000 28.5147
28.0000 28.3707
28.0000 27.4936
28.0000 28.1074
28.0000 28.2305
28.0000 29.0140
28.0000 28.4252
28.0000 27.5316
28.0000 28.0282
28.0000 27.9323
28.0000 29.1487
28.0000 28.7045
28.0000 28.4703
28.0000 28.7435
28.0000 28.0265
28.0000 27.8191
28.0000 28.0583
28.0000 28.8218
28.0000 28.2670
28.0000 28.4042
28.0000 28.2889
28.0000 28.2663
28.0000 27.9944
28.0000 27.9947
28.0000 28.8229
28.0000 27.9554
28.0000 28.6328
28.0000 28.4775
28.0000 27.9166
28.0000 28.5251
28.0000 27.4655
28.0000 28.3009
28.0000 27.8710
28.0000 27.9007
28.0000 28.3314
28.0000 28.0479
28.0000 28.7575
28.0000 27.9221
28.0000 28.1118
28.0000 28.6379
28.0000 28.4266
28.0000 27.8742
28.0000 28.6823
28.0000 28.6065
28.0000 28.6395
28.0000 28.6423
28.0000 28.3106
28.0000 28.6507
28.0000 28.5162
28.0000 27.9309
28.0000 28.8420
28.0000 28.1741
28.0000 28.4098
28.0000 28.6276
28.0000 27.5619
28.0000 27.8667
28.0000 28.0830
28.0000 27.3864
28.0000 28.4156
28.0000 27.2960
28.0000 28.0141
28.0000 26.9877
28.0000 27.6679
28.0000 28.5622
28.0000 28.6451
28.0000 27.8031
28.0000 27.7352
28.0000 28.2337
28.0000 28.5625
28.0000 27.7356
28.0000 28.3258
28.0000 28.1433
28.0000 27.4927
28.0000 27.1516
28.0000 29.6899
28.0000 28.4768
28.0000 28.3762
28.0000 26.9386
28.0000 28.5813
28.0000 28.0830
28.0000 28.3278
28.0000 28.5563
28.0000 28.6996
28.0000 28.3693
28.0000 28.6453
28.0000 28.8107
28.0000 29.0735
28.0000 29.0440
28.0000 28.3264
28.0000 27.8831
28.0000 28.2726
28.0000 28.2847
28.0000 28.1146
28.0000 28.0084
28.0000 28.9440
28.0000 27.9291
28.0000 27.7153
28.0000 27.4827
28.0000 28.2752
28.0000 28.5371
28.0000 27.7873
28.0000 28.4099
28.0000 28.1312
28.0000 28.3861
28.0000 28.8244
28.0000 28.6563
28.0000 28.3581
28.0000 28.8962
28.0000 27.8016
28.0000 28.1369
28.0000 28.0589
28.0000 27.9727
28.0000 28.1538
28.0000 27.7563
28.0000 28.1111
28.0000 27.9703
28.0000 28.0671
28.0000 28.0719
28.0000 28.8167
28.0000 27.8676
28.0000 27.9562
28.0000 28.4225
28.0000 28.0426
28.0000 27.9290
28.0000 27.5804
28.0000 27.6994
28.0000 27.0290
28.0000 28.8139
28.0000 28.2215
28.0000 27.7257
28.0000 28.4190
28.0000 28.8866
28.0000 28.4238
28.0000 27.6074
28.0000 28.2485
28.0000 29.0893
28.0000 28.6116
28.0000 27.7867
28.0000 28.2803
28.0000 28.5674
28.0000 27.5001
28.0000 27.9860
28.0000 28.0753
28.0000 28.4373
28.0000 28.3283
28.0000 28.5764
28.0000 28.2262
28.0000 27.7739
28.0000 27.4508
28.0000 27.2213
28.0000 27.7736
28.0000 28.1012
28.0000 27.5663
28.0000 27.8491
28.0000 27.6649
28.0000 27.9689
28.0000 28.1965
28.0000 28.4515
28.0000 27.8674
28.0000 27.8221
28.0000 27.6641
28.0000 27.8147
28.0000 27.8732
28.0000 27.9111
28.0000 28.4493
28.0000 27.7765
28.0000 28.0776
28.0000 28.9789
28.0000 28.7283
28.0000 28.0533
28.0000 28.0701
28.0000 29.0999
28.0000 27.7910
28.0000 28.3561
28.0000 28.3926
28.0000 27.4171
28.0000 28.8145
28.0000 28.2071
28.0000 27.9817
28.0000 29.0396
28.0000 27.1509
28.0000 28.5703
28.0000 28.4079
28.0000 28.2351
28.0000 28.6204
28.0000 28.7450
28.0000 28.1070
28.0000 27.7027
28.0000 27.8028
28.0000 29.0927
28.0000 27.6184
28.0000 28.1048
28.0000 28.1869
28.0000 27.8896
28.0000 27.5846
28.0000 27.2742
28.0000 27.4716
28.0000 29.4911
28.0000 27.3474
28.0000 28.9321
28.0000 27.9125
28.0000 28.3435
28.0000 29.1971
28.0000 28.3135
28.0000 28.6172
28.0000 28.1731
28.0000 27.7919
28.0000 28.1387
28.0000 28.0686
28.0000 28.6130
28.0000 27.6935
28.0000 27.8679
28.0000 27.1703
28.0000 27.8736
28.0000 28.7778
28.0000 28.2482
28.0000 28.7800
28.0000 27.8741
28.0000 28.6790
28.0000 28.4280
28.0000 28.7109
28.0000 28.7428
28.0000 28.1962
28.0000 27.9126
28.0000 28.3351
28.0000 28.5412
28.0000 28.2173
28.0000 27.7440
28.0000 29.1850
28.0000 28.1872
28.0000 28.2298
28.0000 28.6611
28.0000 27.6448
28.0000 27.7571
28.0000 29.1887
28.0000 27.7929
28.0000 28.4895
28.0000 28.4838
28.0000 27.6928
28.0000 28.7411
28.0000 28.2703
28.0000 29.0020
28.0000 27.8952
28.0000 27.8437
28.0000 27.7119
28.0000 28.3617
28.0000 28.1007
28.0000 28.5400
28.0000 28.5748
28.0000 27.9247
28.0000 28.5059
28.0000 27.7514
28.0000 27.9714
28.0000 28.5771
28.0000 28.4855
28.0000 27.3541
28.0000 28.3850
28.0000 28.3299
28.0000 28.9082
28.0000 28.7361
28.0000 28.2571
28.0000 28.0934
28.0000 28.6201
28.0000 28.9598
28.0000 28.7439
28.0000 28.1284
28.0000 28.7558
28.0000 28.5579
28.0000 28.8037
28.0000 27.3164
28.0000 27.9327
28.0000 28.5340
28.0000 27.9928
28.0000 28.7395
28.0000 28.2390
28.0000 28.5315
28.0000 28.5946
28.0000 27.9439
28.0000 28.6497
28.0000 27.8417
28.0000 28.5096
28.0000 28.1428
28.0000 29.2271
28.0000 27.7597
28.0000 27.7207
28.0000 28.3488
28.0000 28.5289
28.0000 27.5676
28.0000 27.6992
28.0000 28.6504
28.0000 28.2019
28.0000 28.5402
28.0000 28.1025
28.0000 27.6406
28.0000 28.6493
28.0000 28.3918
28.0000 28.0239
28.0000 28.5479
28.0000 27.7564
28.0000 28.6865
28.0000 27.8402
28.0000 28.3344
28.0000 27.9021
28.0000 28.3947
28.0000 28.5244
28.0000 28.6142
28.0000 27.8988
28.0000 28.0219
28.0000 28.1742
28.0000 28.8343
28.0000 28.2673
28.0000 28.8436
28.0000 28.4008
28.0000 28.5613
28.0000 27.9491
28.0000 27.9885
28.0000 29.2207
28.0000 28.9349
28.0000 28.5303
28.0000 28.3230
28.0000 29.1555
28.0000 28.0200
28.0000 28.0838
28.0000 28.0430
28.0000 27.9229
28.0000 28.5466
28.0000 27.7530
28.0000 28.3312
