29.0000 29.2293
29.0000 29.1352
29.0000 28.8749
29.0000 28.6859
29.0000 29.7560
29.0000 29.1683
29.0000 29.6781
29.0000 29.1364
29.0000 28.4857
29.0000 29.0099
29.0000 29.1991
29.0000 28.3689
29.0000 29.1017
29.0000 28.9629
29.0000 29.6561
29.0000 28.8296
29.0000 28.9201
29.0000 29.2638
29.0000 29.7514
29.0000 29.2406
29.0000 28.5988
29.0000 29.7776
29.0000 29.9881
29.0000 28.9173
29.0000 28.5962
29.0000 29.1911
29.0000 29.9763
29.0000 28.6532
29.0000 28.9727
29.0000 28.4946
29.0000 29.3541
29.0000 29.1091
29.0000 28.4116
29.0000 29.7785
29.0000 30.0330
29.0000 29.5480
29.0000 28.3827
29.0000 29.2951
29.0000 28.8590
29.0000 28.9441
29.0000 28.7517
29.0000 29.0918
29.0000 29.3102
29.0000 29.3452
29.0000 29.4618
29.0000 28.0633
29.0000 28.8066
29.0000 28.7245
29.0000 28.9335
29.0000 29.0426
29.0000 30.1405
29.0000 28.8303
29.0000 28.7176
29.0000 28.6707
29.0000 29.4493
29.0000 29.6894
29.0000 29.5803
29.0000 29.2141
29.0000 29.3017
29.0000 29.4770
29.0000 29.9589
29.0000 28.5161
29.0000 29.5407
29.0000 29.2944
29.0000 29.1342
29.0000 29.2694
29.0000 28.5594
29.0000 29.2579
29.0000 29.9122
29.0000 30.2386
29.0000 28.8167
29.0000 28.9671
29.0000 29.3773
29.0000 28.5729
29.0000 29.6174
29.0000 29.2162
29.0000 29.4979
29.0000 29.6583
29.0000 30.0581
29.0000 29.3969
29.0000 29.3552
29.0000 28.6052
29.0000 29.3323
29.0000 29.3814
29.0000 29.5978
29.0000 28.8739
29.0000 29.4372
29.0000 29.5633
29.0000 29.3298
29.0000 28.3819
29.0000 29.4578
29.0000 29.3610
29.0000 30.1652
29.0000 28.2537
29.0000 28.7944
29.0000 29.3185
29.0000 29.8155
29.0000 28.8108
29.0000 29.5610
29.0000 29.7653
29.0000 29.5935
29.0000 29.1604
29.0000 29.6247
29.0000 28.7916
29.0000 30.0317
29.0000 29.5579
29.0000 29.4684
29.0000 29.5276
29.0000 29.6354
29.0000 28.7418
29.0000 28.7785
29.0000 29.9145
29.0000 30.0428
29.0000 30.3112
29.0000 28.1835
29.0000 28.9481
29.0000 29.7175
29.0000 28.5911
29.0000 29.2335
29.0000 29.7872
29.0000 29.8099
29.0000 28.8493
29.0000 28.8985
29.0000 29.1291
29.0000 28.7628
29.0000 30.6506
29.0000 28.2552
29.0000 28.6726
29.0000 29.8150
29.0000 29.0848
29.0000 28.6129
29.0000 29.8120
29.0000 28.9988
29.0000 30.2583
29.0000 29.3665
29.0000 29.5355
29.0000 28.9075
29.0000 29.3824
29.0000 29.3699
29.0000 28.5516
29.0000 28.1137
29.0000 29.0235
29.0000 28.9905
29.0000 28.7726
29.0000 29.1818
29.0000 29.0275
29.0000 28.8251
29.0000 28.5190
29.0000 28.9367
29.0000 29.6413
29.0000 29.5989
29.0000 30.4524
29.0000 29.4018
29.0000 28.6998
29.0000 29.5277
29.0000 28.1972
29.0000 29.2723
29.0000 29.2657
29.0000 29.2926
29.0000 29.5747
29.0000 28.6815
29.0000 28.9243
29.0000 29.0353
29.0000 29.2006
29.0000 29.2273
29.0000 29.8473
29.0000 28.9400
29.0000 28.6779
29.0000 29.1200
29.0000 28.9554
29.0000 29.2411
29.0000 29.3867
29.0000 29.2008
29.0000 29.1560
29.0000 29.2879
29.0000 29.7314
29.0000 28.1068
29.0000 29.7725
29.0000 27.9695
29.0000 28.8820
29.0000 28.5246
29.0000 29.4362
29.0000 30.0095
29.0000 28.9773
29.0000 29.4133
29.0000 29.6502
29.0000 28.3379
29.0000 29.5469
29.0000 29.0303
29.0000 28.9794
29.0000 29.4110
29.0000 30.0291
29.0000 29.4161
29.0000 29.6664
29.0000 29.8037
29.0000 28.7453
29.0000 30.5439
29.0000 29.3156
29.0000 29.4788
29.0000 28.6240
29.0000 29.0841
29.0000 28.2621
29.0000 28.6502
29.0000 28.1578
29.0000 29.8431
29.0000 28.9992
29.0000 28.9092
29.0000 29.9589
29.0000 28.9913
29.0000 29.0480
29.0000 28.8697
29.0000 29.3302
29.0000 29.3183
29.0000 27.8326
29.0000 28.7328
29.0000 29.5300
29.0000 29.8910
29.0000 29.7247
29.0000 29.8472
29.0000 29.2919
29.0000 29.3919
29.0000 28.5508
29.0000 28.9551
29.0000 29.3873
29.0000 28.9342
29.0000 29.5760
29.0000 29.1848
29.0000 29.7215
29.0000 29.4255
29.0000 29.0453
29.0000 28.9539
29.0000 29.7713
29.0000 29.9739
29.0000 29.4195
29.0000 29.5049
29.0000 29.0644
29.0000 28.8272
29.0000 29.1847
29.0000 29.3154
29.0000 29.4791
29.0000 28.9966
29.0000 29.5912
29.0000 29.2230
29.0000 29.4566
29.0000 29.3153
29.0000 29.0869
29.0000 28.4514
29.0000 28.9568
29.0000 28.5896
29.0000 29.6858
29.0000 29.3293
29.0000 28.6231
29.0000 29.2131
29.0000 28.6970
29.0000 28.6008
29.0000 29.5365
29.0000 27.8836
29.0000 29.5651
29.0000 29.1780
29.0000 28.9995
29.0000 28.9067
29.0000 29.1285
29.0000 28.7490
29.0000 29.2437
29.0000 29.0987
29.0000 29.2411
29.0000 29.4443
29.0000 28.5514
29.0000 28.5650
29.0000 29.6236
29.0000 29.1247
29.0000 29.2694
29.0000 29.0567
29.0000 29.7038
29.0000 29.3506
29.0000 29.9476
29.0000 29.4367
29.0000 28.8036
29.0000 29.0743
29.0000 28.5228
29.0000 29.2399
29.0000 29.1883
29.0000 29.1179
29.0000 29.5801
29.0000 29.1951
29.0000 28.9101
29.0000 28.5372
29.0000 29.9127
29.0000 29.2652
29.0000 29.5875
29.0000 29.4256
29.0000 28.8323
29.0000 28.5878
29.0000 29.5595
29.0000 29.4258
29.0000 29.4783
29.0000 29.1928
29.0000 28.7548
29.0000 29.3181
29.0000 28.0869
29.0000 29.5986
29.0000 28.6236
29.0000 29.1366
29.0000 29.2248
29.0000 29.4167
29.0000 29.5992
29.0000 29.0837
29.0000 28.9714
29.0000 29.3887
29.0000 30.4441
29.0000 29.7496
29.0000 29.3145
29.0000 29.5294
29.0000 28.9227
29.0000 30.0863
29.0000 30.5070
29.0000 29.3088
29.0000 28.8449
29.0000 29.2967
29.0000 28.5264
29.0000 29.2205
29.0000 29.3507
29.0000 28.7883
29.0000 29.5354
29.0000 28.8070
29.0000 29.2486
29.0000 29.0163
29.0000 28.4258
29.0000 28.2213
29.0000 28.6324
29.0000 29.0929
29.0000 29.1111
29.0000 29.3337
29.0000 30.0240
29.0000 28.5487
29.0000 28.6693
29.0000 29.6411
29.0000 28.7849
29.0000 28.3912
29.0000 28.9901
29.0000 28.9905
29.0000 28.9319
29.0000 28.7723
29.0000 29.4576
29.0000 29.8761
29.0000 28.9224
29.0000 28.4476
29.0000 29.0047
29.0000 29.8715
29.0000 27.6878
29.0000 29.0841
29.0000 29.0754
29.0000 28.6747
29.0000 28.9468
29.0000 29.4995
29.0000 30.5357
29.0000 29.7292
29.0000 28.9652
29.0000 29.0514
29.0000 29.2532
29.0000 28.7182
29.0000 29.2340
29.0000 29.4667
29.0000 28.2880
29.0000 29.4470
29.0000 29.5520
29.0000 28.8526
29.0000 28.8233
29.0000 29.4719
29.0000 29.6854
29.0000 29.8293
29.0000 29.0880
29.0000 29.6852
29.0000 30.1437
29.0000 29.6064
29.0000 30.2006
29.0000 29.3769
29.0000 29.2788
29.0000 28.2396
29.0000 29.5466
29.0000 29.3731
29.0000 28.6343
29.0000 28.8800
29.0000 29.4784
29.0000 28.8706
29.0000 29.7587
29.0000 29.9605
29.0000 29.0400
29.0000 29.4872
29.0000 29.6079
29.0000 30.0314
29.0000 29.0503
29.0000 29.4438
29.0000 28.5629
29.0000 29.8803
29.0000 29.1999
29.0000 29.6983
29.0000 29.1462
29.0000 30.3308
29.0000 29.0166
29.0000 29.1743
29.0000 29.3806
29.0000 29.1780
29.0000 29.3718
29.0000 28.8431
29.0000 29.0728
29.0000 28.9641
29.0000 29.4563
29.0000 29.0633
29.0000 29.9375
29.0000 29.5061
29.0000 28.0356
29.0000 28.4133
29.0000 28.2441
29.0000 29.6406
29.0000 29.2694
29.0000 28.8195
29.0000 28.7102
29.0000 28.6699
29.0000 29.3442
29.0000 30.0003
29.0000 29.8652
29.0000 28.9796
29.0000 29.2191
29.0000 29.9050
29.0000 28.1701
29.0000 29.3181
29.0000 29.5424
29.0000 28.7518
29.0000 29.9639
29.0000 28.9596
29.0000 29.6190
29.0000 29.5965
29.0000 29.0857
29.0000 29.2323
29.0000 29.3694
29.0000 28.8685
29.0000 29.2319
29.0000 28.5644
29.0000 29.3683
29.0000 28.7914
29.0000 29.3556
29.0000 29.5904
29.0000 28.6344
29.0000 29.0697
29.0000 28.8281
29.0000 29.1611
29.0000 29.1303
29.0000 28.9470
29.0000 28.4000
29.0000 28.9826
29.0000 29.4780
29.0000 29.4945
29.0000 29.0085
29.0000 29.5693
29.0000 28.9911
29.0000 28.3825
29.0000 29.6819
29.0000 28.6866
29.0000 29.7789
29.0000 29.2294
29.0000 28.6210
29.0000 29.6356
29.0000 28.6390
29.0000 28.9444
29.0000 28.7981
29.0000 28.2323
29.0000 29.2964
29.0000 29.3439
29.0000 28.9197
29.0000 28.3015
29.0000 28.8299
29.0000 28.8352
29.0000 29.4279
29.0000 28.9290
29.0000 29.3037
29.0000 28.9525
29.0000 29.5288
29.0000 29.2718
29.0000 29.3783
29.0000 29.0127
29.0000 28.4800
29.0000 29.4058
29.0000 29.0399
29.0000 29.8158
29.0000 29.0397
29.0000 28.9927
29.0000 29.3244
29.0000 29.4373
29.0000 29.3024
29.0000 29.2928
29.0000 29.9922
29.0000 29.5171
29.0000 29.0559
29.0000 30.0290
29.0000 28.7874
29.0000 29.2541
29.0000 28.9121
29.0000 29.4931
29.0000 30.1259
29.0000 29.0861
29.0000 28.4054
29.0000 29.2287
29.0000 29.1515
29.0000 29.5731
29.0000 28.7627
29.0000 29.5615
29.0000 29.1732
29.0000 29.0427
29.0000 27.9624
29.0000 29.2233
29.0000 29.7181
29.0000 29.2088
29.0000 28.1085
29.0000 29.4387
29.0000 29.2549
29.0000 30.4448
29.0000 29.2042
29.0000 29.0311
29.0000 28.8893
29.0000 28.9964
29.0000 29.4335
29.0000 29.1634
29.0000 28.7281
29.0000 27.9516
29.0000 29.8698
29.0000 28.6325
29.0000 29.9265
29.0000 29.7876
29.0000 29.4456
29.0000 28.8493
29.0000 28.6192
29.0000 28.5320
29.0000 28.9070
29.0000 29.3152
29.0000 29.0137
29.0000 29.1346
29.0000 28.8031
29.0000 28.6943
29.0000 28.1699
29.0000 29.4457
29.0000 29.7750
29.0000 29.4997
29.0000 28.9196
29.0000 28.9030
29.0000 29.1666
29.0000 29.8496
29.0000 29.6286
29.0000 29.0575
29.0000 29.1546
29.0000 29.4634
29.0000 28.4723
29.0000 28.1267
29.0000 30.0878
29.0000 29.7051
29.0000 29.3795
29.0000 29.6634
29.0000 28.4472
29.0000 30.0066
29.0000 29.0753
29.0000 28.8099
29.0000 28.9175
29.0000 28.9191
29.0000 29.4102
29.0000 28.9885
29.0000 29.1900
29.0000 28.9553
29.0000 29.3319
29.0000 27.9748
29.0000 28.4899
29.0000 28.2312
29.0000 29.1441
29.0000 29.3375
29.0000 28.5242
29.0000 29.5021
29.0000 28.5973
29.0000 29.6137
29.0000 28.7080
29.0000 28.7766
29.0000 29.7802
29.0000 29.0055
29.0000 28.7455
29.0000 28.7800
29.0000 29.0254
29.0000 27.8245
29.0000 30.3063
29.0000 28.8925
29.0000 28.0664
29.0000 28.6784
29.0000 29.0314
29.0000 29.4962
29.0000 29.3060
29.0000 29.3705
29.0000 29.2595
29.0000 28.3479
29.0000 29.0330
29.0000 29.3974
29.0000 28.4865
29.0000 28.8513
29.0000 29.7931
29.0000 28.0231
29.0000 28.7251
29.0000 28.4310
29.0000 28.7647
29.0000 28.9688
29.0000 28.6164
29.0000 29.4456
29.0000 29.6793
29.0000 29.3493
29.0000 29.1671
29.0000 28.5377
29.0000 28.6617
29.0000 29.0985
29.0000 29.3947
29.0000 29.1975
29.0000 29.0973
29.0000 29.1360
29.0000 28.5285
29.0000 28.8128
29.0000 28.9870
29.0000 28.5889
29.0000 28.6056
29.0000 29.6266
29.0000 28.9847
29.0000 29.6106
29.0000 29.3522
29.0000 29.6624
29.0000 28.4118
29.0000 27.5109
29.0000 28.8278
29.0000 29.1951
29.0000 28.2646
29.0000 28.9351
29.0000 29.5719
29.0000 28.7618
29.0000 28.7924
29.0000 30.2993
29.0000 30.0149
29.0000 29.3241
29.0000 28.9048
29.0000 29.8112
29.0000 28.8741
29.0000 28.5385
29.0000 29.3522
29.0000 29.6202
29.0000 29.6182
29.0000 29.0265
29.0000 28.8651
29.0000 29.7119
29.0000 28.3919
29.0000 29.9688
29.0000 29.4789
29.0000 28.7517
29.0000 29.4469
29.0000 29.0865
29.0000 29.2118
29.0000 29.4465
29.0000 28.7058
29.0000 28.9851
29.0000 29.1983
29.0000 28.9202
29.0000 29.3493
29.0000 29.5669
29.0000 28.5714
29.0000 28.5194
29.0000 29.2537
29.0000 28.3977
29.0000 29.2511
29.0000 27.9514
29.0000 29.9081
29.0000 30.2212
29.0000 30.3070
29.0000 29.4723
29.0000 28.4813
29.0000 28.7581
29.0000 28.5854
29.0000 30.0800
29.0000 29.8583
29.0000 30.1812
29.0000 29.6020
29.0000 29.0956
29.0000 29.3218
29.0000 28.1696
29.0000 30.2437
29.0000 29.7916
29.0000 28.8700
29.0000 29.8665
29.0000 29.1680
29.0000 30.5643
29.0000 28.5653
29.0000 29.6340
29.0000 29.6691
29.0000 29.3771
29.0000 28.7735
29.0000 28.8725
29.0000 29.0983
29.0000 30.2515
29.0000 29.5601
29.0000 28.6864
29.0000 30.4273
29.0000 29.5545
29.0000 28.6023
29.0000 29.9506
29.0000 28.4439
29.0000 29.5435
29.0000 29.3955
29.0000 29.4038
29.0000 29.6911
29.0000 29.3083
29.0000 29.4443
29.0000 29.2140
29.0000 28.8130
29.0000 29.2414
29.0000 28.4528
29.0000 29.2309
29.0000 29.0566
29.0000 29.0289
29.0000 29.1833
29.0000 29.8560
29.0000 29.0100
29.0000 29.3072
29.0000 28.5756
29.0000 28.7184
29.0000 29.8093
29.0000 29.9735
29.0000 28.6592
29.0000 28.7591
29.0000 28.6915
29.0000 29.3242
29.0000 29.6942
29.0000 29.7054
29.0000 28.6778
29.0000 29.2524
29.0000 29.8303
29.0000 28.7559
29.0000 29.0643
29.0000 28.5859
29.0000 29.0474
29.0000 28.9007
29.0000 28.9549
29.0000 29.8433
29.0000 28.7663
29.0000 29.3078
29.0000 27.7658
29.0000 29.1196
29.0000 28.2272
29.0000 29.7205
29.0000 29.4178
29.0000 29.2526
29.0000 29.0516
29.0000 29.2614
29.0000 28.6930
29.0000 29.2353
29.0000 29.2356
29.0000 29.1189
29.0000 29.4089
29.0000 29.1227
29.0000 29.7702
29.0000 28.6974
29.0000 28.7370
29.0000 30.4964
29.0000 28.0673
29.0000 28.0805
29.0000 29.8498
29.0000 29.0150
29.0000 28.8358
29.0000 28.8874
29.0000 28.6261
29.0000 28.7465
29.0000 29.1777
29.0000 28.9955
29.0000 28.9524
29.0000 28.9168
29.0000 29.5078
29.0000 29.5436
29.0000 29.2729
29.0000 29.7058
29.0000 29.7778
29.0000 29.5060
29.0000 29.9727
29.0000 29.4365
29.0000 29.4857
29.0000 29.6264
29.0000 29.2579
29.0000 28.1660
29.0000 29.4164
29.0000 29.3991
29.0000 28.4399
29.0000 28.4866
29.0000 28.6720
29.0000 29.5035
29.0000 29.2201
29.0000 29.3162
29.0000 28.8854
29.0000 30.1455
29.0000 29.6086
29.0000 29.1927
29.0000 29.7366
29.0000 29.4501
29.0000 29.9653
29.0000 29.4059
29.0000 29.3835
29.0000 28.9911
29.0000 29.7878
29.0000 28.7878
29.0000 29.2944
29.0000 28.7476
29.0000 29.2016
29.0000 28.7699
29.0000 29.5075
29.0000 29.3434
29.0000 29.2428
29.0000 28.9092
29.0000 29.2016
29.0000 29.7887
29.0000 30.0464
29.0000 29.4581
29.0000 30.7792
29.0000 28.7661
29.0000 28.2464
29.0000 28.7446
29.0000 28.7036
29.0000 28.2876
29.0000 29.4659
29.0000 28.4849
29.0000 28.9757
29.0000 29.4032
29.0000 29.3838
29.0000 29.8851
29.0000 29.1400
29.0000 29.8425
29.0000 29.4381
29.0000 29.5980
29.0000 29.3051
29.0000 28.8211
29.0000 28.8112
29.0000 30.1006
29.0000 28.2336
29.0000 29.3574
29.0000 29.3520
29.0000 28.7227
29.0000 29.0864
29.0000 28.5508
29.0000 29.5297
29.0000 29.4849
29.0000 29.0990
29.0000 28.5450
29.0000 29.1596
29.0000 29.7363
29.0000 29.3458
29.0000 28.4335
29.0000 28.6426
29.0000 29.4335
29.0000 29.0067
29.0000 28.6587
29.0000 29.9668
29.0000 28.9522
29.0000 29.4906
29.0000 28.8597
29.0000 29.2923
29.0000 30.2155
29.0000 29.2114
29.0000 30.0358
29.0000 29.7841
29.0000 29.5640
29.0000 29.6586
29.0000 28.9251
29.0000 28.8434
29.0000 28.8788
29.0000 29.3566
29.0000 28.8013
29.0000 28.4462
29.0000 29.1109
29.0000 29.7228
29.0000 28.8805
29.0000 28.2289
29.0000 29.7258
29.0000 29.2946
29.0000 29.0792
29.0000 28.6123
29.0000 28.7919
29.0000 28.1156
29.0000 29.2790
29.0000 29.6483
29.0000 28.7443
29.0000 29.9954
29.0000 27.7752
29.0000 28.4679
29.0000 29.2766
29.0000 28.5641
29.0000 29.6458
29.0000 28.9348
29.0000 29.2119
29.0000 29.9364
29.0000 29.3444
29.0000 30.7672
29.0000 29.0918
29.0000 29.3942
29.0000 29.7235
29.0000 29.7650
29.0000 30.0893
29.0000 29.1226
29.0000 29.3155
29.0000 29.0269
29.0000 29.6463
29.0000 28.5417
29.0000 30.2400
29.0000 29.5051
29.0000 28.4258
29.0000 29.8499
29.0000 29.5434
29.0000 28.7557
29.0000 29.8459
29.0000 29.6334
29.0000 29.5247
29.0000 28.8656
29.0000 28.0818
29.0000 29.7385
29.0000 30.0415
29.0000 28.7150
29.0000 28.9350
29.0000 29.7681
29.0000 28.3073
29.0000 28.9580
29.0000 29.0796
29.0000 28.6973
29.0000 29.1988
29.0000 28.1902
29.0000 28.6814
29.0000 28.5446
29.0000 28.8632
29.0000 28.2237
29.0000 29.7841
29.0000 29.3391
29.0000 27.8442
29.0000 29.7320
29.0000 29.5407
29.0000 28.9800
29.0000 29.5784
29.0000 29.2737
29.0000 28.9086
29.0000 28.4146
29.0000 29.0565
29.0000 28.7592
29.0000 29.2684
29.0000 30.2415
29.0000 28.4752
29.0000 29.4243
29.0000 29.6260
29.0000 29.1060
29.0000 29.0975
29.0000 28.5725
29.0000 30.4442
29.0000 29.2036
29.0000 29.6321
29.0000 28.6908
29.0000 29.5560
29.0000 29.6211
29.0000 29.0807
29.0000 29.3894
29.0000 29.0022
29.0000 29.1527
29.0000 30.2620
29.0000 29.7875
29.0000 29.2054
29.0000 28.5062
29.0000 28.4820
29.0000 29.7297
29.0000 29.5651
29.0000 28.4304
29.0000 29.7823
29.0000 29.2038
29.0000 29.1607
29.0000 28.3728
29.0000 28.9000
29.0000 28.4150
29.0000 29.1633
29.0000 29.5241
29.0000 29.2080
29.0000 29.4027
29.0000 28.1302
29.0000 29.4882
29.0000 28.8442
29.0000 29.6063
29.0000 30.2616
29.0000 28.3917
29.0000 29.5495
29.0000 29.1948
29.0000 29.2056
29.0000 29.6397
29.0000 29.0767
29.0000 29.5802
29.0000 28.8054
29.0000 28.7716
29.0000 29.7787
29.0000 29.0804
29.0000 29.2992
29.0000 28.6328
29.0000 28.7421
29.0000 29.2649
29.0000 29.7959
29.0000 29.2316
29.0000 29.0421
29.0000 29.5230
29.0000 29.2724
29.0000 28.4133
29.0000 29.5732
29.0000 29.0242
29.0000 29.8678
29.0000 29.0870
29.0000 29.1280
29.0000 29.2934
29.0000 28.5168
29.0000 29.8030
29.0000 29.1116
29.0000 28.8785
29.0000 29.5515
29.0000 28.9486
29.0000 29.9242
29.0000 28.7198
29.0000 28.9797
29.0000 28.9039
29.0000 28.6218
29.0000 29.0150
29.0000 29.7597
29.0000 29.5094
29.0000 29.6955
29.0000 29.5681
29.0000 28.6021
29.0000 29.8731
29.0000 28.7387
29.0000 29.5947
29.0000 28.9874
29.0000 29.8016
29.0000 29.0315
29.0000 29.0677
29.0000 28.7135
29.0000 29.7618
29.0000 29.2643
29.0000 29.2017
29.0000 29.7727
29.0000 28.6509
29.0000 29.1808
29.0000 29.6225
29.0000 29.3821
29.0000 29.4895
29.0000 28.6563
29.0000 29.9465
29.0000 29.4342
29.0000 30.0380
29.0000 29.7480
29.0000 28.8122
29.0000 28.8302
29.0000 29.1120
29.0000 29.5017
29.0000 29.6151
29.0000 27.5805
29.0000 28.6334
29.0000 29.5923
29.0000 29.7567
29.0000 28.4676
29.0000 28.6313
29.0000 28.9003
29.0000 28.7953
29.0000 28.9092
29.0000 28.6728
29.0000 28.6986
29.0000 28.5641
29.0000 29.0657
29.0000 28.7334
29.0000 29.1825
29.0000 28.9258
29.0000 29.1249
29.0000 28.5747
29.0000 29.5396
29.0000 28.9401
29.0000 28.3885
29.0000 29.6924
29.0000 29.3897
29.0000 28.3260
29.0000 28.2187
29.0000 29.0109
29.0000 29.1752
29.0000 29.5705
29.0000 27.7313
29.0000 29.8331
29.0000 29.0371
29.0000 29.3099
29.0000 30.1124
29.0000 28.4492
29.0000 29.5266
29.0000 29.3729
29.0000 28.8739
29.0000 28.6918
29.0000 29.0911
29.0000 28.9943
29.0000 29.3749
29.0000 29.1198
29.0000 29.2217
29.0000 28.8472
29.0000 29.5430
29.0000 30.0324
29.0000 28.7141
29.0000 28.9440
29.0000 28.6849
29.0000 30.2147
29.0000 28.9799
29.0000 29.6179
29.0000 28.8894
29.0000 30.1140
29.0000 29.5623
29.0000 29.1451
29.0000 29.9740
29.0000 29.2249
29.0000 29.7452
29.0000 28.7622
29.0000 28.7840
29.0000 29.0398
29.0000 29.2408
29.0000 29.3516
29.0000 28.0360
29.0000 29.5090
29.0000 30.1351
29.0000 28.3293
29.0000 28.8616
29.0000 30.3161
29.0000 28.7080
29.0000 28.7710
29.0000 30.2640
29.0000 28.2674
29.0000 28.5062
29.0000 29.6053
29.0000 29.0479
29.0000 29.4654
29.0000 30.0802
29.0000 29.7018
29.0000 29.8005
29.0000 28.7253
29.0000 28.8971
29.0000 29.9328
29.0000 29.6321
29.0000 28.2950
29.0000 29.5437
29.0000 29.6384
29.0000 29.2600
29.0000 29.7318
29.0000 29.4257
29.0000 29.4277
29.0000 29.1539
29.0000 28.6371
29.0000 29.3182
29.0000 29.5029
29.0000 28.7901
29.0000 30.1935
29.0000 30.2650
29.0000 29.4774
29.0000 29.3944
29.0000 28.6685
29.0000 29.0105
29.0000 28.0427
29.0000 29.5677
29.0000 29.5038
29.0000 27.9998
29.0000 28.3809
29.0000 28.9219
29.0000 29.5842
29.0000 29.0836
29.0000 29.9234
29.0000 29.3043
29.0000 29.9959
29.0000 30.1240
29.0000 27.4864
29.0000 29.0942
29.0000 29.4621
29.0000 30.3329
29.0000 29.6724
29.0000 29.5589
29.0000 29.5883
29.0000 29.8908
29.0000 29.4063
29.0000 28.5670
29.0000 29.7361
29.0000 29.6279
29.0000 29.1602
29.0000 29.3688
29.0000 28.6996
29.0000 28.1727
29.0000 29.9806
29.0000 29.8335
29.0000 28.0994
29.0000 28.5873
29.0000 28.3807
29.0000 28.4704
29.0000 29.4543
29.0000 28.9702
29.0000 27.9115
29.0000 28.6221
29.0000 29.2212
29.0000 27.8093
29.0000 28.4072
29.0000 28.3303
29.0000 29.1056
29.0000 29.2894
29.0000 29.1340
29.0000 30.0527
29.0000 28.1585
29.0000 29.5483
29.0000 29.2614
29.0000 28.5783
29.0000 29.7662
29.0000 29.4265
29.0000 29.1972
29.0000 29.0800
29.0000 29.5935
29.0000 28.7090
29.0000 29.8065
29.0000 28.8832
29.0000 28.8540
29.0000 29.2249
29.0000 28.7320
29.0000 28.8308
29.0000 27.7397
29.0000 28.8719
29.0000 30.0991
29.0000 28.1178
29.0000 29.0599
29.0000 28.7287
29.0000 28.7774
29.0000 30.0804
29.0000 28.5370
29.0000 28.9744
29.0000 30.3356
29.0000 27.8749
29.0000 29.2088
29.0000 28.8059
29.0000 28.4181
29.0000 28.8879
29.0000 29.5785
29.0000 30.0437
29.0000 29.2191
29.0000 28.9800
29.0000 29.6073
29.0000 28.8408
29.0000 29.4111
29.0000 29.3040
29.0000 29.0427
29.0000 30.8414
29.0000 29.5576
29.0000 28.8965
29.0000 28.4024
29.0000 28.4515
29.0000 29.6643
29.0000 30.0899
29.0000 28.0116
29.0000 29.0375
29.0000 29.1896
29.0000 27.8924
29.0000 28.5963
29.0000 28.7060
29.0000 28.7328
29.0000 29.1170
29.0000 29.8692
29.0000 29.7228
29.0000 28.7648
29.0000 28.3639
29.0000 29.2834
29.0000 28.5708
29.0000 29.5439
29.0000 29.3155
29.0000 29.8700
29.0000 29.1935
29.0000 29.0757
29.0000 29.1761
29.0000 29.5774
29.0000 28.8704
29.0000 28.5626
29.0000 28.5349
29.0000 29.7870
29.0000 29.1844
29.0000 29.8090
29.0000 29.4893
29.0000 28.7605
29.0000 29.5004
29.0000 27.9384
29.0000 28.9413
29.0000 29.7866
29.0000 29.2296
29.0000 28.6891
29.0000 28.4911
29.0000 29.1835
29.0000 29.0518
29.0000 29.7609
29.0000 28.8461
29.0000 29.1592
29.0000 29.2030
29.0000 27.7099
29.0000 29.3188
29.0000 28.2205
29.0000 29.3162
29.0000 29.5859
29.0000 28.8490
29.0000 28.2503
29.0000 29.1877
29.0000 28.8105
29.0000 28.4986
29.0000 28.9071
29.0000 30.1545
29.0000 30.0031
29.0000 29.2025
29.0000 29.5756
29.0000 29.0740
29.0000 27.4145
29.0000 28.3326
29.0000 29.6661
29.0000 29.4205
29.0000 28.7331
29.0000 29.8165
29.0000 28.6304
29.0000 28.3710
29.0000 29.9122
29.0000 29.6388
29.0000 28.2487
29.0000 27.8628
29.0000 28.5460
29.0000 29.2201
29.0000 29.3595
29.0000 29.2271
29.0000 29.2764
29.0000 30.0286
29.0000 29.5743
29.0000 29.0455
29.0000 28.9988
29.0000 28.8189
29.0000 28.9550
29.0000 29.7823
29.0000 28.6843
29.0000 29.2537
29.0000 28.4011
29.0000 30.1194
29.0000 28.8360
29.0000 28.7049
29.0000 29.4932
29.0000 28.7341
29.0000 29.1879
29.0000 29.8081
29.0000 29.6307
29.0000 28.7654
29.0000 28.5846
29.0000 28.7534
29.0000 28.3154
29.0000 29.4303
29.0000 29.2586
29.0000 29.4581
29.0000 29.1881
29.0000 29.4989
29.0000 29.9428
29.0000 29.9353
29.0000 29.5162
29.0000 29.2303
29.0000 29.7214
29.0000 28.4594
29.0000 28.4736
29.0000 28.9414
29.0000 28.1904
29.0000 29.4317
29.0000 29.3305
29.0000 28.7959
29.0000 29.5538
29.0000 28.8441
29.0000 29.7433
29.0000 29.9768
29.0000 30.1637
29.0000 29.1726
29.0000 29.5306
29.0000 29.3984
29.0000 29.9740
29.0000 29.2850
29.0000 30.4487
29.0000 29.1408
29.0000 29.1091
29.0000 28.3488
29.0000 29.6490
29.0000 29.0755
29.0000 30.3201
29.0000 28.0722
29.0000 29.9887
29.0000 29.6101
29.0000 30.1843
29.0000 28.8148
29.0000 29.0268
29.0000 29.4453
29.0000 28.7322
29.0000 29.1435
29.0000 28.9599
29.0000 28.2122
29.0000 28.2609
29.0000 29.6238
29.0000 29.5415
29.0000 27.8130
29.0000 29.2225
29.0000 27.8584
29.0000 29.0047
29.0000 28.8164
29.0000 29.0573
29.0000 29.2617
29.0000 28.9294
29.0000 29.0360
29.0000 29.6878
29.0000 29.4540
29.0000 29.4141
29.0000 28.6936
29.0000 28.7116
29.0000 29.4726
29.0000 29.6481
29.0000 29.3118
29.0000 29.0107
29.0000 28.9130
29.0000 29.1440
29.0000 29.6239
29.0000 29.0314
29.0000 29.4237
29.0000 29.5577
29.0000 29.0652
29.0000 29.4594
29.0000 30.2263
29.0000 28.4647
29.0000 28.2114
29.0000 29.6614
29.0000 29.7908
29.0000 29.1431
29.0000 29.5488
29.0000 29.0414
29.0000 29.2955
29.0000 29.2518
29.0000 29.0871
29.0000 29.0705
29.0000 28.6674
29.0000 29.5427
29.0000 29.5603
29.0000 28.9216
29.0000 28.9112
29.0000 28.4556
29.0000 28.1225
29.0000 29.3221
29.0000 28.7751
29.0000 29.1709
29.0000 29.4375
29.0000 29.4287
29.0000 28.6298
29.0000 30.0942
29.0000 29.6744
29.0000 29.4907
29.0000 29.5699
29.0000 29.0277
29.0000 29.6164
29.0000 30.3952
29.0000 28.9591
29.0000 29.1516
29.0000 29.3365
29.0000 29.9097
29.0000 29.1385
29.0000 28.0313
29.0000 28.7995
29.0000 28.2770
29.0000 29.4998
29.0000 28.8773
29.0000 29.1925
29.0000 29.0115
29.0000 28.1407
29.0000 29.0348
29.0000 29.4321
29.0000 29.0143
29.0000 29.4001
29.0000 29.6304
29.0000 28.7194
29.0000 29.6556
29.0000 28.9851
29.0000 29.2454
29.0000 28.9227
29.0000 29.9570
29.0000 29.2740
29.0000 29.2732
29.0000 29.1274
29.0000 29.1707
29.0000 29.8633
29.0000 28.6107
29.0000 28.3630
29.0000 28.5883
29.0000 29.7091
29.0000 29.4925
29.0000 29.0260
29.0000 28.7473
29.0000 29.0028
29.0000 28.7904
29.0000 28.4421
29.0000 29.9239
29.0000 27.9226
29.0000 29.8030
29.0000 29.7844
29.0000 29.5035
29.0000 28.3532
29.0000 29.2248
29.0000 29.1178
29.0000 28.7503
29.0000 28.6862
29.0000 28.8273
29.0000 28.7896
29.0000 28.4836
29.0000 29.1812
29.0000 30.4165
29.0000 29.2257
29.0000 28.8598
29.0000 29.4820
29.0000 29.5454
29.0000 28.8381
29.0000 29.4646
29.0000 29.3209
29.0000 28.6422
29.0000 29.5804
29.0000 29.1389
29.0000 28.8014
29.0000 29.4092
29.0000 28.4701
29.0000 28.8088
29.0000 28.2389
29.0000 29.4770
29.0000 28.9001
29.0000 28.9346
29.0000 28.9171
29.0000 28.2957
29.0000 29.6342
29.0000 28.9078
29.0000 29.1814
29.0000 28.7239
29.0000 29.5331
29.0000 30.1745
29.0000 29.9223
29.0000 30.0679
29.0000 28.9466
29.0000 28.5235
29.0000 28.6069
29.0000 29.0151
29.0000 29.1058
29.0000 28.5984
29.0000 28.9270
29.0000 29.6860
29.0000 29.1849
29.0000 28.6087
29.0000 30.1259
29.0000 27.8759
29.0000 29.0317
29.0000 29.4195
29.0000 29.3362
29.0000 29.2419
29.0000 29.1350
29.0000 28.5674
29.0000 29.1246
29.0000 28.8459
29.0000 27.6365
29.0000 29.5141
29.0000 30.2921
29.0000 29.3385
29.0000 28.5083
29.0000 29.5122
29.0000 28.9867
29.0000 29.2784
29.0000 29.3460
29.0000 29.5568
29.0000 28.4717
29.0000 29.3645
29.0000 28.8607
29.0000 28.4427
29.0000 29.7640
29.0000 29.2079
29.0000 28.9315
29.0000 29.3960
29.0000 29.3724
29.0000 29.1827
29.0000 29.5464
29.0000 29.2684
29.0000 29.8337
29.0000 28.9359
29.0000 28.5754
29.0000 29.1764
29.0000 29.0414
29.0000 29.3330
29.0000 29.7655
29.0000 29.2092
29.0000 29.1412
29.0000 28.4419
29.0000 28.8595
29.0000 30.0673
29.0000 29.0743
29.0000 29.3567
29.0000 29.1692
29.0000 28.4628
29.0000 28.5798
29.0000 28.8305
29.0000 29.2633
29.0000 29.0096
29.0000 30.5427
29.0000 28.2029
29.0000 29.2621
29.0000 28.3569
29.0000 29.3817
29.0000 29.7638
29.0000 29.1070
29.0000 28.8804
29.0000 29.4142
29.0000 29.2307
29.0000 28.4681
29.0000 29.2868
29.0000 29.5820
29.0000 28.7311
29.0000 28.7896
29.0000 29.3789
29.0000 28.3009
29.0000 29.2580
29.0000 28.7968
29.0000 30.1997
29.0000 29.9513
29.0000 29.1221
29.0000 28.7521
29.0000 29.4614
29.0000 28.4439
29.0000 29.8360
29.0000 27.6706
29.0000 29.9489
29.0000 30.4828
29.0000 29.1255
29.0000 29.2858
29.0000 29.7381
29.0000 29.4971
29.0000 30.1175
29.0000 28.5743
29.0000 29.7988
29.0000 29.5262
29.0000 29.2986
29.0000 29.3645
29.0000 29.2789
29.0000 28.7866
29.0000 28.6933
29.0000 28.7625
29.0000 30.4870
29.0000 28.8838
29.0000 28.8679
29.0000 28.6742
29.0000 28.9383
29.0000 29.2165
29.0000 29.7340
29.0000 29.6746
29.0000 29.2311
29.0000 28.8001
29.0000 30.1151
29.0000 28.7605
29.0000 28.3539
29.0000 29.5357
29.0000 29.5009
29.0000 27.8456
29.0000 29.4509
29.0000 29.4473
29.0000 28.7668
29.0000 28.1983
29.0000 28.5054
29.0000 29.8557
29.0000 29.5904
29.0000 29.0716
29.0000 29.4949
29.0000 28.7315
29.0000 30.6175
29.0000 28.9178
29.0000 29.1624
29.0000 29.9774
29.0000 28.3556
29.0000 28.3218
29.0000 29.0245
29.0000 28.4398
29.0000 28.7592
29.0000 28.5770
29.0000 29.7155
29.0000 29.2227
29.0000 29.8255
29.0000 29.3985
29.0000 28.5522
29.0000 29.5968
29.0000 28.5734
29.0000 29.5076
29.0000 28.8671
29.0000 29.9798
29.0000 29.0481
29.0000 29.2453
29.0000 29.4952
29.0000 29.4294
29.0000 29.4612
29.0000 29.2523
29.0000 29.3778
29.0000 29.2793
29.0000 29.1295
29.0000 29.4610
29.0000 29.1686
29.0000 29.6773
29.0000 29.1646
29.0000 28.9540
29.0000 29.5136
29.0000 28.7014
29.0000 29.3688
29.0000 28.5263
29.0000 29.1969
29.0000 28.9803
29.0000 29.3817
29.0000 28.8990
29.0000 28.3068
29.0000 29.9409
29.0000 29.0571
29.0000 28.8589
29.0000 29.4889
29.0000 28.7685
29.0000 27.6401
29.0000 28.9275
29.0000 29.4625
29.0000 28.8527
29.0000 29.6791
29.0000 28.1221
29.0000 28.5779
29.0000 30.8800
29.0000 29.1534
29.0000 29.9702
29.0000 29.1177
29.0000 28.5868
29.0000 29.6168
29.0000 28.5619
29.0000 27.9003
29.0000 29.9448
29.0000 28.5647
29.0000 29.5481
29.0000 30.4742
29.0000 29.1134
29.0000 28.7466
29.0000 29.1212
29.0000 28.1402
29.0000 29.4133
29.0000 29.1035
29.0000 28.5761
29.0000 28.6749
29.0000 29.3093
29.0000 29.1812
29.0000 29.2928
29.0000 28.8611
29.0000 30.0714
29.0000 28.8933
29.0000 29.0167
29.0000 29.2337
29.0000 29.7159
29.0000 29.1058
29.0000 29.0669
29.0000 29.4635
29.0000 30.1265
29.0000 28.9193
29.0000 28.0640
29.0000 29.1410
29.0000 28.5436
29.0000 29.5860
29.0000 28.2187
29.0000 29.8585
29.0000 29.6731
29.0000 30.3681
29.0000 30.3891
29.0000 28.4893
29.0000 29.1796
29.0000 29.3104
29.0000 30.0963
29.0000 29.3261
29.0000 29.6277
29.0000 29.5426
29.0000 29.0526
29.0000 29.2099
29.0000 29.2248
29.0000 29.1815
29.0000 29.1651
29.0000 29.5109
29.0000 28.5686
29.0000 28.9723
29.0000 28.7395
29.0000 29.5888
29.0000 28.9186
29.0000 29.6399
29.0000 30.2375
29.0000 29.6884
29.0000 29.3035
29.0000 29.3119
29.0000 28.8670
29.0000 28.4374
29.0000 29.5435
29.0000 28.5263
29.0000 28.7633
29.0000 28.8209
29.0000 29.0573
29.0000 29.0086
29.0000 29.0990
29.0000 29.0397
29.0000 29.3641
29.0000 28.6028
29.0000 29.9308
29.0000 30.0423
29.0000 29.0938
29.0000 28.4861
29.0000 29.4104
29.0000 30.1472
29.0000 30.0095
29.0000 30.0179
29.0000 29.5132
29.0000 29.5350
29.0000 28.7336
29.0000 29.2306
29.0000 28.8468
29.0000 29.0672
29.0000 29.1480
29.0000 29.7481
29.0000 29.4400
29.0000 28.0146
29.0000 29.0065
29.0000 29.5618
29.0000 29.6567
29.0000 28.8322
29.0000 29.5209
29.0000 29.8307
29.0000 29.1648
29.0000 28.9721
29.0000 28.9243
29.0000 29.3289
29.0000 29.2733
29.0000 28.9275
29.0000 30.1899
29.0000 29.1732
29.0000 30.1814
29.0000 28.9258
29.0000 28.2363
29.0000 29.2546
29.0000 29.4790
29.0000 30.1911
29.0000 29.2833
29.0000 29.7903
29.0000 28.8290
29.0000 29.3046
29.0000 27.9937
29.0000 28.3802
29.0000 28.8627
29.0000 28.8587
29.0000 28.7054
29.0000 28.5256
29.0000 28.0885
29.0000 28.4977
29.0000 28.8610
29.0000 28.6271
29.0000 29.1411
29.0000 29.1695
29.0000 29.4156
29.0000 30.2318
29.0000 29.2082
29.0000 28.3767
29.0000 28.6366
29.0000 29.3199
29.0000 29.7876
29.0000 28.3870
29.0000 29.1734
29.0000 29.2179
29.0000 29.6892
29.0000 28.4565
29.0000 29.0129
29.0000 28.3995
29.0000 28.1348
29.0000 28.2391
29.0000 29.2499
29.0000 28.7768
29.0000 29.6012
29.0000 29.5145
29.0000 28.9753
29.0000 28.3700
29.0000 29.1133
29.0000 29.0545
29.0000 28.5921
29.0000 29.2857
29.0000 28.9810
29.0000 29.5436
29.0000 28.8815
29.0000 28.9665
29.0000 29.0067
29.0000 29.5466
29.0000 29.2130
29.0000 29.0882
29.0000 28.9138
29.0000 29.5622
29.0000 29.3712
29.0000 28.5854
29.0000 28.9729
29.0000 28.7191
29.0000 29.2459
29.0000 29.0619
29.0000 29.0435
29.0000 29.4258
29.0000 29.7443
29.0000 29.4040
29.0000 30.9047
29.0000 28.8100
29.0000 28.8274
29.0000 29.0520
29.0000 30.3673
29.0000 29.6485
29.0000 29.3499
29.0000 28.6503
29.0000 29.0067
29.0000 28.6677
29.0000 29.3715
29.0000 29.1697
29.0000 29.0072
29.0000 29.7330
29.0000 28.5891
29.0000 28.3890
29.0000 29.1423
29.0000 27.8517
29.0000 28.9165
29.0000 29.1610
29.0000 29.2482
29.0000 28.9890
29.0000 28.3851
29.0000 29.2941
29.0000 29.2072
29.0000 29.7127
29.0000 29.4341
29.0000 29.7800
29.0000 28.5603
29.0000 30.0475
29.0000 29.7658
29.0000 29.8112
29.0000 28.8951
29.0000 28.4355
29.0000 28.8924
29.0000 28.9117
29.0000 29.8581
29.0000 29.2765
29.0000 28.2855
29.0000 29.4688
29.0000 29.7631
29.0000 29.0725
29.0000 28.6750
29.0000 28.9687
29.0000 29.4803
29.0000 29.7109
29.0000 28.4144
29.0000 29.2155
29.0000 29.6902
29.0000 29.4799
29.0000 29.4138
29.0000 29.0878
29.0000 29.8514
29.0000 28.2062
29.0000 29.3742
29.0000 29.2236
29.0000 28.7785
29.0000 28.3443
29.0000 29.4447
29.0000 29.6499
29.0000 29.2916
29.0000 29.0292
29.0000 29.2822
29.0000 29.9078
29.0000 28.2933
29.0000 29.8932
29.0000 28.6688
29.0000 29.3595
29.0000 29.3112
29.0000 28.0381
29.0000 29.2331
29.0000 29.5596
29.0000 29.7787
29.0000 29.0082
29.0000 28.8804
29.0000 29.2905
29.0000 29.5442
29.0000 30.0125
29.0000 30.2856
29.0000 29.8655
29.0000 29.6289
29.0000 29.7239
29.0000 29.5772
29.0000 29.3424
29.0000 30.1901
29.0000 30.0058
29.0000 28.7349
29.0000 28.9720
29.0000 29.3407
29.0000 27.9775
29.0000 29.0818
29.0000 28.5507
29.0000 30.7038
29.0000 29.3821
29.0000 29.4684
29.0000 29.5767
29.0000 29.3320
29.0000 29.6417
29.0000 29.8722
29.0000 29.1150
29.0000 28.0419
29.0000 29.2043
29.0000 29.4657
29.0000 29.7047
29.0000 28.5149
29.0000 29.6058
29.0000 27.8162
29.0000 28.6175
29.0000 28.6581
29.0000 29.4823
29.0000 28.6797
29.0000 29.2530
29.0000 29.1658
29.0000 28.5213
29.0000 28.9957
29.0000 28.6744
29.0000 28.6992
29.0000 29.2568
29.0000 29.0876
29.0000 30.0241
29.0000 28.3451
29.0000 29.2038
29.0000 29.4509
29.0000 29.6201
29.0000 29.2140
29.0000 29.6446
29.0000 28.9203
29.0000 28.2343
29.0000 27.7142
29.0000 29.3444
29.0000 29.4163
29.0000 29.7249
29.0000 28.8024
29.0000 28.9941
29.0000 29.1380
29.0000 29.3225
29.0000 29.0432
29.0000 28.7527
29.0000 29.5690
29.0000 29.6588
29.0000 28.4374
29.0000 29.9459
29.0000 28.3631
29.0000 29.2687
29.0000 29.5266
29.0000 28.4719
29.0000 29.0252
29.0000 29.2571
29.0000 29.1342
29.0000 28.5714
29.0000 28.9737
29.0000 29.6607
29.0000 29.0503
29.0000 29.4058
29.0000 29.3324
29.0000 29.6088
29.0000 29.4791
29.0000 28.7639
29.0000 28.4734
29.0000 30.1563
29.0000 29.1255
29.0000 28.8870
29.0000 29.2932
29.0000 29.2741
29.0000 29.0610
29.0000 29.3261
29.0000 28.9186
29.0000 29.2895
29.0000 28.2686
29.0000 28.6907
29.0000 28.6505
29.0000 28.7325
29.0000 29.8524
29.0000 28.3807
29.0000 28.8580
29.0000 30.0051
29.0000 28.3667
29.0000 28.5171
29.0000 29.4144
29.0000 28.5405
29.0000 28.7636
29.0000 28.6579
29.0000 29.4896
29.0000 29.3142
29.0000 29.5036
29.0000 29.3406
29.0000 29.9113
29.0000 29.3523
29.0000 29.1642
29.0000 29.3057
29.0000 29.7897
29.0000 29.3239
29.0000 28.0849
29.0000 29.6647
29.0000 28.4608
29.0000 30.3442
29.0000 28.5911
29.0000 29.5381
29.0000 29.8444
29.0000 28.5801
29.0000 28.2501
29.0000 28.6211
29.0000 29.1890
29.0000 29.8185
29.0000 29.4086
29.0000 29.8872
29.0000 28.6996
29.0000 29.2257
29.0000 28.5179
29.0000 28.9771
29.0000 28.6875
29.0000 29.6947
29.0000 29.1265
29.0000 28.9549
29.0000 30.1831
29.0000 29.1736
29.0000 29.3193
29.0000 28.9068
29.0000 28.9330
29.0000 29.3050
29.0000 29.5166
29.0000 28.8710
29.0000 29.8005
29.0000 28.4932
29.0000 29.8886
29.0000 29.4466
29.0000 29.5396
29.0000 29.9279
29.0000 29.7863
29.0000 29.8536
29.0000 28.7651
29.0000 29.1127
29.0000 30.0066
29.0000 29.0136
29.0000 29.7452
29.0000 28.1836
29.0000 29.7710
29.0000 29.0511
29.0000 29.1854
29.0000 29.6321
29.0000 29.0261
29.0000 28.5567
29.0000 30.1075
29.0000 27.8628
29.0000 29.2195
29.0000 28.9961
29.0000 28.6495
29.0000 28.8886
29.0000 28.7162
29.0000 28.2283
29.0000 29.5741
29.0000 29.5500
29.0000 29.2317
29.0000 27.9691
29.0000 28.9712
29.0000 29.1837
29.0000 29.4907
29.0000 28.7556
29.0000 28.8283
29.0000 29.5778
29.0000 29.4451
29.0000 29.5953
29.0000 29.3378
29.0000 29.6959
29.0000 28.8453
29.0000 29.1362
29.0000 29.3207
29.0000 29.5129
29.0000 28.4279
29.0000 29.5668
29.0000 29.9838
29.0000 28.7181
29.0000 30.1050
29.0000 28.5418
29.0000 29.3632
29.0000 29.8607
29.0000 28.6912
29.0000 29.2850
29.0000 28.6320
29.0000 29.3408
29.0000 29.4706
29.0000 29.5638
29.0000 28.5295
29.0000 29.3349
29.0000 28.2553
29.0000 29.4556
29.0000 28.4481
29.0000 28.5780
29.0000 28.4037
29.0000 28.4246
29.0000 29.7988
29.0000 29.9982
29.0000 29.0250
29.0000 28.2933
29.0000 28.8359
29.0000 28.8327
29.0000 28.6087
29.0000 29.4851
29.0000 28.6187
29.0000 29.5221
29.0000 29.1159
29.0000 28.6674
29.0000 29.3785
29.0000 29.2982
29.0000 28.5513
29.0000 29.4493
29.0000 28.5948
29.0000 27.4977
29.0000 29.7243
29.0000 29.3776
29.0000 29.8562
29.0000 29.6185
29.0000 29.3790
29.0000 28.7206
29.0000 28.7657
29.0000 30.2271
29.0000 29.2618
29.0000 28.9007
29.0000 28.7957
29.0000 28.2711
29.0000 29.1159
29.0000 27.9124
29.0000 28.8386
29.0000 29.6893
29.0000 29.3799
29.0000 28.1199
29.0000 29.9503
29.0000 29.5334
29.0000 29.4510
29.0000 30.3667
29.0000 30.0981
29.0000 28.7861
29.0000 30.3389
29.0000 28.5424
29.0000 28.5743
29.0000 29.2065
29.0000 29.4603
29.0000 28.6059
29.0000 29.5337
29.0000 29.0274
29.0000 29.0386
29.0000 28.6838
29.0000 28.1958
29.0000 29.2970
29.0000 29.5450
29.0000 28.3961
29.0000 29.3406
29.0000 29.4069
29.0000 29.2657
29.0000 29.2718
29.0000 29.0245
29.0000 28.8977
29.0000 29.7316
29.0000 29.1312
29.0000 29.3954
29.0000 27.4681
29.0000 29.5626
29.0000 29.5510
29.0000 29.2272
29.0000 29.1905
29.0000 28.7804
29.0000 29.0897
29.0000 30.1419
29.0000 29.1603
29.0000 29.3893
29.0000 28.6442
29.0000 30.2380
29.0000 28.4486
29.0000 30.0402
29.0000 30.1937
29.0000 29.0794
29.0000 30.4023
29.0000 29.6260
29.0000 30.0217
29.0000 28.0669
29.0000 28.7410
29.0000 29.2750
29.0000 28.4322
29.0000 29.4343
29.0000 28.4685
29.0000 29.3546
29.0000 28.1848
29.0000 30.2793
29.0000 28.8709
29.0000 29.2209
29.0000 29.7826
29.0000 28.9478
29.0000 28.7952
29.0000 30.0807
29.0000 29.0461
29.0000 28.2627
29.0000 28.9586
29.0000 28.9384
29.0000 29.4913
29.0000 28.6766
29.0000 30.5480
29.0000 29.7492
29.0000 28.7497
29.0000 29.5560
29.0000 29.2321
29.0000 29.4573
29.0000 28.7455
29.0000 29.0672
29.0000 29.0598
29.0000 28.7565
29.0000 28.5475
29.0000 28.7162
29.0000 29.3488
29.0000 29.8084
29.0000 28.7782
29.0000 27.6496
29.0000 28.9332
29.0000 28.0519
29.0000 29.4868
29.0000 29.9701
29.0000 28.5910
29.0000 28.2208
29.0000 29.0016
29.0000 29.3444
29.0000 29.7508
29.0000 30.0524
29.0000 29.1915
29.0000 29.1288
29.0000 29.6820
29.0000 29.0929
29.0000 28.9847
29.0000 29.5947
29.0000 29.4734
29.0000 29.3101
29.0000 28.7965
29.0000 29.8493
29.0000 29.2633
29.0000 29.3936
29.0000 29.6706
29.0000 29.0865
29.0000 28.6785
29.0000 28.3978
29.0000 28.7914
29.0000 29.8227
29.0000 28.6983
29.0000 28.9817
29.0000 29.5254
29.0000 29.2723
29.0000 29.3199
29.0000 29.8733
29.0000 29.4426
29.0000 29.5095
29.0000 29.0967
29.0000 29.8164
29.0000 29.3565
29.0000 28.3883
29.0000 29.9940
29.0000 29.1871
29.0000 29.1969
29.0000 29.4863
29.0000 28.5348
29.0000 28.6900
29.0000 29.7612
29.0000 29.2022
29.0000 28.6860
29.0000 28.9574
29.0000 28.3894
29.0000 29.5132
29.0000 29.2134
29.0000 28.7151
29.0000 29.2343
29.0000 30.3435
29.0000 28.0249
29.0000 29.0257
29.0000 28.4112
29.0000 29.5477
29.0000 29.4986
29.0000 28.8600
29.0000 29.5489
29.0000 28.0559
29.0000 29.3238
29.0000 28.7841
29.0000 29.4940
29.0000 29.5682
29.0000 29.6826
29.0000 28.5447
29.0000 29.2669
29.0000 30.0529
29.0000 28.9807
29.0000 29.0550
29.0000 29.7930
29.0000 29.2442
29.0000 29.2376
29.0000 28.8408
29.0000 29.3198
29.0000 29.6583
29.0000 29.5736
29.0000 28.8812
29.0000 29.6358
29.0000 30.1113
29.0000 29.5455
29.0000 29.0671
29.0000 28.3298
29.0000 28.4462
29.0000 29.0744
29.0000 28.5668
29.0000 28.8814
29.0000 30.2352
29.0000 29.0615
29.0000 29.6858
29.0000 28.9029
29.0000 29.1367
29.0000 29.0047
29.0000 28.6707
29.0000 28.0571
29.0000 29.1830
29.0000 29.2433
29.0000 28.4362
29.0000 28.1888
29.0000 29.3153
29.0000 29.0152
29.0000 29.4003
29.0000 28.3742
29.0000 29.2236
29.0000 29.1990
29.0000 29.3861
29.0000 28.5181
29.0000 29.3972
29.0000 29.5639
29.0000 29.9570
29.0000 29.7893
29.0000 29.1633
29.0000 28.0230
29.0000 29.9589
29.0000 28.0030
29.0000 29.6176
29.0000 29.8354
29.0000 28.9857
29.0000 28.8828
29.0000 30.1894
29.0000 30.0866
29.0000 28.8261
29.0000 28.9795
29.0000 28.8239
29.0000 30.1039
29.0000 29.5182
29.0000 29.4254
29.0000 29.5092
29.0000 28.8906
29.0000 29.8992
29.0000 28.4258
29.0000 28.7662
29.0000 29.4901
29.0000 29.3341
29.0000 29.6457
29.0000 28.8038
29.0000 28.8484
29.0000 29.0689
29.0000 29.6622
29.0000 28.9489
29.0000 29.4365
29.0000 28.9155
29.0000 28.3658
29.0000 28.1915
29.0000 29.1814
29.0000 29.4377
29.0000 29.8029
29.0000 28.7771
29.0000 29.7398
29.0000 29.2602
29.0000 28.8253
29.0000 28.6191
29.0000 28.6385
29.0000 29.4375
29.0000 29.2333
29.0000 29.2954
29.0000 28.5264
29.0000 28.2552
29.0000 28.3061
29.0000 29.2093
29.0000 28.9865
29.0000 29.9456
29.0000 28.5014
29.0000 29.1517
29.0000 29.1916
29.0000 29.1072
29.0000 29.7453
29.0000 28.9936
29.0000 29.2316
29.0000 29.3247
29.0000 28.9068
29.0000 28.8937
29.0000 29.5620
29.0000 29.5846
29.0000 28.7730
29.0000 28.9500
29.0000 29.4495
29.0000 28.9623
29.0000 29.3087
29.0000 27.9742
29.0000 29.3691
29.0000 29.6092
29.0000 29.1389
29.0000 29.4384
