3.0000 4.4708
3.0000 3.1883
3.0000 3.3158
3.0000 3.5117
3.0000 3.9393
3.0000 4.0036
3.0000 4.0879
3.0000 4.8962
3.0000 4.3631
3.0000 4.2270
3.0000 3.4098
3.0000 3.5272
3.0000 3.6103
3.0000 4.3129
3.0000 4.2896
3.0000 2.8069
3.0000 4.2703
3.0000 4.1368
3.0000 2.9038
3.0000 2.6583
3.0000 3.9673
3.0000 3.5451
3.0000 2.8570
3.0000 4.0316
3.0000 4.2108
3.0000 3.5675
3.0000 4.0156
3.0000 4.0408
3.0000 3.1469
3.0000 3.5136
3.0000 3.1838
3.0000 3.9897
3.0000 3.7950
3.0000 3.3067
3.0000 3.8198
3.0000 3.4731
3.0000 4.0088
3.0000 2.8143
3.0000 3.2740
3.0000 5.3410
3.0000 3.1695
3.0000 2.4847
3.0000 4.9962
3.0000 3.8400
3.0000 3.1878
3.0000 3.1130
3.0000 3.4466
3.0000 4.0788
3.0000 2.7954
3.0000 2.8519
3.0000 3.6393
3.0000 3.2194
3.0000 4.7794
3.0000 4.6509
3.0000 4.2532
3.0000 4.0328
3.0000 4.6760
3.0000 4.0597
3.0000 3.9616
3.0000 3.7698
3.0000 3.8834
3.0000 4.2141
3.0000 2.8117
3.0000 3.2078
3.0000 4.5502
3.0000 2.5151
3.0000 3.3606
3.0000 4.4128
3.0000 3.8376
3.0000 4.0074
3.0000 4.2440
3.0000 3.1804
3.0000 3.6243
3.0000 4.7231
3.0000 3.4054
3.0000 3.6104
3.0000 3.3344
3.0000 3.3238
3.0000 3.7804
3.0000 3.7556
3.0000 3.3853
3.0000 3.7000
3.0000 3.9180
3.0000 4.1206
3.0000 3.5787
3.0000 3.2875
3.0000 3.5398
3.0000 2.5869
3.0000 3.8207
3.0000 4.4921
3.0000 3.5826
3.0000 3.2767
3.0000 2.7191
3.0000 3.1338
3.0000 3.0597
3.0000 3.4183
3.0000 4.9056
3.0000 3.5366
3.0000 3.2972
3.0000 2.7964
3.0000 4.0342
3.0000 3.5768
3.0000 3.5126
3.0000 3.6721
3.0000 2.5314
3.0000 4.0595
3.0000 4.1651
3.0000 3.4443
3.0000 3.6803
3.0000 3.9258
3.0000 3.8943
3.0000 4.0151
3.0000 4.4502
3.0000 3.7284
3.0000 3.3672
3.0000 2.4415
3.0000 3.7109
3.0000 3.7766
3.0000 3.4191
3.0000 2.9361
3.0000 3.5158
3.0000 3.7751
3.0000 3.5315
3.0000 3.1525
3.0000 3.6438
3.0000 2.7870
3.0000 4.3834
3.0000 2.7002
3.0000 3.5566
3.0000 3.3494
3.0000 3.5488
3.0000 3.6495
3.0000 3.7054
3.0000 3.8356
3.0000 3.7463
3.0000 3.2081
3.0000 2.8132
3.0000 3.9872
3.0000 3.8992
3.0000 4.4613
3.0000 2.7927
3.0000 3.2881
3.0000 4.3499
3.0000 4.2628
3.0000 3.7830
3.0000 3.1544
3.0000 3.8813
3.0000 3.2908
3.0000 3.6879
3.0000 3.7973
3.0000 2.7315
3.0000 2.9776
3.0000 3.6278
3.0000 2.7477
3.0000 3.4312
3.0000 4.2516
3.0000 3.2452
3.0000 3.8887
3.0000 4.2727
3.0000 4.5029
3.0000 4.4559
3.0000 2.5464
3.0000 4.1198
3.0000 3.8794
3.0000 3.9584
3.0000 3.7535
3.0000 3.4124
3.0000 3.1646
3.0000 3.6682
3.0000 3.6201
3.0000 3.4715
3.0000 4.0590
3.0000 3.1809
3.0000 3.1555
3.0000 2.8184
3.0000 3.5937
3.0000 3.1088
3.0000 2.9676
3.0000 3.9013
3.0000 3.2544
3.0000 2.6013
3.0000 4.7239
3.0000 3.7094
3.0000 3.7420
3.0000 3.8638
3.0000 2.8667
3.0000 3.5562
3.0000 3.8288
3.0000 3.7972
3.0000 2.6308
3.0000 3.8650
3.0000 3.7351
3.0000 3.8167
3.0000 3.3576
3.0000 4.0735
3.0000 3.5218
3.0000 3.8978
3.0000 3.9772
3.0000 3.7431
3.0000 3.3543
3.0000 3.7114
3.0000 3.6478
3.0000 4.5318
3.0000 3.8552
3.0000 3.6556
3.0000 2.7954
3.0000 3.3757
3.0000 3.4859
3.0000 3.7020
3.0000 4.6085
3.0000 3.8787
3.0000 2.7653
3.0000 3.7022
3.0000 4.1049
3.0000 2.9779
3.0000 3.9936
3.0000 3.6089
3.0000 3.5720
3.0000 3.7098
3.0000 3.5535
3.0000 2.7181
3.0000 3.5126
3.0000 3.2498
3.0000 2.8979
3.0000 3.4431
3.0000 4.1036
3.0000 3.7205
3.0000 3.7137
3.0000 3.5815
3.0000 3.0797
3.0000 4.3996
3.0000 3.5747
3.0000 3.6891
3.0000 3.6714
3.0000 2.8247
3.0000 3.0108
3.0000 2.7906
3.0000 4.1196
3.0000 2.9990
3.0000 4.1086
3.0000 3.9501
3.0000 4.4254
3.0000 4.0913
3.0000 3.8104
3.0000 3.4430
3.0000 4.8448
3.0000 4.0432
3.0000 3.1309
3.0000 4.0894
3.0000 4.9781
3.0000 3.8292
3.0000 3.3613
3.0000 4.1476
3.0000 4.0262
3.0000 2.2540
3.0000 3.6887
3.0000 4.5210
3.0000 4.4182
3.0000 3.7039
3.0000 3.3484
3.0000 3.5946
3.0000 2.4913
3.0000 3.1842
3.0000 3.3097
3.0000 4.5245
3.0000 4.6709
3.0000 3.3509
3.0000 3.4032
3.0000 3.7117
3.0000 4.1315
3.0000 4.3269
3.0000 3.4650
3.0000 3.9023
3.0000 3.0648
3.0000 3.8877
3.0000 3.1972
3.0000 4.3638
3.0000 3.4054
3.0000 3.8315
3.0000 4.3875
3.0000 3.1568
3.0000 4.1899
3.0000 3.8525
3.0000 3.0827
3.0000 3.7199
3.0000 4.3123
3.0000 3.5400
3.0000 3.0731
3.0000 3.4335
3.0000 2.9043
3.0000 2.5661
3.0000 2.8945
3.0000 3.4190
3.0000 3.7418
3.0000 4.1862
3.0000 2.8970
3.0000 3.2250
3.0000 4.2629
3.0000 3.8174
3.0000 2.6928
3.0000 3.4816
3.0000 3.9129
3.0000 3.4448
3.0000 3.6570
3.0000 3.7815
3.0000 2.5502
3.0000 3.1798
3.0000 2.6792
3.0000 3.2352
3.0000 3.3280
3.0000 3.0774
3.0000 3.1124
3.0000 3.9429
3.0000 4.3800
3.0000 3.6380
3.0000 3.4677
3.0000 4.5955
3.0000 3.1153
3.0000 3.1890
3.0000 2.7885
3.0000 3.7296
3.0000 3.3070
3.0000 3.7455
3.0000 3.4039
3.0000 4.3550
3.0000 3.6286
3.0000 4.7184
3.0000 3.5281
3.0000 3.5822
3.0000 3.2208
3.0000 4.2534
3.0000 2.3337
3.0000 2.6629
3.0000 4.0800
3.0000 4.6854
3.0000 3.0373
3.0000 2.7158
3.0000 4.1881
3.0000 3.8492
3.0000 3.8966
3.0000 3.8698
3.0000 2.9761
3.0000 3.7695
3.0000 3.8909
3.0000 4.5296
3.0000 3.6345
3.0000 4.0343
3.0000 4.1588
3.0000 2.9562
3.0000 3.6636
3.0000 3.6762
3.0000 4.3432
3.0000 2.2390
3.0000 3.8308
3.0000 2.9319
3.0000 2.7312
3.0000 3.0388
3.0000 3.2205
3.0000 3.5378
3.0000 3.4045
3.0000 3.9027
3.0000 4.5334
3.0000 4.5443
3.0000 2.9990
3.0000 3.1986
3.0000 2.8255
3.0000 4.0270
3.0000 3.2799
3.0000 3.9951
3.0000 3.0300
3.0000 3.4719
3.0000 3.6050
3.0000 3.1896
3.0000 2.9480
3.0000 4.3404
3.0000 3.2959
3.0000 3.0779
3.0000 4.7985
3.0000 4.1150
3.0000 3.5242
3.0000 3.8029
3.0000 4.2805
3.0000 3.8807
3.0000 2.5556
3.0000 3.1116
3.0000 3.0316
3.0000 2.6489
3.0000 4.2050
3.0000 2.6345
3.0000 3.3494
3.0000 2.7657
3.0000 3.3700
3.0000 3.2236
3.0000 3.3112
3.0000 4.0737
3.0000 2.6521
3.0000 3.7888
3.0000 2.6601
3.0000 2.9915
3.0000 2.9524
3.0000 3.5225
3.0000 3.6426
3.0000 3.3136
3.0000 3.1637
3.0000 3.9720
3.0000 4.0351
3.0000 4.0387
3.0000 3.5002
3.0000 3.3092
3.0000 2.7362
3.0000 3.6443
3.0000 3.5691
3.0000 3.3992
3.0000 3.6025
3.0000 3.6474
3.0000 3.6318
3.0000 3.6217
3.0000 3.7361
3.0000 4.3019
3.0000 3.8801
3.0000 4.3973
3.0000 3.3195
3.0000 3.4612
3.0000 2.7644
3.0000 3.9084
3.0000 2.8744
3.0000 4.1100
3.0000 3.4784
3.0000 3.5495
3.0000 3.4174
3.0000 4.0296
3.0000 3.6286
3.0000 4.0588
3.0000 4.2871
3.0000 3.3424
3.0000 3.2581
3.0000 3.9998
3.0000 2.0252
3.0000 3.5690
3.0000 4.5507
3.0000 4.0322
3.0000 4.2510
3.0000 3.2976
3.0000 3.8524
3.0000 3.5195
3.0000 4.1478
3.0000 3.9933
3.0000 3.1473
3.0000 2.6894
3.0000 4.2853
3.0000 3.5912
3.0000 4.2472
3.0000 2.8362
3.0000 3.8439
3.0000 3.2130
3.0000 3.8794
3.0000 2.9180
3.0000 3.9237
3.0000 3.7359
3.0000 4.4525
3.0000 3.4736
3.0000 2.7133
3.0000 3.4686
3.0000 3.0255
3.0000 3.9554
3.0000 3.2484
3.0000 4.2245
3.0000 3.2592
3.0000 4.9215
3.0000 3.3227
3.0000 4.1751
3.0000 2.7893
3.0000 3.9067
3.0000 3.2879
3.0000 4.2113
3.0000 3.9983
3.0000 4.0168
3.0000 3.6167
3.0000 4.1430
3.0000 2.9978
3.0000 3.4143
3.0000 3.3422
3.0000 3.3064
3.0000 3.7660
3.0000 4.5974
3.0000 3.8608
3.0000 3.7330
3.0000 3.3013
3.0000 3.7413
3.0000 3.0021
3.0000 2.2782
3.0000 5.2685
3.0000 3.4796
3.0000 3.8193
3.0000 3.1522
3.0000 4.2035
3.0000 3.5752
3.0000 4.2700
3.0000 3.6473
3.0000 3.2292
3.0000 3.9127
3.0000 3.9118
3.0000 3.2576
3.0000 3.8688
3.0000 3.4443
3.0000 4.2601
3.0000 4.0743
3.0000 2.9755
3.0000 4.1780
3.0000 2.7707
3.0000 2.6329
3.0000 3.6012
3.0000 3.6031
3.0000 3.4678
3.0000 3.6891
3.0000 3.1498
3.0000 3.6146
3.0000 3.3637
3.0000 4.0223
3.0000 3.6215
3.0000 2.9433
3.0000 3.8566
3.0000 3.9445
3.0000 3.3377
3.0000 3.3233
3.0000 3.6437
3.0000 3.2152
3.0000 3.1672
3.0000 3.9241
3.0000 3.0612
3.0000 3.7212
3.0000 3.0117
3.0000 4.1223
3.0000 3.0372
3.0000 3.4080
3.0000 3.4875
3.0000 4.1890
3.0000 3.6654
3.0000 3.6874
3.0000 1.9150
3.0000 3.3915
3.0000 4.3848
3.0000 2.3216
3.0000 3.0143
3.0000 3.1370
3.0000 3.7696
3.0000 4.5227
3.0000 2.6369
3.0000 3.1264
3.0000 4.1315
3.0000 2.6444
3.0000 3.4344
3.0000 3.8080
3.0000 2.9939
3.0000 3.9175
3.0000 3.5980
3.0000 3.7960
3.0000 3.9182
3.0000 3.3318
3.0000 3.1906
3.0000 4.1293
3.0000 3.8533
3.0000 2.8151
3.0000 3.6053
3.0000 3.7542
3.0000 4.2615
3.0000 3.6850
3.0000 3.0712
3.0000 3.8969
3.0000 3.1935
3.0000 3.8212
3.0000 3.7081
3.0000 4.5109
3.0000 3.7872
3.0000 3.3913
3.0000 3.3471
3.0000 2.6605
3.0000 3.9545
3.0000 2.9149
3.0000 3.1147
3.0000 4.1431
3.0000 4.1695
3.0000 4.0919
3.0000 3.0461
3.0000 3.8084
3.0000 4.5995
3.0000 3.7146
3.0000 3.5669
3.0000 2.6617
3.0000 3.8634
3.0000 4.0695
3.0000 4.2131
3.0000 2.8063
3.0000 3.5347
3.0000 3.5549
3.0000 3.5434
3.0000 3.3008
3.0000 3.8707
3.0000 3.9023
3.0000 2.5572
3.0000 2.0666
3.0000 2.9210
3.0000 3.6817
3.0000 3.4814
3.0000 3.8120
3.0000 3.6654
3.0000 3.4167
3.0000 3.2596
3.0000 4.3600
3.0000 3.1186
3.0000 4.2214
3.0000 3.6053
3.0000 3.2334
3.0000 3.8572
3.0000 3.2678
3.0000 5.0001
3.0000 3.7446
3.0000 4.3228
3.0000 4.1626
3.0000 2.7452
3.0000 3.6249
3.0000 2.7060
3.0000 3.5431
3.0000 3.5023
3.0000 2.8814
3.0000 3.1218
3.0000 3.7486
3.0000 4.1840
3.0000 2.6966
3.0000 3.5685
3.0000 2.4823
3.0000 3.9019
3.0000 2.9958
3.0000 3.0086
3.0000 4.3130
3.0000 3.6119
3.0000 3.6877
3.0000 4.6894
3.0000 3.7156
3.0000 3.8010
3.0000 2.9650
3.0000 3.0971
3.0000 3.5243
3.0000 4.1608
3.0000 3.7878
3.0000 4.1632
3.0000 3.5560
3.0000 3.8080
3.0000 3.5025
3.0000 4.3687
3.0000 2.7711
3.0000 2.5825
3.0000 3.3184
3.0000 3.9132
3.0000 3.1779
3.0000 4.5229
3.0000 3.2673
3.0000 3.6314
3.0000 3.4431
3.0000 3.5080
3.0000 3.3176
3.0000 3.2138
3.0000 4.1720
3.0000 3.9259
3.0000 3.8670
3.0000 3.1549
3.0000 3.0623
3.0000 3.7336
3.0000 4.1792
3.0000 4.4707
3.0000 3.4057
3.0000 4.1072
3.0000 3.4066
3.0000 3.4714
3.0000 2.9299
3.0000 3.8376
3.0000 4.4138
3.0000 3.5925
3.0000 3.8494
3.0000 3.7746
3.0000 2.9747
3.0000 3.8787
3.0000 3.6733
3.0000 3.2823
3.0000 3.8273
3.0000 3.1997
3.0000 3.2350
3.0000 3.1836
3.0000 3.8147
3.0000 3.6642
3.0000 3.6814
3.0000 3.4302
3.0000 2.8427
3.0000 2.6698
3.0000 4.4422
3.0000 3.4446
3.0000 4.3697
3.0000 3.8249
3.0000 3.9424
3.0000 3.5075
3.0000 4.1447
3.0000 4.5172
3.0000 3.2824
3.0000 4.0588
3.0000 3.5584
3.0000 3.3319
3.0000 3.9856
3.0000 3.5165
3.0000 3.3447
3.0000 4.2289
3.0000 3.3494
3.0000 3.2015
3.0000 4.0452
3.0000 3.1542
3.0000 2.8955
3.0000 4.4424
3.0000 3.6478
3.0000 3.5068
3.0000 3.5345
3.0000 3.3321
3.0000 4.7119
3.0000 3.5292
3.0000 5.1719
3.0000 4.0340
3.0000 2.2254
3.0000 4.0464
3.0000 4.8622
3.0000 2.5104
3.0000 3.7749
3.0000 3.3398
3.0000 4.0579
3.0000 4.3212
3.0000 4.6549
3.0000 3.6441
3.0000 4.0251
3.0000 3.3512
3.0000 4.1252
3.0000 4.0827
3.0000 3.4812
3.0000 3.0842
3.0000 3.0531
3.0000 4.1162
3.0000 3.9819
3.0000 4.2306
3.0000 3.1428
3.0000 3.3524
3.0000 3.3435
3.0000 4.5094
3.0000 3.2559
3.0000 2.9466
3.0000 3.3104
3.0000 3.2179
3.0000 4.1008
3.0000 4.0057
3.0000 3.6877
3.0000 4.1460
3.0000 3.8459
3.0000 3.4352
3.0000 3.8157
3.0000 2.8590
3.0000 4.5302
3.0000 3.2238
3.0000 3.6537
3.0000 3.1730
3.0000 4.0193
3.0000 3.9964
3.0000 4.7577
3.0000 3.3675
3.0000 4.3708
3.0000 3.4804
3.0000 4.2131
3.0000 4.1218
3.0000 4.1561
3.0000 4.3045
3.0000 3.4534
3.0000 2.7752
3.0000 3.8130
3.0000 4.0149
3.0000 3.8626
3.0000 3.6658
3.0000 3.6422
3.0000 2.6164
3.0000 3.1055
3.0000 3.6181
3.0000 4.2468
3.0000 3.1084
3.0000 3.0710
3.0000 2.5845
3.0000 2.6349
3.0000 4.3899
3.0000 3.6091
3.0000 3.9584
3.0000 4.1042
3.0000 3.4965
3.0000 3.2693
3.0000 4.0715
3.0000 2.4508
3.0000 4.0699
3.0000 3.1128
3.0000 3.2204
3.0000 3.5351
3.0000 2.8612
3.0000 3.7592
3.0000 3.2024
3.0000 3.7279
3.0000 2.6104
3.0000 3.2459
3.0000 4.2607
3.0000 4.2129
3.0000 4.1577
3.0000 2.4950
3.0000 5.0890
3.0000 2.4243
3.0000 3.6093
3.0000 2.5507
3.0000 3.8313
3.0000 3.2936
3.0000 3.2323
3.0000 4.1747
3.0000 3.3748
3.0000 3.5825
3.0000 2.1403
3.0000 3.4165
3.0000 2.9647
3.0000 3.1487
3.0000 4.5141
3.0000 2.9466
3.0000 4.4160
3.0000 3.6038
3.0000 3.4263
3.0000 3.5281
3.0000 3.0985
3.0000 3.9216
3.0000 3.0609
3.0000 3.6122
3.0000 3.5027
3.0000 3.7615
3.0000 4.4873
3.0000 3.7497
3.0000 3.8629
3.0000 3.8659
3.0000 3.3260
3.0000 3.7915
3.0000 3.4198
3.0000 3.2664
3.0000 3.5822
3.0000 3.5851
3.0000 3.5959
3.0000 3.5709
3.0000 4.5805
3.0000 3.2369
3.0000 3.4622
3.0000 3.1520
3.0000 4.1557
3.0000 3.1615
3.0000 3.9977
3.0000 4.0639
3.0000 4.9156
3.0000 4.1115
3.0000 2.8500
3.0000 3.0316
3.0000 3.1416
3.0000 3.7567
3.0000 3.9056
3.0000 2.6881
3.0000 2.7178
3.0000 3.2936
3.0000 3.3798
3.0000 2.7825
3.0000 4.2223
3.0000 4.0997
3.0000 3.4188
3.0000 4.3282
3.0000 3.8685
3.0000 2.7030
3.0000 4.9051
3.0000 3.3363
3.0000 2.8683
3.0000 4.2291
3.0000 3.2567
3.0000 3.0997
3.0000 4.0224
3.0000 3.7508
3.0000 4.1447
3.0000 2.7655
3.0000 3.3442
3.0000 3.0043
3.0000 3.7095
3.0000 3.4811
3.0000 4.0323
3.0000 3.9360
3.0000 3.8314
3.0000 3.5412
3.0000 3.4106
3.0000 3.0892
3.0000 3.8148
3.0000 3.7868
3.0000 2.5594
3.0000 3.0462
3.0000 4.7596
3.0000 3.3893
3.0000 2.7355
3.0000 3.5248
3.0000 2.8485
3.0000 3.0476
3.0000 3.7381
3.0000 2.1401
3.0000 3.8538
3.0000 2.7417
3.0000 3.5389
3.0000 3.1303
3.0000 3.7356
3.0000 3.9285
3.0000 3.9054
3.0000 2.5643
3.0000 3.7846
3.0000 2.9404
3.0000 4.1971
3.0000 3.7108
3.0000 3.5055
3.0000 4.2254
3.0000 3.3399
3.0000 3.6176
3.0000 2.9521
3.0000 3.5415
3.0000 3.5135
3.0000 2.7695
3.0000 3.9299
3.0000 3.7798
3.0000 3.0180
3.0000 3.4974
3.0000 3.4163
3.0000 3.1708
3.0000 3.4657
3.0000 2.9811
3.0000 3.6288
3.0000 3.7707
3.0000 3.7024
3.0000 4.4891
3.0000 2.7302
3.0000 3.6525
3.0000 3.1614
3.0000 4.0098
3.0000 3.1307
3.0000 4.1165
3.0000 3.9277
3.0000 3.0578
3.0000 4.4878
3.0000 4.0242
3.0000 3.9616
3.0000 4.4456
3.0000 3.0883
3.0000 4.4772
3.0000 1.8354
3.0000 3.0784
3.0000 2.8460
3.0000 3.3944
3.0000 4.1491
3.0000 2.9973
3.0000 3.9756
3.0000 3.3094
3.0000 2.3942
3.0000 3.3570
3.0000 3.2118
3.0000 3.5885
3.0000 3.2242
3.0000 2.5888
3.0000 3.8712
3.0000 4.3005
3.0000 3.6733
3.0000 4.0616
3.0000 2.9615
3.0000 4.6457
3.0000 3.6386
3.0000 5.2847
3.0000 3.3830
3.0000 4.1284
3.0000 3.1186
3.0000 2.8182
3.0000 3.1752
3.0000 3.4373
3.0000 2.4111
3.0000 3.8384
3.0000 4.1643
3.0000 3.7403
3.0000 3.9375
3.0000 3.2119
3.0000 4.2666
3.0000 3.9792
3.0000 3.1046
3.0000 2.6225
3.0000 3.3143
3.0000 3.0169
3.0000 3.8852
3.0000 4.1840
3.0000 3.6018
3.0000 3.4292
3.0000 3.7417
3.0000 2.8128
3.0000 4.5551
3.0000 3.5600
3.0000 3.8796
3.0000 3.4713
3.0000 4.2465
3.0000 2.6685
3.0000 3.3159
3.0000 3.9087
3.0000 3.7548
3.0000 3.8624
3.0000 3.1953
3.0000 4.6896
3.0000 3.3044
3.0000 3.7275
3.0000 3.6702
3.0000 2.2108
3.0000 3.5143
3.0000 3.6185
3.0000 2.5123
3.0000 3.6408
3.0000 3.0377
3.0000 3.8008
3.0000 2.8753
3.0000 3.0336
3.0000 3.3206
3.0000 4.5193
3.0000 3.3588
3.0000 4.7443
3.0000 4.7556
3.0000 4.1308
3.0000 2.9857
3.0000 3.7149
3.0000 4.0433
3.0000 3.2265
3.0000 3.6648
3.0000 3.9695
3.0000 3.8372
3.0000 3.1827
3.0000 3.6075
3.0000 3.9893
3.0000 3.6073
3.0000 3.3895
3.0000 4.1355
3.0000 3.7858
3.0000 3.3677
3.0000 3.8663
3.0000 3.1649
3.0000 3.3024
3.0000 3.6860
3.0000 4.2337
3.0000 4.7283
3.0000 3.6404
3.0000 3.1237
3.0000 4.1476
3.0000 2.5408
3.0000 3.9530
3.0000 3.9462
3.0000 3.0717
3.0000 4.2691
3.0000 3.3104
3.0000 3.9746
3.0000 3.7570
3.0000 3.9390
3.0000 3.1763
3.0000 4.8111
3.0000 3.0386
3.0000 4.1337
3.0000 3.5012
3.0000 3.5219
3.0000 3.3769
3.0000 3.8333
3.0000 3.3837
3.0000 3.1794
3.0000 4.0423
3.0000 4.1719
3.0000 3.9913
3.0000 3.6705
3.0000 3.9800
3.0000 3.1099
3.0000 4.4093
3.0000 4.4932
3.0000 2.8901
3.0000 3.8252
3.0000 3.9369
3.0000 2.4691
3.0000 4.0646
3.0000 4.0918
3.0000 3.1714
3.0000 2.9909
3.0000 3.5785
3.0000 4.7553
3.0000 3.2568
3.0000 4.2439
3.0000 3.5015
3.0000 3.9901
3.0000 4.3137
3.0000 3.7822
3.0000 4.0507
3.0000 4.6231
3.0000 3.1854
3.0000 3.7062
3.0000 3.4074
3.0000 3.9560
3.0000 4.4987
3.0000 3.1029
3.0000 3.6839
3.0000 3.9236
3.0000 3.7169
3.0000 5.0419
3.0000 4.1453
3.0000 3.7007
3.0000 4.3240
3.0000 3.0532
3.0000 3.5818
3.0000 2.6420
3.0000 2.6905
3.0000 3.4192
3.0000 2.2388
3.0000 3.5063
3.0000 3.3858
3.0000 4.6579
3.0000 4.6273
3.0000 3.5459
3.0000 4.3281
3.0000 4.0101
3.0000 2.8757
3.0000 4.6629
3.0000 4.1469
3.0000 2.5603
3.0000 3.4998
3.0000 2.9841
3.0000 3.1431
3.0000 5.0155
3.0000 3.4534
3.0000 3.9869
3.0000 3.6159
3.0000 3.0921
3.0000 4.7021
3.0000 3.2516
3.0000 3.0352
3.0000 4.0650
3.0000 4.0241
3.0000 3.7551
3.0000 2.4583
3.0000 3.7758
3.0000 4.1252
3.0000 4.8570
3.0000 4.2645
3.0000 2.9914
3.0000 3.6030
3.0000 4.0429
3.0000 2.6488
3.0000 2.5680
3.0000 2.9267
3.0000 3.6235
3.0000 4.2208
3.0000 3.8927
3.0000 4.2844
3.0000 3.9161
3.0000 3.2492
3.0000 3.4285
3.0000 3.8440
3.0000 4.4196
3.0000 2.9685
3.0000 3.3821
3.0000 3.3322
3.0000 3.3988
3.0000 2.7205
3.0000 2.9441
3.0000 3.9733
3.0000 3.2345
3.0000 4.5523
3.0000 2.8649
3.0000 3.7368
3.0000 3.9640
3.0000 3.4012
3.0000 4.4213
3.0000 4.0102
3.0000 3.4093
3.0000 3.4081
3.0000 2.8511
3.0000 3.2719
3.0000 4.0951
3.0000 2.9298
3.0000 2.9422
3.0000 3.2910
3.0000 3.5556
3.0000 4.0407
3.0000 3.7132
3.0000 4.9627
3.0000 3.1746
3.0000 3.6290
3.0000 3.3738
3.0000 4.1313
3.0000 3.6568
3.0000 3.4583
3.0000 3.1074
3.0000 3.5404
3.0000 3.9357
3.0000 3.3955
3.0000 4.4040
3.0000 4.2421
3.0000 4.7496
3.0000 3.4215
3.0000 4.4959
3.0000 3.4546
3.0000 4.4710
3.0000 4.0296
3.0000 2.8256
3.0000 3.5650
3.0000 3.1334
3.0000 4.0931
3.0000 3.5858
3.0000 3.4265
3.0000 2.9283
3.0000 3.8142
3.0000 4.3095
3.0000 4.0952
3.0000 3.3336
3.0000 4.1447
3.0000 2.5981
3.0000 3.0950
3.0000 2.9670
3.0000 3.6799
3.0000 3.9252
3.0000 4.2440
3.0000 3.2920
3.0000 3.7118
3.0000 2.7607
3.0000 3.1438
3.0000 3.9195
3.0000 2.6834
3.0000 3.4865
3.0000 3.9073
3.0000 3.6631
3.0000 4.3531
3.0000 2.2084
3.0000 4.0524
3.0000 3.3465
3.0000 2.8875
3.0000 4.7807
3.0000 3.0654
3.0000 3.6788
3.0000 4.3090
3.0000 3.9572
3.0000 3.3727
3.0000 4.5166
3.0000 2.7770
3.0000 3.3276
3.0000 3.8448
3.0000 3.2527
3.0000 4.5965
3.0000 2.6262
3.0000 2.9076
3.0000 3.5660
3.0000 3.6826
3.0000 2.9131
3.0000 4.0385
3.0000 2.8333
3.0000 2.9435
3.0000 4.7221
3.0000 3.9607
3.0000 2.7325
3.0000 3.2031
3.0000 3.4995
3.0000 4.1488
3.0000 3.2104
3.0000 4.1343
3.0000 3.3420
3.0000 3.4389
3.0000 4.1075
3.0000 3.9968
3.0000 3.8819
3.0000 3.9485
3.0000 3.2695
3.0000 4.1351
3.0000 4.6497
3.0000 3.5151
3.0000 3.4410
3.0000 4.4406
3.0000 3.9230
3.0000 3.3863
3.0000 3.8429
3.0000 3.1308
3.0000 3.3953
3.0000 4.0448
3.0000 3.6322
3.0000 4.6845
3.0000 2.9237
3.0000 3.1411
3.0000 2.1977
3.0000 3.5308
3.0000 3.5877
3.0000 3.8823
3.0000 3.1125
3.0000 2.7540
3.0000 4.5596
3.0000 3.7635
3.0000 3.9476
3.0000 4.1899
3.0000 3.2798
3.0000 4.3171
3.0000 4.1686
3.0000 3.2769
3.0000 3.4440
3.0000 4.0456
3.0000 3.7858
3.0000 4.0425
3.0000 4.8922
3.0000 3.1814
3.0000 2.8991
3.0000 3.7127
3.0000 3.8843
3.0000 2.5749
3.0000 3.5927
3.0000 2.5928
3.0000 3.4339
3.0000 3.5436
3.0000 3.6859
3.0000 4.1617
3.0000 4.0120
3.0000 4.1614
3.0000 4.9706
3.0000 4.2136
3.0000 3.3532
3.0000 3.4937
3.0000 3.6006
3.0000 3.0622
3.0000 3.3829
3.0000 4.3313
3.0000 3.6402
3.0000 4.3546
3.0000 3.7713
3.0000 3.8375
3.0000 4.0605
3.0000 3.0578
3.0000 3.8518
3.0000 3.7408
3.0000 3.6091
3.0000 3.5230
3.0000 3.4897
3.0000 3.5012
3.0000 3.8625
3.0000 3.5210
3.0000 4.3547
3.0000 4.1728
3.0000 3.6172
3.0000 3.3299
3.0000 3.3127
3.0000 3.5743
3.0000 2.9083
3.0000 3.7041
3.0000 4.0234
3.0000 3.5572
3.0000 4.0751
3.0000 3.2630
3.0000 4.3373
3.0000 4.3757
3.0000 4.1480
3.0000 3.5399
3.0000 3.5679
3.0000 4.2726
3.0000 3.7102
3.0000 3.7641
3.0000 3.6075
3.0000 3.3848
3.0000 3.7257
3.0000 4.0522
3.0000 4.1310
3.0000 3.8110
3.0000 4.5973
3.0000 3.6840
3.0000 3.8086
3.0000 4.0141
3.0000 3.4719
3.0000 3.9380
3.0000 4.8761
3.0000 2.9680
3.0000 4.0938
3.0000 4.8331
3.0000 3.3302
3.0000 4.1447
3.0000 3.1247
3.0000 3.7457
3.0000 3.7390
3.0000 2.8287
3.0000 3.4302
3.0000 4.0317
3.0000 3.9264
3.0000 3.3133
3.0000 3.7099
3.0000 3.6604
3.0000 3.1321
3.0000 3.6685
3.0000 3.2278
3.0000 4.2047
3.0000 3.0036
3.0000 4.2919
3.0000 2.9707
3.0000 3.2019
3.0000 5.1971
3.0000 3.3245
3.0000 3.8835
3.0000 4.0441
3.0000 3.1610
3.0000 4.1416
3.0000 3.0815
3.0000 4.3284
3.0000 3.6946
3.0000 3.0844
3.0000 3.1724
3.0000 3.7121
3.0000 3.1853
3.0000 4.3988
3.0000 4.0953
3.0000 3.4834
3.0000 3.6511
3.0000 3.1647
3.0000 4.0687
3.0000 3.5277
3.0000 3.1749
3.0000 3.1292
3.0000 4.0507
3.0000 3.1431
3.0000 3.8629
3.0000 4.3917
3.0000 2.4870
3.0000 4.2434
3.0000 3.2040
3.0000 3.1021
3.0000 3.9398
3.0000 4.0578
3.0000 4.5736
3.0000 3.8481
3.0000 3.4839
3.0000 4.2031
3.0000 3.0934
3.0000 4.0900
3.0000 3.9398
3.0000 3.1540
3.0000 2.9433
3.0000 3.7979
3.0000 3.4145
3.0000 3.1160
3.0000 2.3189
3.0000 2.8451
3.0000 3.3734
3.0000 4.4129
3.0000 3.8325
3.0000 3.5952
3.0000 4.0877
3.0000 2.9531
3.0000 2.9300
3.0000 4.2663
3.0000 3.4501
3.0000 1.6863
3.0000 3.7782
3.0000 3.8996
3.0000 4.0552
3.0000 2.8921
3.0000 3.5472
3.0000 3.0935
3.0000 3.4562
3.0000 3.0131
3.0000 2.8849
3.0000 3.9934
3.0000 3.9406
3.0000 3.3223
3.0000 4.0060
3.0000 3.1880
3.0000 3.2380
3.0000 3.2451
3.0000 2.8171
3.0000 4.5835
3.0000 3.9229
3.0000 4.8053
3.0000 2.4196
3.0000 3.4193
3.0000 2.5260
3.0000 2.7619
3.0000 2.3991
3.0000 4.4711
3.0000 4.0520
3.0000 3.7063
3.0000 3.3562
3.0000 3.8577
3.0000 3.3820
3.0000 4.4867
3.0000 3.3576
3.0000 4.2054
3.0000 2.9751
3.0000 2.7610
3.0000 3.4365
3.0000 3.0114
3.0000 3.9573
3.0000 3.5311
3.0000 4.5692
3.0000 3.8780
3.0000 4.7096
3.0000 4.0559
3.0000 3.1067
3.0000 3.0887
3.0000 2.4410
3.0000 3.4008
3.0000 3.1979
3.0000 3.8700
3.0000 3.0411
3.0000 3.4226
3.0000 2.9784
3.0000 3.5048
3.0000 3.9878
3.0000 4.3303
3.0000 2.8232
3.0000 2.8299
3.0000 2.9271
3.0000 3.3652
3.0000 2.8400
3.0000 3.2415
3.0000 3.8136
3.0000 4.3375
3.0000 5.1129
3.0000 3.9490
3.0000 4.3308
3.0000 4.2332
3.0000 4.4707
3.0000 3.1214
3.0000 3.4676
3.0000 2.6804
3.0000 3.9358
3.0000 3.7542
3.0000 3.9373
3.0000 4.5170
3.0000 3.8561
3.0000 3.6651
3.0000 3.2410
3.0000 3.6650
3.0000 3.3754
3.0000 2.4390
3.0000 2.6000
3.0000 3.6061
3.0000 3.9607
3.0000 4.0193
3.0000 3.4865
3.0000 3.7991
3.0000 3.0234
3.0000 2.6632
3.0000 2.7273
3.0000 3.7871
3.0000 3.5807
3.0000 3.2329
3.0000 4.4195
3.0000 4.4486
3.0000 3.8278
3.0000 3.2541
3.0000 4.2932
3.0000 4.1859
3.0000 3.5281
3.0000 4.4025
3.0000 3.5100
3.0000 3.8912
3.0000 3.9572
3.0000 5.1919
3.0000 3.4262
3.0000 2.8825
3.0000 3.4912
3.0000 4.2717
3.0000 3.1326
3.0000 3.9881
3.0000 2.7304
3.0000 4.0159
3.0000 3.6876
3.0000 3.6585
3.0000 3.8770
3.0000 3.7972
3.0000 3.1777
3.0000 3.6311
3.0000 3.7893
3.0000 3.1648
3.0000 4.5226
3.0000 3.0635
3.0000 3.1072
3.0000 3.2787
3.0000 3.8261
3.0000 3.1668
3.0000 3.9433
3.0000 4.2446
3.0000 4.2972
3.0000 3.5217
3.0000 3.0311
3.0000 3.1614
3.0000 4.5826
3.0000 2.8666
3.0000 4.4277
3.0000 3.6390
3.0000 3.7370
3.0000 3.6205
3.0000 3.7513
3.0000 3.7769
3.0000 3.1266
3.0000 5.0303
3.0000 4.0733
3.0000 3.8631
3.0000 2.3323
3.0000 4.4179
3.0000 4.1906
3.0000 2.7307
3.0000 3.1990
3.0000 3.8464
3.0000 3.6235
3.0000 4.2508
3.0000 4.1459
3.0000 3.7612
3.0000 3.1987
3.0000 3.5096
3.0000 3.1637
3.0000 3.3614
3.0000 3.4976
3.0000 3.2626
3.0000 3.2458
3.0000 2.7604
3.0000 3.7663
3.0000 3.7389
3.0000 3.7573
3.0000 3.7576
3.0000 3.3986
3.0000 4.0179
3.0000 2.9972
3.0000 3.7124
3.0000 3.2425
3.0000 4.0055
3.0000 3.8662
3.0000 3.3392
3.0000 4.6947
3.0000 4.1521
3.0000 3.5064
3.0000 4.2747
3.0000 3.7294
3.0000 3.5244
3.0000 3.7250
3.0000 3.1320
3.0000 3.5426
3.0000 2.8552
3.0000 4.0005
3.0000 2.8587
3.0000 3.3303
3.0000 4.0583
3.0000 2.6375
3.0000 2.9466
3.0000 3.7136
3.0000 4.1566
3.0000 4.3925
3.0000 3.5051
3.0000 3.6900
3.0000 3.1003
3.0000 3.1473
3.0000 3.0168
3.0000 4.3509
3.0000 4.6742
3.0000 4.0440
3.0000 3.0899
3.0000 3.6501
3.0000 3.2844
3.0000 3.4051
3.0000 4.2304
3.0000 3.8443
3.0000 4.9065
3.0000 3.8764
3.0000 3.3258
3.0000 3.8387
3.0000 3.0778
3.0000 4.1359
3.0000 3.5234
3.0000 3.4422
3.0000 3.6091
3.0000 2.9680
3.0000 4.2815
3.0000 4.2095
3.0000 3.8190
3.0000 3.6709
3.0000 3.0355
3.0000 3.9607
3.0000 3.7973
3.0000 4.2387
3.0000 3.2800
3.0000 3.5556
3.0000 3.5739
3.0000 2.8970
3.0000 3.5172
3.0000 3.4621
3.0000 2.5832
3.0000 4.5386
3.0000 3.2634
3.0000 3.8982
3.0000 3.1953
3.0000 3.2137
3.0000 4.0168
3.0000 3.6052
3.0000 3.3512
3.0000 3.8111
3.0000 3.8085
3.0000 3.7756
3.0000 3.1519
3.0000 3.6556
3.0000 3.1481
3.0000 4.3538
3.0000 3.5855
3.0000 3.7762
3.0000 4.3739
3.0000 4.0816
3.0000 2.4188
3.0000 3.9142
3.0000 3.8122
3.0000 2.7602
3.0000 3.6534
3.0000 2.9668
3.0000 3.0973
3.0000 3.8411
3.0000 4.0262
3.0000 3.6485
3.0000 4.1497
3.0000 4.6568
3.0000 3.5508
3.0000 3.9257
3.0000 4.0809
3.0000 3.0585
3.0000 2.9395
3.0000 3.5264
3.0000 4.7325
3.0000 3.8466
3.0000 3.0672
3.0000 2.8954
3.0000 3.1245
3.0000 2.8586
3.0000 3.3165
3.0000 3.7198
3.0000 3.6699
3.0000 3.5903
3.0000 3.0079
3.0000 4.0617
3.0000 3.5080
3.0000 2.5753
3.0000 3.4193
3.0000 3.6179
3.0000 3.9128
3.0000 4.0326
3.0000 4.4716
3.0000 3.2225
3.0000 3.5757
3.0000 3.9102
3.0000 3.4066
3.0000 4.0027
3.0000 3.5304
3.0000 3.3608
3.0000 3.7720
3.0000 3.6904
3.0000 4.9050
3.0000 3.6193
3.0000 3.4544
3.0000 3.6672
3.0000 3.6026
3.0000 4.1618
3.0000 3.4109
3.0000 4.3839
3.0000 4.9164
3.0000 3.3951
3.0000 2.5693
3.0000 4.9250
3.0000 3.2945
3.0000 5.4069
3.0000 3.3973
3.0000 2.8075
3.0000 3.8807
3.0000 2.5973
3.0000 3.3228
3.0000 4.0605
3.0000 2.9572
3.0000 3.1889
3.0000 3.8906
3.0000 4.5100
3.0000 2.4777
3.0000 4.3577
3.0000 3.5842
3.0000 3.3993
3.0000 2.4079
3.0000 3.7505
3.0000 3.7696
3.0000 3.5799
3.0000 3.2572
3.0000 2.9658
3.0000 3.4285
3.0000 3.9560
3.0000 3.9781
3.0000 4.1893
3.0000 4.0574
3.0000 3.5148
3.0000 4.9449
3.0000 4.7411
3.0000 3.3049
3.0000 3.6570
3.0000 2.8632
3.0000 3.5117
3.0000 3.0572
3.0000 3.4881
3.0000 4.1199
3.0000 4.2120
3.0000 4.4630
3.0000 3.5267
3.0000 2.8555
3.0000 4.2773
3.0000 3.3008
3.0000 3.1503
3.0000 3.2390
3.0000 3.8653
3.0000 3.6362
3.0000 3.7714
3.0000 4.1810
3.0000 3.7539
3.0000 3.9628
3.0000 3.3839
3.0000 3.3352
3.0000 3.9862
3.0000 3.5324
3.0000 3.6366
3.0000 3.5819
3.0000 3.6885
3.0000 4.6308
3.0000 3.4367
3.0000 4.1993
3.0000 2.6171
3.0000 4.4931
3.0000 3.3966
3.0000 3.2223
3.0000 3.1428
3.0000 4.3348
3.0000 3.5860
3.0000 4.0013
3.0000 3.3823
3.0000 3.7149
3.0000 4.5963
3.0000 3.5747
3.0000 3.5731
3.0000 2.7505
3.0000 2.7522
3.0000 3.5857
3.0000 3.6996
3.0000 3.4305
3.0000 4.2877
3.0000 3.6234
3.0000 3.5416
3.0000 2.8853
3.0000 3.5171
3.0000 3.8056
3.0000 4.3746
3.0000 3.2626
3.0000 3.2114
3.0000 4.5849
3.0000 3.8552
3.0000 2.6656
3.0000 4.0812
3.0000 3.1967
3.0000 2.9014
3.0000 2.8291
3.0000 3.3601
3.0000 4.0046
3.0000 3.2629
3.0000 3.5254
3.0000 3.9561
3.0000 5.0129
3.0000 4.1045
3.0000 4.1836
3.0000 2.5606
3.0000 4.1753
3.0000 3.2281
3.0000 3.1320
3.0000 3.6056
3.0000 3.6097
3.0000 3.1484
3.0000 4.1267
3.0000 3.8070
3.0000 3.2505
3.0000 3.4537
3.0000 3.6348
3.0000 3.9568
3.0000 4.0586
3.0000 5.1014
3.0000 4.1196
3.0000 2.7795
3.0000 3.5780
3.0000 4.1599
3.0000 3.5790
3.0000 3.5885
3.0000 3.4664
3.0000 3.1018
3.0000 3.4551
3.0000 3.3839
3.0000 3.0405
3.0000 3.1069
3.0000 4.1140
3.0000 4.2678
3.0000 3.7789
3.0000 3.7000
3.0000 3.7847
3.0000 2.6235
3.0000 2.9626
3.0000 3.4294
3.0000 2.8575
3.0000 4.7788
3.0000 3.2517
3.0000 3.1512
3.0000 4.0307
3.0000 3.4064
3.0000 3.7257
3.0000 4.5904
3.0000 2.8686
3.0000 2.5763
3.0000 3.9205
3.0000 3.1518
3.0000 3.8852
3.0000 3.4162
3.0000 2.8967
3.0000 3.2546
3.0000 3.0477
3.0000 3.6016
3.0000 3.2596
3.0000 3.4416
3.0000 2.9630
3.0000 4.1622
3.0000 4.3557
3.0000 3.5411
3.0000 3.8480
3.0000 3.5242
3.0000 3.2283
3.0000 3.1592
3.0000 4.0263
3.0000 3.5830
3.0000 3.7982
3.0000 3.3971
3.0000 3.5290
3.0000 3.6815
3.0000 2.7051
3.0000 2.9580
3.0000 3.4108
3.0000 3.4423
3.0000 2.9700
3.0000 3.3890
3.0000 3.3091
3.0000 3.7640
3.0000 3.5292
3.0000 3.8274
3.0000 2.2578
3.0000 3.4582
3.0000 4.3617
3.0000 3.5048
3.0000 3.8690
3.0000 3.6983
3.0000 3.7843
3.0000 3.3765
3.0000 3.3906
3.0000 4.5728
3.0000 2.5739
3.0000 3.7714
3.0000 3.5864
3.0000 2.8448
3.0000 3.9496
3.0000 4.0404
3.0000 3.0328
3.0000 3.4250
3.0000 3.0560
3.0000 4.5445
3.0000 4.4907
3.0000 4.4736
3.0000 4.2130
3.0000 4.6231
3.0000 2.7565
3.0000 4.0750
3.0000 3.1109
3.0000 5.1696
3.0000 3.6645
3.0000 3.6875
3.0000 3.6326
3.0000 3.6203
3.0000 4.1004
3.0000 5.1050
3.0000 3.5243
3.0000 3.2262
3.0000 3.5338
3.0000 3.7971
3.0000 3.3758
3.0000 3.1919
3.0000 3.3624
3.0000 3.7802
3.0000 3.2864
3.0000 2.8228
3.0000 3.2890
3.0000 3.5575
3.0000 3.4912
3.0000 3.3834
3.0000 3.3970
3.0000 3.9939
3.0000 2.6102
3.0000 3.9780
3.0000 3.9654
3.0000 4.1596
3.0000 4.8408
3.0000 2.9369
3.0000 2.4051
3.0000 3.8972
3.0000 3.5423
3.0000 3.6645
3.0000 4.1501
3.0000 3.6556
3.0000 3.5359
3.0000 3.9312
3.0000 4.3918
3.0000 3.4229
3.0000 3.7214
3.0000 3.7655
3.0000 3.1583
3.0000 2.9541
3.0000 4.1936
3.0000 3.5877
3.0000 4.0110
3.0000 3.2437
3.0000 3.5289
3.0000 3.8031
3.0000 2.7336
3.0000 3.7025
3.0000 3.1147
3.0000 3.3552
3.0000 3.3392
3.0000 3.6944
3.0000 2.4361
3.0000 3.1195
3.0000 3.9958
3.0000 3.6498
3.0000 3.3544
3.0000 3.9412
3.0000 3.5802
3.0000 3.2712
3.0000 2.5415
3.0000 3.6014
3.0000 3.3718
3.0000 4.5416
3.0000 3.0294
3.0000 3.3132
3.0000 2.7831
3.0000 3.0608
3.0000 4.3958
3.0000 3.0756
3.0000 2.9820
3.0000 3.2592
3.0000 3.3798
3.0000 3.8755
3.0000 2.9532
3.0000 3.6706
3.0000 3.5441
3.0000 3.6920
3.0000 3.6246
3.0000 4.5011
3.0000 3.6650
3.0000 3.6315
3.0000 3.8958
3.0000 3.6155
3.0000 2.5385
3.0000 3.7338
3.0000 2.8808
3.0000 4.2836
3.0000 3.6473
3.0000 4.4856
3.0000 3.7257
3.0000 3.4260
3.0000 3.7040
3.0000 3.9260
3.0000 3.8382
3.0000 4.1667
3.0000 3.9535
3.0000 4.0855
3.0000 4.4593
3.0000 3.9836
3.0000 3.0186
3.0000 3.9591
3.0000 3.9476
3.0000 4.3804
3.0000 4.3782
3.0000 2.2207
3.0000 3.2501
3.0000 3.4043
3.0000 4.6374
3.0000 3.3635
3.0000 3.9627
3.0000 4.0822
3.0000 3.8151
3.0000 4.6695
3.0000 3.3475
3.0000 4.1995
3.0000 4.6234
3.0000 4.2783
3.0000 4.6845
3.0000 3.6460
3.0000 4.2504
3.0000 4.0161
3.0000 3.9382
3.0000 2.8580
3.0000 5.0960
3.0000 4.3516
3.0000 4.3272
3.0000 2.8253
3.0000 3.3708
3.0000 3.5958
3.0000 3.5300
3.0000 3.7650
3.0000 3.8394
3.0000 3.9744
3.0000 4.0043
3.0000 3.3738
3.0000 3.7488
3.0000 3.6019
3.0000 3.4520
3.0000 3.7345
3.0000 2.7543
3.0000 3.7087
3.0000 3.2002
3.0000 4.1075
3.0000 3.6076
3.0000 4.0325
3.0000 4.1205
3.0000 2.5536
3.0000 3.4653
3.0000 3.8706
3.0000 3.7237
3.0000 3.3410
3.0000 3.7419
3.0000 4.1074
3.0000 3.7925
3.0000 3.4981
3.0000 3.7838
3.0000 4.9166
3.0000 4.1635
3.0000 3.9424
3.0000 3.4729
3.0000 4.5968
3.0000 4.2536
3.0000 3.7914
3.0000 3.9931
3.0000 4.0664
3.0000 3.1524
3.0000 3.1954
3.0000 3.4276
3.0000 2.4977
3.0000 3.0967
3.0000 3.0741
3.0000 4.1668
3.0000 3.6658
3.0000 4.0063
3.0000 3.2532
3.0000 3.6068
3.0000 3.7082
3.0000 4.7269
3.0000 4.6867
3.0000 3.0080
3.0000 3.9142
3.0000 3.4246
3.0000 4.5886
3.0000 2.7053
3.0000 4.3991
3.0000 3.8222
3.0000 3.5347
3.0000 3.8081
3.0000 4.4077
3.0000 2.8089
3.0000 3.9274
3.0000 3.4302
3.0000 3.1283
3.0000 3.4055
3.0000 3.5604
3.0000 4.3651
3.0000 4.0992
3.0000 3.6666
3.0000 3.5244
3.0000 3.3779
3.0000 3.4742
3.0000 3.3141
3.0000 3.8334
3.0000 3.4272
3.0000 3.1159
3.0000 3.9888
3.0000 2.8560
3.0000 3.3133
3.0000 4.1050
3.0000 3.5076
3.0000 3.6405
3.0000 2.7634
3.0000 4.2916
3.0000 3.5290
3.0000 3.2949
3.0000 3.9265
3.0000 2.5297
3.0000 2.4278
3.0000 3.9147
3.0000 4.2635
3.0000 2.7838
3.0000 2.8743
3.0000 3.3986
3.0000 3.5612
3.0000 3.8843
3.0000 2.4506
3.0000 3.2554
3.0000 2.5030
3.0000 3.8380
3.0000 2.9470
3.0000 3.8051
3.0000 3.7402
3.0000 3.4207
3.0000 3.4673
3.0000 3.5025
3.0000 4.4651
3.0000 3.6149
3.0000 3.7700
3.0000 3.6555
3.0000 3.6601
3.0000 4.7577
3.0000 3.0581
3.0000 4.1298
3.0000 3.0708
3.0000 4.7518
3.0000 4.2207
3.0000 3.3020
3.0000 3.9190
3.0000 2.9808
3.0000 2.4943
3.0000 3.7443
3.0000 3.3213
3.0000 3.7846
3.0000 4.6930
3.0000 3.6489
3.0000 3.9462
3.0000 4.8226
3.0000 4.8461
3.0000 2.3827
3.0000 3.5038
3.0000 3.2501
3.0000 3.9360
3.0000 3.3965
3.0000 3.8553
3.0000 3.4883
3.0000 3.3657
3.0000 2.8397
3.0000 3.5846
3.0000 2.2890
3.0000 3.9491
3.0000 4.1461
3.0000 3.6671
3.0000 3.2609
3.0000 2.9507
3.0000 3.4661
3.0000 3.1000
3.0000 4.0472
3.0000 3.5900
3.0000 3.4369
3.0000 3.7721
3.0000 4.2491
3.0000 3.6508
3.0000 2.7315
3.0000 2.4668
3.0000 3.6839
3.0000 3.5055
3.0000 3.7018
3.0000 3.3260
3.0000 3.6987
3.0000 2.6549
3.0000 3.3449
3.0000 3.2178
3.0000 3.6729
3.0000 4.3592
3.0000 3.4934
3.0000 4.5913
3.0000 3.5732
3.0000 3.7728
3.0000 4.2058
3.0000 2.8354
3.0000 4.0176
3.0000 3.0404
3.0000 2.9925
3.0000 4.6577
3.0000 3.1694
3.0000 2.8386
3.0000 3.5078
3.0000 4.0906
3.0000 3.1900
3.0000 3.6163
3.0000 3.5846
3.0000 3.1063
3.0000 4.3366
3.0000 2.4938
3.0000 4.2879
3.0000 3.1009
3.0000 3.7078
3.0000 3.5547
3.0000 4.2955
3.0000 2.8977
3.0000 3.0351
3.0000 2.6885
3.0000 3.4328
3.0000 2.9806
3.0000 3.6902
3.0000 3.2280
3.0000 3.0897
3.0000 3.6052
3.0000 3.1664
3.0000 4.8085
3.0000 2.9944
3.0000 3.8398
3.0000 3.5394
3.0000 4.1935
3.0000 3.9731
3.0000 4.0508
3.0000 3.0279
3.0000 4.8896
3.0000 3.1731
3.0000 2.9898
3.0000 3.1895
3.0000 3.8075
3.0000 2.7694
3.0000 4.0796
3.0000 3.6610
3.0000 3.4630
3.0000 3.1085
3.0000 2.5178
3.0000 2.3315
3.0000 3.3225
3.0000 4.4122
3.0000 2.7729
3.0000 4.4987
3.0000 3.9488
3.0000 2.7456
3.0000 4.1066
3.0000 3.7262
3.0000 3.0633
3.0000 3.1018
3.0000 5.2429
3.0000 2.4251
3.0000 3.3612
3.0000 3.5867
3.0000 3.1130
3.0000 3.4582
3.0000 3.4419
3.0000 2.8621
3.0000 4.2238
3.0000 3.3097
3.0000 4.2096
3.0000 4.2642
3.0000 2.0963
3.0000 3.5167
3.0000 3.9965
3.0000 4.3511
3.0000 3.4081
3.0000 3.7324
3.0000 3.6059
3.0000 4.1436
3.0000 4.5688
3.0000 2.9777
3.0000 2.9961
3.0000 2.5897
3.0000 3.6975
3.0000 4.4516
3.0000 3.2611
3.0000 3.5692
3.0000 3.6588
3.0000 3.8388
3.0000 2.9856
3.0000 2.8871
3.0000 4.2989
3.0000 3.4082
3.0000 4.4155
3.0000 3.4355
3.0000 4.5357
3.0000 4.0893
3.0000 3.2262
3.0000 3.2188
3.0000 4.0831
3.0000 4.1457
3.0000 3.9912
3.0000 3.7293
3.0000 4.6840
3.0000 4.2066
3.0000 3.4343
3.0000 4.2434
3.0000 3.9372
3.0000 3.3187
3.0000 3.7253
3.0000 4.0262
3.0000 3.2182
3.0000 4.4390
3.0000 3.1935
3.0000 2.8480
3.0000 4.5210
3.0000 3.4067
3.0000 2.6928
3.0000 3.6381
3.0000 3.9723
3.0000 3.6892
3.0000 3.9635
3.0000 3.7889
3.0000 4.5340
3.0000 4.8143
3.0000 4.0174
3.0000 3.3011
3.0000 3.5295
3.0000 2.8385
3.0000 4.2859
3.0000 3.0317
3.0000 2.8345
3.0000 4.5252
3.0000 3.8315
3.0000 4.2067
3.0000 3.3769
3.0000 3.5202
3.0000 3.6792
3.0000 4.2863
3.0000 3.3911
3.0000 3.6113
3.0000 3.7198
3.0000 2.6528
3.0000 3.9727
3.0000 4.4913
3.0000 3.2817
3.0000 3.8355
3.0000 3.1428
3.0000 3.6648
3.0000 4.5033
3.0000 2.6302
3.0000 3.2900
3.0000 2.9243
3.0000 3.7373
3.0000 2.7749
3.0000 3.5616
3.0000 3.1902
3.0000 3.1820
3.0000 3.7223
3.0000 3.0132
3.0000 3.5120
3.0000 3.3269
3.0000 3.7891
3.0000 3.1446
3.0000 3.4240
3.0000 3.9547
3.0000 4.9526
3.0000 4.2084
3.0000 3.5788
3.0000 3.9030
3.0000 4.0024
3.0000 3.6660
3.0000 2.6265
3.0000 3.6189
3.0000 3.6058
3.0000 3.2850
3.0000 3.7060
3.0000 3.8281
3.0000 4.6072
3.0000 4.0480
3.0000 3.4254
3.0000 3.8813
3.0000 3.8415
3.0000 2.4248
3.0000 3.6146
3.0000 4.7793
3.0000 3.7864
3.0000 3.2289
3.0000 2.9468
3.0000 4.0983
3.0000 3.6738
3.0000 3.7046
3.0000 3.3744
3.0000 3.9369
3.0000 3.5453
3.0000 3.4120
3.0000 3.1096
3.0000 3.5296
3.0000 3.1027
3.0000 3.0003
3.0000 4.6008
3.0000 4.2766
3.0000 4.1530
3.0000 4.5428
3.0000 2.9758
3.0000 3.9338
3.0000 3.3377
3.0000 3.1060
3.0000 4.2352
3.0000 3.6439
3.0000 3.4621
3.0000 3.2777
3.0000 3.4521
3.0000 4.0515
3.0000 3.5055
3.0000 3.5236
3.0000 3.0728
3.0000 3.4398
3.0000 4.0855
3.0000 3.8003
3.0000 2.3125
3.0000 2.2447
