8.0000 9.0477
8.0000 9.2287
8.0000 8.9064
8.0000 8.1465
8.0000 8.1780
8.0000 6.7526
8.0000 7.7153
8.0000 8.3790
8.0000 8.6909
8.0000 8.3615
8.0000 8.8487
8.0000 8.2940
8.0000 8.8762
8.0000 8.2147
8.0000 7.6787
8.0000 8.6443
8.0000 7.8136
8.0000 8.7655
8.0000 8.3585
8.0000 8.7893
8.0000 8.3166
8.0000 8.4955
8.0000 8.3358
8.0000 7.7076
8.0000 9.0162
8.0000 9.5199
8.0000 7.6547
8.0000 7.9347
8.0000 8.5890
8.0000 8.1182
8.0000 7.7198
8.0000 7.0449
8.0000 8.2234
8.0000 8.5339
8.0000 8.9506
8.0000 8.7931
8.0000 8.0712
8.0000 8.6693
8.0000 8.9086
8.0000 8.7304
8.0000 7.7457
8.0000 8.4390
8.0000 7.6432
8.0000 8.0570
8.0000 8.4544
8.0000 7.7606
8.0000 7.7352
8.0000 8.6331
8.0000 8.3214
8.0000 8.1639
8.0000 7.9449
8.0000 8.0096
8.0000 8.0853
8.0000 8.1221
8.0000 9.1095
8.0000 6.8310
8.0000 9.2898
8.0000 8.3151
8.0000 8.5945
8.0000 8.0465
8.0000 9.4954
8.0000 8.9188
8.0000 8.6263
8.0000 9.7805
8.0000 8.7049
8.0000 8.2077
8.0000 9.1164
8.0000 7.7808
8.0000 8.8924
8.0000 8.9331
8.0000 9.2160
8.0000 8.6360
8.0000 8.7707
8.0000 8.3727
8.0000 8.1676
8.0000 8.7365
8.0000 8.3813
8.0000 7.5610
8.0000 7.6695
8.0000 7.5784
8.0000 7.6338
8.0000 8.5416
8.0000 8.4749
8.0000 8.8197
8.0000 8.8215
8.0000 8.8824
8.0000 9.2834
8.0000 8.1734
8.0000 8.5399
8.0000 7.9852
8.0000 8.5081
8.0000 7.8524
8.0000 7.5920
8.0000 8.4084
8.0000 9.2580
8.0000 9.0984
8.0000 7.6990
8.0000 8.2048
8.0000 8.2566
8.0000 8.6312
8.0000 7.4219
8.0000 8.1963
8.0000 8.0744
8.0000 9.4570
8.0000 8.1770
8.0000 8.6004
8.0000 8.2467
8.0000 9.0031
8.0000 8.0753
8.0000 8.8849
8.0000 8.6533
8.0000 7.0249
8.0000 9.2284
8.0000 9.2058
8.0000 7.9506
8.0000 8.5564
8.0000 8.3944
8.0000 8.1978
8.0000 8.4731
8.0000 8.0273
8.0000 8.1173
8.0000 8.2325
8.0000 8.3147
8.0000 8.2947
8.0000 7.6327
8.0000 8.6365
8.0000 7.8700
8.0000 9.0881
8.0000 9.2245
8.0000 7.7004
8.0000 8.7856
8.0000 9.0943
8.0000 8.2715
8.0000 8.5265
8.0000 9.0650
8.0000 8.4277
8.0000 7.9874
8.0000 9.1560
8.0000 8.3362
8.0000 7.4961
8.0000 7.8256
8.0000 8.7230
8.0000 7.9732
8.0000 7.9086
8.0000 8.6744
8.0000 8.3290
8.0000 7.9958
8.0000 8.6952
8.0000 9.3892
8.0000 7.7381
8.0000 8.3455
8.0000 8.9878
8.0000 8.9102
8.0000 9.0069
8.0000 9.0440
8.0000 7.9634
8.0000 8.7478
8.0000 8.8974
8.0000 7.9205
8.0000 8.7137
8.0000 7.6121
8.0000 9.1323
8.0000 7.4005
8.0000 7.3855
8.0000 8.3589
8.0000 8.5889
8.0000 9.2181
8.0000 7.4769
8.0000 8.2888
8.0000 7.9342
8.0000 8.1067
8.0000 9.1901
8.0000 9.0089
8.0000 9.6309
8.0000 7.5668
8.0000 7.5351
8.0000 7.9485
8.0000 8.0899
8.0000 8.0539
8.0000 8.2632
8.0000 8.2404
8.0000 9.4342
8.0000 7.9020
8.0000 8.7928
8.0000 8.3408
8.0000 7.6261
8.0000 8.8401
8.0000 8.0702
8.0000 9.4661
8.0000 9.1542
8.0000 8.5591
8.0000 8.4693
8.0000 8.1035
8.0000 8.1691
8.0000 8.5688
8.0000 8.0608
8.0000 7.8394
8.0000 8.6630
8.0000 9.0503
8.0000 8.4723
8.0000 8.0693
8.0000 8.8781
8.0000 8.6512
8.0000 8.7451
8.0000 7.6069
8.0000 8.5822
8.0000 8.0586
8.0000 8.6496
8.0000 8.0331
8.0000 6.3457
8.0000 8.8591
8.0000 8.0259
8.0000 8.6181
8.0000 8.4631
8.0000 7.9101
8.0000 7.8711
8.0000 8.6785
8.0000 7.5802
8.0000 7.5342
8.0000 7.5740
8.0000 8.0002
8.0000 7.6320
8.0000 7.1470
8.0000 7.6774
8.0000 7.6938
8.0000 8.7634
8.0000 8.2163
8.0000 8.6961
8.0000 8.8786
8.0000 9.2242
8.0000 8.0086
8.0000 8.2920
8.0000 7.9483
8.0000 9.0755
8.0000 8.4084
8.0000 8.8451
8.0000 7.6871
8.0000 7.7809
8.0000 7.9633
8.0000 8.2377
8.0000 8.0927
8.0000 7.7186
8.0000 8.9119
8.0000 8.9709
8.0000 8.6230
8.0000 8.6982
8.0000 7.5789
8.0000 9.1982
8.0000 8.1979
8.0000 8.3186
8.0000 7.6475
8.0000 7.7669
8.0000 9.0152
8.0000 8.6712
8.0000 8.7906
8.0000 8.0640
8.0000 7.6291
8.0000 7.6837
8.0000 9.3947
8.0000 8.4948
8.0000 7.8851
8.0000 8.6226
8.0000 8.8390
8.0000 9.1123
8.0000 9.1594
8.0000 8.6136
8.0000 8.3684
8.0000 9.3252
8.0000 8.0970
8.0000 7.8691
8.0000 8.1804
8.0000 7.2010
8.0000 7.9171
8.0000 8.4888
8.0000 8.7285
8.0000 7.7984
8.0000 9.5971
8.0000 8.5503
8.0000 8.0196
8.0000 8.3171
8.0000 8.0055
8.0000 8.5089
8.0000 7.9039
8.0000 8.3993
8.0000 7.8678
8.0000 8.4552
8.0000 8.0183
8.0000 8.6513
8.0000 9.2648
8.0000 8.0106
8.0000 8.2677
8.0000 8.6552
8.0000 8.3850
8.0000 8.5828
8.0000 9.2881
8.0000 7.4822
8.0000 8.5791
8.0000 8.3051
8.0000 8.4283
8.0000 8.1841
8.0000 7.8950
8.0000 8.3333
8.0000 9.4394
8.0000 8.9006
8.0000 9.4077
8.0000 9.2564
8.0000 7.5917
8.0000 8.0869
8.0000 7.9231
8.0000 8.6505
8.0000 7.6802
8.0000 8.3935
8.0000 8.1068
8.0000 8.0761
8.0000 7.8658
8.0000 8.8817
8.0000 7.8870
8.0000 7.1393
8.0000 8.7869
8.0000 7.6254
8.0000 7.5033
8.0000 8.8514
8.0000 8.4902
8.0000 7.9876
8.0000 8.9436
8.0000 8.3729
8.0000 9.2010
8.0000 8.0508
8.0000 7.6105
8.0000 8.1388
8.0000 7.5461
8.0000 9.1216
8.0000 8.4320
8.0000 8.0549
8.0000 9.0057
8.0000 8.4918
8.0000 8.7805
8.0000 7.6473
8.0000 9.0950
8.0000 8.3797
8.0000 7.3527
8.0000 9.2301
8.0000 8.1919
8.0000 7.8594
8.0000 9.7349
8.0000 8.2932
8.0000 9.4660
8.0000 8.5023
8.0000 7.5892
8.0000 9.1856
8.0000 8.3665
8.0000 7.2985
8.0000 7.6579
8.0000 7.2524
8.0000 7.6591
8.0000 9.2563
8.0000 7.4128
8.0000 8.3339
8.0000 8.1956
8.0000 7.9550
8.0000 9.3798
8.0000 7.7745
8.0000 8.4380
8.0000 7.9730
8.0000 7.6709
8.0000 8.2675
8.0000 7.1587
8.0000 8.1812
8.0000 8.8237
8.0000 8.4088
8.0000 7.9132
8.0000 9.2901
8.0000 7.9277
8.0000 8.2429
8.0000 8.5957
8.0000 7.9531
8.0000 8.6637
8.0000 8.2799
8.0000 8.8504
8.0000 8.5128
8.0000 6.8560
8.0000 8.5409
8.0000 9.4018
8.0000 8.5906
8.0000 8.9797
8.0000 8.8164
8.0000 8.1427
8.0000 8.5076
8.0000 7.5062
8.0000 7.7646
8.0000 9.1111
8.0000 8.1446
8.0000 8.9101
8.0000 8.3323
8.0000 7.8843
8.0000 7.7592
8.0000 8.9749
8.0000 8.6119
8.0000 8.6696
8.0000 8.3576
8.0000 9.0864
8.0000 8.4746
8.0000 8.0781
8.0000 8.8424
8.0000 7.9979
8.0000 7.2834
8.0000 8.2860
8.0000 8.4676
8.0000 8.5414
8.0000 8.4049
8.0000 9.3124
8.0000 7.4593
8.0000 7.4421
8.0000 7.4692
8.0000 8.4667
8.0000 8.8976
8.0000 8.0011
8.0000 8.4087
8.0000 7.9047
8.0000 8.5235
8.0000 7.7022
8.0000 8.0691
8.0000 8.6023
8.0000 9.4878
8.0000 8.3866
8.0000 8.2753
8.0000 7.7901
8.0000 8.0952
8.0000 8.4837
8.0000 8.5119
8.0000 9.2538
8.0000 8.7219
8.0000 8.1167
8.0000 7.9511
8.0000 7.9139
8.0000 8.9277
8.0000 8.0851
8.0000 8.0945
8.0000 8.0048
8.0000 8.7309
8.0000 8.7199
8.0000 8.8608
8.0000 8.4209
8.0000 8.8023
8.0000 8.3396
8.0000 8.0247
8.0000 8.7221
8.0000 9.1912
8.0000 9.2539
8.0000 8.3334
8.0000 8.6206
8.0000 7.2927
8.0000 8.0601
8.0000 8.8506
8.0000 8.1020
8.0000 7.3364
8.0000 7.2271
8.0000 8.3231
8.0000 8.0219
8.0000 7.9275
8.0000 8.6870
8.0000 8.1030
8.0000 7.8018
8.0000 8.2920
8.0000 8.6503
8.0000 8.6456
8.0000 8.8246
8.0000 7.3042
8.0000 8.4324
8.0000 7.7549
8.0000 8.8239
8.0000 8.2133
8.0000 8.8604
8.0000 7.3720
8.0000 8.3962
8.0000 8.6673
8.0000 7.9223
8.0000 8.3926
8.0000 7.8369
8.0000 8.6815
8.0000 7.9125
8.0000 7.3630
8.0000 7.3993
8.0000 8.0046
8.0000 8.0950
8.0000 8.6678
8.0000 7.8199
8.0000 9.4149
8.0000 9.2169
8.0000 8.3630
8.0000 7.9218
8.0000 8.0145
8.0000 7.9699
8.0000 8.9140
8.0000 7.5249
8.0000 8.6046
8.0000 8.5252
8.0000 9.2981
8.0000 8.3397
8.0000 9.3890
8.0000 8.4028
8.0000 9.5430
8.0000 8.4375
8.0000 8.1661
8.0000 8.4627
8.0000 8.6579
8.0000 8.0119
8.0000 7.4901
8.0000 8.3820
8.0000 7.0944
8.0000 7.5474
8.0000 9.5480
8.0000 8.6824
8.0000 8.4939
8.0000 7.6746
8.0000 8.4406
8.0000 7.9904
8.0000 8.3045
8.0000 8.5332
8.0000 7.8947
8.0000 8.9952
8.0000 9.1590
8.0000 8.1319
8.0000 8.3307
8.0000 9.1110
8.0000 8.4742
8.0000 8.5584
8.0000 7.7455
8.0000 8.9149
8.0000 9.3390
8.0000 8.5172
8.0000 8.6121
8.0000 8.9185
8.0000 7.6259
8.0000 8.5112
8.0000 7.6787
8.0000 8.1121
8.0000 8.3126
8.0000 8.1406
8.0000 7.9292
8.0000 7.9284
8.0000 8.8178
8.0000 7.7538
8.0000 8.4404
8.0000 8.1456
8.0000 7.8727
8.0000 7.9470
8.0000 8.8278
8.0000 8.1388
8.0000 8.5046
8.0000 8.7626
8.0000 8.2222
8.0000 7.3232
8.0000 7.8265
8.0000 8.2124
8.0000 9.0494
8.0000 7.6004
8.0000 8.0657
8.0000 7.9532
8.0000 9.2155
8.0000 9.5936
8.0000 8.7578
8.0000 8.0328
8.0000 8.3255
8.0000 7.1266
8.0000 8.9726
8.0000 7.8607
8.0000 9.1132
8.0000 8.1459
8.0000 8.3105
8.0000 7.8484
8.0000 7.8273
8.0000 7.3999
8.0000 8.8689
8.0000 8.7426
8.0000 8.3110
8.0000 8.7233
8.0000 8.0334
8.0000 8.6242
8.0000 7.9577
8.0000 8.7250
8.0000 8.2798
8.0000 8.0300
8.0000 8.5510
8.0000 7.6560
8.0000 8.2070
8.0000 8.6034
8.0000 8.0197
8.0000 7.2248
8.0000 8.5770
8.0000 9.3423
8.0000 8.9755
8.0000 9.4051
8.0000 7.9361
8.0000 7.1027
8.0000 7.8814
8.0000 9.1854
8.0000 8.4836
8.0000 8.3859
8.0000 8.0956
8.0000 8.5583
8.0000 8.0785
8.0000 8.0897
8.0000 8.6376
8.0000 9.0195
8.0000 7.6767
8.0000 7.8834
8.0000 9.2645
8.0000 7.9442
8.0000 8.0039
8.0000 7.4363
8.0000 8.5851
8.0000 8.8818
8.0000 6.6623
8.0000 8.1408
8.0000 9.2439
8.0000 8.7339
8.0000 8.5253
8.0000 8.6488
8.0000 8.7947
8.0000 8.2128
8.0000 7.8523
8.0000 8.3404
8.0000 8.7097
8.0000 8.2564
8.0000 8.0470
8.0000 9.5661
8.0000 8.2446
8.0000 8.3647
8.0000 8.6757
8.0000 8.4747
8.0000 7.9904
8.0000 8.1512
8.0000 8.0146
8.0000 8.0146
8.0000 8.2024
8.0000 8.4660
8.0000 8.3243
8.0000 7.8830
8.0000 8.3346
8.0000 8.9821
8.0000 9.6085
8.0000 8.3550
8.0000 9.2363
8.0000 8.7690
8.0000 8.5661
8.0000 7.8666
8.0000 8.3146
8.0000 8.5052
8.0000 8.8386
8.0000 8.5105
8.0000 8.0346
8.0000 8.9783
8.0000 7.9750
8.0000 8.5542
8.0000 7.9497
8.0000 9.3931
8.0000 9.0613
8.0000 8.3021
8.0000 8.8865
8.0000 8.9294
8.0000 8.5238
8.0000 7.5792
8.0000 8.6524
8.0000 7.7724
8.0000 8.3222
8.0000 9.3297
8.0000 7.1204
8.0000 8.2937
8.0000 7.9954
8.0000 8.3508
8.0000 7.9822
8.0000 8.0157
8.0000 8.3573
8.0000 8.6752
8.0000 7.4022
8.0000 7.4764
8.0000 8.2932
8.0000 8.7060
8.0000 9.0063
8.0000 8.5932
8.0000 8.3661
8.0000 8.1546
8.0000 8.4746
8.0000 8.9020
8.0000 8.8763
8.0000 8.1467
8.0000 8.4631
8.0000 9.0560
8.0000 8.6537
8.0000 8.8307
8.0000 9.0932
8.0000 8.8177
8.0000 7.8742
8.0000 7.1366
8.0000 8.4056
8.0000 9.1486
8.0000 8.3649
8.0000 8.4768
8.0000 7.6942
8.0000 9.5097
8.0000 8.3895
8.0000 7.9101
8.0000 9.5635
8.0000 7.7574
8.0000 8.1777
8.0000 8.9517
8.0000 8.3762
8.0000 9.5796
8.0000 8.6741
8.0000 9.0034
8.0000 8.0401
8.0000 8.4829
8.0000 7.9359
8.0000 8.9081
8.0000 9.1040
8.0000 8.0102
8.0000 8.2944
8.0000 7.7751
8.0000 7.9212
8.0000 8.5231
8.0000 8.3569
8.0000 8.1827
8.0000 9.0558
8.0000 9.1427
8.0000 8.0382
8.0000 8.0930
8.0000 7.3500
8.0000 9.0143
8.0000 7.7301
8.0000 8.3369
8.0000 9.1163
8.0000 7.8314
8.0000 8.4569
8.0000 8.0267
8.0000 9.0037
8.0000 8.3182
8.0000 8.4311
8.0000 9.2373
8.0000 7.8638
8.0000 8.2633
8.0000 8.5498
8.0000 8.8139
8.0000 8.7131
8.0000 7.6046
8.0000 7.4648
8.0000 8.5333
8.0000 8.8097
8.0000 8.8494
8.0000 8.3581
8.0000 9.3119
8.0000 8.7800
8.0000 8.5748
8.0000 8.4035
8.0000 8.6011
8.0000 6.9760
8.0000 8.9677
8.0000 8.6920
8.0000 7.7602
8.0000 8.1335
8.0000 8.8368
8.0000 9.2091
8.0000 9.0072
8.0000 9.3982
8.0000 8.8497
8.0000 9.4418
8.0000 7.7209
8.0000 7.6619
8.0000 8.9646
8.0000 7.9981
8.0000 8.4119
8.0000 8.9108
8.0000 10.0704
8.0000 8.1091
8.0000 8.5318
8.0000 9.0442
8.0000 8.5066
8.0000 7.2027
8.0000 8.2825
8.0000 8.6264
8.0000 8.1562
8.0000 8.2795
8.0000 7.9441
8.0000 8.0655
8.0000 7.7552
8.0000 7.4884
8.0000 8.7499
8.0000 7.8729
8.0000 8.0879
8.0000 8.1710
8.0000 8.6258
8.0000 7.9880
8.0000 8.0949
8.0000 7.9722
8.0000 8.0076
8.0000 8.0111
8.0000 8.0994
8.0000 8.6892
8.0000 8.6154
8.0000 8.6589
8.0000 8.4230
8.0000 8.3314
8.0000 7.8339
8.0000 9.1485
8.0000 8.0149
8.0000 8.4416
8.0000 8.5566
8.0000 9.2046
8.0000 7.5074
8.0000 9.8413
8.0000 8.7383
8.0000 9.1568
8.0000 7.9033
8.0000 8.5976
8.0000 7.4876
8.0000 8.2457
8.0000 8.9246
8.0000 9.3430
8.0000 8.6044
8.0000 9.3588
8.0000 7.3609
8.0000 9.0423
8.0000 8.4158
8.0000 9.1081
8.0000 8.5442
8.0000 8.4574
8.0000 7.9803
8.0000 8.8242
8.0000 9.0846
8.0000 7.2264
8.0000 8.3541
8.0000 8.3915
8.0000 8.4933
8.0000 6.8715
8.0000 8.6678
8.0000 8.7167
8.0000 8.9561
8.0000 8.8742
8.0000 8.4741
8.0000 8.9449
8.0000 7.5540
8.0000 8.6367
8.0000 8.0873
8.0000 8.7406
8.0000 8.6867
8.0000 8.8019
8.0000 7.9769
8.0000 8.1758
8.0000 9.1494
8.0000 8.3792
8.0000 8.7475
8.0000 7.9646
8.0000 8.8802
8.0000 7.1172
8.0000 8.0736
8.0000 9.0618
8.0000 8.5210
8.0000 8.2226
8.0000 8.3231
8.0000 8.0463
8.0000 9.0751
8.0000 8.5806
8.0000 8.1491
8.0000 8.3144
8.0000 8.7652
8.0000 10.1499
8.0000 8.9194
8.0000 8.3351
8.0000 9.3995
8.0000 9.1426
8.0000 7.7052
8.0000 8.3939
8.0000 7.2411
8.0000 8.6294
8.0000 8.5480
8.0000 8.7650
8.0000 8.6800
8.0000 7.0455
8.0000 8.0239
8.0000 8.3929
8.0000 7.1732
8.0000 7.7672
8.0000 8.8207
8.0000 8.4118
8.0000 8.0530
8.0000 7.7697
8.0000 9.0712
8.0000 7.9668
8.0000 7.8042
8.0000 8.3888
8.0000 8.8081
8.0000 7.6646
8.0000 8.1606
8.0000 8.9725
8.0000 8.4664
8.0000 7.3572
8.0000 8.2199
8.0000 7.8735
8.0000 9.0744
8.0000 8.3529
8.0000 8.9202
8.0000 6.4756
8.0000 7.6848
8.0000 7.1464
8.0000 9.2844
8.0000 7.7947
8.0000 8.6167
8.0000 7.5530
8.0000 7.8744
8.0000 8.3356
8.0000 8.3744
8.0000 7.9007
8.0000 7.9654
8.0000 8.5050
8.0000 8.0637
8.0000 8.2119
8.0000 8.6276
8.0000 7.1064
8.0000 8.5338
8.0000 7.1751
8.0000 8.7424
8.0000 9.0036
8.0000 7.8234
8.0000 8.5529
8.0000 9.0511
8.0000 8.1736
8.0000 8.4124
8.0000 7.2997
8.0000 8.1819
8.0000 9.2198
8.0000 8.5626
8.0000 9.2976
8.0000 8.2490
8.0000 8.9186
8.0000 7.7895
8.0000 8.8614
8.0000 7.7041
8.0000 8.8919
8.0000 8.7369
8.0000 8.4726
8.0000 9.4417
8.0000 8.7794
8.0000 9.3824
8.0000 7.4319
8.0000 8.1651
8.0000 8.0045
8.0000 7.2206
8.0000 8.0182
8.0000 8.1952
8.0000 7.9300
8.0000 8.4082
8.0000 9.0190
8.0000 8.8165
8.0000 8.2071
8.0000 8.7387
8.0000 7.5259
8.0000 8.7442
8.0000 8.9512
8.0000 8.5354
8.0000 8.8882
8.0000 9.6489
8.0000 8.0861
8.0000 8.0935
8.0000 7.1155
8.0000 8.8851
8.0000 7.5354
8.0000 7.9757
8.0000 9.6360
8.0000 7.9723
8.0000 8.1628
8.0000 7.5753
8.0000 9.0694
8.0000 8.6131
8.0000 7.5479
8.0000 8.5257
8.0000 9.2006
8.0000 7.7312
8.0000 8.1546
8.0000 8.0947
8.0000 8.1674
8.0000 9.1653
8.0000 8.4183
8.0000 7.3989
8.0000 9.1344
8.0000 8.9279
8.0000 8.4193
8.0000 9.1557
8.0000 8.6508
8.0000 7.9135
8.0000 7.5039
8.0000 8.4046
8.0000 8.5118
8.0000 9.1103
8.0000 8.4519
8.0000 8.0455
8.0000 8.2357
8.0000 8.0475
8.0000 7.7150
8.0000 8.3194
8.0000 7.9226
8.0000 8.7429
8.0000 8.9726
8.0000 8.2970
8.0000 8.5320
8.0000 7.6271
8.0000 8.8367
8.0000 7.4676
8.0000 8.2096
8.0000 8.1416
8.0000 8.1130
8.0000 7.5861
8.0000 9.6168
8.0000 8.2399
8.0000 8.4873
8.0000 8.8030
8.0000 9.2610
8.0000 8.0273
8.0000 7.2580
8.0000 8.6927
8.0000 8.5164
8.0000 8.1836
8.0000 8.2029
8.0000 8.9980
8.0000 8.0443
8.0000 8.6369
8.0000 8.5912
8.0000 8.1609
8.0000 9.5552
8.0000 8.3585
8.0000 8.7115
8.0000 8.3473
8.0000 7.9744
8.0000 8.1003
8.0000 8.1878
8.0000 7.3042
8.0000 8.1970
8.0000 9.3941
8.0000 7.8963
8.0000 7.9997
8.0000 7.9813
8.0000 8.1631
8.0000 8.2556
8.0000 8.6923
8.0000 8.6927
8.0000 7.9914
8.0000 7.8933
8.0000 7.8570
8.0000 9.3030
8.0000 8.4123
8.0000 7.5713
8.0000 8.4130
8.0000 8.7552
8.0000 8.6215
8.0000 7.5382
8.0000 9.0451
8.0000 8.8123
8.0000 9.2243
8.0000 8.9206
8.0000 7.8097
8.0000 8.6814
8.0000 8.1457
8.0000 7.9800
8.0000 9.0884
8.0000 7.8208
8.0000 7.8455
8.0000 7.9882
8.0000 8.4329
8.0000 7.9074
8.0000 8.9460
8.0000 7.9278
8.0000 7.8803
8.0000 8.3387
8.0000 8.8908
8.0000 9.2852
8.0000 8.9542
8.0000 8.6132
8.0000 7.6913
8.0000 8.1434
8.0000 8.0430
8.0000 8.2693
8.0000 8.7643
8.0000 7.5087
8.0000 7.7414
8.0000 8.8261
8.0000 8.1379
8.0000 7.8048
8.0000 7.9207
8.0000 7.7863
8.0000 8.8503
8.0000 8.7270
8.0000 7.6258
8.0000 8.2080
8.0000 8.4127
8.0000 7.4025
8.0000 8.8309
8.0000 8.5835
8.0000 7.9801
8.0000 8.0449
8.0000 7.9070
8.0000 7.1406
8.0000 7.2020
8.0000 8.3538
8.0000 7.4521
8.0000 9.0641
8.0000 8.5228
8.0000 8.3831
8.0000 9.2139
8.0000 8.5752
8.0000 7.4758
8.0000 8.6625
8.0000 8.1027
8.0000 9.5506
8.0000 8.5940
8.0000 8.1234
8.0000 7.6864
8.0000 7.5285
8.0000 8.4083
8.0000 8.6539
8.0000 8.7556
8.0000 7.6424
8.0000 8.7709
8.0000 7.9406
8.0000 8.6803
8.0000 7.4155
8.0000 7.6278
8.0000 8.6502
8.0000 7.3072
8.0000 8.6449
8.0000 9.4192
8.0000 8.4461
8.0000 8.0311
8.0000 7.8247
8.0000 8.2544
8.0000 8.0746
8.0000 8.6211
8.0000 8.9737
8.0000 7.6209
8.0000 9.3067
8.0000 7.4959
8.0000 8.4607
8.0000 8.5712
8.0000 8.2623
8.0000 8.4152
8.0000 7.8714
8.0000 8.1605
8.0000 7.9937
8.0000 8.5341
8.0000 9.0331
8.0000 8.0649
8.0000 8.3528
8.0000 9.1145
8.0000 9.3224
8.0000 8.0933
8.0000 8.4023
8.0000 7.8773
8.0000 8.0886
8.0000 8.5112
8.0000 8.7383
8.0000 7.5137
8.0000 8.8721
8.0000 9.0392
8.0000 7.9872
8.0000 8.3900
8.0000 8.8632
8.0000 7.6698
8.0000 7.9421
8.0000 8.6775
8.0000 8.1784
8.0000 9.3402
8.0000 8.1825
8.0000 8.0660
8.0000 10.4319
8.0000 8.0213
8.0000 8.2149
8.0000 7.6705
8.0000 7.9844
8.0000 8.5256
8.0000 9.3319
8.0000 7.7343
8.0000 8.2618
8.0000 8.5651
8.0000 9.0319
8.0000 8.4309
8.0000 9.3548
8.0000 8.6744
8.0000 8.4849
8.0000 8.2999
8.0000 8.5744
8.0000 8.8235
8.0000 8.7327
8.0000 8.6600
8.0000 8.5529
8.0000 8.9563
8.0000 7.8576
8.0000 8.1203
8.0000 7.8604
8.0000 7.1740
8.0000 8.7336
8.0000 8.5372
8.0000 8.0246
8.0000 9.2231
8.0000 9.4660
8.0000 7.6101
8.0000 9.7512
8.0000 8.1822
8.0000 8.6525
8.0000 8.6243
8.0000 8.4725
8.0000 8.4830
8.0000 8.7819
8.0000 9.3730
8.0000 8.9440
8.0000 7.9861
8.0000 8.4199
8.0000 8.6368
8.0000 7.5998
8.0000 7.5133
8.0000 8.5327
8.0000 7.9236
8.0000 8.6029
8.0000 8.1995
8.0000 8.6467
8.0000 8.4155
8.0000 7.9705
8.0000 8.1268
8.0000 8.4867
8.0000 8.4785
8.0000 8.0970
8.0000 8.0222
8.0000 8.2558
8.0000 7.1572
8.0000 7.3878
8.0000 9.2135
8.0000 8.0654
8.0000 8.1895
8.0000 10.0388
8.0000 8.8757
8.0000 7.9582
8.0000 8.4649
8.0000 8.5606
8.0000 8.1768
8.0000 8.0170
8.0000 9.0336
8.0000 8.2302
8.0000 9.5633
8.0000 7.6291
8.0000 8.2157
8.0000 8.4623
8.0000 8.1777
8.0000 8.7839
8.0000 8.8035
8.0000 8.9230
8.0000 9.4122
8.0000 8.4543
8.0000 8.7373
8.0000 7.6818
8.0000 8.4491
8.0000 9.2647
8.0000 9.4976
8.0000 8.8674
8.0000 8.1789
8.0000 7.8618
8.0000 7.5584
8.0000 8.8879
8.0000 8.0310
8.0000 7.9682
8.0000 7.6591
8.0000 8.1516
8.0000 9.0901
8.0000 8.0491
8.0000 8.5846
8.0000 8.0385
8.0000 7.2895
8.0000 8.3631
8.0000 8.5855
8.0000 8.2545
8.0000 8.7871
8.0000 9.0092
8.0000 8.8026
8.0000 8.0159
8.0000 9.1711
8.0000 8.2315
8.0000 9.3130
8.0000 8.1904
8.0000 8.0893
8.0000 9.1584
8.0000 8.0516
8.0000 8.2794
8.0000 8.6759
8.0000 9.1346
8.0000 8.3717
8.0000 7.4763
8.0000 8.1822
8.0000 8.1859
8.0000 8.5527
8.0000 8.5461
8.0000 8.4978
8.0000 7.8378
8.0000 9.3510
8.0000 7.9678
8.0000 7.7345
8.0000 7.7726
8.0000 9.4166
8.0000 7.7759
8.0000 8.5745
8.0000 8.7190
8.0000 8.4656
8.0000 7.5610
8.0000 6.7161
8.0000 8.2904
8.0000 9.7593
8.0000 7.3585
8.0000 8.6271
8.0000 7.9961
8.0000 6.9795
8.0000 8.3863
8.0000 8.1825
8.0000 7.8432
8.0000 8.7081
8.0000 8.1129
8.0000 7.7941
8.0000 8.8000
8.0000 7.7673
8.0000 8.8081
8.0000 8.7691
8.0000 8.9946
8.0000 8.6993
8.0000 8.2202
8.0000 8.0066
8.0000 8.0844
8.0000 8.3880
8.0000 8.4387
8.0000 8.3781
8.0000 7.8104
8.0000 9.1402
8.0000 8.1601
8.0000 9.7451
8.0000 7.6605
8.0000 7.6139
8.0000 8.3969
8.0000 9.8720
8.0000 8.0829
8.0000 7.7967
8.0000 8.7009
8.0000 8.5709
8.0000 8.3438
8.0000 8.3132
8.0000 7.7341
8.0000 8.9500
8.0000 8.1472
8.0000 8.9118
8.0000 8.0389
8.0000 8.7228
8.0000 7.6935
8.0000 7.8947
8.0000 8.3337
8.0000 7.7776
8.0000 8.3132
8.0000 9.2261
8.0000 8.6625
8.0000 8.1237
8.0000 7.4599
8.0000 8.4617
8.0000 8.7083
8.0000 7.5868
8.0000 8.3669
8.0000 7.3221
8.0000 8.0496
8.0000 8.1160
8.0000 8.7109
8.0000 9.0204
8.0000 8.1716
8.0000 7.8353
8.0000 8.7423
8.0000 7.0433
8.0000 9.4484
8.0000 7.9894
8.0000 8.6770
8.0000 7.7158
8.0000 7.2772
8.0000 9.0228
8.0000 8.5192
8.0000 9.3307
8.0000 8.1669
8.0000 8.7703
8.0000 8.6723
8.0000 9.6521
8.0000 7.4404
8.0000 7.8248
8.0000 9.1488
8.0000 8.1629
8.0000 9.1580
8.0000 8.4227
8.0000 8.4090
8.0000 7.9309
8.0000 8.2439
8.0000 8.2657
8.0000 7.9774
8.0000 8.2335
8.0000 8.9317
8.0000 9.8937
8.0000 8.4966
8.0000 8.4004
8.0000 8.2340
8.0000 8.6533
8.0000 8.4728
8.0000 8.1669
8.0000 7.8851
8.0000 8.2341
8.0000 7.3005
8.0000 7.8009
8.0000 8.5208
8.0000 8.6411
8.0000 7.6825
8.0000 7.7735
8.0000 8.6752
8.0000 8.0196
8.0000 8.2306
8.0000 7.1956
8.0000 8.0355
8.0000 7.9898
8.0000 7.7158
8.0000 8.3838
8.0000 7.2251
8.0000 7.9330
8.0000 8.1233
8.0000 8.8489
8.0000 8.9328
8.0000 8.3166
8.0000 8.3064
8.0000 7.8626
8.0000 8.7759
8.0000 8.5291
8.0000 9.0130
8.0000 8.2743
8.0000 8.7481
8.0000 8.5821
8.0000 8.4534
8.0000 6.3751
8.0000 8.7310
8.0000 8.4495
8.0000 7.7908
8.0000 8.9245
8.0000 8.7843
8.0000 7.8479
8.0000 8.9381
8.0000 8.7476
8.0000 7.8538
8.0000 8.7909
8.0000 7.8878
8.0000 8.4459
8.0000 8.2541
8.0000 8.5378
8.0000 8.3160
8.0000 9.1788
8.0000 8.9691
8.0000 8.5350
8.0000 7.7646
8.0000 8.5640
8.0000 8.9586
8.0000 8.0650
8.0000 8.6397
8.0000 8.2387
8.0000 7.7660
8.0000 8.9033
8.0000 8.7257
8.0000 8.3919
8.0000 8.6602
8.0000 8.4769
8.0000 7.7529
8.0000 9.1171
8.0000 8.5720
8.0000 8.1262
8.0000 7.6839
8.0000 8.6756
8.0000 8.6162
8.0000 8.0767
8.0000 8.2240
8.0000 8.8336
8.0000 7.5347
8.0000 8.0078
8.0000 8.1903
8.0000 8.2096
8.0000 9.1924
8.0000 8.0838
8.0000 8.7488
8.0000 9.9331
8.0000 9.3047
8.0000 8.1755
8.0000 9.2572
8.0000 8.5356
8.0000 9.2410
8.0000 8.2416
8.0000 7.9048
8.0000 8.5376
8.0000 8.2884
8.0000 8.6510
8.0000 9.1461
8.0000 8.0321
8.0000 8.7137
8.0000 7.9812
8.0000 8.6084
8.0000 9.3915
8.0000 9.4550
8.0000 8.3998
8.0000 7.9545
8.0000 8.9549
8.0000 8.4167
8.0000 8.9716
8.0000 7.9259
8.0000 8.6551
8.0000 7.7848
8.0000 8.0339
8.0000 7.7095
8.0000 8.9569
8.0000 8.6911
8.0000 9.0428
8.0000 7.8695
8.0000 7.8207
8.0000 7.4811
8.0000 8.5758
8.0000 9.0358
8.0000 9.0341
8.0000 8.2830
8.0000 7.7967
8.0000 7.9860
8.0000 8.7968
8.0000 7.8841
8.0000 8.1745
8.0000 8.8488
8.0000 8.1137
8.0000 8.4506
8.0000 8.5791
8.0000 7.6058
8.0000 8.0723
8.0000 8.4466
8.0000 8.4317
8.0000 8.3876
8.0000 8.3946
8.0000 8.1310
8.0000 9.2980
8.0000 8.3398
8.0000 9.4503
8.0000 8.5415
8.0000 8.3994
8.0000 7.8277
8.0000 8.0301
8.0000 8.1698
8.0000 7.8748
8.0000 8.3244
8.0000 9.1381
8.0000 7.7671
8.0000 8.5147
8.0000 9.4031
8.0000 8.7594
8.0000 7.6227
8.0000 8.2183
8.0000 8.3235
8.0000 7.3764
8.0000 7.8268
8.0000 8.5722
8.0000 7.9248
8.0000 7.4015
8.0000 8.1507
8.0000 8.1318
8.0000 8.5171
8.0000 7.8578
8.0000 8.3802
8.0000 8.2316
8.0000 7.8220
8.0000 8.5634
8.0000 8.1738
8.0000 8.5392
8.0000 8.5589
8.0000 8.2404
8.0000 8.5690
8.0000 8.4105
8.0000 7.6314
8.0000 8.2527
8.0000 8.0475
8.0000 9.5023
8.0000 9.5943
8.0000 7.9046
8.0000 9.1228
8.0000 7.7663
8.0000 8.2650
8.0000 8.8033
8.0000 8.9912
8.0000 7.8060
8.0000 8.6687
8.0000 8.7771
8.0000 8.0779
8.0000 8.6552
8.0000 8.1480
8.0000 7.5230
8.0000 7.6981
8.0000 7.6382
8.0000 7.6646
8.0000 8.1499
8.0000 8.2419
8.0000 8.0502
8.0000 8.2030
8.0000 9.9083
8.0000 7.9356
8.0000 7.2943
8.0000 7.0148
8.0000 8.9345
8.0000 8.4917
8.0000 7.9431
8.0000 8.5912
8.0000 8.3110
8.0000 8.5328
8.0000 8.7784
8.0000 8.2762
8.0000 8.9208
8.0000 8.1846
8.0000 7.6183
8.0000 7.8112
8.0000 8.6757
8.0000 9.0667
8.0000 9.7942
8.0000 7.3754
8.0000 8.5302
8.0000 7.4373
8.0000 7.8141
8.0000 9.0226
8.0000 8.4063
8.0000 8.4054
8.0000 8.8799
8.0000 8.9286
8.0000 9.8003
8.0000 8.3339
8.0000 7.1320
8.0000 8.0032
8.0000 7.8348
8.0000 8.0749
8.0000 8.9574
8.0000 8.7825
8.0000 8.6763
8.0000 7.0151
8.0000 8.7804
8.0000 7.8457
8.0000 8.2133
8.0000 8.6777
8.0000 8.6705
8.0000 8.9245
8.0000 8.6729
8.0000 8.8981
8.0000 8.6903
8.0000 8.7247
8.0000 8.1927
8.0000 7.3415
8.0000 9.5591
8.0000 8.7054
8.0000 9.1432
8.0000 8.7189
8.0000 8.3960
8.0000 8.4945
8.0000 7.3013
8.0000 6.8941
8.0000 8.4825
8.0000 8.1885
8.0000 8.0984
8.0000 7.2107
8.0000 8.7679
8.0000 8.2263
8.0000 8.2601
8.0000 8.2036
8.0000 9.3545
8.0000 8.5290
8.0000 8.6833
8.0000 8.4928
8.0000 7.9284
8.0000 7.5535
8.0000 8.4455
8.0000 9.0897
8.0000 8.5222
8.0000 8.5624
8.0000 7.1542
8.0000 8.0507
8.0000 9.0081
8.0000 9.4978
8.0000 7.9234
8.0000 8.8144
8.0000 8.2745
8.0000 8.6207
8.0000 8.4740
8.0000 8.1954
8.0000 7.7964
8.0000 7.8887
8.0000 9.3765
8.0000 8.7832
8.0000 8.1502
8.0000 7.7885
8.0000 8.7888
8.0000 8.5633
8.0000 8.8812
8.0000 8.8764
8.0000 8.4399
8.0000 8.2084
8.0000 8.6283
8.0000 8.2192
8.0000 8.4838
8.0000 8.6810
8.0000 8.6297
8.0000 6.6232
8.0000 8.9938
8.0000 9.0645
8.0000 8.2725
8.0000 8.0979
8.0000 8.0582
8.0000 8.8564
8.0000 8.1008
8.0000 8.7309
8.0000 7.9240
8.0000 8.8926
8.0000 9.1974
8.0000 9.1746
8.0000 9.0217
8.0000 7.8957
8.0000 7.6175
8.0000 7.9504
8.0000 7.1266
8.0000 7.6783
8.0000 8.1540
8.0000 8.0275
8.0000 9.3327
8.0000 8.9803
8.0000 9.1082
8.0000 8.4354
8.0000 8.8706
8.0000 8.4589
8.0000 8.7248
8.0000 9.1877
8.0000 8.5587
8.0000 8.0597
8.0000 8.8390
8.0000 8.0791
8.0000 8.0822
8.0000 8.1572
8.0000 8.7363
8.0000 8.0037
8.0000 7.0818
8.0000 8.7520
8.0000 9.6701
8.0000 8.7525
8.0000 8.3034
8.0000 7.7875
8.0000 7.8991
8.0000 7.9898
8.0000 7.8507
8.0000 8.8136
8.0000 7.4195
8.0000 8.2240
8.0000 7.9608
8.0000 8.6254
8.0000 8.0100
8.0000 8.4889
8.0000 8.3628
8.0000 8.6046
8.0000 8.1044
8.0000 8.0710
8.0000 8.5048
8.0000 8.5207
8.0000 8.5820
8.0000 9.3008
8.0000 9.1406
8.0000 9.5144
8.0000 9.1626
8.0000 8.5223
8.0000 8.4664
8.0000 7.9337
8.0000 8.3631
8.0000 8.2721
8.0000 8.3785
8.0000 8.3146
8.0000 7.8683
8.0000 8.9412
8.0000 8.5159
8.0000 8.8629
8.0000 8.2839
8.0000 7.9167
8.0000 8.3554
8.0000 8.4799
8.0000 8.9786
8.0000 9.1889
8.0000 7.9958
8.0000 8.6433
8.0000 8.0961
8.0000 9.0741
8.0000 8.0410
8.0000 8.7010
8.0000 8.1207
8.0000 8.9478
8.0000 9.0912
8.0000 7.8453
8.0000 9.4851
8.0000 8.6922
8.0000 7.5707
8.0000 8.1899
8.0000 7.4408
8.0000 8.7806
8.0000 8.1050
8.0000 8.3688
8.0000 8.2786
8.0000 8.2222
8.0000 8.6406
8.0000 9.3679
8.0000 8.7271
8.0000 8.9650
8.0000 9.5688
8.0000 9.4268
8.0000 8.7873
8.0000 9.2011
8.0000 8.3026
8.0000 8.2790
8.0000 9.4694
8.0000 7.9626
8.0000 8.3919
8.0000 8.9313
8.0000 7.7718
8.0000 8.4263
8.0000 8.5472
8.0000 8.8168
8.0000 8.5805
8.0000 8.3751
8.0000 8.7001
8.0000 9.2581
8.0000 8.0408
8.0000 9.4448
8.0000 8.9434
8.0000 7.9934
8.0000 8.9437
8.0000 7.9988
8.0000 8.7159
8.0000 8.7410
8.0000 8.1901
8.0000 9.3772
8.0000 7.8959
8.0000 8.4163
8.0000 8.1559
8.0000 7.4434
8.0000 8.0258
8.0000 8.8233
8.0000 8.5087
8.0000 8.3375
8.0000 8.4310
8.0000 8.7773
8.0000 8.2247
8.0000 8.3507
8.0000 9.3178
8.0000 8.3387
8.0000 7.6715
8.0000 8.4538
8.0000 7.4164
8.0000 8.1798
8.0000 8.4511
8.0000 7.6894
8.0000 8.6703
8.0000 8.3718
8.0000 7.9038
8.0000 6.6946
8.0000 9.1245
8.0000 8.2228
8.0000 8.7456
8.0000 8.5732
8.0000 8.3312
8.0000 9.7236
8.0000 8.7045
8.0000 7.5746
8.0000 8.3432
8.0000 8.1635
8.0000 8.3129
8.0000 8.8432
8.0000 8.2509
8.0000 7.5489
8.0000 8.4383
8.0000 7.4707
8.0000 7.3654
8.0000 9.0902
8.0000 7.1102
8.0000 7.9739
8.0000 8.9604
8.0000 8.6001
8.0000 8.4479
8.0000 8.8820
8.0000 7.1759
8.0000 7.5833
8.0000 8.5356
8.0000 9.1133
8.0000 9.8605
8.0000 7.7824
8.0000 8.1231
8.0000 7.9967
8.0000 7.8605
8.0000 7.9376
8.0000 8.8632
8.0000 8.6261
8.0000 8.8895
8.0000 8.6311
8.0000 8.4724
8.0000 8.0276
8.0000 8.9574
8.0000 9.2594
8.0000 8.3656
8.0000 7.4998
8.0000 7.3112
8.0000 9.3781
8.0000 8.7587
8.0000 8.0792
8.0000 8.2887
8.0000 7.5414
8.0000 8.2332
8.0000 8.3430
8.0000 9.4950
8.0000 7.6689
8.0000 8.0472
8.0000 9.0585
8.0000 8.5511
8.0000 8.0420
8.0000 8.1252
8.0000 8.3030
8.0000 8.0800
8.0000 7.7091
8.0000 8.7213
8.0000 9.0111
8.0000 8.2054
8.0000 8.4501
8.0000 8.7059
8.0000 8.3321
8.0000 7.6862
8.0000 7.4035
8.0000 8.2440
8.0000 8.3454
8.0000 8.0732
8.0000 9.6634
8.0000 8.5911
8.0000 8.6530
8.0000 7.8085
8.0000 8.5317
8.0000 8.6495
8.0000 8.4619
8.0000 9.4582
8.0000 8.4195
8.0000 9.6107
8.0000 7.6452
8.0000 9.2683
8.0000 8.3207
8.0000 7.9678
8.0000 8.3857
8.0000 7.8302
8.0000 8.5902
8.0000 8.5721
8.0000 8.7054
8.0000 9.2007
8.0000 7.9925
8.0000 8.2879
8.0000 7.7407
8.0000 8.6953
8.0000 8.7411
8.0000 8.6047
8.0000 8.1274
8.0000 8.3752
8.0000 8.7245
8.0000 8.5921
8.0000 8.3949
8.0000 9.0735
8.0000 9.0263
8.0000 8.7794
8.0000 8.8256
8.0000 9.0090
8.0000 8.3510
8.0000 8.2580
8.0000 8.1264
8.0000 8.1531
8.0000 8.9725
8.0000 8.9300
8.0000 7.5990
8.0000 7.9141
8.0000 8.6353
8.0000 8.5950
8.0000 8.3061
8.0000 7.9055
8.0000 7.8565
8.0000 8.2729
8.0000 7.7015
8.0000 8.9155
8.0000 8.4930
8.0000 6.7921
8.0000 8.2329
8.0000 8.0609
8.0000 8.4375
8.0000 8.0369
8.0000 8.0507
8.0000 8.9619
8.0000 8.5912
8.0000 7.8280
8.0000 8.3109
8.0000 7.9169
8.0000 8.4473
8.0000 8.6434
8.0000 8.7441
8.0000 8.4246
8.0000 8.5105
8.0000 8.1541
8.0000 8.8420
8.0000 7.9806
8.0000 8.7181
8.0000 9.0638
8.0000 8.4150
8.0000 8.3782
8.0000 8.2623
8.0000 8.9790
8.0000 8.1624
8.0000 8.6859
8.0000 8.1457
8.0000 9.4885
8.0000 8.8240
8.0000 8.7176
8.0000 8.0866
8.0000 8.8850
8.0000 6.8434
8.0000 7.6399
8.0000 8.0215
8.0000 8.4679
8.0000 8.9067
8.0000 9.1782
8.0000 7.7462
8.0000 9.0805
8.0000 7.7210
8.0000 7.9389
8.0000 8.2209
8.0000 7.7545
8.0000 8.5011
8.0000 8.1743
8.0000 9.2784
8.0000 8.3596
8.0000 8.4797
8.0000 8.5731
8.0000 8.5044
8.0000 8.1112
8.0000 7.7276
8.0000 8.2905
8.0000 8.2145
8.0000 8.3449
8.0000 8.1514
8.0000 8.4757
8.0000 8.0046
8.0000 8.6350
8.0000 8.6300
8.0000 8.2023
8.0000 8.6392
8.0000 8.5202
8.0000 7.6813
8.0000 8.1487
8.0000 8.4720
8.0000 8.9078
8.0000 8.8053
8.0000 9.0869
8.0000 8.7850
8.0000 8.3809
8.0000 8.5925
8.0000 8.7664
8.0000 7.9622
8.0000 8.5163
8.0000 8.1727
8.0000 8.0837
8.0000 8.9563
8.0000 7.7635
8.0000 7.5133
8.0000 8.6648
8.0000 8.2836
8.0000 8.8351
8.0000 8.3582
8.0000 7.7772
8.0000 8.9558
8.0000 7.1047
8.0000 8.6907
8.0000 8.4034
8.0000 7.8843
8.0000 7.6623
8.0000 8.0818
8.0000 9.0892
8.0000 8.7926
8.0000 9.0418
8.0000 8.2427
8.0000 7.8121
8.0000 9.3596
8.0000 7.9781
8.0000 8.1161
8.0000 8.3027
8.0000 8.2796
8.0000 7.5971
8.0000 6.9972
8.0000 9.4603
8.0000 9.1571
8.0000 7.6190
8.0000 8.8310
8.0000 8.9153
8.0000 8.3025
8.0000 8.6761
8.0000 8.4885
8.0000 8.5625
8.0000 7.7621
8.0000 7.7464
8.0000 7.9456
8.0000 8.2709
8.0000 8.7174
8.0000 8.5554
8.0000 7.9531
8.0000 8.0195
8.0000 8.4231
8.0000 7.7715
8.0000 8.5058
8.0000 9.4930
8.0000 8.6784
8.0000 7.9904
8.0000 7.7516
8.0000 8.4549
8.0000 8.8035
8.0000 7.8134
8.0000 7.9217
8.0000 7.6728
8.0000 9.0757
8.0000 8.9338
8.0000 8.5859
8.0000 9.0451
8.0000 8.3284
8.0000 7.6875
8.0000 8.2451
8.0000 8.2540
8.0000 8.5090
8.0000 7.9592
8.0000 7.0843
8.0000 8.3314
8.0000 8.4453
8.0000 8.2512
8.0000 8.7174
8.0000 7.8897
8.0000 8.3691
8.0000 8.2977
8.0000 8.0091
8.0000 8.3448
8.0000 9.0013
8.0000 7.6140
8.0000 9.6262
8.0000 7.9022
8.0000 8.8232
8.0000 8.7938
8.0000 8.0845
8.0000 8.6577
8.0000 8.6934
8.0000 8.6657
8.0000 8.3604
8.0000 7.5655
8.0000 9.0257
8.0000 7.8178
8.0000 8.3406
8.0000 7.8412
8.0000 8.5618
8.0000 9.0900
8.0000 8.7447
8.0000 8.3892
8.0000 8.0161
8.0000 9.0223
8.0000 7.9980
8.0000 8.3271
8.0000 7.7306
8.0000 8.3182
8.0000 8.5942
8.0000 8.2959
8.0000 8.5605
8.0000 8.2173
8.0000 8.2161
8.0000 8.4781
8.0000 9.4174
8.0000 7.7891
8.0000 8.7604
8.0000 8.5834
8.0000 9.1679
8.0000 7.4244
8.0000 8.5787
8.0000 8.3403
8.0000 8.7373
8.0000 8.0369
8.0000 8.7468
8.0000 7.2988
8.0000 8.9794
8.0000 8.1918
8.0000 8.3235
8.0000 7.1777
8.0000 7.5836
8.0000 8.5596
8.0000 7.9665
8.0000 7.7898
8.0000 8.6508
8.0000 8.1442
8.0000 8.3315
8.0000 8.0498
8.0000 8.4661
8.0000 8.1020
8.0000 7.6743
8.0000 9.0942
8.0000 7.8800
8.0000 8.7105
8.0000 8.1257
8.0000 8.4695
8.0000 8.7424
8.0000 7.9789
8.0000 7.2182
8.0000 8.8173
8.0000 7.8399
8.0000 8.2971
8.0000 7.8721
8.0000 7.8767
8.0000 7.8978
8.0000 7.9590
8.0000 8.3479
8.0000 7.2065
8.0000 8.5964
8.0000 7.3411
8.0000 9.3229
8.0000 9.0550
8.0000 7.9486
8.0000 8.1196
8.0000 9.0274
8.0000 9.2835
8.0000 8.5306
8.0000 8.4610
8.0000 8.9145
8.0000 8.5575
8.0000 8.4960
8.0000 8.4239
8.0000 8.2760
8.0000 8.2257
8.0000 7.5666
8.0000 8.2273
8.0000 7.1205
8.0000 8.1995
8.0000 7.8235
8.0000 8.8107
8.0000 8.7148
8.0000 8.2639
8.0000 8.6328
8.0000 8.3426
8.0000 9.0616
8.0000 8.1884
8.0000 7.7299
8.0000 8.5653
8.0000 8.4945
8.0000 9.0278
8.0000 7.7102
8.0000 8.2649
8.0000 8.6920
8.0000 9.3205
8.0000 8.9660
8.0000 7.5077
8.0000 8.7363
8.0000 7.8476
8.0000 7.5281
8.0000 6.7846
8.0000 8.0176
8.0000 8.4538
8.0000 8.4635
8.0000 7.3404
8.0000 8.7809
8.0000 8.7638
8.0000 8.8168
8.0000 8.8424
8.0000 8.4843
8.0000 8.2704
8.0000 8.4268
8.0000 7.9920
8.0000 8.2946
8.0000 8.3368
8.0000 8.8593
8.0000 8.4293
8.0000 8.9228
8.0000 8.5860
8.0000 7.9866
8.0000 9.3234
8.0000 8.6453
8.0000 8.8359
8.0000 9.8065
8.0000 6.9464
8.0000 7.7288
8.0000 8.5221
8.0000 8.4448
8.0000 7.4973
8.0000 7.3636
8.0000 7.6728
8.0000 7.4766
8.0000 6.7797
8.0000 8.9817
8.0000 8.8145
8.0000 8.8606
8.0000 8.1283
8.0000 8.1552
8.0000 8.6402
8.0000 9.4161
8.0000 9.1410
8.0000 8.5733
8.0000 8.4657
8.0000 7.4010
8.0000 7.8081
8.0000 8.9616
8.0000 8.3761
8.0000 9.0061
8.0000 7.4869
8.0000 8.6197
8.0000 8.4995
8.0000 7.5539
8.0000 7.9342
8.0000 7.8966
8.0000 7.4762
8.0000 9.4186
8.0000 8.0402
8.0000 8.1681
8.0000 8.8526
8.0000 9.5787
8.0000 8.3533
8.0000 9.1487
8.0000 8.3111
8.0000 8.1949
8.0000 9.6102
8.0000 9.0287
8.0000 7.7740
8.0000 9.0687
8.0000 8.0815
8.0000 8.6532
8.0000 8.4034
8.0000 8.1581
8.0000 8.6559
8.0000 8.7173
8.0000 9.4543
8.0000 8.4888
8.0000 8.7076
8.0000 8.0215
8.0000 7.8980
8.0000 9.4234
8.0000 8.6398
8.0000 7.9388
8.0000 7.5987
8.0000 7.7006
8.0000 7.5073
8.0000 7.9764
8.0000 8.2987
8.0000 8.1002
8.0000 8.9908
8.0000 7.3168
8.0000 8.2952
8.0000 8.2221
8.0000 8.0609
8.0000 7.3055
8.0000 7.8110
8.0000 7.8043
8.0000 9.4381
8.0000 8.3662
8.0000 8.0356
8.0000 8.2723
8.0000 8.2627
8.0000 7.2889
8.0000 8.8528
8.0000 8.4917
8.0000 7.5761
8.0000 8.3486
8.0000 8.4971
8.0000 9.4362
8.0000 8.6022
8.0000 8.7440
8.0000 7.6418
8.0000 7.5724
8.0000 7.9878
8.0000 7.7243
8.0000 7.8779
8.0000 8.0937
8.0000 9.4618
8.0000 7.4247
8.0000 7.5403
8.0000 7.6576
8.0000 8.3537
8.0000 8.4442
8.0000 7.7104
8.0000 9.1821
8.0000 8.0205
8.0000 8.8100
8.0000 8.3225
8.0000 8.7241
8.0000 8.9710
8.0000 8.6500
8.0000 9.2019
8.0000 9.2655
8.0000 7.8477
8.0000 9.0594
8.0000 8.6941
8.0000 7.9662
8.0000 8.9735
8.0000 8.8978
8.0000 8.6929
8.0000 8.4123
8.0000 7.9560
8.0000 7.8522
8.0000 8.0071
8.0000 8.5740
8.0000 8.5435
8.0000 8.4184
8.0000 7.5455
8.0000 7.6943
8.0000 7.9091
8.0000 7.7577
8.0000 8.0650
8.0000 7.2845
8.0000 8.9708
8.0000 9.2606
8.0000 8.0571
8.0000 9.2115
8.0000 8.6913
8.0000 8.6182
8.0000 7.9589
8.0000 9.4621
8.0000 8.3178
8.0000 7.7390
8.0000 8.6441
8.0000 8.4693
8.0000 8.8163
8.0000 8.6542
8.0000 8.2787
8.0000 8.0776
8.0000 8.4851
8.0000 7.1763
8.0000 8.5138
8.0000 8.6090
8.0000 9.7848
8.0000 8.1955
8.0000 8.9261
8.0000 8.1351
8.0000 7.9840
8.0000 7.5353
8.0000 8.6013
8.0000 8.6641
8.0000 8.8684
8.0000 8.6050
8.0000 7.9951
8.0000 7.9360
8.0000 8.0796
8.0000 9.2381
8.0000 7.7544
8.0000 8.3931
8.0000 9.3412
8.0000 8.8554
8.0000 9.0065
8.0000 8.2444
8.0000 8.8885
8.0000 8.3015
8.0000 8.6636
8.0000 8.3237
8.0000 9.0938
8.0000 8.1921
8.0000 8.8475
8.0000 8.4170
8.0000 8.5618
8.0000 8.4104
8.0000 8.0897
8.0000 7.9631
8.0000 8.5207
8.0000 7.5255
8.0000 8.8853
8.0000 8.5393
8.0000 7.9945
8.0000 9.0063
8.0000 8.2926
8.0000 9.4237
8.0000 9.2620
8.0000 8.5210
8.0000 8.5873
8.0000 8.1432
8.0000 8.3263
8.0000 8.5078
8.0000 8.5924
8.0000 7.4811
8.0000 8.2292
8.0000 8.2944
8.0000 7.5968
8.0000 7.9697
8.0000 8.3173
8.0000 8.2235
8.0000 8.2928
8.0000 9.2061
8.0000 8.6047
8.0000 9.2089
8.0000 8.1969
8.0000 8.2302
8.0000 8.0458
8.0000 7.6080
8.0000 8.5993
8.0000 7.8878
8.0000 8.3438
8.0000 8.2555
8.0000 8.1735
8.0000 8.6540
8.0000 8.0328
