0.0000 1.4956
0.0000 1.3528
0.0000 1.4343
0.0000 1.3589
0.0000 1.3024
0.0000 0.7590
0.0000 1.0421
0.0000 1.0302
0.0000 0.5738
0.0000 0.9667
0.0000 0.5219
0.0000 0.8593
0.0000 1.4967
0.0000 0.9153
0.0000 1.4264
0.0000 0.0034
0.0000 1.1824
0.0000 1.5379
0.0000 0.8187
0.0000 1.2937
0.0000 1.5051
0.0000 0.5598
0.0000 1.0177
0.0000 0.8498
0.0000 1.5583
0.0000 0.7817
0.0000 0.1605
0.0000 0.6163
0.0000 1.4111
0.0000 1.5188
0.0000 0.1598
0.0000 1.2637
0.0000 1.0114
0.0000 0.6310
0.0000 0.5345
0.0000 0.5724
0.0000 0.7572
0.0000 1.4554
0.0000 0.8809
0.0000 0.5553
0.0000 0.6945
0.0000 1.4865
0.0000 0.6175
0.0000 0.9953
0.0000 1.6461
0.0000 0.3664
0.0000 0.4945
0.0000 0.2466
0.0000 0.9639
0.0000 1.3835
0.0000 0.6765
0.0000 1.5485
0.0000 1.8204
0.0000 1.1214
0.0000 1.2412
0.0000 -0.3022
0.0000 0.5361
0.0000 1.2071
0.0000 1.0221
0.0000 0.3753
0.0000 0.8831
0.0000 0.2771
0.0000 0.6499
0.0000 1.4055
0.0000 1.5140
0.0000 0.7718
0.0000 0.3478
0.0000 1.1822
0.0000 0.8017
0.0000 -0.1688
0.0000 1.2391
0.0000 1.2134
0.0000 1.7680
0.0000 1.0752
0.0000 1.0360
0.0000 1.3468
0.0000 0.6766
0.0000 0.6285
0.0000 0.4701
0.0000 0.3593
0.0000 1.5925
0.0000 1.1579
0.0000 0.5381
0.0000 1.1544
0.0000 1.1628
0.0000 0.9365
0.0000 -0.1127
0.0000 0.8767
0.0000 1.3973
0.0000 1.0533
0.0000 1.0746
0.0000 0.8317
0.0000 1.3062
0.0000 1.5473
0.0000 1.5660
0.0000 0.8613
0.0000 1.5521
0.0000 0.6757
0.0000 1.2669
0.0000 1.0716
0.0000 1.2389
0.0000 0.7814
0.0000 1.3273
0.0000 1.0414
0.0000 1.1832
0.0000 0.8601
0.0000 1.1409
0.0000 0.7490
0.0000 1.5662
0.0000 0.6976
0.0000 0.9628
0.0000 1.2932
0.0000 0.4745
0.0000 -0.6294
0.0000 1.0758
0.0000 0.6507
0.0000 1.2758
0.0000 0.8924
0.0000 0.8913
0.0000 1.1361
0.0000 0.6002
0.0000 2.0292
0.0000 0.7435
0.0000 0.4578
0.0000 1.8714
0.0000 0.5704
0.0000 1.1623
0.0000 1.8154
0.0000 0.5741
0.0000 0.6644
0.0000 1.8910
0.0000 0.6947
0.0000 0.2062
0.0000 1.0632
0.0000 0.3106
0.0000 0.3595
0.0000 1.2508
0.0000 1.1710
0.0000 0.0888
0.0000 0.0608
0.0000 0.7832
0.0000 -0.1731
0.0000 0.5469
0.0000 1.0585
0.0000 0.5660
0.0000 0.9289
0.0000 1.9140
0.0000 0.7756
0.0000 0.3618
0.0000 0.7497
0.0000 0.4821
0.0000 1.7409
0.0000 0.7070
0.0000 0.0989
0.0000 0.9947
0.0000 0.1824
0.0000 -0.0179
0.0000 0.9961
0.0000 -0.0778
0.0000 0.5057
0.0000 1.0480
0.0000 1.3121
0.0000 1.3071
0.0000 0.6022
0.0000 0.6361
0.0000 0.5961
0.0000 0.8902
0.0000 1.2102
0.0000 1.2286
0.0000 0.3376
0.0000 0.6473
0.0000 0.7000
0.0000 0.7833
0.0000 0.7273
0.0000 0.4623
0.0000 0.9511
0.0000 1.1226
0.0000 1.2733
0.0000 0.5245
0.0000 0.5346
0.0000 0.3514
0.0000 -0.3041
0.0000 0.1998
0.0000 0.7459
0.0000 1.1239
0.0000 1.1948
0.0000 0.8806
0.0000 0.2757
0.0000 2.0412
0.0000 0.9070
0.0000 1.0880
0.0000 -0.0632
0.0000 0.4153
0.0000 1.2111
0.0000 1.3751
0.0000 0.4357
0.0000 1.0476
0.0000 1.3060
0.0000 0.7583
0.0000 2.1895
0.0000 0.3673
0.0000 1.1709
0.0000 1.4984
0.0000 0.6233
0.0000 0.7561
0.0000 1.1283
0.0000 0.5915
0.0000 1.2824
0.0000 0.9294
0.0000 0.5351
0.0000 0.7829
0.0000 1.2861
0.0000 0.6436
0.0000 0.6379
0.0000 0.5049
0.0000 -0.4240
0.0000 0.3929
0.0000 1.0955
0.0000 0.1163
0.0000 1.3716
0.0000 0.6033
0.0000 -0.4580
0.0000 1.7878
0.0000 0.8928
0.0000 1.1927
0.0000 1.6119
0.0000 0.5717
0.0000 0.8969
0.0000 0.9986
0.0000 1.3031
0.0000 1.0460
0.0000 1.5912
0.0000 0.6769
0.0000 0.9817
0.0000 0.1451
0.0000 0.4717
0.0000 0.3153
0.0000 0.0567
0.0000 0.4479
0.0000 0.3603
0.0000 0.6813
0.0000 1.3424
0.0000 0.9848
0.0000 1.7560
0.0000 1.1092
0.0000 1.2249
0.0000 1.2138
0.0000 0.7652
0.0000 0.3505
0.0000 0.4610
0.0000 0.6924
0.0000 1.6398
0.0000 1.2716
0.0000 0.5284
0.0000 1.0434
0.0000 0.7494
0.0000 2.0147
0.0000 0.1086
0.0000 0.3879
0.0000 1.7087
0.0000 0.9767
0.0000 0.7787
0.0000 0.6405
0.0000 1.1311
0.0000 0.0422
0.0000 0.6908
0.0000 2.0261
0.0000 1.5549
0.0000 1.4941
0.0000 0.5937
0.0000 1.3863
0.0000 1.1802
0.0000 1.1827
0.0000 1.5480
0.0000 0.8219
0.0000 0.3048
0.0000 0.2621
0.0000 0.3929
0.0000 1.8835
0.0000 0.5609
0.0000 1.4877
0.0000 0.4049
0.0000 1.1864
0.0000 1.4060
0.0000 1.3056
0.0000 0.6590
0.0000 0.0319
0.0000 1.2237
0.0000 2.2153
0.0000 1.1541
0.0000 0.7599
0.0000 0.9287
0.0000 0.9237
0.0000 0.9859
0.0000 -0.0092
0.0000 0.7907
0.0000 0.7401
0.0000 0.7890
0.0000 0.9629
0.0000 -0.1224
0.0000 0.6375
0.0000 1.6926
0.0000 0.6059
0.0000 0.2957
0.0000 1.1901
0.0000 0.3439
0.0000 0.8161
0.0000 1.2105
0.0000 0.0499
0.0000 0.1152
0.0000 0.1722
0.0000 0.6272
0.0000 0.4068
0.0000 0.1686
0.0000 0.8699
0.0000 0.9058
0.0000 0.5910
0.0000 1.6842
0.0000 0.8349
0.0000 0.0556
0.0000 0.4843
0.0000 0.6857
0.0000 0.9101
0.0000 1.3350
0.0000 1.5475
0.0000 0.9277
0.0000 1.5987
0.0000 1.3852
0.0000 0.3052
0.0000 1.4275
0.0000 1.3409
0.0000 1.0534
0.0000 1.2347
0.0000 0.9740
0.0000 0.2267
0.0000 0.7194
0.0000 1.5114
0.0000 1.3361
0.0000 1.5514
0.0000 0.1775
0.0000 1.2990
0.0000 0.3978
0.0000 1.7586
0.0000 1.5721
0.0000 0.4089
0.0000 0.8766
0.0000 1.6425
0.0000 -0.8590
0.0000 1.5061
0.0000 1.4883
0.0000 0.7244
0.0000 1.6434
0.0000 0.9432
0.0000 1.0552
0.0000 0.5003
0.0000 1.2430
0.0000 0.9327
0.0000 1.0905
0.0000 0.9338
0.0000 0.4391
0.0000 1.0975
0.0000 0.6553
0.0000 1.6882
0.0000 0.7488
0.0000 -0.1776
0.0000 -0.2255
0.0000 1.2124
0.0000 0.9263
0.0000 0.5073
0.0000 0.5050
0.0000 0.9047
0.0000 0.5663
0.0000 0.5580
0.0000 0.7272
0.0000 0.1854
0.0000 -0.0440
0.0000 0.5997
0.0000 0.5712
0.0000 1.2865
0.0000 0.8614
0.0000 1.1175
0.0000 1.7993
0.0000 1.3471
0.0000 -0.2418
0.0000 0.1471
0.0000 1.0648
0.0000 1.3444
0.0000 0.6568
0.0000 -0.1832
0.0000 0.8498
0.0000 1.3559
0.0000 0.6554
0.0000 0.7481
0.0000 0.8813
0.0000 -0.3977
0.0000 1.1693
0.0000 0.6655
0.0000 1.4774
0.0000 0.5012
0.0000 1.2930
0.0000 0.9128
0.0000 1.5459
0.0000 0.3231
0.0000 -0.0723
0.0000 0.1392
0.0000 0.9787
0.0000 1.6646
0.0000 0.3535
0.0000 0.0953
0.0000 1.5086
0.0000 0.3211
0.0000 1.5011
0.0000 0.5880
0.0000 0.3279
0.0000 -0.1747
0.0000 1.4347
0.0000 0.7456
0.0000 -0.1725
0.0000 0.9141
0.0000 -0.7092
0.0000 0.6513
0.0000 0.3190
0.0000 0.1647
0.0000 1.6974
0.0000 0.7429
0.0000 0.7669
0.0000 0.0414
0.0000 0.0345
0.0000 1.6156
0.0000 1.0913
0.0000 0.6020
0.0000 0.8692
0.0000 0.7343
0.0000 1.0401
0.0000 0.6159
0.0000 0.9232
0.0000 0.5645
0.0000 1.3919
0.0000 0.3793
0.0000 0.6518
0.0000 1.7363
0.0000 1.7023
0.0000 0.1254
0.0000 0.5695
0.0000 0.6835
0.0000 0.8197
0.0000 0.7062
0.0000 -0.2185
0.0000 0.4819
0.0000 0.7719
0.0000 0.4372
0.0000 0.1035
0.0000 0.6547
0.0000 0.9978
0.0000 0.3184
0.0000 1.2203
0.0000 0.3993
0.0000 1.3223
0.0000 0.8403
0.0000 1.5618
0.0000 0.4763
0.0000 0.5059
0.0000 -0.1279
0.0000 0.9630
0.0000 0.9938
0.0000 0.4127
0.0000 0.6351
0.0000 0.5000
0.0000 0.4000
0.0000 0.7868
0.0000 0.7410
0.0000 0.4091
0.0000 0.5541
0.0000 1.3183
0.0000 1.2874
0.0000 1.2219
0.0000 1.1176
0.0000 1.3359
0.0000 0.5243
0.0000 1.1558
0.0000 0.6701
0.0000 -0.4524
0.0000 0.6477
0.0000 0.4805
0.0000 0.4262
0.0000 0.4269
0.0000 1.0677
0.0000 1.4045
0.0000 1.1927
0.0000 1.9834
0.0000 0.6301
0.0000 -0.7630
0.0000 1.4922
0.0000 1.1795
0.0000 0.8370
0.0000 0.3249
0.0000 1.1425
0.0000 0.4078
0.0000 1.3635
0.0000 0.7680
0.0000 0.2857
0.0000 0.9554
0.0000 0.8235
0.0000 0.0852
0.0000 1.2492
0.0000 -0.4833
0.0000 0.9209
0.0000 1.4865
0.0000 0.5084
0.0000 1.1469
0.0000 1.2297
0.0000 0.4345
0.0000 0.8992
0.0000 0.6614
0.0000 1.6285
0.0000 0.6815
0.0000 1.5181
0.0000 0.8910
0.0000 1.6096
0.0000 0.9837
0.0000 0.5829
0.0000 1.3634
0.0000 0.5908
0.0000 0.9135
0.0000 1.2662
0.0000 0.9887
0.0000 0.0084
0.0000 0.9464
0.0000 0.8570
0.0000 0.7661
0.0000 1.1815
0.0000 0.7520
0.0000 0.8303
0.0000 0.7450
0.0000 0.6360
0.0000 0.5351
0.0000 0.2831
0.0000 1.8520
0.0000 0.9548
0.0000 0.9573
0.0000 0.4055
0.0000 1.0685
0.0000 0.7173
0.0000 0.2281
0.0000 1.3755
0.0000 0.7949
0.0000 1.1223
0.0000 0.0752
0.0000 1.4598
0.0000 1.4471
0.0000 1.9177
0.0000 1.0442
0.0000 0.9307
0.0000 0.4359
0.0000 0.6544
0.0000 -0.0788
0.0000 0.7688
0.0000 0.0762
0.0000 0.8512
0.0000 1.5494
0.0000 0.9244
0.0000 1.1398
0.0000 1.6287
0.0000 1.2511
0.0000 1.0869
0.0000 0.7846
0.0000 2.1209
0.0000 1.0932
0.0000 0.1538
0.0000 -0.1131
0.0000 0.0747
0.0000 0.9065
0.0000 0.7830
0.0000 0.9745
0.0000 2.2429
0.0000 -0.4978
0.0000 -0.1474
0.0000 0.0522
0.0000 0.5236
0.0000 -0.4298
0.0000 0.8919
0.0000 1.3163
0.0000 0.9938
0.0000 1.0789
0.0000 -0.1721
0.0000 0.7813
0.0000 0.8359
0.0000 0.7297
0.0000 0.0279
0.0000 1.4287
0.0000 0.8501
0.0000 0.7137
0.0000 1.3796
0.0000 2.6765
0.0000 0.9122
0.0000 0.4590
0.0000 1.3985
0.0000 1.3490
0.0000 0.9023
0.0000 0.8806
0.0000 1.5214
0.0000 0.8919
0.0000 0.4680
0.0000 0.9936
0.0000 0.4497
0.0000 1.0148
0.0000 1.1402
0.0000 0.8171
0.0000 0.3425
0.0000 0.5050
0.0000 1.1628
0.0000 0.3926
0.0000 0.6550
0.0000 1.1183
0.0000 1.3671
0.0000 1.0016
0.0000 0.7665
0.0000 1.2145
0.0000 1.1962
0.0000 0.2786
0.0000 1.0441
0.0000 -0.1029
0.0000 1.1224
0.0000 1.8399
0.0000 0.4084
0.0000 0.3804
0.0000 1.0436
0.0000 0.6157
0.0000 0.9628
0.0000 1.1504
0.0000 0.4915
0.0000 1.8261
0.0000 0.3002
0.0000 0.2325
0.0000 0.5340
0.0000 1.1185
0.0000 0.5137
0.0000 0.4505
0.0000 0.4677
0.0000 1.7026
0.0000 1.3018
0.0000 0.4527
0.0000 1.6007
0.0000 0.5052
0.0000 0.8476
0.0000 0.7130
0.0000 0.3477
0.0000 1.2403
0.0000 1.1798
0.0000 0.5150
0.0000 0.8418
0.0000 1.1492
0.0000 0.8237
0.0000 1.2032
0.0000 0.9071
0.0000 0.3228
0.0000 -0.1758
0.0000 0.4687
0.0000 1.3279
0.0000 1.8916
0.0000 0.8583
0.0000 0.5157
0.0000 1.4356
0.0000 1.4907
0.0000 -0.1685
0.0000 0.7564
0.0000 0.9739
0.0000 0.8578
0.0000 1.1226
0.0000 1.1637
0.0000 1.0431
0.0000 1.7534
0.0000 0.7163
0.0000 0.3114
0.0000 1.2865
0.0000 1.1237
0.0000 1.4898
0.0000 0.0100
0.0000 0.1370
0.0000 0.3091
0.0000 0.1872
0.0000 1.7527
0.0000 0.2230
0.0000 0.4631
0.0000 0.9131
0.0000 1.2080
0.0000 1.5817
0.0000 1.0430
0.0000 1.2833
0.0000 0.6996
0.0000 0.6898
0.0000 0.9620
0.0000 0.7474
0.0000 1.5045
0.0000 0.0176
0.0000 0.4566
0.0000 0.9472
0.0000 1.2260
0.0000 1.0091
0.0000 1.1241
0.0000 0.2778
0.0000 1.2155
0.0000 1.1738
0.0000 1.0818
0.0000 1.1715
0.0000 0.2613
0.0000 -0.2026
0.0000 1.1642
0.0000 0.6456
0.0000 0.4730
0.0000 1.0982
0.0000 0.6573
0.0000 0.6982
0.0000 0.8669
0.0000 1.1749
0.0000 1.0813
0.0000 0.5147
0.0000 1.0189
0.0000 0.7770
0.0000 0.6440
0.0000 0.4280
0.0000 1.1120
0.0000 1.0845
0.0000 0.1558
0.0000 0.6451
0.0000 0.2576
0.0000 0.3438
0.0000 0.3813
0.0000 0.9879
0.0000 1.0222
0.0000 0.9187
0.0000 0.9702
0.0000 0.8410
0.0000 1.8530
0.0000 1.6060
0.0000 0.6010
0.0000 0.7365
0.0000 0.2807
0.0000 1.1034
0.0000 0.4913
0.0000 0.1538
0.0000 0.4684
0.0000 0.5765
0.0000 1.2408
0.0000 0.3065
0.0000 1.5679
0.0000 0.9313
0.0000 1.4594
0.0000 0.7570
0.0000 0.7917
0.0000 0.8330
0.0000 1.6963
0.0000 1.6986
0.0000 1.7768
0.0000 1.9503
0.0000 0.9723
0.0000 -0.5973
0.0000 0.3657
0.0000 1.2507
0.0000 1.6929
0.0000 0.9320
0.0000 0.6337
0.0000 1.6995
0.0000 0.3685
0.0000 0.9322
0.0000 1.7560
0.0000 1.3475
0.0000 -0.1812
0.0000 0.6421
0.0000 1.0836
0.0000 1.8857
0.0000 0.6935
0.0000 1.1691
0.0000 0.5793
0.0000 0.8256
0.0000 1.2659
0.0000 0.6284
0.0000 -0.0930
0.0000 1.2751
0.0000 1.1671
0.0000 1.2916
0.0000 0.4229
0.0000 -0.2291
0.0000 1.5621
0.0000 0.0768
0.0000 0.4962
0.0000 0.6526
0.0000 0.4487
0.0000 1.5353
0.0000 0.3451
0.0000 0.4572
0.0000 0.4966
0.0000 0.6570
0.0000 0.4037
0.0000 0.4928
0.0000 0.8900
0.0000 1.5079
0.0000 1.3086
0.0000 -0.2719
0.0000 0.5471
0.0000 1.0015
0.0000 0.5666
0.0000 0.9338
0.0000 0.4192
0.0000 1.0013
0.0000 1.7668
0.0000 0.4775
0.0000 1.0311
0.0000 0.9121
0.0000 1.1945
0.0000 0.5769
0.0000 1.0365
0.0000 1.8491
0.0000 1.5124
0.0000 -0.0384
0.0000 1.9416
0.0000 0.6748
0.0000 0.4607
0.0000 0.0243
0.0000 1.2960
0.0000 0.2683
0.0000 1.4307
0.0000 0.3715
0.0000 1.4959
0.0000 1.4652
0.0000 0.6192
0.0000 -0.4641
0.0000 1.4236
0.0000 0.4302
0.0000 1.9768
0.0000 1.3022
0.0000 2.0028
0.0000 0.6188
0.0000 1.4515
0.0000 1.2985
0.0000 1.0847
0.0000 0.6816
0.0000 -0.3748
0.0000 0.5226
0.0000 1.2400
0.0000 0.8680
0.0000 0.9362
0.0000 1.3138
0.0000 -0.9979
0.0000 1.3733
0.0000 0.1467
0.0000 0.3410
0.0000 0.7576
0.0000 0.7571
0.0000 1.8701
0.0000 0.5371
0.0000 -0.0714
0.0000 2.1476
0.0000 1.0705
0.0000 0.9148
0.0000 0.8270
0.0000 0.7155
0.0000 -0.0211
0.0000 1.7051
0.0000 0.8677
0.0000 1.0580
0.0000 0.2762
0.0000 1.3217
0.0000 1.3964
0.0000 -0.1653
0.0000 1.0226
0.0000 1.2883
0.0000 1.7542
0.0000 0.8805
0.0000 0.3121
0.0000 0.5369
0.0000 1.2083
0.0000 0.3220
0.0000 0.4945
0.0000 0.7084
0.0000 0.8678
0.0000 1.7051
0.0000 1.8804
0.0000 0.6887
0.0000 -0.1578
0.0000 1.2772
0.0000 1.3402
0.0000 0.9644
0.0000 1.6872
0.0000 0.2190
0.0000 0.5279
0.0000 0.7378
0.0000 0.2177
0.0000 1.2111
0.0000 0.7692
0.0000 0.9821
0.0000 0.2648
0.0000 1.0572
0.0000 1.4673
0.0000 1.9094
0.0000 0.5112
0.0000 0.7300
0.0000 0.5535
0.0000 0.3230
0.0000 1.0041
0.0000 1.4119
0.0000 0.5067
0.0000 1.9591
0.0000 0.7800
0.0000 1.0328
0.0000 0.9524
0.0000 0.1680
0.0000 0.9845
0.0000 2.3241
0.0000 1.3279
0.0000 0.8935
0.0000 0.8576
0.0000 0.3626
0.0000 0.9397
0.0000 0.5195
0.0000 1.1411
0.0000 1.2271
0.0000 0.1026
0.0000 1.5376
0.0000 0.5020
0.0000 -0.1326
0.0000 1.8750
0.0000 1.0513
0.0000 0.1154
0.0000 1.1447
0.0000 -0.0815
0.0000 1.8644
0.0000 1.0194
0.0000 0.8048
0.0000 0.3681
0.0000 1.1610
0.0000 0.8829
0.0000 0.7215
0.0000 1.2692
0.0000 0.6325
0.0000 1.0237
0.0000 1.0593
0.0000 0.4839
0.0000 0.3342
0.0000 1.9046
0.0000 0.3361
0.0000 0.4940
0.0000 0.7094
0.0000 0.6934
0.0000 0.9154
0.0000 1.2654
0.0000 1.2026
0.0000 1.0822
0.0000 1.0749
0.0000 0.5051
0.0000 0.0779
0.0000 0.7759
0.0000 0.0870
0.0000 1.2303
0.0000 0.5452
0.0000 -0.5377
0.0000 1.1868
0.0000 1.7052
0.0000 1.1726
0.0000 -0.3792
0.0000 -0.8197
0.0000 0.9314
0.0000 0.7501
0.0000 0.7067
0.0000 0.7243
0.0000 0.1707
0.0000 0.1406
0.0000 -0.1490
0.0000 0.1945
0.0000 1.5173
0.0000 1.1930
0.0000 0.5643
0.0000 0.6800
0.0000 0.6807
0.0000 1.1291
0.0000 1.4905
0.0000 1.0542
0.0000 0.9486
0.0000 1.7531
0.0000 0.7713
0.0000 0.5047
0.0000 1.0979
0.0000 1.4218
0.0000 -0.4016
0.0000 1.6082
0.0000 0.9779
0.0000 1.1186
0.0000 0.7576
0.0000 1.4411
0.0000 1.7005
0.0000 0.7378
0.0000 0.2177
0.0000 0.7263
0.0000 0.1564
0.0000 0.5105
0.0000 1.4794
0.0000 0.7592
0.0000 0.4275
0.0000 1.7468
0.0000 1.5150
0.0000 0.3993
0.0000 1.4428
0.0000 1.2541
0.0000 0.4990
0.0000 0.9194
0.0000 1.8789
0.0000 0.6323
0.0000 0.4613
0.0000 1.2703
0.0000 1.0190
0.0000 1.5616
0.0000 0.8676
0.0000 1.5775
0.0000 1.4234
0.0000 0.6973
0.0000 1.2632
0.0000 0.2024
0.0000 0.0282
0.0000 1.3989
0.0000 1.1050
0.0000 2.4188
0.0000 1.0037
0.0000 0.5551
0.0000 0.0449
0.0000 0.3327
0.0000 1.8826
0.0000 1.0782
0.0000 1.4762
0.0000 -0.1239
0.0000 1.6298
0.0000 0.7574
0.0000 1.2077
0.0000 1.4212
0.0000 1.0315
0.0000 1.1803
0.0000 0.3982
0.0000 1.1237
0.0000 1.2011
0.0000 1.5623
0.0000 0.8263
0.0000 0.1373
0.0000 0.7134
0.0000 0.5259
0.0000 0.8633
0.0000 0.9936
0.0000 1.1304
0.0000 0.2899
0.0000 1.5561
0.0000 0.2765
0.0000 0.5783
0.0000 0.8206
0.0000 0.1693
0.0000 1.2280
0.0000 0.5485
0.0000 0.6033
0.0000 0.9263
0.0000 0.1936
0.0000 -0.2598
0.0000 0.2240
0.0000 0.6535
0.0000 0.4309
0.0000 0.7879
0.0000 0.7612
0.0000 0.7120
0.0000 0.9391
0.0000 0.0089
0.0000 0.3929
0.0000 0.8273
0.0000 0.1389
0.0000 1.3691
0.0000 1.2916
0.0000 0.6605
0.0000 1.1972
0.0000 0.4793
0.0000 0.5386
0.0000 1.9945
0.0000 1.1731
0.0000 -0.1547
0.0000 1.0891
0.0000 1.5561
0.0000 0.8440
0.0000 0.3181
0.0000 0.6418
0.0000 0.7693
0.0000 0.7865
0.0000 0.9619
0.0000 1.2110
0.0000 0.9099
0.0000 1.1377
0.0000 0.4495
0.0000 1.6046
0.0000 1.1937
0.0000 -0.0892
0.0000 2.1611
0.0000 1.3747
0.0000 0.9829
0.0000 0.9351
0.0000 0.9751
0.0000 0.4933
0.0000 0.7783
0.0000 1.1921
0.0000 1.0770
0.0000 0.5608
0.0000 0.2572
0.0000 1.0844
0.0000 0.7266
0.0000 0.2184
0.0000 0.7702
0.0000 0.5400
0.0000 0.2337
0.0000 -0.3298
0.0000 0.8886
0.0000 1.2183
0.0000 0.7827
0.0000 1.0267
0.0000 0.9913
0.0000 1.5327
0.0000 0.6502
0.0000 0.5824
0.0000 1.2413
0.0000 1.1660
0.0000 1.6853
0.0000 0.7785
0.0000 0.2101
0.0000 0.3337
0.0000 1.1205
0.0000 1.0216
0.0000 0.8119
0.0000 0.8778
0.0000 1.0013
0.0000 0.9029
0.0000 1.4519
0.0000 1.1306
0.0000 1.2339
0.0000 0.2458
0.0000 2.0063
0.0000 1.1024
0.0000 0.9234
0.0000 1.6143
0.0000 1.8856
0.0000 1.2262
0.0000 0.3517
0.0000 1.8353
0.0000 -0.5447
0.0000 1.2420
0.0000 1.2854
0.0000 2.1308
0.0000 0.4425
0.0000 0.9687
0.0000 -0.2468
0.0000 1.2316
0.0000 1.1610
0.0000 1.1967
0.0000 0.4193
0.0000 0.8002
0.0000 0.5896
0.0000 1.2016
0.0000 1.6861
0.0000 1.0238
0.0000 0.5794
0.0000 1.6502
0.0000 0.5224
0.0000 0.6852
0.0000 1.3427
0.0000 0.3378
0.0000 -0.0208
0.0000 1.1023
0.0000 0.4536
0.0000 -0.1896
0.0000 1.5025
0.0000 1.4326
0.0000 1.3595
0.0000 0.1723
0.0000 0.8381
0.0000 1.0184
0.0000 0.5693
0.0000 0.4784
0.0000 1.1969
0.0000 1.1276
0.0000 1.6888
0.0000 1.5726
0.0000 1.5464
0.0000 1.3997
0.0000 0.3364
0.0000 1.4591
0.0000 1.0000
0.0000 2.0482
0.0000 0.7581
0.0000 0.9464
0.0000 0.4365
0.0000 1.7214
0.0000 1.0737
0.0000 1.4330
0.0000 0.4356
0.0000 0.8283
0.0000 1.4011
0.0000 1.0612
0.0000 1.1751
0.0000 0.3477
0.0000 1.3126
0.0000 1.7570
0.0000 1.2088
0.0000 0.3854
0.0000 1.1907
0.0000 2.6422
0.0000 0.8425
0.0000 1.2711
0.0000 0.8151
0.0000 0.2213
0.0000 0.8800
0.0000 0.3716
0.0000 0.6579
0.0000 0.8204
0.0000 0.4787
0.0000 1.3565
0.0000 1.8251
0.0000 1.2854
0.0000 -0.0004
0.0000 1.1224
0.0000 1.5897
0.0000 0.2631
0.0000 1.3081
0.0000 1.1825
0.0000 0.6601
0.0000 0.8237
0.0000 1.8894
0.0000 0.5893
0.0000 0.1357
0.0000 1.3670
0.0000 0.9613
0.0000 1.5083
0.0000 -0.2556
0.0000 0.9465
0.0000 1.2279
0.0000 0.4559
0.0000 0.8060
0.0000 0.6227
0.0000 1.0239
0.0000 1.6450
0.0000 0.8238
0.0000 1.5890
0.0000 1.6079
0.0000 0.7889
0.0000 0.7168
0.0000 0.8179
0.0000 0.7471
0.0000 1.4477
0.0000 0.9513
0.0000 0.6592
0.0000 0.2692
0.0000 1.1061
0.0000 0.5703
0.0000 0.2574
0.0000 1.3996
0.0000 1.8134
0.0000 0.4525
0.0000 0.5718
0.0000 0.4496
0.0000 0.6795
0.0000 1.4043
0.0000 -0.0239
0.0000 0.4443
0.0000 1.6271
0.0000 1.2177
0.0000 0.7035
0.0000 0.7970
0.0000 1.8939
0.0000 2.5001
0.0000 0.0221
0.0000 0.8612
0.0000 0.7223
0.0000 0.3683
0.0000 1.6913
0.0000 0.3818
0.0000 0.6803
0.0000 0.5268
0.0000 0.6888
0.0000 1.2418
0.0000 0.6977
0.0000 -0.0521
0.0000 0.9739
0.0000 0.9827
0.0000 0.0886
0.0000 0.9259
0.0000 0.6188
0.0000 1.6149
0.0000 0.6310
0.0000 0.8712
0.0000 1.2859
0.0000 0.1851
0.0000 0.1776
0.0000 1.7923
0.0000 1.3512
0.0000 0.4539
0.0000 1.8833
0.0000 2.0975
0.0000 0.1186
0.0000 0.2613
0.0000 2.1594
0.0000 0.7227
0.0000 0.1880
0.0000 1.4819
0.0000 0.6592
0.0000 0.6628
0.0000 1.3713
0.0000 1.2600
0.0000 0.4168
0.0000 0.7895
0.0000 0.5321
0.0000 0.9522
0.0000 1.3522
0.0000 1.3261
0.0000 1.1837
0.0000 0.3581
0.0000 1.4459
0.0000 0.4545
0.0000 0.6616
0.0000 0.6933
0.0000 1.3745
0.0000 0.4404
0.0000 0.4593
0.0000 0.7313
0.0000 0.9327
0.0000 1.7793
0.0000 0.7221
0.0000 0.5349
0.0000 0.8759
0.0000 0.4650
0.0000 0.7308
0.0000 1.3817
0.0000 1.1288
0.0000 1.5302
0.0000 1.1053
0.0000 1.7258
0.0000 0.6108
0.0000 0.8863
0.0000 1.2568
0.0000 0.2594
0.0000 0.6430
0.0000 0.9430
0.0000 0.3106
0.0000 0.4688
0.0000 1.0360
0.0000 0.6356
0.0000 0.5055
0.0000 0.2320
0.0000 0.7155
0.0000 1.0936
0.0000 0.8095
0.0000 1.6536
0.0000 0.6157
0.0000 0.9392
0.0000 0.3484
0.0000 -0.4365
0.0000 0.3181
0.0000 1.2288
0.0000 0.6660
0.0000 0.3266
0.0000 1.6102
0.0000 0.6333
0.0000 1.5084
0.0000 0.4866
0.0000 1.3640
0.0000 0.2992
0.0000 1.3475
0.0000 0.9445
0.0000 0.8820
0.0000 2.0100
0.0000 0.6078
0.0000 1.2543
0.0000 0.6013
0.0000 1.4400
0.0000 1.9176
0.0000 1.3761
0.0000 1.8185
0.0000 0.5184
0.0000 -0.7515
0.0000 0.7870
0.0000 0.8969
0.0000 1.8687
0.0000 1.6897
0.0000 1.0958
0.0000 1.2966
0.0000 0.4004
0.0000 -0.0146
0.0000 0.7449
0.0000 0.7898
0.0000 0.1451
0.0000 0.3731
0.0000 0.9347
0.0000 1.4453
0.0000 1.2743
0.0000 1.7013
0.0000 1.0901
0.0000 0.6474
0.0000 1.4773
0.0000 0.9186
0.0000 0.7237
0.0000 0.7712
0.0000 -0.4019
0.0000 0.0026
0.0000 0.9002
0.0000 0.7731
0.0000 1.2957
0.0000 0.3578
0.0000 1.2888
0.0000 -0.7846
0.0000 0.0935
0.0000 1.0475
0.0000 1.2826
0.0000 0.7806
0.0000 0.3713
0.0000 0.8130
0.0000 -0.6403
0.0000 0.3698
0.0000 1.8649
0.0000 1.6857
0.0000 0.6730
0.0000 0.1239
0.0000 1.1245
0.0000 1.8034
0.0000 0.6103
0.0000 1.4841
0.0000 1.2287
0.0000 0.8969
0.0000 0.5058
0.0000 0.4092
0.0000 0.6744
0.0000 1.0394
0.0000 0.7155
0.0000 0.2250
0.0000 0.6046
0.0000 0.6464
0.0000 0.2022
0.0000 0.3937
0.0000 0.9547
0.0000 1.1166
0.0000 0.3103
0.0000 0.6671
0.0000 1.1078
0.0000 0.7319
0.0000 0.7440
0.0000 0.4119
0.0000 1.4962
0.0000 2.6637
0.0000 0.0183
0.0000 0.5340
0.0000 0.6133
0.0000 0.4917
0.0000 0.4453
0.0000 0.9039
0.0000 1.0388
0.0000 0.3171
0.0000 0.7931
0.0000 0.4027
0.0000 0.5801
0.0000 1.4773
0.0000 1.4466
0.0000 1.1332
0.0000 0.6211
0.0000 0.4938
0.0000 0.7575
0.0000 0.2605
0.0000 0.7877
0.0000 1.0858
0.0000 2.3511
0.0000 0.6351
0.0000 0.5481
0.0000 0.4990
0.0000 1.1145
0.0000 -0.1090
0.0000 0.7647
0.0000 0.4212
0.0000 0.6786
0.0000 0.7698
0.0000 0.7276
0.0000 0.6884
0.0000 -0.6577
0.0000 1.8664
0.0000 0.5269
0.0000 1.7657
0.0000 0.8194
0.0000 1.0492
0.0000 1.1334
0.0000 0.5833
0.0000 1.2211
0.0000 0.6163
0.0000 0.6779
0.0000 0.9697
0.0000 0.9696
0.0000 1.5791
0.0000 1.0620
0.0000 0.9641
0.0000 0.2966
0.0000 0.1618
0.0000 1.3539
0.0000 1.0989
0.0000 -0.0826
0.0000 1.0217
0.0000 0.8467
0.0000 0.3745
0.0000 1.1732
0.0000 1.6000
0.0000 1.0040
0.0000 0.1925
0.0000 1.1524
0.0000 0.8961
0.0000 0.4626
0.0000 0.1203
0.0000 0.4893
0.0000 0.6469
0.0000 0.2726
0.0000 1.4239
0.0000 0.5409
0.0000 1.3583
0.0000 2.6122
0.0000 1.5733
0.0000 1.9942
0.0000 1.1996
0.0000 0.4993
0.0000 0.1423
0.0000 0.5704
0.0000 1.0697
0.0000 1.2334
0.0000 1.1043
0.0000 0.6321
0.0000 1.0504
0.0000 0.5492
0.0000 0.7153
0.0000 1.8819
0.0000 1.0585
0.0000 0.6633
0.0000 1.4338
0.0000 0.2281
0.0000 1.7691
0.0000 2.4613
0.0000 0.7883
0.0000 1.4260
0.0000 0.7898
0.0000 0.2510
0.0000 0.2607
0.0000 1.3760
0.0000 -0.0457
0.0000 1.2279
0.0000 0.8074
0.0000 1.3340
0.0000 0.5838
0.0000 0.9320
0.0000 1.6406
0.0000 0.4492
0.0000 0.3000
0.0000 0.7358
0.0000 0.2669
0.0000 0.7626
0.0000 0.9050
0.0000 1.5202
0.0000 1.4575
0.0000 1.0010
0.0000 -0.4259
0.0000 0.0510
0.0000 0.9205
0.0000 0.6599
0.0000 0.7878
0.0000 1.0325
0.0000 1.1624
0.0000 1.9758
0.0000 0.3401
0.0000 1.1674
0.0000 0.0863
0.0000 1.4602
0.0000 0.7696
0.0000 1.4744
0.0000 1.6707
0.0000 0.2027
0.0000 2.0593
0.0000 1.1215
0.0000 0.4393
0.0000 0.7468
0.0000 1.5618
0.0000 0.6035
0.0000 0.8042
0.0000 0.8063
0.0000 1.3302
0.0000 0.5038
0.0000 0.7398
0.0000 1.3287
0.0000 0.2859
0.0000 0.6107
0.0000 0.6855
0.0000 0.8166
0.0000 0.6106
0.0000 1.2895
0.0000 0.9005
0.0000 1.0492
0.0000 0.3743
0.0000 1.0768
0.0000 1.4266
0.0000 0.5643
0.0000 2.0620
0.0000 0.8150
0.0000 1.1160
0.0000 0.6164
0.0000 1.0372
0.0000 1.8589
0.0000 0.3210
0.0000 1.3410
0.0000 1.2977
0.0000 1.0443
0.0000 1.2248
0.0000 0.7194
0.0000 0.9933
0.0000 0.1670
0.0000 1.4787
0.0000 0.0806
0.0000 1.1330
0.0000 1.5253
0.0000 0.6859
0.0000 1.0600
0.0000 0.3325
0.0000 -0.0364
0.0000 0.8729
0.0000 0.9119
0.0000 1.8119
0.0000 1.7555
0.0000 0.9538
0.0000 1.9038
0.0000 -0.0550
0.0000 1.1284
0.0000 1.3679
0.0000 0.9999
0.0000 1.0946
0.0000 0.7726
0.0000 0.6747
0.0000 0.1404
0.0000 0.6388
0.0000 1.2442
0.0000 0.0794
0.0000 1.2474
0.0000 1.1866
0.0000 0.8592
0.0000 0.3809
0.0000 1.0255
0.0000 -0.1137
0.0000 1.0044
0.0000 -0.0538
0.0000 0.6856
0.0000 0.5172
0.0000 0.4342
0.0000 1.1133
0.0000 1.3680
0.0000 -0.0226
0.0000 1.1058
0.0000 1.0297
0.0000 2.3240
0.0000 1.8941
0.0000 0.1468
0.0000 0.2619
0.0000 1.4692
0.0000 0.5768
0.0000 0.4414
0.0000 1.4125
0.0000 1.4481
0.0000 0.8160
0.0000 1.7310
0.0000 0.0261
0.0000 0.9110
0.0000 0.5815
0.0000 0.9663
0.0000 0.8886
0.0000 1.0654
0.0000 1.0389
0.0000 0.6911
0.0000 1.5773
0.0000 0.2146
0.0000 0.5385
0.0000 0.7720
0.0000 0.4700
0.0000 0.7761
0.0000 -0.2175
0.0000 0.6145
0.0000 0.5353
0.0000 1.7981
0.0000 0.5485
0.0000 1.0940
0.0000 0.5175
0.0000 -0.0492
0.0000 0.1910
0.0000 0.7482
0.0000 1.1542
0.0000 0.6748
0.0000 1.5971
0.0000 0.7793
0.0000 0.5149
0.0000 0.2503
0.0000 2.5598
0.0000 0.9607
0.0000 1.6295
0.0000 0.8195
0.0000 0.2800
0.0000 1.3087
0.0000 0.0646
0.0000 0.2071
0.0000 0.1861
0.0000 0.7904
0.0000 0.9144
0.0000 1.1864
0.0000 0.6405
0.0000 0.4901
0.0000 0.3929
0.0000 1.6526
0.0000 1.4083
0.0000 1.0312
0.0000 1.1285
0.0000 1.5547
0.0000 1.1730
0.0000 1.7368
0.0000 0.5843
0.0000 0.9543
0.0000 0.8891
0.0000 0.6169
0.0000 0.6193
0.0000 0.3758
0.0000 0.7457
0.0000 1.3194
0.0000 0.5529
0.0000 0.5524
0.0000 1.4530
0.0000 0.2951
0.0000 0.2779
0.0000 0.8264
0.0000 0.5400
0.0000 0.7082
0.0000 0.1347
0.0000 0.3360
0.0000 1.1812
0.0000 1.4472
0.0000 0.2619
0.0000 0.6789
0.0000 1.4758
0.0000 1.5604
0.0000 1.1409
0.0000 1.3391
0.0000 1.1972
0.0000 1.1024
0.0000 1.1116
0.0000 1.1150
0.0000 0.3207
0.0000 1.2701
0.0000 1.0447
0.0000 1.6685
0.0000 1.8307
0.0000 0.4646
0.0000 0.2961
0.0000 0.3266
0.0000 1.7154
0.0000 1.1665
0.0000 0.6579
0.0000 0.6736
0.0000 1.0267
0.0000 0.7819
0.0000 1.2538
0.0000 1.5318
0.0000 1.0405
0.0000 0.9263
0.0000 1.2361
0.0000 1.1183
0.0000 0.0965
0.0000 1.2785
0.0000 1.6865
0.0000 -0.3560
0.0000 0.6723
0.0000 1.1202
0.0000 1.0530
0.0000 0.9138
0.0000 0.7918
0.0000 0.5077
0.0000 -0.3392
0.0000 0.5455
0.0000 0.7971
0.0000 1.4792
0.0000 1.0951
0.0000 0.2919
0.0000 0.8969
0.0000 0.8575
0.0000 0.5983
0.0000 0.3726
0.0000 0.2692
0.0000 0.7346
0.0000 1.1038
0.0000 0.2005
0.0000 1.2483
0.0000 2.3155
0.0000 0.2807
0.0000 0.7903
0.0000 1.6735
0.0000 1.1805
0.0000 0.4245
0.0000 -0.5404
0.0000 0.7881
0.0000 0.3825
0.0000 1.3270
0.0000 0.6790
0.0000 0.5892
0.0000 0.9031
0.0000 1.5659
0.0000 0.6741
0.0000 0.8618
0.0000 -0.2377
0.0000 1.7241
0.0000 1.1541
0.0000 1.0595
0.0000 0.0981
0.0000 0.3458
0.0000 0.4172
0.0000 0.2947
0.0000 0.5972
0.0000 0.7689
0.0000 0.7961
0.0000 1.0786
0.0000 1.2136
0.0000 0.7879
0.0000 0.8377
0.0000 0.6247
0.0000 1.7976
0.0000 1.2258
0.0000 0.6451
0.0000 0.4049
0.0000 0.0156
0.0000 1.5245
0.0000 0.6089
0.0000 0.3233
0.0000 0.6849
0.0000 1.4180
0.0000 1.5965
0.0000 1.5794
0.0000 1.0382
0.0000 2.4924
0.0000 1.6882
0.0000 0.8361
0.0000 1.5400
0.0000 0.8568
0.0000 1.0761
0.0000 0.9099
0.0000 0.7310
0.0000 0.9384
0.0000 1.1562
0.0000 0.8687
0.0000 0.9842
0.0000 1.0749
0.0000 1.1591
0.0000 0.6246
0.0000 0.7094
0.0000 1.1345
0.0000 0.7863
0.0000 1.3319
0.0000 0.3816
0.0000 1.0926
0.0000 0.5436
0.0000 -0.0225
0.0000 1.6241
0.0000 0.9949
0.0000 0.9798
0.0000 0.4839
0.0000 1.0139
0.0000 0.3846
0.0000 1.3597
0.0000 0.6883
0.0000 0.6495
0.0000 1.6387
0.0000 0.8867
0.0000 0.7185
0.0000 -0.4110
0.0000 0.4604
0.0000 0.5534
0.0000 1.2212
0.0000 1.3059
0.0000 1.0557
0.0000 0.1286
0.0000 0.6135
0.0000 -0.3783
0.0000 1.1696
0.0000 0.5763
0.0000 2.0550
0.0000 1.3671
0.0000 0.6690
0.0000 1.0101
0.0000 0.9471
0.0000 1.1555
0.0000 0.6436
0.0000 1.3997
0.0000 1.7118
0.0000 0.3723
0.0000 1.9346
0.0000 1.0996
0.0000 1.1270
0.0000 0.1158
0.0000 1.1526
0.0000 0.2116
0.0000 -0.3157
0.0000 0.8232
0.0000 0.8759
0.0000 1.1889
0.0000 0.7917
0.0000 1.0267
0.0000 1.3350
0.0000 0.5656
0.0000 1.4009
0.0000 1.3264
0.0000 0.4274
0.0000 1.1645
0.0000 -0.4064
0.0000 0.9656
0.0000 0.3527
0.0000 1.4707
0.0000 1.2152
0.0000 -0.1239
0.0000 0.5432
0.0000 1.0866
0.0000 2.0286
0.0000 0.6540
0.0000 0.2831
0.0000 -0.0658
0.0000 0.3389
0.0000 0.8089
0.0000 -0.1701
0.0000 1.3151
0.0000 1.1980
0.0000 1.8839
0.0000 0.6083
0.0000 0.5552
0.0000 0.0699
0.0000 1.4049
0.0000 0.8807
0.0000 0.6531
0.0000 1.0129
0.0000 0.7295
0.0000 0.8118
0.0000 0.4961
0.0000 0.8699
0.0000 0.3279
0.0000 0.4701
0.0000 0.5953
0.0000 0.7337
0.0000 0.4686
0.0000 1.3765
0.0000 1.1419
0.0000 1.0093
0.0000 0.5548
0.0000 0.8452
0.0000 0.3278
0.0000 1.4054
0.0000 0.4733
0.0000 0.6566
0.0000 1.8295
0.0000 0.7467
0.0000 0.5465
0.0000 0.4877
0.0000 1.1144
0.0000 0.1711
0.0000 0.8859
0.0000 0.7741
0.0000 0.0874
0.0000 0.8982
0.0000 1.0749
0.0000 0.7782
0.0000 1.1400
0.0000 1.1544
0.0000 -0.3459
0.0000 1.1609
0.0000 1.2231
0.0000 1.1011
0.0000 1.6284
0.0000 1.4499
0.0000 1.3414
0.0000 1.2564
0.0000 0.4698
0.0000 0.8409
0.0000 0.7294
0.0000 0.6762
0.0000 0.4601
0.0000 1.1405
0.0000 1.3233
0.0000 0.2169
0.0000 0.4121
0.0000 0.4510
0.0000 1.0013
0.0000 1.5699
0.0000 0.6406
0.0000 0.6226
0.0000 1.0390
0.0000 0.2218
0.0000 0.0706
0.0000 -0.1049
0.0000 1.0013
0.0000 0.5937
0.0000 1.2607
0.0000 0.9376
0.0000 0.7724
0.0000 0.9732
0.0000 0.6089
0.0000 0.2108
0.0000 1.5445
0.0000 0.4465
0.0000 0.4934
0.0000 1.8199
0.0000 -0.4029
0.0000 -0.4113
0.0000 1.4941
0.0000 2.6712
0.0000 0.2310
0.0000 0.5358
0.0000 0.6625
0.0000 1.2409
0.0000 1.1630
0.0000 0.9917
0.0000 0.8492
0.0000 0.9193
0.0000 0.7843
0.0000 1.4387
0.0000 1.1952
0.0000 0.2788
0.0000 1.0194
0.0000 1.3891
0.0000 -0.0381
0.0000 0.1085
0.0000 1.0710
0.0000 0.6402
0.0000 0.8757
0.0000 0.6703
0.0000 0.5138
0.0000 1.0723
0.0000 1.2292
0.0000 1.1511
0.0000 0.9868
0.0000 1.2892
0.0000 0.0520
0.0000 0.5532
0.0000 0.7487
0.0000 -0.0687
0.0000 0.0927
0.0000 0.5816
0.0000 0.3133
0.0000 1.3234
0.0000 0.3321
0.0000 0.5888
0.0000 1.4604
0.0000 -0.4934
0.0000 1.1830
0.0000 1.0473
0.0000 1.6334
0.0000 0.6563
0.0000 -0.2488
0.0000 0.7716
0.0000 0.2240
0.0000 0.9750
0.0000 0.7173
0.0000 0.6326
0.0000 0.7050
0.0000 0.7359
0.0000 1.4373
0.0000 2.1277
0.0000 1.3793
0.0000 1.8985
0.0000 1.3537
0.0000 0.4374
0.0000 1.7585
0.0000 0.6418
0.0000 1.6787
0.0000 0.5334
0.0000 -0.1689
0.0000 1.9203
0.0000 0.1483
0.0000 1.1774
0.0000 2.0989
0.0000 0.2910
0.0000 0.4487
0.0000 1.0221
0.0000 1.4205
0.0000 0.6153
0.0000 0.9359
0.0000 1.0126
0.0000 0.4483
0.0000 0.4679
0.0000 1.5907
0.0000 0.5172
0.0000 0.4119
0.0000 0.7021
0.0000 0.7965
0.0000 1.2119
0.0000 0.5755
0.0000 1.3614
0.0000 1.0097
0.0000 1.3610
0.0000 1.5449
0.0000 0.5338
0.0000 0.2925
0.0000 0.5991
0.0000 0.3948
0.0000 0.6009
0.0000 0.0216
0.0000 -0.0332
0.0000 1.1622
0.0000 1.7796
0.0000 0.5853
0.0000 -0.1305
0.0000 1.4584
0.0000 -0.0837
0.0000 1.2629
0.0000 1.8989
0.0000 0.9501
0.0000 1.2477
0.0000 0.8310
0.0000 0.3322
0.0000 0.4584
0.0000 1.4378
0.0000 0.8617
0.0000 -0.5693
0.0000 0.9724
0.0000 0.3894
0.0000 0.3268
0.0000 0.8358
0.0000 0.0617
0.0000 0.2219
0.0000 0.5157
0.0000 0.8145
0.0000 0.5697
0.0000 1.6218
0.0000 0.2986
0.0000 0.8056
0.0000 1.8676
0.0000 0.9622
0.0000 0.3259
0.0000 1.5837
0.0000 1.2694
0.0000 1.2336
0.0000 0.7497
0.0000 1.1307
0.0000 0.6297
0.0000 1.3096
0.0000 0.4166
0.0000 0.0682
0.0000 0.6582
0.0000 0.6384
0.0000 0.6076
0.0000 1.2231
0.0000 -0.9912
0.0000 0.7261
0.0000 0.3345
0.0000 1.3295
0.0000 0.5953
0.0000 0.2670
0.0000 0.7816
0.0000 1.2797
0.0000 0.8789
0.0000 1.1614
0.0000 1.6651
0.0000 0.5062
0.0000 0.6378
0.0000 1.3580
0.0000 0.2787
0.0000 0.3996
0.0000 1.1797
0.0000 1.1736
0.0000 1.1134
0.0000 1.4677
0.0000 1.3068
0.0000 0.5429
0.0000 1.0274
0.0000 0.7241
0.0000 1.6505
0.0000 1.5533
0.0000 1.6408
0.0000 1.4824
0.0000 0.8185
0.0000 0.6533
0.0000 1.3367
0.0000 1.5750
0.0000 1.3976
0.0000 1.3611
0.0000 0.7551
0.0000 0.9250
0.0000 1.9432
0.0000 0.9140
0.0000 1.4872
0.0000 -0.0668
0.0000 0.5735
0.0000 0.4097
0.0000 -0.1305
0.0000 0.6507
0.0000 1.7076
0.0000 0.2120
0.0000 0.3573
0.0000 0.4711
0.0000 -0.4757
0.0000 0.5185
0.0000 0.9754
0.0000 1.2486
0.0000 0.9834
0.0000 0.6985
0.0000 0.6990
0.0000 -0.0059
0.0000 0.6067
0.0000 0.4988
0.0000 0.7196
0.0000 1.6173
0.0000 1.0830
0.0000 0.7638
0.0000 2.2458
0.0000 0.6170
0.0000 1.3187
0.0000 0.9590
0.0000 0.8800
0.0000 0.8808
0.0000 0.7706
0.0000 0.8965
0.0000 1.2873
0.0000 1.7788
0.0000 0.9504
0.0000 1.5992
0.0000 0.6408
0.0000 1.1886
0.0000 0.6685
0.0000 0.4165
0.0000 0.9818
0.0000 1.1178
0.0000 -0.2071
0.0000 1.2518
0.0000 1.2729
0.0000 1.7281
0.0000 1.0660
0.0000 1.3215
0.0000 0.2449
0.0000 1.2076
0.0000 0.5376
0.0000 1.6334
0.0000 1.2949
0.0000 0.9084
0.0000 0.9814
0.0000 0.6410
0.0000 0.0106
0.0000 0.6303
0.0000 0.7918
0.0000 1.2472
0.0000 0.6273
0.0000 1.0934
0.0000 1.2643
0.0000 0.5405
0.0000 1.0015
0.0000 1.6151
0.0000 1.6415
0.0000 1.0991
0.0000 0.7724
0.0000 0.8996
0.0000 1.2375
0.0000 1.2367
0.0000 1.7007
0.0000 0.3490
0.0000 1.0240
0.0000 0.1682
0.0000 -0.0894
0.0000 0.3005
0.0000 1.7268
0.0000 0.4930
0.0000 1.5417
0.0000 0.4856
0.0000 1.4061
0.0000 1.7723
0.0000 0.0352
0.0000 1.7001
0.0000 1.4768
0.0000 1.0979
0.0000 0.7288
0.0000 1.0964
0.0000 0.2953
0.0000 1.9306
0.0000 1.6512
0.0000 0.1986
0.0000 1.0340
0.0000 1.8262
0.0000 1.0091
0.0000 0.1452
0.0000 2.3691
0.0000 1.3754
0.0000 0.0385
0.0000 1.4827
0.0000 0.6468
0.0000 1.0882
0.0000 1.9831
0.0000 0.8151
0.0000 1.1696
0.0000 0.2063
0.0000 2.0963
0.0000 0.6205
0.0000 0.7063
0.0000 0.2226
0.0000 1.2589
0.0000 0.6409
0.0000 0.5449
0.0000 0.4753
0.0000 0.3183
0.0000 -0.2818
0.0000 1.2945
0.0000 1.1544
0.0000 1.0146
0.0000 0.5324
0.0000 1.8961
0.0000 0.6669
0.0000 -0.0997
0.0000 1.1502
0.0000 -0.0363
0.0000 1.1451
0.0000 0.2901
0.0000 1.2684
0.0000 1.6382
0.0000 1.2395
0.0000 1.6638
0.0000 1.0041
0.0000 0.4688
0.0000 1.0294
0.0000 1.0552
0.0000 1.0748
0.0000 0.7548
0.0000 -0.0915
0.0000 0.3730
0.0000 1.6039
0.0000 0.7904
0.0000 1.6076
0.0000 0.8039
0.0000 1.3815
0.0000 1.3866
0.0000 1.6772
0.0000 1.1259
0.0000 0.5950
0.0000 1.4970
0.0000 0.2913
0.0000 1.5758
0.0000 1.6272
0.0000 0.5991
0.0000 -0.0227
0.0000 0.5119
0.0000 1.1758
0.0000 1.5304
0.0000 0.6101
0.0000 1.0660
0.0000 0.7680
0.0000 1.5220
0.0000 0.6028
0.0000 0.7513
0.0000 0.8784
0.0000 -0.1620
0.0000 0.6315
0.0000 1.1039
0.0000 0.8537
0.0000 0.4694
0.0000 1.0612
0.0000 2.1398
0.0000 1.5688
0.0000 0.9309
0.0000 0.5131
0.0000 1.9255
0.0000 1.5417
0.0000 1.2656
0.0000 0.9253
0.0000 0.8242
0.0000 0.1856
0.0000 0.5159
0.0000 2.1566
0.0000 1.0606
0.0000 0.9790
0.0000 1.9384
0.0000 1.3498
0.0000 0.4097
0.0000 0.5279
0.0000 0.3647
0.0000 1.8666
0.0000 1.1059
0.0000 0.1417
0.0000 1.1530
0.0000 1.4790
0.0000 -0.3523
0.0000 0.2692
0.0000 0.3855
0.0000 0.4644
0.0000 0.9685
0.0000 0.8752
0.0000 1.3201
0.0000 0.5992
0.0000 0.3301
0.0000 -0.0702
0.0000 0.6041
0.0000 1.3363
0.0000 0.9740
0.0000 2.2538
0.0000 1.1555
0.0000 1.0142
0.0000 -0.1054
0.0000 1.4185
0.0000 1.4572
0.0000 1.7310
0.0000 2.3901
0.0000 -0.2410
0.0000 1.1371
0.0000 0.9235
0.0000 1.4676
0.0000 0.6050
0.0000 0.5758
0.0000 -0.4035
0.0000 0.7712
0.0000 0.5495
0.0000 1.7284
0.0000 -0.4553
0.0000 0.7252
0.0000 0.9751
0.0000 1.2232
0.0000 1.4581
0.0000 0.1398
0.0000 0.9200
0.0000 0.2688
0.0000 0.2488
0.0000 0.7435
0.0000 0.8831
0.0000 1.7217
0.0000 1.3542
0.0000 0.8148
0.0000 -0.6438
0.0000 0.2142
0.0000 0.9665
0.0000 0.6689
0.0000 1.4060
0.0000 0.0461
0.0000 0.6507
0.0000 1.9293
0.0000 0.2475
0.0000 1.1539
0.0000 1.0966
0.0000 -0.0879
0.0000 1.7185
0.0000 -0.1505
0.0000 1.4993
0.0000 0.7380
0.0000 1.9026
0.0000 0.7527
0.0000 0.7043
0.0000 1.8776
0.0000 1.5386
0.0000 1.0298
0.0000 0.8226
0.0000 0.6516
0.0000 0.2253
0.0000 1.0170
0.0000 0.6380
0.0000 0.8613
0.0000 0.8332
0.0000 0.9747
0.0000 0.6759
0.0000 0.4841
0.0000 2.1621
0.0000 0.1946
0.0000 0.2966
0.0000 1.5099
0.0000 0.6443
0.0000 -0.2982
0.0000 0.4439
0.0000 0.8236
0.0000 0.6055
0.0000 0.9728
0.0000 1.1322
0.0000 1.2207
0.0000 1.0412
0.0000 1.0052
0.0000 0.7390
0.0000 -0.2753
0.0000 1.3171
0.0000 0.4482
0.0000 0.9097
0.0000 1.4043
0.0000 0.4368
0.0000 0.0569
0.0000 0.8945
0.0000 1.4842
0.0000 0.6230
0.0000 1.1319
0.0000 1.4180
0.0000 0.8777
0.0000 1.2375
0.0000 1.1747
0.0000 1.2146
0.0000 0.5649
0.0000 1.3231
0.0000 2.6726
0.0000 0.1805
0.0000 -0.1318
0.0000 0.6636
0.0000 0.4164
0.0000 -0.2554
0.0000 0.8096
0.0000 1.7294
0.0000 0.3537
0.0000 1.3898
0.0000 -0.0113
0.0000 0.9994
