10.0000 78.3099
10.0000 92.2870
10.0000 101.9981
10.0000 55.1393
10.0000 58.2056
10.0000 117.0598
10.0000 115.1033
10.0000 115.0016
10.0000 56.1272
10.0000 134.1548
10.0000 107.9292
10.0000 106.9573
10.0000 71.6167
10.0000 69.0887
10.0000 93.0720
10.0000 73.3026
10.0000 66.8629
10.0000 94.1218
10.0000 97.1345
10.0000 110.4127
10.0000 140.9069
10.0000 98.0820
10.0000 121.3852
10.0000 76.5628
10.0000 115.6874
10.0000 80.0004
10.0000 118.9275
10.0000 67.1447
10.0000 93.2573
10.0000 114.9835
10.0000 109.0147
10.0000 124.7711
10.0000 96.4260
10.0000 91.9344
10.0000 110.3650
10.0000 85.6747
10.0000 84.6301
10.0000 116.1164
10.0000 102.7843
10.0000 28.4977
10.0000 107.6239
10.0000 74.7217
10.0000 80.1955
10.0000 132.6335
10.0000 79.5022
10.0000 95.4827
10.0000 30.7754
10.0000 128.5981
10.0000 26.7674
10.0000 31.7540
10.0000 49.4855
10.0000 34.2916
10.0000 111.4931
10.0000 117.5724
10.0000 119.5981
10.0000 104.5430
10.0000 113.9794
10.0000 73.1219
10.0000 92.0800
10.0000 59.3086
10.0000 75.0758
10.0000 73.1143
10.0000 102.1611
10.0000 73.0756
10.0000 27.3030
10.0000 125.7663
10.0000 73.7528
10.0000 102.5221
10.0000 51.2951
10.0000 99.3559
10.0000 116.2241
10.0000 15.3545
10.0000 99.6885
10.0000 116.2086
10.0000 116.1798
10.0000 18.9363
10.0000 63.0098
10.0000 70.9700
10.0000 123.7898
10.0000 123.8596
10.0000 118.8379
10.0000 30.8327
10.0000 137.7757
10.0000 113.7013
10.0000 112.8272
10.0000 46.9015
10.0000 85.4360
10.0000 84.2228
10.0000 58.8706
10.0000 81.0339
10.0000 20.2338
10.0000 59.8714
10.0000 60.9065
10.0000 55.7749
10.0000 106.1334
10.0000 103.9081
10.0000 120.6010
10.0000 33.6997
10.0000 81.0696
10.0000 79.9568
10.0000 115.4536
10.0000 65.9252
10.0000 128.5003
10.0000 104.1584
10.0000 124.5230
10.0000 98.2429
10.0000 114.9370
10.0000 142.5821
10.0000 108.0612
10.0000 95.6783
10.0000 135.9664
10.0000 103.7655
10.0000 93.1638
10.0000 116.3602
10.0000 73.1963
10.0000 94.5171
10.0000 113.6834
10.0000 145.3600
10.0000 99.5825
10.0000 29.7114
10.0000 27.4890
10.0000 33.5192
10.0000 69.9976
10.0000 129.1198
10.0000 125.4033
10.0000 83.8193
10.0000 130.5843
10.0000 33.8306
10.0000 62.6836
10.0000 76.3669
10.0000 113.5733
10.0000 22.4065
10.0000 107.5106
10.0000 136.5012
10.0000 28.6873
10.0000 119.7040
10.0000 58.2061
10.0000 15.0980
10.0000 47.7606
10.0000 50.9898
10.0000 13.0407
10.0000 116.1360
10.0000 102.8521
10.0000 61.4128
10.0000 19.6663
10.0000 67.3033
10.0000 82.2975
10.0000 47.1429
10.0000 130.4298
10.0000 43.8048
10.0000 38.8295
10.0000 19.9585
10.0000 73.7719
10.0000 130.3227
10.0000 4.5430
10.0000 92.7817
10.0000 98.3370
10.0000 84.8574
10.0000 99.6833
10.0000 71.1328
10.0000 25.6009
10.0000 111.5215
10.0000 77.0933
10.0000 49.0651
10.0000 72.4960
10.0000 137.8563
10.0000 115.6667
10.0000 112.4197
10.0000 82.8937
10.0000 19.8536
10.0000 104.9722
10.0000 20.1437
10.0000 87.8206
10.0000 37.5458
10.0000 32.2247
10.0000 113.4892
10.0000 48.5791
10.0000 104.9555
10.0000 140.7729
10.0000 87.8629
10.0000 60.1890
10.0000 48.4293
10.0000 70.1616
10.0000 105.8127
10.0000 123.9742
10.0000 142.8647
10.0000 64.1719
10.0000 101.4138
10.0000 27.7903
10.0000 92.4165
10.0000 80.6577
10.0000 110.9679
10.0000 114.1415
10.0000 78.5327
10.0000 74.7743
10.0000 89.4654
10.0000 94.6619
10.0000 115.3599
10.0000 106.8719
10.0000 100.6155
10.0000 100.4003
10.0000 97.2143
10.0000 32.9775
10.0000 91.4075
10.0000 66.5828
10.0000 115.2293
10.0000 60.0483
10.0000 71.7629
10.0000 91.4810
10.0000 83.1872
10.0000 37.1789
10.0000 104.8933
10.0000 30.0564
10.0000 52.8306
10.0000 75.5471
10.0000 102.3487
10.0000 90.5631
10.0000 63.8512
10.0000 63.7603
10.0000 43.1155
10.0000 101.4414
10.0000 85.4199
10.0000 134.5985
10.0000 139.4894
10.0000 67.5252
10.0000 129.7944
10.0000 67.8075
10.0000 128.9400
10.0000 24.7639
10.0000 52.8437
10.0000 76.2231
10.0000 113.6172
10.0000 13.3686
10.0000 27.5892
10.0000 127.0072
10.0000 100.8954
10.0000 81.5913
10.0000 106.7260
10.0000 101.1591
10.0000 68.9870
10.0000 27.1719
10.0000 90.0899
10.0000 67.8211
10.0000 71.5297
10.0000 44.3466
10.0000 110.3674
10.0000 136.9416
10.0000 71.8022
10.0000 100.5771
10.0000 59.6192
10.0000 70.4039
10.0000 111.4575
10.0000 99.7599
10.0000 84.4408
10.0000 89.6978
10.0000 15.8937
10.0000 99.9262
10.0000 117.1112
10.0000 19.2016
10.0000 99.7329
10.0000 84.7367
10.0000 107.8566
10.0000 115.7299
10.0000 97.2175
10.0000 106.4144
10.0000 10.3886
10.0000 56.0552
10.0000 34.9705
10.0000 80.9955
10.0000 119.4461
10.0000 105.8622
10.0000 122.3795
10.0000 24.0266
10.0000 75.8713
10.0000 115.1042
10.0000 66.3954
10.0000 124.8534
10.0000 118.1112
10.0000 103.5309
10.0000 88.7145
10.0000 111.8256
10.0000 42.4276
10.0000 74.1715
10.0000 18.5005
10.0000 76.3720
10.0000 113.5333
10.0000 65.3684
10.0000 27.5093
10.0000 67.6287
10.0000 70.4263
10.0000 116.2485
10.0000 97.0164
10.0000 53.4169
10.0000 97.3535
10.0000 54.8309
10.0000 114.1963
10.0000 64.6788
10.0000 44.4863
10.0000 113.9974
10.0000 112.0070
10.0000 13.3249
10.0000 113.3189
10.0000 117.2509
10.0000 99.1623
10.0000 131.2417
10.0000 109.6617
10.0000 95.7134
10.0000 103.3493
10.0000 95.5317
10.0000 26.5658
10.0000 54.2324
10.0000 69.2630
10.0000 39.2580
10.0000 127.6059
10.0000 115.5950
10.0000 81.2954
10.0000 95.1748
10.0000 88.9186
10.0000 40.2873
10.0000 134.2758
10.0000 92.5921
10.0000 104.5241
10.0000 51.1107
10.0000 104.8537
10.0000 48.8681
10.0000 32.0289
10.0000 106.1909
10.0000 71.2307
10.0000 114.8175
10.0000 109.6390
10.0000 78.8299
10.0000 135.8603
10.0000 125.5140
10.0000 73.8537
10.0000 100.0929
10.0000 62.0690
10.0000 132.0911
10.0000 90.2337
10.0000 73.5107
10.0000 101.9016
10.0000 118.5732
10.0000 23.0583
10.0000 118.4381
10.0000 75.5651
10.0000 84.5165
10.0000 105.4051
10.0000 87.8192
10.0000 29.7883
10.0000 42.7251
10.0000 131.6142
10.0000 132.7978
10.0000 81.0489
10.0000 64.3625
10.0000 98.6019
10.0000 120.4392
10.0000 57.8820
10.0000 57.6633
10.0000 86.7360
10.0000 135.5027
10.0000 99.9406
10.0000 18.2122
10.0000 54.7389
10.0000 64.4793
10.0000 107.2622
10.0000 97.4721
10.0000 25.6475
10.0000 113.7543
10.0000 132.6136
10.0000 82.4187
10.0000 118.7543
10.0000 17.2065
10.0000 75.5087
10.0000 137.0598
10.0000 30.4732
10.0000 47.6510
10.0000 84.9504
10.0000 54.9132
10.0000 44.9249
10.0000 108.8982
10.0000 50.1275
10.0000 99.9635
10.0000 88.6287
10.0000 96.7956
10.0000 109.9523
10.0000 91.7445
10.0000 107.9738
10.0000 89.0426
10.0000 60.7511
10.0000 38.2579
10.0000 54.1326
10.0000 113.5727
10.0000 138.2559
10.0000 77.8197
10.0000 110.5986
10.0000 77.6691
10.0000 90.7763
10.0000 122.2907
10.0000 93.2522
10.0000 125.9947
10.0000 29.2009
10.0000 70.1175
10.0000 55.3287
10.0000 108.1939
10.0000 104.0090
10.0000 35.9518
10.0000 112.0172
10.0000 88.5806
10.0000 44.4632
10.0000 22.5081
10.0000 125.5212
10.0000 34.8113
10.0000 14.3222
10.0000 68.4096
10.0000 50.0781
10.0000 1.7970
10.0000 78.0301
10.0000 85.9051
10.0000 60.1969
10.0000 133.3807
10.0000 40.2971
10.0000 96.4042
10.0000 107.9774
10.0000 98.5894
10.0000 108.7828
10.0000 39.5653
10.0000 48.0344
10.0000 99.3591
10.0000 121.4481
10.0000 53.0477
10.0000 51.6005
10.0000 22.6218
10.0000 77.3439
10.0000 50.1951
10.0000 49.0464
10.0000 52.4580
10.0000 138.7499
10.0000 125.9879
10.0000 37.8573
10.0000 43.0031
10.0000 87.1716
10.0000 12.0349
10.0000 57.9868
10.0000 9.3102
10.0000 56.8508
10.0000 60.0167
10.0000 35.6208
10.0000 96.8590
10.0000 47.5321
10.0000 104.1548
10.0000 101.8784
10.0000 106.9871
10.0000 125.5427
10.0000 60.8073
10.0000 103.9506
10.0000 11.9361
10.0000 74.7049
10.0000 37.2429
10.0000 106.9506
10.0000 52.4717
10.0000 101.2107
10.0000 121.7254
10.0000 33.6890
10.0000 118.5604
10.0000 144.0236
10.0000 104.4144
10.0000 111.3893
10.0000 78.2670
10.0000 25.6926
10.0000 17.9445
10.0000 121.5581
10.0000 128.1669
10.0000 48.1996
10.0000 46.6652
10.0000 89.9932
10.0000 47.6470
10.0000 96.8244
10.0000 61.4237
10.0000 83.3589
10.0000 112.9729
10.0000 104.9919
10.0000 51.5805
10.0000 105.6552
10.0000 109.3583
10.0000 29.9727
10.0000 77.4343
10.0000 126.8469
10.0000 102.2295
10.0000 137.8667
10.0000 58.8814
10.0000 128.0790
10.0000 39.3223
10.0000 115.3285
10.0000 114.9994
10.0000 96.8844
10.0000 130.0900
10.0000 133.9745
10.0000 139.2422
10.0000 120.6863
10.0000 87.7275
10.0000 126.0739
10.0000 107.9594
10.0000 110.1747
10.0000 51.3299
10.0000 77.0118
10.0000 140.3374
10.0000 129.8161
10.0000 62.1346
10.0000 48.8855
10.0000 110.3752
10.0000 142.5568
10.0000 115.1399
10.0000 131.7305
10.0000 103.3956
10.0000 32.3591
10.0000 50.1044
10.0000 20.9457
10.0000 27.4928
10.0000 105.4423
10.0000 31.3291
10.0000 104.8296
10.0000 26.2793
10.0000 88.9043
10.0000 99.7342
10.0000 119.0105
10.0000 131.7177
10.0000 114.5590
10.0000 64.8118
10.0000 101.2372
10.0000 115.3310
10.0000 148.7399
10.0000 121.6255
10.0000 119.9202
10.0000 127.0436
10.0000 30.2269
10.0000 18.6296
10.0000 106.3584
10.0000 66.0674
10.0000 92.9053
10.0000 76.5963
10.0000 33.7563
10.0000 102.0617
10.0000 109.0542
10.0000 66.4587
10.0000 9.8993
10.0000 88.5033
10.0000 81.6994
10.0000 125.1789
10.0000 73.7589
10.0000 126.1953
10.0000 55.2775
10.0000 88.2740
10.0000 131.4657
10.0000 81.7590
10.0000 127.7875
10.0000 57.0099
10.0000 107.0539
10.0000 84.9738
10.0000 64.4545
10.0000 39.4375
10.0000 126.2628
10.0000 127.2894
10.0000 86.6464
10.0000 44.0245
10.0000 76.2171
10.0000 64.1600
10.0000 51.7196
10.0000 133.0083
10.0000 68.5937
10.0000 108.2081
10.0000 75.0950
10.0000 34.0390
10.0000 71.2179
10.0000 125.0988
10.0000 131.8165
10.0000 18.8057
10.0000 136.1823
10.0000 84.4446
10.0000 118.6112
10.0000 82.4776
10.0000 40.4691
10.0000 143.5817
10.0000 35.6421
10.0000 27.7752
10.0000 72.9922
10.0000 57.5983
10.0000 120.0625
10.0000 63.9322
10.0000 129.1580
10.0000 84.5203
10.0000 87.5635
10.0000 51.5005
10.0000 94.7938
10.0000 108.8906
10.0000 29.8540
10.0000 52.6848
10.0000 37.9857
10.0000 124.7821
10.0000 92.8983
10.0000 100.3362
10.0000 56.0704
10.0000 76.8400
10.0000 100.8914
10.0000 46.1057
10.0000 38.1327
10.0000 36.0456
10.0000 107.8759
10.0000 100.6004
10.0000 123.0635
10.0000 135.7570
10.0000 109.7779
10.0000 113.6215
10.0000 122.9290
10.0000 70.4123
10.0000 131.9116
10.0000 130.5525
10.0000 101.9441
10.0000 103.6881
10.0000 37.3754
10.0000 69.7192
10.0000 87.5288
10.0000 86.1911
10.0000 131.7318
10.0000 93.1331
10.0000 70.3400
10.0000 71.7424
10.0000 76.5750
10.0000 121.6456
10.0000 118.7010
10.0000 101.0716
10.0000 19.9540
10.0000 60.2072
10.0000 122.1028
10.0000 17.0066
10.0000 18.5456
10.0000 110.4410
10.0000 32.1339
10.0000 101.6379
10.0000 35.1912
10.0000 50.5206
10.0000 41.0668
10.0000 86.1341
10.0000 29.6090
10.0000 53.6223
10.0000 125.7987
10.0000 88.2297
10.0000 44.6721
10.0000 68.7166
10.0000 24.9012
10.0000 99.9927
10.0000 60.6825
10.0000 116.4317
10.0000 135.4999
10.0000 93.6698
10.0000 21.0908
10.0000 130.0676
10.0000 137.8110
10.0000 50.9284
10.0000 47.1651
10.0000 129.5101
10.0000 68.0768
10.0000 73.5143
10.0000 39.9806
10.0000 76.4489
10.0000 54.2881
10.0000 119.0810
10.0000 103.6702
10.0000 20.4437
10.0000 123.7900
10.0000 103.5303
10.0000 23.7394
10.0000 90.3190
10.0000 93.2170
10.0000 125.9511
10.0000 37.0259
10.0000 94.6064
10.0000 33.2645
10.0000 31.7039
10.0000 119.2070
10.0000 107.1042
10.0000 105.5958
10.0000 67.6284
10.0000 120.9361
10.0000 71.4350
10.0000 80.9154
10.0000 101.1792
10.0000 45.8451
10.0000 137.2914
10.0000 25.0604
10.0000 92.1983
10.0000 41.5608
10.0000 76.1592
10.0000 35.4924
10.0000 55.2007
10.0000 106.6515
10.0000 112.0551
10.0000 36.8138
10.0000 97.3917
10.0000 58.7421
10.0000 96.0792
10.0000 30.9717
10.0000 64.3986
10.0000 111.1810
10.0000 79.5374
10.0000 74.5643
10.0000 27.1009
10.0000 87.3236
10.0000 94.0043
10.0000 98.1869
10.0000 132.3275
10.0000 71.8644
10.0000 96.7340
10.0000 111.2030
10.0000 90.7765
10.0000 34.0227
10.0000 90.6177
10.0000 119.5918
10.0000 106.9120
10.0000 86.7801
10.0000 12.3740
10.0000 95.6987
10.0000 109.1914
10.0000 67.4985
10.0000 120.2168
10.0000 63.9490
10.0000 103.8123
10.0000 121.8942
10.0000 38.8805
10.0000 105.6209
10.0000 127.3805
10.0000 75.6054
10.0000 60.2700
10.0000 109.8720
10.0000 8.0719
10.0000 110.6195
10.0000 47.0338
10.0000 74.8580
10.0000 52.5287
10.0000 25.7297
10.0000 98.5566
10.0000 49.2423
10.0000 145.6313
10.0000 116.0351
10.0000 102.6580
10.0000 101.0058
10.0000 104.6366
10.0000 92.0504
10.0000 89.7938
10.0000 96.3391
10.0000 80.3025
10.0000 80.6981
10.0000 120.6718
10.0000 98.9535
10.0000 82.4244
10.0000 93.6414
10.0000 93.2583
10.0000 41.2990
10.0000 93.9083
10.0000 98.1818
10.0000 30.7364
10.0000 52.4465
10.0000 65.8297
10.0000 107.7745
10.0000 86.4251
10.0000 120.0941
10.0000 113.0455
10.0000 49.5228
10.0000 125.9318
10.0000 67.8215
10.0000 89.0534
10.0000 100.3235
10.0000 132.7533
10.0000 77.6916
10.0000 116.4380
10.0000 98.3907
10.0000 32.6827
10.0000 123.4555
10.0000 103.1766
10.0000 132.4707
10.0000 105.1906
10.0000 135.4109
10.0000 29.6791
10.0000 25.2890
10.0000 99.3592
10.0000 25.1860
10.0000 77.7390
10.0000 99.9339
10.0000 52.2894
10.0000 83.7131
10.0000 93.2676
10.0000 70.9046
10.0000 52.7150
10.0000 72.7799
10.0000 75.5091
10.0000 74.5133
10.0000 81.4214
10.0000 64.7784
10.0000 105.0685
10.0000 28.0903
10.0000 89.4486
10.0000 119.5524
10.0000 98.1933
10.0000 50.0268
10.0000 133.1146
10.0000 133.3098
10.0000 57.5205
10.0000 128.9189
10.0000 97.7884
10.0000 64.7982
10.0000 122.8277
10.0000 104.8696
10.0000 41.8742
10.0000 132.7823
10.0000 63.6029
10.0000 43.4056
10.0000 22.3470
10.0000 19.7226
10.0000 92.5512
10.0000 73.9978
10.0000 136.8276
10.0000 76.1534
10.0000 102.4279
10.0000 53.6633
10.0000 126.1111
10.0000 141.4274
10.0000 137.0897
10.0000 127.9584
10.0000 95.9197
10.0000 25.3894
10.0000 126.4286
10.0000 84.7409
10.0000 84.2678
10.0000 66.7903
10.0000 108.6955
10.0000 89.0906
10.0000 84.4520
10.0000 53.5512
10.0000 98.9276
10.0000 111.2605
10.0000 91.7776
10.0000 33.8257
10.0000 119.3266
10.0000 29.5568
10.0000 118.1255
10.0000 94.8811
10.0000 85.7777
10.0000 79.1266
10.0000 43.7663
10.0000 54.5595
10.0000 130.2411
10.0000 61.1179
10.0000 118.1776
10.0000 49.7117
10.0000 87.6374
10.0000 47.8588
10.0000 67.5937
10.0000 81.4537
10.0000 27.4450
10.0000 129.0223
10.0000 92.2055
10.0000 72.9200
10.0000 112.7269
10.0000 135.0079
10.0000 72.9091
10.0000 115.3638
10.0000 65.0658
10.0000 120.5635
10.0000 127.2622
10.0000 134.7749
10.0000 117.3709
10.0000 96.3542
10.0000 99.9235
10.0000 71.2074
10.0000 110.9043
10.0000 124.0352
10.0000 137.1687
10.0000 77.4869
10.0000 97.6972
10.0000 96.7882
10.0000 71.2316
10.0000 119.3260
10.0000 85.9597
10.0000 40.9547
10.0000 50.5243
10.0000 71.2380
10.0000 114.9480
10.0000 64.6858
10.0000 60.6785
10.0000 40.4738
10.0000 109.2336
10.0000 94.9964
10.0000 77.5540
10.0000 43.0848
10.0000 77.8373
10.0000 105.0641
10.0000 86.0648
10.0000 116.7433
10.0000 121.1192
10.0000 31.7448
10.0000 48.3617
10.0000 98.8929
10.0000 47.3126
10.0000 105.8968
10.0000 136.7033
10.0000 108.3521
10.0000 88.9437
10.0000 80.1607
10.0000 56.8277
10.0000 83.8303
10.0000 22.2333
10.0000 115.9311
10.0000 95.5402
10.0000 61.1219
10.0000 115.6801
10.0000 124.8213
10.0000 87.6172
10.0000 117.3963
10.0000 35.3276
10.0000 47.9910
10.0000 88.9616
10.0000 73.9464
10.0000 67.5414
10.0000 27.3233
10.0000 102.0829
10.0000 97.4815
10.0000 78.5090
10.0000 96.8491
10.0000 124.2298
10.0000 35.6206
10.0000 48.5139
10.0000 60.4729
10.0000 101.3518
10.0000 24.9838
10.0000 104.8447
10.0000 120.7788
10.0000 79.5042
10.0000 102.5319
10.0000 38.2766
10.0000 79.9022
10.0000 120.4272
10.0000 64.0745
10.0000 37.4241
10.0000 136.2647
10.0000 110.7526
10.0000 132.6584
10.0000 97.6192
10.0000 28.3029
10.0000 100.3092
10.0000 95.6529
10.0000 145.3496
10.0000 112.7015
10.0000 85.9114
10.0000 131.3861
10.0000 76.3139
10.0000 103.5279
10.0000 63.3726
10.0000 123.9783
10.0000 86.6202
10.0000 116.5893
10.0000 106.5745
10.0000 77.4524
10.0000 125.0465
10.0000 17.9583
10.0000 36.0451
10.0000 55.8795
10.0000 102.1123
10.0000 79.0885
10.0000 95.2094
10.0000 71.8747
10.0000 49.1135
10.0000 100.2583
10.0000 65.4093
10.0000 13.5159
10.0000 50.0234
10.0000 112.7717
10.0000 44.1871
10.0000 119.5629
10.0000 40.6180
10.0000 140.8331
10.0000 116.0064
10.0000 91.7212
10.0000 104.2965
10.0000 58.5052
10.0000 132.7530
10.0000 106.0403
10.0000 98.1613
10.0000 45.7158
10.0000 109.0470
10.0000 70.4399
10.0000 115.2182
10.0000 35.1123
10.0000 40.4282
10.0000 27.5598
10.0000 110.1582
10.0000 121.9627
10.0000 16.7967
10.0000 69.4142
10.0000 98.9671
10.0000 19.0726
10.0000 104.8876
10.0000 132.7910
10.0000 102.8057
10.0000 111.3021
10.0000 112.5918
10.0000 120.5289
10.0000 52.0415
10.0000 116.9116
10.0000 107.8565
10.0000 105.7782
10.0000 37.6875
10.0000 103.4387
10.0000 93.2101
10.0000 96.4468
10.0000 30.0687
10.0000 56.7400
10.0000 99.1584
10.0000 115.6932
10.0000 99.4049
10.0000 116.2306
10.0000 74.6949
10.0000 36.1163
10.0000 78.1345
10.0000 73.9806
10.0000 105.7094
10.0000 1.1472
10.0000 62.0792
10.0000 27.9861
10.0000 37.2386
10.0000 50.3201
10.0000 97.7023
10.0000 128.9847
10.0000 52.2364
10.0000 48.9919
10.0000 69.9478
10.0000 50.5622
10.0000 24.0467
10.0000 83.5938
10.0000 98.5480
10.0000 27.3612
10.0000 111.2045
10.0000 42.7084
10.0000 97.0939
10.0000 101.2295
10.0000 148.8228
10.0000 4.0818
10.0000 62.2088
10.0000 106.3646
10.0000 110.6522
10.0000 57.7456
10.0000 46.8708
10.0000 53.4523
10.0000 123.0904
10.0000 106.6787
10.0000 136.1462
10.0000 107.1714
10.0000 79.3757
10.0000 71.2512
10.0000 25.5233
10.0000 57.1333
10.0000 9.6536
10.0000 87.7051
10.0000 103.2747
10.0000 29.8048
10.0000 66.9534
10.0000 69.9553
10.0000 128.8019
10.0000 117.5834
10.0000 87.5201
10.0000 48.2618
10.0000 103.3120
10.0000 64.1409
10.0000 70.7637
10.0000 77.0273
10.0000 115.0350
10.0000 38.0294
10.0000 104.9792
10.0000 103.4253
10.0000 46.7808
10.0000 74.0207
10.0000 69.8927
10.0000 106.3991
10.0000 60.0079
10.0000 77.2483
10.0000 88.9872
10.0000 65.2394
10.0000 96.9144
10.0000 36.0839
10.0000 57.5785
10.0000 31.8503
10.0000 97.4508
10.0000 119.7883
10.0000 35.5189
10.0000 105.6438
10.0000 74.7961
10.0000 111.8779
10.0000 55.2810
10.0000 117.0164
10.0000 55.7619
10.0000 94.9587
10.0000 7.8005
10.0000 23.6949
10.0000 90.0721
10.0000 67.8745
10.0000 54.1318
10.0000 124.5567
10.0000 18.0721
10.0000 117.6048
10.0000 80.1434
10.0000 43.9840
10.0000 129.8879
10.0000 48.6976
10.0000 65.9116
10.0000 94.7333
10.0000 90.1453
10.0000 35.2109
10.0000 124.4478
10.0000 92.9797
10.0000 15.3240
10.0000 98.8283
10.0000 63.3668
10.0000 17.9443
10.0000 54.1187
10.0000 132.7989
10.0000 29.5013
10.0000 80.0141
10.0000 105.9746
10.0000 37.6782
10.0000 22.0289
10.0000 106.4822
10.0000 72.8499
10.0000 33.5983
10.0000 109.4394
10.0000 61.9782
10.0000 120.8224
10.0000 40.6893
10.0000 100.8029
10.0000 128.8716
10.0000 30.1104
10.0000 79.5784
10.0000 94.7837
10.0000 18.5368
10.0000 49.1325
10.0000 82.6787
10.0000 113.7057
10.0000 104.5901
10.0000 88.5987
10.0000 55.7171
10.0000 98.4390
10.0000 127.7347
10.0000 40.3283
10.0000 63.9377
10.0000 27.7223
10.0000 57.8503
10.0000 52.1630
10.0000 86.6417
10.0000 132.5417
10.0000 104.8669
10.0000 122.7238
10.0000 76.0136
10.0000 45.8845
10.0000 127.0718
10.0000 67.8149
10.0000 146.0784
10.0000 126.3320
10.0000 145.6843
10.0000 116.4309
10.0000 55.7131
10.0000 113.5647
10.0000 116.2399
10.0000 10.9175
10.0000 87.7997
10.0000 74.2089
10.0000 107.1222
10.0000 60.1653
10.0000 111.0748
10.0000 86.8618
10.0000 112.2163
10.0000 108.1711
10.0000 95.1008
10.0000 100.7430
10.0000 84.0838
10.0000 111.1335
10.0000 149.0601
10.0000 101.4975
10.0000 83.2679
10.0000 117.1067
10.0000 108.1923
10.0000 64.7032
10.0000 105.4075
10.0000 107.8527
10.0000 36.5813
10.0000 56.5163
10.0000 134.6112
10.0000 48.0099
10.0000 102.3350
10.0000 90.1274
10.0000 94.7854
10.0000 106.9949
10.0000 63.6585
10.0000 123.2657
10.0000 34.9548
10.0000 56.7662
10.0000 138.5382
10.0000 100.8778
10.0000 105.0217
10.0000 27.4662
10.0000 86.9706
10.0000 124.7919
10.0000 102.6535
10.0000 7.0042
10.0000 132.5795
10.0000 37.8250
10.0000 81.3191
10.0000 81.9238
10.0000 86.3500
10.0000 128.6290
10.0000 9.6820
10.0000 117.8200
10.0000 75.2445
10.0000 141.0920
10.0000 92.9459
10.0000 89.3459
10.0000 105.1006
10.0000 113.7977
10.0000 57.9805
10.0000 89.2931
10.0000 118.8156
10.0000 11.6014
10.0000 100.6855
10.0000 27.4172
10.0000 80.0921
10.0000 112.1709
10.0000 126.3213
10.0000 102.1900
10.0000 54.7124
10.0000 44.4353
10.0000 86.9068
10.0000 94.2393
10.0000 38.1640
10.0000 130.9655
10.0000 22.7784
10.0000 119.4676
10.0000 60.5526
10.0000 74.2816
10.0000 57.0845
10.0000 95.4615
10.0000 60.0729
10.0000 33.5673
10.0000 13.6419
10.0000 90.5299
10.0000 46.1985
10.0000 45.7903
10.0000 82.5043
10.0000 118.4151
10.0000 35.4717
10.0000 124.6436
10.0000 78.4517
10.0000 104.4482
10.0000 30.0364
10.0000 131.2426
10.0000 75.0477
10.0000 13.6757
10.0000 19.6903
10.0000 97.0565
10.0000 20.4340
10.0000 68.4918
10.0000 36.1136
10.0000 0.8728
10.0000 88.3533
10.0000 95.3153
10.0000 121.4369
10.0000 47.1009
10.0000 112.0168
10.0000 101.7445
10.0000 81.3794
10.0000 93.9914
10.0000 26.2055
10.0000 75.7395
10.0000 55.8763
10.0000 61.1780
10.0000 69.8719
10.0000 19.2003
10.0000 128.9257
10.0000 9.4544
10.0000 88.3830
10.0000 21.1539
10.0000 114.9236
10.0000 26.1945
10.0000 119.9059
10.0000 105.8779
10.0000 111.6572
10.0000 110.7923
10.0000 89.1418
10.0000 28.2939
10.0000 21.0401
10.0000 61.8709
10.0000 110.2068
10.0000 83.9467
10.0000 27.8707
10.0000 79.0269
10.0000 33.0519
10.0000 131.1993
10.0000 111.5204
10.0000 118.6274
10.0000 110.6046
10.0000 133.7674
10.0000 93.6086
10.0000 83.6863
10.0000 108.5339
10.0000 115.7833
10.0000 48.5869
10.0000 95.9593
10.0000 59.9370
10.0000 128.4312
10.0000 141.3317
10.0000 32.3397
10.0000 124.1007
10.0000 35.5419
10.0000 133.8926
10.0000 91.9589
10.0000 84.0931
10.0000 35.0829
10.0000 45.0011
10.0000 26.2253
10.0000 112.2856
10.0000 12.2014
10.0000 72.1647
10.0000 81.2081
10.0000 7.5049
10.0000 84.9162
10.0000 68.7014
10.0000 112.8612
10.0000 114.8644
10.0000 76.1190
10.0000 25.2290
10.0000 61.3190
10.0000 115.4596
10.0000 112.1555
10.0000 100.4482
10.0000 88.0832
10.0000 106.2738
10.0000 124.5062
10.0000 84.6073
10.0000 88.4501
10.0000 47.0404
10.0000 122.5334
10.0000 59.7506
10.0000 86.3279
10.0000 64.2644
10.0000 109.8025
10.0000 21.7040
10.0000 96.8066
10.0000 119.4926
10.0000 57.0666
10.0000 110.7324
10.0000 110.0680
10.0000 84.0113
10.0000 43.3839
10.0000 9.5319
10.0000 37.9490
10.0000 97.0299
10.0000 131.2585
10.0000 126.9325
10.0000 32.3723
10.0000 47.1684
10.0000 117.7646
10.0000 51.6215
10.0000 104.6408
10.0000 34.0263
10.0000 21.6897
10.0000 45.4519
10.0000 108.9549
10.0000 128.8686
10.0000 27.6343
10.0000 121.2299
10.0000 102.2643
10.0000 136.9653
10.0000 32.4330
10.0000 67.0318
10.0000 46.0970
10.0000 69.6940
10.0000 118.3787
10.0000 129.6283
10.0000 103.2269
10.0000 47.5900
10.0000 87.5534
10.0000 114.9831
10.0000 129.3934
10.0000 126.9723
10.0000 35.3126
10.0000 31.1046
10.0000 68.9799
10.0000 100.1772
10.0000 46.8840
10.0000 57.1256
10.0000 84.3010
10.0000 44.7299
10.0000 77.2481
10.0000 9.2872
10.0000 97.0107
10.0000 80.7697
10.0000 97.1951
10.0000 13.4700
10.0000 51.0752
10.0000 116.2537
10.0000 72.1718
10.0000 60.0290
10.0000 129.0733
10.0000 44.4990
10.0000 34.4790
10.0000 118.6263
10.0000 121.6368
10.0000 85.1394
10.0000 82.2047
10.0000 43.9315
10.0000 73.2427
10.0000 104.8388
10.0000 127.0087
10.0000 128.2319
10.0000 60.6400
10.0000 52.5407
10.0000 42.7911
10.0000 21.6512
10.0000 112.0082
10.0000 31.6754
10.0000 106.9522
10.0000 124.2864
10.0000 73.0742
10.0000 29.4425
10.0000 50.8312
10.0000 103.3373
10.0000 124.0345
10.0000 91.0073
10.0000 128.8595
10.0000 75.8388
10.0000 84.9516
10.0000 119.0203
10.0000 125.8419
10.0000 78.1298
10.0000 93.2244
10.0000 98.0536
10.0000 92.5854
10.0000 35.4845
10.0000 24.3148
10.0000 43.0086
10.0000 99.9534
10.0000 106.9463
10.0000 137.1079
10.0000 100.1083
10.0000 70.8286
10.0000 17.0714
10.0000 139.7599
10.0000 45.1851
10.0000 118.0353
10.0000 121.0226
10.0000 13.9885
10.0000 13.1581
10.0000 111.4468
10.0000 122.6027
10.0000 115.3534
10.0000 111.5137
10.0000 37.6963
10.0000 45.1620
10.0000 46.9286
10.0000 45.3962
10.0000 54.8472
10.0000 98.2167
10.0000 30.4769
10.0000 109.7297
10.0000 29.7852
10.0000 132.5756
10.0000 127.0800
10.0000 124.5687
10.0000 105.5143
10.0000 31.0872
10.0000 118.6738
10.0000 25.5897
10.0000 85.3871
10.0000 33.9735
10.0000 87.8951
10.0000 43.7691
10.0000 46.7724
10.0000 119.0122
10.0000 102.9668
10.0000 78.8865
10.0000 69.6042
10.0000 109.0857
10.0000 73.5350
10.0000 132.9717
10.0000 71.6688
10.0000 80.6463
10.0000 65.0259
10.0000 63.4272
10.0000 82.6502
10.0000 93.6969
10.0000 18.5581
10.0000 57.2854
10.0000 103.0783
10.0000 66.9559
10.0000 134.2194
10.0000 69.6088
10.0000 143.3939
10.0000 112.3918
10.0000 105.4625
10.0000 99.7505
10.0000 90.9634
10.0000 93.1460
10.0000 101.6576
10.0000 112.1731
10.0000 26.2319
10.0000 93.9596
10.0000 94.1251
10.0000 128.4165
10.0000 83.1661
10.0000 29.6066
10.0000 109.2736
10.0000 29.0048
10.0000 75.9545
10.0000 115.4031
10.0000 97.9022
10.0000 16.9749
10.0000 133.4881
10.0000 53.3698
10.0000 52.6913
10.0000 120.0869
10.0000 87.2100
10.0000 88.0904
10.0000 69.1831
10.0000 51.2650
10.0000 110.7512
10.0000 128.7184
10.0000 91.7226
10.0000 107.8957
10.0000 133.6499
10.0000 18.3631
10.0000 92.2238
10.0000 70.6251
10.0000 89.7383
10.0000 116.7860
10.0000 111.7766
10.0000 30.4434
10.0000 123.3090
10.0000 97.2169
10.0000 76.4228
10.0000 84.3073
10.0000 97.8511
10.0000 103.7945
10.0000 67.1280
10.0000 123.5556
10.0000 25.7194
10.0000 29.9901
10.0000 94.7222
10.0000 61.8535
10.0000 64.0622
10.0000 81.3307
10.0000 23.8719
10.0000 38.4460
10.0000 84.3584
10.0000 130.1116
10.0000 91.8625
10.0000 112.3005
10.0000 30.0864
10.0000 104.6061
10.0000 71.9607
10.0000 102.6184
10.0000 124.3034
10.0000 128.0942
10.0000 42.8739
10.0000 104.6981
10.0000 83.1251
10.0000 37.8866
10.0000 141.5695
10.0000 85.1753
10.0000 94.4365
10.0000 62.6503
10.0000 118.9465
10.0000 5.6515
10.0000 131.3405
10.0000 95.5293
10.0000 73.2510
10.0000 119.7630
10.0000 91.1664
10.0000 74.1527
10.0000 52.3771
10.0000 141.5161
10.0000 40.3167
10.0000 66.1141
10.0000 92.5382
10.0000 117.5591
10.0000 86.5690
10.0000 66.0057
10.0000 91.3151
10.0000 40.5018
10.0000 17.9735
10.0000 103.7575
10.0000 112.5350
10.0000 65.8024
10.0000 113.7310
10.0000 32.3612
10.0000 83.2728
10.0000 108.0595
10.0000 128.4784
10.0000 8.9417
10.0000 95.7374
10.0000 71.3495
10.0000 98.4795
10.0000 21.2065
10.0000 90.2762
10.0000 46.2621
10.0000 130.5619
10.0000 94.1228
10.0000 125.3991
10.0000 125.6463
10.0000 123.2124
10.0000 19.5340
10.0000 78.0516
10.0000 130.8841
10.0000 67.2695
10.0000 121.5202
10.0000 122.5988
10.0000 90.7911
10.0000 78.4401
10.0000 91.9182
10.0000 48.7795
10.0000 126.5582
10.0000 110.6776
10.0000 110.8432
10.0000 112.5393
10.0000 128.0209
10.0000 81.4612
10.0000 28.5068
10.0000 93.5041
10.0000 111.2686
10.0000 93.8074
10.0000 63.5344
10.0000 22.7387
10.0000 66.1544
10.0000 79.3000
10.0000 21.1456
10.0000 95.7840
10.0000 15.0350
10.0000 116.6854
10.0000 37.2709
10.0000 22.3533
10.0000 110.5034
10.0000 121.1611
10.0000 113.8942
10.0000 57.3317
10.0000 36.0600
10.0000 36.9407
10.0000 119.4895
10.0000 24.8509
10.0000 111.3835
10.0000 43.7523
10.0000 39.7214
10.0000 142.8921
10.0000 58.8606
10.0000 100.2819
10.0000 38.3711
10.0000 53.4784
10.0000 64.9525
10.0000 56.9165
10.0000 68.7108
10.0000 90.8091
10.0000 92.4723
10.0000 52.1423
10.0000 8.7243
10.0000 121.7931
10.0000 72.7669
10.0000 28.4299
10.0000 136.0248
10.0000 96.4783
10.0000 65.7655
10.0000 80.4781
10.0000 93.5270
10.0000 59.4531
10.0000 22.8677
10.0000 34.2407
10.0000 86.4270
10.0000 90.1284
10.0000 60.5765
10.0000 112.5251
10.0000 27.0397
10.0000 50.8012
10.0000 102.1123
10.0000 64.7037
10.0000 28.3436
10.0000 96.1723
10.0000 76.7928
10.0000 111.3755
10.0000 62.7285
10.0000 60.6040
10.0000 91.6524
10.0000 73.0243
10.0000 74.8497
10.0000 30.4137
10.0000 100.5474
10.0000 109.3504
10.0000 71.7884
10.0000 109.0625
10.0000 106.5201
10.0000 105.7898
10.0000 43.5609
10.0000 87.1381
10.0000 43.9768
10.0000 53.5448
10.0000 107.9211
10.0000 108.6846
10.0000 54.9555
10.0000 45.4216
10.0000 54.6842
10.0000 23.1076
10.0000 12.7916
10.0000 79.7210
10.0000 43.5379
10.0000 143.2953
10.0000 121.9947
10.0000 125.1195
10.0000 89.7959
10.0000 79.2163
10.0000 131.4511
10.0000 84.9059
10.0000 67.4456
10.0000 120.6606
10.0000 48.1887
10.0000 57.5044
10.0000 111.4068
10.0000 113.6093
10.0000 62.5080
10.0000 58.7227
10.0000 23.5966
10.0000 38.8228
10.0000 135.9324
10.0000 80.2266
10.0000 133.9187
10.0000 116.0835
10.0000 8.5371
10.0000 77.1032
10.0000 35.1472
10.0000 91.1279
10.0000 115.5773
10.0000 122.8657
10.0000 67.1793
10.0000 58.5567
10.0000 126.6746
10.0000 146.0198
10.0000 100.6639
10.0000 104.8714
10.0000 21.7128
10.0000 129.2721
10.0000 82.1085
10.0000 117.0473
10.0000 66.0764
10.0000 115.6019
10.0000 37.6960
10.0000 108.8805
10.0000 119.2437
10.0000 130.4449
10.0000 112.0833
10.0000 116.3085
10.0000 94.2527
10.0000 52.7109
10.0000 121.9605
10.0000 96.6825
10.0000 87.9657
10.0000 107.6844
10.0000 113.3812
10.0000 72.4071
10.0000 80.7928
10.0000 91.2776
10.0000 73.1196
10.0000 59.0487
10.0000 120.6011
10.0000 16.0077
10.0000 126.2999
10.0000 9.9245
10.0000 102.0614
10.0000 111.9501
10.0000 96.0045
10.0000 86.4028
10.0000 132.4622
10.0000 115.7731
10.0000 111.3729
10.0000 67.3002
10.0000 75.2212
10.0000 94.5211
10.0000 12.2325
10.0000 52.9546
10.0000 112.1769
10.0000 41.5600
10.0000 102.8379
10.0000 119.5260
10.0000 80.9711
10.0000 17.6520
10.0000 84.3126
10.0000 61.7548
10.0000 11.0418
10.0000 124.6226
10.0000 125.7678
10.0000 105.9733
10.0000 74.1067
10.0000 46.8347
10.0000 43.6677
10.0000 119.4744
10.0000 142.4497
10.0000 44.8596
10.0000 43.9220
10.0000 106.3111
10.0000 83.6731
10.0000 94.2417
10.0000 97.9293
10.0000 84.7425
10.0000 45.6366
10.0000 119.6508
10.0000 105.7732
10.0000 135.7046
10.0000 129.1401
10.0000 68.1740
10.0000 134.8131
10.0000 106.3857
10.0000 37.2533
10.0000 27.8615
10.0000 49.5687
10.0000 89.7848
10.0000 60.0637
10.0000 115.2821
10.0000 60.2138
10.0000 43.6662
10.0000 24.0194
10.0000 123.8396
10.0000 22.4778
10.0000 57.5230
10.0000 42.7193
10.0000 113.6530
10.0000 73.3711
10.0000 56.3394
10.0000 34.0117
10.0000 92.0961
10.0000 63.8244
10.0000 28.6163
10.0000 73.7253
10.0000 138.3406
10.0000 26.0548
10.0000 107.5529
10.0000 91.6992
10.0000 115.2278
10.0000 71.8126
10.0000 78.1516
10.0000 43.9376
10.0000 114.8283
10.0000 119.3055
10.0000 103.3467
10.0000 56.4263
10.0000 75.7145
10.0000 107.5610
10.0000 72.9409
10.0000 108.3433
10.0000 27.9387
10.0000 85.9792
10.0000 24.1964
10.0000 80.2485
10.0000 96.8247
10.0000 117.7981
10.0000 75.3731
10.0000 117.8154
10.0000 27.1545
10.0000 67.4838
10.0000 89.2754
10.0000 131.2591
10.0000 66.4658
10.0000 61.9638
10.0000 38.0945
10.0000 120.8103
10.0000 118.4203
10.0000 21.6763
10.0000 103.4098
10.0000 102.9112
10.0000 80.9657
10.0000 22.6049
10.0000 70.2623
10.0000 103.0289
10.0000 132.1282
10.0000 111.1904
10.0000 98.3999
10.0000 133.6243
10.0000 109.0210
10.0000 67.1156
10.0000 24.0827
10.0000 28.6002
10.0000 114.4456
10.0000 21.1574
10.0000 121.8278
10.0000 107.0970
10.0000 106.1798
10.0000 51.9891
10.0000 105.9999
10.0000 60.2559
10.0000 78.5741
10.0000 105.4308
10.0000 35.7070
10.0000 94.1413
10.0000 34.8004
10.0000 113.1263
10.0000 20.7073
10.0000 104.1969
10.0000 124.2730
10.0000 97.3264
10.0000 53.4556
10.0000 102.2416
10.0000 116.7922
10.0000 37.7001
10.0000 97.8569
10.0000 117.9111
10.0000 12.8220
10.0000 94.7739
10.0000 24.2936
10.0000 57.7262
10.0000 111.3412
10.0000 68.5037
10.0000 115.1791
10.0000 110.9801
10.0000 136.4992
10.0000 91.2199
10.0000 91.7091
10.0000 112.2881
10.0000 85.7700
10.0000 19.8187
10.0000 122.9295
10.0000 117.7451
10.0000 92.2992
10.0000 54.7913
10.0000 101.9503
10.0000 119.7889
10.0000 65.5493
10.0000 118.9631
10.0000 133.5392
10.0000 46.5790
10.0000 106.7985
10.0000 94.4677
10.0000 94.3513
10.0000 84.7385
10.0000 89.5379
10.0000 138.5935
10.0000 110.7805
10.0000 14.0017
10.0000 28.9733
10.0000 59.4145
10.0000 129.4056
10.0000 61.7830
10.0000 111.2497
10.0000 75.0113
10.0000 112.8079
10.0000 51.1245
10.0000 104.9916
10.0000 105.5996
10.0000 105.7889
10.0000 5.8061
10.0000 68.1212
10.0000 121.8146
10.0000 115.3148
10.0000 50.2901
10.0000 125.1229
10.0000 89.2489
10.0000 97.3781
10.0000 77.7628
10.0000 118.1103
10.0000 14.9663
10.0000 93.4005
10.0000 130.7727
10.0000 125.8785
10.0000 60.1387
10.0000 78.1154
10.0000 127.8137
10.0000 103.1183
10.0000 103.0831
10.0000 54.5119
10.0000 118.8682
10.0000 30.1546
10.0000 123.2461
10.0000 50.9553
10.0000 133.5214
10.0000 132.2674
10.0000 108.1065
10.0000 45.5515
10.0000 56.5482
10.0000 57.7963
10.0000 89.4273
10.0000 91.8294
10.0000 118.7851
10.0000 43.2437
10.0000 29.3713
10.0000 115.3810
10.0000 120.9865
10.0000 44.3167
10.0000 74.5288
10.0000 108.7932
10.0000 11.2336
10.0000 98.2888
10.0000 44.9777
10.0000 107.3609
10.0000 107.1977
10.0000 67.7805
10.0000 83.3809
10.0000 104.6646
10.0000 97.8024
10.0000 42.1687
10.0000 93.8881
10.0000 20.1901
10.0000 91.4931
10.0000 113.6569
10.0000 103.3029
10.0000 85.0370
10.0000 108.8228
10.0000 84.3811
10.0000 47.6970
10.0000 99.1670
10.0000 11.0884
10.0000 90.6173
10.0000 98.3219
10.0000 101.7058
10.0000 98.5813
10.0000 78.3237
10.0000 124.7133
10.0000 35.9457
10.0000 77.5800
10.0000 124.2783
10.0000 79.0397
10.0000 106.8713
10.0000 85.7209
10.0000 20.2261
10.0000 63.9159
10.0000 74.1529
10.0000 61.6760
10.0000 118.6319
10.0000 113.1932
10.0000 117.2366
10.0000 114.3324
10.0000 69.4843
10.0000 40.2275
10.0000 52.3512
10.0000 97.2101
10.0000 138.2425
10.0000 74.6155
10.0000 122.8548
10.0000 125.3079
10.0000 118.2551
10.0000 96.2388
10.0000 121.9512
10.0000 123.7810
10.0000 104.9445
10.0000 73.8136
10.0000 40.5494
10.0000 17.5401
10.0000 132.2030
10.0000 117.4645
10.0000 91.0877
10.0000 27.1185
10.0000 97.6792
10.0000 130.7603
10.0000 94.8297
10.0000 67.7685
10.0000 92.4685
10.0000 134.5612
10.0000 20.3895
10.0000 38.8664
10.0000 28.6620
10.0000 112.6429
10.0000 58.2422
10.0000 67.0619
10.0000 81.0934
10.0000 129.6598
10.0000 85.0196
10.0000 81.6068
10.0000 51.7120
10.0000 130.1372
10.0000 108.0825
10.0000 124.7928
10.0000 112.8054
10.0000 142.7998
10.0000 90.0516
10.0000 141.3373
10.0000 106.2224
10.0000 32.0138
10.0000 67.0869
10.0000 25.8245
10.0000 28.7005
10.0000 97.3720
10.0000 101.7941
10.0000 79.6234
10.0000 72.9876
10.0000 120.4350
10.0000 71.5686
10.0000 108.8922
10.0000 50.1035
10.0000 117.5919
10.0000 109.8904
10.0000 98.6490
10.0000 28.4302
10.0000 123.1998
10.0000 53.3088
10.0000 72.5533
10.0000 142.6465
10.0000 64.9788
10.0000 59.8749
10.0000 104.9687
10.0000 29.1068
10.0000 104.7827
10.0000 26.1393
10.0000 40.8289
10.0000 99.6429
10.0000 27.6337
10.0000 96.0079
10.0000 122.0829
10.0000 94.3417
10.0000 31.5073
10.0000 22.5617
10.0000 51.3072
10.0000 133.7432
10.0000 118.0845
10.0000 124.6294
10.0000 33.0935
10.0000 132.2680
10.0000 68.9833
10.0000 125.1949
10.0000 91.8778
10.0000 90.4338
10.0000 77.3955
10.0000 67.7307
10.0000 121.9278
10.0000 64.6303
10.0000 88.9789
10.0000 40.3670
10.0000 38.9954
10.0000 115.1904
10.0000 47.8283
10.0000 71.1549
10.0000 126.6132
10.0000 96.6734
10.0000 74.3218
10.0000 92.2985
10.0000 113.4745
10.0000 48.6472
10.0000 88.0062
10.0000 96.1238
10.0000 47.2853
10.0000 111.0606
10.0000 118.3194
10.0000 69.7589
10.0000 107.6848
10.0000 34.1204
10.0000 86.7626
10.0000 11.2205
10.0000 122.6616
10.0000 60.7852
10.0000 152.8783
10.0000 87.1957
10.0000 23.4090
10.0000 55.1241
10.0000 113.4468
10.0000 145.8978
10.0000 60.0322
10.0000 9.6768
10.0000 119.8394
10.0000 118.4138
10.0000 52.9448
10.0000 132.8592
10.0000 84.3482
10.0000 120.2422
10.0000 86.6262
10.0000 37.4692
10.0000 97.8703
10.0000 120.6013
10.0000 120.6195
10.0000 88.0747
10.0000 78.1098
10.0000 101.9645
10.0000 105.2853
10.0000 78.9701
10.0000 120.5753
10.0000 70.4710
10.0000 138.7597
10.0000 125.1696
10.0000 103.6265
10.0000 24.9138
10.0000 70.8193
10.0000 32.9852
10.0000 103.6006
10.0000 80.9798
10.0000 35.8345
10.0000 101.7833
10.0000 37.4667
10.0000 119.0467
10.0000 86.8205
10.0000 112.1853
10.0000 94.9787
10.0000 116.6562
10.0000 44.7058
10.0000 137.5662
10.0000 45.4255
10.0000 90.4385
10.0000 55.7761
10.0000 108.2399
10.0000 115.3494
10.0000 45.6876
10.0000 94.0427
10.0000 57.9396
10.0000 20.4812
10.0000 120.8482
10.0000 110.9834
10.0000 111.5368
10.0000 98.5074
10.0000 61.1671
10.0000 129.7639
10.0000 87.7472
10.0000 98.1721
10.0000 110.6699
10.0000 68.6070
10.0000 133.7326
10.0000 91.0767
10.0000 47.0035
10.0000 33.5420
10.0000 92.5431
10.0000 80.1481
10.0000 66.9071
10.0000 74.6290
10.0000 45.3489
10.0000 103.6733
10.0000 47.7219
10.0000 98.8557
10.0000 44.7463
10.0000 110.0715
10.0000 65.2882
10.0000 60.9986
10.0000 127.3690
10.0000 94.3240
10.0000 105.1111
10.0000 24.5317
10.0000 124.9700
10.0000 132.9175
10.0000 103.2855
10.0000 84.1648
10.0000 33.1666
10.0000 103.0480
10.0000 64.5794
10.0000 66.0518
10.0000 91.8779
10.0000 135.3702
10.0000 136.4375
10.0000 121.5626
10.0000 88.2105
10.0000 51.7650
10.0000 120.3457
10.0000 40.1053
10.0000 62.3106
10.0000 73.8521
10.0000 93.6728
10.0000 106.3041
10.0000 110.0248
10.0000 98.0729
10.0000 58.5300
10.0000 99.9280
10.0000 115.1960
10.0000 90.1622
10.0000 44.8043
10.0000 107.4620
10.0000 111.5627
10.0000 145.8792
10.0000 26.0392
10.0000 78.9903
10.0000 80.9667
10.0000 93.0970
10.0000 68.8444
10.0000 92.9803
10.0000 125.6557
10.0000 108.9694
10.0000 109.0015
10.0000 107.4156
10.0000 125.4391
10.0000 125.6209
10.0000 131.8185
10.0000 124.2405
10.0000 21.2821
10.0000 59.1102
10.0000 85.0504
10.0000 33.7443
10.0000 56.1085
10.0000 25.9004
10.0000 88.2759
10.0000 37.9995
10.0000 85.8608
10.0000 106.3776
10.0000 80.9737
10.0000 73.2110
10.0000 58.4541
10.0000 109.8002
10.0000 38.8427
10.0000 96.8630
10.0000 44.6075
10.0000 99.1222
10.0000 113.4458
10.0000 81.9349
10.0000 46.2194
10.0000 130.4002
10.0000 41.4240
10.0000 123.3432
10.0000 65.2996
10.0000 102.7613
10.0000 70.6779
10.0000 110.7367
10.0000 121.9291
10.0000 56.2596
10.0000 128.0285
10.0000 59.3331
10.0000 10.9939
10.0000 133.0445
10.0000 87.2721
10.0000 11.1688
10.0000 47.8291
10.0000 124.2589
10.0000 58.9128
10.0000 108.0928
10.0000 127.5772
10.0000 79.2297
10.0000 38.6171
10.0000 114.7451
10.0000 80.2580
10.0000 96.0997
10.0000 28.8972
10.0000 111.2951
10.0000 140.8108
10.0000 107.6126
10.0000 72.0748
10.0000 97.6288
10.0000 118.9294
10.0000 51.0220
10.0000 76.9685
10.0000 66.8253
10.0000 67.3143
10.0000 63.3661
10.0000 114.1087
10.0000 134.8774
10.0000 114.6197
10.0000 91.5045
10.0000 111.3301
10.0000 78.4924
10.0000 98.0509
10.0000 109.9782
10.0000 75.6435
10.0000 124.3069
10.0000 113.2011
10.0000 117.3197
10.0000 120.5683
10.0000 113.8797
10.0000 37.1904
10.0000 102.4167
10.0000 34.4946
10.0000 96.7036
10.0000 16.0113
10.0000 35.2075
10.0000 60.9957
10.0000 100.4777
10.0000 110.5828
10.0000 131.7972
10.0000 32.1320
10.0000 103.9611
10.0000 20.5539
10.0000 118.0233
10.0000 25.4484
10.0000 119.0651
10.0000 69.1477
10.0000 78.0066
10.0000 90.5829
10.0000 68.9328
10.0000 25.9798
10.0000 42.5506
10.0000 97.4814
10.0000 88.8048
10.0000 31.7182
10.0000 63.0648
10.0000 58.0663
10.0000 118.3055
10.0000 71.9874
10.0000 118.9559
10.0000 96.7214
10.0000 127.7024
10.0000 125.0628
10.0000 61.8545
10.0000 107.9551
10.0000 101.7282
10.0000 60.8253
10.0000 131.0224
10.0000 46.4259
10.0000 100.8220
10.0000 118.2083
10.0000 51.0489
10.0000 98.8189
10.0000 18.9127
10.0000 40.9059
10.0000 31.6736
10.0000 54.5224
10.0000 58.2901
10.0000 113.0158
10.0000 69.9912
10.0000 107.6443
10.0000 104.5267
10.0000 99.6510
10.0000 55.8414
10.0000 30.3135
10.0000 118.3523
10.0000 40.0997
10.0000 108.6914
10.0000 115.3669
10.0000 83.5650
10.0000 119.7125
10.0000 107.7710
10.0000 77.1551
10.0000 130.8957
10.0000 101.3925
10.0000 50.0885
10.0000 71.4737
10.0000 60.1365
10.0000 87.7069
10.0000 133.5240
10.0000 104.5486
10.0000 72.7889
10.0000 86.8430
10.0000 123.0984
10.0000 92.8742
10.0000 83.4987
10.0000 64.6317
10.0000 86.0340
10.0000 84.5238
10.0000 49.7399
10.0000 74.0781
10.0000 69.9066
10.0000 23.6094
10.0000 62.9153
10.0000 35.8127
10.0000 131.7911
10.0000 85.2265
10.0000 55.0825
10.0000 38.1425
10.0000 97.6256
10.0000 35.4951
10.0000 86.1741
10.0000 74.6584
10.0000 104.9004
10.0000 128.9752
10.0000 34.3427
10.0000 109.9767
10.0000 46.3418
10.0000 20.2016
10.0000 117.1980
10.0000 51.6183
10.0000 102.7763
10.0000 29.4530
10.0000 96.5035
10.0000 80.6159
10.0000 127.5367
10.0000 40.5633
10.0000 40.9812
10.0000 91.7116
10.0000 37.4493
10.0000 123.6416
10.0000 81.8063
10.0000 36.6356
10.0000 107.4031
10.0000 117.7273
10.0000 158.1493
10.0000 109.2093
10.0000 111.9281
10.0000 50.2599
10.0000 111.2930
10.0000 30.4593
10.0000 80.3368
10.0000 135.0787
10.0000 51.9760
10.0000 98.1220
10.0000 94.4955
10.0000 24.8168
10.0000 101.7989
10.0000 119.4262
10.0000 90.1758
10.0000 31.1872
10.0000 130.2047
10.0000 99.8347
10.0000 23.2700
10.0000 30.9545
10.0000 123.5484
10.0000 124.4717
10.0000 111.9122
10.0000 96.9141
10.0000 140.9092
10.0000 93.5135
10.0000 30.6485
10.0000 91.6429
10.0000 61.3562
10.0000 104.8023
10.0000 22.9795
10.0000 93.1796
10.0000 62.7446
10.0000 112.1231
