12.0000 11.6181
12.0000 12.1782
12.0000 12.4380
12.0000 12.9731
12.0000 11.7335
12.0000 12.6404
12.0000 13.1074
12.0000 10.9585
12.0000 12.0044
12.0000 11.7989
12.0000 12.2906
12.0000 12.1503
12.0000 12.4155
12.0000 11.8261
12.0000 11.7200
12.0000 12.2645
12.0000 12.2859
12.0000 11.9087
12.0000 12.1647
12.0000 12.0598
12.0000 12.2448
12.0000 11.3822
12.0000 12.6869
12.0000 13.2241
12.0000 12.7379
12.0000 12.4106
12.0000 12.6398
12.0000 12.2368
12.0000 12.0433
12.0000 11.8186
12.0000 12.6112
12.0000 11.6547
12.0000 11.9657
12.0000 11.3498
12.0000 12.3151
12.0000 12.4689
12.0000 12.5470
12.0000 12.4194
12.0000 11.5888
12.0000 11.8911
12.0000 12.5126
12.0000 12.0154
12.0000 12.0433
12.0000 12.6300
12.0000 11.0417
12.0000 13.1646
12.0000 12.2590
12.0000 12.5670
12.0000 11.3277
12.0000 11.9885
12.0000 12.5460
12.0000 12.6154
12.0000 11.7184
12.0000 12.1346
12.0000 10.6111
12.0000 12.1119
12.0000 12.4681
12.0000 11.8867
12.0000 12.6184
12.0000 11.3817
12.0000 12.4774
12.0000 11.2879
12.0000 12.6081
12.0000 11.5960
12.0000 12.6228
12.0000 13.3550
12.0000 12.6030
12.0000 12.0305
12.0000 12.5890
12.0000 12.8492
12.0000 11.6412
12.0000 12.4084
12.0000 13.0089
12.0000 12.4132
12.0000 12.3231
12.0000 12.2389
12.0000 11.6773
12.0000 11.9146
12.0000 12.3011
12.0000 12.3584
12.0000 12.1698
12.0000 12.0532
12.0000 11.8515
12.0000 12.0956
12.0000 12.2722
12.0000 12.1611
12.0000 13.4044
12.0000 11.4575
12.0000 12.4735
12.0000 12.7179
12.0000 12.2333
12.0000 12.8501
12.0000 11.3933
12.0000 12.2700
12.0000 12.3162
12.0000 12.2847
12.0000 12.3959
12.0000 12.7453
12.0000 11.5850
12.0000 13.3244
12.0000 11.8645
12.0000 12.2473
12.0000 12.1567
12.0000 12.5967
12.0000 11.7437
12.0000 12.3656
12.0000 11.5781
12.0000 11.4578
12.0000 12.1122
12.0000 12.3198
12.0000 12.5528
12.0000 12.0997
12.0000 12.4820
12.0000 12.4219
12.0000 11.8968
12.0000 11.9127
12.0000 12.9388
12.0000 12.4472
12.0000 12.3408
12.0000 11.6891
12.0000 11.2332
12.0000 12.2653
12.0000 12.8843
12.0000 11.8702
12.0000 11.8325
12.0000 12.3185
12.0000 12.0246
12.0000 12.0354
12.0000 12.0013
12.0000 12.9342
12.0000 12.9776
12.0000 12.2289
12.0000 12.3897
12.0000 12.0235
12.0000 13.0123
12.0000 12.1359
12.0000 12.2494
12.0000 11.9407
12.0000 12.2708
12.0000 12.2703
12.0000 10.9321
12.0000 12.0022
12.0000 12.3701
12.0000 11.6176
12.0000 11.7835
12.0000 11.8686
12.0000 12.3365
12.0000 11.8060
12.0000 11.7872
12.0000 12.6653
12.0000 12.6023
12.0000 11.2961
12.0000 11.9902
12.0000 12.3239
12.0000 12.0391
12.0000 12.7937
12.0000 12.7443
12.0000 12.6278
12.0000 12.2608
12.0000 12.6393
12.0000 11.3124
12.0000 13.0230
12.0000 12.9421
12.0000 12.6952
12.0000 12.4429
12.0000 11.7340
12.0000 13.0888
12.0000 12.2778
12.0000 12.4434
12.0000 12.1482
12.0000 11.7540
12.0000 11.7044
12.0000 13.1478
12.0000 12.4394
12.0000 12.5574
12.0000 11.1131
12.0000 11.6950
12.0000 11.2517
12.0000 11.1866
12.0000 12.5641
12.0000 11.4872
12.0000 11.3954
12.0000 12.0363
12.0000 11.6047
12.0000 12.4204
12.0000 12.3045
12.0000 12.8821
12.0000 12.3629
12.0000 11.8438
12.0000 12.0651
12.0000 11.6921
12.0000 12.6253
12.0000 11.4656
12.0000 13.2791
12.0000 12.7443
12.0000 12.3938
12.0000 12.5256
12.0000 12.5973
12.0000 12.0056
12.0000 12.6501
12.0000 12.2417
12.0000 12.7071
12.0000 11.6885
12.0000 13.0400
12.0000 12.6944
12.0000 11.5562
12.0000 11.8903
12.0000 11.7596
12.0000 12.0028
12.0000 11.7556
12.0000 11.7034
12.0000 11.5245
12.0000 12.9482
12.0000 12.1964
12.0000 12.8883
12.0000 11.9635
12.0000 12.1945
12.0000 14.1789
12.0000 12.4335
12.0000 12.0030
12.0000 12.0898
12.0000 11.9769
12.0000 10.5671
12.0000 12.2076
12.0000 11.9885
12.0000 11.5804
12.0000 12.8950
12.0000 11.9419
12.0000 12.1830
12.0000 12.0761
12.0000 11.9414
12.0000 11.9910
12.0000 11.2509
12.0000 12.0742
12.0000 11.1780
12.0000 11.9819
12.0000 11.2385
12.0000 12.4664
12.0000 12.3384
12.0000 12.0809
12.0000 12.0831
12.0000 12.7525
12.0000 12.0940
12.0000 11.6845
12.0000 12.2993
12.0000 11.6723
12.0000 11.1126
12.0000 11.7328
12.0000 11.1130
12.0000 12.2858
12.0000 11.6372
12.0000 12.6992
12.0000 13.2976
12.0000 12.1956
12.0000 12.6364
12.0000 13.3901
12.0000 11.8887
12.0000 12.0465
12.0000 12.2426
12.0000 12.3514
12.0000 12.7149
12.0000 12.3958
12.0000 12.5359
12.0000 12.4217
12.0000 12.8538
12.0000 12.0681
12.0000 12.4296
12.0000 12.3461
12.0000 13.1017
12.0000 12.7746
12.0000 12.3303
12.0000 12.2965
12.0000 12.8289
12.0000 11.3362
12.0000 10.9399
12.0000 12.3104
12.0000 12.5269
12.0000 11.5486
12.0000 12.2244
12.0000 11.4643
12.0000 12.3237
12.0000 11.8219
12.0000 12.0759
12.0000 11.6402
12.0000 12.6832
12.0000 12.0874
12.0000 11.3431
12.0000 12.2843
12.0000 11.8836
12.0000 13.1827
12.0000 12.1440
12.0000 11.6392
12.0000 11.2131
12.0000 12.3531
12.0000 12.5359
12.0000 12.2641
12.0000 12.6530
12.0000 11.5835
12.0000 12.4373
12.0000 12.0103
12.0000 11.5819
12.0000 12.6249
12.0000 12.8957
12.0000 11.0840
12.0000 12.6607
12.0000 11.5756
12.0000 12.3625
12.0000 11.8936
12.0000 12.8485
12.0000 12.3965
12.0000 13.0511
12.0000 12.1751
12.0000 12.4742
12.0000 11.7577
12.0000 11.4214
12.0000 12.1759
12.0000 11.9024
12.0000 11.4046
12.0000 11.3106
12.0000 11.7050
12.0000 12.5343
12.0000 12.1376
12.0000 11.7767
12.0000 12.8397
12.0000 13.1696
12.0000 11.2362
12.0000 12.0003
12.0000 13.0782
12.0000 12.6447
12.0000 12.6949
12.0000 12.0662
12.0000 13.0425
12.0000 11.8853
12.0000 12.3887
12.0000 11.5589
12.0000 12.0601
12.0000 12.0498
12.0000 12.1472
12.0000 12.2297
12.0000 12.5360
12.0000 11.5204
12.0000 13.0109
12.0000 12.7806
12.0000 11.9999
12.0000 12.0854
12.0000 11.3293
12.0000 11.8879
12.0000 12.1884
12.0000 11.5282
12.0000 11.0996
12.0000 11.3488
12.0000 12.3463
12.0000 12.2066
12.0000 11.8162
12.0000 12.4182
12.0000 12.7242
12.0000 12.7286
12.0000 11.9051
12.0000 11.8266
12.0000 12.1558
12.0000 11.3994
12.0000 12.6499
12.0000 12.1171
12.0000 11.6327
12.0000 12.0292
12.0000 11.6146
12.0000 11.3615
12.0000 11.9311
12.0000 11.4294
12.0000 12.1443
12.0000 12.6507
12.0000 11.9341
12.0000 12.2830
12.0000 11.8238
12.0000 11.8655
12.0000 12.6097
12.0000 12.7715
12.0000 12.1215
12.0000 12.0946
12.0000 11.9751
12.0000 12.7280
12.0000 11.8524
12.0000 11.8281
12.0000 11.7471
12.0000 11.3604
12.0000 12.2508
12.0000 12.2847
12.0000 11.8270
12.0000 11.8869
12.0000 11.2646
12.0000 11.6105
12.0000 12.9468
12.0000 11.8080
12.0000 11.7794
12.0000 12.2966
12.0000 12.1232
12.0000 12.2671
12.0000 12.0075
12.0000 12.7016
12.0000 11.6724
12.0000 12.3379
12.0000 11.4512
12.0000 11.9558
12.0000 12.3747
12.0000 13.2662
12.0000 11.2281
12.0000 12.5384
12.0000 12.1879
12.0000 12.2853
12.0000 11.8998
12.0000 11.7414
12.0000 12.0380
12.0000 12.0159
12.0000 11.9011
12.0000 12.1237
12.0000 11.9501
12.0000 11.7226
12.0000 13.0407
12.0000 11.9441
12.0000 12.0169
12.0000 11.2929
12.0000 12.5455
12.0000 12.4056
12.0000 12.6432
12.0000 11.3684
12.0000 12.1504
12.0000 12.4357
12.0000 11.9162
12.0000 11.6728
12.0000 11.7028
12.0000 12.4218
12.0000 12.7074
12.0000 11.8435
12.0000 12.0139
12.0000 12.7190
12.0000 12.9107
12.0000 11.9658
12.0000 12.8235
12.0000 10.9017
12.0000 12.4222
12.0000 12.3211
12.0000 12.0740
12.0000 11.3669
12.0000 11.8892
12.0000 12.2303
12.0000 12.2100
12.0000 11.5327
12.0000 12.7910
12.0000 12.2110
12.0000 12.2234
12.0000 12.1237
12.0000 12.4851
12.0000 12.0418
12.0000 12.2850
12.0000 11.8679
12.0000 11.4276
12.0000 12.2698
12.0000 12.0541
12.0000 11.4314
12.0000 12.8884
12.0000 11.1925
12.0000 12.1231
12.0000 12.5744
12.0000 11.3028
12.0000 12.2244
12.0000 11.7542
12.0000 11.9475
12.0000 11.8812
12.0000 11.7111
12.0000 11.6887
12.0000 12.2180
12.0000 12.2274
12.0000 11.6028
12.0000 11.7524
12.0000 11.8932
12.0000 11.9920
12.0000 12.0483
12.0000 12.3340
12.0000 12.6266
12.0000 13.3196
12.0000 12.4603
12.0000 11.5044
12.0000 11.5176
12.0000 12.0433
12.0000 11.8882
12.0000 12.3012
12.0000 12.8340
12.0000 11.1011
12.0000 11.2625
12.0000 12.4717
12.0000 11.5675
12.0000 11.5174
12.0000 12.0959
12.0000 11.7923
12.0000 11.9072
12.0000 11.3784
12.0000 12.3485
12.0000 11.9401
12.0000 11.9280
12.0000 12.0822
12.0000 12.1310
12.0000 12.6803
12.0000 12.3695
12.0000 12.3478
12.0000 11.7169
12.0000 12.5254
12.0000 12.5012
12.0000 11.7337
12.0000 11.9945
12.0000 11.7383
12.0000 12.3079
12.0000 11.8947
12.0000 11.7675
12.0000 13.1258
12.0000 12.8609
12.0000 11.9344
12.0000 11.0215
12.0000 12.3247
12.0000 11.6026
12.0000 12.2613
12.0000 12.0800
12.0000 12.4820
12.0000 12.0336
12.0000 12.4694
12.0000 12.6341
12.0000 12.1894
12.0000 12.2716
12.0000 11.9257
12.0000 11.1470
12.0000 12.5516
12.0000 12.6371
12.0000 11.3237
12.0000 11.9590
12.0000 12.6790
12.0000 11.4652
12.0000 11.2830
12.0000 11.3377
12.0000 10.9362
12.0000 12.4442
12.0000 11.6612
12.0000 12.0036
12.0000 11.2269
12.0000 12.3025
12.0000 12.0630
12.0000 11.0172
12.0000 13.1441
12.0000 11.5600
12.0000 12.8879
12.0000 11.5430
12.0000 10.6102
12.0000 12.2277
12.0000 12.9858
12.0000 12.6104
12.0000 12.0788
12.0000 13.2151
12.0000 12.3609
12.0000 13.1340
12.0000 12.1572
12.0000 11.7965
12.0000 11.9002
12.0000 12.5450
12.0000 12.5175
12.0000 12.5570
12.0000 11.9211
12.0000 12.0203
12.0000 12.8079
12.0000 11.5247
12.0000 12.3380
12.0000 11.4647
12.0000 12.4273
12.0000 13.2305
12.0000 12.1283
12.0000 11.6069
12.0000 11.2626
12.0000 11.8730
12.0000 11.8017
12.0000 12.0468
12.0000 12.9591
12.0000 12.1723
12.0000 11.5500
12.0000 12.3672
12.0000 12.4109
12.0000 12.7401
12.0000 12.0160
12.0000 12.9651
12.0000 12.6700
12.0000 11.1426
12.0000 11.8271
12.0000 12.6225
12.0000 12.2009
12.0000 12.0409
12.0000 12.2074
12.0000 11.9609
12.0000 12.4081
12.0000 11.2984
12.0000 12.6400
12.0000 12.0347
12.0000 12.9805
12.0000 12.4293
12.0000 11.6765
12.0000 12.0045
12.0000 12.3235
12.0000 11.7035
12.0000 12.0227
12.0000 12.8947
12.0000 11.8638
12.0000 12.7192
12.0000 11.7855
12.0000 11.8412
12.0000 11.8528
12.0000 11.5196
12.0000 11.8575
12.0000 12.1557
12.0000 12.0247
12.0000 12.1231
12.0000 12.2598
12.0000 12.2882
12.0000 12.2244
12.0000 11.7588
12.0000 11.8911
12.0000 10.9153
12.0000 11.3775
12.0000 11.4130
12.0000 11.6933
12.0000 12.0903
12.0000 12.8253
12.0000 11.8522
12.0000 12.0599
12.0000 11.9769
12.0000 12.3825
12.0000 11.9568
12.0000 11.2821
12.0000 11.4101
12.0000 12.7900
12.0000 12.1248
12.0000 11.9358
12.0000 11.3037
12.0000 12.0067
12.0000 11.7413
12.0000 12.6261
12.0000 12.0103
12.0000 11.6695
12.0000 11.6599
12.0000 11.5212
12.0000 12.0517
12.0000 12.0492
12.0000 12.1103
12.0000 12.3507
12.0000 11.8741
12.0000 11.4195
12.0000 12.2486
12.0000 12.5495
12.0000 12.2319
12.0000 12.6352
12.0000 11.3879
12.0000 11.4782
12.0000 11.5049
12.0000 12.4133
12.0000 11.2654
12.0000 12.3680
12.0000 12.5987
12.0000 11.7025
12.0000 12.9044
12.0000 11.9951
12.0000 12.2812
12.0000 11.7387
12.0000 11.7153
12.0000 11.7391
12.0000 11.7038
12.0000 11.8439
12.0000 11.9810
12.0000 12.8209
12.0000 12.2100
12.0000 11.5293
12.0000 11.7569
12.0000 12.1034
12.0000 11.4678
12.0000 12.4761
12.0000 12.4099
12.0000 11.8263
12.0000 11.2517
12.0000 12.3288
12.0000 12.4639
12.0000 12.5863
12.0000 12.3998
12.0000 11.7607
12.0000 12.3325
12.0000 12.1923
12.0000 11.6382
12.0000 12.4150
12.0000 12.1748
12.0000 12.5709
12.0000 12.8481
12.0000 11.8416
12.0000 12.3305
12.0000 12.4292
12.0000 11.7697
12.0000 11.6157
12.0000 12.0910
12.0000 12.2671
12.0000 11.5864
12.0000 12.2341
12.0000 12.3662
12.0000 12.0254
12.0000 11.7462
12.0000 11.9835
12.0000 11.8754
12.0000 11.3613
12.0000 12.4188
12.0000 12.6137
12.0000 12.3075
12.0000 12.4205
12.0000 13.3331
12.0000 12.3772
12.0000 11.8656
12.0000 12.2723
12.0000 11.4010
12.0000 13.1571
12.0000 12.1773
12.0000 11.5121
12.0000 12.0748
12.0000 11.7744
12.0000 12.2940
12.0000 11.4865
12.0000 12.9518
12.0000 11.9789
12.0000 11.6839
12.0000 12.4520
12.0000 12.6499
12.0000 11.9000
12.0000 11.4451
12.0000 12.2359
12.0000 11.9865
12.0000 11.6533
12.0000 12.7747
12.0000 12.6813
12.0000 11.9872
12.0000 11.8502
12.0000 12.3938
12.0000 13.1365
12.0000 11.8841
12.0000 11.4448
12.0000 13.7110
12.0000 11.9844
12.0000 13.5501
12.0000 12.5200
12.0000 12.6271
12.0000 13.2660
12.0000 12.1842
12.0000 11.8118
12.0000 11.8646
12.0000 12.3949
12.0000 12.1466
12.0000 11.9152
12.0000 11.7252
12.0000 11.5540
12.0000 12.0316
12.0000 12.3341
12.0000 13.4800
12.0000 12.8473
12.0000 12.5852
12.0000 12.2942
12.0000 12.1437
12.0000 12.1971
12.0000 12.2465
12.0000 11.4962
12.0000 12.0008
12.0000 12.2566
12.0000 11.6684
12.0000 12.0454
12.0000 11.3866
12.0000 12.0641
12.0000 11.6406
12.0000 12.5431
12.0000 13.0149
12.0000 11.7677
12.0000 12.0799
12.0000 12.4405
12.0000 12.0557
12.0000 12.1254
12.0000 12.3371
12.0000 12.4101
12.0000 12.3409
12.0000 11.5090
12.0000 11.8383
12.0000 12.0370
12.0000 12.7972
12.0000 12.2026
12.0000 11.4650
12.0000 11.5737
12.0000 11.6065
12.0000 12.0515
12.0000 12.6034
12.0000 12.4089
12.0000 12.2919
12.0000 12.7054
12.0000 11.5556
12.0000 12.1720
12.0000 12.0961
12.0000 11.8353
12.0000 12.1141
12.0000 11.8203
12.0000 11.6420
12.0000 12.0716
12.0000 13.1206
12.0000 10.9164
12.0000 12.8686
12.0000 12.4527
12.0000 11.4154
12.0000 13.1174
12.0000 11.2235
12.0000 11.8610
12.0000 10.8702
12.0000 12.6017
12.0000 11.9916
12.0000 11.3161
12.0000 11.8287
12.0000 11.7875
12.0000 12.5612
12.0000 11.0374
12.0000 12.0411
12.0000 12.2499
12.0000 12.3492
12.0000 12.3760
12.0000 11.7658
12.0000 11.6373
12.0000 12.0802
12.0000 11.8828
12.0000 12.1013
12.0000 12.1643
12.0000 13.1089
12.0000 12.1230
12.0000 11.8574
12.0000 12.1421
12.0000 12.3480
12.0000 12.3032
12.0000 11.8372
12.0000 12.9424
12.0000 12.6497
12.0000 11.6462
12.0000 12.3114
12.0000 11.8054
12.0000 11.7881
12.0000 12.5907
12.0000 11.7995
12.0000 12.6695
12.0000 11.8964
12.0000 11.5366
12.0000 12.3313
12.0000 11.5705
12.0000 11.7825
12.0000 11.9561
12.0000 12.7847
12.0000 12.1998
12.0000 12.0782
12.0000 11.5645
12.0000 12.1461
12.0000 12.5080
12.0000 12.3675
12.0000 12.7289
12.0000 11.3416
12.0000 12.4551
12.0000 12.3496
12.0000 11.6316
12.0000 12.2991
12.0000 12.2282
12.0000 12.7982
12.0000 11.9526
12.0000 12.1015
12.0000 12.9011
12.0000 12.3415
12.0000 11.0423
12.0000 12.3306
12.0000 11.9177
12.0000 12.0432
12.0000 12.4952
12.0000 11.2735
12.0000 11.0612
12.0000 11.3714
12.0000 11.6431
12.0000 11.3391
12.0000 12.0711
12.0000 11.1914
12.0000 12.7845
12.0000 12.8760
12.0000 11.8205
12.0000 11.8602
12.0000 11.9011
12.0000 12.8077
12.0000 11.8144
12.0000 11.6382
12.0000 11.5377
12.0000 11.8676
12.0000 12.0053
12.0000 12.2039
12.0000 12.7638
12.0000 11.4474
12.0000 12.1604
12.0000 12.0259
12.0000 10.9024
12.0000 12.5695
12.0000 11.9394
12.0000 13.2149
12.0000 12.0417
12.0000 12.3367
12.0000 12.3878
12.0000 11.5898
12.0000 12.7468
12.0000 12.7287
12.0000 11.0888
12.0000 12.7400
12.0000 12.1811
12.0000 12.2384
12.0000 12.4466
12.0000 11.8420
12.0000 12.1649
12.0000 11.8030
12.0000 11.2897
12.0000 12.1624
12.0000 12.1358
12.0000 12.7062
12.0000 12.0606
12.0000 11.8378
12.0000 11.7934
12.0000 12.4508
12.0000 11.8707
12.0000 12.6103
12.0000 11.4349
12.0000 11.5158
12.0000 11.6660
12.0000 11.5418
12.0000 12.6330
12.0000 12.3881
12.0000 12.3963
12.0000 11.8136
12.0000 13.0034
12.0000 12.3510
12.0000 11.8439
12.0000 11.8448
12.0000 11.9499
12.0000 11.4228
12.0000 11.7778
12.0000 11.6985
12.0000 12.4515
12.0000 11.9566
12.0000 12.1618
12.0000 12.6971
12.0000 12.7367
12.0000 12.1568
12.0000 11.9601
12.0000 11.8793
12.0000 12.0684
12.0000 12.4509
12.0000 12.3254
12.0000 11.9040
12.0000 11.9561
12.0000 11.3215
12.0000 11.9870
12.0000 12.0592
12.0000 11.6400
12.0000 11.4257
12.0000 10.8195
12.0000 12.3150
12.0000 11.4912
12.0000 11.7999
12.0000 12.1350
12.0000 11.3812
12.0000 12.6254
12.0000 13.0570
12.0000 12.2170
12.0000 12.5500
12.0000 11.3260
12.0000 11.0069
12.0000 11.0502
12.0000 12.5807
12.0000 11.8665
12.0000 11.5972
12.0000 11.7645
12.0000 13.0936
12.0000 11.5577
12.0000 11.5058
12.0000 12.0919
12.0000 12.1944
12.0000 11.9957
12.0000 12.6937
12.0000 11.7597
12.0000 12.9767
12.0000 11.6298
12.0000 11.7832
12.0000 12.0774
12.0000 13.0953
12.0000 11.9453
12.0000 11.8969
12.0000 12.1123
12.0000 11.9334
12.0000 12.0760
12.0000 12.2353
12.0000 11.9305
12.0000 11.9366
12.0000 12.0505
12.0000 11.7119
12.0000 12.3575
12.0000 12.1554
12.0000 12.4514
12.0000 12.1296
12.0000 11.7825
12.0000 12.5671
12.0000 11.1346
12.0000 11.9766
12.0000 12.2072
12.0000 12.2191
12.0000 12.0771
12.0000 12.6663
12.0000 11.8843
12.0000 12.5579
12.0000 12.7577
12.0000 11.0038
12.0000 12.2932
12.0000 11.9409
12.0000 11.9590
12.0000 13.0733
12.0000 12.7731
12.0000 12.1083
12.0000 11.9127
12.0000 12.0283
12.0000 13.2647
12.0000 12.5091
12.0000 12.3401
12.0000 11.6689
12.0000 12.2355
12.0000 11.5057
12.0000 12.1332
12.0000 13.3216
12.0000 12.8574
12.0000 12.2595
12.0000 12.2035
12.0000 12.3366
12.0000 12.0954
12.0000 11.4863
12.0000 12.4074
12.0000 11.8091
12.0000 12.5020
12.0000 12.6523
12.0000 13.0153
12.0000 13.0822
12.0000 12.9433
12.0000 10.3088
12.0000 11.6089
12.0000 12.5662
12.0000 12.1464
12.0000 11.6208
12.0000 12.9075
12.0000 11.6165
12.0000 12.1627
12.0000 11.7786
12.0000 12.1515
12.0000 12.2968
12.0000 12.0544
12.0000 11.8020
12.0000 12.3887
12.0000 13.0556
12.0000 11.8122
12.0000 11.7799
12.0000 11.8058
12.0000 12.1766
12.0000 11.0624
12.0000 12.3070
12.0000 12.7346
12.0000 11.7740
12.0000 13.2434
12.0000 12.8548
12.0000 12.3876
12.0000 11.9379
12.0000 12.5143
12.0000 12.3147
12.0000 12.6980
12.0000 11.6344
12.0000 11.7349
12.0000 12.2053
12.0000 12.3869
12.0000 12.8029
12.0000 12.8342
12.0000 12.4662
12.0000 11.8176
12.0000 12.3462
12.0000 11.2947
12.0000 11.9198
12.0000 12.5751
12.0000 12.3607
12.0000 11.5102
12.0000 11.9402
12.0000 12.6869
12.0000 11.8478
12.0000 11.5592
12.0000 11.4192
12.0000 12.1206
12.0000 12.4719
12.0000 11.8030
12.0000 12.0998
12.0000 11.6864
12.0000 11.2777
12.0000 11.6299
12.0000 11.5527
12.0000 12.2300
12.0000 11.6874
12.0000 12.6066
12.0000 12.4184
12.0000 12.3901
12.0000 12.0550
12.0000 11.7019
12.0000 11.7773
12.0000 11.2339
12.0000 12.9899
12.0000 12.9138
12.0000 12.4201
12.0000 12.2280
12.0000 13.0437
12.0000 12.2879
12.0000 12.8675
12.0000 11.9569
12.0000 11.7404
12.0000 12.4334
12.0000 12.6234
12.0000 12.5849
12.0000 12.5337
12.0000 11.6469
12.0000 11.3619
12.0000 11.6046
12.0000 11.8417
12.0000 12.1306
12.0000 12.0964
12.0000 12.0177
12.0000 12.7463
12.0000 12.1290
12.0000 12.0157
12.0000 12.0172
12.0000 11.4245
12.0000 10.9386
12.0000 12.5157
12.0000 12.5800
12.0000 12.8901
12.0000 12.2980
12.0000 12.3377
12.0000 11.8218
12.0000 11.8788
12.0000 12.3210
12.0000 11.7942
12.0000 13.0376
12.0000 11.5301
12.0000 11.9962
12.0000 13.1768
12.0000 13.2584
12.0000 12.9266
12.0000 11.2636
12.0000 12.3668
12.0000 11.8528
12.0000 12.3398
12.0000 12.4574
12.0000 12.4650
12.0000 10.7409
12.0000 12.0881
12.0000 11.7218
12.0000 12.0986
12.0000 12.8194
12.0000 10.9374
12.0000 12.1568
12.0000 11.8976
12.0000 12.0612
12.0000 12.2807
12.0000 12.0005
12.0000 12.2793
12.0000 12.1046
12.0000 11.9152
12.0000 11.1648
12.0000 12.4662
12.0000 12.7347
12.0000 12.4708
12.0000 12.6907
12.0000 12.4555
12.0000 12.3230
12.0000 11.6626
12.0000 13.1430
12.0000 12.0946
12.0000 12.0480
12.0000 12.3162
12.0000 12.1403
12.0000 12.3071
12.0000 13.0504
12.0000 12.1094
12.0000 12.4055
12.0000 11.4681
12.0000 11.5337
12.0000 11.8648
12.0000 13.0767
12.0000 12.6599
12.0000 12.0949
12.0000 11.5513
12.0000 11.7101
12.0000 12.1446
12.0000 11.5658
12.0000 12.9171
12.0000 12.8190
12.0000 11.3885
12.0000 11.9477
12.0000 12.3693
12.0000 12.0896
12.0000 12.2071
12.0000 12.8152
12.0000 12.3808
12.0000 12.0253
12.0000 12.7927
12.0000 12.2640
12.0000 11.4633
12.0000 11.3758
12.0000 12.2416
12.0000 10.8266
12.0000 11.8773
12.0000 12.2309
12.0000 12.7466
12.0000 13.1341
12.0000 12.9607
12.0000 11.4461
12.0000 12.8763
12.0000 12.7079
12.0000 12.1085
12.0000 12.4133
12.0000 12.0261
12.0000 11.5361
12.0000 11.6365
12.0000 12.4512
12.0000 11.8079
12.0000 11.4360
12.0000 11.4172
12.0000 11.3783
12.0000 12.3739
12.0000 12.5730
12.0000 12.1768
12.0000 12.3376
12.0000 11.1669
12.0000 11.7279
12.0000 11.7958
12.0000 11.0452
12.0000 12.1921
12.0000 12.0966
12.0000 11.9709
12.0000 12.2528
12.0000 12.8233
12.0000 12.2328
12.0000 12.6135
12.0000 12.4531
12.0000 12.5095
12.0000 11.7060
12.0000 11.8941
12.0000 11.3309
12.0000 11.7266
12.0000 12.1950
12.0000 10.5895
12.0000 12.0263
12.0000 11.7804
12.0000 12.4987
12.0000 11.7057
12.0000 12.7702
12.0000 11.9244
12.0000 11.5906
12.0000 12.6668
12.0000 11.6880
12.0000 12.5760
12.0000 12.6532
12.0000 11.8076
12.0000 11.9859
12.0000 11.5375
12.0000 12.0817
12.0000 11.4907
12.0000 11.9377
12.0000 12.3700
12.0000 12.5731
12.0000 12.0628
12.0000 11.9673
12.0000 12.3471
12.0000 11.5637
12.0000 12.2195
12.0000 12.4675
12.0000 12.6783
12.0000 12.1643
12.0000 12.4444
12.0000 12.3732
12.0000 12.1725
12.0000 12.9081
12.0000 12.2738
12.0000 12.8028
12.0000 12.6818
12.0000 11.4630
12.0000 12.1400
12.0000 12.6873
12.0000 13.5095
12.0000 11.7541
12.0000 12.0828
12.0000 12.2242
12.0000 12.0126
12.0000 11.3624
12.0000 11.9309
12.0000 12.3049
12.0000 12.1356
12.0000 11.5093
12.0000 12.1277
12.0000 12.2939
12.0000 12.4791
12.0000 12.9241
12.0000 12.3418
12.0000 12.1049
12.0000 11.7354
12.0000 11.9105
12.0000 12.5299
12.0000 12.0655
12.0000 12.4888
12.0000 12.0539
12.0000 12.0319
12.0000 12.7331
12.0000 10.8110
12.0000 11.4966
12.0000 12.0253
12.0000 11.7763
12.0000 11.7643
12.0000 12.5458
12.0000 12.8713
12.0000 11.8059
12.0000 12.0533
12.0000 12.6812
12.0000 12.6108
12.0000 11.6761
12.0000 11.9308
12.0000 12.9545
12.0000 11.7716
12.0000 10.9238
12.0000 12.8755
12.0000 12.5606
12.0000 12.1470
12.0000 12.0232
12.0000 12.0761
12.0000 11.2289
12.0000 12.8296
12.0000 11.7441
12.0000 11.8431
12.0000 11.7575
12.0000 12.6005
12.0000 11.7685
12.0000 12.2821
12.0000 12.4631
12.0000 12.9276
12.0000 12.2635
12.0000 11.5493
12.0000 12.4978
12.0000 12.3952
12.0000 11.9306
12.0000 12.4214
12.0000 11.6601
12.0000 12.4167
12.0000 11.7649
12.0000 12.3059
12.0000 12.3869
12.0000 12.4255
12.0000 11.9737
12.0000 11.4430
12.0000 12.1024
12.0000 11.7050
12.0000 13.2255
12.0000 12.6551
12.0000 12.2969
12.0000 11.9633
12.0000 11.6054
12.0000 12.3789
12.0000 13.0047
12.0000 11.3860
12.0000 12.1302
12.0000 12.7299
12.0000 12.4174
12.0000 12.6169
12.0000 12.7553
12.0000 12.2720
12.0000 12.1240
12.0000 11.6684
12.0000 11.7801
12.0000 11.6028
12.0000 12.7982
12.0000 11.7899
12.0000 12.7008
12.0000 12.0444
12.0000 12.4516
12.0000 11.9246
12.0000 11.7993
12.0000 12.1562
12.0000 12.2868
12.0000 12.7301
12.0000 12.1881
12.0000 11.7487
12.0000 12.3080
12.0000 11.1749
12.0000 12.1553
12.0000 12.3797
12.0000 11.6731
12.0000 12.6814
12.0000 13.0767
12.0000 12.2738
12.0000 12.7068
12.0000 11.4647
12.0000 12.1814
12.0000 11.9402
12.0000 12.1520
12.0000 12.0836
12.0000 12.2920
12.0000 12.8856
12.0000 11.6303
12.0000 12.4595
12.0000 11.7988
12.0000 12.8921
12.0000 11.0246
12.0000 12.6679
12.0000 12.7492
12.0000 12.1400
12.0000 11.6050
12.0000 12.1538
12.0000 12.2914
12.0000 11.8972
12.0000 12.6866
12.0000 12.3782
12.0000 12.1408
12.0000 12.2648
12.0000 12.2341
12.0000 11.8021
12.0000 12.9260
12.0000 12.2115
12.0000 12.2717
12.0000 12.4064
12.0000 11.2487
12.0000 12.2547
12.0000 11.7897
12.0000 11.9650
12.0000 11.6723
12.0000 11.8260
12.0000 12.7793
12.0000 11.7007
12.0000 12.0651
12.0000 12.0424
12.0000 11.9810
12.0000 11.5617
12.0000 12.2404
12.0000 12.5035
12.0000 11.9784
12.0000 11.7214
12.0000 12.1329
12.0000 13.0333
12.0000 11.4008
12.0000 12.0493
12.0000 12.1015
12.0000 12.9806
12.0000 12.0500
12.0000 12.0383
12.0000 12.5389
12.0000 12.2256
12.0000 12.1283
12.0000 11.3896
12.0000 11.2572
12.0000 12.3445
12.0000 11.7376
12.0000 11.2879
12.0000 12.1827
12.0000 12.8537
12.0000 11.3968
12.0000 11.8179
12.0000 12.4871
12.0000 11.6833
12.0000 12.7931
12.0000 12.9487
12.0000 12.2199
12.0000 11.9917
12.0000 11.7558
12.0000 11.9671
12.0000 11.3321
12.0000 12.0736
12.0000 10.7344
12.0000 11.4313
12.0000 11.6615
12.0000 12.1827
12.0000 11.9935
12.0000 12.5698
12.0000 11.9334
12.0000 12.8971
12.0000 12.1381
12.0000 11.6518
12.0000 12.1678
12.0000 12.2081
12.0000 13.0343
12.0000 11.9858
12.0000 13.0909
12.0000 11.9490
12.0000 12.8103
12.0000 11.6338
12.0000 12.5070
12.0000 11.9891
12.0000 12.3303
12.0000 12.5467
12.0000 12.7307
12.0000 12.5280
12.0000 11.5448
12.0000 11.1935
12.0000 11.6827
12.0000 11.5488
12.0000 11.8176
12.0000 12.3490
12.0000 11.6605
12.0000 12.2303
12.0000 12.7466
12.0000 12.1827
12.0000 12.2623
12.0000 12.6926
12.0000 12.4785
12.0000 12.1241
12.0000 11.8674
12.0000 12.4490
12.0000 12.6278
12.0000 12.3180
12.0000 11.7309
12.0000 11.6531
12.0000 13.1854
12.0000 12.9770
12.0000 11.0444
12.0000 11.2154
12.0000 11.7420
12.0000 11.5069
12.0000 12.2687
12.0000 11.9633
12.0000 12.6549
12.0000 12.7935
12.0000 12.6033
12.0000 12.4402
12.0000 12.4991
12.0000 12.5238
12.0000 12.3416
12.0000 11.8953
12.0000 12.6506
12.0000 12.1701
12.0000 11.7618
12.0000 11.6758
12.0000 11.7370
12.0000 12.5146
12.0000 12.4180
12.0000 11.9641
12.0000 12.7324
12.0000 12.2411
12.0000 12.0051
12.0000 11.9991
12.0000 12.2292
12.0000 11.7315
12.0000 12.7544
12.0000 12.5552
12.0000 12.3601
12.0000 12.0927
12.0000 12.5060
12.0000 11.9661
12.0000 12.4772
12.0000 12.8364
12.0000 11.7423
12.0000 11.1746
12.0000 12.3366
12.0000 11.7779
12.0000 12.9037
12.0000 12.1395
12.0000 11.1764
12.0000 13.1319
12.0000 11.8494
12.0000 12.1359
12.0000 12.9680
12.0000 12.5760
12.0000 11.1684
12.0000 11.6529
12.0000 12.6572
12.0000 11.9347
12.0000 12.6455
12.0000 13.4280
12.0000 12.4337
12.0000 12.3879
12.0000 11.9851
12.0000 11.6118
12.0000 11.8274
12.0000 11.8671
12.0000 11.7617
12.0000 11.7072
12.0000 11.9800
12.0000 12.1548
12.0000 11.5075
12.0000 12.4919
12.0000 12.2536
12.0000 12.2422
12.0000 11.9898
12.0000 11.7840
12.0000 12.3831
12.0000 11.8421
12.0000 11.4943
12.0000 11.9616
12.0000 12.6725
12.0000 12.1927
12.0000 12.1518
12.0000 12.2520
12.0000 12.4111
12.0000 11.5052
12.0000 11.2191
12.0000 12.2626
12.0000 11.8211
12.0000 11.2181
12.0000 12.6684
12.0000 11.5328
12.0000 13.0079
12.0000 12.3660
12.0000 11.9735
12.0000 12.4838
12.0000 12.0168
12.0000 12.5441
12.0000 11.4943
12.0000 12.4395
12.0000 12.3973
12.0000 13.0195
12.0000 12.1670
12.0000 12.2661
12.0000 12.7706
12.0000 11.7302
12.0000 12.0409
12.0000 13.5084
12.0000 11.5932
12.0000 12.6282
12.0000 12.9841
12.0000 11.9690
12.0000 12.7708
12.0000 11.6241
12.0000 12.4653
12.0000 12.9956
12.0000 11.7804
12.0000 12.8786
12.0000 11.5327
12.0000 13.0429
12.0000 13.2394
12.0000 11.3525
12.0000 12.9064
12.0000 11.4822
12.0000 13.0972
12.0000 11.2372
12.0000 11.6503
12.0000 11.6742
12.0000 12.0756
12.0000 11.8219
12.0000 12.1957
12.0000 12.6684
12.0000 11.5555
12.0000 12.1065
12.0000 11.3957
12.0000 12.3061
12.0000 12.7188
12.0000 11.8811
12.0000 12.1275
12.0000 11.0571
12.0000 12.5025
12.0000 12.0961
12.0000 12.1974
12.0000 10.8267
12.0000 11.6748
12.0000 11.8949
12.0000 12.7402
12.0000 12.4540
12.0000 10.6083
12.0000 12.4849
12.0000 11.4016
12.0000 12.3140
12.0000 12.2072
12.0000 12.2528
12.0000 11.6949
12.0000 12.6701
12.0000 12.1391
12.0000 12.7712
12.0000 11.9544
12.0000 11.6924
12.0000 12.8121
12.0000 11.8873
12.0000 12.3754
12.0000 12.2616
12.0000 11.4816
12.0000 11.6832
12.0000 11.8222
12.0000 10.9497
12.0000 12.2039
12.0000 11.7435
12.0000 13.0623
12.0000 11.4910
12.0000 12.5339
12.0000 11.9683
12.0000 12.5996
12.0000 12.3586
12.0000 12.1965
12.0000 11.1632
12.0000 11.7570
12.0000 11.9397
12.0000 11.3844
12.0000 12.6908
12.0000 10.9966
12.0000 12.9059
12.0000 12.4217
12.0000 11.8196
12.0000 12.7706
12.0000 12.6848
12.0000 11.8560
12.0000 12.0024
12.0000 13.4233
12.0000 11.5871
12.0000 12.4642
12.0000 12.4209
12.0000 12.1134
12.0000 11.8148
12.0000 11.8203
12.0000 11.7296
12.0000 11.9592
12.0000 11.8483
12.0000 11.3860
12.0000 12.2223
12.0000 12.3100
12.0000 12.0408
12.0000 12.0775
12.0000 11.6042
12.0000 11.5094
12.0000 12.4311
12.0000 12.1245
12.0000 11.9812
12.0000 12.8516
12.0000 12.3134
12.0000 10.7270
12.0000 11.7412
12.0000 11.7571
12.0000 11.7478
12.0000 12.4172
12.0000 12.4122
12.0000 13.6924
12.0000 12.1430
12.0000 12.5471
12.0000 12.9042
12.0000 11.4656
12.0000 11.8038
12.0000 11.4939
12.0000 12.1957
12.0000 11.2515
12.0000 12.3000
12.0000 12.0771
12.0000 10.9681
12.0000 12.7442
12.0000 12.2853
12.0000 11.4036
12.0000 12.0563
12.0000 12.0318
12.0000 11.8465
12.0000 11.1060
12.0000 12.1992
12.0000 11.9491
12.0000 12.0034
12.0000 11.5888
12.0000 12.2121
12.0000 12.6582
12.0000 12.3811
12.0000 12.6695
12.0000 12.2745
12.0000 12.1243
12.0000 11.3916
12.0000 11.8291
12.0000 12.0252
12.0000 11.7690
12.0000 11.9971
12.0000 12.7706
12.0000 11.9196
12.0000 12.6012
12.0000 12.7335
12.0000 12.3192
12.0000 11.4079
12.0000 12.0112
12.0000 12.8947
12.0000 11.5576
12.0000 11.5590
12.0000 12.0321
12.0000 13.6006
12.0000 12.9496
12.0000 12.4956
12.0000 11.6625
12.0000 12.1927
12.0000 12.7595
12.0000 11.8395
12.0000 12.1912
12.0000 12.4735
12.0000 12.3674
12.0000 11.4852
12.0000 12.6196
12.0000 11.3947
12.0000 12.1599
12.0000 12.9463
12.0000 12.6465
12.0000 12.9713
12.0000 11.7381
12.0000 11.6948
12.0000 12.3289
12.0000 12.2731
12.0000 12.0061
12.0000 12.7076
12.0000 12.5700
12.0000 12.0147
12.0000 11.8366
12.0000 12.6750
12.0000 11.9849
12.0000 11.3855
12.0000 12.1688
12.0000 11.5050
12.0000 12.7561
12.0000 12.3855
12.0000 12.4106
12.0000 11.4823
12.0000 12.5809
12.0000 12.3161
12.0000 11.5662
12.0000 12.8418
12.0000 12.2936
12.0000 12.7801
12.0000 12.7644
12.0000 12.1467
12.0000 12.9139
12.0000 12.2836
12.0000 11.4313
12.0000 13.4853
12.0000 12.6008
12.0000 11.7678
12.0000 12.6567
12.0000 11.7174
12.0000 11.9478
12.0000 11.9088
12.0000 11.5807
12.0000 12.0036
12.0000 12.4924
12.0000 11.9993
12.0000 11.9154
12.0000 11.2644
12.0000 12.5361
12.0000 12.8058
12.0000 12.7280
12.0000 12.9971
12.0000 12.1021
12.0000 12.2201
12.0000 11.9705
12.0000 12.3412
12.0000 12.2013
12.0000 11.8501
12.0000 11.6978
12.0000 12.4501
12.0000 12.8196
12.0000 11.3887
12.0000 11.8498
12.0000 12.0697
12.0000 11.7588
12.0000 11.7172
12.0000 11.7728
12.0000 13.3739
12.0000 12.1089
12.0000 11.2366
12.0000 11.8937
12.0000 12.2191
12.0000 12.6586
12.0000 10.5692
12.0000 12.3958
12.0000 11.8203
12.0000 12.4571
12.0000 12.2898
12.0000 11.7521
12.0000 12.8979
12.0000 12.5090
12.0000 11.9965
12.0000 11.9398
12.0000 12.9027
12.0000 10.9620
12.0000 11.4335
12.0000 12.1908
12.0000 12.6337
12.0000 11.5237
12.0000 12.6444
12.0000 12.3024
12.0000 11.6907
12.0000 12.1920
12.0000 11.9646
12.0000 12.4287
12.0000 11.8867
12.0000 11.7710
12.0000 12.2897
12.0000 11.4196
12.0000 12.4057
12.0000 11.6334
12.0000 11.4013
12.0000 11.8151
12.0000 12.0243
12.0000 11.5970
12.0000 11.7232
12.0000 12.7332
12.0000 12.1586
12.0000 12.6959
12.0000 12.6994
12.0000 13.0796
12.0000 11.9977
12.0000 12.7364
12.0000 12.4162
12.0000 12.5093
12.0000 12.4931
12.0000 12.5495
12.0000 12.6656
12.0000 12.4587
12.0000 12.3917
12.0000 10.9162
12.0000 11.6027
12.0000 12.1222
12.0000 13.2660
12.0000 11.0329
12.0000 12.3467
12.0000 12.3987
12.0000 11.8420
12.0000 11.3845
12.0000 11.0718
12.0000 12.2593
12.0000 12.7886
12.0000 12.1830
12.0000 12.0473
12.0000 12.9897
12.0000 13.1778
12.0000 12.3096
12.0000 12.1337
12.0000 12.0065
12.0000 11.4598
12.0000 12.4179
12.0000 12.3939
12.0000 11.2474
12.0000 13.4859
12.0000 12.1952
12.0000 13.4034
12.0000 11.5744
12.0000 12.1804
12.0000 12.0342
12.0000 12.2086
12.0000 12.3096
12.0000 12.0833
12.0000 12.5117
12.0000 11.7482
12.0000 11.9968
12.0000 13.1252
12.0000 11.0841
12.0000 11.7264
12.0000 12.1831
12.0000 12.2886
12.0000 12.2807
12.0000 12.4101
12.0000 12.5869
12.0000 11.7330
12.0000 11.9605
12.0000 12.0254
12.0000 12.4675
12.0000 12.2340
12.0000 12.0516
12.0000 12.1567
12.0000 12.1783
12.0000 11.9847
12.0000 11.4293
12.0000 12.0930
12.0000 12.4786
12.0000 11.9616
12.0000 12.9383
12.0000 12.2679
12.0000 12.5346
12.0000 11.2492
12.0000 11.5842
12.0000 11.4109
12.0000 12.2708
12.0000 11.8912
12.0000 12.8672
12.0000 12.5496
12.0000 12.2879
12.0000 12.4252
12.0000 12.4170
12.0000 13.3955
12.0000 12.0656
12.0000 11.5984
12.0000 11.7434
12.0000 14.0610
12.0000 12.4339
12.0000 12.3868
12.0000 12.5230
12.0000 12.2019
12.0000 12.3629
12.0000 12.9582
12.0000 12.3126
12.0000 12.2594
12.0000 12.4787
12.0000 12.6375
12.0000 12.1132
12.0000 11.4487
12.0000 11.8402
12.0000 11.6521
12.0000 11.6914
12.0000 12.1931
12.0000 13.0367
12.0000 11.5506
12.0000 11.5958
12.0000 11.9940
12.0000 13.6313
12.0000 11.3953
12.0000 12.3719
12.0000 12.2904
12.0000 12.7247
12.0000 12.7196
12.0000 11.0423
12.0000 11.6550
12.0000 11.3926
12.0000 12.1244
12.0000 12.1723
12.0000 12.0720
12.0000 13.6097
12.0000 12.0868
12.0000 12.1589
12.0000 12.2661
12.0000 12.1087
12.0000 11.8595
12.0000 12.6925
12.0000 12.7802
12.0000 12.6200
12.0000 11.5040
12.0000 11.4777
12.0000 12.3346
12.0000 11.5115
12.0000 11.9548
12.0000 12.2944
12.0000 11.3961
12.0000 12.1371
12.0000 12.6704
12.0000 11.9330
12.0000 11.8581
12.0000 11.4162
12.0000 12.4012
12.0000 11.3391
12.0000 13.1908
12.0000 12.4096
12.0000 12.1994
12.0000 11.6863
12.0000 12.6283
12.0000 12.5255
12.0000 12.2874
12.0000 10.9248
12.0000 11.9985
12.0000 11.6883
12.0000 13.2752
12.0000 11.7800
12.0000 13.0858
12.0000 12.9775
12.0000 12.0982
12.0000 12.3789
12.0000 11.7017
12.0000 11.9296
12.0000 11.6209
12.0000 12.3196
12.0000 13.3737
12.0000 12.4805
12.0000 13.1891
12.0000 12.7480
12.0000 11.3179
12.0000 13.5575
12.0000 12.7708
12.0000 11.9515
12.0000 12.6522
12.0000 12.3746
12.0000 12.0759
12.0000 10.9066
12.0000 12.3242
12.0000 11.1435
12.0000 11.5948
12.0000 11.8412
12.0000 11.8531
12.0000 12.6073
12.0000 12.3748
12.0000 12.8249
12.0000 11.6809
12.0000 12.7327
12.0000 12.1296
12.0000 11.6122
12.0000 12.4865
12.0000 11.5499
12.0000 11.9705
12.0000 11.4512
12.0000 11.6447
12.0000 11.5496
12.0000 11.6893
12.0000 12.2801
12.0000 12.5084
12.0000 12.3753
12.0000 11.7515
12.0000 11.9208
12.0000 12.6959
12.0000 11.2833
12.0000 10.7245
12.0000 11.3975
12.0000 12.2156
12.0000 12.8449
12.0000 11.9625
12.0000 12.0421
12.0000 11.9194
12.0000 12.7838
12.0000 12.1464
12.0000 11.9132
12.0000 12.1312
12.0000 12.4822
12.0000 12.8045
12.0000 12.1454
12.0000 12.1750
12.0000 12.0824
12.0000 11.6027
12.0000 12.5454
12.0000 10.9026
12.0000 12.1220
12.0000 12.6293
12.0000 12.5274
12.0000 12.1619
12.0000 12.7456
12.0000 12.5524
12.0000 10.5774
12.0000 12.3012
12.0000 11.9027
12.0000 13.2147
12.0000 11.9815
12.0000 11.9787
12.0000 12.2539
12.0000 12.6403
12.0000 11.5795
12.0000 12.3457
12.0000 12.2605
12.0000 12.0922
12.0000 12.5199
12.0000 12.9323
12.0000 12.1194
12.0000 12.7339
12.0000 12.9477
12.0000 12.3873
12.0000 12.4003
12.0000 11.8247
12.0000 12.1216
12.0000 12.3625
12.0000 12.7294
12.0000 12.5538
12.0000 11.2414
12.0000 11.6130
12.0000 11.0223
12.0000 11.8774
12.0000 11.9301
12.0000 11.0269
12.0000 13.0421
12.0000 12.6071
12.0000 12.7121
12.0000 11.5914
12.0000 11.4056
12.0000 11.0896
12.0000 12.3796
12.0000 11.7829
12.0000 12.3442
12.0000 10.9444
12.0000 12.5026
12.0000 11.8869
12.0000 12.0209
12.0000 12.0357
12.0000 12.1706
12.0000 11.8336
12.0000 12.8486
12.0000 12.4967
12.0000 12.4729
12.0000 11.7360
12.0000 11.1600
12.0000 12.5356
12.0000 13.6003
12.0000 11.4350
12.0000 11.5485
12.0000 11.7265
12.0000 12.0548
12.0000 12.3874
12.0000 13.3735
12.0000 11.6081
12.0000 13.3695
12.0000 13.0130
12.0000 11.1818
12.0000 11.8575
12.0000 12.2423
12.0000 11.9269
12.0000 12.9944
12.0000 12.2344
12.0000 12.7631
12.0000 11.7490
12.0000 11.9176
12.0000 12.2892
12.0000 11.7503
12.0000 12.5697
12.0000 11.3714
12.0000 12.0668
12.0000 11.9158
12.0000 12.5161
12.0000 12.3194
12.0000 12.2742
12.0000 12.1691
12.0000 12.4504
12.0000 13.2664
12.0000 11.9521
12.0000 12.7735
12.0000 12.7121
12.0000 11.1764
12.0000 11.9308
12.0000 11.0174
12.0000 12.6369
12.0000 12.1590
12.0000 11.9726
12.0000 12.7261
12.0000 12.3316
12.0000 12.3593
12.0000 12.5792
12.0000 12.2613
12.0000 12.4872
12.0000 12.4067
12.0000 11.3869
12.0000 12.8975
12.0000 12.4463
12.0000 11.7032
12.0000 11.9604
12.0000 11.0248
12.0000 12.3316
12.0000 11.9505
12.0000 11.8414
12.0000 13.1496
12.0000 11.9171
12.0000 12.2721
12.0000 12.9495
12.0000 11.9684
12.0000 12.6215
12.0000 12.1594
12.0000 12.2879
12.0000 13.7196
12.0000 12.1145
12.0000 12.3971
12.0000 12.6045
12.0000 11.3217
12.0000 11.8783
12.0000 12.4061
12.0000 11.5616
12.0000 12.8038
12.0000 12.5307
12.0000 12.0195
12.0000 12.2821
12.0000 11.8853
12.0000 11.9510
12.0000 12.5878
12.0000 11.5196
12.0000 11.8133
12.0000 11.5666
12.0000 11.8333
12.0000 12.2569
12.0000 12.0896
12.0000 11.1704
12.0000 10.9091
12.0000 11.8388
12.0000 12.4218
12.0000 12.5019
12.0000 13.2340
12.0000 12.0274
12.0000 12.1949
12.0000 11.0201
12.0000 12.3035
12.0000 12.1334
12.0000 12.1889
12.0000 12.3216
12.0000 11.5805
12.0000 12.6187
12.0000 12.1594
12.0000 12.6320
12.0000 11.3414
12.0000 12.7994
12.0000 12.5433
12.0000 11.3569
12.0000 12.6356
12.0000 12.3785
12.0000 11.7320
12.0000 11.8557
12.0000 12.5460
12.0000 11.7172
12.0000 12.1013
12.0000 12.1289
12.0000 12.1841
12.0000 12.5539
12.0000 12.4621
12.0000 12.1565
12.0000 11.9752
12.0000 11.5090
12.0000 12.4076
12.0000 12.3395
12.0000 11.6927
12.0000 11.3504
12.0000 11.6653
12.0000 12.7877
12.0000 11.7428
12.0000 11.2590
12.0000 11.6729
12.0000 11.1658
12.0000 12.8089
12.0000 12.3961
12.0000 13.1496
12.0000 12.0344
12.0000 12.3748
12.0000 11.7935
12.0000 12.7266
12.0000 12.1392
12.0000 12.1642
12.0000 12.1563
12.0000 12.7357
12.0000 11.8127
12.0000 11.8518
12.0000 12.5938
12.0000 12.5468
12.0000 12.0985
12.0000 12.6776
12.0000 12.3976
12.0000 12.8124
12.0000 12.6074
12.0000 12.2699
12.0000 13.1323
12.0000 12.9905
12.0000 11.7960
12.0000 11.7708
12.0000 11.6908
12.0000 12.2558
12.0000 11.4224
12.0000 12.9341
12.0000 12.0743
12.0000 12.7573
12.0000 12.5065
12.0000 12.2162
12.0000 12.5381
12.0000 12.2627
12.0000 11.4165
12.0000 11.8660
12.0000 12.1949
12.0000 11.9555
12.0000 12.4170
12.0000 12.9559
12.0000 11.4390
12.0000 12.2471
12.0000 12.9952
12.0000 12.2081
12.0000 11.7677
12.0000 11.6682
12.0000 12.7666
12.0000 12.0037
12.0000 12.8481
12.0000 12.6541
12.0000 11.5134
12.0000 11.7110
12.0000 11.7027
12.0000 12.2488
12.0000 12.0240
12.0000 12.5766
12.0000 13.0815
12.0000 13.1613
12.0000 12.3558
12.0000 12.1140
12.0000 11.9262
12.0000 12.1797
12.0000 12.7127
12.0000 13.3830
12.0000 12.2514
12.0000 12.0781
12.0000 11.9313
12.0000 11.2213
12.0000 12.2669
12.0000 12.1677
12.0000 12.7044
12.0000 13.3772
12.0000 11.3059
12.0000 12.2751
12.0000 13.1048
12.0000 12.0418
12.0000 12.7841
12.0000 12.1576
12.0000 12.7439
12.0000 11.2312
12.0000 12.3196
12.0000 12.4366
12.0000 12.1352
12.0000 12.1677
12.0000 12.2656
12.0000 12.1010
12.0000 11.7842
12.0000 11.8593
12.0000 11.7485
12.0000 11.8091
12.0000 11.9019
12.0000 11.3262
12.0000 12.1595
12.0000 12.2849
12.0000 11.5811
12.0000 12.4634
12.0000 12.3522
12.0000 12.4753
12.0000 11.9055
12.0000 12.1588
12.0000 11.8012
12.0000 12.0907
12.0000 11.8537
12.0000 13.0841
12.0000 11.7761
12.0000 12.0833
12.0000 12.4662
12.0000 12.9110
12.0000 11.6845
12.0000 11.9123
12.0000 12.2973
12.0000 11.4789
12.0000 12.0266
12.0000 11.4759
12.0000 12.6837
12.0000 12.0898
12.0000 12.2228
12.0000 11.4328
12.0000 11.6609
12.0000 12.2940
12.0000 11.3414
12.0000 12.1754
12.0000 12.6285
12.0000 12.6595
12.0000 12.1791
12.0000 12.0179
12.0000 12.6339
12.0000 12.2963
12.0000 12.2995
12.0000 11.0257
12.0000 11.9506
12.0000 11.2522
12.0000 11.7554
12.0000 12.2470
12.0000 13.0552
12.0000 12.1343
12.0000 11.6185
12.0000 11.9936
12.0000 12.3903
12.0000 12.0406
12.0000 12.6087
12.0000 12.6264
12.0000 12.4952
12.0000 11.1461
12.0000 11.9869
12.0000 11.7593
12.0000 11.9411
12.0000 11.0805
12.0000 12.1561
12.0000 11.9462
12.0000 12.7830
12.0000 12.4579
12.0000 12.7381
12.0000 11.3532
12.0000 11.6197
12.0000 11.8562
12.0000 11.8617
12.0000 12.1576
12.0000 12.0204
12.0000 11.8515
12.0000 11.5236
12.0000 12.9575
12.0000 11.6794
12.0000 11.7946
12.0000 13.0519
12.0000 12.3569
12.0000 12.8178
12.0000 12.4542
12.0000 12.5157
12.0000 11.9646
12.0000 11.7388
12.0000 12.3059
12.0000 11.2953
12.0000 12.0471
12.0000 12.3627
12.0000 12.1256
12.0000 12.1733
12.0000 12.3811
12.0000 12.6093
12.0000 11.4328
12.0000 13.5001
12.0000 11.6863
12.0000 12.2787
12.0000 12.3903
12.0000 11.4095
12.0000 12.4632
12.0000 12.4495
12.0000 11.8883
12.0000 12.1390
12.0000 12.2105
12.0000 11.8211
12.0000 11.9486
12.0000 12.4866
