13.0000 12.6936
13.0000 13.5013
13.0000 13.8235
13.0000 12.3832
13.0000 13.8194
13.0000 13.0549
13.0000 12.7356
13.0000 14.4327
13.0000 12.2769
13.0000 12.5516
13.0000 12.7147
13.0000 12.9410
13.0000 12.8436
13.0000 13.1335
13.0000 12.6197
13.0000 12.2533
13.0000 14.0525
13.0000 13.4380
13.0000 14.5139
13.0000 12.5970
13.0000 13.4213
13.0000 13.3016
13.0000 12.3073
13.0000 12.9882
13.0000 13.0717
13.0000 11.8308
13.0000 14.3712
13.0000 13.0448
13.0000 12.6341
13.0000 12.3520
13.0000 12.6317
13.0000 12.4889
13.0000 13.7714
13.0000 12.5284
13.0000 13.3345
13.0000 13.7208
13.0000 13.0637
13.0000 12.2943
13.0000 12.4704
13.0000 13.6079
13.0000 13.3296
13.0000 12.8882
13.0000 13.4903
13.0000 12.2613
13.0000 13.7082
13.0000 12.7162
13.0000 12.6718
13.0000 13.1678
13.0000 13.6711
13.0000 12.9357
13.0000 13.7712
13.0000 12.7933
13.0000 13.3263
13.0000 12.8447
13.0000 12.5396
13.0000 13.2447
13.0000 12.8243
13.0000 12.8880
13.0000 12.1862
13.0000 12.3108
13.0000 14.3835
13.0000 13.0102
13.0000 12.8991
13.0000 13.4061
13.0000 12.9592
13.0000 12.9521
13.0000 13.3266
13.0000 13.8423
13.0000 13.8657
13.0000 13.5592
13.0000 13.2226
13.0000 12.6924
13.0000 12.9794
13.0000 12.8123
13.0000 12.7559
13.0000 13.4111
13.0000 12.7208
13.0000 12.8292
13.0000 12.2378
13.0000 14.1687
13.0000 12.2311
13.0000 13.1504
13.0000 12.5213
13.0000 12.7309
13.0000 13.8274
13.0000 13.0203
13.0000 13.6004
13.0000 13.5815
13.0000 12.5734
13.0000 14.1435
13.0000 13.2552
13.0000 12.3292
13.0000 12.3368
13.0000 13.7135
13.0000 12.8086
13.0000 13.3078
13.0000 13.1356
13.0000 13.1260
13.0000 12.7882
13.0000 12.2501
13.0000 12.7127
13.0000 13.1578
13.0000 13.9145
13.0000 12.5889
13.0000 12.8930
13.0000 13.1911
13.0000 13.4028
13.0000 13.2407
13.0000 12.7749
13.0000 12.9174
13.0000 12.4797
13.0000 13.6144
13.0000 12.7278
13.0000 13.0307
13.0000 13.6983
13.0000 12.3760
13.0000 13.6114
13.0000 12.7830
13.0000 14.0557
13.0000 12.8989
13.0000 12.9371
13.0000 13.4323
13.0000 13.3378
13.0000 13.0473
13.0000 13.0707
13.0000 13.1660
13.0000 12.8942
13.0000 13.5919
13.0000 13.3214
13.0000 12.0835
13.0000 12.7887
13.0000 13.3744
13.0000 13.7065
13.0000 12.8956
13.0000 13.3060
13.0000 12.8193
13.0000 14.2583
13.0000 13.3417
13.0000 12.7230
13.0000 12.4049
13.0000 12.9347
13.0000 14.3265
13.0000 13.0457
13.0000 13.4186
13.0000 12.3793
13.0000 12.5513
13.0000 13.1664
13.0000 13.4760
13.0000 13.5647
13.0000 12.4479
13.0000 14.2209
13.0000 13.4279
13.0000 13.9573
13.0000 13.3625
13.0000 12.8175
13.0000 12.7316
13.0000 12.7413
13.0000 13.0746
13.0000 12.9833
13.0000 13.1425
13.0000 13.3598
13.0000 14.1876
13.0000 12.4076
13.0000 12.7273
13.0000 12.7380
13.0000 13.2406
13.0000 11.9839
13.0000 12.0544
13.0000 12.7069
13.0000 13.1093
13.0000 13.4944
13.0000 13.5184
13.0000 13.8563
13.0000 13.2657
13.0000 13.1450
13.0000 14.0548
13.0000 12.5763
13.0000 13.4334
13.0000 12.7126
13.0000 12.9999
13.0000 12.5850
13.0000 13.2937
13.0000 12.3001
13.0000 13.6533
13.0000 12.9644
13.0000 13.3129
13.0000 12.8183
13.0000 13.1554
13.0000 13.3817
13.0000 13.0598
13.0000 12.2794
13.0000 14.3323
13.0000 12.4702
13.0000 13.3154
13.0000 13.8161
13.0000 13.4541
13.0000 13.6545
13.0000 13.3287
13.0000 13.1751
13.0000 12.0805
13.0000 12.3144
13.0000 13.5953
13.0000 12.6077
13.0000 14.0145
13.0000 12.6335
13.0000 12.8441
13.0000 13.2061
13.0000 12.4846
13.0000 11.3790
13.0000 13.5283
13.0000 12.3058
13.0000 12.9225
13.0000 12.5940
13.0000 12.7590
13.0000 12.3457
13.0000 12.9630
13.0000 12.1785
13.0000 13.5293
13.0000 13.9517
13.0000 13.1444
13.0000 13.2712
13.0000 12.6810
13.0000 12.8984
13.0000 12.7211
13.0000 12.7345
13.0000 13.8219
13.0000 13.5210
13.0000 13.3237
13.0000 12.7331
13.0000 13.1056
13.0000 13.4732
13.0000 13.1363
13.0000 12.0857
13.0000 13.2953
13.0000 13.7095
13.0000 12.4096
13.0000 12.2301
13.0000 13.4871
13.0000 13.1970
13.0000 13.1565
13.0000 12.1474
13.0000 13.0477
13.0000 11.9417
13.0000 13.8460
13.0000 14.5580
13.0000 13.0894
13.0000 11.8087
13.0000 13.2091
13.0000 13.0992
13.0000 13.3077
13.0000 13.9443
13.0000 13.0380
13.0000 13.1012
13.0000 13.5847
13.0000 13.1121
13.0000 12.7438
13.0000 12.0270
13.0000 12.9461
13.0000 12.5906
13.0000 12.8047
13.0000 12.2580
13.0000 13.5607
13.0000 13.2774
13.0000 12.5337
13.0000 14.5811
13.0000 13.2115
13.0000 12.3439
13.0000 12.4024
13.0000 12.3529
13.0000 13.5897
13.0000 14.3570
13.0000 12.5731
13.0000 13.1204
13.0000 13.6677
13.0000 14.0361
13.0000 12.3938
13.0000 12.4152
13.0000 12.6715
13.0000 13.7062
13.0000 13.1864
13.0000 13.4465
13.0000 12.7725
13.0000 13.6926
13.0000 12.5317
13.0000 13.2945
13.0000 12.7817
13.0000 13.0450
13.0000 13.0697
13.0000 13.3392
13.0000 13.0629
13.0000 13.4072
13.0000 12.6848
13.0000 14.1110
13.0000 12.8276
13.0000 12.3926
13.0000 13.0509
13.0000 12.3468
13.0000 13.1518
13.0000 13.5686
13.0000 13.5089
13.0000 12.9980
13.0000 13.0489
13.0000 13.0005
13.0000 12.0031
13.0000 12.4969
13.0000 13.0770
13.0000 13.8244
13.0000 13.7180
13.0000 13.9473
13.0000 13.1601
13.0000 12.9140
13.0000 12.6996
13.0000 12.9149
13.0000 13.0375
13.0000 13.3609
13.0000 13.6849
13.0000 13.2354
13.0000 12.9316
13.0000 12.7923
13.0000 14.0557
13.0000 13.0331
13.0000 12.1559
13.0000 13.1232
13.0000 13.2149
13.0000 11.2648
13.0000 13.4643
13.0000 13.0346
13.0000 12.4363
13.0000 12.5800
13.0000 14.1438
13.0000 12.7182
13.0000 12.5459
13.0000 13.3076
13.0000 13.6290
13.0000 13.6871
13.0000 13.6326
13.0000 12.0305
13.0000 13.2266
13.0000 13.3260
13.0000 12.8524
13.0000 13.2828
13.0000 13.7192
13.0000 13.7255
13.0000 12.3436
13.0000 12.3394
13.0000 11.1738
13.0000 13.4437
13.0000 13.6400
13.0000 12.7991
13.0000 14.2233
13.0000 13.0362
13.0000 13.3286
13.0000 12.4821
13.0000 13.2324
13.0000 13.0023
13.0000 12.7961
13.0000 13.0004
13.0000 12.8106
13.0000 13.4694
13.0000 12.9048
13.0000 13.1077
13.0000 12.4974
13.0000 12.7682
13.0000 12.3547
13.0000 13.4368
13.0000 12.9913
13.0000 12.9816
13.0000 12.9693
13.0000 13.5403
13.0000 12.4991
13.0000 13.2260
13.0000 12.7868
13.0000 13.5610
13.0000 14.2481
13.0000 12.8565
13.0000 13.4253
13.0000 13.8517
13.0000 13.2754
13.0000 13.0967
13.0000 13.5431
13.0000 12.1139
13.0000 13.1432
13.0000 12.3359
13.0000 12.9177
13.0000 12.3136
13.0000 13.1644
13.0000 13.1987
13.0000 13.1548
13.0000 12.8249
13.0000 12.2101
13.0000 13.1653
13.0000 13.2085
13.0000 12.5540
13.0000 12.6023
13.0000 13.3337
13.0000 12.5300
13.0000 13.2549
13.0000 13.1148
13.0000 13.5692
13.0000 13.3677
13.0000 12.8027
13.0000 13.1051
13.0000 12.4918
13.0000 12.6926
13.0000 12.3744
13.0000 12.1113
13.0000 12.6224
13.0000 13.3741
13.0000 12.5570
13.0000 13.2365
13.0000 12.8721
13.0000 13.1221
13.0000 13.6314
13.0000 12.6620
13.0000 13.4574
13.0000 12.5947
13.0000 13.4381
13.0000 12.0652
13.0000 13.6063
13.0000 12.0701
13.0000 14.1547
13.0000 13.0406
13.0000 12.6663
13.0000 13.5678
13.0000 13.7470
13.0000 13.2275
13.0000 12.6191
13.0000 13.3022
13.0000 13.3442
13.0000 11.9693
13.0000 12.7602
13.0000 13.0016
13.0000 12.4401
13.0000 12.2344
13.0000 12.7127
13.0000 12.7949
13.0000 13.2764
13.0000 12.7875
13.0000 13.4908
13.0000 13.8045
13.0000 13.2818
13.0000 13.1643
13.0000 13.5653
13.0000 13.4198
13.0000 12.6664
13.0000 11.8917
13.0000 12.4269
13.0000 12.6754
13.0000 13.2583
13.0000 13.8155
13.0000 12.6926
13.0000 12.8782
13.0000 12.4917
13.0000 13.4304
13.0000 13.1866
13.0000 12.6996
13.0000 13.4810
13.0000 12.5485
13.0000 13.4656
13.0000 12.1000
13.0000 12.1577
13.0000 13.1594
13.0000 12.7991
13.0000 13.9549
13.0000 12.6968
13.0000 14.0979
13.0000 12.6198
13.0000 13.4313
13.0000 12.9104
13.0000 12.9352
13.0000 13.0431
13.0000 13.5412
13.0000 14.3547
13.0000 13.2564
13.0000 13.4290
13.0000 13.4373
13.0000 12.8433
13.0000 13.7438
13.0000 14.3531
13.0000 13.1193
13.0000 13.5603
13.0000 12.6628
13.0000 13.0406
13.0000 13.8152
13.0000 11.9861
13.0000 12.6965
13.0000 12.5474
13.0000 12.7108
13.0000 13.1927
13.0000 13.4607
13.0000 12.5303
13.0000 12.7188
13.0000 13.3252
13.0000 13.0730
13.0000 13.1666
13.0000 12.1949
13.0000 13.0663
13.0000 11.7346
13.0000 13.9952
13.0000 13.6123
13.0000 12.9815
13.0000 12.1896
13.0000 14.3866
13.0000 12.3277
13.0000 12.3036
13.0000 14.0081
13.0000 12.9834
13.0000 12.0451
13.0000 14.0815
13.0000 13.3081
13.0000 12.7356
13.0000 12.2045
13.0000 13.6982
13.0000 13.3920
13.0000 12.2320
13.0000 13.4005
13.0000 12.8750
13.0000 13.2465
13.0000 13.1265
13.0000 12.3963
13.0000 14.2885
13.0000 13.1253
13.0000 12.5580
13.0000 12.8127
13.0000 13.1940
13.0000 12.5682
13.0000 14.0949
13.0000 13.2282
13.0000 13.0831
13.0000 13.1191
13.0000 12.9725
13.0000 12.3287
13.0000 11.9148
13.0000 12.7674
13.0000 13.4456
13.0000 13.4487
13.0000 12.4080
13.0000 12.8316
13.0000 13.4327
13.0000 12.4821
13.0000 13.0242
13.0000 12.3986
13.0000 13.5175
13.0000 12.4218
13.0000 12.8673
13.0000 12.9405
13.0000 13.2170
13.0000 11.8658
13.0000 12.8163
13.0000 12.4175
13.0000 12.0353
13.0000 13.3461
13.0000 13.3536
13.0000 13.0397
13.0000 13.8416
13.0000 12.9070
13.0000 13.2572
13.0000 13.5155
13.0000 12.9917
13.0000 13.2256
13.0000 13.5402
13.0000 13.1733
13.0000 12.9601
13.0000 13.2578
13.0000 13.0965
13.0000 13.9848
13.0000 12.7076
13.0000 12.7515
13.0000 12.7826
13.0000 13.5771
13.0000 13.1142
13.0000 12.2347
13.0000 13.3531
13.0000 13.4173
13.0000 13.4502
13.0000 13.3280
13.0000 13.6322
13.0000 13.0557
13.0000 13.7801
13.0000 12.7578
13.0000 13.7730
13.0000 14.1702
13.0000 11.7575
13.0000 12.6956
13.0000 12.9967
13.0000 12.6075
13.0000 13.6058
13.0000 14.2052
13.0000 13.4545
13.0000 12.9910
13.0000 13.4525
13.0000 12.7987
13.0000 13.0846
13.0000 12.8294
13.0000 13.4801
13.0000 13.0462
13.0000 13.3473
13.0000 13.4291
13.0000 13.3454
13.0000 13.0282
13.0000 12.3717
13.0000 13.4180
13.0000 13.4877
13.0000 14.0689
13.0000 12.6010
13.0000 13.6212
13.0000 12.7621
13.0000 12.6977
13.0000 12.8997
13.0000 14.1036
13.0000 13.5178
13.0000 12.8509
13.0000 13.3197
13.0000 13.5939
13.0000 12.3549
13.0000 13.7991
13.0000 12.5846
13.0000 12.5275
13.0000 13.2907
13.0000 13.5103
13.0000 13.4509
13.0000 12.9513
13.0000 13.3372
13.0000 13.1379
13.0000 13.4427
13.0000 13.0105
13.0000 13.3159
13.0000 11.8280
13.0000 12.4190
13.0000 12.9067
13.0000 12.9130
13.0000 12.7488
13.0000 12.8116
13.0000 13.3647
13.0000 12.5887
13.0000 13.1439
13.0000 13.2482
13.0000 12.8644
13.0000 13.4643
13.0000 12.8031
13.0000 13.0266
13.0000 13.0435
13.0000 12.6871
13.0000 13.9375
13.0000 12.9789
13.0000 13.1349
13.0000 13.4994
13.0000 13.5879
13.0000 13.2991
13.0000 13.2129
13.0000 13.4515
13.0000 13.3496
13.0000 13.2727
13.0000 13.9434
13.0000 13.3644
13.0000 13.5773
13.0000 13.7882
13.0000 12.4663
13.0000 13.5139
13.0000 13.2451
13.0000 12.7949
13.0000 13.6047
13.0000 12.5240
13.0000 12.4453
13.0000 13.2779
13.0000 12.2996
13.0000 13.2878
13.0000 13.3113
13.0000 12.6730
13.0000 12.6330
13.0000 13.3445
13.0000 13.4386
13.0000 13.9645
13.0000 11.9137
13.0000 12.6359
13.0000 13.5765
13.0000 13.0260
13.0000 13.3897
13.0000 13.8173
13.0000 13.6331
13.0000 14.3218
13.0000 12.1593
13.0000 13.3275
13.0000 13.3978
13.0000 13.8213
13.0000 13.4744
13.0000 12.8540
13.0000 12.1853
13.0000 12.2644
13.0000 14.2939
13.0000 13.4460
13.0000 13.6250
13.0000 12.5253
13.0000 13.9877
13.0000 12.0743
13.0000 13.5383
13.0000 12.8177
13.0000 12.9098
13.0000 13.2731
13.0000 13.4675
13.0000 12.5562
13.0000 13.5498
13.0000 12.6959
13.0000 12.5657
13.0000 13.3515
13.0000 12.6913
13.0000 12.9680
13.0000 12.7710
13.0000 13.3525
13.0000 13.8848
13.0000 12.5520
13.0000 14.3565
13.0000 13.0042
13.0000 13.2022
13.0000 13.4628
13.0000 12.7730
13.0000 13.4970
13.0000 13.1937
13.0000 13.5405
13.0000 12.6681
13.0000 13.3141
13.0000 12.2380
13.0000 13.1429
13.0000 12.6211
13.0000 13.1711
13.0000 12.0271
13.0000 13.4331
13.0000 13.1156
13.0000 12.8972
13.0000 13.5277
13.0000 12.8043
13.0000 13.6096
13.0000 13.4630
13.0000 13.4905
13.0000 13.0833
13.0000 11.9807
13.0000 13.6268
13.0000 13.1669
13.0000 12.9305
13.0000 13.2612
13.0000 12.7330
13.0000 14.4816
13.0000 12.4345
13.0000 13.5015
13.0000 13.4793
13.0000 13.2626
13.0000 13.0751
13.0000 12.9895
13.0000 13.4462
13.0000 12.9757
13.0000 13.3041
13.0000 12.9822
13.0000 13.5332
13.0000 12.8985
13.0000 13.6353
13.0000 13.4339
13.0000 13.8728
13.0000 12.1110
13.0000 12.2815
13.0000 13.0737
13.0000 13.4212
13.0000 12.8468
13.0000 13.3010
13.0000 13.0276
13.0000 12.3605
13.0000 13.9186
13.0000 12.6307
13.0000 13.2195
13.0000 12.7891
13.0000 13.0876
13.0000 12.9017
13.0000 12.6896
13.0000 12.8138
13.0000 12.9054
13.0000 13.5656
13.0000 13.8809
13.0000 13.0145
13.0000 13.5200
13.0000 13.4724
13.0000 13.5083
13.0000 13.6942
13.0000 12.7008
13.0000 12.3880
13.0000 12.8509
13.0000 13.1798
13.0000 12.9294
13.0000 12.6003
13.0000 13.4648
13.0000 12.0570
13.0000 12.0770
13.0000 13.6508
13.0000 12.8990
13.0000 13.2474
13.0000 12.6525
13.0000 12.9029
13.0000 12.2540
13.0000 12.7225
13.0000 12.9005
13.0000 12.3084
13.0000 13.0289
13.0000 13.0985
13.0000 13.8183
13.0000 12.5576
13.0000 12.5177
13.0000 13.3704
13.0000 13.0244
13.0000 12.7138
13.0000 13.2753
13.0000 13.6928
13.0000 12.8603
13.0000 12.6006
13.0000 13.3860
13.0000 13.4020
13.0000 12.9833
13.0000 13.0883
13.0000 13.2095
13.0000 12.7359
13.0000 12.8872
13.0000 12.4299
13.0000 13.2520
13.0000 12.9626
13.0000 14.0462
13.0000 13.1689
13.0000 14.0365
13.0000 12.6917
13.0000 12.9319
13.0000 13.0677
13.0000 11.9024
13.0000 12.7367
13.0000 11.7412
13.0000 12.5013
13.0000 13.2398
13.0000 13.9649
13.0000 13.0121
13.0000 13.9319
13.0000 13.0679
13.0000 12.9567
13.0000 12.3420
13.0000 13.3266
13.0000 13.0827
13.0000 12.6547
13.0000 12.7974
13.0000 13.1261
13.0000 13.4295
13.0000 13.9506
13.0000 13.4253
13.0000 14.0964
13.0000 12.1118
13.0000 13.2553
13.0000 13.9614
13.0000 12.9633
13.0000 13.2054
13.0000 12.5196
13.0000 13.7595
13.0000 14.4644
13.0000 12.7798
13.0000 13.1067
13.0000 13.2021
13.0000 13.9872
13.0000 12.7428
13.0000 12.1195
13.0000 12.6533
13.0000 12.2479
13.0000 12.6022
13.0000 13.3530
13.0000 13.4469
13.0000 12.1911
13.0000 13.3200
13.0000 13.5253
13.0000 13.0647
13.0000 13.4894
13.0000 13.5946
13.0000 12.6617
13.0000 12.1442
13.0000 12.6212
13.0000 14.4691
13.0000 13.6405
13.0000 12.2951
13.0000 13.3398
13.0000 13.9489
13.0000 13.0530
13.0000 11.9993
13.0000 13.0154
13.0000 13.1840
13.0000 13.3525
13.0000 12.7836
13.0000 14.3324
13.0000 13.5959
13.0000 12.0439
13.0000 13.0200
13.0000 13.3170
13.0000 12.7342
13.0000 12.5456
13.0000 13.4331
13.0000 13.1332
13.0000 11.8540
13.0000 13.5532
13.0000 14.0268
13.0000 12.3701
13.0000 13.7810
13.0000 12.6988
13.0000 12.5366
13.0000 13.5110
13.0000 12.3602
13.0000 12.2554
13.0000 14.4176
13.0000 13.1348
13.0000 13.2362
13.0000 13.5782
13.0000 13.3911
13.0000 13.7920
13.0000 12.4004
13.0000 13.4483
13.0000 11.8907
13.0000 13.4242
13.0000 12.6534
13.0000 12.2810
13.0000 11.8057
13.0000 12.5407
13.0000 12.9080
13.0000 13.6469
13.0000 13.4007
13.0000 13.6723
13.0000 13.1533
13.0000 13.5313
13.0000 12.8533
13.0000 13.1290
13.0000 13.4618
13.0000 11.9984
13.0000 12.7432
13.0000 13.9203
13.0000 12.9317
13.0000 12.6723
13.0000 14.2202
13.0000 13.3443
13.0000 13.6623
13.0000 13.5790
13.0000 13.7335
13.0000 12.9531
13.0000 13.6728
13.0000 13.4512
13.0000 12.9199
13.0000 13.1505
13.0000 13.4956
13.0000 13.1687
13.0000 13.6886
13.0000 13.1976
13.0000 13.5627
13.0000 13.0750
13.0000 13.0620
13.0000 12.0016
13.0000 13.1878
13.0000 13.0896
13.0000 13.6226
13.0000 13.1821
13.0000 13.0471
13.0000 13.8686
13.0000 13.6203
13.0000 13.3320
13.0000 13.1321
13.0000 14.0165
13.0000 12.8501
13.0000 13.1941
13.0000 13.0557
13.0000 12.8809
13.0000 13.3401
13.0000 12.4519
13.0000 12.9930
13.0000 13.8312
13.0000 13.9876
13.0000 14.5489
13.0000 12.6520
13.0000 13.7410
13.0000 12.5386
13.0000 13.0573
13.0000 11.8970
13.0000 13.3629
13.0000 13.2466
13.0000 12.3084
13.0000 12.8005
13.0000 12.9545
13.0000 12.5943
13.0000 12.4238
13.0000 13.0254
13.0000 13.1447
13.0000 13.6665
13.0000 13.2743
13.0000 12.9416
13.0000 12.8268
13.0000 13.1103
13.0000 12.6843
13.0000 12.7182
13.0000 13.7926
13.0000 12.7735
13.0000 13.0208
13.0000 12.5994
13.0000 13.7399
13.0000 13.1330
13.0000 12.8109
13.0000 13.8047
13.0000 13.1565
13.0000 12.7682
13.0000 13.2062
13.0000 13.5480
13.0000 14.1954
13.0000 12.9588
13.0000 13.3213
13.0000 13.3693
13.0000 12.8876
13.0000 12.5977
13.0000 13.9902
13.0000 13.9421
13.0000 13.8167
13.0000 12.5826
13.0000 12.7974
13.0000 12.6361
13.0000 13.4324
13.0000 13.9018
13.0000 13.3847
13.0000 13.3570
13.0000 13.1329
13.0000 12.0136
13.0000 12.4248
13.0000 12.5260
13.0000 13.3457
13.0000 11.9426
13.0000 12.7524
13.0000 13.0935
13.0000 13.6288
13.0000 12.7837
13.0000 13.3126
13.0000 12.7048
13.0000 13.3475
13.0000 13.6337
13.0000 12.8157
13.0000 13.0528
13.0000 12.5562
13.0000 11.9109
13.0000 12.1361
13.0000 13.9098
13.0000 13.2379
13.0000 14.4220
13.0000 12.6026
13.0000 13.5932
13.0000 13.1849
13.0000 12.8867
13.0000 13.2432
13.0000 13.4135
13.0000 13.2622
13.0000 12.8452
13.0000 12.9742
13.0000 12.4971
13.0000 13.5606
13.0000 12.6710
13.0000 12.0124
13.0000 12.4171
13.0000 12.8583
13.0000 12.5076
13.0000 13.2892
13.0000 12.4577
13.0000 13.3965
13.0000 12.9084
13.0000 13.3439
13.0000 12.6670
13.0000 13.2189
13.0000 13.4632
13.0000 14.2760
13.0000 12.9507
13.0000 14.4573
13.0000 13.6506
13.0000 13.3904
13.0000 12.8277
13.0000 13.1693
13.0000 13.0155
13.0000 13.4466
13.0000 13.0800
13.0000 13.1413
13.0000 12.2334
13.0000 12.7700
13.0000 13.2722
13.0000 13.8260
13.0000 13.0163
13.0000 12.5030
13.0000 13.2352
13.0000 12.7848
13.0000 12.5246
13.0000 13.5077
13.0000 13.8125
13.0000 12.0140
13.0000 12.8541
13.0000 12.4000
13.0000 12.9790
13.0000 13.2628
13.0000 12.2843
13.0000 13.4521
13.0000 12.6323
13.0000 13.4955
13.0000 13.5972
13.0000 13.7443
13.0000 13.5185
13.0000 13.2017
13.0000 13.8846
13.0000 13.2599
13.0000 12.4961
13.0000 14.7507
13.0000 12.8095
13.0000 13.4245
13.0000 13.4522
13.0000 12.5087
13.0000 12.5261
13.0000 14.1402
13.0000 13.7456
13.0000 12.9201
13.0000 12.3318
13.0000 13.3919
13.0000 11.9381
13.0000 12.5596
13.0000 12.9188
13.0000 12.7560
13.0000 13.2604
13.0000 12.0712
13.0000 12.6514
13.0000 12.9301
13.0000 12.5388
13.0000 13.7944
13.0000 13.9363
13.0000 12.7072
13.0000 12.6190
13.0000 12.6999
13.0000 13.2922
13.0000 12.2423
13.0000 13.8268
13.0000 12.5040
13.0000 13.1172
13.0000 13.3589
13.0000 13.7019
13.0000 12.7274
13.0000 12.6805
13.0000 12.3281
13.0000 13.1668
13.0000 12.0236
13.0000 13.1112
13.0000 12.5232
13.0000 13.0880
13.0000 12.5383
13.0000 13.2271
13.0000 13.6208
13.0000 13.3515
13.0000 13.0084
13.0000 12.8528
13.0000 12.9542
13.0000 13.2352
13.0000 13.0849
13.0000 13.2230
13.0000 13.0206
13.0000 13.2683
13.0000 13.9184
13.0000 13.8450
13.0000 12.6241
13.0000 12.6942
13.0000 12.6987
13.0000 12.7045
13.0000 12.4093
13.0000 12.6143
13.0000 12.5123
13.0000 12.7982
13.0000 13.7632
13.0000 12.5635
13.0000 12.8583
13.0000 13.3226
13.0000 12.0396
13.0000 13.3199
13.0000 13.4779
13.0000 12.9957
13.0000 13.1903
13.0000 13.2973
13.0000 12.8889
13.0000 12.7288
13.0000 12.6074
13.0000 13.5717
13.0000 13.5444
13.0000 12.7877
13.0000 13.5684
13.0000 12.5337
13.0000 13.1052
13.0000 13.8522
13.0000 13.1836
13.0000 13.4189
13.0000 11.8588
13.0000 13.3654
13.0000 12.5841
13.0000 13.1462
13.0000 13.6496
13.0000 13.0581
13.0000 12.8149
13.0000 12.7653
13.0000 13.2674
13.0000 12.4825
13.0000 13.5269
13.0000 13.4074
13.0000 12.4528
13.0000 12.2261
13.0000 13.2494
13.0000 12.3242
13.0000 13.3280
13.0000 14.0727
13.0000 12.9792
13.0000 12.5676
13.0000 12.4662
13.0000 13.0598
13.0000 13.2096
13.0000 13.0947
13.0000 13.2734
13.0000 13.0338
13.0000 12.8407
13.0000 13.3899
13.0000 13.7987
13.0000 12.8886
13.0000 14.3056
13.0000 13.1196
13.0000 12.4272
13.0000 14.4719
13.0000 12.2992
13.0000 13.4275
13.0000 11.6003
13.0000 13.0724
13.0000 12.3725
13.0000 13.2221
13.0000 12.6414
13.0000 12.7476
13.0000 12.8297
13.0000 13.5101
13.0000 12.7549
13.0000 12.9040
13.0000 13.5857
13.0000 12.3207
13.0000 13.5176
13.0000 12.7397
13.0000 12.5520
13.0000 12.6473
13.0000 13.5809
13.0000 12.4933
13.0000 12.9374
13.0000 12.8263
13.0000 13.9156
13.0000 13.8328
13.0000 12.1548
13.0000 13.3077
13.0000 12.9416
13.0000 12.4105
13.0000 12.4434
13.0000 13.7393
13.0000 12.8861
13.0000 13.1971
13.0000 12.2207
13.0000 13.3041
13.0000 13.1403
13.0000 13.7293
13.0000 13.5370
13.0000 12.5729
13.0000 13.0733
13.0000 12.6091
13.0000 13.2150
13.0000 13.5271
13.0000 13.2685
13.0000 12.8698
13.0000 13.0987
13.0000 12.8627
13.0000 12.3976
13.0000 12.8008
13.0000 13.8174
13.0000 14.2152
13.0000 13.1313
13.0000 13.5010
13.0000 12.9699
13.0000 13.7837
13.0000 12.4355
13.0000 12.1417
13.0000 12.4605
13.0000 13.2953
13.0000 12.8300
13.0000 13.4514
13.0000 12.6776
13.0000 12.6135
13.0000 13.2821
13.0000 13.3870
13.0000 12.0693
13.0000 13.2285
13.0000 13.4019
13.0000 13.7804
13.0000 12.3234
13.0000 13.2616
13.0000 12.6693
13.0000 12.7466
13.0000 13.0055
13.0000 13.2791
13.0000 13.6515
13.0000 12.5813
13.0000 12.6906
13.0000 12.9291
13.0000 13.3212
13.0000 12.7293
13.0000 14.9851
13.0000 13.6957
13.0000 12.9658
13.0000 13.3517
13.0000 13.6274
13.0000 12.8508
13.0000 13.1665
13.0000 13.7660
13.0000 12.8714
13.0000 12.9890
13.0000 13.3234
13.0000 12.7084
13.0000 12.9614
13.0000 12.7729
13.0000 13.0714
13.0000 13.2283
13.0000 12.9409
13.0000 13.5205
13.0000 13.0156
13.0000 13.5540
13.0000 13.2414
13.0000 12.9674
13.0000 12.8937
13.0000 13.4239
13.0000 13.7095
13.0000 12.7274
13.0000 13.0494
13.0000 14.0208
13.0000 12.8531
13.0000 12.1723
13.0000 13.1504
13.0000 12.7808
13.0000 13.3595
13.0000 12.1604
13.0000 14.0771
13.0000 12.6962
13.0000 13.4831
13.0000 12.8469
13.0000 13.4091
13.0000 13.5987
13.0000 13.7542
13.0000 12.8664
13.0000 13.1596
13.0000 13.8293
13.0000 13.3704
13.0000 12.1984
13.0000 13.3966
13.0000 13.8240
13.0000 12.9156
13.0000 13.4818
13.0000 13.2002
13.0000 12.7682
13.0000 12.7515
13.0000 12.3511
13.0000 13.5419
13.0000 13.2255
13.0000 13.4377
13.0000 13.6445
13.0000 13.1283
13.0000 12.2034
13.0000 13.0391
13.0000 13.3395
13.0000 13.5473
13.0000 12.2822
13.0000 13.8258
13.0000 13.3867
13.0000 14.0212
13.0000 12.4066
13.0000 13.7998
13.0000 13.8865
13.0000 13.3672
13.0000 13.4920
13.0000 12.9875
13.0000 13.2218
13.0000 12.3971
13.0000 12.7784
13.0000 13.2632
13.0000 12.8097
13.0000 13.5966
13.0000 12.8130
13.0000 11.9812
13.0000 13.4824
13.0000 13.2174
13.0000 13.2389
13.0000 13.0808
13.0000 12.6230
13.0000 13.4430
13.0000 12.6559
13.0000 13.0966
13.0000 12.7837
13.0000 12.9859
13.0000 13.3617
13.0000 13.5098
13.0000 12.7868
13.0000 13.7912
13.0000 12.6015
13.0000 13.4508
13.0000 13.6003
13.0000 13.0779
13.0000 12.6827
13.0000 13.2000
13.0000 12.6839
13.0000 13.2446
13.0000 13.8186
13.0000 12.9147
13.0000 13.8120
13.0000 12.5384
13.0000 11.8103
13.0000 13.4058
13.0000 12.5831
13.0000 13.7941
13.0000 12.6225
13.0000 12.5333
13.0000 13.3703
13.0000 13.6469
13.0000 13.9320
13.0000 13.9155
13.0000 13.3954
13.0000 13.4746
13.0000 13.3688
13.0000 13.0904
13.0000 14.3840
13.0000 12.9618
13.0000 14.0176
13.0000 13.2689
13.0000 12.9592
13.0000 13.1996
13.0000 13.5497
13.0000 13.4622
13.0000 13.2862
13.0000 12.7323
13.0000 11.7470
13.0000 15.0161
13.0000 13.4595
13.0000 13.8838
13.0000 12.3523
13.0000 12.8027
13.0000 13.5813
13.0000 13.1630
13.0000 13.4412
13.0000 13.0519
13.0000 13.0138
13.0000 11.8455
13.0000 12.6640
13.0000 13.7340
13.0000 12.8374
13.0000 12.6464
13.0000 12.5674
13.0000 14.3523
13.0000 14.4106
13.0000 13.4909
13.0000 13.2058
13.0000 12.7100
13.0000 11.6988
13.0000 12.8535
13.0000 13.3903
13.0000 12.9592
13.0000 12.8241
13.0000 13.6256
13.0000 14.0763
13.0000 13.0989
13.0000 12.6062
13.0000 12.4884
13.0000 12.3446
13.0000 12.8894
13.0000 12.6378
13.0000 13.2558
13.0000 13.1333
13.0000 13.0100
13.0000 13.8408
13.0000 13.2990
13.0000 13.7948
13.0000 14.4460
13.0000 13.1792
13.0000 12.3817
13.0000 12.6303
13.0000 13.7440
13.0000 12.2232
13.0000 13.4574
13.0000 12.7789
13.0000 13.7325
13.0000 13.2028
13.0000 13.1471
13.0000 13.2783
13.0000 13.0176
13.0000 12.6917
13.0000 12.7416
13.0000 12.7220
13.0000 12.9697
13.0000 12.6549
13.0000 13.5064
13.0000 12.9611
13.0000 13.7295
13.0000 12.5851
13.0000 12.8426
13.0000 13.0049
13.0000 13.6156
13.0000 12.9684
13.0000 13.5352
13.0000 13.0718
13.0000 12.4854
13.0000 13.0923
13.0000 12.9494
13.0000 13.1289
13.0000 13.4062
13.0000 12.8592
13.0000 12.3833
13.0000 13.3803
13.0000 12.2253
13.0000 13.5146
13.0000 13.0994
13.0000 13.4395
13.0000 13.2105
13.0000 13.1445
13.0000 12.4276
13.0000 13.4817
13.0000 13.3692
13.0000 13.7554
13.0000 13.3829
13.0000 13.0030
13.0000 14.2377
13.0000 13.0795
13.0000 13.7814
13.0000 13.6633
13.0000 12.8291
13.0000 12.9974
13.0000 12.8543
13.0000 13.6692
13.0000 12.7354
13.0000 12.8839
13.0000 13.2846
13.0000 13.7894
13.0000 13.4778
13.0000 14.1240
13.0000 12.5240
13.0000 13.3196
13.0000 13.6366
13.0000 12.5463
13.0000 12.5487
13.0000 12.8342
13.0000 13.7325
13.0000 12.8298
13.0000 13.3824
13.0000 13.0864
13.0000 13.6564
13.0000 14.4509
13.0000 13.6956
13.0000 13.7541
13.0000 12.2666
13.0000 13.1267
13.0000 13.6166
13.0000 13.8593
13.0000 13.4414
13.0000 12.8288
13.0000 13.3028
13.0000 13.0621
13.0000 13.6347
13.0000 12.9032
13.0000 12.4720
13.0000 12.2440
13.0000 13.4767
13.0000 13.1457
13.0000 13.1810
13.0000 13.3691
13.0000 12.7209
13.0000 12.6040
13.0000 13.6397
13.0000 13.8941
13.0000 13.2966
13.0000 12.9206
13.0000 12.6612
13.0000 12.1934
13.0000 12.7968
13.0000 13.9252
13.0000 12.3309
13.0000 13.9329
13.0000 12.9309
13.0000 13.2234
13.0000 11.9961
13.0000 12.5111
13.0000 12.4502
13.0000 13.1764
13.0000 13.1948
13.0000 12.9357
13.0000 12.0813
13.0000 12.3479
13.0000 12.6337
13.0000 13.0796
13.0000 12.8426
13.0000 13.0473
13.0000 12.5382
13.0000 14.7425
13.0000 14.7264
13.0000 12.9953
13.0000 12.8540
13.0000 14.1079
13.0000 12.8348
13.0000 13.0682
13.0000 12.5641
13.0000 12.6295
13.0000 12.9796
13.0000 13.6758
13.0000 12.5086
13.0000 12.9463
13.0000 12.5448
13.0000 13.1728
13.0000 13.1860
13.0000 13.0628
13.0000 12.0975
13.0000 12.9453
13.0000 13.9039
13.0000 13.5809
13.0000 12.6508
13.0000 13.0785
13.0000 13.0907
13.0000 13.4919
13.0000 13.5364
13.0000 13.0052
13.0000 12.9019
13.0000 12.8930
13.0000 13.8280
13.0000 13.3752
13.0000 13.2723
13.0000 13.6077
13.0000 13.2916
13.0000 13.5961
13.0000 13.1602
13.0000 12.8988
13.0000 12.4555
13.0000 12.6997
13.0000 13.4082
13.0000 13.1232
13.0000 11.9422
13.0000 12.9048
13.0000 14.1735
13.0000 12.8359
13.0000 13.2455
13.0000 13.3197
13.0000 13.4181
13.0000 12.9692
13.0000 13.2746
13.0000 12.3420
13.0000 12.3587
13.0000 12.9091
13.0000 14.1157
13.0000 13.9093
13.0000 13.0154
13.0000 13.0534
13.0000 12.9689
13.0000 14.0351
13.0000 11.6137
13.0000 13.0578
13.0000 12.7777
13.0000 12.8230
13.0000 12.6440
13.0000 13.9618
13.0000 13.3358
13.0000 12.5716
13.0000 14.1634
13.0000 13.3598
13.0000 12.8772
13.0000 13.3304
13.0000 13.0309
13.0000 12.6748
13.0000 13.0013
13.0000 12.7518
13.0000 12.4069
13.0000 13.3421
13.0000 12.5196
13.0000 12.9482
13.0000 12.4838
13.0000 12.5929
13.0000 13.0370
13.0000 13.3011
13.0000 12.4191
13.0000 12.4814
13.0000 13.3664
13.0000 12.9646
13.0000 12.7725
13.0000 13.3636
13.0000 12.8643
13.0000 11.6448
13.0000 13.8276
13.0000 13.2324
13.0000 12.3515
13.0000 13.1107
13.0000 12.7364
13.0000 13.3989
13.0000 13.3948
13.0000 12.8533
13.0000 12.7113
13.0000 12.7332
13.0000 13.2216
13.0000 13.5322
13.0000 12.7364
13.0000 13.1045
13.0000 13.6161
13.0000 12.9521
13.0000 12.0569
13.0000 13.2429
13.0000 13.2754
13.0000 12.8473
13.0000 13.2579
13.0000 13.3166
13.0000 12.6016
13.0000 12.6231
13.0000 13.7508
13.0000 12.8851
13.0000 12.9398
13.0000 13.8687
13.0000 13.1004
13.0000 13.3641
13.0000 13.0250
13.0000 13.7303
13.0000 13.3856
13.0000 13.0196
13.0000 13.7448
13.0000 13.3235
13.0000 12.7162
13.0000 13.1873
13.0000 13.5933
13.0000 11.9665
13.0000 13.4532
13.0000 13.6318
13.0000 13.1268
13.0000 13.5593
13.0000 12.4841
13.0000 14.2075
13.0000 12.9324
13.0000 13.2470
13.0000 12.8316
13.0000 12.5379
13.0000 13.6717
13.0000 12.4392
13.0000 13.0904
13.0000 13.7868
13.0000 13.5235
13.0000 13.4422
13.0000 13.6057
13.0000 12.8456
13.0000 12.6388
13.0000 12.9491
13.0000 13.2527
13.0000 12.0212
13.0000 12.7809
13.0000 12.3630
13.0000 13.0743
13.0000 12.9212
13.0000 12.6976
13.0000 12.7168
13.0000 12.5210
13.0000 13.6620
13.0000 12.8031
13.0000 12.9212
13.0000 12.9579
13.0000 12.9280
13.0000 12.3845
13.0000 13.7552
13.0000 12.7643
13.0000 13.5245
13.0000 12.5312
13.0000 13.4695
13.0000 13.9195
13.0000 13.1290
13.0000 12.8553
13.0000 13.6869
13.0000 13.7442
13.0000 13.4388
13.0000 13.3260
13.0000 12.9100
13.0000 12.7333
13.0000 13.5064
13.0000 12.4131
13.0000 11.8177
13.0000 14.4750
13.0000 12.2658
13.0000 12.8795
13.0000 13.3280
13.0000 13.9454
13.0000 12.6679
13.0000 12.4336
13.0000 13.0497
13.0000 13.2131
13.0000 13.7892
13.0000 13.1926
13.0000 13.7485
13.0000 13.7494
13.0000 13.3222
13.0000 13.6632
13.0000 13.3548
13.0000 13.0884
13.0000 12.7280
13.0000 13.3407
13.0000 12.5476
13.0000 13.4010
13.0000 13.3606
13.0000 13.6219
13.0000 12.1387
13.0000 12.0406
13.0000 12.6797
13.0000 12.3698
13.0000 14.5320
13.0000 12.9415
13.0000 13.1024
13.0000 13.1819
13.0000 12.1824
13.0000 13.5807
13.0000 13.6126
13.0000 13.6492
13.0000 12.9446
13.0000 13.0829
13.0000 13.3443
13.0000 12.9132
13.0000 13.7309
13.0000 13.0041
13.0000 12.7968
13.0000 13.9183
13.0000 13.3925
13.0000 11.9817
13.0000 12.7360
13.0000 13.7189
13.0000 13.7317
13.0000 12.6283
13.0000 12.3702
13.0000 13.1272
13.0000 13.0855
13.0000 12.9740
13.0000 11.9143
13.0000 13.1104
13.0000 12.0831
13.0000 13.6752
13.0000 12.4601
13.0000 13.4737
13.0000 13.5930
13.0000 12.5156
13.0000 13.8152
13.0000 12.2900
13.0000 13.0461
13.0000 12.8949
13.0000 12.7600
13.0000 13.3488
13.0000 12.9975
13.0000 13.5991
13.0000 14.2661
13.0000 13.0732
13.0000 12.2579
13.0000 13.2143
13.0000 13.4292
13.0000 13.1872
13.0000 12.6309
13.0000 12.7449
13.0000 12.6573
13.0000 13.3238
13.0000 13.3994
13.0000 12.5496
13.0000 13.9125
13.0000 12.8970
13.0000 13.5901
13.0000 13.3196
13.0000 13.4510
13.0000 12.9097
13.0000 13.3552
13.0000 13.1738
13.0000 14.3353
13.0000 13.8043
13.0000 13.5383
13.0000 13.2643
13.0000 13.1552
13.0000 13.0248
13.0000 13.2341
13.0000 13.1904
13.0000 13.7141
13.0000 12.3623
13.0000 13.4445
13.0000 13.7819
13.0000 13.0933
13.0000 14.4236
13.0000 12.8506
13.0000 12.9631
13.0000 12.8882
13.0000 13.3592
13.0000 12.7616
13.0000 13.3852
13.0000 13.0523
13.0000 13.9223
13.0000 13.1900
13.0000 12.7887
13.0000 13.1544
13.0000 11.8680
13.0000 13.0166
13.0000 12.5303
13.0000 13.1020
13.0000 13.0575
13.0000 12.5844
13.0000 13.1201
13.0000 12.7443
13.0000 12.2288
13.0000 12.7651
13.0000 12.7318
13.0000 13.7025
13.0000 13.1185
13.0000 13.1505
13.0000 12.3732
13.0000 12.7614
13.0000 13.6460
13.0000 13.3591
13.0000 13.1035
13.0000 13.2677
13.0000 13.2718
13.0000 14.1392
13.0000 12.7661
13.0000 12.3819
13.0000 13.4283
13.0000 12.8569
13.0000 13.0459
13.0000 13.4499
13.0000 13.7217
13.0000 13.0373
13.0000 13.7378
13.0000 12.7271
13.0000 13.0785
13.0000 12.3346
13.0000 13.2848
13.0000 13.4219
13.0000 14.0694
13.0000 14.2229
13.0000 13.7892
13.0000 12.6902
13.0000 12.9525
13.0000 12.9009
13.0000 12.3936
13.0000 12.6218
13.0000 12.5824
13.0000 13.5036
13.0000 12.8246
13.0000 12.9559
13.0000 13.2145
13.0000 14.0375
13.0000 13.2842
13.0000 13.0279
13.0000 12.5645
13.0000 11.7486
13.0000 12.6792
13.0000 13.0985
13.0000 13.3103
13.0000 12.7503
13.0000 13.5489
13.0000 12.1254
13.0000 12.2075
13.0000 13.8785
13.0000 12.8131
13.0000 13.4989
13.0000 13.6259
13.0000 13.5017
13.0000 13.1995
13.0000 13.2264
13.0000 12.9072
13.0000 12.9052
13.0000 13.3667
13.0000 12.9453
13.0000 13.7490
13.0000 12.4497
13.0000 12.9454
13.0000 13.1243
13.0000 14.2469
13.0000 13.9114
13.0000 13.3085
13.0000 12.4350
13.0000 13.4663
13.0000 12.1282
13.0000 13.8913
13.0000 14.2037
13.0000 13.9082
13.0000 12.7067
13.0000 13.6501
13.0000 12.9021
13.0000 13.7462
13.0000 13.1960
13.0000 12.2726
13.0000 12.8736
13.0000 12.4221
13.0000 12.4243
13.0000 13.7822
13.0000 12.5865
13.0000 12.6797
13.0000 12.6594
13.0000 12.6203
13.0000 13.5775
13.0000 13.6844
13.0000 13.4225
13.0000 13.7301
13.0000 13.5057
13.0000 13.3429
13.0000 12.5886
13.0000 12.4929
13.0000 13.2626
13.0000 12.2499
13.0000 13.9216
13.0000 14.3849
13.0000 12.8122
13.0000 12.4614
13.0000 13.4057
13.0000 13.2920
13.0000 12.5865
13.0000 14.2081
13.0000 13.6352
13.0000 12.2642
13.0000 11.7822
13.0000 12.3366
13.0000 13.2539
13.0000 13.7316
13.0000 13.5636
13.0000 13.1490
13.0000 13.4662
13.0000 11.9049
13.0000 12.9582
13.0000 13.2212
13.0000 12.8748
13.0000 13.5744
13.0000 13.9805
13.0000 13.3060
13.0000 13.7928
13.0000 12.9643
13.0000 13.7661
13.0000 13.9643
13.0000 12.6028
13.0000 13.1361
13.0000 13.0476
13.0000 13.1840
13.0000 13.2620
13.0000 12.5345
13.0000 12.4002
13.0000 13.3683
13.0000 13.8157
13.0000 12.2469
13.0000 12.9930
13.0000 14.0966
13.0000 13.3670
13.0000 12.7295
13.0000 13.6365
13.0000 13.4319
13.0000 13.4724
13.0000 13.0961
13.0000 12.7316
13.0000 13.5765
13.0000 13.1560
13.0000 12.6237
13.0000 13.2557
13.0000 12.7724
13.0000 11.7019
13.0000 12.9320
13.0000 13.4976
13.0000 13.8024
13.0000 12.5255
13.0000 14.0288
13.0000 12.0365
13.0000 12.5036
13.0000 13.3273
13.0000 12.7270
13.0000 12.7410
13.0000 13.4309
13.0000 13.2319
13.0000 13.0321
13.0000 13.2242
13.0000 13.1593
13.0000 13.1089
13.0000 13.3034
13.0000 12.7588
13.0000 13.1974
13.0000 12.6429
13.0000 13.5212
13.0000 13.7279
13.0000 13.7605
13.0000 13.6019
13.0000 13.5952
13.0000 12.8622
13.0000 13.4715
13.0000 12.9457
13.0000 13.0684
13.0000 13.5474
13.0000 13.6399
13.0000 13.8128
13.0000 12.9012
13.0000 12.6241
13.0000 13.1214
13.0000 13.5677
13.0000 13.7798
13.0000 12.2760
13.0000 13.7087
13.0000 12.6366
13.0000 13.2264
13.0000 14.1388
13.0000 13.5115
13.0000 12.7876
13.0000 13.1430
13.0000 12.8072
13.0000 12.7195
13.0000 14.0767
13.0000 12.9668
13.0000 13.4320
13.0000 13.4624
13.0000 13.6408
13.0000 12.8313
13.0000 14.3075
13.0000 12.6874
13.0000 12.7689
13.0000 13.7402
13.0000 13.4839
13.0000 11.9339
13.0000 12.8285
13.0000 13.3011
13.0000 13.4234
13.0000 13.2514
13.0000 13.4135
13.0000 14.1489
13.0000 13.0190
13.0000 12.9446
13.0000 12.2514
13.0000 13.8444
13.0000 13.8288
13.0000 13.3224
13.0000 13.3537
13.0000 13.0845
13.0000 12.3664
13.0000 13.9122
13.0000 12.5635
13.0000 13.4261
13.0000 12.7428
13.0000 12.8454
13.0000 14.1508
13.0000 12.8382
13.0000 13.4472
13.0000 13.5230
13.0000 12.1442
13.0000 13.3164
13.0000 12.8153
13.0000 12.8938
13.0000 13.0267
13.0000 12.7270
13.0000 13.8248
13.0000 13.8241
13.0000 13.1642
13.0000 13.6587
13.0000 13.8032
13.0000 13.0215
13.0000 12.7089
13.0000 12.9672
13.0000 12.9548
13.0000 13.3735
13.0000 12.6439
13.0000 13.5047
13.0000 12.5299
13.0000 13.2769
13.0000 13.0712
13.0000 12.3664
13.0000 12.6466
13.0000 12.6667
13.0000 12.4784
13.0000 13.8824
13.0000 12.8066
13.0000 12.5171
13.0000 12.5725
13.0000 13.0085
13.0000 11.9054
13.0000 13.0936
13.0000 12.6913
13.0000 13.2313
13.0000 13.2610
13.0000 13.1210
13.0000 12.9561
13.0000 12.8731
13.0000 12.4915
13.0000 12.2086
13.0000 13.2833
13.0000 13.7767
13.0000 13.4094
13.0000 12.2789
13.0000 12.6702
13.0000 12.7211
13.0000 13.6906
13.0000 12.4508
13.0000 12.6584
13.0000 13.7094
13.0000 13.6910
13.0000 13.3872
13.0000 13.2492
13.0000 13.6364
13.0000 13.2132
13.0000 12.4186
13.0000 13.6345
13.0000 13.6596
13.0000 13.4332
13.0000 12.4916
13.0000 13.5717
13.0000 13.3648
13.0000 13.3439
13.0000 13.0783
13.0000 13.7557
13.0000 12.7507
13.0000 12.7942
13.0000 12.9905
13.0000 13.3773
13.0000 12.0338
13.0000 12.9892
13.0000 13.3088
13.0000 12.5224
13.0000 13.2942
13.0000 13.2129
13.0000 13.3825
13.0000 12.7525
13.0000 14.2370
13.0000 12.8525
13.0000 12.3544
13.0000 12.9166
13.0000 13.4812
13.0000 12.3819
13.0000 12.9670
13.0000 13.0667
13.0000 13.1551
13.0000 12.3556
13.0000 13.0406
13.0000 12.4247
13.0000 12.7263
13.0000 14.2656
13.0000 13.7789
13.0000 12.4786
13.0000 13.5048
13.0000 13.0204
13.0000 13.7808
13.0000 12.3309
13.0000 13.6491
13.0000 13.6099
13.0000 13.3329
13.0000 13.6602
13.0000 13.1682
13.0000 12.9537
13.0000 14.4692
13.0000 13.0169
13.0000 13.7517
13.0000 13.1149
13.0000 13.4073
13.0000 13.1246
13.0000 13.1621
13.0000 12.5542
13.0000 13.1705
13.0000 12.9080
13.0000 12.8245
13.0000 13.2281
13.0000 12.5183
13.0000 13.5869
13.0000 12.8719
13.0000 13.2195
13.0000 12.9150
13.0000 13.5716
13.0000 12.8449
13.0000 12.0034
13.0000 12.9209
13.0000 13.3640
13.0000 14.0863
13.0000 12.5603
13.0000 13.3417
13.0000 13.7143
13.0000 13.4749
13.0000 12.3949
13.0000 13.7328
13.0000 13.5493
13.0000 13.4266
13.0000 13.8239
13.0000 12.7895
13.0000 12.8302
13.0000 13.4096
13.0000 13.4521
13.0000 13.4198
13.0000 13.8548
13.0000 12.5201
13.0000 12.9301
13.0000 14.1901
13.0000 12.4162
13.0000 12.5695
13.0000 14.0355
13.0000 12.6740
13.0000 12.3544
13.0000 13.3711
13.0000 13.4162
13.0000 12.9348
13.0000 13.9654
13.0000 13.0162
13.0000 13.9458
13.0000 12.2782
13.0000 13.1536
13.0000 14.3845
13.0000 12.9918
13.0000 12.6536
13.0000 12.0858
13.0000 13.7510
13.0000 11.8554
13.0000 12.9092
13.0000 13.4311
13.0000 12.8095
13.0000 12.7625
13.0000 13.2183
13.0000 13.9087
13.0000 12.4274
13.0000 12.8561
13.0000 12.5875
13.0000 13.5991
13.0000 12.5007
13.0000 13.2229
13.0000 13.5144
13.0000 13.2154
13.0000 12.5008
13.0000 13.7380
13.0000 12.6127
13.0000 13.3858
13.0000 12.7304
13.0000 13.6849
13.0000 12.6497
13.0000 14.2203
13.0000 13.1020
13.0000 13.9383
13.0000 13.9888
13.0000 12.3919
13.0000 12.5162
13.0000 12.8874
13.0000 13.5449
13.0000 13.0195
13.0000 11.9345
13.0000 12.4317
13.0000 12.7489
13.0000 12.9897
13.0000 13.7701
13.0000 12.9510
13.0000 13.4453
13.0000 13.3977
13.0000 13.5453
13.0000 12.5334
13.0000 13.2946
13.0000 13.5408
13.0000 14.1171
13.0000 12.9122
13.0000 13.4470
13.0000 13.2146
13.0000 12.8136
13.0000 13.2448
13.0000 13.2814
13.0000 12.9996
13.0000 13.2797
13.0000 12.7487
13.0000 12.8014
13.0000 13.6415
13.0000 11.8677
13.0000 13.6825
13.0000 12.7479
13.0000 13.4375
13.0000 13.2052
13.0000 13.7984
13.0000 12.8234
13.0000 14.3841
13.0000 13.3704
13.0000 13.2403
13.0000 13.4741
13.0000 13.0896
13.0000 12.4188
13.0000 13.2493
13.0000 12.9542
13.0000 12.7734
13.0000 12.4872
13.0000 13.3719
13.0000 11.8907
13.0000 13.2023
13.0000 13.4461
13.0000 13.1314
13.0000 12.4582
13.0000 13.4164
13.0000 12.8011
13.0000 13.7359
13.0000 13.0436
13.0000 12.7811
13.0000 12.7549
13.0000 12.8150
13.0000 13.6533
13.0000 13.7376
13.0000 12.6627
13.0000 13.2286
13.0000 13.7184
13.0000 12.9362
13.0000 12.8825
13.0000 12.5411
13.0000 13.4604
13.0000 13.0425
13.0000 12.9732
13.0000 12.9128
13.0000 13.2917
13.0000 12.0116
13.0000 12.2385
13.0000 13.0694
13.0000 12.9041
13.0000 11.9220
13.0000 12.6734
13.0000 12.9154
13.0000 12.8705
13.0000 13.4871
13.0000 13.1105
13.0000 13.3752
13.0000 13.1469
13.0000 12.8095
13.0000 12.5136
13.0000 13.5470
13.0000 12.8199
13.0000 14.0973
13.0000 13.0052
13.0000 12.9540
13.0000 12.5944
13.0000 12.6619
13.0000 12.2544
13.0000 13.0818
13.0000 12.7062
13.0000 13.1538
13.0000 11.9828
13.0000 13.0048
13.0000 13.3240
13.0000 13.4618
13.0000 12.7560
13.0000 13.2963
13.0000 12.9925
13.0000 12.6355
13.0000 12.4261
13.0000 13.6342
13.0000 13.5194
13.0000 12.5243
13.0000 12.1629
13.0000 13.4676
13.0000 13.3836
13.0000 13.4185
13.0000 12.7284
13.0000 13.3310
13.0000 12.9331
13.0000 12.2722
13.0000 11.8796
13.0000 13.7896
13.0000 13.9513
13.0000 12.8709
13.0000 12.4967
13.0000 12.4394
13.0000 12.9397
13.0000 14.2187
13.0000 12.3244
13.0000 12.6361
13.0000 13.3762
13.0000 13.3822
13.0000 13.2968
13.0000 13.6692
13.0000 12.1692
13.0000 12.5075
13.0000 13.1289
13.0000 13.2209
13.0000 13.7504
13.0000 12.9470
13.0000 12.3915
13.0000 12.4211
13.0000 12.2826
13.0000 13.5619
13.0000 12.9305
13.0000 12.1862
13.0000 13.5622
13.0000 13.1746
13.0000 14.9712
13.0000 13.5987
13.0000 12.6286
13.0000 12.4677
13.0000 13.5571
13.0000 11.7942
13.0000 12.6981
13.0000 12.8796
13.0000 12.9709
13.0000 13.9886
13.0000 12.9419
13.0000 13.8103
13.0000 13.3974
13.0000 13.2315
13.0000 12.5804
13.0000 13.0283
13.0000 12.6301
13.0000 12.5321
13.0000 13.4144
13.0000 14.0139
13.0000 13.7732
13.0000 13.3097
13.0000 13.6642
13.0000 12.8379
13.0000 12.9796
13.0000 12.6776
13.0000 12.4348
13.0000 12.8993
13.0000 12.5272
13.0000 12.5180
13.0000 13.4387
13.0000 13.4371
13.0000 12.9960
