16.0000 15.1518
16.0000 16.6501
16.0000 15.1901
16.0000 16.6181
16.0000 15.4421
16.0000 15.3486
16.0000 14.9952
16.0000 15.8450
16.0000 15.7817
16.0000 16.5569
16.0000 15.0781
16.0000 15.8075
16.0000 16.0722
16.0000 15.6308
16.0000 16.3002
16.0000 15.6315
16.0000 16.1284
16.0000 14.8194
16.0000 15.8071
16.0000 15.6987
16.0000 15.2236
16.0000 15.5885
16.0000 16.9248
16.0000 16.4339
16.0000 16.6264
16.0000 14.9814
16.0000 15.9287
16.0000 16.5987
16.0000 16.7231
16.0000 15.1830
16.0000 15.5178
16.0000 16.0386
16.0000 16.2735
16.0000 16.0900
16.0000 15.8528
16.0000 16.3991
16.0000 16.7011
16.0000 16.4617
16.0000 15.2127
16.0000 15.1897
16.0000 15.3502
16.0000 15.5377
16.0000 15.8199
16.0000 15.6712
16.0000 18.2108
16.0000 16.0836
16.0000 16.4984
16.0000 16.7444
16.0000 16.0119
16.0000 15.2215
16.0000 16.3353
16.0000 15.0562
16.0000 14.8780
16.0000 14.9058
16.0000 15.2366
16.0000 16.3001
16.0000 15.9298
16.0000 17.2314
16.0000 16.9134
16.0000 15.6872
16.0000 16.0013
16.0000 15.0857
16.0000 15.2050
16.0000 15.8117
16.0000 15.8634
16.0000 15.5952
16.0000 15.6814
16.0000 15.4761
16.0000 15.8640
16.0000 15.6714
16.0000 15.4947
16.0000 16.8029
16.0000 15.8607
16.0000 15.4407
16.0000 14.6893
16.0000 17.1360
16.0000 16.1720
16.0000 15.6384
16.0000 15.4944
16.0000 15.8386
16.0000 15.7501
16.0000 15.8343
16.0000 16.6620
16.0000 15.5994
16.0000 16.0904
16.0000 16.0758
16.0000 15.9557
16.0000 16.5418
16.0000 15.4160
16.0000 15.2316
16.0000 15.3005
16.0000 16.0110
16.0000 15.4852
16.0000 17.0857
16.0000 16.0678
16.0000 16.5634
16.0000 15.8677
16.0000 15.0130
16.0000 15.0258
16.0000 14.9590
16.0000 16.0133
16.0000 16.4017
16.0000 16.2047
16.0000 15.8020
16.0000 15.5851
16.0000 15.8268
16.0000 15.0709
16.0000 15.7488
16.0000 16.3991
16.0000 17.0214
16.0000 15.7036
16.0000 16.1302
16.0000 16.6778
16.0000 16.1956
16.0000 15.3113
16.0000 15.6220
16.0000 16.3178
16.0000 15.6974
16.0000 16.1812
16.0000 16.1818
16.0000 15.3484
16.0000 15.4411
16.0000 15.9730
16.0000 16.2801
16.0000 16.6718
16.0000 15.1789
16.0000 15.8797
16.0000 15.9957
16.0000 14.9714
16.0000 15.6575
16.0000 16.5535
16.0000 15.6543
16.0000 15.8198
16.0000 17.0284
16.0000 16.1440
16.0000 15.2648
16.0000 15.1637
16.0000 16.3073
16.0000 15.8598
16.0000 15.5976
16.0000 16.0923
16.0000 16.4198
16.0000 15.6321
16.0000 14.9376
16.0000 16.5148
16.0000 15.5165
16.0000 16.8083
16.0000 15.7802
16.0000 15.8950
16.0000 15.3900
16.0000 15.3468
16.0000 15.6018
16.0000 15.7854
16.0000 16.0675
16.0000 15.5997
16.0000 15.9463
16.0000 15.0777
16.0000 16.1430
16.0000 17.1129
16.0000 15.4086
16.0000 15.5292
16.0000 15.7259
16.0000 15.9749
16.0000 15.9535
16.0000 15.6776
16.0000 16.8006
16.0000 16.2698
16.0000 16.2313
16.0000 16.7418
16.0000 16.4691
16.0000 16.1752
16.0000 15.3815
16.0000 15.7256
16.0000 15.1908
16.0000 16.1512
16.0000 17.5654
16.0000 15.7571
16.0000 15.2195
16.0000 16.1592
16.0000 17.1540
16.0000 15.9415
16.0000 15.9956
16.0000 15.5949
16.0000 15.9851
16.0000 14.7996
16.0000 15.6590
16.0000 15.6756
16.0000 16.4071
16.0000 17.7268
16.0000 16.5182
16.0000 16.3451
16.0000 14.9653
16.0000 15.1876
16.0000 14.8935
16.0000 15.6980
16.0000 15.8821
16.0000 15.1410
16.0000 15.2491
16.0000 15.1296
16.0000 15.9399
16.0000 16.0406
16.0000 15.8964
16.0000 15.9106
16.0000 14.8679
16.0000 16.4379
16.0000 15.4909
16.0000 15.4117
16.0000 16.0156
16.0000 15.3973
16.0000 16.2826
16.0000 15.2117
16.0000 16.2307
16.0000 16.3960
16.0000 15.5809
16.0000 16.6944
16.0000 16.3001
16.0000 16.1366
16.0000 16.0790
16.0000 16.4888
16.0000 16.1394
16.0000 15.8637
16.0000 17.0769
16.0000 15.8868
16.0000 15.8706
16.0000 16.2704
16.0000 15.4363
16.0000 16.5195
16.0000 15.6026
16.0000 16.1812
16.0000 15.3567
16.0000 16.5200
16.0000 15.9363
16.0000 16.5968
16.0000 16.4590
16.0000 16.8906
16.0000 15.7740
16.0000 15.5598
16.0000 15.5435
16.0000 14.6169
16.0000 15.3323
16.0000 15.4635
16.0000 16.3934
16.0000 15.7449
16.0000 15.7832
16.0000 15.7073
16.0000 15.6059
16.0000 15.3954
16.0000 15.4051
16.0000 15.7998
16.0000 15.5595
16.0000 15.2438
16.0000 15.1414
16.0000 16.1454
16.0000 16.1736
16.0000 15.8511
16.0000 15.4368
16.0000 15.9355
16.0000 17.0353
16.0000 15.7408
16.0000 15.8113
16.0000 15.4510
16.0000 15.5209
16.0000 15.9023
16.0000 15.6042
16.0000 15.5134
16.0000 16.8206
16.0000 15.3769
16.0000 15.9182
16.0000 16.5875
16.0000 15.4804
16.0000 16.1435
16.0000 15.5704
16.0000 16.3742
16.0000 16.6502
16.0000 16.2056
16.0000 15.2630
16.0000 15.5663
16.0000 16.9920
16.0000 16.1498
16.0000 15.3382
16.0000 16.5028
16.0000 15.6518
16.0000 16.9897
16.0000 15.8072
16.0000 15.3905
16.0000 16.8854
16.0000 16.8444
16.0000 15.7576
16.0000 16.3823
16.0000 15.7996
16.0000 15.6971
16.0000 15.9195
16.0000 15.8534
16.0000 16.0080
16.0000 16.1289
16.0000 15.4840
16.0000 15.4976
16.0000 15.3278
16.0000 15.1844
16.0000 15.2220
16.0000 15.6972
16.0000 15.2027
16.0000 16.0274
16.0000 15.4667
16.0000 16.2509
16.0000 15.3710
16.0000 16.1635
16.0000 15.7556
16.0000 15.3791
16.0000 15.2941
16.0000 15.7324
16.0000 15.7834
16.0000 16.8028
16.0000 15.1434
16.0000 15.5021
16.0000 15.2989
16.0000 15.4002
16.0000 15.5887
16.0000 16.3448
16.0000 16.0974
16.0000 15.7887
16.0000 16.0116
16.0000 16.3018
16.0000 16.1170
16.0000 16.9010
16.0000 16.5597
16.0000 16.1891
16.0000 15.4571
16.0000 15.5758
16.0000 15.2590
16.0000 16.1854
16.0000 15.6958
16.0000 16.4524
16.0000 15.9268
16.0000 15.0373
16.0000 14.8786
16.0000 15.1491
16.0000 17.2853
16.0000 15.9080
16.0000 15.9719
16.0000 15.5170
16.0000 14.8754
16.0000 16.0239
16.0000 14.9075
16.0000 16.6067
16.0000 15.9287
16.0000 15.8062
16.0000 15.4144
16.0000 15.0446
16.0000 15.7147
16.0000 15.3872
16.0000 15.3894
16.0000 16.2305
16.0000 15.9620
16.0000 15.3611
16.0000 15.9341
16.0000 15.4357
16.0000 16.1134
16.0000 15.9963
16.0000 17.5643
16.0000 16.9267
16.0000 16.2070
16.0000 15.8356
16.0000 16.1195
16.0000 15.7090
16.0000 15.9350
16.0000 16.4978
16.0000 15.7677
16.0000 16.3329
16.0000 16.6832
16.0000 15.2555
16.0000 16.0329
16.0000 15.9897
16.0000 15.9506
16.0000 16.4226
16.0000 16.5932
16.0000 16.9428
16.0000 15.6743
16.0000 15.7558
16.0000 15.5828
16.0000 16.0578
16.0000 15.7083
16.0000 16.7360
16.0000 15.5300
16.0000 15.2007
16.0000 15.6921
16.0000 15.2368
16.0000 15.6566
16.0000 16.9669
16.0000 15.2966
16.0000 16.9406
16.0000 15.0587
16.0000 16.0914
16.0000 15.8829
16.0000 15.7781
16.0000 15.8874
16.0000 15.9237
16.0000 16.1519
16.0000 17.2857
16.0000 16.1923
16.0000 15.9480
16.0000 16.2932
16.0000 15.9675
16.0000 16.1695
16.0000 15.9887
16.0000 16.0251
16.0000 15.8429
16.0000 15.2856
16.0000 16.0798
16.0000 16.4166
16.0000 15.7247
16.0000 16.0924
16.0000 16.1441
16.0000 15.0344
16.0000 15.8415
16.0000 15.8015
16.0000 15.0858
16.0000 15.5116
16.0000 15.7696
16.0000 16.8739
16.0000 15.4853
16.0000 15.7290
16.0000 15.8280
16.0000 15.3714
16.0000 15.3042
16.0000 15.0505
16.0000 14.9456
16.0000 16.4466
16.0000 15.0858
16.0000 15.3498
16.0000 14.5885
16.0000 16.1430
16.0000 15.8541
16.0000 15.7045
16.0000 15.5906
16.0000 16.0481
16.0000 15.9546
16.0000 16.0656
16.0000 15.8996
16.0000 16.9727
16.0000 15.2250
16.0000 16.2966
16.0000 16.0044
16.0000 15.8171
16.0000 17.0976
16.0000 15.7695
16.0000 16.3127
16.0000 16.2622
16.0000 15.3057
16.0000 16.9842
16.0000 16.6102
16.0000 16.8143
16.0000 16.5663
16.0000 15.6198
16.0000 15.1312
16.0000 14.4562
16.0000 16.1516
16.0000 14.9584
16.0000 15.6030
16.0000 15.4898
16.0000 15.5438
16.0000 15.9005
16.0000 15.2272
16.0000 16.4748
16.0000 15.8521
16.0000 15.5873
16.0000 15.8759
16.0000 16.5192
16.0000 15.7114
16.0000 16.2009
16.0000 15.5465
16.0000 15.2068
16.0000 15.5765
16.0000 15.3377
16.0000 16.3130
16.0000 15.8548
16.0000 16.0463
16.0000 15.6222
16.0000 15.4161
16.0000 17.1622
16.0000 15.7881
16.0000 16.0508
16.0000 14.7272
16.0000 15.4278
16.0000 15.9107
16.0000 16.2408
16.0000 17.0520
16.0000 16.4718
16.0000 15.9982
16.0000 17.3767
16.0000 16.2921
16.0000 16.6973
16.0000 16.2510
16.0000 15.2526
16.0000 16.4501
16.0000 16.2886
16.0000 15.5312
16.0000 15.0325
16.0000 16.1336
16.0000 15.4736
16.0000 16.7735
16.0000 15.5490
16.0000 15.8492
16.0000 15.9391
16.0000 16.6086
16.0000 16.2944
16.0000 15.6973
16.0000 16.8341
16.0000 16.0706
16.0000 15.4213
16.0000 15.5953
16.0000 16.4737
16.0000 15.8766
16.0000 15.3880
16.0000 17.1968
16.0000 16.5976
16.0000 15.9331
16.0000 15.3000
16.0000 15.8419
16.0000 16.1483
16.0000 16.8106
16.0000 16.1952
16.0000 14.9202
16.0000 16.7182
16.0000 16.4638
16.0000 16.7371
16.0000 15.2872
16.0000 16.3330
16.0000 16.0688
16.0000 15.1384
16.0000 15.9199
16.0000 16.7627
16.0000 16.3438
16.0000 15.6527
16.0000 15.7357
16.0000 15.8812
16.0000 17.0198
16.0000 15.8661
16.0000 16.5193
16.0000 14.3624
16.0000 16.3794
16.0000 15.6783
16.0000 15.1071
16.0000 16.1433
16.0000 15.6745
16.0000 15.8301
16.0000 16.5969
16.0000 15.6157
16.0000 15.2384
16.0000 15.7603
16.0000 15.1711
16.0000 15.0110
16.0000 16.0629
16.0000 15.3092
16.0000 15.8890
16.0000 15.6864
16.0000 14.9946
16.0000 15.5636
16.0000 15.7309
16.0000 16.6634
16.0000 15.3528
16.0000 14.9703
16.0000 15.5549
16.0000 15.2328
16.0000 15.7750
16.0000 16.7329
16.0000 15.4005
16.0000 15.3765
16.0000 15.5435
16.0000 15.8858
16.0000 16.6939
16.0000 15.9834
16.0000 16.9744
16.0000 15.6161
16.0000 16.3436
16.0000 16.0165
16.0000 16.5230
16.0000 15.7159
16.0000 15.1572
16.0000 15.4381
16.0000 15.8535
16.0000 15.6168
16.0000 15.1920
16.0000 16.9485
16.0000 16.6355
16.0000 16.7380
16.0000 15.7890
16.0000 15.7445
16.0000 15.2250
16.0000 14.8976
16.0000 16.5321
16.0000 15.4774
16.0000 15.6061
16.0000 13.9083
16.0000 17.0978
16.0000 15.9507
16.0000 15.7573
16.0000 15.8010
16.0000 16.6598
16.0000 15.1134
16.0000 15.9656
16.0000 15.5225
16.0000 16.1911
16.0000 16.6652
16.0000 16.2699
16.0000 15.5531
16.0000 15.9573
16.0000 15.8428
16.0000 14.8426
16.0000 16.0071
16.0000 16.4445
16.0000 13.9659
16.0000 16.3535
16.0000 15.8024
16.0000 16.2246
16.0000 15.9974
16.0000 15.7594
16.0000 16.3797
16.0000 16.4125
16.0000 14.8588
16.0000 16.0859
16.0000 15.8845
16.0000 15.9769
16.0000 16.3239
16.0000 16.6464
16.0000 16.0436
16.0000 16.0563
16.0000 14.6913
16.0000 16.2086
16.0000 15.5208
16.0000 15.7056
16.0000 16.2259
16.0000 15.7312
16.0000 15.0058
16.0000 16.7341
16.0000 15.3141
16.0000 15.5119
16.0000 15.7768
16.0000 16.4202
16.0000 15.8329
16.0000 16.3054
16.0000 15.7735
16.0000 16.2158
16.0000 16.7258
16.0000 16.0615
16.0000 16.2942
16.0000 16.2703
16.0000 16.4157
16.0000 14.8440
16.0000 15.4273
16.0000 15.6485
16.0000 15.9791
16.0000 16.8979
16.0000 16.3801
16.0000 16.5901
16.0000 15.4349
16.0000 16.3565
16.0000 15.4503
16.0000 15.6825
16.0000 15.8007
16.0000 16.1576
16.0000 14.9872
16.0000 16.1208
16.0000 16.2138
16.0000 14.7069
16.0000 15.5043
16.0000 15.3696
16.0000 15.8288
16.0000 15.6676
16.0000 15.0506
16.0000 17.0004
16.0000 17.3048
16.0000 15.4041
16.0000 15.2292
16.0000 15.0591
16.0000 15.3125
16.0000 15.3851
16.0000 16.3397
16.0000 15.7989
16.0000 15.7637
16.0000 16.0857
16.0000 16.3795
16.0000 17.4046
16.0000 15.9870
16.0000 15.6369
16.0000 15.6268
16.0000 15.7178
16.0000 15.8940
16.0000 15.0314
16.0000 16.4627
16.0000 16.8639
16.0000 16.0862
16.0000 16.0558
16.0000 16.1479
16.0000 16.1841
16.0000 15.2256
16.0000 16.8121
16.0000 16.4641
16.0000 15.2378
16.0000 16.0636
16.0000 15.1513
16.0000 15.8440
16.0000 15.7544
16.0000 16.3480
16.0000 16.4710
16.0000 16.1318
16.0000 16.0520
16.0000 15.5969
16.0000 15.4630
16.0000 16.2239
16.0000 15.4232
16.0000 14.9626
16.0000 16.7407
16.0000 15.3297
16.0000 15.1335
16.0000 15.8840
16.0000 14.8461
16.0000 15.7883
16.0000 15.4800
16.0000 15.5369
16.0000 16.1781
16.0000 16.7756
16.0000 14.8823
16.0000 15.2205
16.0000 15.5282
16.0000 16.3795
16.0000 16.9874
16.0000 15.4480
16.0000 14.9500
16.0000 15.7841
16.0000 15.4142
16.0000 16.4278
16.0000 16.3904
16.0000 15.5725
16.0000 17.0220
16.0000 15.4241
16.0000 15.9577
16.0000 15.1265
16.0000 15.8603
16.0000 15.5506
16.0000 15.9412
16.0000 15.5868
16.0000 16.0499
16.0000 16.1211
16.0000 16.2651
16.0000 15.5569
16.0000 16.7320
16.0000 16.6112
16.0000 15.9181
16.0000 16.2609
16.0000 16.7838
16.0000 15.9085
16.0000 15.5677
16.0000 15.7908
16.0000 15.7493
16.0000 14.9772
16.0000 16.2627
16.0000 16.7258
16.0000 15.2878
16.0000 15.0719
16.0000 15.7560
16.0000 16.0427
16.0000 15.9343
16.0000 14.9890
16.0000 15.0350
16.0000 15.7689
16.0000 16.0112
16.0000 16.2756
16.0000 14.9408
16.0000 16.0073
16.0000 15.5420
16.0000 16.4025
16.0000 15.2080
16.0000 15.6880
16.0000 15.2936
16.0000 14.5877
16.0000 15.5875
16.0000 15.2178
16.0000 15.5572
16.0000 15.5242
16.0000 15.8235
16.0000 16.7151
16.0000 15.7040
16.0000 16.0056
16.0000 15.4971
16.0000 16.7523
16.0000 15.9752
16.0000 16.2197
16.0000 15.1807
16.0000 16.0812
16.0000 16.2900
16.0000 14.9625
16.0000 16.3399
16.0000 15.8861
16.0000 16.2469
16.0000 15.6282
16.0000 16.0690
16.0000 15.8254
16.0000 14.9195
16.0000 15.8732
16.0000 15.9658
16.0000 15.7047
16.0000 15.8437
16.0000 15.7369
16.0000 16.1643
16.0000 15.8092
16.0000 15.8311
16.0000 15.6216
16.0000 14.9673
16.0000 16.4337
16.0000 15.2309
16.0000 16.5307
16.0000 14.0975
16.0000 15.4878
16.0000 14.9913
16.0000 16.5254
16.0000 16.2643
16.0000 16.2204
16.0000 15.5337
16.0000 15.6425
16.0000 16.0664
16.0000 15.8106
16.0000 15.5538
16.0000 15.6765
16.0000 16.0326
16.0000 15.3224
16.0000 15.0158
16.0000 16.0155
16.0000 15.9217
16.0000 16.0941
16.0000 16.1724
16.0000 16.0168
16.0000 16.1546
16.0000 15.5568
16.0000 16.2516
16.0000 16.6099
16.0000 15.8699
16.0000 15.3678
16.0000 15.4498
16.0000 14.8053
16.0000 16.0854
16.0000 15.6542
16.0000 16.1416
16.0000 15.7733
16.0000 15.3114
16.0000 16.2872
16.0000 16.2332
16.0000 14.6737
16.0000 15.1608
16.0000 15.2167
16.0000 16.0293
16.0000 15.6355
16.0000 15.4059
16.0000 15.7354
16.0000 15.5270
16.0000 15.8883
16.0000 15.3379
16.0000 15.6564
16.0000 16.2434
16.0000 15.6886
16.0000 16.3499
16.0000 16.1907
16.0000 15.6250
16.0000 15.6791
16.0000 16.1185
16.0000 16.0035
16.0000 16.4634
16.0000 15.8683
16.0000 16.2655
16.0000 16.4565
16.0000 15.9397
16.0000 14.6132
16.0000 14.7044
16.0000 15.2969
16.0000 15.8718
16.0000 16.0419
16.0000 15.6329
16.0000 16.0041
16.0000 16.1399
16.0000 14.9810
16.0000 15.4509
16.0000 14.9000
16.0000 16.7793
16.0000 16.0441
16.0000 16.2103
16.0000 15.6389
16.0000 16.4410
16.0000 16.2352
16.0000 17.0119
16.0000 15.4181
16.0000 16.4350
16.0000 15.7534
16.0000 15.9696
16.0000 16.0017
16.0000 17.1232
16.0000 16.0214
16.0000 15.5427
16.0000 16.3405
16.0000 14.5198
16.0000 16.0583
16.0000 15.8667
16.0000 14.8475
16.0000 15.1161
16.0000 15.3930
16.0000 15.7034
16.0000 16.5585
16.0000 16.2037
16.0000 15.9132
16.0000 14.7598
16.0000 16.4260
16.0000 15.8535
16.0000 15.5908
16.0000 16.1334
16.0000 16.2177
16.0000 16.1001
16.0000 15.9763
16.0000 15.3240
16.0000 15.5060
16.0000 15.3702
16.0000 14.5453
16.0000 15.7294
16.0000 16.2364
16.0000 16.4165
16.0000 14.6797
16.0000 15.5067
16.0000 16.7122
16.0000 16.2040
16.0000 15.3963
16.0000 15.5497
16.0000 15.3896
16.0000 15.1982
16.0000 16.2991
16.0000 15.6981
16.0000 15.6511
16.0000 16.0592
16.0000 16.7388
16.0000 14.9926
16.0000 15.6789
16.0000 16.7506
16.0000 15.0335
16.0000 16.4144
16.0000 16.9157
16.0000 16.4845
16.0000 15.6099
16.0000 16.7651
16.0000 15.7176
16.0000 15.4639
16.0000 15.0515
16.0000 16.0683
16.0000 15.0885
16.0000 16.1099
16.0000 15.6024
16.0000 16.6617
16.0000 16.9260
16.0000 16.1335
16.0000 16.4782
16.0000 16.1049
16.0000 15.2629
16.0000 16.2350
16.0000 14.8748
16.0000 15.9756
16.0000 15.4565
16.0000 15.8383
16.0000 15.9940
16.0000 14.5636
16.0000 16.1940
16.0000 16.9689
16.0000 16.0125
16.0000 15.4790
16.0000 16.4300
16.0000 16.4250
16.0000 16.9645
16.0000 16.3922
16.0000 15.3940
16.0000 16.0096
16.0000 16.1927
16.0000 15.4716
16.0000 15.8604
16.0000 15.7900
16.0000 15.9409
16.0000 16.2261
16.0000 15.5023
16.0000 16.0765
16.0000 15.2390
16.0000 16.3627
16.0000 15.9697
16.0000 15.3011
16.0000 15.3225
16.0000 16.1264
16.0000 15.3566
16.0000 16.6737
16.0000 15.5491
16.0000 15.9372
16.0000 15.2920
16.0000 15.7232
16.0000 15.9489
16.0000 15.4648
16.0000 15.5901
16.0000 16.8098
16.0000 15.0023
16.0000 15.3664
16.0000 16.5015
16.0000 15.3551
16.0000 16.6500
16.0000 16.3388
16.0000 16.6186
16.0000 16.4618
16.0000 16.4625
16.0000 15.9765
16.0000 15.8731
16.0000 15.5660
16.0000 15.1514
16.0000 16.1728
16.0000 16.9156
16.0000 15.6409
16.0000 15.9065
16.0000 15.3250
16.0000 15.8978
16.0000 14.7839
16.0000 16.3112
16.0000 15.5811
16.0000 16.5623
16.0000 16.1052
16.0000 14.8332
16.0000 16.3537
16.0000 15.6345
16.0000 16.2951
16.0000 15.2616
16.0000 15.7535
16.0000 16.0212
16.0000 15.4889
16.0000 16.1713
16.0000 14.7418
16.0000 15.8748
16.0000 15.3522
16.0000 15.9138
16.0000 16.1880
16.0000 16.7609
16.0000 17.1363
16.0000 16.4080
16.0000 16.9323
16.0000 15.6278
16.0000 16.0843
16.0000 16.0683
16.0000 15.2876
16.0000 16.1386
16.0000 15.8320
16.0000 16.5940
16.0000 15.2133
16.0000 16.3544
16.0000 16.7401
16.0000 15.6053
16.0000 15.3176
16.0000 15.9690
16.0000 15.1407
16.0000 16.6556
16.0000 15.6169
16.0000 17.3415
16.0000 15.4946
16.0000 14.5783
16.0000 14.9267
16.0000 15.5226
16.0000 15.9946
16.0000 16.0271
16.0000 15.4302
16.0000 15.0003
16.0000 15.1537
16.0000 16.5528
16.0000 14.3115
16.0000 15.2403
16.0000 15.3630
16.0000 15.7607
16.0000 15.9452
16.0000 15.9997
16.0000 17.0872
16.0000 15.4506
16.0000 15.8324
16.0000 16.2801
16.0000 16.0532
16.0000 15.2439
16.0000 15.4901
16.0000 14.3954
16.0000 15.9631
16.0000 14.3483
16.0000 15.2278
16.0000 15.7432
16.0000 15.7412
16.0000 16.5454
16.0000 15.1100
16.0000 15.4211
16.0000 15.6159
16.0000 15.3759
16.0000 15.3813
16.0000 15.4741
16.0000 15.6759
16.0000 14.9877
16.0000 14.9992
16.0000 16.1287
16.0000 16.1720
16.0000 16.3099
16.0000 15.8335
16.0000 15.8429
16.0000 16.4945
16.0000 14.8860
16.0000 15.5011
16.0000 15.4949
16.0000 15.9225
16.0000 15.8747
16.0000 15.9917
16.0000 16.5801
16.0000 16.1256
16.0000 16.5255
16.0000 15.0533
16.0000 15.7587
16.0000 15.7807
16.0000 16.0262
16.0000 16.1079
16.0000 15.6423
16.0000 16.0141
16.0000 15.3568
16.0000 15.2689
16.0000 15.7503
16.0000 16.3664
16.0000 15.7258
16.0000 15.1232
16.0000 15.6630
16.0000 15.6225
16.0000 14.2070
16.0000 16.0792
16.0000 16.6463
16.0000 15.7850
16.0000 16.0829
16.0000 15.5133
16.0000 15.8360
16.0000 16.2510
16.0000 16.4856
16.0000 15.4810
16.0000 15.8089
16.0000 15.9513
16.0000 16.0152
16.0000 16.2427
16.0000 15.7989
16.0000 15.2290
16.0000 15.4800
16.0000 17.4501
16.0000 16.6434
16.0000 15.8956
16.0000 14.7783
16.0000 15.2697
16.0000 16.5107
16.0000 16.3320
16.0000 15.8051
16.0000 15.8811
16.0000 15.7997
16.0000 16.6867
16.0000 16.7768
16.0000 15.2076
16.0000 15.8055
16.0000 15.9298
16.0000 16.0207
16.0000 15.7424
16.0000 16.5273
16.0000 16.1060
16.0000 15.4352
16.0000 15.9226
16.0000 16.5268
16.0000 14.9916
16.0000 16.1863
16.0000 15.8356
16.0000 16.7315
16.0000 15.5809
16.0000 16.0848
16.0000 16.0833
16.0000 15.5131
16.0000 15.7651
16.0000 16.4195
16.0000 16.2596
16.0000 14.8613
16.0000 16.5208
16.0000 15.4122
16.0000 16.2002
16.0000 15.1768
16.0000 16.1332
16.0000 16.2634
16.0000 15.4401
16.0000 15.2106
16.0000 16.2222
16.0000 15.5547
16.0000 15.3840
16.0000 15.8690
16.0000 16.0574
16.0000 15.9565
16.0000 16.7830
16.0000 15.7522
16.0000 16.3558
16.0000 15.6832
16.0000 15.4364
16.0000 15.0873
16.0000 16.1861
16.0000 15.5202
16.0000 16.1582
16.0000 15.9269
16.0000 15.2409
16.0000 16.6839
16.0000 15.3591
16.0000 17.0058
16.0000 15.8763
16.0000 16.6177
16.0000 16.2399
16.0000 14.8088
16.0000 14.8789
16.0000 15.8694
16.0000 15.9306
16.0000 16.5704
16.0000 15.9181
16.0000 15.8874
16.0000 16.2122
16.0000 15.2124
16.0000 15.7893
16.0000 16.0851
16.0000 14.6609
16.0000 16.4061
16.0000 15.4767
16.0000 15.8475
16.0000 15.3618
16.0000 15.8346
16.0000 15.5196
16.0000 15.2104
16.0000 16.4866
16.0000 15.5321
16.0000 15.9420
16.0000 15.3476
16.0000 15.7596
16.0000 16.2342
16.0000 15.4457
16.0000 16.0837
16.0000 15.8656
16.0000 16.0759
16.0000 17.4924
16.0000 16.8861
16.0000 14.6235
16.0000 14.4436
16.0000 16.4085
16.0000 15.2628
16.0000 16.6293
16.0000 16.9363
16.0000 15.5004
16.0000 16.3351
16.0000 16.6727
16.0000 15.8313
16.0000 15.6452
16.0000 16.3502
16.0000 15.6298
16.0000 16.4163
16.0000 16.1206
16.0000 14.9837
16.0000 15.8079
16.0000 17.4482
16.0000 15.2136
16.0000 16.2190
16.0000 15.7719
16.0000 15.3797
16.0000 16.1495
16.0000 16.7393
16.0000 15.9215
16.0000 15.5705
16.0000 16.6480
16.0000 16.1894
16.0000 16.2873
16.0000 15.9676
16.0000 14.9906
16.0000 16.2657
16.0000 16.2099
16.0000 15.2515
16.0000 15.7214
16.0000 15.7329
16.0000 16.1943
16.0000 15.7731
16.0000 15.5785
16.0000 15.2604
16.0000 16.3028
16.0000 15.7772
16.0000 14.8083
16.0000 14.9498
16.0000 16.8673
16.0000 15.1018
16.0000 16.0206
16.0000 16.3898
16.0000 16.2111
16.0000 15.8105
16.0000 16.2666
16.0000 16.6737
16.0000 15.5582
16.0000 15.6689
16.0000 14.8015
16.0000 15.7559
16.0000 15.2637
16.0000 15.3339
16.0000 16.4207
16.0000 15.5138
16.0000 16.3562
16.0000 16.4299
16.0000 15.0553
16.0000 15.2753
16.0000 15.5888
16.0000 15.6154
16.0000 14.8831
16.0000 15.4530
16.0000 16.2587
16.0000 16.1627
16.0000 15.5660
16.0000 15.1559
16.0000 15.2160
16.0000 15.9596
16.0000 16.3444
16.0000 16.2016
16.0000 15.5296
16.0000 15.6297
16.0000 16.4644
16.0000 16.6690
16.0000 16.4262
16.0000 15.8238
16.0000 16.2324
16.0000 15.4649
16.0000 15.4381
16.0000 15.6348
16.0000 15.7162
16.0000 15.0634
16.0000 15.2742
16.0000 15.7034
16.0000 15.3115
16.0000 15.9916
16.0000 15.5622
16.0000 15.6501
16.0000 15.2894
16.0000 16.4659
16.0000 15.5745
16.0000 15.5582
16.0000 15.9812
16.0000 16.2206
16.0000 16.0317
16.0000 14.9186
16.0000 16.2746
16.0000 15.5941
16.0000 16.3815
16.0000 15.6095
16.0000 16.3131
16.0000 14.8513
16.0000 16.3816
16.0000 17.1934
16.0000 15.6201
16.0000 16.4007
16.0000 16.1054
16.0000 14.7801
16.0000 15.7267
16.0000 15.2989
16.0000 16.0741
16.0000 15.7372
16.0000 15.4034
16.0000 16.6288
16.0000 15.9915
16.0000 15.9303
16.0000 15.7404
16.0000 14.9632
16.0000 16.1983
16.0000 15.7706
16.0000 16.1805
16.0000 16.1107
16.0000 16.3220
16.0000 15.7490
16.0000 15.3203
16.0000 15.7019
16.0000 15.8063
16.0000 16.8659
16.0000 15.8802
16.0000 16.1364
16.0000 15.3585
16.0000 16.2374
16.0000 14.5729
16.0000 15.8393
16.0000 15.5355
16.0000 16.0200
16.0000 15.8241
16.0000 16.9621
16.0000 15.8942
16.0000 14.6820
16.0000 14.4899
16.0000 16.1742
16.0000 15.9973
16.0000 15.6167
16.0000 16.6575
16.0000 15.3934
16.0000 15.7029
16.0000 16.1550
16.0000 16.5449
16.0000 15.4753
16.0000 14.9240
16.0000 15.7247
16.0000 16.4331
16.0000 15.2886
16.0000 15.2400
16.0000 15.8500
16.0000 15.9620
16.0000 15.0885
16.0000 16.8948
16.0000 16.6794
16.0000 15.7070
16.0000 16.3105
16.0000 14.9242
16.0000 15.4201
16.0000 15.6540
16.0000 16.7476
16.0000 15.7050
16.0000 15.9534
16.0000 16.0561
16.0000 16.0791
16.0000 15.9921
16.0000 15.1181
16.0000 16.2367
16.0000 16.6037
16.0000 16.8107
16.0000 14.8784
16.0000 17.3942
16.0000 16.1181
16.0000 14.7879
16.0000 14.9312
16.0000 16.5936
16.0000 15.7298
16.0000 16.0271
16.0000 16.2387
16.0000 16.2021
16.0000 14.9030
16.0000 15.4001
16.0000 15.2750
16.0000 15.7161
16.0000 15.9660
16.0000 17.0185
16.0000 15.5141
16.0000 16.0553
16.0000 15.0513
16.0000 15.1056
16.0000 15.5588
16.0000 15.1318
16.0000 14.9522
16.0000 15.1220
16.0000 16.3308
16.0000 15.6550
16.0000 14.9671
16.0000 16.6019
16.0000 16.3450
16.0000 15.8847
16.0000 15.0213
16.0000 15.7192
16.0000 14.8550
16.0000 15.9785
16.0000 16.1026
16.0000 14.7993
16.0000 15.9425
16.0000 16.2342
16.0000 16.5326
16.0000 15.7823
16.0000 15.9887
16.0000 16.4654
16.0000 16.1242
16.0000 16.5720
16.0000 15.7521
16.0000 16.3419
16.0000 16.0884
16.0000 16.1240
16.0000 14.9475
16.0000 15.6491
16.0000 16.2655
16.0000 17.1407
16.0000 16.2986
16.0000 14.9610
16.0000 15.2072
16.0000 15.3288
16.0000 15.3781
16.0000 15.6386
16.0000 15.6194
16.0000 15.5766
16.0000 16.9934
16.0000 15.6685
16.0000 16.3106
16.0000 15.6867
16.0000 15.1113
16.0000 16.0729
16.0000 16.4203
16.0000 15.5813
16.0000 16.0190
16.0000 14.9451
16.0000 16.2020
16.0000 15.0341
16.0000 15.1099
16.0000 16.5056
16.0000 16.5634
16.0000 15.5531
16.0000 15.7025
16.0000 15.0077
16.0000 15.5367
16.0000 16.0525
16.0000 15.8029
16.0000 15.5073
16.0000 15.5759
16.0000 16.6315
16.0000 15.4093
16.0000 15.5025
16.0000 15.1239
16.0000 16.1850
16.0000 15.4590
16.0000 16.1393
16.0000 15.2503
16.0000 15.9811
16.0000 15.7459
16.0000 16.1289
16.0000 15.2787
16.0000 16.2174
16.0000 16.4947
16.0000 16.7761
16.0000 15.0886
16.0000 15.4613
16.0000 16.0272
16.0000 15.7710
16.0000 15.3992
16.0000 15.8036
16.0000 15.7727
16.0000 15.5924
16.0000 16.2994
16.0000 16.4279
16.0000 16.0380
16.0000 15.8103
16.0000 15.8309
16.0000 15.8116
16.0000 14.9850
16.0000 16.1007
16.0000 14.8061
16.0000 16.3658
16.0000 16.0564
16.0000 16.1468
16.0000 15.1488
16.0000 15.5355
16.0000 16.2140
16.0000 17.1744
16.0000 15.9427
16.0000 16.3494
16.0000 14.9494
16.0000 16.6415
16.0000 16.0272
16.0000 15.8032
16.0000 15.7649
16.0000 15.6738
16.0000 16.4974
16.0000 16.0943
16.0000 15.2763
16.0000 16.7328
16.0000 16.6078
16.0000 15.9760
16.0000 15.8799
16.0000 15.3952
16.0000 16.2648
16.0000 16.3575
16.0000 15.6067
16.0000 15.2352
16.0000 16.0603
16.0000 16.7930
16.0000 15.7974
16.0000 15.3201
16.0000 15.5268
16.0000 15.7206
16.0000 16.1033
16.0000 16.5478
16.0000 15.4972
16.0000 15.6310
16.0000 15.7791
16.0000 15.4206
16.0000 16.0685
16.0000 16.3390
16.0000 15.5895
16.0000 15.7854
16.0000 15.6001
16.0000 16.4797
16.0000 15.9756
16.0000 15.2557
16.0000 14.9658
16.0000 16.3461
16.0000 16.3206
16.0000 15.8116
16.0000 15.9527
16.0000 15.8299
16.0000 15.1537
16.0000 14.2618
16.0000 16.1750
16.0000 16.8189
16.0000 15.4652
16.0000 16.1496
16.0000 16.2566
16.0000 15.0749
16.0000 15.2984
16.0000 16.3570
16.0000 15.8188
16.0000 17.0887
16.0000 16.2718
16.0000 14.8658
16.0000 15.9358
16.0000 15.5868
16.0000 16.5651
16.0000 15.2938
16.0000 15.7700
16.0000 16.0306
16.0000 15.1773
16.0000 16.9654
16.0000 16.3182
16.0000 15.4510
16.0000 15.8286
16.0000 15.4687
16.0000 15.7520
16.0000 14.9691
16.0000 16.4947
16.0000 16.2258
16.0000 15.9507
16.0000 14.9211
16.0000 15.6968
16.0000 15.4862
16.0000 16.3371
16.0000 16.2652
16.0000 16.2764
16.0000 15.3750
16.0000 16.0892
16.0000 15.3227
16.0000 16.3334
16.0000 16.3481
16.0000 15.8650
16.0000 14.9239
16.0000 16.0586
16.0000 15.8657
16.0000 15.9246
16.0000 15.5841
16.0000 15.6663
16.0000 15.8829
16.0000 15.5237
16.0000 15.6778
16.0000 15.3529
16.0000 16.6106
16.0000 16.0691
16.0000 14.8588
16.0000 14.8393
16.0000 14.9036
16.0000 15.6797
16.0000 16.1413
16.0000 16.2549
16.0000 16.5973
16.0000 16.6189
16.0000 16.8781
16.0000 15.6055
16.0000 15.2469
16.0000 15.5075
16.0000 16.3904
16.0000 16.2512
16.0000 16.0623
16.0000 16.0173
16.0000 15.9084
16.0000 16.6606
16.0000 16.3590
16.0000 15.5973
16.0000 15.5880
16.0000 16.1165
16.0000 15.8195
16.0000 15.8528
16.0000 15.9580
16.0000 17.0306
16.0000 16.1347
16.0000 16.5938
16.0000 16.3490
16.0000 15.6681
16.0000 15.0389
16.0000 15.9686
16.0000 15.3179
16.0000 16.3820
16.0000 16.4027
16.0000 16.0624
16.0000 15.4047
16.0000 15.6477
16.0000 15.6657
16.0000 16.9191
16.0000 15.7517
16.0000 15.0785
16.0000 15.7551
16.0000 16.4290
16.0000 15.5018
16.0000 15.6908
16.0000 17.2790
16.0000 15.2360
16.0000 15.4205
16.0000 15.1801
16.0000 15.8898
16.0000 16.9050
16.0000 16.2897
16.0000 15.1057
16.0000 15.8482
16.0000 16.2275
16.0000 14.1902
16.0000 15.4920
16.0000 16.5642
16.0000 15.3632
16.0000 15.8880
16.0000 15.4435
16.0000 15.8408
16.0000 15.3264
16.0000 15.5219
16.0000 15.0973
16.0000 15.8174
16.0000 15.7460
16.0000 15.2759
16.0000 16.3058
16.0000 17.0402
16.0000 15.4745
16.0000 16.8772
16.0000 15.9595
16.0000 16.0726
16.0000 16.3077
16.0000 15.2673
16.0000 15.2217
16.0000 16.0060
16.0000 15.3489
16.0000 16.4684
16.0000 15.6305
16.0000 15.1196
16.0000 16.6512
16.0000 16.6830
16.0000 15.7172
16.0000 15.8228
16.0000 16.1843
16.0000 15.2975
16.0000 17.5205
16.0000 15.7635
16.0000 15.7015
16.0000 15.4303
16.0000 15.3146
16.0000 16.0297
16.0000 15.6488
16.0000 16.2493
16.0000 15.0428
16.0000 15.8563
16.0000 15.8248
16.0000 15.9056
16.0000 16.5310
16.0000 16.7519
16.0000 15.6017
16.0000 16.2873
16.0000 16.3528
16.0000 16.2555
16.0000 16.2349
16.0000 15.3167
16.0000 16.0181
16.0000 15.4510
16.0000 15.9734
16.0000 16.0339
16.0000 15.6098
16.0000 16.4991
16.0000 15.6394
16.0000 16.0536
16.0000 16.0462
16.0000 16.3397
16.0000 17.0894
16.0000 16.6876
16.0000 15.4093
16.0000 15.9836
16.0000 16.5365
16.0000 16.0902
16.0000 15.7770
16.0000 16.2589
16.0000 17.1094
16.0000 16.5302
16.0000 15.8174
16.0000 15.7914
16.0000 16.1032
16.0000 16.4649
16.0000 15.3898
16.0000 16.2705
16.0000 16.4012
16.0000 16.3247
16.0000 15.6842
16.0000 16.1413
16.0000 17.0213
16.0000 15.2403
16.0000 16.0441
16.0000 16.8058
16.0000 15.6788
16.0000 16.3882
16.0000 16.6914
16.0000 14.6615
16.0000 15.2172
16.0000 15.1696
16.0000 16.0839
16.0000 16.5887
16.0000 15.7402
16.0000 15.7271
16.0000 16.2577
16.0000 15.7346
16.0000 15.1228
16.0000 15.0440
16.0000 14.9852
16.0000 15.5864
16.0000 17.2364
16.0000 15.0556
16.0000 16.4265
16.0000 15.8369
16.0000 16.2798
16.0000 15.7613
16.0000 15.8270
16.0000 16.1527
16.0000 15.4654
16.0000 15.4350
16.0000 15.8066
16.0000 15.5072
16.0000 15.9854
16.0000 15.7971
16.0000 15.9343
16.0000 15.7772
16.0000 15.4623
16.0000 15.7696
16.0000 15.6126
16.0000 14.8371
16.0000 15.9914
16.0000 15.5637
16.0000 15.5765
16.0000 16.2337
16.0000 15.8172
16.0000 16.5889
16.0000 15.9139
16.0000 15.2831
16.0000 16.0094
16.0000 15.3936
16.0000 15.1111
16.0000 15.4625
16.0000 15.6099
16.0000 16.2484
16.0000 16.3688
16.0000 15.7448
16.0000 16.2123
16.0000 14.3352
16.0000 16.7716
16.0000 15.8696
16.0000 15.7923
16.0000 16.1257
16.0000 15.6331
16.0000 16.1629
16.0000 16.8842
16.0000 15.9488
16.0000 15.3933
16.0000 15.7544
16.0000 16.4812
16.0000 14.6984
16.0000 16.1358
16.0000 15.9175
16.0000 15.9908
16.0000 16.4565
16.0000 16.7291
16.0000 15.2020
16.0000 15.0532
16.0000 15.7021
16.0000 16.0018
16.0000 16.3972
16.0000 14.7760
16.0000 16.1427
16.0000 15.9333
16.0000 16.6418
16.0000 16.1153
16.0000 16.1647
16.0000 16.4592
16.0000 16.5249
16.0000 16.4724
16.0000 15.5480
16.0000 16.1089
16.0000 15.9010
16.0000 16.0756
16.0000 16.0126
16.0000 15.2686
16.0000 16.8231
16.0000 16.5052
16.0000 15.5734
16.0000 16.4673
16.0000 16.3096
16.0000 15.3774
16.0000 15.6051
16.0000 14.9668
16.0000 17.0377
16.0000 15.7125
16.0000 15.5641
16.0000 16.1466
16.0000 15.8352
16.0000 15.0312
16.0000 16.4243
16.0000 15.5274
16.0000 15.5217
16.0000 15.9956
16.0000 16.4239
16.0000 14.7086
16.0000 15.3007
16.0000 16.2885
16.0000 15.6202
16.0000 15.8517
16.0000 16.3744
16.0000 16.1925
16.0000 15.8132
16.0000 16.1981
16.0000 15.6762
16.0000 15.6800
16.0000 15.8996
16.0000 15.4609
16.0000 14.4902
16.0000 15.9624
16.0000 16.2055
16.0000 15.8501
16.0000 16.0109
16.0000 16.5324
16.0000 15.8704
16.0000 16.0347
16.0000 15.8471
16.0000 16.9218
16.0000 16.2798
16.0000 16.1083
16.0000 15.3126
16.0000 15.3445
16.0000 14.9437
16.0000 15.2959
16.0000 15.8790
16.0000 15.4617
16.0000 16.0092
16.0000 15.7806
16.0000 16.4216
16.0000 16.7145
16.0000 16.3670
16.0000 16.3713
16.0000 15.0842
16.0000 15.1440
16.0000 16.0358
16.0000 17.3631
16.0000 15.1304
16.0000 15.8420
16.0000 16.6351
16.0000 16.2171
16.0000 16.2738
16.0000 15.7263
16.0000 14.7611
16.0000 15.8610
16.0000 15.7375
16.0000 16.0298
16.0000 15.6538
16.0000 15.9486
16.0000 14.7656
16.0000 15.0734
16.0000 16.7810
16.0000 15.7104
16.0000 15.5120
16.0000 15.6418
16.0000 15.3365
16.0000 15.4881
16.0000 16.1062
16.0000 14.7504
16.0000 15.6933
16.0000 15.7129
16.0000 16.3227
16.0000 14.9112
16.0000 16.2753
16.0000 15.8615
16.0000 15.5907
16.0000 15.8272
16.0000 15.7052
16.0000 16.0942
16.0000 15.3401
16.0000 15.0368
16.0000 16.3352
16.0000 16.0845
16.0000 15.7734
16.0000 15.8101
16.0000 16.3992
16.0000 15.7284
16.0000 15.1870
16.0000 15.7880
16.0000 15.9180
16.0000 16.3809
16.0000 16.0317
16.0000 15.3171
16.0000 15.1306
16.0000 15.0991
16.0000 15.7191
16.0000 15.1173
16.0000 15.4962
16.0000 15.9723
16.0000 15.1591
16.0000 16.3090
16.0000 17.2833
16.0000 15.6726
16.0000 14.6232
16.0000 15.8581
16.0000 15.8131
16.0000 14.8379
16.0000 16.0116
16.0000 15.8583
16.0000 15.7761
16.0000 16.4712
16.0000 15.4999
16.0000 16.1256
16.0000 15.6587
16.0000 15.6585
16.0000 15.6893
16.0000 16.8773
16.0000 17.0801
16.0000 15.9548
16.0000 15.9760
16.0000 16.5441
16.0000 15.9104
16.0000 16.1133
16.0000 16.1543
16.0000 15.6512
16.0000 15.4251
16.0000 14.6235
16.0000 16.4437
16.0000 15.8353
16.0000 15.9035
16.0000 15.0906
16.0000 14.6916
16.0000 15.6659
16.0000 15.6180
16.0000 14.9041
16.0000 15.5752
16.0000 15.5051
16.0000 16.2868
16.0000 16.6404
16.0000 14.8611
16.0000 16.0021
16.0000 16.2875
16.0000 15.8048
16.0000 16.2876
16.0000 15.8488
16.0000 16.0724
16.0000 16.0217
16.0000 16.5517
16.0000 15.9289
16.0000 15.6808
16.0000 15.6607
16.0000 16.1749
16.0000 16.4447
16.0000 14.4820
16.0000 15.6977
16.0000 15.4025
16.0000 15.9711
16.0000 17.2063
16.0000 16.3073
16.0000 16.2104
16.0000 14.7503
16.0000 14.9515
16.0000 16.3802
16.0000 15.3761
16.0000 16.4151
16.0000 14.8897
16.0000 15.1661
16.0000 14.4468
16.0000 15.8814
16.0000 17.1930
16.0000 16.3859
16.0000 16.6296
16.0000 16.2215
16.0000 14.5603
16.0000 16.2530
16.0000 15.7377
16.0000 16.5108
16.0000 14.4976
16.0000 15.8389
16.0000 15.9941
16.0000 15.2162
16.0000 15.2040
16.0000 15.2096
16.0000 16.8496
16.0000 16.4316
16.0000 16.4174
16.0000 15.8322
16.0000 15.8933
16.0000 15.2738
16.0000 16.0663
16.0000 15.3253
16.0000 15.0006
16.0000 16.1392
16.0000 16.0644
16.0000 16.2120
16.0000 16.9781
16.0000 16.2437
16.0000 14.9392
16.0000 16.2863
16.0000 16.0816
16.0000 15.8381
16.0000 15.7387
16.0000 16.4811
16.0000 15.0294
16.0000 15.8922
16.0000 15.7554
16.0000 15.4448
16.0000 16.4008
16.0000 16.6265
16.0000 14.7863
16.0000 16.3318
16.0000 15.4498
16.0000 15.9045
16.0000 16.0416
16.0000 16.4568
16.0000 15.2803
16.0000 15.8628
16.0000 15.5456
16.0000 16.4174
16.0000 16.6622
16.0000 16.4244
16.0000 14.4459
16.0000 16.2475
16.0000 15.9849
16.0000 16.0276
16.0000 16.2648
16.0000 16.5958
16.0000 17.6199
16.0000 16.3436
16.0000 16.2701
16.0000 15.9333
16.0000 15.6601
16.0000 15.6716
16.0000 15.0493
16.0000 16.6544
16.0000 16.2184
16.0000 16.2483
16.0000 15.6702
16.0000 15.0230
16.0000 14.8624
16.0000 15.8619
16.0000 16.6647
16.0000 15.8708
16.0000 16.0404
16.0000 15.6424
16.0000 16.6012
16.0000 15.2483
16.0000 15.0946
16.0000 16.3758
16.0000 14.8798
16.0000 16.4710
16.0000 15.9306
16.0000 16.8986
16.0000 17.0164
16.0000 16.1586
16.0000 15.4989
16.0000 15.3206
16.0000 15.7706
16.0000 16.0727
16.0000 15.6064
16.0000 15.8375
16.0000 15.8031
16.0000 15.5751
16.0000 14.7375
16.0000 15.6412
16.0000 16.4974
16.0000 15.5082
16.0000 16.0324
16.0000 15.1325
16.0000 15.5856
16.0000 16.0081
16.0000 15.9469
16.0000 16.6593
16.0000 16.0151
16.0000 16.0176
16.0000 14.8372
16.0000 16.3575
16.0000 17.6465
16.0000 15.3355
16.0000 16.3829
16.0000 16.6422
16.0000 16.4361
16.0000 15.7628
16.0000 15.9963
16.0000 16.3781
16.0000 14.9864
16.0000 14.9584
16.0000 16.4569
16.0000 16.3086
16.0000 16.3325
16.0000 16.5017
16.0000 16.5250
16.0000 15.7158
16.0000 15.9008
16.0000 14.4575
16.0000 16.0693
16.0000 15.2834
16.0000 16.5825
16.0000 15.3132
16.0000 15.3779
16.0000 16.1611
16.0000 16.0344
16.0000 16.3771
16.0000 15.5091
16.0000 16.2121
16.0000 16.0512
16.0000 15.5037
16.0000 18.6476
16.0000 16.2666
16.0000 15.7714
16.0000 15.7384
16.0000 15.3262
16.0000 16.7996
16.0000 15.9866
16.0000 16.3151
16.0000 16.3638
16.0000 15.5790
16.0000 15.0649
16.0000 16.8890
16.0000 16.5480
16.0000 16.1887
16.0000 16.2712
16.0000 15.5530
16.0000 15.9568
16.0000 15.5449
16.0000 15.6909
16.0000 15.1134
16.0000 15.8276
16.0000 15.3873
16.0000 15.3240
16.0000 17.0644
16.0000 15.3668
16.0000 16.0243
16.0000 15.8287
16.0000 17.1277
16.0000 16.8099
16.0000 16.3377
16.0000 15.6875
16.0000 15.4369
16.0000 15.8852
16.0000 14.8365
16.0000 16.7581
16.0000 15.3680
16.0000 15.6587
16.0000 16.6965
16.0000 16.3124
16.0000 15.2379
16.0000 15.8315
16.0000 16.3648
16.0000 16.3030
16.0000 15.6421
16.0000 15.4110
16.0000 15.6793
16.0000 16.4773
16.0000 15.7927
16.0000 15.7023
16.0000 16.0806
16.0000 17.3255
16.0000 15.8315
16.0000 15.5553
16.0000 15.6590
16.0000 16.8212
16.0000 16.0571
16.0000 16.3773
16.0000 15.2701
16.0000 15.6830
16.0000 16.6552
16.0000 15.9946
16.0000 16.3923
16.0000 15.6824
16.0000 15.5983
16.0000 16.4014
16.0000 14.9322
16.0000 16.1779
16.0000 16.5020
16.0000 14.1572
16.0000 15.2783
16.0000 15.5444
16.0000 15.8048
16.0000 17.0474
16.0000 15.2508
16.0000 17.1688
16.0000 14.8710
16.0000 15.9303
16.0000 15.6606
16.0000 15.4999
16.0000 15.5900
16.0000 16.2147
16.0000 15.9972
16.0000 15.6686
16.0000 16.2493
16.0000 16.7534
16.0000 15.6531
16.0000 14.9229
16.0000 15.9119
16.0000 15.2409
16.0000 16.2493
16.0000 15.8283
16.0000 15.4750
16.0000 15.7679
16.0000 15.6876
16.0000 15.7367
16.0000 14.9610
16.0000 15.4374
16.0000 15.6825
16.0000 16.3971
16.0000 15.9372
16.0000 16.2606
16.0000 15.5574
16.0000 15.0786
16.0000 16.4177
16.0000 15.2190
16.0000 15.0899
16.0000 15.5175
16.0000 16.6199
16.0000 16.3225
16.0000 16.8629
16.0000 16.1400
16.0000 16.2417
16.0000 15.8971
16.0000 15.8682
16.0000 16.4442
16.0000 15.8837
16.0000 16.7992
16.0000 15.1968
16.0000 15.4482
16.0000 15.2518
16.0000 15.8053
16.0000 16.3862
16.0000 16.3830
16.0000 15.3150
16.0000 16.0564
16.0000 16.1817
16.0000 15.7786
16.0000 16.9626
16.0000 15.9298
16.0000 14.9110
16.0000 17.1514
16.0000 16.1096
16.0000 15.8418
16.0000 14.7258
16.0000 16.7050
16.0000 16.4228
16.0000 15.4812
16.0000 16.0593
16.0000 15.8577
16.0000 14.4339
16.0000 15.6051
16.0000 16.4234
16.0000 15.0356
16.0000 16.0560
16.0000 15.7847
16.0000 14.9522
16.0000 16.1679
16.0000 16.4725
16.0000 16.4306
16.0000 14.8643
16.0000 16.2716
16.0000 15.0936
16.0000 15.1151
16.0000 15.6060
16.0000 15.3762
16.0000 14.9164
16.0000 15.9264
16.0000 15.6022
16.0000 15.0498
16.0000 16.1519
16.0000 15.4138
16.0000 15.1326
16.0000 16.2708
16.0000 16.5874
16.0000 15.0956
16.0000 16.0265
16.0000 15.9050
16.0000 15.5352
16.0000 15.4735
16.0000 16.3850
16.0000 15.9955
16.0000 15.2711
16.0000 16.0703
16.0000 16.2588
16.0000 15.4871
16.0000 15.3154
16.0000 14.3449
16.0000 15.9613
16.0000 16.0109
