18.0000 17.2201
18.0000 18.1776
18.0000 17.0037
18.0000 17.4648
18.0000 17.7436
18.0000 18.3569
18.0000 17.8367
18.0000 18.4427
18.0000 17.0238
18.0000 17.8928
18.0000 17.4739
18.0000 18.4493
18.0000 17.6956
18.0000 18.0839
18.0000 17.6882
18.0000 17.1671
18.0000 17.4670
18.0000 16.8311
18.0000 17.4229
18.0000 16.7569
18.0000 17.9498
18.0000 16.8153
18.0000 17.2353
18.0000 18.2164
18.0000 18.7335
18.0000 18.4204
18.0000 17.1757
18.0000 17.7129
18.0000 18.3371
18.0000 18.1908
18.0000 17.7359
18.0000 17.9112
18.0000 17.3706
18.0000 17.2179
18.0000 17.4959
18.0000 17.1931
18.0000 18.0685
18.0000 17.7162
18.0000 17.5867
18.0000 17.4600
18.0000 17.2119
18.0000 16.8708
18.0000 18.5507
18.0000 17.0176
18.0000 18.3476
18.0000 18.4706
18.0000 18.0818
18.0000 17.2997
18.0000 17.7760
18.0000 18.4368
18.0000 18.3129
18.0000 17.3029
18.0000 18.7060
18.0000 17.9455
18.0000 17.6062
18.0000 17.6816
18.0000 17.7795
18.0000 18.3305
18.0000 17.7458
18.0000 19.3407
18.0000 17.3191
18.0000 17.2912
18.0000 17.2097
18.0000 17.4861
18.0000 18.5696
18.0000 18.0141
18.0000 18.2006
18.0000 17.5637
18.0000 17.3119
18.0000 17.5452
18.0000 16.9301
18.0000 17.8719
18.0000 18.0435
18.0000 17.9750
18.0000 17.5077
18.0000 17.9239
18.0000 17.8252
18.0000 17.5809
18.0000 18.2744
18.0000 17.8822
18.0000 18.2235
18.0000 17.8545
18.0000 17.4569
18.0000 18.2472
18.0000 19.1230
18.0000 18.6641
18.0000 17.8226
18.0000 17.7052
18.0000 17.4095
18.0000 18.2641
18.0000 17.7571
18.0000 17.5589
18.0000 17.5245
18.0000 18.0499
18.0000 17.5034
18.0000 17.6964
18.0000 17.1620
18.0000 18.1444
18.0000 17.8206
18.0000 16.6984
18.0000 17.0104
18.0000 19.1425
18.0000 18.7264
18.0000 17.2264
18.0000 17.3365
18.0000 17.7987
18.0000 17.2769
18.0000 17.3022
18.0000 17.4348
18.0000 17.7933
18.0000 17.4381
18.0000 17.3956
18.0000 18.6827
18.0000 17.5205
18.0000 17.5712
18.0000 17.7434
18.0000 17.4573
18.0000 17.1717
18.0000 17.0256
18.0000 17.2123
18.0000 18.1994
18.0000 17.9531
18.0000 18.4212
18.0000 17.9907
18.0000 17.2879
18.0000 17.3552
18.0000 17.3762
18.0000 17.6113
18.0000 18.3523
18.0000 17.2943
18.0000 17.8166
18.0000 16.9802
18.0000 18.3690
18.0000 17.5190
18.0000 17.8260
18.0000 17.7858
18.0000 18.1490
18.0000 17.6664
18.0000 18.2096
18.0000 17.2822
18.0000 18.1404
18.0000 18.4853
18.0000 17.7641
18.0000 17.6810
18.0000 17.7193
18.0000 18.5584
18.0000 17.6927
18.0000 17.0343
18.0000 18.1366
18.0000 17.5746
18.0000 17.3712
18.0000 17.4213
18.0000 19.3455
18.0000 17.1861
18.0000 17.6666
18.0000 17.2239
18.0000 17.7706
18.0000 18.0838
18.0000 17.4809
18.0000 16.9797
18.0000 18.6343
18.0000 18.1839
18.0000 16.7730
18.0000 17.2782
18.0000 17.9413
18.0000 17.7448
18.0000 18.2128
18.0000 19.5638
18.0000 17.9634
18.0000 16.6913
18.0000 16.6098
18.0000 17.2030
18.0000 17.1226
18.0000 17.3847
18.0000 17.8798
18.0000 17.8755
18.0000 17.8470
18.0000 17.8690
18.0000 16.8620
18.0000 18.1045
18.0000 17.7020
18.0000 18.2193
18.0000 17.7238
18.0000 17.4221
18.0000 16.8318
18.0000 17.8322
18.0000 17.4594
18.0000 18.0035
18.0000 17.6444
18.0000 17.4208
18.0000 17.2238
18.0000 17.5175
18.0000 16.7543
18.0000 18.0046
18.0000 17.3753
18.0000 17.6023
18.0000 18.9149
18.0000 17.6841
18.0000 17.0241
18.0000 17.8080
18.0000 18.3569
18.0000 17.5039
18.0000 16.7047
18.0000 18.9383
18.0000 17.4787
18.0000 17.3754
18.0000 18.3419
18.0000 17.4734
18.0000 16.8431
18.0000 16.9551
18.0000 17.4740
18.0000 18.2644
18.0000 17.1154
18.0000 18.5073
18.0000 18.1235
18.0000 18.4351
18.0000 18.1949
18.0000 18.5049
18.0000 17.8260
18.0000 17.8691
18.0000 17.3186
18.0000 17.4687
18.0000 18.0285
18.0000 17.4360
18.0000 16.5064
18.0000 17.5546
18.0000 17.4855
18.0000 16.8510
18.0000 17.5588
18.0000 16.9003
18.0000 16.4922
18.0000 18.5160
18.0000 18.1030
18.0000 17.4502
18.0000 17.3469
18.0000 17.4099
18.0000 18.1768
18.0000 17.6494
18.0000 18.4322
18.0000 18.1267
18.0000 16.7822
18.0000 18.9167
18.0000 19.1588
18.0000 17.9132
18.0000 17.9419
18.0000 17.2976
18.0000 17.0033
18.0000 17.4272
18.0000 17.3633
18.0000 17.4006
18.0000 17.7938
18.0000 17.1178
18.0000 18.2623
18.0000 17.2683
18.0000 17.4994
18.0000 18.3146
18.0000 17.6481
18.0000 17.9982
18.0000 17.5553
18.0000 17.9588
18.0000 18.2767
18.0000 17.5391
18.0000 17.9862
18.0000 18.3643
18.0000 18.4522
18.0000 17.8077
18.0000 17.8116
18.0000 17.1539
18.0000 18.3482
18.0000 17.5772
18.0000 17.8078
18.0000 17.9175
18.0000 17.2588
18.0000 17.3663
18.0000 17.2285
18.0000 18.7321
18.0000 18.8893
18.0000 17.7689
18.0000 18.0702
18.0000 17.3723
18.0000 16.6159
18.0000 17.1543
18.0000 18.1803
18.0000 17.7970
18.0000 16.8487
18.0000 18.3327
18.0000 18.2787
18.0000 17.6231
18.0000 17.6581
18.0000 17.3790
18.0000 18.0801
18.0000 17.0815
18.0000 17.7964
18.0000 18.5554
18.0000 18.4961
18.0000 17.8643
18.0000 17.7782
18.0000 17.9216
18.0000 17.7125
18.0000 17.4420
18.0000 17.7293
18.0000 17.0112
18.0000 18.3374
18.0000 17.8881
18.0000 18.8342
18.0000 16.9721
18.0000 18.1975
18.0000 17.9868
18.0000 17.9604
18.0000 16.9182
18.0000 18.4262
18.0000 18.0370
18.0000 17.1240
18.0000 17.3921
18.0000 17.7862
18.0000 18.0487
18.0000 18.6306
18.0000 17.3107
18.0000 18.6498
18.0000 18.0831
18.0000 17.1309
18.0000 18.4892
18.0000 16.9156
18.0000 18.2156
18.0000 17.4405
18.0000 17.7915
18.0000 17.5310
18.0000 17.4606
18.0000 17.8019
18.0000 17.7994
18.0000 18.2291
18.0000 17.5287
18.0000 17.2163
18.0000 17.9425
18.0000 17.4068
18.0000 17.8984
18.0000 17.2544
18.0000 18.6344
18.0000 18.0862
18.0000 17.3945
18.0000 17.6019
18.0000 18.5160
18.0000 18.3149
18.0000 17.5161
18.0000 17.0149
18.0000 17.5395
18.0000 17.5864
18.0000 17.3742
18.0000 17.1612
18.0000 16.9175
18.0000 17.4506
18.0000 17.0652
18.0000 17.3680
18.0000 17.3570
18.0000 17.4698
18.0000 17.7622
18.0000 16.9845
18.0000 18.5193
18.0000 17.2822
18.0000 16.3542
18.0000 17.5014
18.0000 17.7365
18.0000 18.2682
18.0000 18.6512
18.0000 17.8414
18.0000 18.1930
18.0000 17.2506
18.0000 18.0536
18.0000 18.0894
18.0000 17.4451
18.0000 17.7003
18.0000 17.7493
18.0000 17.7593
18.0000 17.9264
18.0000 17.8544
18.0000 17.5739
18.0000 18.9169
18.0000 17.1550
18.0000 17.9619
18.0000 17.8527
18.0000 17.8434
18.0000 17.1183
18.0000 17.3705
18.0000 17.9071
18.0000 16.9184
18.0000 17.6986
18.0000 17.8098
18.0000 17.2635
18.0000 18.2392
18.0000 17.5606
18.0000 18.2788
18.0000 17.5351
18.0000 16.6527
18.0000 17.3429
18.0000 17.7982
18.0000 17.3703
18.0000 18.1882
18.0000 17.4222
18.0000 17.9788
18.0000 17.9779
18.0000 17.3776
18.0000 17.5643
18.0000 18.3398
18.0000 18.7039
18.0000 18.0320
18.0000 17.8216
18.0000 18.0935
18.0000 18.2232
18.0000 17.0935
18.0000 18.0924
18.0000 19.7949
18.0000 17.2370
18.0000 17.2247
18.0000 17.2354
18.0000 17.6508
18.0000 17.8945
18.0000 17.5230
18.0000 17.1526
18.0000 17.4566
18.0000 17.7558
18.0000 16.8194
18.0000 17.7098
18.0000 18.2068
18.0000 17.4522
18.0000 18.2294
18.0000 18.3683
18.0000 16.9767
18.0000 17.8404
18.0000 17.9508
18.0000 18.4403
18.0000 17.6393
18.0000 19.2490
18.0000 16.7643
18.0000 19.0835
18.0000 18.3922
18.0000 17.2509
18.0000 17.4702
18.0000 18.2091
18.0000 18.4119
18.0000 17.2649
18.0000 18.2611
18.0000 17.7308
18.0000 18.2574
18.0000 18.1875
18.0000 16.6183
18.0000 17.3239
18.0000 18.0742
18.0000 17.8454
18.0000 16.8402
18.0000 17.5133
18.0000 17.6472
18.0000 18.3631
18.0000 17.6946
18.0000 17.4864
18.0000 17.6241
18.0000 19.1037
18.0000 18.3011
18.0000 17.7263
18.0000 18.6961
18.0000 16.9685
18.0000 17.2168
18.0000 17.3089
18.0000 17.5940
18.0000 17.1316
18.0000 17.6896
18.0000 17.7518
18.0000 17.9513
18.0000 17.1061
18.0000 17.8769
18.0000 17.9448
18.0000 17.8712
18.0000 17.8777
18.0000 18.0929
18.0000 18.1002
18.0000 18.4656
18.0000 17.5067
18.0000 17.7074
18.0000 16.9202
18.0000 18.5106
18.0000 18.1825
18.0000 19.0337
18.0000 17.8383
18.0000 18.3572
18.0000 17.7744
18.0000 19.0824
18.0000 18.0184
18.0000 16.7435
18.0000 16.8669
18.0000 17.9764
18.0000 18.7835
18.0000 17.4084
18.0000 17.8470
18.0000 16.9808
18.0000 17.1781
18.0000 17.6003
18.0000 17.6157
18.0000 17.7264
18.0000 17.8733
18.0000 17.8726
18.0000 17.3287
18.0000 17.6682
18.0000 16.7620
18.0000 17.7706
18.0000 18.1825
18.0000 16.4949
18.0000 17.3610
18.0000 17.3883
18.0000 17.8710
18.0000 17.7157
18.0000 18.4404
18.0000 18.9996
18.0000 17.3546
18.0000 16.6148
18.0000 18.0266
18.0000 18.0867
18.0000 18.5854
18.0000 17.5251
18.0000 16.9836
18.0000 16.6817
18.0000 16.6991
18.0000 17.7242
18.0000 17.8535
18.0000 18.2003
18.0000 17.6734
18.0000 17.0313
18.0000 17.8570
18.0000 17.4510
18.0000 17.4247
18.0000 17.1438
18.0000 18.1001
18.0000 17.7812
18.0000 17.6478
18.0000 17.5307
18.0000 18.4912
18.0000 17.0313
18.0000 17.8811
18.0000 17.3185
18.0000 18.3221
18.0000 17.6211
18.0000 17.7096
18.0000 17.3669
18.0000 18.3756
18.0000 17.5389
18.0000 17.8924
18.0000 16.3976
18.0000 18.2837
18.0000 17.3563
18.0000 17.6045
18.0000 17.0427
18.0000 18.1638
18.0000 18.6147
18.0000 16.8248
18.0000 17.3716
18.0000 17.5323
18.0000 17.3910
18.0000 17.4424
18.0000 17.0624
18.0000 18.2491
18.0000 17.2061
18.0000 18.5340
18.0000 18.5808
18.0000 17.0800
18.0000 17.5699
18.0000 18.6058
18.0000 16.4664
18.0000 17.4687
18.0000 17.2279
18.0000 17.8679
18.0000 18.3970
18.0000 18.1544
18.0000 17.6188
18.0000 17.7964
18.0000 18.3866
18.0000 18.1942
18.0000 17.6096
18.0000 18.2341
18.0000 17.2927
18.0000 17.9215
18.0000 17.8756
18.0000 18.5398
18.0000 16.8769
18.0000 17.6858
18.0000 17.6839
18.0000 17.4341
18.0000 18.0542
18.0000 18.7185
18.0000 18.5560
18.0000 16.5957
18.0000 16.7897
18.0000 16.4364
18.0000 17.7767
18.0000 17.8547
18.0000 17.7946
18.0000 18.6059
18.0000 17.4072
18.0000 17.8596
18.0000 18.3670
18.0000 16.9946
18.0000 16.9771
18.0000 18.7118
18.0000 17.8915
18.0000 18.6096
18.0000 17.6932
18.0000 18.0848
18.0000 17.4637
18.0000 17.9741
18.0000 18.4826
18.0000 17.3335
18.0000 18.1008
18.0000 18.2463
18.0000 18.1119
18.0000 18.9162
18.0000 18.0059
18.0000 17.1251
18.0000 17.1924
18.0000 17.4008
18.0000 18.3439
18.0000 17.3926
18.0000 17.7615
18.0000 16.8038
18.0000 16.9277
18.0000 17.4822
18.0000 17.7033
18.0000 17.2400
18.0000 17.2599
18.0000 18.0232
18.0000 17.9874
18.0000 17.5983
18.0000 18.4843
18.0000 18.2146
18.0000 17.0607
18.0000 18.4059
18.0000 17.2820
18.0000 16.7126
18.0000 17.9848
18.0000 17.8059
18.0000 17.5010
18.0000 18.3212
18.0000 17.8773
18.0000 17.9121
18.0000 17.3582
18.0000 17.3772
18.0000 18.4511
18.0000 17.3917
18.0000 18.1391
18.0000 17.7743
18.0000 17.7941
18.0000 17.3691
18.0000 18.1883
18.0000 16.7718
18.0000 17.7686
18.0000 17.0564
18.0000 17.2361
18.0000 17.3271
18.0000 17.1566
18.0000 17.5658
18.0000 16.0725
18.0000 17.7722
18.0000 17.5396
18.0000 17.1349
18.0000 18.3703
18.0000 18.0006
18.0000 17.7474
18.0000 17.8385
18.0000 17.8270
18.0000 17.7755
18.0000 17.5667
18.0000 17.8686
18.0000 17.7583
18.0000 17.7200
18.0000 18.0800
18.0000 17.3133
18.0000 17.8061
18.0000 17.6050
18.0000 17.2242
18.0000 18.1004
18.0000 17.5095
18.0000 17.3044
18.0000 17.1210
18.0000 17.3451
18.0000 17.3649
18.0000 18.1519
18.0000 18.4787
18.0000 17.7447
18.0000 17.7446
18.0000 17.7498
18.0000 18.0757
18.0000 18.0450
18.0000 17.8909
18.0000 17.9862
18.0000 17.9032
18.0000 17.2465
18.0000 18.3307
18.0000 17.2797
18.0000 17.1838
18.0000 18.1318
18.0000 16.6966
18.0000 16.0284
18.0000 18.0809
18.0000 18.9797
18.0000 18.1332
18.0000 17.1618
18.0000 17.7783
18.0000 18.4665
18.0000 17.3066
18.0000 17.8085
18.0000 18.1353
18.0000 17.6847
18.0000 17.5090
18.0000 18.0233
18.0000 18.0702
18.0000 17.8518
18.0000 17.7717
18.0000 17.9521
18.0000 17.7312
18.0000 17.7225
18.0000 18.5580
18.0000 17.5118
18.0000 18.0427
18.0000 17.2819
18.0000 17.7255
18.0000 17.3822
18.0000 16.7382
18.0000 18.2443
18.0000 17.6796
18.0000 17.5294
18.0000 17.5569
18.0000 17.9266
18.0000 17.7611
18.0000 17.6061
18.0000 17.8276
18.0000 17.3489
18.0000 18.5376
18.0000 16.5903
18.0000 17.5398
18.0000 17.8301
18.0000 16.8714
18.0000 17.7781
18.0000 18.2581
18.0000 17.9213
18.0000 16.8852
18.0000 17.1223
18.0000 17.7696
18.0000 18.1098
18.0000 18.1921
18.0000 18.4790
18.0000 16.2983
18.0000 17.2055
18.0000 18.8277
18.0000 19.3612
18.0000 17.5769
18.0000 16.7632
18.0000 17.8621
18.0000 16.9180
18.0000 17.5012
18.0000 18.7662
18.0000 17.6466
18.0000 18.2005
18.0000 19.6901
18.0000 17.6338
18.0000 17.8519
18.0000 17.4383
18.0000 17.5058
18.0000 17.3311
18.0000 17.0978
18.0000 17.7273
18.0000 17.8718
18.0000 18.1863
18.0000 17.8306
18.0000 16.8812
18.0000 16.5559
18.0000 17.6193
18.0000 17.2141
18.0000 18.0424
18.0000 17.7947
18.0000 17.7978
18.0000 17.6364
18.0000 17.5077
18.0000 16.8108
18.0000 17.6960
18.0000 17.3469
18.0000 17.8761
18.0000 18.1197
18.0000 17.5043
18.0000 17.6748
18.0000 17.5132
18.0000 17.4214
18.0000 18.8787
18.0000 16.9309
18.0000 18.6819
18.0000 17.1708
18.0000 18.0000
18.0000 16.6202
18.0000 17.1629
18.0000 18.1423
18.0000 17.0530
18.0000 17.4837
18.0000 17.0573
18.0000 17.7373
18.0000 17.4921
18.0000 17.7277
18.0000 18.5687
18.0000 19.6245
18.0000 18.1770
18.0000 17.2453
18.0000 17.8006
18.0000 18.5500
18.0000 16.7567
18.0000 17.8828
18.0000 17.5684
18.0000 17.0551
18.0000 18.1416
18.0000 18.3143
18.0000 17.3200
18.0000 17.8302
18.0000 17.2785
18.0000 16.9719
18.0000 19.4517
18.0000 17.5629
18.0000 17.9476
18.0000 18.1664
18.0000 17.3123
18.0000 17.4803
18.0000 17.5872
18.0000 17.3162
18.0000 18.6316
18.0000 17.3856
18.0000 17.5822
18.0000 17.8980
18.0000 16.6554
18.0000 18.3017
18.0000 17.1605
18.0000 17.8353
18.0000 17.8047
18.0000 17.6457
18.0000 17.5802
18.0000 18.1071
18.0000 17.2607
18.0000 18.0146
18.0000 18.2642
18.0000 17.0827
18.0000 17.7830
18.0000 17.7689
18.0000 17.6624
18.0000 17.5075
18.0000 18.7616
18.0000 18.1031
18.0000 17.6796
18.0000 17.3902
18.0000 17.1831
18.0000 17.9118
18.0000 16.5557
18.0000 17.6444
18.0000 18.3464
18.0000 17.7524
18.0000 18.5270
18.0000 17.5129
18.0000 17.8908
18.0000 18.2107
18.0000 18.1183
18.0000 17.1860
18.0000 16.9685
18.0000 17.8082
18.0000 17.4686
18.0000 18.8275
18.0000 17.8835
18.0000 17.8485
18.0000 17.7773
18.0000 17.5548
18.0000 17.9837
18.0000 17.4242
18.0000 17.7167
18.0000 18.1301
18.0000 17.4493
18.0000 18.3871
18.0000 16.2253
18.0000 17.5604
18.0000 17.7630
18.0000 17.9002
18.0000 17.0530
18.0000 17.6482
18.0000 17.3185
18.0000 17.5404
18.0000 18.6758
18.0000 18.3548
18.0000 17.3880
18.0000 18.4964
18.0000 18.3670
18.0000 17.7787
18.0000 18.1259
18.0000 18.1629
18.0000 17.2911
18.0000 17.0857
18.0000 18.2338
18.0000 17.8042
18.0000 17.8739
18.0000 17.5903
18.0000 18.0989
18.0000 18.1142
18.0000 17.8820
18.0000 17.8453
18.0000 19.4880
18.0000 17.9321
18.0000 18.2204
18.0000 17.9866
18.0000 17.3126
18.0000 17.9518
18.0000 17.6804
18.0000 17.8099
18.0000 17.4771
18.0000 17.1060
18.0000 17.9220
18.0000 17.9757
18.0000 17.7477
18.0000 17.4847
18.0000 17.8028
18.0000 17.6661
18.0000 17.4314
18.0000 18.4302
18.0000 17.9666
18.0000 18.0316
18.0000 17.7553
18.0000 17.3826
18.0000 17.8360
18.0000 17.2227
18.0000 18.0379
18.0000 18.5625
18.0000 17.6986
18.0000 17.5103
18.0000 18.2347
18.0000 17.7623
18.0000 18.3156
18.0000 17.6081
18.0000 18.1278
18.0000 18.0168
18.0000 16.8868
18.0000 17.3138
18.0000 17.3998
18.0000 16.7334
18.0000 18.6559
18.0000 17.7708
18.0000 17.0268
18.0000 17.4402
18.0000 16.9610
18.0000 18.8249
18.0000 18.0796
18.0000 17.5549
18.0000 17.9413
18.0000 17.1478
18.0000 18.2622
18.0000 17.7049
18.0000 17.7487
18.0000 18.0148
18.0000 18.5031
18.0000 18.4846
18.0000 17.9324
18.0000 18.2207
18.0000 18.9423
18.0000 17.0407
18.0000 17.2978
18.0000 18.4851
18.0000 16.9820
18.0000 18.2173
18.0000 18.1189
18.0000 18.5800
18.0000 19.6613
18.0000 16.9138
18.0000 17.1453
18.0000 18.5296
18.0000 17.9075
18.0000 17.7568
18.0000 17.6725
18.0000 16.9446
18.0000 17.9840
18.0000 17.7049
18.0000 17.2590
18.0000 17.4150
18.0000 17.6484
18.0000 18.0627
18.0000 16.8637
18.0000 17.7309
18.0000 17.7548
18.0000 17.4843
18.0000 16.5875
18.0000 17.0422
18.0000 18.3573
18.0000 16.5934
18.0000 17.5675
18.0000 17.8994
18.0000 17.4707
18.0000 18.2440
18.0000 19.2024
18.0000 17.9842
18.0000 18.1591
18.0000 17.1880
18.0000 17.4600
18.0000 18.4749
18.0000 18.0932
18.0000 17.1474
18.0000 16.4579
18.0000 19.5942
18.0000 18.0469
18.0000 18.5636
18.0000 18.5154
18.0000 17.2776
18.0000 16.9836
18.0000 17.3512
18.0000 17.5641
18.0000 16.7308
18.0000 16.7212
18.0000 17.9962
18.0000 18.1313
18.0000 17.9747
18.0000 19.0258
18.0000 17.3141
18.0000 17.4760
18.0000 17.8866
18.0000 18.0411
18.0000 17.5827
18.0000 17.6685
18.0000 18.1588
18.0000 17.9361
18.0000 18.5648
18.0000 18.5797
18.0000 17.2197
18.0000 17.2361
18.0000 17.3229
18.0000 17.8697
18.0000 17.2466
18.0000 18.3884
18.0000 17.2685
18.0000 18.5660
18.0000 17.6307
18.0000 17.8760
18.0000 18.0258
18.0000 17.3125
18.0000 17.3143
18.0000 17.9432
18.0000 16.6060
18.0000 18.5434
18.0000 17.2853
18.0000 17.7153
18.0000 17.5892
18.0000 16.9064
18.0000 18.7017
18.0000 17.7462
18.0000 17.4328
18.0000 17.5481
18.0000 18.4416
18.0000 17.4581
18.0000 17.4050
18.0000 16.6990
18.0000 18.7624
18.0000 17.6464
18.0000 17.6465
18.0000 18.5736
18.0000 17.7645
18.0000 18.3696
18.0000 17.8812
18.0000 17.9225
18.0000 17.5987
18.0000 17.7858
18.0000 17.3888
18.0000 17.6488
18.0000 17.7156
18.0000 17.8998
18.0000 17.4271
18.0000 18.7153
18.0000 16.8973
18.0000 17.1830
18.0000 16.9118
18.0000 18.1479
18.0000 17.1482
18.0000 17.1415
18.0000 17.4387
18.0000 18.5494
18.0000 17.1944
18.0000 17.8893
18.0000 17.2335
18.0000 18.4486
18.0000 18.5355
18.0000 17.8279
18.0000 18.0281
18.0000 18.0696
18.0000 18.5247
18.0000 18.2458
18.0000 17.7844
18.0000 18.2796
18.0000 18.1102
18.0000 16.6717
18.0000 18.0749
18.0000 17.4686
18.0000 18.6741
18.0000 17.1460
18.0000 18.0687
18.0000 18.4414
18.0000 17.7784
18.0000 17.3128
18.0000 17.5685
18.0000 18.4295
18.0000 17.2908
18.0000 17.7555
18.0000 17.8715
18.0000 17.3527
18.0000 18.7826
18.0000 16.8344
18.0000 17.4731
18.0000 17.9468
18.0000 17.5875
18.0000 18.3084
18.0000 18.9101
18.0000 17.5420
18.0000 16.7998
18.0000 18.2293
18.0000 17.4658
18.0000 17.5751
18.0000 17.5288
18.0000 18.0747
18.0000 17.4842
18.0000 17.3517
18.0000 17.2578
18.0000 17.2978
18.0000 16.4075
18.0000 17.1658
18.0000 17.9917
18.0000 17.0154
18.0000 17.9235
18.0000 16.9837
18.0000 18.2777
18.0000 17.6105
18.0000 18.1315
18.0000 18.0595
18.0000 17.8013
18.0000 17.0192
18.0000 19.6687
18.0000 18.3656
18.0000 17.0684
18.0000 18.2207
18.0000 18.2960
18.0000 18.0070
18.0000 18.2107
18.0000 18.9199
18.0000 18.1994
18.0000 17.0635
18.0000 17.5427
18.0000 17.9395
18.0000 17.1280
18.0000 18.3882
18.0000 17.8240
18.0000 18.7764
18.0000 18.4030
18.0000 17.2920
18.0000 18.0579
18.0000 18.4867
18.0000 17.9963
18.0000 16.8716
18.0000 17.3295
18.0000 18.2640
18.0000 18.7806
18.0000 17.8997
18.0000 16.8483
18.0000 18.3377
18.0000 17.8320
18.0000 18.2817
18.0000 16.5868
18.0000 17.7174
18.0000 18.1041
18.0000 18.0294
18.0000 17.3357
18.0000 17.9566
18.0000 16.9956
18.0000 16.7349
18.0000 17.0482
18.0000 17.2257
18.0000 17.5467
18.0000 18.0012
18.0000 18.1230
18.0000 18.5310
18.0000 17.2965
18.0000 17.1108
18.0000 17.7584
18.0000 17.8281
18.0000 17.1640
18.0000 18.3621
18.0000 16.7381
18.0000 17.7888
18.0000 17.6509
18.0000 17.6388
18.0000 18.4386
18.0000 17.4434
18.0000 18.2180
18.0000 17.0028
18.0000 17.4559
18.0000 17.6242
18.0000 19.0107
18.0000 17.9145
18.0000 17.7404
18.0000 18.5050
18.0000 17.9585
18.0000 17.8295
18.0000 17.2183
18.0000 17.0020
18.0000 18.0140
18.0000 17.7903
18.0000 17.8247
18.0000 17.8850
18.0000 17.7311
18.0000 17.4925
18.0000 17.2110
18.0000 18.4759
18.0000 17.7562
18.0000 17.2040
18.0000 18.3658
18.0000 18.8241
18.0000 17.7162
18.0000 18.3540
18.0000 16.5627
18.0000 17.4588
18.0000 18.0221
18.0000 17.6095
18.0000 18.5851
18.0000 17.7720
18.0000 17.5528
18.0000 18.0279
18.0000 17.3058
18.0000 17.6212
18.0000 18.4410
18.0000 17.3683
18.0000 17.8614
18.0000 18.0865
18.0000 17.5561
18.0000 17.9944
18.0000 17.7368
18.0000 17.0452
18.0000 17.0072
18.0000 17.5752
18.0000 18.0154
18.0000 18.3163
18.0000 17.8439
18.0000 16.8672
18.0000 17.2132
18.0000 17.6262
18.0000 16.9712
18.0000 17.1607
18.0000 16.7927
18.0000 17.9523
18.0000 18.0932
18.0000 18.1238
18.0000 17.8487
18.0000 17.6267
18.0000 18.0148
18.0000 18.6275
18.0000 16.9527
18.0000 16.4978
18.0000 17.7385
18.0000 18.3229
18.0000 19.2225
18.0000 17.6396
18.0000 17.7620
18.0000 18.1128
18.0000 17.4249
18.0000 18.0252
18.0000 17.6658
18.0000 18.2798
18.0000 16.9713
18.0000 17.4390
18.0000 17.6683
18.0000 17.0044
18.0000 17.2095
18.0000 18.8065
18.0000 19.1039
18.0000 16.8883
18.0000 18.1138
18.0000 19.2382
18.0000 17.6119
18.0000 19.4137
18.0000 17.3444
18.0000 17.2107
18.0000 16.9971
18.0000 17.1999
18.0000 18.2783
18.0000 17.4646
18.0000 17.6358
18.0000 17.9798
18.0000 17.5085
18.0000 17.3572
18.0000 17.7613
18.0000 16.5560
18.0000 18.3375
18.0000 18.3115
18.0000 18.3163
18.0000 17.9737
18.0000 18.2684
18.0000 18.0197
18.0000 17.0277
18.0000 17.9089
18.0000 17.6269
18.0000 17.4592
18.0000 18.1254
18.0000 17.1425
18.0000 18.1452
18.0000 17.5905
18.0000 17.0887
18.0000 18.1285
18.0000 17.6390
18.0000 17.7088
18.0000 17.8318
18.0000 18.5741
18.0000 18.6287
18.0000 17.6053
18.0000 18.2319
18.0000 18.4935
18.0000 17.8087
18.0000 17.6453
18.0000 17.7967
18.0000 17.6706
18.0000 17.9489
18.0000 16.9784
18.0000 18.0676
18.0000 17.5282
18.0000 18.1711
18.0000 18.4207
18.0000 18.1903
18.0000 18.0712
18.0000 18.3594
18.0000 17.5501
18.0000 17.7611
18.0000 16.9529
18.0000 17.9121
18.0000 16.9551
18.0000 17.6398
18.0000 17.2446
18.0000 17.8336
18.0000 17.6325
18.0000 17.9472
18.0000 16.8331
18.0000 17.7758
18.0000 17.3763
18.0000 18.5839
18.0000 17.1262
18.0000 16.6126
18.0000 17.3785
18.0000 17.2242
18.0000 17.0939
18.0000 18.2932
18.0000 17.3863
18.0000 17.7903
18.0000 17.7709
18.0000 18.2506
18.0000 17.9134
18.0000 17.2579
18.0000 17.9524
18.0000 16.8409
18.0000 17.3665
18.0000 18.7652
18.0000 16.8514
18.0000 17.8062
18.0000 17.2902
18.0000 17.3415
18.0000 17.7124
18.0000 16.6683
18.0000 16.9345
18.0000 17.5387
18.0000 18.2351
18.0000 17.4812
18.0000 17.9490
18.0000 17.4537
18.0000 18.3223
18.0000 18.1852
18.0000 18.1476
18.0000 16.5815
18.0000 17.2659
18.0000 17.8659
18.0000 17.7192
18.0000 16.7759
18.0000 17.7673
18.0000 18.1105
18.0000 18.0143
18.0000 17.6631
18.0000 17.5117
18.0000 17.8794
18.0000 17.5229
18.0000 18.0335
18.0000 17.8523
18.0000 17.3621
18.0000 17.7217
18.0000 18.6562
18.0000 17.5680
18.0000 17.6911
18.0000 16.8006
18.0000 18.2338
18.0000 17.9440
18.0000 17.8390
18.0000 17.9922
18.0000 18.4370
18.0000 17.5414
18.0000 17.2609
18.0000 17.9553
18.0000 17.7389
18.0000 16.7367
18.0000 18.1463
18.0000 18.4352
18.0000 17.5883
18.0000 18.1875
18.0000 18.5019
18.0000 18.3633
18.0000 17.0641
18.0000 18.0072
18.0000 17.9272
18.0000 17.4999
18.0000 18.1910
18.0000 18.5246
18.0000 17.1445
18.0000 17.1810
18.0000 17.5830
18.0000 18.2059
18.0000 17.7215
18.0000 17.2302
18.0000 17.4404
18.0000 18.4724
18.0000 17.2588
18.0000 17.7611
18.0000 17.0950
18.0000 16.6797
18.0000 16.9988
18.0000 17.8710
18.0000 18.0899
18.0000 17.7246
18.0000 17.3013
18.0000 17.5773
18.0000 18.6369
18.0000 17.8558
18.0000 17.4756
18.0000 17.5975
18.0000 18.1502
18.0000 17.2007
18.0000 18.0777
18.0000 16.4477
18.0000 17.6392
18.0000 18.7312
18.0000 16.2152
18.0000 17.7519
18.0000 17.3289
18.0000 17.5984
18.0000 17.6240
18.0000 17.5929
18.0000 17.7033
18.0000 17.5021
18.0000 17.2715
18.0000 18.5804
18.0000 18.4943
18.0000 18.4894
18.0000 17.6125
18.0000 18.9271
18.0000 17.7473
18.0000 18.2492
18.0000 17.6738
18.0000 17.2717
18.0000 17.5955
18.0000 18.3361
18.0000 17.3801
18.0000 17.7608
18.0000 17.4284
18.0000 17.2071
18.0000 17.6824
18.0000 17.7862
18.0000 17.1244
18.0000 18.0789
18.0000 17.3177
18.0000 16.7527
18.0000 17.9711
18.0000 17.5832
18.0000 17.4410
18.0000 17.6799
18.0000 18.7458
18.0000 17.7606
18.0000 18.2737
18.0000 17.8454
18.0000 16.6592
18.0000 17.1896
18.0000 17.6772
18.0000 17.1694
18.0000 18.4680
18.0000 17.1588
18.0000 18.8494
18.0000 16.7014
18.0000 18.4148
18.0000 18.1027
18.0000 17.2094
18.0000 16.8331
18.0000 18.6216
18.0000 17.4490
18.0000 18.3975
18.0000 17.8247
18.0000 17.1847
18.0000 17.8634
18.0000 18.1073
18.0000 17.0051
18.0000 17.1514
18.0000 16.8956
18.0000 18.7517
18.0000 17.5722
18.0000 18.6199
18.0000 17.0580
18.0000 17.0627
18.0000 18.1596
18.0000 17.1761
18.0000 18.2412
18.0000 18.7351
18.0000 17.7092
18.0000 17.5082
18.0000 18.3639
18.0000 17.5876
18.0000 18.6967
18.0000 17.4404
18.0000 16.8468
18.0000 17.2899
18.0000 17.0198
18.0000 17.1378
18.0000 17.3124
18.0000 17.7355
18.0000 16.7990
18.0000 17.4173
18.0000 17.8681
18.0000 17.3303
18.0000 17.8920
18.0000 17.6486
18.0000 18.9068
18.0000 18.1542
18.0000 17.8026
18.0000 18.2368
18.0000 18.3294
18.0000 16.7088
18.0000 17.7356
18.0000 17.8438
18.0000 17.9314
18.0000 17.8862
18.0000 17.4703
18.0000 18.0045
18.0000 18.7468
18.0000 17.5010
18.0000 17.1926
18.0000 17.4474
18.0000 18.2788
18.0000 17.7384
18.0000 17.8099
18.0000 17.4935
18.0000 17.7311
18.0000 16.9913
18.0000 17.1217
18.0000 17.0179
18.0000 17.3656
18.0000 16.8467
18.0000 17.4746
18.0000 17.6674
18.0000 18.0619
18.0000 17.6600
18.0000 18.0041
18.0000 16.9579
18.0000 17.6659
18.0000 17.1251
18.0000 18.7195
18.0000 16.9663
18.0000 16.9906
18.0000 17.0517
18.0000 19.2123
18.0000 17.3083
18.0000 17.9372
18.0000 17.3770
18.0000 17.5437
18.0000 17.1633
18.0000 18.0324
18.0000 18.5622
18.0000 17.8877
18.0000 18.1893
18.0000 17.8087
18.0000 18.1157
18.0000 17.7408
18.0000 17.7422
18.0000 17.9168
18.0000 18.4580
18.0000 18.6363
18.0000 17.9756
18.0000 17.0931
18.0000 18.2624
18.0000 18.1518
18.0000 17.5493
18.0000 18.5619
18.0000 17.7316
18.0000 18.7754
18.0000 17.6101
18.0000 17.6472
18.0000 18.5533
18.0000 17.6999
18.0000 17.6816
18.0000 16.8451
18.0000 17.5558
18.0000 18.5112
18.0000 17.5344
18.0000 18.4383
18.0000 19.0893
18.0000 17.6635
18.0000 17.6954
18.0000 17.7198
18.0000 17.6735
18.0000 18.6607
18.0000 18.2289
18.0000 18.1886
18.0000 17.7448
18.0000 17.7257
18.0000 16.7542
18.0000 17.8373
18.0000 18.1714
18.0000 18.0353
18.0000 17.8928
18.0000 18.1653
18.0000 17.2775
18.0000 17.7173
18.0000 17.3022
18.0000 18.1896
18.0000 17.8214
18.0000 16.8101
18.0000 17.7398
18.0000 18.2846
18.0000 17.5882
18.0000 17.9720
18.0000 17.7682
18.0000 18.5493
18.0000 18.0999
18.0000 17.3532
18.0000 19.1865
18.0000 18.2558
18.0000 17.9094
18.0000 17.2194
18.0000 17.3363
18.0000 17.2427
18.0000 18.0202
18.0000 16.8873
18.0000 17.4513
18.0000 17.9176
18.0000 17.2566
18.0000 18.4406
18.0000 18.1348
18.0000 18.0602
18.0000 17.3127
18.0000 17.6418
18.0000 18.0060
18.0000 17.4957
18.0000 18.4022
18.0000 18.2604
18.0000 18.0684
18.0000 18.3382
18.0000 17.8005
18.0000 18.0014
18.0000 16.3866
18.0000 16.9115
18.0000 17.7281
18.0000 18.1023
18.0000 18.1541
18.0000 17.1648
18.0000 18.5138
18.0000 17.4635
18.0000 19.0553
18.0000 16.6136
18.0000 17.5253
18.0000 17.6917
18.0000 18.4935
18.0000 18.1355
18.0000 17.0393
18.0000 18.2932
18.0000 17.2732
18.0000 17.4463
18.0000 17.9594
18.0000 17.7476
18.0000 17.1392
18.0000 17.4983
18.0000 18.1220
18.0000 17.5604
18.0000 18.0848
18.0000 17.7319
18.0000 17.9722
18.0000 17.9710
18.0000 17.2244
18.0000 18.8400
18.0000 17.1920
18.0000 17.2767
18.0000 17.3222
18.0000 17.9172
18.0000 17.1735
18.0000 18.0205
18.0000 18.2587
18.0000 18.0005
18.0000 17.8501
18.0000 17.9560
18.0000 17.7131
18.0000 17.7355
18.0000 17.9418
18.0000 17.3976
18.0000 17.5131
18.0000 18.7310
18.0000 18.2878
18.0000 17.0522
18.0000 17.6414
18.0000 16.8717
18.0000 17.4705
18.0000 17.3103
18.0000 16.7622
18.0000 17.5424
18.0000 16.4397
18.0000 19.0135
18.0000 18.1750
18.0000 18.8248
18.0000 17.8814
18.0000 18.5919
18.0000 17.7321
18.0000 17.1453
18.0000 17.2655
18.0000 17.2426
18.0000 17.5608
18.0000 17.3431
18.0000 18.0488
18.0000 16.9659
18.0000 17.5660
18.0000 17.7819
18.0000 17.6484
18.0000 17.3606
18.0000 18.0332
18.0000 18.4527
18.0000 17.4110
18.0000 18.7759
18.0000 17.3552
18.0000 18.7226
18.0000 17.6891
18.0000 17.5042
18.0000 17.5228
18.0000 16.8520
18.0000 17.3585
18.0000 18.4776
18.0000 17.4995
18.0000 17.7857
18.0000 17.4278
18.0000 16.9769
18.0000 16.7792
18.0000 18.6270
18.0000 18.4839
18.0000 17.1109
18.0000 17.8947
18.0000 18.5534
18.0000 16.2977
18.0000 17.8256
18.0000 17.2740
18.0000 17.5745
18.0000 17.6696
18.0000 17.1763
18.0000 19.0962
18.0000 16.6536
18.0000 17.2158
18.0000 17.5855
18.0000 18.1700
18.0000 17.5947
18.0000 18.1748
18.0000 17.1589
18.0000 17.5436
18.0000 19.6499
18.0000 17.8596
18.0000 18.3384
18.0000 17.4800
18.0000 17.7571
18.0000 17.9226
18.0000 17.9254
18.0000 18.3102
18.0000 17.9623
18.0000 17.9920
18.0000 17.6912
18.0000 17.9398
18.0000 18.2198
18.0000 16.9234
18.0000 16.7780
18.0000 17.3021
18.0000 18.2749
18.0000 17.1574
18.0000 18.0213
18.0000 17.0727
18.0000 18.0857
18.0000 17.7962
18.0000 18.0934
18.0000 18.5760
18.0000 17.4265
18.0000 18.1019
18.0000 17.5433
18.0000 17.1724
18.0000 18.1653
18.0000 17.3424
18.0000 17.1229
18.0000 17.9342
18.0000 17.0037
18.0000 17.4678
18.0000 17.7194
18.0000 18.0698
18.0000 18.3627
18.0000 19.0772
18.0000 17.0141
18.0000 17.1432
18.0000 18.0634
18.0000 18.8228
18.0000 17.3573
18.0000 17.3064
18.0000 17.2365
18.0000 17.3641
18.0000 17.5110
18.0000 17.5955
18.0000 18.7211
18.0000 17.5828
18.0000 18.1944
18.0000 18.6909
18.0000 18.0222
18.0000 18.1383
18.0000 18.6254
18.0000 17.0282
18.0000 18.0290
18.0000 16.9112
18.0000 17.3516
18.0000 17.9084
18.0000 17.6789
18.0000 17.4960
18.0000 18.1252
18.0000 17.8783
18.0000 17.7244
18.0000 17.2614
18.0000 18.3904
18.0000 16.9736
18.0000 17.5413
18.0000 17.6492
18.0000 18.1583
18.0000 17.7892
18.0000 18.4317
18.0000 17.9958
18.0000 17.3060
18.0000 17.9512
18.0000 17.9490
18.0000 17.6664
18.0000 17.4883
18.0000 18.2552
18.0000 17.3048
18.0000 17.6099
18.0000 19.3005
18.0000 17.4651
18.0000 18.3515
18.0000 17.7616
18.0000 17.0815
18.0000 17.1134
18.0000 16.9965
18.0000 18.3081
18.0000 18.1528
18.0000 16.6583
18.0000 18.2269
18.0000 17.0139
18.0000 18.0102
18.0000 18.7000
18.0000 18.5156
18.0000 17.3734
18.0000 18.9975
18.0000 17.8626
18.0000 17.6201
18.0000 17.6269
18.0000 17.5949
18.0000 17.9636
18.0000 17.8236
18.0000 18.1664
18.0000 17.7381
18.0000 17.3706
18.0000 17.4491
18.0000 17.1747
18.0000 17.6174
18.0000 17.3296
18.0000 16.9332
18.0000 18.6913
18.0000 17.8492
18.0000 17.7631
18.0000 17.6122
18.0000 17.9579
18.0000 17.0023
18.0000 17.5801
18.0000 18.1533
18.0000 17.8319
18.0000 17.2786
18.0000 17.9663
18.0000 18.1698
18.0000 18.0394
18.0000 17.6833
18.0000 17.5283
18.0000 17.9957
18.0000 17.3912
18.0000 16.6888
18.0000 18.2475
18.0000 18.5011
18.0000 16.8857
18.0000 17.3146
18.0000 18.3294
18.0000 16.3970
18.0000 18.3706
18.0000 17.2692
18.0000 17.9213
18.0000 17.6818
18.0000 17.8044
18.0000 16.1701
18.0000 18.5172
18.0000 18.3659
18.0000 17.4713
18.0000 17.3221
18.0000 17.2290
18.0000 17.2963
18.0000 17.4469
18.0000 18.1184
18.0000 18.2040
18.0000 17.5101
18.0000 17.5966
18.0000 17.2229
18.0000 17.3678
18.0000 17.4267
18.0000 18.5208
18.0000 17.6365
18.0000 18.3010
18.0000 17.9494
18.0000 18.4463
18.0000 17.9812
18.0000 17.4194
18.0000 17.9179
18.0000 18.2779
18.0000 19.2209
18.0000 16.5518
18.0000 18.0981
18.0000 16.3554
18.0000 18.2488
18.0000 17.8039
18.0000 16.6494
18.0000 17.2069
18.0000 17.8330
18.0000 17.4675
18.0000 17.7677
18.0000 18.0616
18.0000 18.3758
18.0000 17.1026
18.0000 17.8741
18.0000 18.5836
18.0000 17.0329
18.0000 17.6553
18.0000 17.1037
18.0000 17.7191
18.0000 16.9965
18.0000 17.3703
18.0000 18.3967
18.0000 18.1726
18.0000 18.1165
18.0000 17.5867
18.0000 17.2938
18.0000 17.7129
18.0000 16.4715
18.0000 17.6150
18.0000 16.9222
18.0000 16.8792
18.0000 18.5540
18.0000 17.0566
18.0000 17.3165
18.0000 18.3932
18.0000 17.5505
18.0000 17.6210
18.0000 17.1302
18.0000 17.3924
18.0000 17.5890
18.0000 18.3603
18.0000 17.5920
18.0000 18.4456
18.0000 17.5021
18.0000 17.1952
18.0000 17.5395
18.0000 18.1400
18.0000 17.7664
18.0000 17.9230
18.0000 17.9303
18.0000 17.6949
18.0000 17.5097
18.0000 17.5545
18.0000 17.7396
18.0000 17.0885
18.0000 17.4831
18.0000 18.2254
18.0000 16.8571
18.0000 17.9471
18.0000 18.6246
18.0000 18.9508
18.0000 17.2108
18.0000 17.6597
18.0000 17.6552
18.0000 19.1076
18.0000 18.0856
18.0000 18.3540
18.0000 17.3684
18.0000 17.3830
18.0000 17.8118
18.0000 17.6164
18.0000 18.3970
18.0000 17.7847
18.0000 18.1944
18.0000 17.1592
18.0000 17.9811
18.0000 17.9868
18.0000 17.8200
18.0000 17.3624
18.0000 17.4721
18.0000 17.6310
18.0000 17.3010
18.0000 18.2545
18.0000 17.9970
18.0000 17.3415
18.0000 17.3792
18.0000 17.9227
18.0000 16.9449
18.0000 16.7220
18.0000 18.0735
18.0000 17.1618
18.0000 17.7896
18.0000 18.0053
18.0000 17.6938
18.0000 17.5940
18.0000 18.4026
18.0000 17.8331
18.0000 16.7331
18.0000 17.1661
18.0000 17.5319
18.0000 18.6368
18.0000 17.2828
18.0000 16.9983
18.0000 17.0808
18.0000 17.7861
18.0000 17.5912
18.0000 17.5607
18.0000 16.7818
18.0000 17.3927
18.0000 18.0383
18.0000 17.1430
18.0000 17.5397
18.0000 18.4746
18.0000 18.3657
18.0000 17.2340
18.0000 17.8627
18.0000 18.2436
18.0000 17.4339
18.0000 17.8440
18.0000 18.2395
18.0000 17.6002
18.0000 18.3450
18.0000 17.4840
18.0000 17.7198
18.0000 18.7328
18.0000 16.6836
18.0000 16.5307
18.0000 17.3610
18.0000 18.3550
18.0000 17.9611
18.0000 17.5828
18.0000 17.2502
18.0000 17.6715
18.0000 17.3494
18.0000 16.9610
18.0000 16.6789
18.0000 16.8980
18.0000 18.2533
18.0000 18.0671
18.0000 17.3255
18.0000 17.7098
18.0000 18.1419
18.0000 17.7877
18.0000 16.9421
18.0000 17.3965
18.0000 18.1041
18.0000 17.1496
18.0000 16.7778
18.0000 18.1611
18.0000 17.4899
18.0000 16.7754
18.0000 17.6561
18.0000 16.9132
18.0000 16.9416
18.0000 17.3432
18.0000 17.7878
18.0000 17.5949
18.0000 17.8542
18.0000 17.3223
18.0000 18.4093
18.0000 17.7863
18.0000 17.4838
18.0000 18.2608
18.0000 17.6281
18.0000 18.7389
18.0000 17.8925
18.0000 18.3071
18.0000 18.0082
18.0000 18.1414
18.0000 17.6207
18.0000 17.7365
18.0000 17.3647
18.0000 17.7657
18.0000 17.6585
18.0000 17.6832
18.0000 18.7001
18.0000 18.6771
18.0000 18.3245
18.0000 17.8227
18.0000 17.1318
18.0000 17.8822
18.0000 17.3322
18.0000 18.7936
18.0000 17.5087
18.0000 18.3352
18.0000 17.3163
18.0000 16.9122
18.0000 17.8866
18.0000 17.1902
18.0000 18.3031
18.0000 17.7067
18.0000 17.3399
18.0000 18.0618
18.0000 18.1916
18.0000 17.2400
18.0000 18.1469
18.0000 18.0635
18.0000 15.9502
18.0000 17.2327
18.0000 17.1977
18.0000 16.6907
18.0000 17.6964
18.0000 17.2640
18.0000 17.5681
18.0000 16.8001
18.0000 16.9974
18.0000 17.4750
18.0000 18.2446
18.0000 17.7151
18.0000 17.6763
18.0000 16.6452
18.0000 16.7639
18.0000 16.9463
18.0000 17.4230
18.0000 17.4636
18.0000 17.8242
18.0000 18.3995
18.0000 18.2181
18.0000 17.4710
18.0000 17.9493
18.0000 18.0732
18.0000 18.2313
18.0000 17.7213
18.0000 17.9855
18.0000 17.9047
18.0000 16.6684
18.0000 17.1961
18.0000 16.6998
18.0000 17.4419
18.0000 17.8934
18.0000 17.4457
18.0000 18.0678
18.0000 17.8126
18.0000 17.7207
18.0000 18.3639
18.0000 17.9498
18.0000 17.5024
18.0000 18.1496
18.0000 18.0223
18.0000 17.6726
18.0000 18.7040
18.0000 18.4575
18.0000 17.6011
18.0000 17.7298
18.0000 17.3292
18.0000 18.2062
18.0000 17.4371
18.0000 17.6483
18.0000 17.0742
18.0000 17.8540
18.0000 17.6372
18.0000 17.3985
18.0000 18.4914
18.0000 17.4083
18.0000 17.4184
18.0000 17.9205
18.0000 17.5156
18.0000 17.8829
18.0000 16.9900
18.0000 17.0990
18.0000 18.5687
18.0000 17.3649
18.0000 17.3525
18.0000 17.9052
18.0000 17.5307
18.0000 17.4199
18.0000 16.4877
18.0000 17.4804
18.0000 16.5385
18.0000 17.2274
18.0000 17.2693
18.0000 17.5324
18.0000 17.5823
18.0000 17.3228
18.0000 17.9115
18.0000 18.0704
18.0000 17.5325
18.0000 17.9652
18.0000 18.2696
18.0000 17.5877
18.0000 16.5541
18.0000 17.6801
18.0000 17.6205
18.0000 18.4174
18.0000 17.8417
18.0000 17.6078
18.0000 16.7466
18.0000 18.6323
18.0000 17.4581
18.0000 17.2668
18.0000 17.4875
18.0000 17.5819
18.0000 17.4756
18.0000 18.5682
18.0000 17.6453
18.0000 18.3796
18.0000 16.5726
18.0000 17.6157
18.0000 18.4654
18.0000 18.4488
18.0000 16.5778
18.0000 17.5133
18.0000 18.6219
18.0000 17.4958
18.0000 18.2067
18.0000 18.2411
18.0000 18.1527
18.0000 17.9896
18.0000 16.6116
18.0000 17.8413
18.0000 18.1575
18.0000 17.3832
18.0000 17.3103
18.0000 17.9729
18.0000 17.5725
18.0000 18.3709
18.0000 17.6046
18.0000 16.4007
18.0000 17.6223
18.0000 17.7161
18.0000 17.4271
18.0000 17.0007
18.0000 17.6588
18.0000 17.3605
18.0000 18.0307
18.0000 17.7846
18.0000 18.1654
18.0000 17.7937
18.0000 17.1453
18.0000 17.0644
18.0000 17.7889
18.0000 17.6960
18.0000 18.9229
18.0000 17.5721
18.0000 17.3797
18.0000 18.8998
18.0000 17.5171
18.0000 17.2519
18.0000 18.2502
18.0000 17.3728
18.0000 17.8237
18.0000 17.0748
18.0000 17.1354
18.0000 17.9722
18.0000 18.2910
18.0000 18.3350
18.0000 18.0349
18.0000 17.7370
18.0000 17.8303
18.0000 16.7960
18.0000 17.1013
18.0000 18.5449
18.0000 17.5213
18.0000 18.2572
18.0000 17.7578
18.0000 18.0377
18.0000 16.8630
18.0000 17.9099
18.0000 17.5853
18.0000 18.1463
18.0000 17.1711
18.0000 18.1995
18.0000 18.4304
18.0000 17.6729
18.0000 18.2154
18.0000 17.8752
18.0000 17.6639
18.0000 17.0170
18.0000 17.8671
18.0000 18.0626
18.0000 17.2952
18.0000 17.5646
18.0000 16.9517
18.0000 16.6735
18.0000 17.8675
18.0000 17.9675
18.0000 17.7561
18.0000 17.5502
18.0000 16.2790
18.0000 17.5792
18.0000 17.0316
18.0000 17.4489
18.0000 17.3133
18.0000 17.0471
18.0000 17.2240
18.0000 17.9870
18.0000 18.4065
18.0000 18.5346
18.0000 17.8250
18.0000 16.8475
18.0000 17.2979
18.0000 18.4267
18.0000 17.4799
18.0000 16.8867
18.0000 17.7453
18.0000 18.5110
18.0000 18.2101
18.0000 17.6929
18.0000 17.7000
18.0000 17.6517
18.0000 17.9903
18.0000 16.8935
18.0000 17.4446
18.0000 18.0097
18.0000 18.0863
18.0000 18.1773
18.0000 17.0493
18.0000 17.8793
18.0000 18.8086
18.0000 17.6493
18.0000 18.2529
18.0000 17.7356
18.0000 18.3185
18.0000 17.2244
18.0000 16.9489
18.0000 17.9413
18.0000 18.0551
18.0000 18.1185
18.0000 17.6683
18.0000 17.5377
18.0000 17.0914
18.0000 17.4097
18.0000 18.0580
18.0000 18.1603
18.0000 17.5353
18.0000 17.3876
18.0000 17.5855
18.0000 16.8671
18.0000 18.9352
18.0000 18.2410
18.0000 17.9053
18.0000 18.9648
18.0000 17.2960
18.0000 18.0570
18.0000 17.6056
18.0000 17.2249
18.0000 17.8442
18.0000 18.1217
18.0000 17.4629
18.0000 16.9981
18.0000 17.7611
18.0000 18.4026
18.0000 18.1023
18.0000 17.3135
18.0000 17.7635
18.0000 18.4245
18.0000 17.1343
18.0000 18.6759
18.0000 17.4995
18.0000 18.5720
18.0000 18.2720
18.0000 17.1248
18.0000 16.5063
18.0000 17.7045
18.0000 17.5436
18.0000 18.2356
18.0000 17.2880
18.0000 16.4572
18.0000 18.9353
18.0000 18.1083
18.0000 17.5695
18.0000 18.3115
18.0000 17.2002
18.0000 17.8086
18.0000 17.4978
18.0000 17.5105
18.0000 18.1858
18.0000 17.6418
18.0000 18.0095
18.0000 18.2836
18.0000 18.5846
18.0000 17.6825
18.0000 18.1316
18.0000 17.5447
18.0000 17.8728
18.0000 17.0676
18.0000 17.5160
18.0000 17.7501
18.0000 16.4113
18.0000 17.4206
18.0000 18.0095
18.0000 17.5514
18.0000 17.8968
18.0000 17.6170
18.0000 17.4003
18.0000 17.4564
18.0000 18.7776
18.0000 18.3988
18.0000 17.9752
18.0000 17.8014
18.0000 17.6704
18.0000 17.6875
18.0000 17.5826
18.0000 17.0671
18.0000 17.3887
18.0000 17.6552
18.0000 17.4125
18.0000 17.4809
18.0000 17.4558
18.0000 17.7341
18.0000 18.3482
18.0000 17.2637
18.0000 17.5739
18.0000 17.3460
18.0000 17.8624
18.0000 17.4830
18.0000 17.7235
18.0000 17.6706
18.0000 17.9340
18.0000 18.1571
18.0000 17.5032
18.0000 17.7561
18.0000 18.2780
18.0000 17.7320
18.0000 18.5774
18.0000 18.6765
18.0000 17.5831
18.0000 18.1710
18.0000 18.5276
18.0000 17.7257
18.0000 18.3555
18.0000 17.6683
18.0000 18.4983
18.0000 17.3552
18.0000 17.5885
18.0000 18.0246
18.0000 17.0738
18.0000 18.7286
18.0000 17.7762
18.0000 17.7652
18.0000 17.6615
18.0000 18.5795
18.0000 18.1348
18.0000 17.8813
18.0000 17.9943
18.0000 17.7611
18.0000 17.6818
18.0000 18.1722
18.0000 17.8995
18.0000 17.7630
18.0000 17.9584
18.0000 18.4081
18.0000 17.0579
18.0000 16.8828
18.0000 17.3323
18.0000 18.0237
18.0000 17.3777
18.0000 17.5195
18.0000 18.1726
18.0000 16.8489
18.0000 16.8615
18.0000 16.8368
18.0000 18.4016
18.0000 17.7654
18.0000 18.0284
18.0000 17.2941
18.0000 17.8958
18.0000 17.8999
18.0000 18.7346
18.0000 18.0041
18.0000 17.7320
18.0000 16.8351
18.0000 18.1363
18.0000 17.3899
18.0000 17.1847
18.0000 17.1860
18.0000 18.5798
18.0000 18.9811
18.0000 18.2453
18.0000 17.6445
18.0000 17.1791
