19.0000 18.0439
19.0000 18.9860
19.0000 17.1530
19.0000 18.2020
19.0000 18.7335
19.0000 18.9847
19.0000 18.4867
19.0000 18.5919
19.0000 18.5427
19.0000 18.5231
19.0000 18.9741
19.0000 18.3717
19.0000 18.9335
19.0000 19.3219
19.0000 18.3471
19.0000 19.1768
19.0000 18.7418
19.0000 18.8331
19.0000 18.8732
19.0000 18.1777
19.0000 18.5808
19.0000 18.9048
19.0000 18.0969
19.0000 18.1167
19.0000 19.0215
19.0000 18.1575
19.0000 18.9560
19.0000 17.8910
19.0000 18.1072
19.0000 19.6049
19.0000 18.7578
19.0000 19.1403
19.0000 19.0301
19.0000 19.4982
19.0000 18.3847
19.0000 19.2889
19.0000 17.7314
19.0000 17.7903
19.0000 17.8666
19.0000 18.1590
19.0000 18.8662
19.0000 18.6538
19.0000 19.1237
19.0000 18.6612
19.0000 17.9070
19.0000 18.9042
19.0000 18.3799
19.0000 19.3503
19.0000 19.8399
19.0000 18.2802
19.0000 19.7184
19.0000 19.1455
19.0000 18.6616
19.0000 18.8455
19.0000 18.5854
19.0000 19.3594
19.0000 18.6669
19.0000 19.0630
19.0000 19.1637
19.0000 18.8494
19.0000 18.4896
19.0000 18.5075
19.0000 17.8472
19.0000 18.2422
19.0000 18.4825
19.0000 18.6681
19.0000 18.3929
19.0000 18.9747
19.0000 19.3723
19.0000 17.8634
19.0000 18.6254
19.0000 18.5919
19.0000 18.7738
19.0000 19.0667
19.0000 19.3494
19.0000 18.6231
19.0000 18.7348
19.0000 17.8833
19.0000 18.8337
19.0000 18.9941
19.0000 18.3324
19.0000 18.8847
19.0000 19.0442
19.0000 17.5809
19.0000 18.4723
19.0000 19.3436
19.0000 19.0670
19.0000 18.1902
19.0000 18.6492
19.0000 19.6721
19.0000 18.9875
19.0000 18.8609
19.0000 19.1427
19.0000 18.9132
19.0000 18.6734
19.0000 19.9297
19.0000 18.8801
19.0000 18.4266
19.0000 17.6253
19.0000 19.9699
19.0000 17.9488
19.0000 19.0169
19.0000 18.5284
19.0000 17.5854
19.0000 17.9243
19.0000 19.0618
19.0000 18.3054
19.0000 19.3414
19.0000 18.2625
19.0000 19.5028
19.0000 18.2766
19.0000 18.1441
19.0000 18.7305
19.0000 18.9129
19.0000 18.4467
19.0000 18.9220
19.0000 17.4133
19.0000 17.9503
19.0000 19.2049
19.0000 18.5109
19.0000 18.8258
19.0000 19.2865
19.0000 18.4328
19.0000 19.3394
19.0000 18.2723
19.0000 19.1871
19.0000 18.3739
19.0000 18.0762
19.0000 18.2160
19.0000 18.7778
19.0000 19.4591
19.0000 19.2888
19.0000 18.8559
19.0000 18.5750
19.0000 18.4762
19.0000 17.5297
19.0000 17.8502
19.0000 18.1041
19.0000 19.0519
19.0000 18.6404
19.0000 17.8750
19.0000 18.3297
19.0000 19.4546
19.0000 19.7922
19.0000 18.8982
19.0000 18.4067
19.0000 18.5522
19.0000 17.9709
19.0000 18.9449
19.0000 19.0659
19.0000 18.2909
19.0000 18.4741
19.0000 18.7725
19.0000 17.9573
19.0000 19.5921
19.0000 18.1748
19.0000 20.3836
19.0000 20.2352
19.0000 18.3876
19.0000 18.4658
19.0000 19.3274
19.0000 18.9893
19.0000 19.2539
19.0000 17.5519
19.0000 18.8416
19.0000 18.4630
19.0000 18.6882
19.0000 18.1861
19.0000 18.4899
19.0000 17.3047
19.0000 19.0648
19.0000 18.9853
19.0000 18.4713
19.0000 18.5933
19.0000 18.4419
19.0000 18.6219
19.0000 18.5265
19.0000 18.3593
19.0000 19.2876
19.0000 18.1919
19.0000 19.0437
19.0000 18.6682
19.0000 18.8153
19.0000 19.4623
19.0000 18.7231
19.0000 19.4348
19.0000 18.5431
19.0000 19.5792
19.0000 19.1209
19.0000 19.1501
19.0000 19.5143
19.0000 19.7195
19.0000 18.4906
19.0000 18.1046
19.0000 18.6944
19.0000 19.5952
19.0000 18.9199
19.0000 18.1870
19.0000 18.5465
19.0000 18.7353
19.0000 18.9122
19.0000 18.7372
19.0000 18.9441
19.0000 18.6199
19.0000 19.2143
19.0000 18.3275
19.0000 17.9646
19.0000 18.0489
19.0000 17.3032
19.0000 18.0406
19.0000 17.5003
19.0000 18.9910
19.0000 18.3759
19.0000 19.1558
19.0000 18.9940
19.0000 18.6892
19.0000 18.7720
19.0000 17.9993
19.0000 18.8474
19.0000 18.3216
19.0000 18.4605
19.0000 18.8252
19.0000 18.8259
19.0000 19.1676
19.0000 18.3043
19.0000 19.5744
19.0000 19.0067
19.0000 19.3036
19.0000 18.9673
19.0000 18.9843
19.0000 18.4846
19.0000 18.2882
19.0000 18.8078
19.0000 17.8696
19.0000 18.5428
19.0000 17.7904
19.0000 19.1461
19.0000 19.3764
19.0000 19.7968
19.0000 19.2480
19.0000 19.4152
19.0000 18.5447
19.0000 19.2217
19.0000 19.0122
19.0000 17.7155
19.0000 18.1367
19.0000 20.5203
19.0000 18.3495
19.0000 18.2394
19.0000 18.9875
19.0000 18.5638
19.0000 18.8007
19.0000 19.5568
19.0000 19.2135
19.0000 19.0883
19.0000 18.9582
19.0000 18.7108
19.0000 20.0128
19.0000 18.6995
19.0000 18.9389
19.0000 18.2485
19.0000 18.1491
19.0000 18.5022
19.0000 19.4333
19.0000 18.2045
19.0000 18.2337
19.0000 18.9936
19.0000 18.2584
19.0000 19.1359
19.0000 17.4250
19.0000 18.3847
19.0000 19.3651
19.0000 18.2491
19.0000 18.0841
19.0000 18.2633
19.0000 19.5988
19.0000 18.1961
19.0000 18.6352
19.0000 18.3542
19.0000 19.3114
19.0000 18.4207
19.0000 19.7213
19.0000 18.1472
19.0000 18.7598
19.0000 19.3421
19.0000 18.6830
19.0000 19.0932
19.0000 17.8885
19.0000 17.8717
19.0000 18.4464
19.0000 18.9428
19.0000 18.5152
19.0000 19.4401
19.0000 19.1997
19.0000 18.3246
19.0000 18.6227
19.0000 19.4280
19.0000 18.3476
19.0000 18.9553
19.0000 19.9651
19.0000 19.1994
19.0000 19.2720
19.0000 18.8181
19.0000 18.5051
19.0000 18.0171
19.0000 18.6463
19.0000 18.7181
19.0000 17.8583
19.0000 19.6999
19.0000 19.0073
19.0000 19.2320
19.0000 17.3855
19.0000 19.2253
19.0000 19.2439
19.0000 18.9538
19.0000 18.1778
19.0000 19.0421
19.0000 18.4811
19.0000 19.2753
19.0000 17.5673
19.0000 18.0884
19.0000 18.7902
19.0000 18.0762
19.0000 18.4111
19.0000 18.9632
19.0000 18.7321
19.0000 18.1633
19.0000 18.7159
19.0000 18.7072
19.0000 18.4811
19.0000 19.1987
19.0000 18.1649
19.0000 18.0411
19.0000 18.5015
19.0000 18.7571
19.0000 18.4201
19.0000 18.8615
19.0000 18.2399
19.0000 19.1244
19.0000 19.1087
19.0000 19.2112
19.0000 18.5802
19.0000 18.6056
19.0000 18.8381
19.0000 17.7513
19.0000 18.0889
19.0000 18.7273
19.0000 19.1874
19.0000 18.1261
19.0000 18.0194
19.0000 17.8439
19.0000 19.2981
19.0000 18.0076
19.0000 19.4647
19.0000 18.7603
19.0000 17.3863
19.0000 18.5491
19.0000 19.5775
19.0000 18.5255
19.0000 18.3909
19.0000 18.3071
19.0000 19.4775
19.0000 18.6498
19.0000 18.7509
19.0000 18.5658
19.0000 18.2558
19.0000 17.8566
19.0000 18.3066
19.0000 18.6486
19.0000 18.7444
19.0000 18.8200
19.0000 18.0451
19.0000 18.8176
19.0000 17.8912
19.0000 18.7209
19.0000 18.7836
19.0000 19.0753
19.0000 19.0523
19.0000 18.2866
19.0000 18.6589
19.0000 18.0734
19.0000 18.8305
19.0000 18.3658
19.0000 19.1927
19.0000 18.4637
19.0000 18.2590
19.0000 18.2579
19.0000 18.3824
19.0000 19.2102
19.0000 18.8609
19.0000 18.7366
19.0000 19.8283
19.0000 18.8234
19.0000 19.6259
19.0000 17.6113
19.0000 17.6380
19.0000 19.1929
19.0000 19.4875
19.0000 17.9872
19.0000 18.7216
19.0000 18.0771
19.0000 19.2598
19.0000 18.2610
19.0000 19.0595
19.0000 18.2716
19.0000 19.0502
19.0000 17.5725
19.0000 18.3377
19.0000 19.8508
19.0000 20.2144
19.0000 17.6491
19.0000 18.8999
19.0000 18.7276
19.0000 18.3725
19.0000 19.3416
19.0000 18.3233
19.0000 18.8269
19.0000 18.0654
19.0000 18.8060
19.0000 18.6554
19.0000 18.6327
19.0000 18.8791
19.0000 19.3844
19.0000 18.6125
19.0000 18.4095
19.0000 18.3214
19.0000 18.3150
19.0000 18.9822
19.0000 18.7904
19.0000 18.3052
19.0000 18.5649
19.0000 18.3902
19.0000 19.4125
19.0000 19.1750
19.0000 18.2007
19.0000 18.9282
19.0000 18.8818
19.0000 18.7230
19.0000 18.2151
19.0000 18.9302
19.0000 19.4904
19.0000 18.6117
19.0000 18.1880
19.0000 19.0365
19.0000 18.4339
19.0000 17.8035
19.0000 19.3643
19.0000 18.5821
19.0000 18.9597
19.0000 18.9422
19.0000 20.2913
19.0000 19.0602
19.0000 18.4314
19.0000 19.2279
19.0000 18.8556
19.0000 18.0656
19.0000 18.7399
19.0000 19.6087
19.0000 18.2913
19.0000 18.7792
19.0000 19.1330
19.0000 19.1286
19.0000 18.6940
19.0000 19.1253
19.0000 18.5521
19.0000 19.0150
19.0000 18.2627
19.0000 18.8506
19.0000 18.3720
19.0000 19.2466
19.0000 18.3411
19.0000 18.2866
19.0000 18.1304
19.0000 18.4420
19.0000 18.9849
19.0000 18.6832
19.0000 18.8152
19.0000 18.6585
19.0000 18.7604
19.0000 18.9553
19.0000 19.5223
19.0000 19.7897
19.0000 18.0659
19.0000 18.9352
19.0000 19.0488
19.0000 18.9383
19.0000 18.3301
19.0000 18.5788
19.0000 18.5150
19.0000 18.2561
19.0000 18.6990
19.0000 18.4396
19.0000 18.1853
19.0000 18.7593
19.0000 19.5637
19.0000 19.0934
19.0000 18.1852
19.0000 18.7232
19.0000 18.9228
19.0000 17.8732
19.0000 18.5985
19.0000 18.6922
19.0000 17.8018
19.0000 18.4742
19.0000 19.3292
19.0000 18.9042
19.0000 18.7471
19.0000 17.0213
19.0000 18.1712
19.0000 18.5048
19.0000 20.1712
19.0000 18.9517
19.0000 19.0361
19.0000 17.8337
19.0000 18.1432
19.0000 18.5789
19.0000 18.9420
19.0000 18.7305
19.0000 19.6343
19.0000 18.8493
19.0000 18.8577
19.0000 19.7401
19.0000 18.0074
19.0000 18.1481
19.0000 19.0670
19.0000 19.0993
19.0000 17.9894
19.0000 18.2918
19.0000 18.3054
19.0000 19.2336
19.0000 18.7929
19.0000 19.8081
19.0000 17.9295
19.0000 18.1492
19.0000 17.4732
19.0000 18.7289
19.0000 18.8364
19.0000 18.5518
19.0000 18.7340
19.0000 18.2622
19.0000 18.9486
19.0000 19.2216
19.0000 18.7077
19.0000 17.8078
19.0000 19.4789
19.0000 18.4377
19.0000 18.6322
19.0000 19.1541
19.0000 18.8064
19.0000 18.7119
19.0000 19.3131
19.0000 18.7659
19.0000 18.6804
19.0000 18.5966
19.0000 18.7331
19.0000 19.2446
19.0000 18.6462
19.0000 19.2049
19.0000 19.4061
19.0000 18.8323
19.0000 18.0096
19.0000 18.1088
19.0000 19.0519
19.0000 18.3442
19.0000 18.1048
19.0000 19.2177
19.0000 20.5653
19.0000 18.7983
19.0000 18.8895
19.0000 18.3543
19.0000 18.1548
19.0000 18.5859
19.0000 19.4653
19.0000 18.8648
19.0000 19.8777
19.0000 18.4430
19.0000 18.2465
19.0000 19.2483
19.0000 19.3106
19.0000 18.3704
19.0000 17.8335
19.0000 19.0759
19.0000 18.4802
19.0000 19.2218
19.0000 18.7896
19.0000 18.1089
19.0000 18.8959
19.0000 17.8101
19.0000 18.9334
19.0000 18.6025
19.0000 18.7958
19.0000 19.0271
19.0000 18.6666
19.0000 18.9295
19.0000 18.3536
19.0000 19.3691
19.0000 18.3587
19.0000 19.3144
19.0000 18.3937
19.0000 18.8646
19.0000 19.3396
19.0000 17.7846
19.0000 18.8613
19.0000 17.8805
19.0000 19.1224
19.0000 18.7212
19.0000 19.4242
19.0000 19.0662
19.0000 18.3314
19.0000 18.4416
19.0000 19.4934
19.0000 19.3962
19.0000 19.3274
19.0000 17.8589
19.0000 18.3773
19.0000 18.9789
19.0000 19.1595
19.0000 18.5014
19.0000 18.4782
19.0000 18.4689
19.0000 19.2212
19.0000 19.6582
19.0000 17.9968
19.0000 17.5552
19.0000 18.7929
19.0000 19.0616
19.0000 19.4516
19.0000 18.4563
19.0000 19.7205
19.0000 19.3122
19.0000 18.2229
19.0000 19.1471
19.0000 18.9112
19.0000 19.1866
19.0000 18.7620
19.0000 17.2784
19.0000 18.3538
19.0000 18.2530
19.0000 18.1429
19.0000 18.9675
19.0000 19.0750
19.0000 18.1113
19.0000 18.2574
19.0000 18.9211
19.0000 19.8553
19.0000 18.7601
19.0000 18.7780
19.0000 18.7624
19.0000 18.3020
19.0000 20.0424
19.0000 19.4004
19.0000 18.2629
19.0000 18.5915
19.0000 19.0526
19.0000 19.0675
19.0000 20.1336
19.0000 18.8731
19.0000 17.8660
19.0000 18.2869
19.0000 18.0711
19.0000 18.2624
19.0000 19.0193
19.0000 18.7785
19.0000 19.1583
19.0000 18.0271
19.0000 17.8163
19.0000 18.8371
19.0000 18.8550
19.0000 17.4488
19.0000 18.6065
19.0000 19.3173
19.0000 17.7282
19.0000 18.7791
19.0000 18.4524
19.0000 18.4517
19.0000 17.9912
19.0000 19.6405
19.0000 18.4488
19.0000 18.5330
19.0000 18.8197
19.0000 18.7840
19.0000 19.2557
19.0000 19.3003
19.0000 18.4767
19.0000 18.7162
19.0000 17.7840
19.0000 18.8795
19.0000 19.1200
19.0000 19.5712
19.0000 17.8877
19.0000 19.0093
19.0000 18.9719
19.0000 18.1532
19.0000 18.7420
19.0000 18.0783
19.0000 18.3633
19.0000 18.5277
19.0000 18.2031
19.0000 17.7604
19.0000 18.8233
19.0000 20.0669
19.0000 18.2852
19.0000 18.4981
19.0000 18.5559
19.0000 19.4946
19.0000 18.3661
19.0000 19.0339
19.0000 18.5674
19.0000 18.6321
19.0000 18.5489
19.0000 19.4456
19.0000 18.0755
19.0000 18.9685
19.0000 18.2344
19.0000 18.3507
19.0000 18.2848
19.0000 18.6373
19.0000 18.2448
19.0000 18.7557
19.0000 18.8732
19.0000 18.9088
19.0000 18.1931
19.0000 18.0232
19.0000 19.7195
19.0000 18.9101
19.0000 19.5362
19.0000 19.5013
19.0000 19.6863
19.0000 18.7983
19.0000 19.3159
19.0000 18.2928
19.0000 18.2300
19.0000 19.3677
19.0000 18.6073
19.0000 18.5542
19.0000 17.4313
19.0000 18.0315
19.0000 18.6867
19.0000 19.1004
19.0000 18.8626
19.0000 18.7216
19.0000 19.4464
19.0000 19.2763
19.0000 18.5971
19.0000 18.5249
19.0000 18.8148
19.0000 18.8004
19.0000 18.9440
19.0000 18.3601
19.0000 19.5077
19.0000 19.2851
19.0000 18.3182
19.0000 18.6924
19.0000 18.1469
19.0000 18.9259
19.0000 19.0029
19.0000 18.7108
19.0000 18.6510
19.0000 18.8856
19.0000 19.7548
19.0000 19.3267
19.0000 19.7147
19.0000 19.9086
19.0000 19.1456
19.0000 18.4003
19.0000 18.2364
19.0000 18.1621
19.0000 19.8440
19.0000 18.9029
19.0000 18.5549
19.0000 18.4116
19.0000 19.3055
19.0000 18.5028
19.0000 18.2291
19.0000 18.1818
19.0000 16.7250
19.0000 18.9919
19.0000 18.9829
19.0000 18.9788
19.0000 18.3070
19.0000 17.7037
19.0000 19.2975
19.0000 18.1281
19.0000 19.2271
19.0000 18.3319
19.0000 18.7302
19.0000 18.7397
19.0000 19.1841
19.0000 18.5303
19.0000 18.7484
19.0000 18.7574
19.0000 18.3483
19.0000 18.4973
19.0000 18.0322
19.0000 18.8964
19.0000 17.6441
19.0000 19.0787
19.0000 18.4662
19.0000 18.7325
19.0000 18.6245
19.0000 19.0922
19.0000 19.0346
19.0000 18.7672
19.0000 18.3049
19.0000 17.8760
19.0000 19.5675
19.0000 18.5347
19.0000 19.5017
19.0000 18.8679
19.0000 19.5707
19.0000 19.2740
19.0000 18.6810
19.0000 19.6096
19.0000 18.4135
19.0000 19.5586
19.0000 18.7435
19.0000 19.0901
19.0000 18.8666
19.0000 17.4482
19.0000 18.2256
19.0000 19.0993
19.0000 18.7925
19.0000 18.4197
19.0000 18.4558
19.0000 17.8222
19.0000 18.5579
19.0000 19.6709
19.0000 19.2673
19.0000 18.3379
19.0000 18.5091
19.0000 17.8724
19.0000 18.5174
19.0000 19.1979
19.0000 18.5425
19.0000 18.3304
19.0000 18.3599
19.0000 19.3410
19.0000 18.3846
19.0000 18.5608
19.0000 18.8255
19.0000 18.6053
19.0000 19.3315
19.0000 18.8948
19.0000 19.2363
19.0000 18.7705
19.0000 18.8692
19.0000 19.1857
19.0000 18.3675
19.0000 18.4261
19.0000 18.7826
19.0000 17.9855
19.0000 18.7845
19.0000 17.9466
19.0000 18.5639
19.0000 18.1466
19.0000 19.0486
19.0000 18.7076
19.0000 17.8543
19.0000 18.1335
19.0000 18.8417
19.0000 19.2176
19.0000 19.6228
19.0000 19.5195
19.0000 19.1651
19.0000 19.5380
19.0000 17.9606
19.0000 19.4144
19.0000 19.0878
19.0000 18.4127
19.0000 19.5499
19.0000 19.4594
19.0000 18.8233
19.0000 19.1393
19.0000 19.3570
19.0000 19.0779
19.0000 18.9904
19.0000 17.2090
19.0000 19.3949
19.0000 18.7246
19.0000 18.2145
19.0000 18.1055
19.0000 18.6770
19.0000 18.9488
19.0000 19.6878
19.0000 19.2600
19.0000 17.7117
19.0000 18.2975
19.0000 17.8854
19.0000 18.0812
19.0000 18.5363
19.0000 19.2317
19.0000 18.2551
19.0000 19.5473
19.0000 19.4517
19.0000 18.7102
19.0000 18.8570
19.0000 19.3877
19.0000 19.3752
19.0000 18.8764
19.0000 19.6221
19.0000 18.2034
19.0000 18.9579
19.0000 18.6025
19.0000 18.5537
19.0000 19.4050
19.0000 18.2838
19.0000 19.8396
19.0000 18.2448
19.0000 19.8306
19.0000 18.5594
19.0000 18.7198
19.0000 18.1827
19.0000 19.1723
19.0000 19.5361
19.0000 18.4522
19.0000 18.5214
19.0000 19.1480
19.0000 18.9072
19.0000 19.0690
19.0000 18.2176
19.0000 19.2929
19.0000 18.8769
19.0000 19.3461
19.0000 17.8333
19.0000 18.2639
19.0000 18.2315
19.0000 18.6957
19.0000 18.4659
19.0000 18.5955
19.0000 19.1255
19.0000 18.1094
19.0000 19.0513
19.0000 18.4949
19.0000 18.2800
19.0000 18.5377
19.0000 18.7747
19.0000 18.7392
19.0000 18.1413
19.0000 18.6131
19.0000 19.1759
19.0000 18.4000
19.0000 18.5738
19.0000 18.9479
19.0000 19.3848
19.0000 18.8285
19.0000 17.8573
19.0000 19.4951
19.0000 19.0530
19.0000 17.6732
19.0000 19.5013
19.0000 17.9968
19.0000 18.9121
19.0000 17.9845
19.0000 17.5859
19.0000 17.6994
19.0000 18.7408
19.0000 18.6996
19.0000 18.6542
19.0000 18.2575
19.0000 18.4504
19.0000 18.9575
19.0000 18.3842
19.0000 18.9457
19.0000 18.5203
19.0000 17.9135
19.0000 19.1397
19.0000 18.3505
19.0000 18.5982
19.0000 19.4159
19.0000 18.7813
19.0000 19.1886
19.0000 17.9004
19.0000 17.5510
19.0000 19.3918
19.0000 18.1558
19.0000 18.4571
19.0000 18.5649
19.0000 18.7667
19.0000 19.6030
19.0000 17.7989
19.0000 18.1835
19.0000 18.7112
19.0000 18.4654
19.0000 18.5756
19.0000 18.4494
19.0000 19.0458
19.0000 18.6660
19.0000 19.3704
19.0000 18.0157
19.0000 18.3912
19.0000 19.1332
19.0000 17.7438
19.0000 19.6851
19.0000 18.6021
19.0000 18.3197
19.0000 17.7165
19.0000 18.5154
19.0000 18.6355
19.0000 18.6307
19.0000 19.2435
19.0000 18.1111
19.0000 18.7349
19.0000 19.1996
19.0000 18.7811
19.0000 18.1090
19.0000 18.4714
19.0000 18.1411
19.0000 19.5129
19.0000 18.9273
19.0000 18.7115
19.0000 19.0861
19.0000 18.5452
19.0000 19.2226
19.0000 18.5441
19.0000 18.6221
19.0000 18.5740
19.0000 19.5864
19.0000 19.0641
19.0000 18.6500
19.0000 18.4579
19.0000 18.9909
19.0000 18.1880
19.0000 18.7263
19.0000 19.3550
19.0000 18.8048
19.0000 18.2063
19.0000 19.6883
19.0000 17.8459
19.0000 19.2254
19.0000 18.6221
19.0000 18.6653
19.0000 18.7626
19.0000 18.1186
19.0000 18.1616
19.0000 18.4572
19.0000 18.7086
19.0000 18.4945
19.0000 18.9396
19.0000 18.7512
19.0000 18.0783
19.0000 18.3356
19.0000 18.8468
19.0000 19.2076
19.0000 18.6627
19.0000 19.0430
19.0000 18.4639
19.0000 18.7949
19.0000 19.4857
19.0000 18.7492
19.0000 18.2524
19.0000 19.2045
19.0000 19.3064
19.0000 19.8810
19.0000 18.6639
19.0000 18.2411
19.0000 19.0714
19.0000 19.3892
19.0000 19.1723
19.0000 18.3759
19.0000 18.5828
19.0000 18.4044
19.0000 18.7702
19.0000 18.7589
19.0000 18.5474
19.0000 18.0601
19.0000 19.6795
19.0000 19.2621
19.0000 19.1026
19.0000 19.5340
19.0000 18.5043
19.0000 18.2312
19.0000 18.5361
19.0000 17.8348
19.0000 19.0536
19.0000 18.5455
19.0000 18.3263
19.0000 17.5621
19.0000 19.3156
19.0000 18.2805
19.0000 18.5023
19.0000 18.2912
19.0000 18.9483
19.0000 19.1224
19.0000 19.8981
19.0000 19.1626
19.0000 18.5200
19.0000 19.3263
19.0000 19.0591
19.0000 18.9742
19.0000 18.2729
19.0000 19.7221
19.0000 18.2610
19.0000 18.6729
19.0000 19.2255
19.0000 18.8383
19.0000 18.1125
19.0000 19.0835
19.0000 19.3546
19.0000 18.6700
19.0000 19.0094
19.0000 18.3111
19.0000 18.4373
19.0000 18.0856
19.0000 18.9313
19.0000 18.8470
19.0000 18.7863
19.0000 18.6541
19.0000 18.2044
19.0000 19.0398
19.0000 17.8907
19.0000 18.4952
19.0000 18.8286
19.0000 18.7604
19.0000 19.5685
19.0000 18.8539
19.0000 18.7388
19.0000 18.8911
19.0000 19.2668
19.0000 19.4627
19.0000 19.3024
19.0000 18.0951
19.0000 18.4376
19.0000 19.0130
19.0000 18.6781
19.0000 18.4787
19.0000 19.3724
19.0000 19.0890
19.0000 18.5252
19.0000 18.4276
19.0000 18.8988
19.0000 18.4763
19.0000 17.9335
19.0000 19.7460
19.0000 18.0328
19.0000 18.3549
19.0000 18.6591
19.0000 19.0898
19.0000 19.1448
19.0000 18.2450
19.0000 19.7639
19.0000 18.2595
19.0000 18.9028
19.0000 17.9345
19.0000 17.9520
19.0000 17.9908
19.0000 18.6201
19.0000 18.2457
19.0000 20.0263
19.0000 19.0373
19.0000 18.9627
19.0000 17.8561
19.0000 18.0137
19.0000 18.6216
19.0000 18.5487
19.0000 18.2906
19.0000 17.7591
19.0000 18.1389
19.0000 18.4018
19.0000 18.5785
19.0000 17.9819
19.0000 18.9082
19.0000 18.9229
19.0000 18.9390
19.0000 19.1306
19.0000 19.0173
19.0000 18.8161
19.0000 19.0091
19.0000 18.0047
19.0000 18.4647
19.0000 18.1175
19.0000 19.0467
19.0000 18.3902
19.0000 18.7008
19.0000 18.5295
19.0000 19.1776
19.0000 18.0630
19.0000 19.0938
19.0000 17.7906
19.0000 18.0809
19.0000 18.8345
19.0000 18.6473
19.0000 18.6765
19.0000 19.6578
19.0000 17.9558
19.0000 19.4550
19.0000 19.0342
19.0000 17.2665
19.0000 19.1366
19.0000 19.3657
19.0000 19.2347
19.0000 19.4121
19.0000 19.4015
19.0000 19.7002
19.0000 19.2273
19.0000 17.8200
19.0000 19.0147
19.0000 18.7266
19.0000 18.2739
19.0000 17.7640
19.0000 18.9889
19.0000 18.3644
19.0000 19.3457
19.0000 18.3251
19.0000 18.2136
19.0000 19.0705
19.0000 18.5983
19.0000 18.6719
19.0000 18.5050
19.0000 19.2540
19.0000 18.5427
19.0000 18.9440
19.0000 18.1160
19.0000 18.7318
19.0000 18.2913
19.0000 18.2389
19.0000 20.0308
19.0000 19.1212
19.0000 20.1269
19.0000 18.8999
19.0000 18.7242
19.0000 18.9311
19.0000 19.3173
19.0000 19.2212
19.0000 18.7384
19.0000 18.3269
19.0000 18.8077
19.0000 19.0202
19.0000 18.2919
19.0000 19.8567
19.0000 18.4319
19.0000 18.6938
19.0000 18.6054
19.0000 18.7584
19.0000 18.2746
19.0000 18.1544
19.0000 18.4528
19.0000 18.6572
19.0000 18.3238
19.0000 18.6417
19.0000 18.6553
19.0000 18.8198
19.0000 18.4966
19.0000 18.1309
19.0000 18.2654
19.0000 19.0331
19.0000 18.3007
19.0000 19.1183
19.0000 18.5279
19.0000 19.1705
19.0000 18.9569
19.0000 18.5456
19.0000 19.5183
19.0000 19.2109
19.0000 18.7983
19.0000 18.3634
19.0000 19.3234
19.0000 19.5892
19.0000 19.2392
19.0000 19.1978
19.0000 19.6063
19.0000 18.8540
19.0000 18.4575
19.0000 19.7802
19.0000 18.6202
19.0000 18.8629
19.0000 18.4654
19.0000 18.6956
19.0000 19.1198
19.0000 18.4470
19.0000 17.9108
19.0000 17.8921
19.0000 18.0859
19.0000 18.7100
19.0000 18.6382
19.0000 19.8440
19.0000 18.4238
19.0000 19.0226
19.0000 18.7653
19.0000 18.7058
19.0000 17.5886
19.0000 19.3024
19.0000 18.5377
19.0000 18.3673
19.0000 18.3398
19.0000 19.2498
19.0000 19.1569
19.0000 19.7367
19.0000 18.6203
19.0000 19.1148
19.0000 19.4847
19.0000 18.4803
19.0000 18.5547
19.0000 19.3162
19.0000 20.0552
19.0000 18.8247
19.0000 19.1152
19.0000 20.6989
19.0000 19.3273
19.0000 19.3804
19.0000 19.2805
19.0000 19.0264
19.0000 19.2384
19.0000 17.6914
19.0000 18.6027
19.0000 19.2532
19.0000 18.9303
19.0000 19.6008
19.0000 18.1275
19.0000 19.0282
19.0000 18.9376
19.0000 19.7117
19.0000 19.3391
19.0000 19.2720
19.0000 17.8552
19.0000 18.1066
19.0000 19.1638
19.0000 18.0997
19.0000 18.5078
19.0000 19.5976
19.0000 18.8579
19.0000 18.4633
19.0000 18.0644
19.0000 19.7652
19.0000 19.3523
19.0000 18.9389
19.0000 19.2539
19.0000 19.1013
19.0000 18.8620
19.0000 17.4972
19.0000 18.3964
19.0000 19.1269
19.0000 18.7881
19.0000 18.2109
19.0000 17.9261
19.0000 18.1862
19.0000 18.1183
19.0000 18.4642
19.0000 19.5979
19.0000 19.4174
19.0000 17.9596
19.0000 18.9548
19.0000 19.2770
19.0000 17.4597
19.0000 19.1654
19.0000 18.9979
19.0000 19.0350
19.0000 18.2321
19.0000 17.5966
19.0000 19.3521
19.0000 18.4597
19.0000 18.6302
19.0000 19.7946
19.0000 19.2308
19.0000 18.7875
19.0000 18.5125
19.0000 18.6013
19.0000 19.3578
19.0000 19.2909
19.0000 18.6544
19.0000 18.4423
19.0000 18.5402
19.0000 18.2629
19.0000 20.0643
19.0000 18.8895
19.0000 17.2351
19.0000 18.2504
19.0000 18.9507
19.0000 18.8157
19.0000 18.1999
19.0000 20.0303
19.0000 19.5611
19.0000 18.1251
19.0000 17.5127
19.0000 19.2224
19.0000 19.1793
19.0000 19.4561
19.0000 18.0233
19.0000 17.7715
19.0000 19.1006
19.0000 19.0611
19.0000 18.5242
19.0000 18.5214
19.0000 19.4827
19.0000 18.7128
19.0000 19.2451
19.0000 19.3426
19.0000 18.3790
19.0000 18.8335
19.0000 18.0319
19.0000 18.5562
19.0000 19.4933
19.0000 19.3334
19.0000 19.2825
19.0000 19.2865
19.0000 17.9245
19.0000 19.6639
19.0000 18.1636
19.0000 19.1229
19.0000 17.9301
19.0000 19.0363
19.0000 18.5596
19.0000 18.7710
19.0000 18.8232
19.0000 19.5935
19.0000 18.7085
19.0000 18.4879
19.0000 18.3899
19.0000 18.7957
19.0000 19.4787
19.0000 19.4864
19.0000 18.4744
19.0000 19.0706
19.0000 18.6720
19.0000 18.1718
19.0000 19.1526
19.0000 18.3090
19.0000 18.1003
19.0000 18.2124
19.0000 19.6840
19.0000 18.3287
19.0000 18.3297
19.0000 19.2202
19.0000 18.8877
19.0000 17.6938
19.0000 19.0584
19.0000 17.9184
19.0000 19.5630
19.0000 18.7830
19.0000 16.6547
19.0000 18.5544
19.0000 18.0938
19.0000 18.1459
19.0000 18.1504
19.0000 18.6770
19.0000 18.1805
19.0000 18.5012
19.0000 18.7699
19.0000 18.8437
19.0000 18.9154
19.0000 18.7984
19.0000 18.5978
19.0000 18.7287
19.0000 18.9280
19.0000 19.2058
19.0000 19.1760
19.0000 18.5259
19.0000 19.2533
19.0000 17.0460
19.0000 18.5185
19.0000 18.1870
19.0000 19.1433
19.0000 18.0967
19.0000 19.9041
19.0000 18.9525
19.0000 18.2093
19.0000 18.4715
19.0000 19.1812
19.0000 18.9335
19.0000 18.6202
19.0000 18.4377
19.0000 19.4372
19.0000 18.4142
19.0000 19.9295
19.0000 18.7988
19.0000 18.8509
19.0000 18.3212
19.0000 18.3372
19.0000 18.0234
19.0000 18.5288
19.0000 19.0826
19.0000 18.3962
19.0000 17.4586
19.0000 17.9675
19.0000 17.3872
19.0000 18.2446
19.0000 18.7683
19.0000 18.7915
19.0000 18.5400
19.0000 18.9661
19.0000 18.5205
19.0000 18.3152
19.0000 18.7447
19.0000 19.0859
19.0000 18.3251
19.0000 18.9208
19.0000 18.3285
19.0000 18.4539
19.0000 18.9717
19.0000 18.8643
19.0000 18.9216
19.0000 19.4394
19.0000 18.6599
19.0000 18.0951
19.0000 18.8156
19.0000 17.9888
19.0000 18.6164
19.0000 18.4426
19.0000 18.9228
19.0000 19.0942
19.0000 19.5492
19.0000 18.4618
19.0000 18.6536
19.0000 19.0205
19.0000 18.2990
19.0000 19.7667
19.0000 18.9954
19.0000 17.8136
19.0000 18.2176
19.0000 18.9603
19.0000 18.8410
19.0000 19.8660
19.0000 18.8217
19.0000 19.0715
19.0000 17.8200
19.0000 18.3994
19.0000 17.9773
19.0000 18.5602
19.0000 17.9993
19.0000 18.6214
19.0000 18.2257
19.0000 17.8127
19.0000 18.9593
19.0000 18.2499
19.0000 19.2632
19.0000 19.1747
19.0000 18.7800
19.0000 19.4771
19.0000 19.0755
19.0000 17.8084
19.0000 19.1512
19.0000 18.7998
19.0000 19.7113
19.0000 18.4850
19.0000 19.0799
19.0000 17.4975
19.0000 18.1714
19.0000 17.2663
19.0000 19.1106
19.0000 18.4621
19.0000 19.1846
19.0000 18.5831
19.0000 18.4755
19.0000 18.2988
19.0000 18.4797
19.0000 19.5632
19.0000 19.7077
19.0000 18.2274
19.0000 17.9529
19.0000 19.7094
19.0000 17.2535
19.0000 18.6331
19.0000 18.4070
19.0000 17.4726
19.0000 19.9767
19.0000 19.5199
19.0000 18.7420
19.0000 19.0825
19.0000 18.3533
19.0000 18.8455
19.0000 19.3065
19.0000 18.0666
19.0000 18.0308
19.0000 17.8094
19.0000 19.6348
19.0000 18.8638
19.0000 18.8896
19.0000 19.1709
19.0000 18.4248
19.0000 18.4601
19.0000 18.8975
19.0000 18.5592
19.0000 19.1005
19.0000 18.9878
19.0000 19.0827
19.0000 19.4294
19.0000 18.4623
19.0000 18.1549
19.0000 19.2024
19.0000 18.2934
19.0000 19.3806
19.0000 18.2657
19.0000 18.2861
19.0000 18.8547
19.0000 18.0358
19.0000 18.5007
19.0000 18.2309
19.0000 18.1547
19.0000 18.7470
19.0000 18.8493
19.0000 18.2394
19.0000 18.4156
19.0000 18.4349
19.0000 17.8426
19.0000 18.8632
19.0000 18.7652
19.0000 18.8575
19.0000 18.1336
19.0000 19.4420
19.0000 18.8410
19.0000 19.8230
19.0000 18.4251
19.0000 19.7400
19.0000 18.7998
19.0000 18.6742
19.0000 18.1300
19.0000 18.1604
19.0000 19.2717
19.0000 18.5427
19.0000 19.0867
19.0000 19.2005
19.0000 19.6678
19.0000 18.8203
19.0000 18.2570
19.0000 18.2223
19.0000 18.8987
19.0000 18.5692
19.0000 18.9025
19.0000 18.4028
19.0000 19.9322
19.0000 18.8471
19.0000 17.1794
19.0000 18.9719
19.0000 18.0464
19.0000 18.7075
19.0000 17.5712
19.0000 18.4376
19.0000 18.3854
19.0000 18.9774
19.0000 19.6445
19.0000 18.9104
19.0000 19.2779
19.0000 18.5162
19.0000 18.0347
19.0000 18.7176
19.0000 18.0129
19.0000 18.4322
19.0000 18.6341
19.0000 18.4833
19.0000 17.9898
19.0000 18.8310
19.0000 18.9529
19.0000 17.9915
19.0000 18.2319
19.0000 18.2615
19.0000 18.6205
19.0000 18.1682
19.0000 18.9721
19.0000 17.4473
19.0000 18.7677
19.0000 18.4003
19.0000 18.5925
19.0000 18.0324
19.0000 18.2509
19.0000 18.3222
19.0000 17.5615
19.0000 19.3789
19.0000 18.7796
19.0000 18.3490
19.0000 18.4964
19.0000 19.5618
19.0000 18.7967
19.0000 17.8233
19.0000 17.9902
19.0000 18.6710
19.0000 19.0402
19.0000 18.4154
19.0000 18.4504
19.0000 18.6969
19.0000 18.9866
19.0000 18.1059
19.0000 19.4765
19.0000 18.6893
19.0000 19.4954
19.0000 19.6702
19.0000 18.7031
19.0000 18.8644
19.0000 19.7173
19.0000 18.5455
19.0000 18.7904
19.0000 18.9442
19.0000 19.6544
19.0000 18.3901
19.0000 17.9783
19.0000 18.3968
19.0000 19.3949
19.0000 18.9352
19.0000 17.8769
19.0000 19.3455
19.0000 18.8263
19.0000 18.0731
19.0000 19.3440
19.0000 18.1806
19.0000 19.0107
19.0000 19.2566
19.0000 18.7248
19.0000 18.4046
19.0000 18.7661
19.0000 19.2271
19.0000 17.9367
19.0000 18.8842
19.0000 19.3729
19.0000 19.7740
19.0000 19.2335
19.0000 18.2390
19.0000 18.9049
19.0000 17.9388
19.0000 18.6505
19.0000 18.6242
19.0000 18.8052
19.0000 19.6088
19.0000 19.1347
19.0000 17.9807
19.0000 19.2942
19.0000 18.3657
19.0000 18.1424
19.0000 18.0595
19.0000 18.8739
19.0000 18.0406
19.0000 18.8769
19.0000 18.9402
19.0000 18.7954
19.0000 18.5309
19.0000 17.9926
19.0000 18.1640
19.0000 18.8281
19.0000 18.4307
19.0000 18.4930
19.0000 18.2039
19.0000 18.9139
19.0000 17.9672
19.0000 19.5930
19.0000 17.4059
19.0000 18.5924
19.0000 18.4191
19.0000 18.1641
19.0000 19.3727
19.0000 19.1541
19.0000 18.8038
19.0000 19.2807
19.0000 18.9461
19.0000 17.6737
19.0000 19.0811
19.0000 18.2561
19.0000 18.3949
19.0000 18.4521
19.0000 17.9595
19.0000 19.9630
19.0000 18.8428
19.0000 18.6863
19.0000 19.5031
19.0000 18.8488
19.0000 19.3504
19.0000 17.6641
19.0000 17.8347
19.0000 17.8642
19.0000 18.0531
19.0000 19.2541
19.0000 17.8353
19.0000 18.9082
19.0000 18.3772
19.0000 19.0891
19.0000 17.9207
19.0000 18.2577
19.0000 18.1086
19.0000 18.0217
19.0000 18.6366
19.0000 18.7739
19.0000 19.0797
19.0000 19.3402
19.0000 18.8187
19.0000 17.6797
19.0000 19.0726
19.0000 18.2907
19.0000 18.4882
19.0000 19.1581
19.0000 19.3196
19.0000 18.7343
19.0000 19.6145
19.0000 19.9519
19.0000 18.4764
19.0000 18.2029
19.0000 17.6443
19.0000 18.3721
19.0000 19.7807
19.0000 19.3981
19.0000 18.9417
19.0000 18.6270
19.0000 18.6833
19.0000 18.5591
19.0000 18.2705
19.0000 17.9847
19.0000 18.2745
19.0000 19.6351
19.0000 18.7962
19.0000 18.2023
19.0000 19.0171
19.0000 18.4548
19.0000 17.7222
19.0000 18.8456
19.0000 18.5104
19.0000 18.5428
19.0000 19.4380
19.0000 18.4099
19.0000 19.9018
19.0000 18.9721
19.0000 19.1037
19.0000 18.4148
19.0000 18.4070
19.0000 18.9822
19.0000 18.4888
19.0000 18.4529
19.0000 19.1483
19.0000 18.7310
19.0000 18.6071
19.0000 19.9550
19.0000 18.6706
19.0000 18.5623
19.0000 18.7410
19.0000 18.5400
19.0000 18.3349
19.0000 18.5190
19.0000 18.4158
19.0000 18.4454
19.0000 18.5540
19.0000 19.2171
19.0000 20.0293
19.0000 18.7973
19.0000 19.4456
19.0000 18.5193
19.0000 19.6661
19.0000 18.7518
19.0000 19.8215
19.0000 18.9037
19.0000 18.4984
19.0000 20.1141
19.0000 18.6112
19.0000 18.4500
19.0000 19.3801
19.0000 18.6140
19.0000 18.5146
19.0000 18.9039
19.0000 18.7720
19.0000 18.8744
19.0000 18.6129
19.0000 18.4930
19.0000 19.5530
19.0000 17.6580
19.0000 18.3227
19.0000 17.7436
19.0000 18.7910
19.0000 19.2456
19.0000 17.7892
19.0000 18.4255
19.0000 18.2812
19.0000 18.0664
19.0000 19.6067
19.0000 18.4846
19.0000 18.1478
19.0000 18.5562
19.0000 17.9409
19.0000 18.3343
19.0000 19.1201
19.0000 18.6016
19.0000 18.9025
19.0000 18.5905
19.0000 19.6268
19.0000 17.9840
19.0000 18.9447
19.0000 20.0712
19.0000 18.1146
19.0000 18.2195
19.0000 18.8074
19.0000 18.5827
19.0000 18.6784
19.0000 18.4910
19.0000 18.9684
19.0000 18.6850
19.0000 19.0057
19.0000 18.4401
19.0000 17.5244
19.0000 18.4710
19.0000 18.0344
19.0000 18.4039
19.0000 19.6647
19.0000 19.3538
19.0000 18.2962
19.0000 18.6073
19.0000 18.8608
19.0000 18.7269
19.0000 18.6764
19.0000 18.5847
19.0000 19.5547
19.0000 19.9129
19.0000 19.3827
19.0000 19.1072
19.0000 19.0822
19.0000 19.0788
19.0000 18.7899
19.0000 18.8105
19.0000 19.2669
19.0000 18.4565
19.0000 18.4322
19.0000 19.4700
19.0000 18.8089
19.0000 19.3157
19.0000 19.3082
19.0000 18.4556
19.0000 18.7234
19.0000 18.2869
19.0000 20.0949
19.0000 18.5534
19.0000 17.3546
19.0000 17.4502
19.0000 19.8149
19.0000 18.7066
19.0000 19.1462
19.0000 18.2820
19.0000 18.0310
19.0000 18.5116
19.0000 18.9323
19.0000 19.5133
19.0000 18.7053
19.0000 18.2764
19.0000 17.8401
19.0000 18.1951
19.0000 17.9656
19.0000 17.1316
19.0000 18.6666
19.0000 18.5572
19.0000 18.4957
19.0000 18.7785
19.0000 18.3255
19.0000 18.9430
19.0000 18.0887
19.0000 18.9375
19.0000 18.5746
19.0000 17.9949
19.0000 17.7352
19.0000 18.5396
19.0000 18.1371
19.0000 18.8281
19.0000 18.8646
19.0000 18.6107
19.0000 18.8142
19.0000 19.0194
19.0000 19.5109
19.0000 17.7735
19.0000 18.8682
19.0000 19.0555
19.0000 19.0350
19.0000 19.2034
19.0000 18.8185
19.0000 18.6704
19.0000 18.9369
19.0000 19.2840
19.0000 19.0393
19.0000 18.6401
19.0000 18.6463
19.0000 18.9027
19.0000 18.7921
19.0000 18.3335
19.0000 18.8762
19.0000 17.6861
19.0000 17.8877
19.0000 19.7416
19.0000 18.8281
19.0000 18.3046
19.0000 17.6467
19.0000 19.3148
19.0000 19.2375
19.0000 18.8573
19.0000 18.1795
19.0000 19.4141
19.0000 18.2683
19.0000 18.0950
19.0000 18.9534
19.0000 18.4237
19.0000 19.7837
19.0000 18.2035
19.0000 19.1788
19.0000 19.0266
19.0000 18.6915
19.0000 18.8472
19.0000 18.9030
19.0000 19.0347
19.0000 18.2946
19.0000 19.2356
19.0000 18.4276
19.0000 17.5407
19.0000 19.3538
19.0000 19.0288
19.0000 17.7496
19.0000 19.0181
19.0000 19.2382
19.0000 18.5195
19.0000 18.6166
19.0000 18.3221
19.0000 18.7298
19.0000 19.5858
19.0000 19.3723
19.0000 18.3997
19.0000 18.8579
19.0000 18.0391
19.0000 18.7534
19.0000 18.5702
19.0000 18.4070
19.0000 18.0793
19.0000 19.1970
19.0000 17.7282
19.0000 18.9221
19.0000 18.4261
19.0000 18.6762
19.0000 19.1225
19.0000 18.8203
19.0000 19.3179
19.0000 19.4661
19.0000 18.1385
19.0000 18.3907
19.0000 18.2912
19.0000 18.5551
19.0000 19.1296
19.0000 18.3582
19.0000 19.1160
19.0000 19.3322
19.0000 18.5621
19.0000 18.7692
19.0000 18.7578
19.0000 19.3957
19.0000 19.7866
19.0000 19.4195
19.0000 18.8453
19.0000 17.8449
19.0000 19.4686
19.0000 18.7784
19.0000 19.5844
19.0000 18.7595
19.0000 19.3773
19.0000 18.6030
19.0000 18.4198
19.0000 18.4194
19.0000 18.9057
19.0000 17.9126
19.0000 18.0000
19.0000 17.6139
19.0000 19.6722
19.0000 19.0708
19.0000 19.0231
19.0000 18.6479
19.0000 18.2117
19.0000 18.3979
19.0000 19.2421
19.0000 18.2441
19.0000 19.4208
19.0000 19.5084
19.0000 18.9050
19.0000 18.5172
19.0000 18.8023
19.0000 17.9591
19.0000 19.4350
19.0000 18.6158
19.0000 19.3661
19.0000 19.4720
19.0000 17.8884
19.0000 18.3436
19.0000 18.8644
19.0000 17.8543
19.0000 19.7351
19.0000 19.1027
19.0000 19.3342
19.0000 19.1492
19.0000 18.2646
19.0000 18.1299
19.0000 18.8727
19.0000 19.6833
19.0000 18.9580
19.0000 18.7675
19.0000 18.3446
19.0000 17.8313
19.0000 19.5610
19.0000 19.6843
19.0000 17.7140
19.0000 18.4597
19.0000 18.3854
19.0000 18.4702
19.0000 17.4674
19.0000 18.3129
19.0000 19.0112
19.0000 18.3402
19.0000 18.2970
19.0000 18.8768
19.0000 18.3538
19.0000 18.5733
19.0000 19.3038
19.0000 18.7949
19.0000 18.6958
19.0000 19.0564
19.0000 18.2339
19.0000 17.9965
19.0000 19.2167
19.0000 18.4241
19.0000 17.1904
19.0000 19.1535
19.0000 19.2755
19.0000 18.8017
19.0000 18.9726
19.0000 18.6036
19.0000 18.9593
19.0000 18.6960
19.0000 18.2458
19.0000 18.9242
19.0000 19.2952
19.0000 17.7209
19.0000 18.6625
19.0000 18.3109
19.0000 19.1905
19.0000 18.3860
19.0000 18.5163
19.0000 18.8930
19.0000 19.0729
19.0000 18.7605
19.0000 20.5194
19.0000 18.2197
19.0000 19.0971
19.0000 18.2449
19.0000 18.4330
19.0000 18.7094
19.0000 19.5707
19.0000 18.4956
19.0000 17.1798
19.0000 19.0993
19.0000 18.6273
19.0000 19.0456
19.0000 19.3503
19.0000 19.2175
19.0000 18.9846
19.0000 18.6360
19.0000 18.7512
19.0000 19.7886
19.0000 18.9974
19.0000 19.4721
19.0000 18.5446
19.0000 18.5950
19.0000 18.8649
19.0000 18.3288
19.0000 19.8451
19.0000 18.9256
19.0000 19.1195
19.0000 17.6704
19.0000 18.0521
19.0000 18.7998
19.0000 19.3539
19.0000 19.5948
19.0000 19.1618
19.0000 20.0595
19.0000 18.7028
19.0000 19.0978
19.0000 18.9242
19.0000 18.7352
19.0000 18.4486
19.0000 18.6284
19.0000 18.5349
19.0000 19.2314
19.0000 18.6642
19.0000 18.9790
19.0000 18.3959
19.0000 18.0809
19.0000 18.7907
19.0000 19.0813
19.0000 18.9125
19.0000 17.5216
19.0000 18.4105
19.0000 18.5101
19.0000 19.9536
19.0000 18.5106
19.0000 18.3464
19.0000 19.0325
19.0000 19.4537
19.0000 19.3053
19.0000 18.1679
19.0000 18.6289
19.0000 19.7818
19.0000 17.8759
19.0000 18.1397
19.0000 18.1891
19.0000 18.6811
19.0000 18.3496
19.0000 18.7615
19.0000 18.5955
19.0000 18.4994
19.0000 18.5221
19.0000 18.6688
19.0000 19.1457
19.0000 17.7474
19.0000 16.9681
19.0000 18.4763
19.0000 18.9170
19.0000 18.6466
19.0000 18.9532
19.0000 19.1053
19.0000 18.3694
19.0000 18.8572
19.0000 19.5174
19.0000 19.3486
19.0000 19.0152
19.0000 19.0936
19.0000 18.5742
19.0000 19.0256
19.0000 19.2352
19.0000 18.8821
19.0000 18.2167
19.0000 18.1748
19.0000 18.3515
19.0000 19.1802
19.0000 18.8613
19.0000 18.5216
19.0000 19.1200
19.0000 18.6800
19.0000 18.1526
19.0000 18.6855
19.0000 18.5716
19.0000 18.6439
19.0000 18.5051
19.0000 18.6875
19.0000 19.7495
19.0000 18.6642
19.0000 18.5717
19.0000 18.9521
19.0000 18.5901
19.0000 18.5280
19.0000 18.2948
19.0000 18.3824
19.0000 18.8007
19.0000 19.1772
19.0000 18.3633
19.0000 18.6004
19.0000 19.1358
19.0000 20.5244
19.0000 18.9685
19.0000 18.2380
19.0000 19.6542
19.0000 17.8588
19.0000 18.4091
19.0000 19.0879
19.0000 18.8331
19.0000 19.1682
19.0000 19.4131
19.0000 19.1263
19.0000 18.4959
19.0000 19.4526
19.0000 19.8959
19.0000 18.2613
19.0000 18.8347
19.0000 18.8756
19.0000 18.3128
19.0000 18.5149
19.0000 18.6957
19.0000 18.2643
19.0000 18.9120
19.0000 19.3293
19.0000 18.9874
19.0000 17.8004
19.0000 18.9321
19.0000 18.2077
19.0000 18.4789
19.0000 19.4890
19.0000 18.7930
19.0000 17.7217
19.0000 18.2599
19.0000 19.0267
19.0000 18.5463
19.0000 19.8102
19.0000 18.0691
19.0000 18.1134
19.0000 17.8550
19.0000 18.5630
19.0000 18.3329
19.0000 18.7440
19.0000 19.1455
19.0000 18.3231
19.0000 18.9496
19.0000 17.9509
19.0000 18.6422
19.0000 19.3880
19.0000 18.8272
19.0000 18.9328
19.0000 18.6916
19.0000 18.9740
19.0000 18.5873
19.0000 19.6413
19.0000 19.7271
19.0000 18.2125
19.0000 19.0239
19.0000 19.0009
19.0000 18.1734
19.0000 18.3231
19.0000 18.5988
19.0000 19.5060
19.0000 17.3803
19.0000 19.4695
19.0000 18.7826
19.0000 17.8293
19.0000 19.1525
19.0000 17.8458
19.0000 19.0932
19.0000 18.2127
19.0000 18.2062
19.0000 18.4304
19.0000 18.2850
19.0000 18.7280
19.0000 19.0429
19.0000 19.6865
19.0000 18.3123
19.0000 18.9426
19.0000 17.8711
19.0000 18.7914
19.0000 19.4453
19.0000 17.9835
19.0000 18.2171
19.0000 18.5950
19.0000 18.0087
19.0000 18.5042
19.0000 18.5338
19.0000 18.4878
19.0000 18.4942
19.0000 18.5621
19.0000 17.8679
19.0000 18.4272
19.0000 18.3619
19.0000 18.1490
19.0000 18.2842
19.0000 18.1247
19.0000 19.0220
19.0000 19.2897
19.0000 18.7396
19.0000 18.7421
19.0000 18.4946
19.0000 19.0116
19.0000 18.5306
19.0000 18.7415
19.0000 18.5036
19.0000 18.5835
19.0000 19.2466
19.0000 18.4605
19.0000 18.4941
19.0000 19.4423
19.0000 17.6215
19.0000 18.9580
19.0000 18.4550
19.0000 18.1312
19.0000 19.4499
19.0000 18.6772
19.0000 18.3977
19.0000 18.7447
19.0000 17.7557
19.0000 18.8523
19.0000 18.3922
19.0000 19.2878
19.0000 18.2321
19.0000 19.3560
19.0000 18.4328
19.0000 19.7357
19.0000 19.1464
19.0000 19.0195
19.0000 18.2988
19.0000 18.8935
19.0000 18.4363
19.0000 18.5841
19.0000 18.5536
19.0000 19.0633
19.0000 19.3656
19.0000 18.6754
19.0000 18.9369
19.0000 19.1085
19.0000 18.2852
19.0000 19.2270
19.0000 18.6136
19.0000 18.2306
19.0000 19.5472
19.0000 18.3632
19.0000 19.1871
19.0000 18.7920
19.0000 18.7864
19.0000 18.8091
19.0000 18.7736
19.0000 18.3546
19.0000 18.7407
19.0000 18.6651
19.0000 18.0906
19.0000 17.2711
19.0000 18.6375
19.0000 18.9036
19.0000 18.2430
19.0000 19.7454
19.0000 19.2557
19.0000 18.9222
19.0000 18.7334
19.0000 18.2189
19.0000 18.2841
19.0000 19.4542
19.0000 18.8417
19.0000 19.0126
19.0000 17.9239
19.0000 18.0870
19.0000 17.7312
19.0000 18.5024
19.0000 18.9270
19.0000 18.8883
19.0000 18.4882
19.0000 19.3451
19.0000 18.4060
19.0000 19.2253
19.0000 17.9472
19.0000 19.3401
19.0000 18.9477
19.0000 18.1732
19.0000 18.8692
19.0000 18.7609
19.0000 19.0812
19.0000 18.3575
19.0000 18.3453
19.0000 19.0550
19.0000 19.5830
19.0000 19.7291
19.0000 19.8108
19.0000 19.4764
19.0000 19.0390
19.0000 19.2091
19.0000 18.2770
19.0000 19.3874
19.0000 18.3360
19.0000 18.2384
19.0000 19.2876
19.0000 18.4698
19.0000 17.8766
19.0000 19.5642
19.0000 18.4167
19.0000 19.0460
19.0000 18.0187
19.0000 18.5685
19.0000 19.9442
19.0000 17.5788
19.0000 17.8425
19.0000 18.1741
19.0000 17.8171
19.0000 18.7258
19.0000 19.9644
19.0000 18.7616
19.0000 18.4961
19.0000 18.7492
19.0000 18.5127
19.0000 18.7446
19.0000 18.9803
19.0000 17.7246
19.0000 18.3285
19.0000 17.9734
19.0000 18.2952
19.0000 18.3199
19.0000 17.7352
19.0000 19.0467
19.0000 18.6393
19.0000 18.3675
19.0000 19.1219
19.0000 19.0347
19.0000 18.9027
19.0000 19.1373
19.0000 19.2817
19.0000 17.9914
19.0000 18.0464
19.0000 18.5628
19.0000 18.6129
19.0000 18.1645
19.0000 18.7940
19.0000 19.6452
19.0000 18.6471
19.0000 17.9843
19.0000 18.7613
19.0000 19.7736
19.0000 19.2308
19.0000 18.2613
19.0000 19.6274
19.0000 18.6686
19.0000 18.7257
19.0000 18.5744
19.0000 18.4760
19.0000 18.5158
19.0000 17.4986
19.0000 18.9451
19.0000 17.9478
19.0000 18.3860
19.0000 18.4930
19.0000 18.4531
19.0000 17.8981
19.0000 17.8223
19.0000 19.9594
19.0000 18.9265
19.0000 19.0203
19.0000 17.6361
19.0000 18.3417
19.0000 18.8546
19.0000 19.0720
19.0000 19.1102
