21.0000 93.5103
21.0000 28.8684
21.0000 21.2526
21.0000 72.8369
21.0000 85.8442
21.0000 16.7744
21.0000 13.0589
21.0000 48.6353
21.0000 40.6461
21.0000 47.6590
21.0000 89.8180
21.0000 27.9293
21.0000 32.1908
21.0000 30.6556
21.0000 96.8105
21.0000 38.2775
21.0000 45.1073
21.0000 90.3727
21.0000 108.7671
21.0000 55.8076
21.0000 122.3638
21.0000 26.6954
21.0000 29.6073
21.0000 26.6980
21.0000 22.1795
21.0000 15.0195
21.0000 89.8258
21.0000 60.8075
21.0000 54.8445
21.0000 78.4769
21.0000 47.5931
21.0000 28.0632
21.0000 43.1431
21.0000 67.7495
21.0000 23.7879
21.0000 118.2818
21.0000 52.6238
21.0000 59.0725
21.0000 32.7258
21.0000 39.2987
21.0000 60.7542
21.0000 129.3988
21.0000 50.6953
21.0000 88.0437
21.0000 48.5366
21.0000 49.3629
21.0000 84.3056
21.0000 23.2182
21.0000 34.4395
21.0000 30.1326
21.0000 34.3846
21.0000 5.6322
21.0000 27.3450
21.0000 125.0520
21.0000 101.7211
21.0000 97.1806
21.0000 32.2736
21.0000 20.1786
21.0000 39.9112
21.0000 95.9868
21.0000 15.1126
21.0000 66.5606
21.0000 23.1887
21.0000 105.8043
21.0000 91.1577
21.0000 59.0569
21.0000 89.9205
21.0000 44.3623
21.0000 34.3221
21.0000 40.4336
21.0000 89.7474
21.0000 18.2173
21.0000 56.0161
21.0000 40.8667
21.0000 19.9303
21.0000 58.0802
21.0000 37.0108
21.0000 45.8570
21.0000 50.2567
21.0000 26.4209
21.0000 66.0879
21.0000 57.1810
21.0000 45.0150
21.0000 84.2893
21.0000 26.6897
21.0000 67.8540
21.0000 25.9459
21.0000 78.3009
21.0000 90.3624
21.0000 74.1298
21.0000 22.5311
21.0000 39.6379
21.0000 33.6447
21.0000 30.1466
21.0000 45.1372
21.0000 53.1531
21.0000 27.3927
21.0000 50.0361
21.0000 34.1292
21.0000 26.5985
21.0000 83.3220
21.0000 25.3097
21.0000 27.2160
21.0000 31.6895
21.0000 20.0996
21.0000 45.3902
21.0000 56.6709
21.0000 22.5286
21.0000 28.0163
21.0000 8.4384
21.0000 20.0036
21.0000 87.6059
21.0000 46.2484
21.0000 8.6090
21.0000 30.0784
21.0000 87.4277
21.0000 48.2684
21.0000 59.0136
21.0000 23.0336
21.0000 16.5802
21.0000 114.0981
21.0000 37.2412
21.0000 33.4541
21.0000 37.1505
21.0000 30.3104
21.0000 74.9387
21.0000 47.8157
21.0000 98.7705
21.0000 77.0158
21.0000 29.8248
21.0000 36.3035
21.0000 4.5379
21.0000 95.7326
21.0000 94.8922
21.0000 40.6299
21.0000 66.2032
21.0000 38.0998
21.0000 67.4034
21.0000 60.6702
21.0000 13.5877
21.0000 63.7067
21.0000 18.5572
21.0000 72.8210
21.0000 37.2869
21.0000 107.6297
21.0000 42.7136
21.0000 37.7536
21.0000 9.2262
21.0000 58.7786
21.0000 38.4031
21.0000 78.0773
21.0000 7.2368
21.0000 76.3688
21.0000 15.4076
21.0000 40.9212
21.0000 32.3134
21.0000 35.6549
21.0000 66.2496
21.0000 92.5118
21.0000 48.0161
21.0000 54.0778
21.0000 59.3900
21.0000 42.0728
21.0000 67.9725
21.0000 12.7028
21.0000 22.6845
21.0000 10.1403
21.0000 108.4781
21.0000 26.6680
21.0000 65.5257
21.0000 53.0387
21.0000 45.5093
21.0000 48.8892
21.0000 67.3184
21.0000 53.4093
21.0000 49.8216
21.0000 29.9478
21.0000 97.9104
21.0000 136.0165
21.0000 51.0742
21.0000 45.7123
21.0000 16.0895
21.0000 107.1077
21.0000 67.2570
21.0000 40.8650
21.0000 104.1654
21.0000 59.8834
21.0000 81.5211
21.0000 28.9239
21.0000 54.0851
21.0000 23.0879
21.0000 20.0230
21.0000 59.3094
21.0000 33.4052
21.0000 122.7177
21.0000 66.5856
21.0000 44.4998
21.0000 126.9767
21.0000 24.6374
21.0000 50.9379
21.0000 49.4762
21.0000 75.5421
21.0000 34.8392
21.0000 46.4793
21.0000 16.1990
21.0000 69.4502
21.0000 23.2596
21.0000 106.9512
21.0000 52.0202
21.0000 20.4465
21.0000 15.2283
21.0000 39.3422
21.0000 7.9565
21.0000 90.8790
21.0000 59.7098
21.0000 40.0428
21.0000 24.9008
21.0000 25.7526
21.0000 24.2388
21.0000 46.0003
21.0000 26.2067
21.0000 65.7113
21.0000 36.6445
21.0000 12.6311
21.0000 33.6867
21.0000 10.7315
21.0000 28.1876
21.0000 34.8158
21.0000 109.0690
21.0000 100.9734
21.0000 31.7455
21.0000 16.6938
21.0000 20.0451
21.0000 45.8833
21.0000 68.8602
21.0000 16.9803
21.0000 15.7537
21.0000 39.9985
21.0000 55.2272
21.0000 29.9255
21.0000 31.4028
21.0000 38.9135
21.0000 57.8889
21.0000 38.3026
21.0000 50.2157
21.0000 35.6870
21.0000 23.1329
21.0000 51.8819
21.0000 8.6633
21.0000 39.2450
21.0000 74.1896
21.0000 63.6065
21.0000 42.5289
21.0000 31.2433
21.0000 45.7799
21.0000 34.4850
21.0000 41.7505
21.0000 27.7839
21.0000 26.0605
21.0000 20.2453
21.0000 50.8265
21.0000 27.8091
21.0000 60.6939
21.0000 12.9112
21.0000 28.6522
21.0000 84.6326
21.0000 41.4422
21.0000 68.4234
21.0000 14.1655
21.0000 35.8529
21.0000 51.9196
21.0000 53.4274
21.0000 63.6497
21.0000 49.2181
21.0000 24.8508
21.0000 16.4219
21.0000 24.0100
21.0000 114.1080
21.0000 19.0314
21.0000 61.6751
21.0000 20.4685
21.0000 66.0060
21.0000 69.8525
21.0000 101.0335
21.0000 56.4101
21.0000 65.2485
21.0000 22.0063
21.0000 27.1478
21.0000 33.5656
21.0000 31.9794
21.0000 26.0803
21.0000 30.0566
21.0000 82.3936
21.0000 51.5382
21.0000 38.0852
21.0000 19.7689
21.0000 71.0597
21.0000 16.5419
21.0000 19.0800
21.0000 37.2162
21.0000 53.0310
21.0000 31.1974
21.0000 72.9143
21.0000 85.8965
21.0000 60.0925
21.0000 10.3107
21.0000 56.6559
21.0000 49.4920
21.0000 52.6441
21.0000 73.7098
21.0000 52.2281
21.0000 65.4800
21.0000 70.5218
21.0000 17.2376
21.0000 29.8282
21.0000 45.1712
21.0000 47.9742
21.0000 116.7262
21.0000 62.6807
21.0000 30.0881
21.0000 115.9268
21.0000 49.4503
21.0000 73.3929
21.0000 27.3697
21.0000 103.2874
21.0000 44.4905
21.0000 36.0849
21.0000 60.9122
21.0000 15.0986
21.0000 78.8358
21.0000 69.2638
21.0000 77.7919
21.0000 23.3520
21.0000 93.4655
21.0000 97.0539
21.0000 65.5586
21.0000 28.0513
21.0000 33.1576
21.0000 34.9638
21.0000 24.3545
21.0000 16.7518
21.0000 16.2361
21.0000 30.6888
21.0000 12.1532
21.0000 50.4898
21.0000 50.6326
21.0000 39.4986
21.0000 56.7902
21.0000 27.0482
21.0000 16.9727
21.0000 31.7313
21.0000 77.2484
21.0000 36.4760
21.0000 12.8392
21.0000 45.2011
21.0000 36.9169
21.0000 21.4693
21.0000 34.7261
21.0000 106.2359
21.0000 49.2368
21.0000 32.4138
21.0000 93.1495
21.0000 68.7839
21.0000 65.1629
21.0000 53.7875
21.0000 10.5962
21.0000 75.8791
21.0000 21.7379
21.0000 22.3550
21.0000 76.0323
21.0000 57.0572
21.0000 56.8236
21.0000 67.9376
21.0000 18.0877
21.0000 26.1067
21.0000 18.6387
21.0000 16.8367
21.0000 99.6733
21.0000 18.5806
21.0000 53.0710
21.0000 135.1363
21.0000 40.4122
21.0000 85.2394
21.0000 33.6733
21.0000 130.4245
21.0000 42.1937
21.0000 126.6320
21.0000 37.5581
21.0000 32.7130
21.0000 46.7199
21.0000 87.3705
21.0000 66.1811
21.0000 34.3254
21.0000 4.7462
21.0000 77.0150
21.0000 123.6350
21.0000 71.1665
21.0000 54.9513
21.0000 36.2989
21.0000 35.5756
21.0000 13.7366
21.0000 59.6081
21.0000 106.5776
21.0000 36.0499
21.0000 26.6983
21.0000 55.7213
21.0000 41.9261
21.0000 13.3083
21.0000 63.2561
21.0000 8.5907
21.0000 12.8076
21.0000 33.7889
21.0000 109.0164
21.0000 52.7624
21.0000 46.6541
21.0000 119.2920
21.0000 43.9732
21.0000 25.4758
21.0000 55.5435
21.0000 6.6767
21.0000 60.1997
21.0000 7.4956
21.0000 40.3962
21.0000 41.2064
21.0000 25.3843
21.0000 117.4830
21.0000 20.4593
21.0000 52.8183
21.0000 43.7983
21.0000 104.0141
21.0000 38.3426
21.0000 19.9981
21.0000 87.5437
21.0000 97.7427
21.0000 6.1967
21.0000 60.7541
21.0000 46.4306
21.0000 31.2281
21.0000 30.2799
21.0000 35.5657
21.0000 30.0821
21.0000 28.2056
21.0000 56.2046
21.0000 42.5000
21.0000 38.9918
21.0000 28.7750
21.0000 110.0292
21.0000 43.7936
21.0000 99.6176
21.0000 26.7066
21.0000 55.5080
21.0000 18.1654
21.0000 62.0560
21.0000 58.1708
21.0000 28.0717
21.0000 36.1519
21.0000 31.3946
21.0000 65.1546
21.0000 50.4632
21.0000 17.9441
21.0000 20.5146
21.0000 88.6086
21.0000 49.0664
21.0000 35.1136
21.0000 58.8093
21.0000 47.3128
21.0000 67.8241
21.0000 30.8793
21.0000 71.2875
21.0000 85.3413
21.0000 17.9610
21.0000 54.3302
21.0000 73.5648
21.0000 18.7192
21.0000 89.8988
21.0000 112.6272
21.0000 15.1402
21.0000 76.1017
21.0000 41.3276
21.0000 31.6216
21.0000 37.5015
21.0000 23.9950
21.0000 5.9834
21.0000 46.3025
21.0000 102.9122
21.0000 87.0896
21.0000 74.1835
21.0000 34.4942
21.0000 111.6246
21.0000 44.3916
21.0000 69.2196
21.0000 97.5755
21.0000 5.5778
21.0000 113.7173
21.0000 27.1378
21.0000 20.2164
21.0000 111.3091
21.0000 26.1448
21.0000 54.6516
21.0000 29.1198
21.0000 36.4041
21.0000 40.3793
21.0000 42.1957
21.0000 20.0593
21.0000 76.2895
21.0000 45.8456
21.0000 53.0728
21.0000 50.8909
21.0000 43.7758
21.0000 62.4566
21.0000 24.6175
21.0000 73.3960
21.0000 48.1422
21.0000 24.5892
21.0000 111.3910
21.0000 14.8845
21.0000 64.9015
21.0000 32.3149
21.0000 30.5342
21.0000 60.6775
21.0000 34.0975
21.0000 20.8968
21.0000 9.8103
21.0000 44.5043
21.0000 30.3744
21.0000 34.6664
21.0000 31.7567
21.0000 9.7936
21.0000 27.7462
21.0000 52.4661
21.0000 37.5359
21.0000 68.7570
21.0000 62.9482
21.0000 68.7845
21.0000 19.7629
21.0000 15.0347
21.0000 58.5542
21.0000 15.8939
21.0000 72.9392
21.0000 69.8045
21.0000 56.2527
21.0000 41.5793
21.0000 56.1301
21.0000 34.2586
21.0000 78.9326
21.0000 53.8379
21.0000 74.0947
21.0000 51.3881
21.0000 11.4664
21.0000 34.3758
21.0000 94.6030
21.0000 83.2082
21.0000 34.4007
21.0000 26.6796
21.0000 14.3006
21.0000 49.8969
21.0000 28.8959
21.0000 70.0609
21.0000 78.6759
21.0000 87.2211
21.0000 33.8216
21.0000 70.4680
21.0000 32.3921
21.0000 91.1696
21.0000 112.9628
21.0000 35.8210
21.0000 13.4351
21.0000 24.4621
21.0000 68.1775
21.0000 5.0549
21.0000 44.5219
21.0000 8.2602
21.0000 33.7625
21.0000 33.5845
21.0000 16.2720
21.0000 56.4633
21.0000 29.7500
21.0000 45.8905
21.0000 65.5476
21.0000 31.6393
21.0000 99.5511
21.0000 7.8914
21.0000 39.0341
21.0000 26.7439
21.0000 95.1842
21.0000 22.3648
21.0000 40.7798
21.0000 29.2101
21.0000 44.0607
21.0000 44.6898
21.0000 16.7868
21.0000 18.3773
21.0000 38.8157
21.0000 22.1256
21.0000 71.3453
21.0000 36.8285
21.0000 43.2789
21.0000 24.8407
21.0000 119.5668
21.0000 76.7235
21.0000 17.2706
21.0000 103.0155
21.0000 118.0093
21.0000 62.5963
21.0000 56.8442
21.0000 37.3175
21.0000 45.1510
21.0000 57.1895
21.0000 23.2857
21.0000 85.5181
21.0000 110.0952
21.0000 97.4425
21.0000 46.5781
21.0000 9.9506
21.0000 13.0744
21.0000 73.1513
21.0000 31.5344
21.0000 46.7575
21.0000 25.9810
21.0000 57.4428
21.0000 59.3309
21.0000 41.5610
21.0000 21.5737
21.0000 44.5397
21.0000 25.9474
21.0000 75.3209
21.0000 50.9535
21.0000 22.4150
21.0000 24.4590
21.0000 35.7759
21.0000 85.5974
21.0000 32.1405
21.0000 78.6630
21.0000 139.1530
21.0000 127.8917
21.0000 57.0270
21.0000 73.1872
21.0000 28.9430
21.0000 43.0580
21.0000 20.4911
21.0000 36.2417
21.0000 29.0757
21.0000 49.4409
21.0000 68.8719
21.0000 23.4035
21.0000 85.0956
21.0000 49.1896
21.0000 28.2631
21.0000 30.5818
21.0000 43.3998
21.0000 71.7067
21.0000 31.7653
21.0000 41.1985
21.0000 10.9931
21.0000 60.5401
21.0000 39.2682
21.0000 54.1008
21.0000 101.4134
21.0000 45.2808
21.0000 45.5622
21.0000 14.8899
21.0000 16.6120
21.0000 62.3260
21.0000 84.5261
21.0000 39.3435
21.0000 50.4572
21.0000 35.5504
21.0000 119.5806
21.0000 56.3322
21.0000 92.3355
21.0000 38.4320
21.0000 93.2263
21.0000 113.8666
21.0000 45.0548
21.0000 31.3089
21.0000 66.2069
21.0000 38.3128
21.0000 34.1805
21.0000 114.2944
21.0000 12.2045
21.0000 8.5877
21.0000 85.2069
21.0000 34.5313
21.0000 21.1346
21.0000 52.1708
21.0000 81.3957
21.0000 49.6891
21.0000 53.5227
21.0000 92.3889
21.0000 12.2557
21.0000 35.5754
21.0000 28.1322
21.0000 92.6869
21.0000 46.6935
21.0000 33.2132
21.0000 24.5425
21.0000 124.4150
21.0000 44.2277
21.0000 58.4927
21.0000 29.1343
21.0000 28.1020
21.0000 43.2124
21.0000 7.0291
21.0000 10.9674
21.0000 46.6857
21.0000 16.1428
21.0000 10.5205
21.0000 14.6942
21.0000 17.7790
21.0000 102.8813
21.0000 116.3038
21.0000 25.9261
21.0000 37.2454
21.0000 29.3319
21.0000 29.8909
21.0000 75.1223
21.0000 102.6758
21.0000 93.2611
21.0000 83.3135
21.0000 71.5094
21.0000 31.9864
21.0000 8.3385
21.0000 54.7380
21.0000 77.6998
21.0000 46.2160
21.0000 95.7653
21.0000 94.4025
21.0000 28.4295
21.0000 89.3909
21.0000 7.2951
21.0000 44.8373
21.0000 65.0419
21.0000 11.4691
21.0000 54.5875
21.0000 98.2914
21.0000 16.3033
21.0000 71.5836
21.0000 48.6444
21.0000 103.9361
21.0000 17.6433
21.0000 24.8676
21.0000 44.0971
21.0000 32.6827
21.0000 9.4778
21.0000 64.8626
21.0000 15.0058
21.0000 49.0105
21.0000 45.0978
21.0000 36.5356
21.0000 58.4358
21.0000 23.7937
21.0000 62.2095
21.0000 13.6585
21.0000 75.3545
21.0000 45.3283
21.0000 59.6964
21.0000 55.6192
21.0000 6.6891
21.0000 15.5257
21.0000 31.4416
21.0000 26.4815
21.0000 64.2843
21.0000 15.2022
21.0000 6.7934
21.0000 61.0971
21.0000 50.9101
21.0000 36.6474
21.0000 71.4923
21.0000 16.1847
21.0000 32.2875
21.0000 12.2802
21.0000 32.0900
21.0000 31.5262
21.0000 19.9525
21.0000 41.3831
21.0000 5.2741
21.0000 115.8133
21.0000 31.3319
21.0000 34.7465
21.0000 82.7116
21.0000 68.0807
21.0000 29.8015
21.0000 42.0239
21.0000 11.0992
21.0000 21.0384
21.0000 14.1239
21.0000 40.8800
21.0000 11.4756
21.0000 42.8062
21.0000 30.5810
21.0000 24.3269
21.0000 68.6610
21.0000 27.4282
21.0000 35.4762
21.0000 37.1497
21.0000 64.1922
21.0000 28.0826
21.0000 48.5356
21.0000 21.5236
21.0000 32.5831
21.0000 65.2658
21.0000 73.0044
21.0000 56.4193
21.0000 54.6326
21.0000 78.0187
21.0000 37.9561
21.0000 94.6417
21.0000 16.4532
21.0000 42.3149
21.0000 87.3990
21.0000 35.7907
21.0000 58.4362
21.0000 42.8800
21.0000 41.8326
21.0000 54.3724
21.0000 61.7358
21.0000 23.5360
21.0000 89.1819
21.0000 117.7273
21.0000 36.4750
21.0000 13.9043
21.0000 19.9079
21.0000 60.5837
21.0000 61.9520
21.0000 72.0621
21.0000 25.5382
21.0000 40.8997
21.0000 52.5476
21.0000 40.1131
21.0000 25.3404
21.0000 29.6516
21.0000 103.9587
21.0000 23.3542
21.0000 25.1816
21.0000 111.5283
21.0000 35.8908
21.0000 9.2669
21.0000 35.1760
21.0000 21.8780
21.0000 51.0482
21.0000 33.4077
21.0000 23.9843
21.0000 31.5001
21.0000 31.4962
21.0000 103.1684
21.0000 68.7900
21.0000 71.9847
21.0000 66.2145
21.0000 62.4374
21.0000 56.5200
21.0000 26.1486
21.0000 27.1768
21.0000 48.7940
21.0000 91.3739
21.0000 27.5263
21.0000 53.9517
21.0000 46.7287
21.0000 29.6840
21.0000 17.1907
21.0000 25.9834
21.0000 43.8487
21.0000 6.8801
21.0000 71.5139
21.0000 32.7887
21.0000 100.2831
21.0000 49.8633
21.0000 43.0752
21.0000 81.4588
21.0000 8.8427
21.0000 53.7145
21.0000 59.2826
21.0000 72.1922
21.0000 100.8262
21.0000 58.4373
21.0000 66.6631
21.0000 39.5447
21.0000 63.2699
21.0000 83.4209
21.0000 15.6350
21.0000 77.1512
21.0000 84.2756
21.0000 38.0817
21.0000 111.3236
21.0000 48.7076
21.0000 14.6861
21.0000 75.7517
21.0000 33.3458
21.0000 57.7343
21.0000 114.1609
21.0000 69.8054
21.0000 71.8532
21.0000 53.3437
21.0000 15.3281
21.0000 39.3130
21.0000 43.0846
21.0000 23.1522
21.0000 17.0735
21.0000 48.5321
21.0000 66.1745
21.0000 46.3613
21.0000 50.4302
21.0000 83.8026
21.0000 36.7168
21.0000 32.0563
21.0000 29.8449
21.0000 54.3001
21.0000 36.6365
21.0000 59.2022
21.0000 45.0693
21.0000 25.4653
21.0000 76.4981
21.0000 35.8465
21.0000 116.5257
21.0000 114.2512
21.0000 57.3356
21.0000 85.5479
21.0000 77.3207
21.0000 15.9503
21.0000 18.4433
21.0000 34.8836
21.0000 39.3318
21.0000 30.4950
21.0000 34.9643
21.0000 24.7091
21.0000 29.7757
21.0000 46.2349
21.0000 63.3138
21.0000 19.3202
21.0000 115.2099
21.0000 32.9415
21.0000 17.0905
21.0000 91.5315
21.0000 19.2027
21.0000 63.5998
21.0000 87.3876
21.0000 27.4142
21.0000 117.6019
21.0000 26.5770
21.0000 117.6665
21.0000 37.3091
21.0000 41.1435
21.0000 35.6338
21.0000 13.6604
21.0000 18.4031
21.0000 75.5554
21.0000 43.3539
21.0000 82.0481
21.0000 41.8305
21.0000 87.6212
21.0000 51.7648
21.0000 64.8998
21.0000 70.7412
21.0000 88.6111
21.0000 31.8485
21.0000 118.1553
21.0000 98.8476
21.0000 20.5486
21.0000 25.1989
21.0000 35.5080
21.0000 83.9844
21.0000 28.7080
21.0000 96.1135
21.0000 9.8555
21.0000 24.5712
21.0000 13.2235
21.0000 22.1420
21.0000 116.8007
21.0000 62.4101
21.0000 77.2780
21.0000 21.3800
21.0000 99.0186
21.0000 26.7625
21.0000 57.2838
21.0000 49.6846
21.0000 17.8843
21.0000 137.7565
21.0000 14.9232
21.0000 57.2571
21.0000 59.0531
21.0000 79.8953
21.0000 90.0963
21.0000 9.7694
21.0000 17.3939
21.0000 60.9090
21.0000 33.2419
21.0000 15.4691
21.0000 27.0778
21.0000 19.3868
21.0000 30.1795
21.0000 38.7301
21.0000 23.8519
21.0000 41.8816
21.0000 44.1488
21.0000 64.4291
21.0000 24.7336
21.0000 77.6688
21.0000 46.4067
21.0000 17.1489
21.0000 9.6624
21.0000 45.5821
21.0000 33.2076
21.0000 55.8203
21.0000 73.3982
21.0000 34.6620
21.0000 42.0302
21.0000 84.9908
21.0000 49.5558
21.0000 70.3821
21.0000 50.3548
21.0000 55.6006
21.0000 22.7966
21.0000 14.8472
21.0000 32.7194
21.0000 63.2490
21.0000 52.6471
21.0000 43.8282
21.0000 88.9292
21.0000 22.8167
21.0000 63.5552
21.0000 34.7861
21.0000 51.8447
21.0000 52.9105
21.0000 30.3270
21.0000 18.3810
21.0000 19.5383
21.0000 74.1359
21.0000 54.2855
21.0000 42.8181
21.0000 40.0366
21.0000 68.1200
21.0000 36.7492
21.0000 77.6654
21.0000 104.5802
21.0000 94.8110
21.0000 47.3874
21.0000 77.2288
21.0000 83.4402
21.0000 34.7241
21.0000 55.9134
21.0000 72.8692
21.0000 48.1184
21.0000 27.6769
21.0000 36.6696
21.0000 55.8870
21.0000 24.2449
21.0000 26.0123
21.0000 38.6432
21.0000 89.7201
21.0000 74.2220
21.0000 27.3593
21.0000 24.3774
21.0000 19.0660
21.0000 26.8472
21.0000 44.9328
21.0000 45.7523
21.0000 78.8798
21.0000 113.6476
21.0000 40.1490
21.0000 50.6156
21.0000 59.8788
21.0000 42.4338
21.0000 76.9255
21.0000 31.9864
21.0000 27.5489
21.0000 13.0242
21.0000 120.0113
21.0000 14.4058
21.0000 57.0375
21.0000 39.8082
21.0000 58.0932
21.0000 57.5225
21.0000 78.4407
21.0000 17.1705
21.0000 36.3832
21.0000 23.8892
21.0000 31.2925
21.0000 55.0983
21.0000 101.5056
21.0000 23.8463
21.0000 43.9720
21.0000 35.7712
21.0000 55.8958
21.0000 110.8042
21.0000 29.8806
21.0000 32.5319
21.0000 70.9318
21.0000 11.8380
21.0000 46.5991
21.0000 23.7052
21.0000 38.8716
21.0000 60.5444
21.0000 6.2739
21.0000 45.5419
21.0000 17.9244
21.0000 71.2617
21.0000 14.0156
21.0000 68.7745
21.0000 103.0574
21.0000 72.1624
21.0000 39.1391
21.0000 82.5354
21.0000 93.4943
21.0000 53.1862
21.0000 31.6892
21.0000 120.1245
21.0000 16.9681
21.0000 103.5262
21.0000 17.7063
21.0000 19.8129
21.0000 60.8812
21.0000 44.9477
21.0000 47.7388
21.0000 26.0435
21.0000 45.8020
21.0000 95.0868
21.0000 48.8917
21.0000 98.2203
21.0000 8.0606
21.0000 29.3430
21.0000 41.3812
21.0000 49.3740
21.0000 74.1962
21.0000 51.3754
21.0000 43.4856
21.0000 63.0895
21.0000 42.3848
21.0000 46.3538
21.0000 37.1574
21.0000 97.6339
21.0000 121.2587
21.0000 34.4579
21.0000 46.5437
21.0000 19.7872
21.0000 72.8116
21.0000 51.7261
21.0000 38.1997
21.0000 48.5076
21.0000 89.3032
21.0000 57.8783
21.0000 84.1139
21.0000 25.8890
21.0000 0.9711
21.0000 56.2148
21.0000 55.9186
21.0000 14.0819
21.0000 74.1507
21.0000 82.5854
21.0000 44.6669
21.0000 55.9685
21.0000 68.1589
21.0000 33.6965
21.0000 24.6891
21.0000 60.5960
21.0000 8.0579
21.0000 24.8142
21.0000 83.5062
21.0000 30.5668
21.0000 60.3735
21.0000 43.6406
21.0000 53.2668
21.0000 23.2216
21.0000 7.8829
21.0000 47.9784
21.0000 26.2833
21.0000 128.2850
21.0000 112.5055
21.0000 28.8300
21.0000 122.8835
21.0000 15.0011
21.0000 49.3429
21.0000 70.6341
21.0000 34.4372
21.0000 35.6247
21.0000 60.4871
21.0000 48.4182
21.0000 103.6868
21.0000 35.4818
21.0000 70.1130
21.0000 28.9711
21.0000 8.5899
21.0000 26.0453
21.0000 80.9532
21.0000 8.7387
21.0000 46.9846
21.0000 35.9345
21.0000 24.0554
21.0000 29.4934
21.0000 36.2222
21.0000 49.9625
21.0000 98.2049
21.0000 81.8955
21.0000 45.5196
21.0000 51.9734
21.0000 93.7475
21.0000 91.3379
21.0000 17.1384
21.0000 101.0873
21.0000 30.2516
21.0000 75.2609
21.0000 96.2245
21.0000 13.7557
21.0000 11.7235
21.0000 33.0430
21.0000 27.0046
21.0000 14.1730
21.0000 124.1048
21.0000 24.2144
21.0000 50.1901
21.0000 67.5820
21.0000 31.3256
21.0000 26.5635
21.0000 28.2742
21.0000 40.7721
21.0000 43.5731
21.0000 59.7816
21.0000 70.6308
21.0000 33.6050
21.0000 75.3775
21.0000 80.7141
21.0000 24.1227
21.0000 55.9495
21.0000 23.4204
21.0000 11.1150
21.0000 30.1471
21.0000 10.7357
21.0000 56.0630
21.0000 6.3857
21.0000 21.1410
21.0000 11.6343
21.0000 65.3761
21.0000 31.8641
21.0000 53.8273
21.0000 19.2623
21.0000 45.5128
21.0000 11.7004
21.0000 22.4903
21.0000 57.2875
21.0000 30.5990
21.0000 17.1191
21.0000 8.8638
21.0000 121.8174
21.0000 62.7663
21.0000 26.3101
21.0000 47.7185
21.0000 89.2080
21.0000 30.9781
21.0000 81.4500
21.0000 19.4787
21.0000 36.8387
21.0000 54.9084
21.0000 48.9638
21.0000 19.8702
21.0000 13.5599
21.0000 40.1643
21.0000 82.2039
21.0000 39.4067
21.0000 29.5507
21.0000 118.6080
21.0000 36.0398
21.0000 6.3196
21.0000 31.2467
21.0000 50.1018
21.0000 23.0275
21.0000 42.9561
21.0000 17.2084
21.0000 52.0793
21.0000 30.1557
21.0000 33.6850
21.0000 65.6456
21.0000 27.2959
21.0000 38.3325
21.0000 74.4603
21.0000 7.2367
21.0000 88.4835
21.0000 43.8766
21.0000 77.1352
21.0000 51.0337
21.0000 51.2412
21.0000 54.6520
21.0000 93.6502
21.0000 21.2464
21.0000 79.0435
21.0000 47.5809
21.0000 42.8299
21.0000 48.5937
21.0000 49.3475
21.0000 57.9988
21.0000 41.5818
21.0000 66.9225
21.0000 64.1966
21.0000 58.6826
21.0000 86.8622
21.0000 55.8311
21.0000 119.0012
21.0000 30.4992
21.0000 33.3291
21.0000 53.3193
21.0000 50.9328
21.0000 39.4488
21.0000 58.5201
21.0000 41.2737
21.0000 107.7785
21.0000 16.4378
21.0000 18.1881
21.0000 57.2683
21.0000 34.1220
21.0000 67.0027
21.0000 31.8188
21.0000 113.3697
21.0000 26.3336
21.0000 24.0703
21.0000 72.0556
21.0000 41.2651
21.0000 41.3968
21.0000 26.7728
21.0000 61.9414
21.0000 66.3995
21.0000 18.4338
21.0000 25.7715
21.0000 36.4570
21.0000 63.2473
21.0000 96.6139
21.0000 22.4182
21.0000 29.5194
21.0000 52.9068
21.0000 42.3855
21.0000 43.5165
21.0000 28.3541
21.0000 29.4903
21.0000 55.7434
21.0000 44.2462
21.0000 80.5272
21.0000 54.9409
21.0000 33.5106
21.0000 14.4635
21.0000 15.4333
21.0000 39.5069
21.0000 46.5541
21.0000 35.8585
21.0000 28.5469
21.0000 83.0079
21.0000 49.3805
21.0000 59.7225
21.0000 39.8124
21.0000 16.0497
21.0000 36.4519
21.0000 38.1393
21.0000 37.6399
21.0000 36.3329
21.0000 34.0828
21.0000 26.7680
21.0000 75.9491
21.0000 48.7364
21.0000 22.4503
21.0000 55.4581
21.0000 87.7010
21.0000 21.1062
21.0000 48.2847
21.0000 19.0494
21.0000 100.5250
21.0000 139.4987
21.0000 30.4989
21.0000 30.2729
21.0000 7.3955
21.0000 24.1087
21.0000 22.1794
21.0000 83.4166
21.0000 23.5150
21.0000 15.5298
21.0000 46.9456
21.0000 24.7899
21.0000 28.9641
21.0000 11.7474
21.0000 46.4669
21.0000 9.2210
21.0000 34.5307
21.0000 37.6371
21.0000 34.7455
21.0000 83.2086
21.0000 37.0492
21.0000 9.4856
21.0000 88.4731
21.0000 40.4542
21.0000 85.6478
21.0000 128.1103
21.0000 43.4388
21.0000 32.9546
21.0000 20.4337
21.0000 51.8940
21.0000 53.1744
21.0000 96.2435
21.0000 49.5943
21.0000 100.8451
21.0000 55.6779
21.0000 92.7429
21.0000 21.4210
21.0000 16.8845
21.0000 30.7790
21.0000 127.0845
21.0000 94.4015
21.0000 37.3455
21.0000 47.2577
21.0000 43.5056
21.0000 52.2046
21.0000 50.3534
21.0000 95.2352
21.0000 77.7321
21.0000 65.0075
21.0000 121.8720
21.0000 120.2732
21.0000 36.0990
21.0000 12.6045
21.0000 33.6247
21.0000 38.5654
21.0000 26.5602
21.0000 52.1407
21.0000 28.7088
21.0000 111.1019
21.0000 39.3791
21.0000 75.3845
21.0000 43.8335
21.0000 24.8971
21.0000 46.7243
21.0000 50.1806
21.0000 39.9083
21.0000 90.9885
21.0000 81.3594
21.0000 58.9488
21.0000 57.0922
21.0000 79.0976
21.0000 46.8140
21.0000 96.5656
21.0000 6.4926
21.0000 23.0920
21.0000 14.1480
21.0000 11.5880
21.0000 28.0825
21.0000 144.7076
21.0000 22.2322
21.0000 67.7783
21.0000 11.1097
21.0000 91.4349
21.0000 12.5261
21.0000 111.6168
21.0000 19.3265
21.0000 9.6859
21.0000 31.8239
21.0000 37.7319
21.0000 121.8592
21.0000 10.1163
21.0000 32.2592
21.0000 56.7232
21.0000 16.9672
21.0000 49.5131
21.0000 51.8226
21.0000 79.4074
21.0000 30.1756
21.0000 44.5379
21.0000 50.1610
21.0000 54.6663
21.0000 50.0215
21.0000 42.8823
21.0000 79.7281
21.0000 56.2898
21.0000 21.6996
21.0000 66.9752
21.0000 18.3473
21.0000 107.5386
21.0000 57.2700
21.0000 51.4628
21.0000 27.3168
21.0000 22.8290
21.0000 42.0547
21.0000 43.5520
21.0000 73.1969
21.0000 47.4313
21.0000 24.0456
21.0000 54.7998
21.0000 81.7484
21.0000 8.6699
21.0000 26.8343
21.0000 56.1866
21.0000 121.1812
21.0000 39.6999
21.0000 10.1775
21.0000 25.9833
21.0000 42.7678
21.0000 20.2355
21.0000 124.4978
21.0000 11.2346
21.0000 62.1013
21.0000 50.8129
21.0000 40.6624
21.0000 44.4117
21.0000 34.2386
21.0000 115.6219
21.0000 32.8841
21.0000 14.6734
21.0000 46.3888
21.0000 68.1081
21.0000 51.3335
21.0000 23.9525
21.0000 80.8860
21.0000 18.2135
21.0000 20.2439
21.0000 4.4688
21.0000 58.1883
21.0000 28.1227
21.0000 12.8868
21.0000 48.8062
21.0000 24.3811
21.0000 77.7311
21.0000 13.1977
21.0000 50.3649
21.0000 61.3805
21.0000 40.6690
21.0000 57.7172
21.0000 25.3134
21.0000 79.0305
21.0000 54.7209
21.0000 54.9242
21.0000 6.8094
21.0000 69.7342
21.0000 0.8728
21.0000 96.4296
21.0000 18.8846
21.0000 56.9335
21.0000 10.8480
21.0000 68.5728
21.0000 26.4132
21.0000 32.4558
21.0000 57.2412
21.0000 14.5479
21.0000 50.2488
21.0000 55.4905
21.0000 28.3644
21.0000 71.4949
21.0000 33.7301
21.0000 30.4118
21.0000 93.0893
21.0000 51.7175
21.0000 33.6351
21.0000 30.0511
21.0000 47.6352
21.0000 31.7909
21.0000 26.1297
21.0000 19.3992
21.0000 16.4077
21.0000 37.2543
21.0000 56.7594
21.0000 30.7630
21.0000 27.1894
21.0000 50.3674
21.0000 55.6343
21.0000 118.5920
21.0000 54.1879
21.0000 94.5287
21.0000 70.3853
21.0000 31.6286
21.0000 22.6730
21.0000 67.8572
21.0000 34.4184
21.0000 34.4588
21.0000 76.4175
21.0000 51.6878
21.0000 47.5625
21.0000 24.7314
21.0000 40.9041
21.0000 53.7234
21.0000 30.5453
21.0000 26.9522
21.0000 25.8140
21.0000 45.8889
21.0000 100.5640
21.0000 32.6145
21.0000 90.9501
21.0000 26.6799
21.0000 42.0999
21.0000 40.6716
21.0000 31.4664
21.0000 64.2168
21.0000 29.5203
21.0000 78.2082
21.0000 30.4605
21.0000 63.8657
21.0000 28.4848
21.0000 40.8537
21.0000 9.0872
21.0000 22.1046
21.0000 34.0599
21.0000 133.2114
21.0000 59.5567
21.0000 86.8807
21.0000 81.7405
21.0000 43.3700
21.0000 53.8685
21.0000 40.2092
21.0000 45.1934
21.0000 35.9821
21.0000 32.4117
21.0000 57.4732
21.0000 46.4829
21.0000 18.7354
21.0000 20.3704
21.0000 19.3558
21.0000 18.0362
21.0000 49.4018
21.0000 40.7625
21.0000 61.9124
21.0000 76.8832
21.0000 67.1716
21.0000 55.1391
21.0000 18.3609
21.0000 25.2086
21.0000 30.4439
21.0000 36.3736
21.0000 63.5401
21.0000 26.0976
21.0000 51.7677
21.0000 51.3679
21.0000 32.0851
21.0000 39.0444
21.0000 71.6255
21.0000 46.9708
21.0000 18.9053
21.0000 70.1800
21.0000 68.8345
21.0000 40.0709
21.0000 47.5645
21.0000 49.8987
21.0000 79.4421
21.0000 45.9445
21.0000 29.5096
21.0000 30.8631
21.0000 17.1946
21.0000 75.4160
21.0000 65.1964
21.0000 72.2254
21.0000 49.7295
21.0000 62.1418
21.0000 138.0831
21.0000 11.2262
21.0000 46.5873
21.0000 17.1293
21.0000 67.9950
21.0000 23.0596
21.0000 68.9150
21.0000 29.9281
21.0000 42.9118
21.0000 39.5438
21.0000 30.0507
21.0000 94.1597
21.0000 32.9352
21.0000 69.3989
21.0000 101.4510
21.0000 33.9797
21.0000 55.4311
21.0000 106.4194
21.0000 27.9941
21.0000 38.0884
21.0000 72.6524
21.0000 47.1662
21.0000 47.0671
21.0000 12.0990
21.0000 53.6787
21.0000 20.1948
21.0000 39.7574
21.0000 59.6098
21.0000 30.2171
21.0000 28.1033
21.0000 30.9142
21.0000 22.8463
21.0000 31.4878
21.0000 24.2448
21.0000 20.9966
21.0000 67.6529
21.0000 31.2929
21.0000 42.6313
21.0000 24.8583
21.0000 68.5392
21.0000 87.9336
21.0000 100.4133
21.0000 58.2680
21.0000 16.8996
21.0000 101.1242
21.0000 22.8216
21.0000 32.2571
21.0000 29.7509
21.0000 45.2339
21.0000 79.2002
21.0000 19.3121
21.0000 67.7317
21.0000 12.4731
21.0000 37.5263
21.0000 14.8880
21.0000 83.4032
21.0000 115.9040
21.0000 32.0535
21.0000 12.5375
21.0000 14.8039
21.0000 8.3771
21.0000 139.6801
21.0000 40.6833
21.0000 30.9845
21.0000 29.6037
21.0000 19.9387
21.0000 46.0150
21.0000 56.9557
21.0000 27.6012
21.0000 13.6317
21.0000 54.7132
21.0000 81.0554
21.0000 29.1467
21.0000 21.3402
21.0000 118.0956
21.0000 27.1048
21.0000 42.3659
21.0000 99.6225
21.0000 57.0384
21.0000 90.5323
21.0000 28.1676
21.0000 74.1486
21.0000 17.7503
21.0000 44.9955
21.0000 25.7772
21.0000 94.1273
21.0000 58.0530
21.0000 73.3500
21.0000 85.6367
21.0000 45.1825
21.0000 27.6147
21.0000 53.6656
21.0000 16.9531
21.0000 59.0177
21.0000 27.9975
21.0000 106.3363
21.0000 127.3016
21.0000 38.7288
21.0000 42.6263
21.0000 34.5073
21.0000 25.1824
21.0000 27.8557
21.0000 28.5229
21.0000 51.7029
21.0000 51.6768
21.0000 64.7359
21.0000 55.2267
21.0000 54.2719
21.0000 32.1211
21.0000 67.9619
21.0000 58.9398
21.0000 49.0187
21.0000 98.9248
21.0000 32.9137
21.0000 82.5859
21.0000 58.2755
21.0000 27.2642
21.0000 37.5968
21.0000 86.8478
21.0000 38.7406
21.0000 19.5739
21.0000 29.4742
21.0000 32.8385
21.0000 36.6692
21.0000 34.9299
21.0000 19.2490
21.0000 15.2026
21.0000 11.1891
21.0000 11.1526
21.0000 41.4693
21.0000 67.5862
21.0000 51.5327
21.0000 40.6493
21.0000 31.1765
21.0000 98.4796
21.0000 28.1399
21.0000 79.0944
21.0000 12.3573
21.0000 28.0178
21.0000 39.1889
21.0000 83.0631
21.0000 31.1239
21.0000 35.1485
21.0000 17.4648
21.0000 108.2151
21.0000 44.7690
21.0000 43.7576
21.0000 71.6212
21.0000 70.7958
21.0000 79.3841
21.0000 58.2104
21.0000 95.0957
21.0000 37.2956
21.0000 33.3999
21.0000 51.4027
21.0000 105.7533
21.0000 5.7063
21.0000 16.9482
21.0000 54.3126
21.0000 112.7783
21.0000 31.7186
21.0000 31.4185
21.0000 11.5170
21.0000 4.8010
21.0000 62.8349
21.0000 31.3965
21.0000 31.1828
21.0000 71.9851
21.0000 24.0779
21.0000 5.0785
21.0000 36.0980
21.0000 16.6584
21.0000 62.0047
21.0000 58.3042
21.0000 44.0409
21.0000 91.1932
21.0000 33.1885
21.0000 47.4048
21.0000 44.3965
21.0000 36.7045
21.0000 84.6067
21.0000 61.3473
21.0000 26.9889
21.0000 82.9797
21.0000 59.7551
21.0000 68.0368
21.0000 17.5813
21.0000 111.9800
21.0000 83.1292
21.0000 19.9598
21.0000 28.2257
21.0000 5.0171
21.0000 25.3827
21.0000 24.2436
21.0000 61.2899
21.0000 32.0127
21.0000 56.8760
21.0000 22.3935
21.0000 13.3799
21.0000 85.9937
21.0000 35.3130
21.0000 18.2034
21.0000 32.7263
21.0000 124.7871
21.0000 60.5461
21.0000 14.9667
21.0000 52.4643
21.0000 10.1300
21.0000 37.7961
21.0000 28.5031
21.0000 115.8189
21.0000 33.1823
21.0000 71.9865
21.0000 56.5815
21.0000 33.8663
21.0000 19.0443
21.0000 53.8558
21.0000 42.3661
21.0000 8.3826
21.0000 26.1388
21.0000 105.1251
21.0000 32.8685
21.0000 27.4943
21.0000 39.9437
21.0000 67.8893
21.0000 11.1545
21.0000 13.7578
21.0000 47.0575
21.0000 58.4332
21.0000 29.3095
21.0000 39.1090
21.0000 72.6076
21.0000 48.0627
21.0000 102.6608
21.0000 24.9289
21.0000 24.6379
21.0000 102.6084
21.0000 25.5317
21.0000 12.1792
21.0000 24.0255
21.0000 18.1188
21.0000 64.8333
21.0000 38.6070
21.0000 36.0444
21.0000 45.0869
21.0000 17.8146
21.0000 58.1595
21.0000 39.9642
21.0000 48.2461
21.0000 14.5828
21.0000 36.5411
21.0000 30.5974
21.0000 16.8690
21.0000 61.4564
21.0000 33.2788
21.0000 25.1172
21.0000 103.7105
21.0000 26.6061
21.0000 79.4511
21.0000 22.2032
21.0000 50.2100
21.0000 51.9227
21.0000 21.0997
21.0000 31.9012
21.0000 36.8272
21.0000 17.6868
21.0000 48.2089
21.0000 25.7314
21.0000 50.3888
21.0000 17.4309
21.0000 22.0025
21.0000 76.1179
21.0000 35.4453
21.0000 41.8090
21.0000 55.5385
21.0000 73.4666
21.0000 90.3369
21.0000 12.0203
21.0000 22.2260
21.0000 46.6045
21.0000 96.1778
21.0000 54.1761
21.0000 39.3749
21.0000 45.3457
21.0000 73.6545
21.0000 27.2975
21.0000 41.9273
21.0000 16.1053
21.0000 55.7321
21.0000 30.0561
21.0000 10.6251
21.0000 20.2824
21.0000 12.5812
21.0000 31.3793
21.0000 43.9199
21.0000 118.7145
21.0000 37.9859
21.0000 25.6992
21.0000 22.9776
21.0000 17.0955
21.0000 86.7898
21.0000 22.5094
21.0000 54.3600
21.0000 61.7637
21.0000 21.1725
21.0000 22.3805
21.0000 96.9071
21.0000 22.2082
21.0000 82.9234
21.0000 54.4745
21.0000 20.5009
21.0000 11.9921
21.0000 23.8643
21.0000 5.4229
21.0000 32.5996
21.0000 56.0721
21.0000 19.0809
21.0000 17.5638
21.0000 26.7694
21.0000 62.9772
21.0000 20.4291
21.0000 25.6041
21.0000 36.0949
21.0000 25.1322
21.0000 29.2118
21.0000 19.9717
21.0000 70.9289
21.0000 70.5313
21.0000 16.1560
21.0000 35.5156
21.0000 66.0789
21.0000 27.5265
21.0000 13.6900
21.0000 58.5841
21.0000 56.1020
21.0000 23.7785
21.0000 32.5410
21.0000 75.3258
21.0000 22.3868
21.0000 66.8523
21.0000 20.8495
21.0000 36.5334
21.0000 26.8772
21.0000 29.2209
21.0000 12.9969
21.0000 53.1840
21.0000 85.9096
21.0000 36.6219
21.0000 44.9823
21.0000 62.8016
21.0000 14.3413
21.0000 29.4294
21.0000 17.8732
21.0000 32.8575
21.0000 25.8578
21.0000 13.6306
21.0000 15.7983
21.0000 31.2440
21.0000 40.2082
21.0000 93.1976
21.0000 83.1085
21.0000 106.6126
21.0000 65.8487
21.0000 43.8534
21.0000 55.1760
21.0000 18.3169
21.0000 32.7534
21.0000 34.4888
21.0000 24.8186
21.0000 58.6242
21.0000 31.2015
21.0000 79.7161
21.0000 24.0062
21.0000 11.1594
21.0000 48.6079
21.0000 120.7738
21.0000 120.1535
21.0000 17.4136
21.0000 34.8484
21.0000 3.5741
21.0000 26.1837
21.0000 28.3146
21.0000 98.9912
21.0000 72.9044
21.0000 93.0387
21.0000 39.7868
21.0000 58.3072
21.0000 32.2600
21.0000 23.2726
21.0000 11.9968
21.0000 41.8154
21.0000 41.1936
21.0000 16.0049
21.0000 28.3907
21.0000 113.1095
21.0000 21.0974
21.0000 86.2754
21.0000 71.0751
21.0000 6.7175
21.0000 93.1465
21.0000 29.7847
21.0000 22.5422
21.0000 36.1792
21.0000 74.7319
21.0000 39.8274
21.0000 34.3628
21.0000 126.6003
21.0000 76.8796
21.0000 51.3627
21.0000 45.7149
21.0000 36.5405
21.0000 8.4261
21.0000 51.4237
21.0000 15.4664
21.0000 92.2488
21.0000 39.0238
21.0000 39.1241
21.0000 61.3676
21.0000 40.2780
21.0000 14.1581
21.0000 60.6980
21.0000 51.5738
21.0000 38.4267
21.0000 75.4101
21.0000 17.5915
21.0000 18.0251
21.0000 71.3258
21.0000 28.5593
21.0000 50.1671
21.0000 46.4782
21.0000 49.6266
21.0000 46.0013
21.0000 54.1434
21.0000 76.3417
21.0000 52.8422
21.0000 38.5963
21.0000 8.6744
21.0000 67.2299
21.0000 51.0604
21.0000 58.9936
21.0000 43.0222
21.0000 74.0605
21.0000 13.3334
21.0000 12.6128
21.0000 40.2508
21.0000 48.1676
21.0000 42.6623
21.0000 65.3637
21.0000 33.5755
21.0000 62.0216
21.0000 78.2685
21.0000 5.3025
21.0000 8.5607
21.0000 31.3008
21.0000 97.9920
21.0000 40.1039
21.0000 25.6845
21.0000 33.5622
21.0000 5.7904
21.0000 37.8012
21.0000 4.8758
21.0000 48.6503
21.0000 35.9628
21.0000 60.8319
21.0000 16.1540
21.0000 52.8396
21.0000 51.8069
21.0000 102.1137
21.0000 47.5079
21.0000 48.8913
21.0000 46.7379
21.0000 105.7482
21.0000 124.4484
21.0000 21.3902
21.0000 44.7122
21.0000 26.4073
21.0000 86.1545
21.0000 50.4895
21.0000 34.1175
21.0000 68.6806
21.0000 9.4003
21.0000 112.7288
21.0000 30.2315
21.0000 45.3310
21.0000 16.5917
21.0000 25.0347
21.0000 5.9321
21.0000 8.6895
21.0000 25.7478
21.0000 99.7670
21.0000 11.1815
21.0000 41.6147
21.0000 73.4841
21.0000 11.5067
21.0000 14.5393
21.0000 20.1197
21.0000 26.7325
21.0000 37.8958
21.0000 39.4548
21.0000 24.7455
21.0000 54.1721
21.0000 54.5079
21.0000 25.9015
21.0000 11.4139
21.0000 10.2209
21.0000 119.3920
21.0000 20.3870
21.0000 10.3708
21.0000 23.8838
21.0000 30.7277
21.0000 19.1110
21.0000 82.1471
21.0000 24.1824
21.0000 31.2221
21.0000 44.6535
21.0000 83.5592
21.0000 15.3801
21.0000 27.9655
21.0000 43.3457
21.0000 93.6647
21.0000 17.0678
21.0000 36.5278
21.0000 49.1271
21.0000 34.2104
21.0000 34.9668
21.0000 42.7446
21.0000 73.9881
21.0000 48.1750
21.0000 34.6013
21.0000 85.7519
21.0000 56.9197
21.0000 25.3127
21.0000 80.1616
21.0000 116.3083
21.0000 24.1237
21.0000 28.3272
21.0000 90.9097
21.0000 64.3966
21.0000 26.3343
21.0000 58.4640
21.0000 39.9349
21.0000 52.3320
21.0000 6.2945
21.0000 35.0434
21.0000 39.0416
21.0000 27.6009
21.0000 78.9815
21.0000 85.9830
21.0000 18.1053
21.0000 39.7979
21.0000 30.4545
21.0000 62.0816
21.0000 27.7791
21.0000 26.8425
21.0000 115.2529
21.0000 17.8558
21.0000 32.1879
21.0000 32.4748
21.0000 35.1391
21.0000 91.0656
21.0000 36.9175
21.0000 44.1698
21.0000 31.0149
21.0000 66.7488
21.0000 39.3047
21.0000 19.9468
21.0000 3.7677
21.0000 31.2412
21.0000 61.8532
21.0000 18.5592
21.0000 45.0047
21.0000 49.1891
21.0000 23.9069
21.0000 31.6788
21.0000 48.4797
21.0000 135.3332
21.0000 23.0984
21.0000 28.7758
21.0000 17.6266
21.0000 10.9243
21.0000 55.4579
21.0000 67.2871
21.0000 33.0207
21.0000 56.1680
21.0000 25.1722
21.0000 106.6520
21.0000 24.5188
21.0000 47.9310
21.0000 101.4335
21.0000 23.3511
21.0000 78.5583
21.0000 55.1254
21.0000 55.2638
21.0000 14.6727
21.0000 47.0676
21.0000 43.5772
21.0000 18.9608
21.0000 37.7577
21.0000 63.4984
21.0000 45.6435
21.0000 87.8167
21.0000 22.5559
21.0000 47.5151
21.0000 68.7077
21.0000 59.1762
21.0000 124.1667
21.0000 29.2328
21.0000 52.6159
21.0000 54.4937
21.0000 76.1091
21.0000 70.9521
21.0000 111.5243
21.0000 44.1216
21.0000 88.7464
21.0000 16.4178
21.0000 44.7072
21.0000 25.9072
21.0000 25.4981
21.0000 118.9687
21.0000 18.4375
21.0000 70.4092
21.0000 50.0891
21.0000 59.3873
21.0000 55.7717
21.0000 30.6057
21.0000 53.7981
21.0000 52.2798
21.0000 32.9061
21.0000 54.1090
21.0000 59.1125
21.0000 27.9991
21.0000 93.7406
21.0000 57.1381
21.0000 46.5731
21.0000 97.1039
21.0000 38.4408
21.0000 57.0406
21.0000 69.5423
21.0000 23.1535
21.0000 108.8299
21.0000 55.1316
21.0000 72.5910
21.0000 34.5854
21.0000 88.9688
21.0000 27.2235
21.0000 9.5570
21.0000 22.5420
21.0000 54.4784
21.0000 65.0703
21.0000 18.9872
21.0000 33.3926
21.0000 58.5576
21.0000 116.8263
21.0000 12.4648
21.0000 25.8084
21.0000 54.0839
21.0000 16.4037
21.0000 32.3686
21.0000 82.6124
21.0000 19.4987
21.0000 106.7504
21.0000 41.1533
21.0000 40.9413
21.0000 60.2760
21.0000 65.8371
21.0000 54.0715
21.0000 52.8012
21.0000 12.8094
21.0000 11.5982
21.0000 126.9418
21.0000 49.9309
21.0000 12.6851
21.0000 31.4522
21.0000 58.7446
21.0000 20.3932
21.0000 13.9565
21.0000 37.8503
21.0000 16.8975
21.0000 85.6305
21.0000 91.6880
21.0000 41.5610
21.0000 41.6049
21.0000 31.6547
21.0000 57.9193
21.0000 41.6919
21.0000 72.8102
21.0000 65.0338
21.0000 54.3930
21.0000 127.0415
21.0000 53.3797
21.0000 32.3550
21.0000 84.7854
21.0000 62.4920
21.0000 57.5790
21.0000 6.4090
21.0000 26.9950
21.0000 15.2603
21.0000 27.2428
21.0000 49.6157
21.0000 22.7666
21.0000 117.3403
21.0000 27.9962
21.0000 60.0683
21.0000 18.4987
21.0000 50.7198
21.0000 77.2647
21.0000 29.6975
21.0000 12.5847
21.0000 73.5695
21.0000 13.0027
21.0000 91.9838
21.0000 42.3654
21.0000 26.4964
21.0000 52.0716
21.0000 42.1611
21.0000 61.8474
21.0000 21.1009
21.0000 14.4864
21.0000 46.2695
21.0000 3.6475
21.0000 92.6113
21.0000 80.5800
21.0000 28.7562
21.0000 39.9851
21.0000 47.4549
21.0000 27.8207
21.0000 51.4628
21.0000 27.5034
21.0000 43.6325
21.0000 89.8440
21.0000 15.3549
21.0000 18.1320
21.0000 26.2329
21.0000 53.8625
21.0000 48.5531
21.0000 121.6826
21.0000 30.3310
21.0000 40.1980
21.0000 9.1148
21.0000 128.4533
21.0000 62.9865
21.0000 12.9358
21.0000 73.0005
21.0000 27.4307
21.0000 103.6575
21.0000 38.7018
21.0000 12.0520
21.0000 24.4135
21.0000 22.3836
21.0000 116.1207
21.0000 117.0295
21.0000 18.5868
21.0000 79.7674
21.0000 24.7828
21.0000 35.4793
21.0000 19.0543
21.0000 45.4054
21.0000 95.9795
21.0000 10.5705
21.0000 13.1677
21.0000 94.0990
21.0000 65.7149
21.0000 30.7263
21.0000 23.1621
21.0000 25.8391
21.0000 117.9861
21.0000 23.8335
21.0000 63.0634
21.0000 132.9107
21.0000 80.2425
21.0000 20.1435
21.0000 124.9096
21.0000 29.4599
21.0000 46.5956
21.0000 17.6409
21.0000 46.5940
21.0000 28.6447
21.0000 20.3891
21.0000 65.8790
21.0000 25.6042
21.0000 57.7369
21.0000 25.0430
21.0000 27.0707
21.0000 70.3712
21.0000 31.4681
21.0000 128.7454
21.0000 11.6943
21.0000 38.5644
21.0000 11.4953
21.0000 60.8613
21.0000 31.8486
21.0000 37.7080
21.0000 51.1049
21.0000 23.9919
21.0000 25.4831
21.0000 43.2222
21.0000 55.1065
21.0000 14.9823
21.0000 118.5484
21.0000 103.5379
21.0000 88.7858
21.0000 29.2425
21.0000 111.6001
21.0000 76.1961
21.0000 116.2930
21.0000 54.0599
21.0000 66.0308
21.0000 26.3528
21.0000 49.5876
21.0000 29.0073
21.0000 36.0587
21.0000 9.3193
21.0000 35.7394
21.0000 51.5193
21.0000 117.1577
21.0000 49.3251
21.0000 20.2874
21.0000 77.2254
21.0000 77.8251
21.0000 36.4542
21.0000 36.5690
21.0000 37.0098
21.0000 9.5318
21.0000 44.0998
21.0000 37.0928
21.0000 103.2223
21.0000 35.1281
21.0000 37.4969
21.0000 127.0845
21.0000 63.7746
21.0000 77.8435
21.0000 109.6777
21.0000 30.9605
21.0000 48.9665
21.0000 34.9279
21.0000 37.2414
21.0000 43.5820
21.0000 63.6436
21.0000 100.8525
21.0000 18.6989
21.0000 38.9681
21.0000 32.4131
21.0000 31.5535
21.0000 30.2138
21.0000 22.3300
21.0000 27.5725
21.0000 78.6110
21.0000 46.4858
21.0000 118.0028
21.0000 99.1157
21.0000 27.8224
21.0000 24.7883
21.0000 84.5884
21.0000 28.0271
21.0000 34.3396
21.0000 35.2776
21.0000 60.3817
21.0000 27.4515
21.0000 111.6664
21.0000 61.0715
21.0000 71.1802
