23.0000 22.6933
23.0000 22.7497
23.0000 23.8436
23.0000 23.3141
23.0000 22.6348
23.0000 22.4498
23.0000 22.7156
23.0000 23.2040
23.0000 22.2736
23.0000 22.9721
23.0000 22.6649
23.0000 23.0500
23.0000 22.8499
23.0000 22.8509
23.0000 22.7642
23.0000 22.8581
23.0000 22.4626
23.0000 22.7445
23.0000 21.6877
23.0000 22.5495
23.0000 22.8270
23.0000 23.3635
23.0000 23.9603
23.0000 22.4612
23.0000 23.1301
23.0000 22.5312
23.0000 23.3748
23.0000 22.8130
23.0000 21.8798
23.0000 21.7943
23.0000 22.5943
23.0000 22.9693
23.0000 22.9501
23.0000 23.0885
23.0000 23.1750
23.0000 22.6059
23.0000 22.5975
23.0000 23.6223
23.0000 23.2239
23.0000 22.1891
23.0000 22.3742
23.0000 22.1536
23.0000 22.9726
23.0000 23.5238
23.0000 22.5291
23.0000 21.8190
23.0000 22.0974
23.0000 22.4867
23.0000 23.5345
23.0000 22.8178
23.0000 23.0347
23.0000 23.1135
23.0000 22.7724
23.0000 22.4930
23.0000 22.2893
23.0000 22.3729
23.0000 22.8298
23.0000 22.6586
23.0000 22.6435
23.0000 22.8096
23.0000 23.1879
23.0000 22.3629
23.0000 23.1019
23.0000 22.1781
23.0000 22.3398
23.0000 22.8481
23.0000 22.9064
23.0000 22.3749
23.0000 22.4054
23.0000 21.8216
23.0000 22.8072
23.0000 23.1253
23.0000 22.0568
23.0000 21.7308
23.0000 23.1645
23.0000 23.2008
23.0000 23.6341
23.0000 22.2865
23.0000 22.0351
23.0000 22.1914
23.0000 22.9482
23.0000 23.4050
23.0000 22.9524
23.0000 22.6596
23.0000 23.4173
23.0000 22.6831
23.0000 21.8287
23.0000 23.1883
23.0000 22.6876
23.0000 22.6013
23.0000 22.4995
23.0000 23.5638
23.0000 22.0257
23.0000 23.0082
23.0000 21.9558
23.0000 23.2964
23.0000 22.8950
23.0000 23.1832
23.0000 22.7278
23.0000 22.0043
23.0000 22.3623
23.0000 22.7444
23.0000 23.1995
23.0000 21.5006
23.0000 23.0494
23.0000 22.2671
23.0000 22.8127
23.0000 22.8396
23.0000 22.4546
23.0000 22.4829
23.0000 22.5117
23.0000 22.3414
23.0000 22.7875
23.0000 23.1658
23.0000 22.1298
23.0000 23.3267
23.0000 22.2788
23.0000 22.4460
23.0000 23.2174
23.0000 22.4065
23.0000 22.4725
23.0000 22.6473
23.0000 22.3670
23.0000 22.8812
23.0000 22.6304
23.0000 22.8364
23.0000 22.2286
23.0000 22.0558
23.0000 23.0356
23.0000 22.5246
23.0000 22.7998
23.0000 22.2254
23.0000 23.5726
23.0000 22.9455
23.0000 21.5407
23.0000 22.0971
23.0000 23.0910
23.0000 22.6635
23.0000 22.4445
23.0000 23.3786
23.0000 23.0637
23.0000 21.7594
23.0000 21.8708
23.0000 22.2902
23.0000 21.7859
23.0000 22.7139
23.0000 22.1985
23.0000 23.1882
23.0000 22.9132
23.0000 24.0067
23.0000 23.2950
23.0000 22.6739
23.0000 22.9994
23.0000 22.0415
23.0000 22.0634
23.0000 22.6599
23.0000 23.9769
23.0000 22.2585
23.0000 22.0686
23.0000 23.4082
23.0000 22.2387
23.0000 22.6639
23.0000 22.7148
23.0000 22.6668
23.0000 23.2697
23.0000 22.4545
23.0000 22.9272
23.0000 22.2712
23.0000 21.7487
23.0000 22.8768
23.0000 23.1455
23.0000 23.3488
23.0000 22.3225
23.0000 22.8795
23.0000 23.0855
23.0000 22.3929
23.0000 22.4587
23.0000 23.0946
23.0000 23.2511
23.0000 23.2669
23.0000 22.7514
23.0000 22.5211
23.0000 21.5448
23.0000 22.9429
23.0000 23.4733
23.0000 23.7578
23.0000 23.6456
23.0000 22.7262
23.0000 21.7114
23.0000 22.9875
23.0000 23.6184
23.0000 22.4820
23.0000 22.4088
23.0000 23.2059
23.0000 21.5576
23.0000 22.8184
23.0000 22.8740
23.0000 23.0123
23.0000 22.9900
23.0000 22.6525
23.0000 23.0338
23.0000 22.1399
23.0000 22.7196
23.0000 22.2282
23.0000 23.6416
23.0000 22.5377
23.0000 22.5262
23.0000 23.2520
23.0000 22.5323
23.0000 22.6229
23.0000 23.1657
23.0000 23.0411
23.0000 22.1020
23.0000 22.5426
23.0000 22.7937
23.0000 23.7753
23.0000 22.7852
23.0000 22.6212
23.0000 22.5144
23.0000 22.9021
23.0000 22.1825
23.0000 22.9737
23.0000 22.9730
23.0000 22.0419
23.0000 22.5985
23.0000 22.5844
23.0000 22.8595
23.0000 22.7276
23.0000 22.2430
23.0000 22.4562
23.0000 23.0338
23.0000 23.2093
23.0000 22.7365
23.0000 23.3797
23.0000 21.5170
23.0000 22.9068
23.0000 22.3850
23.0000 22.7917
23.0000 22.6912
23.0000 21.8316
23.0000 23.7743
23.0000 21.7573
23.0000 23.5889
23.0000 23.0724
23.0000 21.7756
23.0000 21.5723
23.0000 23.0597
23.0000 22.1749
23.0000 23.0198
23.0000 22.8760
23.0000 22.1831
23.0000 22.6737
23.0000 22.0834
23.0000 22.1798
23.0000 23.5446
23.0000 22.9218
23.0000 23.1217
23.0000 21.3679
23.0000 22.2748
23.0000 22.4445
23.0000 23.6791
23.0000 22.9877
23.0000 22.7802
23.0000 22.4308
23.0000 22.6365
23.0000 22.5976
23.0000 23.2343
23.0000 22.6888
23.0000 23.1852
23.0000 21.7176
23.0000 22.7193
23.0000 21.9065
23.0000 23.0245
23.0000 22.7670
23.0000 23.5169
23.0000 22.5779
23.0000 22.9140
23.0000 21.5976
23.0000 23.3861
23.0000 23.2715
23.0000 22.9673
23.0000 21.7698
23.0000 22.3833
23.0000 23.5427
23.0000 22.4498
23.0000 21.9048
23.0000 22.2686
23.0000 22.0181
23.0000 23.4140
23.0000 22.1983
23.0000 22.6956
23.0000 22.4261
23.0000 22.4671
23.0000 22.5463
23.0000 23.5106
23.0000 23.6134
23.0000 23.0210
23.0000 23.1188
23.0000 22.7638
23.0000 22.7354
23.0000 22.8533
23.0000 22.0050
23.0000 23.3426
23.0000 22.6796
23.0000 23.3481
23.0000 22.3210
23.0000 22.6283
23.0000 22.4628
23.0000 23.0740
23.0000 23.6906
23.0000 22.5815
23.0000 22.1094
23.0000 22.8393
23.0000 22.6769
23.0000 22.9235
23.0000 21.9708
23.0000 23.0132
23.0000 23.3505
23.0000 22.6195
23.0000 21.7839
23.0000 22.7631
23.0000 23.7623
23.0000 22.6534
23.0000 22.8847
23.0000 21.8403
23.0000 21.4505
23.0000 22.2921
23.0000 22.6483
23.0000 23.6591
23.0000 23.3255
23.0000 21.7513
23.0000 22.3156
23.0000 22.6944
23.0000 22.6049
23.0000 23.4562
23.0000 23.1197
23.0000 23.6900
23.0000 23.0343
23.0000 22.4611
23.0000 22.2750
23.0000 22.5875
23.0000 22.4857
23.0000 23.4236
23.0000 22.6519
23.0000 22.7024
23.0000 23.1975
23.0000 22.6076
23.0000 22.1496
23.0000 22.6634
23.0000 23.4787
23.0000 23.0533
23.0000 22.2594
23.0000 23.8221
23.0000 22.7293
23.0000 22.3068
23.0000 22.6047
23.0000 22.9104
23.0000 22.9371
23.0000 22.0456
23.0000 21.7357
23.0000 22.3051
23.0000 23.5744
23.0000 22.5550
23.0000 24.2100
23.0000 22.5545
23.0000 22.9316
23.0000 22.8701
23.0000 22.4178
23.0000 22.7763
23.0000 22.6280
23.0000 22.3393
23.0000 23.5855
23.0000 22.4513
23.0000 22.2479
23.0000 22.3927
23.0000 22.0439
23.0000 23.1722
23.0000 23.9643
23.0000 22.1675
23.0000 23.1096
23.0000 23.0716
23.0000 22.6979
23.0000 22.6668
23.0000 23.2040
23.0000 23.0376
23.0000 22.8259
23.0000 22.9944
23.0000 23.2879
23.0000 22.8163
23.0000 22.2077
23.0000 23.7509
23.0000 22.1242
23.0000 22.9893
23.0000 22.4939
23.0000 22.1124
23.0000 22.1359
23.0000 23.5884
23.0000 23.5907
23.0000 22.4042
23.0000 23.3583
23.0000 23.1657
23.0000 22.4797
23.0000 23.1198
23.0000 22.1867
23.0000 22.8934
23.0000 22.5252
23.0000 22.6457
23.0000 22.7957
23.0000 22.3091
23.0000 21.9144
23.0000 22.6552
23.0000 22.1790
23.0000 22.5256
23.0000 22.5044
23.0000 22.0421
23.0000 23.8120
23.0000 23.3655
23.0000 22.2140
23.0000 22.6626
23.0000 23.7659
23.0000 23.1878
23.0000 22.8441
23.0000 23.2591
23.0000 22.2081
23.0000 22.6051
23.0000 21.7347
23.0000 22.6409
23.0000 22.1054
23.0000 23.0482
23.0000 22.2481
23.0000 22.6994
23.0000 23.4395
23.0000 21.7821
23.0000 22.9377
23.0000 23.5035
23.0000 21.9756
23.0000 23.1483
23.0000 22.9652
23.0000 22.6814
23.0000 22.7563
23.0000 22.1387
23.0000 22.8461
23.0000 23.2845
23.0000 23.4281
23.0000 23.7165
23.0000 22.9893
23.0000 23.6055
23.0000 23.0195
23.0000 23.7223
23.0000 21.8864
23.0000 22.7554
23.0000 22.6915
23.0000 22.7187
23.0000 22.0291
23.0000 22.5689
23.0000 22.5487
23.0000 21.4840
23.0000 23.6506
23.0000 22.5513
23.0000 22.4039
23.0000 21.9856
23.0000 23.3129
23.0000 23.1168
23.0000 22.9546
23.0000 22.3827
23.0000 22.9699
23.0000 23.0466
23.0000 23.0208
23.0000 21.4124
23.0000 22.6096
23.0000 22.5275
23.0000 23.8081
23.0000 23.4037
23.0000 22.8938
23.0000 22.8240
23.0000 22.8451
23.0000 22.3566
23.0000 22.8011
23.0000 23.9331
23.0000 21.1740
23.0000 22.4906
23.0000 22.6253
23.0000 22.3703
23.0000 22.9178
23.0000 22.5750
23.0000 23.3392
23.0000 22.7244
23.0000 23.1560
23.0000 23.4708
23.0000 22.9414
23.0000 23.0487
23.0000 22.2242
23.0000 22.8183
23.0000 23.4776
23.0000 22.4253
23.0000 23.9240
23.0000 22.7468
23.0000 22.4246
23.0000 22.8486
23.0000 21.9710
23.0000 23.3516
23.0000 23.3363
23.0000 22.6877
23.0000 22.4770
23.0000 22.8025
23.0000 22.7289
23.0000 22.7471
23.0000 21.5738
23.0000 22.0744
23.0000 23.1886
23.0000 22.9257
23.0000 22.9623
23.0000 23.5699
23.0000 22.9578
23.0000 22.0944
23.0000 23.4988
23.0000 22.3234
23.0000 23.1917
23.0000 22.5802
23.0000 22.5148
23.0000 22.6060
23.0000 22.2171
23.0000 22.6786
23.0000 22.4439
23.0000 22.7547
23.0000 22.5470
23.0000 22.3085
23.0000 22.6382
23.0000 22.4999
23.0000 22.0893
23.0000 22.0823
23.0000 22.7015
23.0000 22.6935
23.0000 22.3266
23.0000 23.1593
23.0000 23.5290
23.0000 22.4328
23.0000 22.5741
23.0000 22.5579
23.0000 22.5275
23.0000 22.9277
23.0000 22.5020
23.0000 23.1446
23.0000 22.1462
23.0000 22.7015
23.0000 22.3025
23.0000 24.2292
23.0000 21.6044
23.0000 22.4756
23.0000 22.2682
23.0000 22.9713
23.0000 22.9921
23.0000 22.7484
23.0000 22.8098
23.0000 22.9782
23.0000 22.6318
23.0000 22.7341
23.0000 22.0063
23.0000 22.7900
23.0000 22.8894
23.0000 22.1264
23.0000 23.7257
23.0000 22.6052
23.0000 22.8231
23.0000 22.4508
23.0000 22.8079
23.0000 22.3218
23.0000 23.4843
23.0000 22.5621
23.0000 21.9759
23.0000 22.2425
23.0000 22.4707
23.0000 22.2278
23.0000 23.2297
23.0000 23.7782
23.0000 23.4381
23.0000 22.6494
23.0000 23.1544
23.0000 23.0189
23.0000 22.7583
23.0000 22.5507
23.0000 22.1975
23.0000 22.4771
23.0000 21.7037
23.0000 21.4943
23.0000 23.2577
23.0000 22.6445
23.0000 22.9886
23.0000 22.0009
23.0000 22.4298
23.0000 23.0619
23.0000 22.7947
23.0000 22.6746
23.0000 23.8641
23.0000 22.1023
23.0000 22.8968
23.0000 23.5295
23.0000 22.6794
23.0000 23.1992
23.0000 23.3215
23.0000 21.9511
23.0000 22.9769
23.0000 21.5565
23.0000 22.6303
23.0000 22.4937
23.0000 22.1656
23.0000 22.7091
23.0000 23.0525
23.0000 23.1686
23.0000 21.9571
23.0000 22.9097
23.0000 22.4845
23.0000 22.7669
23.0000 22.8903
23.0000 22.2586
23.0000 21.6812
23.0000 22.4124
23.0000 23.1871
23.0000 21.9629
23.0000 22.9782
23.0000 21.7614
23.0000 22.9308
23.0000 22.9843
23.0000 23.0817
23.0000 21.9436
23.0000 22.6563
23.0000 22.5559
23.0000 22.1069
23.0000 22.5126
23.0000 23.0566
23.0000 22.9258
23.0000 23.7076
23.0000 23.3776
23.0000 23.3800
23.0000 22.5368
23.0000 22.9065
23.0000 21.7338
23.0000 24.0600
23.0000 22.0085
23.0000 22.5499
23.0000 22.6807
23.0000 23.1408
23.0000 22.4036
23.0000 22.5964
23.0000 22.3575
23.0000 22.1303
23.0000 22.3742
23.0000 22.0255
23.0000 22.7221
23.0000 22.5957
23.0000 22.2249
23.0000 23.9075
23.0000 22.6966
23.0000 22.7665
23.0000 23.1667
23.0000 22.6216
23.0000 22.7764
23.0000 23.3322
23.0000 22.2810
23.0000 21.8044
23.0000 22.2509
23.0000 23.5722
23.0000 24.0850
23.0000 22.3875
23.0000 23.7634
23.0000 22.6223
23.0000 22.4159
23.0000 23.2373
23.0000 22.2881
23.0000 22.6500
23.0000 23.2465
23.0000 22.5544
23.0000 23.4041
23.0000 21.2419
23.0000 22.7264
23.0000 21.7498
23.0000 22.5904
23.0000 22.2349
23.0000 22.7681
23.0000 23.0221
23.0000 22.4341
23.0000 22.3236
23.0000 23.0971
23.0000 22.0734
23.0000 22.7207
23.0000 22.7376
23.0000 22.2015
23.0000 22.1611
23.0000 23.5660
23.0000 22.8988
23.0000 22.5517
23.0000 22.6282
23.0000 23.5514
23.0000 21.5302
23.0000 22.4115
23.0000 22.6101
23.0000 23.5544
23.0000 21.9504
23.0000 23.2793
23.0000 21.8371
23.0000 23.8865
23.0000 22.9763
23.0000 22.2274
23.0000 22.7646
23.0000 23.2189
23.0000 22.2497
23.0000 22.4281
23.0000 23.2237
23.0000 23.4697
23.0000 22.6409
23.0000 22.8691
23.0000 22.3784
23.0000 22.3522
23.0000 22.4317
23.0000 24.0534
23.0000 22.0958
23.0000 22.5833
23.0000 22.8451
23.0000 23.4082
23.0000 22.6173
23.0000 22.8614
23.0000 22.0255
23.0000 21.5942
23.0000 22.1423
23.0000 23.4038
23.0000 22.0941
23.0000 21.7639
23.0000 22.0745
23.0000 22.6112
23.0000 22.5718
23.0000 22.7124
23.0000 22.9822
23.0000 23.1524
23.0000 22.6053
23.0000 23.9032
23.0000 23.0054
23.0000 23.0157
23.0000 22.6039
23.0000 23.4141
23.0000 23.0855
23.0000 21.6440
23.0000 22.4428
23.0000 22.8334
23.0000 21.9954
23.0000 22.1827
23.0000 22.2695
23.0000 23.2934
23.0000 22.5385
23.0000 22.6042
23.0000 24.0047
23.0000 21.9632
23.0000 23.0839
23.0000 22.5003
23.0000 22.4444
23.0000 23.7463
23.0000 21.8182
23.0000 23.3116
23.0000 21.7710
23.0000 23.2558
23.0000 23.0646
23.0000 23.0569
23.0000 22.4362
23.0000 22.2161
23.0000 22.1321
23.0000 22.8413
23.0000 22.8448
23.0000 22.3047
23.0000 22.8173
23.0000 22.2795
23.0000 22.7586
23.0000 22.8093
23.0000 21.5705
23.0000 22.5138
23.0000 22.3388
23.0000 21.8366
23.0000 21.4813
23.0000 22.6401
23.0000 21.9677
23.0000 23.7648
23.0000 22.2276
23.0000 22.5633
23.0000 21.8445
23.0000 23.1009
23.0000 22.3342
23.0000 22.8403
23.0000 22.8349
23.0000 22.9120
23.0000 23.1559
23.0000 23.4191
23.0000 23.2697
23.0000 23.1766
23.0000 22.5571
23.0000 23.1952
23.0000 22.3298
23.0000 23.5137
23.0000 22.4462
23.0000 23.0563
23.0000 22.3465
23.0000 22.3010
23.0000 23.0113
23.0000 22.6362
23.0000 21.4713
23.0000 22.5672
23.0000 22.5683
23.0000 22.6653
23.0000 22.1954
23.0000 22.5936
23.0000 22.8883
23.0000 22.8976
23.0000 23.4624
23.0000 22.2157
23.0000 21.2623
23.0000 22.4945
23.0000 22.8680
23.0000 22.4258
23.0000 21.6946
23.0000 22.3250
23.0000 23.2678
23.0000 23.5074
23.0000 23.1978
23.0000 22.0150
23.0000 23.4182
23.0000 22.9376
23.0000 22.8476
23.0000 22.3843
23.0000 23.6174
23.0000 22.1868
23.0000 22.9586
23.0000 21.4957
23.0000 22.3893
23.0000 23.1507
23.0000 22.9164
23.0000 22.4273
23.0000 22.5681
23.0000 21.6611
23.0000 23.0072
23.0000 22.6931
23.0000 23.0805
23.0000 22.9191
23.0000 23.1749
23.0000 22.2512
23.0000 22.4991
23.0000 22.7889
23.0000 22.5992
23.0000 23.3035
23.0000 21.9707
23.0000 23.4389
23.0000 22.1472
23.0000 22.3350
23.0000 23.5584
23.0000 22.6254
23.0000 23.4430
23.0000 22.8925
23.0000 23.2817
23.0000 23.0559
23.0000 22.5432
23.0000 23.1595
23.0000 21.9253
23.0000 22.3809
23.0000 23.9235
23.0000 22.2682
23.0000 22.9766
23.0000 23.3087
23.0000 22.1656
23.0000 22.7676
23.0000 23.5920
23.0000 22.7254
23.0000 22.0771
23.0000 22.6293
23.0000 22.5535
23.0000 23.1724
23.0000 21.7211
23.0000 22.3704
23.0000 22.5543
23.0000 23.3469
23.0000 22.8009
23.0000 22.8244
23.0000 21.9881
23.0000 22.5383
23.0000 21.3386
23.0000 23.4826
23.0000 23.7869
23.0000 22.7008
23.0000 22.4572
23.0000 22.3592
23.0000 22.3891
23.0000 23.3993
23.0000 21.8839
23.0000 23.6861
23.0000 21.9263
23.0000 23.2472
23.0000 22.7991
23.0000 22.3927
23.0000 22.1736
23.0000 23.4677
23.0000 23.1938
23.0000 22.3721
23.0000 23.0984
23.0000 23.1939
23.0000 22.5072
23.0000 22.0980
23.0000 23.1630
23.0000 21.8467
23.0000 22.2254
23.0000 22.8679
23.0000 22.9169
23.0000 23.2410
23.0000 21.8210
23.0000 22.2417
23.0000 22.3754
23.0000 23.3246
23.0000 22.1584
23.0000 23.3637
23.0000 23.2161
23.0000 22.8950
23.0000 22.8928
23.0000 23.3272
23.0000 22.0541
23.0000 22.5423
23.0000 22.3516
23.0000 23.0652
23.0000 22.4714
23.0000 23.4362
23.0000 21.8674
23.0000 22.9113
23.0000 22.8770
23.0000 23.1768
23.0000 23.0127
23.0000 23.4576
23.0000 23.1978
23.0000 22.4765
23.0000 22.8612
23.0000 22.8656
23.0000 23.4129
23.0000 22.2950
23.0000 22.3919
23.0000 22.4143
23.0000 22.3956
23.0000 22.2429
23.0000 23.5683
23.0000 23.0171
23.0000 22.4147
23.0000 22.3317
23.0000 22.7782
23.0000 23.0982
23.0000 23.0651
23.0000 22.5784
23.0000 22.8926
23.0000 22.6363
23.0000 22.7531
23.0000 23.1175
23.0000 23.2726
23.0000 22.9676
23.0000 23.7312
23.0000 23.0055
23.0000 23.0732
23.0000 23.1545
23.0000 22.9680
23.0000 22.2231
23.0000 22.0233
23.0000 22.5522
23.0000 22.9402
23.0000 22.7803
23.0000 22.7550
23.0000 22.4707
23.0000 22.6751
23.0000 22.7383
23.0000 22.2247
23.0000 23.8253
23.0000 23.8901
23.0000 23.9475
23.0000 22.9447
23.0000 22.5790
23.0000 21.8256
23.0000 23.0090
23.0000 23.1728
23.0000 22.3094
23.0000 21.7833
23.0000 24.1531
23.0000 22.7524
23.0000 23.3748
23.0000 22.2158
23.0000 22.8022
23.0000 23.3746
23.0000 23.0855
23.0000 23.8440
23.0000 22.3974
23.0000 22.6957
23.0000 22.4463
23.0000 22.9471
23.0000 22.7002
23.0000 22.4326
23.0000 21.8022
23.0000 21.8984
23.0000 22.9509
23.0000 22.8669
23.0000 21.8191
23.0000 23.3358
23.0000 22.4803
23.0000 21.3253
23.0000 22.6610
23.0000 22.2904
23.0000 22.3257
23.0000 24.1399
23.0000 22.6024
23.0000 23.1649
23.0000 23.0317
23.0000 22.1390
23.0000 22.5376
23.0000 22.6746
23.0000 21.7988
23.0000 23.7270
23.0000 23.5949
23.0000 23.4779
23.0000 22.4988
23.0000 23.0548
23.0000 22.0500
23.0000 22.9371
23.0000 22.7979
23.0000 21.8655
23.0000 22.6903
23.0000 22.4063
23.0000 23.2318
23.0000 23.8562
23.0000 23.0327
23.0000 23.8852
23.0000 23.3918
23.0000 22.7307
23.0000 24.0504
23.0000 23.3554
23.0000 23.3719
23.0000 22.2456
23.0000 21.9326
23.0000 22.0534
23.0000 21.5500
23.0000 22.4302
23.0000 22.6711
23.0000 22.3731
23.0000 23.5239
23.0000 22.7891
23.0000 22.5751
23.0000 23.1800
23.0000 22.9361
23.0000 23.0915
23.0000 22.8393
23.0000 22.1653
23.0000 24.2005
23.0000 22.7885
23.0000 22.7258
23.0000 22.5189
23.0000 23.7829
23.0000 22.4189
23.0000 22.5592
23.0000 22.4172
23.0000 22.5585
23.0000 21.7721
23.0000 21.5002
23.0000 22.6147
23.0000 23.3368
23.0000 23.0204
23.0000 21.4388
23.0000 21.8419
23.0000 21.7241
23.0000 22.8642
23.0000 22.2206
23.0000 22.9425
23.0000 22.6760
23.0000 22.2053
23.0000 22.6507
23.0000 22.6897
23.0000 22.4882
23.0000 22.4320
23.0000 22.8163
23.0000 22.8127
23.0000 22.2148
23.0000 23.7788
23.0000 22.9001
23.0000 22.8360
23.0000 23.5726
23.0000 22.4022
23.0000 22.5031
23.0000 22.8524
23.0000 22.2422
23.0000 22.6414
23.0000 22.8163
23.0000 23.1254
23.0000 22.5603
23.0000 22.8055
23.0000 21.9859
23.0000 23.1463
23.0000 22.8355
23.0000 23.1927
23.0000 21.0829
23.0000 22.4105
23.0000 21.8211
23.0000 23.7271
23.0000 21.8453
23.0000 22.1233
23.0000 22.0621
23.0000 22.3847
23.0000 21.9605
23.0000 23.3134
23.0000 23.0247
23.0000 22.7446
23.0000 22.3487
23.0000 23.7460
23.0000 22.4227
23.0000 23.1734
23.0000 22.9965
23.0000 23.3046
23.0000 23.0944
23.0000 23.2941
23.0000 23.0355
23.0000 23.3562
23.0000 22.2052
23.0000 22.1406
23.0000 21.7103
23.0000 23.1902
23.0000 22.6641
23.0000 23.4457
23.0000 22.7566
23.0000 22.6076
23.0000 23.6286
23.0000 23.4237
23.0000 23.5310
23.0000 23.6928
23.0000 23.2086
23.0000 22.8882
23.0000 22.6321
23.0000 22.0013
23.0000 22.0347
23.0000 22.9218
23.0000 22.6269
23.0000 22.0917
23.0000 22.3723
23.0000 22.6084
23.0000 23.4879
23.0000 21.8624
23.0000 22.8881
23.0000 23.2493
23.0000 23.8954
23.0000 22.1136
23.0000 22.8154
23.0000 22.7689
23.0000 23.0422
23.0000 23.6919
23.0000 22.7397
23.0000 22.8851
23.0000 21.9221
23.0000 23.5143
23.0000 23.4288
23.0000 23.0638
23.0000 23.1985
23.0000 23.2414
23.0000 22.0780
23.0000 23.3683
23.0000 23.3833
23.0000 23.2882
23.0000 23.5092
23.0000 21.9212
23.0000 23.8666
23.0000 22.4822
23.0000 22.2944
23.0000 22.5833
23.0000 22.9738
23.0000 22.6011
23.0000 22.1911
23.0000 22.5819
23.0000 22.3615
23.0000 21.7735
23.0000 22.3117
23.0000 22.3169
23.0000 22.7390
23.0000 22.8454
23.0000 23.0431
23.0000 21.4447
23.0000 21.7134
23.0000 22.6844
23.0000 22.8349
23.0000 22.2991
23.0000 22.5316
23.0000 22.6962
23.0000 22.4580
23.0000 21.8390
23.0000 21.9622
23.0000 21.9276
23.0000 22.5001
23.0000 23.6176
23.0000 23.4037
23.0000 23.5503
23.0000 23.3674
23.0000 22.9835
23.0000 22.1592
23.0000 22.9453
23.0000 22.4044
23.0000 22.9083
23.0000 23.0553
23.0000 22.5961
23.0000 22.6515
23.0000 23.1100
23.0000 21.9783
23.0000 22.3124
23.0000 22.3507
23.0000 23.5408
23.0000 23.4258
23.0000 22.5148
23.0000 23.2314
23.0000 21.3770
23.0000 22.2784
23.0000 22.9420
23.0000 22.4181
23.0000 22.8966
23.0000 21.4076
23.0000 23.9013
23.0000 23.1227
23.0000 22.4340
23.0000 22.9044
23.0000 22.0232
23.0000 23.3843
23.0000 23.2702
23.0000 22.3414
23.0000 23.0518
23.0000 23.1777
23.0000 23.0997
23.0000 22.5146
23.0000 22.6631
23.0000 23.7137
23.0000 23.4341
23.0000 23.0079
23.0000 22.7322
23.0000 22.0064
23.0000 22.4198
23.0000 22.0263
23.0000 22.6066
23.0000 22.5368
23.0000 22.6285
23.0000 22.5600
23.0000 23.3731
23.0000 22.4456
23.0000 22.1515
23.0000 23.2752
23.0000 23.3874
23.0000 23.6556
23.0000 23.6334
23.0000 23.3462
23.0000 23.7157
23.0000 23.0189
23.0000 22.8220
23.0000 21.2825
23.0000 22.8466
23.0000 23.3418
23.0000 21.6064
23.0000 23.1250
23.0000 22.8297
23.0000 22.8516
23.0000 22.2242
23.0000 22.6471
23.0000 22.2702
23.0000 23.5900
23.0000 22.2294
23.0000 22.1948
23.0000 22.9565
23.0000 22.9865
23.0000 22.7750
23.0000 22.8482
23.0000 23.0568
23.0000 23.1957
23.0000 23.0614
23.0000 22.7794
23.0000 23.9367
23.0000 23.2124
23.0000 22.3872
23.0000 23.8327
23.0000 23.1085
23.0000 23.0572
23.0000 23.5070
23.0000 22.5769
23.0000 22.7799
23.0000 22.3989
23.0000 23.2713
23.0000 22.4931
23.0000 22.0343
23.0000 21.6192
23.0000 23.0015
23.0000 22.1386
23.0000 22.7669
23.0000 22.9850
23.0000 22.4001
23.0000 24.1781
23.0000 22.8060
23.0000 22.2955
23.0000 22.1836
23.0000 23.0007
23.0000 23.9454
23.0000 22.7099
23.0000 22.8843
23.0000 22.3661
23.0000 23.0529
23.0000 22.8637
23.0000 22.6603
23.0000 22.2944
23.0000 23.3742
23.0000 21.3531
23.0000 23.5557
23.0000 23.2950
23.0000 23.0348
23.0000 22.8139
23.0000 22.7076
23.0000 23.1281
23.0000 22.7986
23.0000 23.1692
23.0000 22.1391
23.0000 22.9744
23.0000 22.5052
23.0000 22.6944
23.0000 22.2127
23.0000 23.0320
23.0000 22.1858
23.0000 22.8008
23.0000 23.5199
23.0000 22.3441
23.0000 22.6734
23.0000 22.7660
23.0000 22.2721
23.0000 22.3609
23.0000 23.2000
23.0000 23.1002
23.0000 22.7717
23.0000 23.0726
23.0000 23.2515
23.0000 23.0749
23.0000 21.9961
23.0000 23.0839
23.0000 22.1006
23.0000 22.5800
23.0000 23.0030
23.0000 21.6892
23.0000 23.4769
23.0000 22.6119
23.0000 22.9359
23.0000 23.2746
23.0000 22.0722
23.0000 22.2793
23.0000 22.4913
23.0000 22.2022
23.0000 22.8422
23.0000 22.6561
23.0000 22.5496
23.0000 21.9842
23.0000 22.1601
23.0000 22.5754
23.0000 22.3317
23.0000 23.4237
23.0000 22.7797
23.0000 22.6462
23.0000 21.9789
23.0000 23.1411
23.0000 22.6001
23.0000 22.7234
23.0000 23.8539
23.0000 22.9940
23.0000 22.6164
23.0000 22.1055
23.0000 23.4699
23.0000 22.7217
23.0000 22.8213
23.0000 23.7597
23.0000 22.0973
23.0000 22.5130
23.0000 22.1689
23.0000 23.9349
23.0000 22.7538
23.0000 22.4328
23.0000 22.7015
23.0000 22.8948
23.0000 22.1900
23.0000 21.8417
23.0000 23.2054
23.0000 22.8748
23.0000 23.3627
23.0000 22.4661
23.0000 22.5379
23.0000 24.6475
23.0000 22.5960
23.0000 22.6132
23.0000 23.2281
23.0000 22.8660
23.0000 22.7743
23.0000 22.7800
23.0000 22.7761
23.0000 22.9253
23.0000 22.8023
23.0000 23.0440
23.0000 22.9606
23.0000 23.1633
23.0000 22.6536
23.0000 21.6739
23.0000 23.4555
23.0000 22.1320
23.0000 22.7358
23.0000 22.2850
23.0000 22.7574
23.0000 22.2342
23.0000 21.3901
23.0000 22.8095
23.0000 23.0084
23.0000 23.7125
23.0000 22.9561
23.0000 23.1600
23.0000 23.0831
23.0000 23.1818
23.0000 22.1761
23.0000 22.0047
23.0000 22.8105
23.0000 21.9371
23.0000 22.3615
23.0000 22.7452
23.0000 22.3657
23.0000 22.4224
23.0000 21.3764
23.0000 23.0429
23.0000 23.0511
23.0000 23.1783
23.0000 22.8179
23.0000 23.0657
23.0000 22.4690
23.0000 22.3179
23.0000 23.0696
23.0000 22.3284
23.0000 22.5446
23.0000 21.8969
23.0000 22.9496
23.0000 22.7303
23.0000 22.2835
23.0000 22.0892
23.0000 22.7617
23.0000 22.5666
23.0000 23.0938
23.0000 22.9705
23.0000 24.2399
23.0000 22.2587
23.0000 22.0407
23.0000 22.5161
23.0000 22.6280
23.0000 22.8928
23.0000 22.6023
23.0000 23.5771
23.0000 22.6126
23.0000 23.0840
23.0000 22.3829
23.0000 22.8011
23.0000 22.8493
23.0000 22.8531
23.0000 22.7024
23.0000 23.1446
23.0000 23.1016
23.0000 21.9013
23.0000 22.9770
23.0000 23.8604
23.0000 22.4135
23.0000 22.3334
23.0000 22.7539
23.0000 22.1405
23.0000 22.1299
23.0000 23.2571
23.0000 23.4031
23.0000 23.8533
23.0000 22.2972
23.0000 22.7745
23.0000 22.6135
23.0000 22.5826
23.0000 22.5702
23.0000 23.6271
23.0000 23.0145
23.0000 22.6141
23.0000 22.8111
23.0000 22.7494
23.0000 22.9888
23.0000 22.6354
23.0000 22.5484
23.0000 22.6215
23.0000 23.0228
23.0000 22.7766
23.0000 22.2596
23.0000 22.0707
23.0000 23.4554
23.0000 22.0152
23.0000 23.1071
23.0000 23.3972
23.0000 22.2272
23.0000 23.1993
23.0000 22.3819
23.0000 23.8624
23.0000 22.2246
23.0000 22.5412
23.0000 22.8038
23.0000 21.9292
23.0000 22.9542
23.0000 22.2631
23.0000 23.7066
23.0000 23.3531
23.0000 22.8810
23.0000 23.1585
23.0000 22.8109
23.0000 21.6197
23.0000 22.7144
23.0000 23.6233
23.0000 22.9338
23.0000 23.3806
23.0000 24.1738
23.0000 23.5834
23.0000 22.9131
23.0000 23.2746
23.0000 22.9126
23.0000 22.7134
23.0000 22.3741
23.0000 21.2005
23.0000 23.5998
23.0000 22.5981
23.0000 22.0504
23.0000 23.0616
23.0000 22.9535
23.0000 22.5790
23.0000 23.2503
23.0000 23.4125
23.0000 22.9322
23.0000 22.4515
23.0000 23.1270
23.0000 22.7970
23.0000 23.1399
23.0000 22.7213
23.0000 23.0155
23.0000 22.8691
23.0000 23.8376
23.0000 22.0676
23.0000 22.5002
23.0000 22.9034
23.0000 22.6458
23.0000 22.6445
23.0000 22.2247
23.0000 22.2594
23.0000 22.8110
23.0000 22.5434
23.0000 22.1661
23.0000 23.1180
23.0000 21.6884
23.0000 21.6141
23.0000 22.9670
23.0000 23.3677
23.0000 23.2685
23.0000 22.1881
23.0000 22.1284
23.0000 24.0046
23.0000 24.0988
23.0000 22.4081
23.0000 22.8425
23.0000 23.4934
23.0000 22.1238
23.0000 22.1427
23.0000 23.4000
23.0000 22.6091
23.0000 21.6005
23.0000 22.7918
23.0000 21.6378
23.0000 22.9705
23.0000 21.5884
23.0000 21.4313
23.0000 21.8184
23.0000 22.6212
23.0000 22.5656
23.0000 22.3454
23.0000 23.2806
23.0000 22.5994
23.0000 22.7290
23.0000 22.6396
23.0000 23.2177
23.0000 22.8119
23.0000 22.9379
23.0000 22.1051
23.0000 21.6314
23.0000 22.4333
23.0000 22.7940
23.0000 23.0466
23.0000 23.0252
23.0000 22.6050
23.0000 21.9733
23.0000 22.2304
23.0000 22.7252
23.0000 22.9459
23.0000 22.6294
23.0000 22.6537
23.0000 23.0655
23.0000 22.8294
23.0000 23.4467
23.0000 21.9462
23.0000 22.0319
23.0000 22.7172
23.0000 23.6447
23.0000 22.3461
23.0000 22.2996
23.0000 22.5466
23.0000 23.6848
23.0000 22.3964
23.0000 22.8585
23.0000 22.6559
23.0000 22.4449
23.0000 22.5835
23.0000 22.4755
23.0000 21.9804
23.0000 21.9105
23.0000 22.8870
23.0000 23.2716
23.0000 22.8704
23.0000 21.3119
23.0000 22.0975
23.0000 22.6724
23.0000 21.7410
23.0000 23.2215
23.0000 22.9189
23.0000 23.2670
23.0000 22.5570
23.0000 22.6648
23.0000 22.9395
23.0000 23.2818
23.0000 22.0978
23.0000 23.4202
23.0000 22.0973
23.0000 22.8782
23.0000 22.8263
23.0000 22.6822
23.0000 22.7391
23.0000 22.4809
23.0000 22.1804
23.0000 22.2246
23.0000 22.6988
23.0000 22.3738
23.0000 22.9201
23.0000 23.2107
23.0000 22.7172
23.0000 22.2311
23.0000 23.2222
23.0000 23.3942
23.0000 23.4014
23.0000 22.6842
23.0000 22.2686
23.0000 22.3240
23.0000 23.2620
23.0000 21.5811
23.0000 22.8926
23.0000 22.9389
23.0000 22.5015
23.0000 23.4705
23.0000 22.7152
23.0000 21.7558
23.0000 23.4821
23.0000 22.2723
23.0000 21.4716
23.0000 22.2682
23.0000 23.1828
23.0000 22.5838
23.0000 22.8005
23.0000 22.1921
23.0000 23.0273
23.0000 22.8703
23.0000 21.9636
23.0000 22.9857
23.0000 22.8366
23.0000 22.1056
23.0000 23.2985
23.0000 22.8853
23.0000 23.6855
23.0000 22.7095
23.0000 22.1608
23.0000 23.1248
23.0000 23.3718
23.0000 23.0609
23.0000 23.0648
23.0000 22.4131
23.0000 22.2311
23.0000 22.5291
23.0000 22.2833
23.0000 22.1058
23.0000 22.6719
23.0000 22.5219
23.0000 21.3892
23.0000 22.5652
23.0000 22.3592
23.0000 23.1658
23.0000 23.1868
23.0000 23.2340
23.0000 22.2538
23.0000 22.1595
23.0000 22.4923
23.0000 23.2246
23.0000 22.5499
23.0000 22.2178
23.0000 22.5715
23.0000 23.5236
23.0000 22.6990
23.0000 23.2908
23.0000 23.0068
23.0000 21.7362
23.0000 21.9498
23.0000 23.6683
23.0000 22.3685
23.0000 22.3025
23.0000 22.6205
23.0000 22.6881
23.0000 22.7154
23.0000 23.0350
23.0000 22.8585
23.0000 23.1485
23.0000 22.3931
23.0000 22.5996
23.0000 22.8502
23.0000 23.1142
23.0000 22.5750
23.0000 22.7739
23.0000 23.3215
23.0000 22.7744
23.0000 24.0147
23.0000 22.7502
23.0000 22.8114
23.0000 22.0564
23.0000 23.0008
23.0000 22.3251
23.0000 22.7590
23.0000 22.8241
23.0000 23.0819
23.0000 22.8304
23.0000 22.1582
23.0000 22.1957
23.0000 23.3373
23.0000 23.1772
23.0000 23.1118
23.0000 22.0943
23.0000 23.2240
23.0000 22.9351
23.0000 23.2607
23.0000 22.2192
23.0000 22.8890
23.0000 22.0597
23.0000 22.9645
23.0000 23.0102
23.0000 23.2019
23.0000 22.6237
23.0000 22.9517
23.0000 22.9986
23.0000 22.7247
23.0000 23.2777
23.0000 21.8000
23.0000 21.9882
23.0000 22.2135
23.0000 23.0428
23.0000 22.2521
23.0000 21.6708
23.0000 23.1036
23.0000 22.4592
23.0000 23.5623
23.0000 22.5216
23.0000 22.7133
23.0000 21.9636
23.0000 22.2591
23.0000 22.2933
23.0000 23.2356
23.0000 22.8380
23.0000 23.4756
23.0000 23.2556
23.0000 22.6335
23.0000 23.0622
23.0000 22.1839
23.0000 23.0223
23.0000 23.1227
23.0000 22.8244
23.0000 22.4214
23.0000 23.1616
23.0000 23.5486
23.0000 22.5686
23.0000 22.3183
23.0000 22.1102
23.0000 22.1903
23.0000 22.4324
23.0000 23.4483
23.0000 23.0726
23.0000 22.8159
23.0000 23.2853
23.0000 23.5422
23.0000 22.2670
23.0000 23.6645
23.0000 23.0643
23.0000 22.5634
23.0000 22.5278
23.0000 22.7140
23.0000 21.6783
23.0000 21.8477
23.0000 22.4441
23.0000 22.3616
23.0000 22.9702
23.0000 23.3811
23.0000 22.7853
23.0000 22.3725
23.0000 21.9222
23.0000 22.7508
23.0000 22.5845
23.0000 23.3246
23.0000 22.6286
23.0000 22.8117
23.0000 23.1909
23.0000 23.2988
23.0000 22.9759
23.0000 21.5597
23.0000 22.7899
23.0000 21.6593
23.0000 23.2369
23.0000 23.4792
23.0000 22.8652
23.0000 22.4647
23.0000 22.2986
23.0000 22.1344
23.0000 23.0907
23.0000 22.7642
23.0000 22.6521
23.0000 22.3046
23.0000 23.4548
23.0000 23.4323
23.0000 23.0270
23.0000 23.1709
23.0000 21.6981
23.0000 22.8325
23.0000 23.3628
23.0000 22.7270
23.0000 22.4737
23.0000 23.7223
23.0000 22.6149
23.0000 22.7046
23.0000 23.4896
23.0000 22.3486
23.0000 22.8171
23.0000 23.0487
23.0000 23.4798
23.0000 22.9533
23.0000 23.2329
23.0000 22.7300
23.0000 22.8987
23.0000 23.2180
23.0000 22.0167
23.0000 23.3242
23.0000 23.3713
23.0000 21.9550
23.0000 23.3855
23.0000 22.6676
23.0000 23.2888
23.0000 22.0307
23.0000 24.0327
23.0000 22.7161
23.0000 22.8722
23.0000 22.6283
23.0000 21.8597
23.0000 21.9103
23.0000 22.1934
23.0000 23.6035
23.0000 22.9419
23.0000 23.4381
23.0000 22.4012
23.0000 22.5098
23.0000 21.9313
23.0000 23.2207
23.0000 23.2209
23.0000 22.1812
23.0000 23.0789
23.0000 22.3705
23.0000 22.0811
23.0000 22.5619
23.0000 22.4840
23.0000 22.7924
23.0000 21.0655
23.0000 22.8350
23.0000 22.4421
23.0000 23.3610
23.0000 23.2035
23.0000 22.5605
23.0000 23.5146
23.0000 22.1383
23.0000 23.3678
23.0000 23.0078
23.0000 22.9928
23.0000 23.4216
23.0000 22.9315
23.0000 22.5424
23.0000 22.7096
23.0000 23.1247
23.0000 23.2361
23.0000 23.1809
23.0000 22.5172
23.0000 21.8837
23.0000 22.5623
23.0000 23.0359
23.0000 23.3053
23.0000 22.8684
23.0000 22.5597
23.0000 22.8533
23.0000 23.3800
23.0000 23.1549
23.0000 22.5145
23.0000 23.6357
23.0000 22.5817
23.0000 23.3054
23.0000 23.3822
23.0000 23.0251
23.0000 22.7702
23.0000 21.1391
23.0000 22.6375
23.0000 22.6215
23.0000 22.3575
23.0000 22.7377
23.0000 23.6001
23.0000 22.5157
23.0000 22.3081
23.0000 22.7656
23.0000 22.1736
23.0000 22.2429
23.0000 21.7766
23.0000 23.4000
23.0000 22.2482
23.0000 23.4206
23.0000 23.1630
23.0000 22.3555
23.0000 22.7451
23.0000 23.1404
23.0000 22.6022
23.0000 21.5432
23.0000 21.7017
23.0000 21.7460
23.0000 22.7876
23.0000 23.2632
23.0000 22.5599
23.0000 22.5653
23.0000 22.7885
23.0000 23.2232
23.0000 22.6693
23.0000 23.0055
23.0000 22.4879
23.0000 22.0091
23.0000 22.8130
23.0000 23.3703
23.0000 22.4676
23.0000 22.6449
23.0000 22.8896
23.0000 23.1475
23.0000 23.4944
23.0000 22.0636
23.0000 22.7905
23.0000 22.4278
23.0000 22.4308
23.0000 23.3168
23.0000 22.3430
23.0000 21.9719
23.0000 23.3505
23.0000 23.1555
23.0000 23.1129
23.0000 22.5654
23.0000 23.0158
23.0000 22.8023
23.0000 22.1411
23.0000 22.8150
23.0000 23.2681
23.0000 23.8400
23.0000 21.8792
23.0000 22.3914
23.0000 22.8311
23.0000 22.5919
23.0000 23.0394
23.0000 23.4165
23.0000 22.9740
23.0000 23.1500
23.0000 22.2967
23.0000 22.1560
23.0000 22.8694
23.0000 22.2356
23.0000 22.3078
23.0000 23.6437
23.0000 21.6750
23.0000 22.2185
23.0000 22.7988
23.0000 22.3851
23.0000 22.9983
23.0000 22.8300
23.0000 22.4327
23.0000 23.6836
23.0000 22.8738
23.0000 22.1785
23.0000 22.8428
23.0000 23.5539
23.0000 23.2720
23.0000 23.3110
23.0000 21.9778
23.0000 23.1036
23.0000 23.2440
23.0000 23.2342
23.0000 21.9366
23.0000 22.6459
23.0000 21.9957
23.0000 22.5977
23.0000 23.0581
23.0000 22.9588
23.0000 24.2647
23.0000 23.2101
23.0000 23.1555
23.0000 21.6024
23.0000 23.8065
23.0000 22.4037
23.0000 22.4888
23.0000 22.7482
23.0000 23.0824
23.0000 22.5611
23.0000 21.8026
23.0000 23.0509
23.0000 22.3060
23.0000 23.1191
23.0000 23.4094
23.0000 23.0673
23.0000 22.1200
23.0000 22.5171
23.0000 22.7799
23.0000 22.5107
23.0000 23.4394
23.0000 20.9399
23.0000 22.5548
23.0000 22.9445
23.0000 22.7773
23.0000 23.1851
23.0000 22.4610
23.0000 22.5655
23.0000 22.5678
23.0000 22.9306
23.0000 22.5904
23.0000 22.6109
23.0000 22.2384
23.0000 23.3389
23.0000 23.0328
23.0000 22.5878
23.0000 22.8862
23.0000 23.6199
23.0000 24.1601
23.0000 23.0461
23.0000 22.4899
23.0000 22.8076
23.0000 22.4905
23.0000 22.8824
23.0000 23.2092
23.0000 22.3515
23.0000 23.0539
23.0000 22.8160
23.0000 22.4040
23.0000 22.3102
23.0000 22.1164
23.0000 23.1434
23.0000 22.2013
23.0000 22.4482
23.0000 22.1870
23.0000 22.6109
23.0000 22.9758
23.0000 22.2579
23.0000 22.1832
23.0000 23.1557
23.0000 22.6249
23.0000 21.6640
23.0000 23.3050
23.0000 22.9084
23.0000 22.2570
23.0000 22.2163
23.0000 22.1613
23.0000 22.4812
23.0000 23.0763
23.0000 22.4255
23.0000 23.1796
23.0000 21.3476
23.0000 23.3755
23.0000 22.6737
23.0000 22.1005
23.0000 22.4917
23.0000 21.6499
23.0000 23.0105
23.0000 22.3674
23.0000 22.7050
23.0000 22.7238
23.0000 23.4482
23.0000 23.8503
23.0000 22.2699
23.0000 23.0859
23.0000 23.1403
23.0000 23.1962
23.0000 23.1650
23.0000 22.8064
23.0000 22.2027
23.0000 22.3733
23.0000 22.4436
23.0000 22.5370
23.0000 22.8268
23.0000 23.2720
23.0000 23.0831
23.0000 22.4255
23.0000 22.4913
23.0000 22.2422
23.0000 22.7165
23.0000 23.0410
23.0000 22.4274
23.0000 22.6458
23.0000 23.1484
23.0000 22.5986
23.0000 22.9715
23.0000 22.9553
23.0000 21.8823
23.0000 22.5068
23.0000 22.5272
23.0000 23.2067
23.0000 22.3387
23.0000 22.9837
23.0000 23.0088
23.0000 21.8036
23.0000 23.6534
23.0000 22.7539
23.0000 22.5717
23.0000 21.9827
23.0000 23.2866
23.0000 22.7652
23.0000 22.9182
23.0000 23.4336
23.0000 22.9036
23.0000 21.7868
23.0000 22.2666
23.0000 22.9224
23.0000 20.8574
23.0000 22.9147
23.0000 23.1412
23.0000 23.5471
23.0000 22.5690
23.0000 21.9997
23.0000 23.2832
23.0000 23.3680
23.0000 22.8720
23.0000 23.0075
23.0000 22.4897
23.0000 22.3837
23.0000 21.7481
23.0000 21.9365
23.0000 23.1889
23.0000 22.5889
23.0000 22.1303
23.0000 23.2285
23.0000 23.0615
23.0000 23.5270
23.0000 21.8739
23.0000 23.6139
23.0000 22.3871
23.0000 22.4466
23.0000 24.1731
23.0000 22.1641
23.0000 22.3418
23.0000 22.7133
23.0000 22.2285
23.0000 22.2709
23.0000 22.4856
23.0000 22.5779
23.0000 23.1954
23.0000 23.6394
23.0000 22.7551
23.0000 23.3104
23.0000 23.0918
23.0000 23.0818
23.0000 22.5952
23.0000 23.1011
23.0000 21.4399
23.0000 22.9795
23.0000 22.8841
23.0000 22.1999
23.0000 22.4593
23.0000 21.7603
23.0000 22.5418
23.0000 23.0721
23.0000 23.4021
23.0000 23.2869
23.0000 22.6761
23.0000 22.6582
23.0000 22.7665
23.0000 23.3598
23.0000 23.7278
23.0000 22.9158
23.0000 22.1853
23.0000 22.8344
23.0000 22.9403
23.0000 21.8774
23.0000 22.8052
23.0000 22.4674
23.0000 21.6332
23.0000 22.3162
23.0000 21.7356
23.0000 22.7424
23.0000 22.6483
23.0000 22.6992
23.0000 22.7254
23.0000 22.9521
23.0000 21.4098
23.0000 23.1388
23.0000 22.6053
23.0000 22.1425
23.0000 22.1717
23.0000 22.5396
23.0000 23.6755
23.0000 22.7461
23.0000 22.8854
23.0000 22.8612
23.0000 22.0721
23.0000 23.1231
23.0000 23.3199
23.0000 23.0047
23.0000 22.0376
23.0000 23.4554
23.0000 21.9089
23.0000 23.1084
23.0000 22.8802
23.0000 22.7215
23.0000 21.9264
23.0000 22.6435
23.0000 22.7453
23.0000 22.3178
23.0000 22.5213
23.0000 21.6678
23.0000 22.7474
23.0000 22.9801
23.0000 22.4424
23.0000 21.6187
23.0000 23.2890
23.0000 22.3411
23.0000 23.3978
23.0000 23.2866
23.0000 22.0620
23.0000 22.2757
23.0000 22.0508
23.0000 22.4268
23.0000 23.1008
23.0000 23.0438
23.0000 22.1949
23.0000 22.5558
23.0000 22.9844
23.0000 23.2907
23.0000 23.2726
23.0000 22.6036
23.0000 22.0846
23.0000 23.7826
23.0000 22.2784
23.0000 23.7815
23.0000 21.9333
23.0000 22.5937
23.0000 23.2665
23.0000 23.4621
23.0000 22.8052
23.0000 22.0813
23.0000 23.0150
23.0000 23.6008
23.0000 22.8737
23.0000 22.7259
23.0000 22.6487
23.0000 23.0892
23.0000 22.5436
23.0000 23.8881
23.0000 22.3003
23.0000 21.7355
23.0000 22.4127
23.0000 22.4294
23.0000 23.4920
23.0000 22.5876
23.0000 23.3224
23.0000 22.6401
23.0000 22.3499
23.0000 23.1778
23.0000 22.5418
23.0000 22.6391
23.0000 22.7561
23.0000 22.6653
23.0000 22.5262
23.0000 22.6153
23.0000 22.8021
23.0000 23.1000
23.0000 23.0525
23.0000 21.8086
23.0000 23.7276
23.0000 22.3111
23.0000 23.3009
23.0000 22.9484
23.0000 22.3145
23.0000 23.0217
23.0000 22.8645
23.0000 23.2200
23.0000 23.9237
23.0000 22.8676
23.0000 21.3259
23.0000 22.0176
23.0000 22.3389
23.0000 22.2279
23.0000 22.5681
23.0000 21.8540
23.0000 22.1929
23.0000 22.4995
23.0000 23.1712
23.0000 22.8477
23.0000 21.9707
23.0000 22.6302
23.0000 21.8691
23.0000 21.8774
23.0000 23.4193
23.0000 22.9244
23.0000 21.9293
23.0000 22.7254
23.0000 23.0666
23.0000 22.8122
23.0000 22.6662
23.0000 22.9008
23.0000 23.6180
23.0000 21.9403
23.0000 23.6425
23.0000 21.1792
23.0000 22.9073
23.0000 22.9265
23.0000 22.5145
23.0000 23.4771
23.0000 23.0935
23.0000 22.1632
23.0000 22.8032
23.0000 21.3587
23.0000 22.7160
23.0000 22.4415
23.0000 22.5905
23.0000 23.0252
23.0000 23.4608
23.0000 22.9182
23.0000 23.0385
23.0000 23.7820
23.0000 23.3663
23.0000 23.7762
23.0000 23.0256
23.0000 21.5632
23.0000 23.0598
23.0000 21.8254
23.0000 22.6609
23.0000 22.4160
23.0000 22.1956
23.0000 22.7988
23.0000 23.6000
23.0000 23.0238
23.0000 23.5424
23.0000 23.1179
23.0000 23.4521
23.0000 21.6623
23.0000 21.8657
23.0000 22.5781
23.0000 22.7135
23.0000 23.1121
23.0000 22.8922
23.0000 23.4716
23.0000 22.4385
23.0000 22.5562
23.0000 22.6528
23.0000 22.1406
23.0000 22.1394
23.0000 22.2733
23.0000 22.8007
23.0000 21.7686
23.0000 22.9983
23.0000 22.4429
23.0000 22.5606
23.0000 22.0026
23.0000 22.7097
23.0000 23.8302
23.0000 23.2163
23.0000 22.6103
23.0000 22.6462
23.0000 22.7530
23.0000 21.8035
23.0000 22.9831
23.0000 22.3697
23.0000 21.7354
23.0000 22.5079
23.0000 22.5908
23.0000 22.9720
23.0000 22.8578
23.0000 22.5838
23.0000 22.5363
23.0000 21.7405
23.0000 22.8357
23.0000 22.3350
23.0000 22.0593
23.0000 23.3090
23.0000 22.8144
23.0000 21.8750
23.0000 22.8311
23.0000 22.3496
23.0000 22.1552
23.0000 23.0006
23.0000 23.6976
23.0000 23.0150
23.0000 22.2309
23.0000 22.1155
23.0000 23.9736
23.0000 23.0886
23.0000 22.4745
23.0000 22.5866
23.0000 22.3092
23.0000 23.1609
23.0000 21.5189
23.0000 22.4069
23.0000 22.0074
23.0000 23.5658
23.0000 22.3270
23.0000 23.0861
23.0000 22.5185
23.0000 22.3958
23.0000 22.0342
23.0000 22.7900
23.0000 22.7006
23.0000 22.6868
23.0000 21.8700
23.0000 23.2809
23.0000 22.8095
23.0000 23.1318
23.0000 22.0078
23.0000 22.3392
23.0000 22.9922
23.0000 22.6584
23.0000 23.5484
23.0000 22.4928
23.0000 22.5976
23.0000 23.2320
23.0000 22.9408
23.0000 23.2316
23.0000 22.2437
23.0000 23.6057
23.0000 23.1250
23.0000 21.2963
23.0000 23.6129
23.0000 22.8271
23.0000 22.7074
23.0000 23.2139
23.0000 22.8638
23.0000 22.3226
23.0000 22.9250
23.0000 22.6562
23.0000 23.2826
23.0000 23.2915
23.0000 22.2057
23.0000 22.6491
23.0000 21.9687
23.0000 23.1042
23.0000 23.1709
23.0000 23.4886
23.0000 22.8606
23.0000 22.8915
23.0000 23.0783
23.0000 23.1954
23.0000 22.6187
23.0000 22.4996
23.0000 23.1349
23.0000 22.2089
23.0000 22.2308
23.0000 23.0169
23.0000 22.6797
23.0000 22.5260
23.0000 22.1089
23.0000 22.4122
23.0000 22.4713
23.0000 22.9763
23.0000 21.8333
23.0000 22.2448
23.0000 22.4233
23.0000 22.7320
23.0000 22.2654
23.0000 22.6556
23.0000 22.1856
23.0000 22.8223
23.0000 22.6023
23.0000 22.2030
23.0000 23.2304
23.0000 23.4155
23.0000 22.8932
23.0000 21.9603
23.0000 22.8739
23.0000 23.7725
23.0000 23.9396
23.0000 23.0469
23.0000 21.9547
23.0000 22.8629
23.0000 22.6935
23.0000 23.4660
23.0000 22.8046
23.0000 22.9863
23.0000 22.5309
23.0000 22.4008
23.0000 23.0116
23.0000 22.8245
23.0000 23.1095
23.0000 23.3835
