25.0000 146.8537
25.0000 134.3143
25.0000 133.1340
25.0000 148.4808
25.0000 118.7223
25.0000 159.6499
25.0000 145.3669
25.0000 120.0287
25.0000 164.6350
25.0000 126.6763
25.0000 153.3960
25.0000 163.8294
25.0000 134.5120
25.0000 137.7995
25.0000 152.8478
25.0000 110.5848
25.0000 151.5482
25.0000 145.5790
25.0000 128.7622
25.0000 121.4681
25.0000 170.4031
25.0000 120.5341
25.0000 140.1840
25.0000 110.5712
25.0000 131.2634
25.0000 132.5242
25.0000 141.5464
25.0000 139.8794
25.0000 127.5986
25.0000 99.2877
25.0000 127.3542
25.0000 106.7862
25.0000 136.4194
25.0000 121.5749
25.0000 81.9967
25.0000 101.6358
25.0000 66.7937
25.0000 163.6998
25.0000 99.7915
25.0000 144.6441
25.0000 126.7367
25.0000 107.3903
25.0000 119.5559
25.0000 142.0385
25.0000 140.9452
25.0000 94.7057
25.0000 145.8797
25.0000 145.9342
25.0000 134.1135
25.0000 153.4265
25.0000 172.8610
25.0000 124.5454
25.0000 172.3477
25.0000 151.8487
25.0000 71.9206
25.0000 160.4854
25.0000 119.9992
25.0000 107.5270
25.0000 138.9979
25.0000 101.2871
25.0000 148.9285
25.0000 125.2288
25.0000 154.1243
25.0000 156.1817
25.0000 127.3460
25.0000 139.5846
25.0000 142.5722
25.0000 146.4811
25.0000 132.4307
25.0000 143.7205
25.0000 114.7520
25.0000 125.3901
25.0000 147.6693
25.0000 149.7087
25.0000 159.0014
25.0000 119.8318
25.0000 155.0668
25.0000 147.6569
25.0000 145.4734
25.0000 163.9922
25.0000 130.1096
25.0000 162.0952
25.0000 134.9708
25.0000 124.4587
25.0000 103.1595
25.0000 101.2091
25.0000 150.0716
25.0000 93.6815
25.0000 127.7380
25.0000 106.7061
25.0000 166.3199
25.0000 165.1069
25.0000 105.5100
25.0000 134.9673
25.0000 144.8165
25.0000 134.6204
25.0000 145.4341
25.0000 101.2898
25.0000 133.7468
25.0000 137.2721
25.0000 103.3376
25.0000 145.1730
25.0000 120.6262
25.0000 123.4735
25.0000 151.3133
25.0000 167.7237
25.0000 106.7324
25.0000 150.6224
25.0000 132.4582
25.0000 135.4776
25.0000 123.8786
25.0000 159.5982
25.0000 104.4483
25.0000 152.1286
25.0000 123.8976
25.0000 107.7168
25.0000 169.4337
25.0000 149.9986
25.0000 161.4601
25.0000 135.7929
25.0000 136.3193
25.0000 118.2425
25.0000 141.4775
25.0000 174.1487
25.0000 138.7496
25.0000 159.1886
25.0000 127.2573
25.0000 148.4842
25.0000 155.6837
25.0000 167.4440
25.0000 104.5254
25.0000 155.8302
25.0000 150.8321
25.0000 115.4404
25.0000 125.3353
25.0000 104.5133
25.0000 137.8563
25.0000 114.1269
25.0000 119.5425
25.0000 120.8291
25.0000 178.5351
25.0000 114.8602
25.0000 121.9425
25.0000 165.1518
25.0000 106.4441
25.0000 154.3587
25.0000 143.0631
25.0000 155.1164
25.0000 127.7310
25.0000 147.5272
25.0000 153.7189
25.0000 103.1379
25.0000 162.2700
25.0000 159.6381
25.0000 168.5758
25.0000 112.5475
25.0000 116.6272
25.0000 119.2870
25.0000 142.1654
25.0000 156.8866
25.0000 163.5300
25.0000 130.1406
25.0000 133.6059
25.0000 153.5591
25.0000 156.6173
25.0000 113.2486
25.0000 126.1790
25.0000 138.8144
25.0000 140.8987
25.0000 129.3493
25.0000 107.4458
25.0000 169.1615
25.0000 179.4040
25.0000 114.2346
25.0000 173.1423
25.0000 130.3659
25.0000 134.5718
25.0000 111.2422
25.0000 134.8490
25.0000 152.0300
25.0000 133.4167
25.0000 121.7856
25.0000 100.1856
25.0000 130.5856
25.0000 155.4939
25.0000 129.8789
25.0000 134.8297
25.0000 147.4672
25.0000 171.8629
25.0000 149.3373
25.0000 77.4668
25.0000 142.4481
25.0000 143.8505
25.0000 162.9160
25.0000 118.6444
25.0000 144.2237
25.0000 156.7806
25.0000 112.2723
25.0000 102.2364
25.0000 112.5410
25.0000 135.4172
25.0000 147.3436
25.0000 120.0502
25.0000 120.1839
25.0000 116.0463
25.0000 102.6653
25.0000 132.8138
25.0000 156.5748
25.0000 145.1811
25.0000 138.0054
25.0000 153.4628
25.0000 149.3996
25.0000 160.5824
25.0000 118.0576
25.0000 167.7401
25.0000 169.9193
25.0000 150.5776
25.0000 95.8358
25.0000 116.8484
25.0000 139.0792
25.0000 159.8385
25.0000 148.4603
25.0000 157.3713
25.0000 163.6694
25.0000 144.7485
25.0000 114.5994
25.0000 159.7330
25.0000 125.3469
25.0000 140.3187
25.0000 121.0646
25.0000 179.4040
25.0000 158.3498
25.0000 134.2698
25.0000 168.2424
25.0000 109.5487
25.0000 116.1774
25.0000 149.9692
25.0000 151.5373
25.0000 108.9701
25.0000 123.2272
25.0000 155.1979
25.0000 174.7436
25.0000 131.0569
25.0000 142.7251
25.0000 137.9656
25.0000 144.2775
25.0000 158.8075
25.0000 144.9699
25.0000 128.1225
25.0000 140.4109
25.0000 133.3539
25.0000 120.4022
25.0000 133.8414
25.0000 101.7655
25.0000 77.6219
25.0000 128.8628
25.0000 112.4426
25.0000 151.1028
25.0000 143.2479
25.0000 119.1486
25.0000 119.2919
25.0000 154.3586
25.0000 138.4267
25.0000 162.3229
25.0000 116.6413
25.0000 104.0964
25.0000 142.7727
25.0000 156.9350
25.0000 103.0057
25.0000 103.8289
25.0000 132.2832
25.0000 148.8683
25.0000 124.2056
25.0000 147.9806
25.0000 99.6545
25.0000 158.2533
25.0000 82.9630
25.0000 144.5775
25.0000 147.3657
25.0000 79.8224
25.0000 127.8554
25.0000 172.8855
25.0000 150.0591
25.0000 153.9476
25.0000 155.6311
25.0000 153.4119
25.0000 162.8212
25.0000 147.1480
25.0000 158.9380
25.0000 89.3792
25.0000 141.8056
25.0000 154.9481
25.0000 154.2477
25.0000 129.8350
25.0000 112.5880
25.0000 156.0751
25.0000 137.4699
25.0000 121.2947
25.0000 99.7480
25.0000 175.3806
25.0000 148.5117
25.0000 138.3275
25.0000 147.5413
25.0000 156.7579
25.0000 90.8007
25.0000 138.8494
25.0000 98.5015
25.0000 145.7395
25.0000 167.6791
25.0000 152.9709
25.0000 127.6822
25.0000 166.5960
25.0000 153.7735
25.0000 122.6478
25.0000 134.1193
25.0000 170.2228
25.0000 135.4095
25.0000 110.3617
25.0000 141.1681
25.0000 101.4289
25.0000 151.5547
25.0000 148.0704
25.0000 161.1305
25.0000 113.5289
25.0000 145.7538
25.0000 128.4279
25.0000 113.5222
25.0000 130.6647
25.0000 157.4326
25.0000 97.7034
25.0000 120.1481
25.0000 135.9442
25.0000 146.6931
25.0000 124.1697
25.0000 158.1406
25.0000 127.2148
25.0000 111.6605
25.0000 150.2650
25.0000 125.1664
25.0000 171.4869
25.0000 138.6735
25.0000 168.8016
25.0000 162.4349
25.0000 119.2955
25.0000 161.8285
25.0000 109.0986
25.0000 120.9661
25.0000 161.6644
25.0000 119.3692
25.0000 168.6121
25.0000 158.9500
25.0000 173.0464
25.0000 168.2113
25.0000 174.4810
25.0000 120.8385
25.0000 150.9670
25.0000 140.1995
25.0000 144.8263
25.0000 120.1691
25.0000 153.0779
25.0000 151.0365
25.0000 156.4754
25.0000 131.1076
25.0000 165.8264
25.0000 148.9395
25.0000 174.7082
25.0000 170.9370
25.0000 130.9277
25.0000 102.7006
25.0000 154.9302
25.0000 164.7433
25.0000 143.3618
25.0000 143.2797
25.0000 152.8778
25.0000 166.8230
25.0000 125.6113
25.0000 145.8953
25.0000 148.5323
25.0000 162.3041
25.0000 172.0327
25.0000 99.6522
25.0000 97.0690
25.0000 112.7022
25.0000 110.2931
25.0000 146.3759
25.0000 158.3527
25.0000 167.7494
25.0000 146.8543
25.0000 125.3749
25.0000 148.9539
25.0000 133.8496
25.0000 152.0279
25.0000 92.9848
25.0000 104.7577
25.0000 149.7983
25.0000 107.5111
25.0000 142.0764
25.0000 133.6056
25.0000 148.0108
25.0000 138.6713
25.0000 123.2691
25.0000 155.7399
25.0000 143.8617
25.0000 109.6331
25.0000 117.7834
25.0000 170.0052
25.0000 151.4855
25.0000 163.0579
25.0000 166.3793
25.0000 126.5675
25.0000 107.0518
25.0000 146.7581
25.0000 115.8492
25.0000 149.6712
25.0000 174.6940
25.0000 148.3260
25.0000 118.9670
25.0000 159.5555
25.0000 125.0471
25.0000 124.3434
25.0000 163.1673
25.0000 177.0476
25.0000 163.2776
25.0000 125.7863
25.0000 105.2010
25.0000 155.6137
25.0000 158.1656
25.0000 95.5100
25.0000 149.7382
25.0000 97.9391
25.0000 131.8872
25.0000 138.1584
25.0000 129.8605
25.0000 110.1364
25.0000 163.8632
25.0000 111.5433
25.0000 119.7181
25.0000 95.3023
25.0000 147.1252
25.0000 113.3085
25.0000 109.1424
25.0000 158.1612
25.0000 102.8582
25.0000 133.6571
25.0000 107.3043
25.0000 153.2676
25.0000 136.4031
25.0000 115.8734
25.0000 114.0497
25.0000 126.7498
25.0000 127.1248
25.0000 115.6663
25.0000 106.3598
25.0000 122.7917
25.0000 141.0289
25.0000 131.1916
25.0000 91.9642
25.0000 106.6789
25.0000 131.4578
25.0000 123.6039
25.0000 165.6401
25.0000 169.3247
25.0000 167.3223
25.0000 77.2787
25.0000 121.8623
25.0000 158.9479
25.0000 161.9413
25.0000 146.8040
25.0000 169.9122
25.0000 159.3368
25.0000 149.0732
25.0000 133.3438
25.0000 124.6019
25.0000 136.1418
25.0000 96.5706
25.0000 119.9877
25.0000 169.4688
25.0000 139.2691
25.0000 105.7060
25.0000 122.9925
25.0000 145.3383
25.0000 160.8597
25.0000 112.4531
25.0000 170.9779
25.0000 98.7091
25.0000 168.1420
25.0000 135.4798
25.0000 151.3532
25.0000 135.7732
25.0000 127.1187
25.0000 121.2838
25.0000 83.2949
25.0000 152.5987
25.0000 101.7876
25.0000 121.8870
25.0000 142.7036
25.0000 126.6094
25.0000 90.3121
25.0000 162.2431
25.0000 167.1632
25.0000 106.5832
25.0000 129.2197
25.0000 131.6371
25.0000 138.3655
25.0000 138.0664
25.0000 157.9500
25.0000 155.9712
25.0000 171.3702
25.0000 166.0347
25.0000 125.2702
25.0000 128.7964
25.0000 107.7360
25.0000 131.7167
25.0000 109.3464
25.0000 141.7898
25.0000 170.8617
25.0000 151.7267
25.0000 148.8782
25.0000 135.0569
25.0000 131.0556
25.0000 131.3563
25.0000 167.5379
25.0000 167.2736
25.0000 166.2987
25.0000 150.8677
25.0000 140.0281
25.0000 165.7369
25.0000 150.5914
25.0000 163.2545
25.0000 166.3372
25.0000 116.8116
25.0000 166.1174
25.0000 123.9191
25.0000 73.5014
25.0000 145.0351
25.0000 123.0861
25.0000 168.6295
25.0000 116.6526
25.0000 123.0529
25.0000 159.0843
25.0000 135.2319
25.0000 167.7424
25.0000 138.8360
25.0000 131.7900
25.0000 146.9606
25.0000 121.7173
25.0000 144.4138
25.0000 146.9709
25.0000 140.8197
25.0000 154.1282
25.0000 112.7119
25.0000 177.6229
25.0000 88.2716
25.0000 150.2763
25.0000 102.0318
25.0000 167.8985
25.0000 102.9554
25.0000 148.1520
25.0000 164.2252
25.0000 130.9504
25.0000 139.5153
25.0000 132.2409
25.0000 124.8552
25.0000 106.6647
25.0000 138.6767
25.0000 132.5331
25.0000 155.9920
25.0000 146.2993
25.0000 117.7774
25.0000 126.0003
25.0000 135.1302
25.0000 56.3892
25.0000 134.4104
25.0000 152.9512
25.0000 148.5709
25.0000 151.9462
25.0000 142.2527
25.0000 122.2622
25.0000 143.9602
25.0000 153.0097
25.0000 90.6681
25.0000 116.9916
25.0000 129.0159
25.0000 119.0846
25.0000 107.9823
25.0000 160.6646
25.0000 124.0552
25.0000 157.4870
25.0000 161.7386
25.0000 165.4051
25.0000 115.8815
25.0000 165.3832
25.0000 163.0193
25.0000 121.5238
25.0000 174.1981
25.0000 151.5325
25.0000 113.8607
25.0000 172.8150
25.0000 112.1557
25.0000 163.9723
25.0000 157.0325
25.0000 154.3642
25.0000 123.2005
25.0000 152.3233
25.0000 147.1791
25.0000 112.0343
25.0000 168.3126
25.0000 134.4451
25.0000 140.8180
25.0000 107.2995
25.0000 140.7816
25.0000 164.4535
25.0000 151.5325
25.0000 135.1088
25.0000 141.0892
25.0000 114.8228
25.0000 134.8791
25.0000 126.7080
25.0000 146.7023
25.0000 105.5155
25.0000 152.6858
25.0000 147.9094
25.0000 146.5427
25.0000 98.9057
25.0000 139.4982
25.0000 148.8743
25.0000 137.9959
25.0000 129.8545
25.0000 125.1013
25.0000 140.6618
25.0000 146.8013
25.0000 165.8054
25.0000 84.2687
25.0000 158.8418
25.0000 151.6459
25.0000 117.5507
25.0000 122.2677
25.0000 127.4217
25.0000 168.5512
25.0000 123.1349
25.0000 136.2225
25.0000 144.5398
25.0000 161.9741
25.0000 130.7920
25.0000 130.5936
25.0000 133.5720
25.0000 153.7103
25.0000 143.4128
25.0000 141.4254
25.0000 165.7578
25.0000 150.0823
25.0000 147.6884
25.0000 140.7319
25.0000 149.5245
25.0000 164.3693
25.0000 117.5710
25.0000 129.2687
25.0000 105.4453
25.0000 145.2650
25.0000 115.2896
25.0000 150.0556
25.0000 121.7750
25.0000 111.3871
25.0000 115.2695
25.0000 137.4276
25.0000 171.3798
25.0000 138.9103
25.0000 122.5026
25.0000 152.4806
25.0000 130.0468
25.0000 177.5248
25.0000 141.1210
25.0000 127.1207
25.0000 135.6277
25.0000 174.1780
25.0000 152.8136
25.0000 167.5493
25.0000 171.7925
25.0000 81.6414
25.0000 132.6953
25.0000 167.7290
25.0000 136.4675
25.0000 115.6053
25.0000 134.9150
25.0000 137.0660
25.0000 154.6728
25.0000 119.7647
25.0000 150.3348
25.0000 108.9506
25.0000 147.7044
25.0000 128.0707
25.0000 146.0651
25.0000 113.3065
25.0000 144.8401
25.0000 141.9783
25.0000 127.7454
25.0000 110.5385
25.0000 137.8423
25.0000 172.0583
25.0000 162.0465
25.0000 147.6786
25.0000 171.0731
25.0000 170.9256
25.0000 108.9603
25.0000 144.7579
25.0000 120.7189
25.0000 133.6673
25.0000 129.0988
25.0000 154.0351
25.0000 140.7779
25.0000 164.4010
25.0000 139.7841
25.0000 118.1901
25.0000 170.4252
25.0000 161.9553
25.0000 110.7404
25.0000 164.1088
25.0000 162.0404
25.0000 144.6575
25.0000 115.5931
25.0000 122.6794
25.0000 140.0832
25.0000 151.9323
25.0000 118.5345
25.0000 102.2968
25.0000 136.5458
25.0000 148.9960
25.0000 113.5655
25.0000 152.2206
25.0000 156.3064
25.0000 152.7115
25.0000 98.7617
25.0000 107.3542
25.0000 164.0887
25.0000 138.7066
25.0000 148.0382
25.0000 151.2981
25.0000 124.0282
25.0000 134.8451
25.0000 161.4090
25.0000 151.6360
25.0000 129.6284
25.0000 154.1525
25.0000 171.5346
25.0000 169.4223
25.0000 114.5475
25.0000 99.7855
25.0000 130.3073
25.0000 160.0604
25.0000 99.0576
25.0000 143.4477
25.0000 124.9745
25.0000 131.1455
25.0000 123.3564
25.0000 145.2169
25.0000 155.1354
25.0000 148.7738
25.0000 110.2020
25.0000 155.0834
25.0000 82.0434
25.0000 114.0767
25.0000 164.2665
25.0000 124.3389
25.0000 120.5848
25.0000 139.4886
25.0000 124.8503
25.0000 127.1610
25.0000 113.1942
25.0000 133.0587
25.0000 158.4439
25.0000 125.1695
25.0000 168.7851
25.0000 155.3984
25.0000 98.0617
25.0000 129.4624
25.0000 140.2072
25.0000 130.0194
25.0000 166.6355
25.0000 132.7307
25.0000 146.2786
25.0000 166.7084
25.0000 103.0734
25.0000 153.5355
25.0000 128.3474
25.0000 147.2722
25.0000 133.1422
25.0000 150.9399
25.0000 161.2424
25.0000 146.8214
25.0000 142.5415
25.0000 124.7401
25.0000 107.1380
25.0000 116.4664
25.0000 174.6943
25.0000 149.1012
25.0000 133.9875
25.0000 137.6582
25.0000 171.7214
25.0000 108.7222
25.0000 143.5999
25.0000 156.1397
25.0000 126.8226
25.0000 148.7907
25.0000 150.4756
25.0000 156.6422
25.0000 162.8686
25.0000 149.9714
25.0000 111.4837
25.0000 142.8802
25.0000 142.1687
25.0000 151.3570
25.0000 137.9719
25.0000 111.2630
25.0000 146.9600
25.0000 137.8378
25.0000 111.4939
25.0000 120.6297
25.0000 131.1992
25.0000 122.8903
25.0000 135.8579
25.0000 108.5924
25.0000 124.0836
25.0000 155.1532
25.0000 164.1625
25.0000 152.9959
25.0000 132.4320
25.0000 104.7722
25.0000 161.2686
25.0000 160.0298
25.0000 129.7901
25.0000 133.1932
25.0000 137.9824
25.0000 169.2012
25.0000 133.8304
25.0000 151.1519
25.0000 153.2377
25.0000 120.2854
25.0000 173.6864
25.0000 121.2781
25.0000 161.1152
25.0000 87.8393
25.0000 148.5796
25.0000 161.7440
25.0000 141.4726
25.0000 152.2754
25.0000 102.9659
25.0000 142.2422
25.0000 164.5749
25.0000 163.2996
25.0000 165.9294
25.0000 132.4764
25.0000 124.3418
25.0000 152.2989
25.0000 176.9683
25.0000 144.9584
25.0000 137.7230
25.0000 121.2736
25.0000 120.4605
25.0000 164.4667
25.0000 155.7296
25.0000 111.0882
25.0000 117.7363
25.0000 135.8116
25.0000 105.1288
25.0000 113.7073
25.0000 169.6160
25.0000 112.0173
25.0000 168.4486
25.0000 142.2190
25.0000 168.9574
25.0000 134.4177
25.0000 167.0177
25.0000 138.8676
25.0000 109.6487
25.0000 166.1572
25.0000 136.7702
25.0000 157.8075
25.0000 77.5021
25.0000 126.0857
25.0000 151.3510
25.0000 132.5195
25.0000 147.8516
25.0000 136.7596
25.0000 73.1551
25.0000 164.9933
25.0000 136.5783
25.0000 130.1857
25.0000 138.2347
25.0000 117.0038
25.0000 158.4504
25.0000 135.4631
25.0000 98.6235
25.0000 121.6677
25.0000 104.0795
25.0000 153.2531
25.0000 132.1785
25.0000 144.5619
25.0000 169.1538
25.0000 132.4295
25.0000 155.1063
25.0000 143.6518
25.0000 171.6379
25.0000 153.8804
25.0000 173.5602
25.0000 140.9121
25.0000 142.4294
25.0000 101.6426
25.0000 151.8131
25.0000 155.2902
25.0000 76.8093
25.0000 116.8929
25.0000 160.9461
25.0000 124.7756
25.0000 158.5998
25.0000 147.7909
25.0000 154.6207
25.0000 133.5052
25.0000 173.8227
25.0000 139.6380
25.0000 148.3053
25.0000 178.3218
25.0000 141.5340
25.0000 127.0907
25.0000 130.1301
25.0000 164.4884
25.0000 97.0740
25.0000 149.1704
25.0000 139.0863
25.0000 133.6567
25.0000 166.5911
25.0000 169.1436
25.0000 127.0313
25.0000 162.8075
25.0000 149.4897
25.0000 134.1946
25.0000 169.0423
25.0000 132.1406
25.0000 156.8553
25.0000 156.5218
25.0000 129.5659
25.0000 128.9306
25.0000 112.5618
25.0000 125.1484
25.0000 129.3048
25.0000 112.5527
25.0000 162.1034
25.0000 150.7194
25.0000 170.6995
25.0000 118.6639
25.0000 150.5427
25.0000 136.5630
25.0000 120.8331
25.0000 114.8674
25.0000 129.7315
25.0000 172.6225
25.0000 127.0172
25.0000 124.8757
25.0000 149.5863
25.0000 132.0046
25.0000 147.8023
25.0000 152.3565
25.0000 129.0608
25.0000 160.5527
25.0000 167.4629
25.0000 128.2633
25.0000 163.5378
25.0000 152.6181
25.0000 163.1506
25.0000 92.2919
25.0000 131.4901
25.0000 171.1832
25.0000 168.7806
25.0000 133.0732
25.0000 129.9057
25.0000 157.1569
25.0000 122.3968
25.0000 120.1023
25.0000 138.6232
25.0000 137.7315
25.0000 121.8277
25.0000 164.8760
25.0000 144.4923
25.0000 148.8589
25.0000 117.5636
25.0000 121.2461
25.0000 98.5490
25.0000 150.9629
25.0000 118.5390
25.0000 103.2774
25.0000 135.6055
25.0000 135.7156
25.0000 146.6955
25.0000 131.7784
25.0000 163.8221
25.0000 147.4051
25.0000 137.4547
25.0000 77.3368
25.0000 127.8586
25.0000 164.0081
25.0000 135.7578
25.0000 123.8885
25.0000 160.5055
25.0000 148.4028
25.0000 104.7202
25.0000 149.6067
25.0000 118.1728
25.0000 114.6572
25.0000 104.0995
25.0000 159.6424
25.0000 114.6393
25.0000 87.6374
25.0000 152.4739
25.0000 100.7174
25.0000 112.9863
25.0000 131.2906
25.0000 137.3896
25.0000 144.0268
25.0000 124.2419
25.0000 161.9174
25.0000 75.9491
25.0000 153.7089
25.0000 112.7695
25.0000 124.4962
25.0000 123.2948
25.0000 148.5609
25.0000 156.2955
25.0000 128.4857
25.0000 131.1183
25.0000 137.6977
25.0000 150.2980
25.0000 93.9818
25.0000 153.0339
25.0000 150.3894
25.0000 135.8229
25.0000 145.5419
25.0000 154.0673
25.0000 127.9127
25.0000 104.3453
25.0000 97.7063
25.0000 144.4481
25.0000 92.1033
25.0000 146.1272
25.0000 136.0557
25.0000 134.2820
25.0000 153.2623
25.0000 154.2047
25.0000 94.0207
25.0000 150.7352
25.0000 156.6534
25.0000 126.6118
25.0000 116.0413
25.0000 128.8471
25.0000 155.5411
25.0000 143.9583
25.0000 143.0004
25.0000 95.8917
25.0000 174.7893
25.0000 150.4924
25.0000 166.1171
25.0000 124.1295
25.0000 143.0915
25.0000 138.9689
25.0000 178.4433
25.0000 161.8075
25.0000 156.8113
25.0000 133.2326
25.0000 149.6614
25.0000 114.6925
25.0000 161.8559
25.0000 114.4054
25.0000 161.1925
25.0000 132.7588
25.0000 103.8838
25.0000 157.2267
25.0000 158.0979
25.0000 127.4900
25.0000 117.4149
25.0000 105.4601
25.0000 109.9733
25.0000 127.7140
25.0000 131.9923
25.0000 121.5013
25.0000 151.4658
25.0000 158.7571
25.0000 157.5231
25.0000 91.9181
25.0000 141.5608
25.0000 146.4375
25.0000 120.4240
25.0000 159.7775
25.0000 132.1254
25.0000 134.2676
25.0000 108.6499
25.0000 126.4766
25.0000 158.8005
25.0000 153.4722
25.0000 168.1486
25.0000 162.7609
25.0000 120.2809
25.0000 135.6318
25.0000 151.3145
25.0000 121.3570
25.0000 123.4391
25.0000 144.9105
25.0000 130.7621
25.0000 97.8632
25.0000 142.5782
25.0000 151.7684
25.0000 114.2882
25.0000 111.6513
25.0000 136.8951
25.0000 166.4430
25.0000 112.3186
25.0000 130.4413
25.0000 148.0288
25.0000 130.0261
25.0000 131.7613
25.0000 106.0844
25.0000 147.8501
25.0000 118.0613
25.0000 77.0433
25.0000 140.5147
25.0000 136.4969
25.0000 126.8716
25.0000 127.3321
25.0000 143.7889
25.0000 128.8709
25.0000 89.6783
25.0000 166.2584
25.0000 128.0681
25.0000 63.6071
25.0000 128.6349
25.0000 122.1944
25.0000 136.1944
25.0000 136.2890
25.0000 159.2521
25.0000 151.8589
25.0000 127.0914
25.0000 132.4356
25.0000 113.5522
25.0000 171.3613
25.0000 131.3793
25.0000 110.2931
25.0000 146.5543
25.0000 91.2401
25.0000 147.7610
25.0000 144.3779
25.0000 140.1077
25.0000 130.5558
25.0000 160.8626
25.0000 143.1266
25.0000 102.8697
25.0000 124.4979
25.0000 137.8159
25.0000 164.7875
25.0000 86.5642
25.0000 128.8330
25.0000 147.2064
25.0000 146.3382
25.0000 133.6510
25.0000 95.0011
25.0000 142.5141
25.0000 131.1840
25.0000 136.5460
25.0000 111.7898
25.0000 92.5548
25.0000 120.6114
25.0000 130.6100
25.0000 148.4687
25.0000 178.0681
25.0000 92.7519
25.0000 125.7951
25.0000 156.7704
25.0000 153.5998
25.0000 130.8320
25.0000 134.6605
25.0000 176.3329
25.0000 174.0789
25.0000 130.9470
25.0000 151.5331
25.0000 124.8301
25.0000 131.8839
25.0000 97.2191
25.0000 147.7140
25.0000 146.5955
25.0000 139.0897
25.0000 162.5339
25.0000 125.5373
25.0000 151.3686
25.0000 111.1796
25.0000 81.6289
25.0000 143.1457
25.0000 132.8040
25.0000 127.9161
25.0000 93.0389
25.0000 137.2950
25.0000 116.8869
25.0000 153.5519
25.0000 134.3790
25.0000 122.7818
25.0000 116.1356
25.0000 153.3141
25.0000 105.9108
25.0000 97.7692
25.0000 145.6697
25.0000 152.3994
25.0000 165.4764
25.0000 151.8322
25.0000 115.2033
25.0000 129.2902
25.0000 102.5631
25.0000 114.3358
25.0000 127.9763
25.0000 95.8084
25.0000 146.9848
25.0000 119.4194
25.0000 129.3006
25.0000 132.7945
25.0000 157.5475
25.0000 96.5746
25.0000 143.6942
25.0000 147.6099
25.0000 159.4612
25.0000 115.2679
25.0000 119.7316
25.0000 150.9580
25.0000 126.4955
25.0000 148.0541
25.0000 118.1800
25.0000 122.6990
25.0000 144.9829
25.0000 115.7452
25.0000 86.0239
25.0000 138.4474
25.0000 134.9565
25.0000 133.5071
25.0000 103.0957
25.0000 147.0452
25.0000 145.1439
25.0000 160.5193
25.0000 133.4588
25.0000 146.6502
25.0000 131.6559
25.0000 146.4884
25.0000 157.8256
25.0000 158.5883
25.0000 175.8552
25.0000 114.2355
25.0000 117.2619
25.0000 156.8585
25.0000 100.2427
25.0000 149.2028
25.0000 131.0478
25.0000 163.0355
25.0000 155.5703
25.0000 141.1335
25.0000 134.4729
25.0000 129.7130
25.0000 174.2126
25.0000 126.5470
25.0000 164.3373
25.0000 177.5229
25.0000 151.8015
25.0000 131.9518
25.0000 118.5431
25.0000 135.7562
25.0000 105.1684
25.0000 122.3029
25.0000 139.2957
25.0000 151.6112
25.0000 161.8356
25.0000 160.6929
25.0000 176.1276
25.0000 96.6820
25.0000 97.8533
25.0000 146.1634
25.0000 157.0437
25.0000 159.3431
25.0000 160.4217
25.0000 169.8190
25.0000 165.4053
25.0000 149.5313
25.0000 146.9565
25.0000 143.2558
25.0000 162.7769
25.0000 166.2267
25.0000 171.4454
25.0000 138.7517
25.0000 135.9785
25.0000 152.5789
25.0000 137.0713
25.0000 138.7835
25.0000 119.4023
25.0000 176.3183
25.0000 98.8482
25.0000 156.7482
25.0000 132.1065
25.0000 166.5888
25.0000 129.9644
25.0000 146.1626
25.0000 132.3230
25.0000 155.2060
25.0000 122.2866
25.0000 109.0179
25.0000 138.2294
25.0000 152.3459
25.0000 116.8686
25.0000 97.0737
25.0000 168.3320
25.0000 113.8180
25.0000 133.8509
25.0000 164.9962
25.0000 133.6405
25.0000 167.0345
25.0000 130.5585
25.0000 143.3369
25.0000 140.3266
25.0000 129.8327
25.0000 149.4835
25.0000 155.9412
25.0000 116.4000
25.0000 144.6856
25.0000 147.2059
25.0000 107.0925
25.0000 147.2139
25.0000 158.8335
25.0000 149.0297
25.0000 113.0997
25.0000 144.5896
25.0000 158.5932
25.0000 98.0833
25.0000 147.1861
25.0000 106.5361
25.0000 147.6672
25.0000 136.9576
25.0000 160.8297
25.0000 120.1583
25.0000 118.0551
25.0000 125.0774
25.0000 130.0222
25.0000 153.1157
25.0000 153.7505
25.0000 111.3516
25.0000 104.2980
25.0000 128.6321
25.0000 170.6534
25.0000 167.8553
25.0000 136.3470
25.0000 120.3683
25.0000 140.3572
25.0000 122.3358
25.0000 126.2060
25.0000 178.9560
25.0000 149.3719
25.0000 164.0373
25.0000 152.4715
25.0000 168.4546
25.0000 137.1548
25.0000 107.6885
25.0000 150.4379
25.0000 99.3299
25.0000 128.2132
25.0000 122.5766
25.0000 161.1449
25.0000 151.3067
25.0000 156.7940
25.0000 123.5392
25.0000 158.6281
25.0000 146.2544
25.0000 108.0705
25.0000 145.8080
25.0000 102.2786
25.0000 155.6807
25.0000 162.2506
25.0000 126.6783
25.0000 113.5525
25.0000 125.4481
25.0000 127.7217
25.0000 109.8655
25.0000 150.5792
25.0000 114.8268
25.0000 152.6004
25.0000 125.6550
25.0000 136.2386
25.0000 93.7537
25.0000 102.2309
25.0000 125.0770
25.0000 157.5561
25.0000 133.8674
25.0000 164.6723
25.0000 164.4432
25.0000 156.3606
25.0000 144.9822
25.0000 103.8167
25.0000 156.0685
25.0000 122.5814
25.0000 158.3272
25.0000 120.0724
25.0000 172.3071
25.0000 135.3695
25.0000 139.2355
25.0000 136.0861
25.0000 121.8744
25.0000 134.4495
25.0000 115.2440
25.0000 130.1548
25.0000 99.4912
25.0000 123.5157
25.0000 108.4780
25.0000 158.5295
25.0000 138.6413
25.0000 120.7577
25.0000 159.8997
25.0000 119.7032
25.0000 131.2364
25.0000 72.9677
25.0000 148.1364
25.0000 160.4929
25.0000 134.8528
25.0000 117.9043
25.0000 145.8118
25.0000 117.2857
25.0000 131.6413
25.0000 161.3545
25.0000 142.0475
25.0000 169.8268
25.0000 134.9271
25.0000 177.3996
25.0000 148.3373
25.0000 150.5654
25.0000 126.0527
25.0000 125.3109
25.0000 162.7444
25.0000 162.9486
25.0000 128.7690
25.0000 138.2726
25.0000 96.2667
25.0000 150.3106
25.0000 77.1976
25.0000 106.7917
25.0000 88.8381
25.0000 117.6501
25.0000 157.9673
25.0000 148.6224
25.0000 129.4293
25.0000 102.3700
25.0000 129.7159
25.0000 165.3405
25.0000 128.6600
25.0000 159.5682
25.0000 140.4537
25.0000 87.1091
25.0000 133.4127
25.0000 118.4313
25.0000 106.3011
25.0000 174.6545
25.0000 108.2563
25.0000 124.0727
25.0000 133.6495
25.0000 127.8581
25.0000 115.9388
25.0000 129.3862
25.0000 120.5747
25.0000 160.6499
25.0000 161.1311
25.0000 132.2972
25.0000 139.4286
25.0000 133.9599
25.0000 159.2451
25.0000 134.7300
25.0000 126.0697
25.0000 142.7692
25.0000 171.0545
25.0000 125.5479
25.0000 118.0992
25.0000 118.0646
25.0000 153.8370
25.0000 165.4498
25.0000 109.2903
25.0000 154.5733
25.0000 145.8164
25.0000 172.4411
25.0000 122.4856
25.0000 141.9193
25.0000 165.6165
25.0000 160.0666
25.0000 123.7996
25.0000 119.4414
25.0000 155.9446
25.0000 152.8250
25.0000 159.8217
25.0000 94.6728
25.0000 88.3047
25.0000 146.4950
25.0000 154.5980
25.0000 130.3531
25.0000 123.8123
25.0000 158.7725
25.0000 145.9202
25.0000 127.7743
25.0000 129.1369
25.0000 138.1289
25.0000 134.5239
25.0000 132.7770
25.0000 138.5372
25.0000 171.2499
25.0000 172.4964
25.0000 81.5085
25.0000 126.1846
25.0000 98.5840
25.0000 114.9444
25.0000 111.1964
25.0000 119.0677
25.0000 179.4040
25.0000 125.7616
25.0000 110.4202
25.0000 126.8225
25.0000 102.7648
25.0000 125.1713
25.0000 137.1318
25.0000 162.7212
25.0000 161.7008
25.0000 161.9700
25.0000 130.9431
25.0000 155.3730
25.0000 148.5451
25.0000 121.2382
25.0000 128.5977
25.0000 161.1327
25.0000 143.1853
25.0000 173.5454
25.0000 115.4265
25.0000 95.3308
25.0000 116.1177
25.0000 116.4872
25.0000 156.2087
25.0000 149.2546
25.0000 146.3077
25.0000 145.9011
25.0000 126.9619
25.0000 124.1145
25.0000 121.4252
25.0000 113.3921
25.0000 165.9468
25.0000 151.9278
25.0000 159.4610
25.0000 155.4686
25.0000 110.3311
25.0000 162.0352
25.0000 139.5687
25.0000 136.6293
25.0000 127.4127
25.0000 117.7103
25.0000 119.2472
25.0000 169.5004
25.0000 134.5692
25.0000 104.6064
25.0000 85.5949
25.0000 155.2410
25.0000 148.5937
25.0000 142.8935
25.0000 125.2529
25.0000 155.6800
25.0000 130.4903
25.0000 153.0317
25.0000 145.4237
25.0000 149.2532
25.0000 137.2543
25.0000 151.5954
25.0000 109.8416
25.0000 119.3404
25.0000 94.7261
25.0000 152.2295
25.0000 152.0485
25.0000 164.8707
25.0000 158.3880
25.0000 117.4021
25.0000 146.8583
25.0000 133.5152
25.0000 147.0485
25.0000 153.1965
25.0000 155.7250
25.0000 141.9890
25.0000 141.8100
25.0000 160.5278
25.0000 98.4218
25.0000 163.2144
25.0000 165.8161
25.0000 143.5864
25.0000 110.2907
25.0000 146.3664
25.0000 110.4316
25.0000 144.2859
25.0000 173.6101
25.0000 123.7780
25.0000 126.3371
25.0000 157.0355
25.0000 139.8280
25.0000 130.1314
25.0000 156.7271
25.0000 136.4040
25.0000 170.4402
25.0000 149.6991
25.0000 147.3675
25.0000 129.5612
25.0000 140.4978
25.0000 155.5146
25.0000 119.2633
25.0000 161.7792
25.0000 116.5799
25.0000 128.2948
25.0000 113.2109
25.0000 177.2963
25.0000 102.3843
25.0000 162.7191
25.0000 152.9730
25.0000 125.3346
25.0000 134.9373
25.0000 155.9371
25.0000 165.4191
25.0000 123.2274
25.0000 138.8642
25.0000 135.9360
25.0000 57.9442
25.0000 138.3124
25.0000 105.0609
25.0000 137.3141
25.0000 111.0308
25.0000 110.7300
25.0000 119.8896
25.0000 129.0142
25.0000 151.7706
25.0000 164.2763
25.0000 127.4313
25.0000 131.6057
25.0000 129.2775
25.0000 87.4236
25.0000 94.4184
25.0000 137.3630
25.0000 115.0393
25.0000 105.0235
25.0000 165.4734
25.0000 58.5179
25.0000 102.2936
25.0000 129.3869
25.0000 155.8800
25.0000 143.3293
25.0000 132.4969
25.0000 117.7930
25.0000 151.8737
25.0000 167.2717
25.0000 87.3064
25.0000 105.2566
25.0000 153.3548
25.0000 119.4890
25.0000 117.0099
25.0000 129.6578
25.0000 124.7097
25.0000 115.3892
25.0000 146.5413
25.0000 164.0033
25.0000 148.1173
25.0000 101.4564
25.0000 123.4051
25.0000 125.6362
25.0000 143.9979
25.0000 153.0606
25.0000 166.9412
25.0000 136.9708
25.0000 137.6302
25.0000 139.8335
25.0000 169.1556
25.0000 130.7717
25.0000 91.5060
25.0000 124.9326
25.0000 90.6785
25.0000 169.1305
25.0000 140.5029
25.0000 119.9222
25.0000 116.8523
25.0000 128.0325
25.0000 132.4122
25.0000 112.2830
25.0000 168.3612
25.0000 169.4343
25.0000 132.9596
25.0000 162.3307
25.0000 143.7409
25.0000 156.2876
25.0000 102.2050
25.0000 162.5412
25.0000 127.4960
25.0000 123.1494
25.0000 104.5115
25.0000 166.9641
25.0000 101.2902
25.0000 111.5540
25.0000 123.0166
25.0000 171.7004
25.0000 119.0143
25.0000 165.7020
25.0000 120.6588
25.0000 110.9462
25.0000 142.4338
25.0000 164.4556
25.0000 150.6997
25.0000 132.6157
25.0000 144.8100
25.0000 148.0027
25.0000 169.2265
25.0000 124.3842
25.0000 106.5991
25.0000 116.8287
25.0000 136.8811
25.0000 163.4595
25.0000 135.5938
25.0000 154.7996
25.0000 117.7301
25.0000 120.5227
25.0000 99.8792
25.0000 158.9041
25.0000 163.2253
25.0000 159.7531
25.0000 127.2792
25.0000 166.0116
25.0000 120.2288
25.0000 66.2567
25.0000 100.7600
25.0000 150.5600
25.0000 162.8909
25.0000 130.4390
25.0000 154.6635
25.0000 161.8798
25.0000 126.0949
25.0000 175.5809
25.0000 129.9395
25.0000 163.5581
25.0000 158.0109
25.0000 133.1267
25.0000 124.4698
25.0000 96.7289
25.0000 105.4155
25.0000 169.3405
25.0000 117.5761
25.0000 124.0924
25.0000 163.6447
25.0000 99.0073
25.0000 156.1465
25.0000 124.8260
25.0000 138.3638
25.0000 114.8373
25.0000 114.9808
25.0000 134.5919
25.0000 138.3208
25.0000 123.6982
25.0000 157.0868
25.0000 151.1977
25.0000 149.3135
25.0000 156.9514
25.0000 154.8663
25.0000 137.4726
25.0000 136.1920
25.0000 143.4141
25.0000 164.3649
25.0000 140.5822
25.0000 145.0231
25.0000 131.1439
25.0000 153.3278
25.0000 113.9680
25.0000 122.9849
25.0000 130.2085
25.0000 117.4723
25.0000 85.8517
25.0000 166.2682
25.0000 137.4927
25.0000 139.8141
25.0000 98.6368
25.0000 162.9769
25.0000 144.4242
25.0000 167.0824
25.0000 97.4318
25.0000 157.8752
25.0000 175.1679
25.0000 163.7213
25.0000 127.5902
25.0000 154.9948
25.0000 137.3775
25.0000 102.8939
25.0000 163.4382
25.0000 153.4546
25.0000 159.4983
25.0000 128.9603
25.0000 136.9580
25.0000 114.2541
25.0000 128.3309
25.0000 144.3035
25.0000 122.4338
25.0000 143.5425
25.0000 171.1544
25.0000 141.7215
25.0000 139.0620
25.0000 141.3493
25.0000 106.6213
25.0000 140.1259
25.0000 153.7730
25.0000 120.3944
25.0000 157.9536
25.0000 130.4300
25.0000 169.1735
25.0000 157.4963
25.0000 128.9230
25.0000 157.2260
25.0000 157.4665
25.0000 128.0624
25.0000 115.3886
25.0000 160.4807
25.0000 116.0378
25.0000 105.7753
25.0000 160.1430
25.0000 144.9421
25.0000 122.8819
25.0000 116.9938
25.0000 158.1999
25.0000 103.3868
25.0000 172.6495
25.0000 156.1431
25.0000 149.0013
25.0000 166.5999
25.0000 157.3136
25.0000 152.1201
25.0000 146.3807
25.0000 116.0065
25.0000 139.6281
25.0000 121.1369
25.0000 153.7147
25.0000 137.1480
25.0000 142.1510
25.0000 161.1068
25.0000 137.3843
25.0000 137.4670
25.0000 139.0237
25.0000 132.1412
25.0000 149.0944
25.0000 134.3662
25.0000 123.1909
25.0000 163.5098
25.0000 156.4694
25.0000 158.2735
25.0000 147.3946
25.0000 113.3930
25.0000 167.1336
25.0000 118.3716
25.0000 135.0881
25.0000 107.2938
25.0000 137.6035
25.0000 110.3342
25.0000 115.1939
25.0000 174.8123
25.0000 169.8314
25.0000 151.1272
25.0000 117.7213
25.0000 161.6592
25.0000 139.6994
25.0000 147.0323
25.0000 119.5215
25.0000 138.2988
25.0000 103.7730
25.0000 127.1897
25.0000 132.9266
25.0000 161.1582
25.0000 160.2513
25.0000 103.6717
25.0000 151.5994
25.0000 94.0460
25.0000 172.5485
25.0000 123.8929
25.0000 143.7765
25.0000 114.8767
25.0000 158.5490
25.0000 157.0439
25.0000 113.7942
25.0000 146.1391
25.0000 155.3010
25.0000 136.8024
25.0000 168.1181
25.0000 109.5555
25.0000 145.9917
25.0000 99.3730
25.0000 165.9041
25.0000 137.1041
25.0000 143.2917
25.0000 119.3713
25.0000 149.0768
25.0000 125.9239
25.0000 169.4724
25.0000 126.8186
25.0000 135.1015
25.0000 115.7923
25.0000 118.2312
25.0000 126.6758
25.0000 113.2582
25.0000 95.4303
25.0000 127.8726
25.0000 147.6758
25.0000 163.4199
25.0000 179.4040
25.0000 144.1163
25.0000 167.9988
25.0000 126.3641
25.0000 153.9485
25.0000 160.9555
25.0000 138.5151
25.0000 149.6176
25.0000 157.2368
25.0000 137.1405
25.0000 168.3091
25.0000 149.0662
25.0000 169.5310
25.0000 126.3865
25.0000 138.7260
25.0000 163.4690
25.0000 121.0760
25.0000 135.8097
25.0000 128.2776
25.0000 133.5418
25.0000 80.9936
25.0000 149.4121
25.0000 155.0962
25.0000 165.0192
25.0000 132.8433
25.0000 158.3948
25.0000 145.1430
25.0000 102.7035
25.0000 172.0106
25.0000 127.2634
25.0000 170.7601
25.0000 143.1166
25.0000 127.0749
25.0000 119.1484
25.0000 143.7656
25.0000 151.5910
25.0000 157.9866
25.0000 132.6615
25.0000 141.4670
25.0000 156.3482
25.0000 145.9287
25.0000 87.8319
25.0000 114.6197
25.0000 143.9571
25.0000 120.1395
25.0000 138.1880
25.0000 172.7698
25.0000 153.7083
25.0000 130.4619
25.0000 137.3447
25.0000 148.2446
25.0000 140.4513
25.0000 147.4693
25.0000 156.2027
25.0000 135.3962
25.0000 131.4486
25.0000 162.0613
25.0000 92.4140
25.0000 137.3425
25.0000 153.2020
25.0000 130.3207
25.0000 155.2076
25.0000 142.8465
25.0000 166.3261
25.0000 96.8271
25.0000 139.2479
25.0000 112.4891
25.0000 158.3741
25.0000 115.7471
25.0000 165.1512
25.0000 126.7891
25.0000 119.2231
25.0000 145.1621
25.0000 147.4789
25.0000 96.2791
25.0000 112.3066
25.0000 120.5929
25.0000 132.0877
25.0000 126.1830
25.0000 101.1306
25.0000 122.8561
25.0000 159.5626
25.0000 150.5279
25.0000 122.1399
25.0000 107.5328
25.0000 123.7064
25.0000 137.5992
25.0000 139.3400
25.0000 155.4731
25.0000 115.9321
25.0000 120.3748
25.0000 159.3765
25.0000 158.6471
25.0000 138.1074
25.0000 82.7512
25.0000 134.2005
25.0000 154.4473
25.0000 143.9513
25.0000 138.5137
25.0000 156.8379
25.0000 151.5452
25.0000 154.1103
25.0000 169.1921
25.0000 163.0460
25.0000 115.4573
25.0000 151.5410
25.0000 154.6493
25.0000 132.3083
25.0000 122.7606
25.0000 138.8147
25.0000 125.0730
25.0000 142.4179
25.0000 144.7186
25.0000 158.7613
25.0000 164.7333
25.0000 80.1452
25.0000 150.5472
25.0000 108.3996
25.0000 128.7427
25.0000 119.3171
25.0000 161.0998
25.0000 152.9224
25.0000 146.3858
25.0000 131.3435
25.0000 168.4393
25.0000 153.3078
25.0000 141.7408
25.0000 122.8161
25.0000 128.2783
25.0000 143.1899
25.0000 125.4741
25.0000 167.7961
25.0000 160.5505
25.0000 161.6146
25.0000 170.9628
25.0000 144.4168
25.0000 161.9940
25.0000 179.4040
25.0000 132.0473
25.0000 81.9808
25.0000 104.9191
25.0000 124.3607
25.0000 112.9771
25.0000 149.7285
25.0000 140.2314
25.0000 110.8522
25.0000 139.4879
25.0000 140.8218
25.0000 141.5290
25.0000 154.5002
25.0000 162.9893
25.0000 109.3291
25.0000 144.8862
25.0000 122.0798
25.0000 130.7846
25.0000 142.6057
25.0000 153.0929
25.0000 121.8839
25.0000 108.0469
25.0000 130.2158
25.0000 122.0636
25.0000 128.7639
25.0000 132.0674
25.0000 142.3307
25.0000 132.9604
25.0000 170.6976
25.0000 141.9061
25.0000 131.8132
25.0000 150.2861
25.0000 124.1259
25.0000 124.4396
25.0000 113.4603
25.0000 151.3158
25.0000 86.6779
25.0000 124.8387
25.0000 134.7822
25.0000 128.3309
25.0000 120.4785
25.0000 108.2150
25.0000 82.5761
25.0000 134.1139
25.0000 112.9291
25.0000 121.6311
25.0000 113.7480
25.0000 128.0156
25.0000 160.9470
25.0000 115.1751
25.0000 149.9340
25.0000 157.6457
25.0000 133.3339
25.0000 114.1020
25.0000 105.0715
25.0000 125.7915
25.0000 112.8359
25.0000 151.4897
25.0000 110.2721
25.0000 164.0944
25.0000 78.9699
25.0000 144.0271
25.0000 136.1516
25.0000 158.2345
25.0000 139.8428
25.0000 116.0617
25.0000 155.7304
25.0000 139.5892
25.0000 152.0470
25.0000 163.2745
25.0000 132.1413
25.0000 159.7014
25.0000 151.9416
25.0000 104.9568
25.0000 133.7659
25.0000 85.1522
25.0000 165.0570
25.0000 147.5822
25.0000 121.4433
25.0000 131.8058
25.0000 158.2469
25.0000 115.0158
25.0000 139.3176
25.0000 155.7655
25.0000 130.0662
25.0000 140.0464
25.0000 128.5628
25.0000 131.6542
25.0000 146.2260
25.0000 97.8528
25.0000 124.2693
25.0000 135.1679
25.0000 130.2232
25.0000 116.5759
25.0000 153.4935
25.0000 107.6117
25.0000 140.9646
25.0000 148.4372
25.0000 121.7307
25.0000 171.0006
25.0000 123.4777
25.0000 98.0020
25.0000 104.8383
25.0000 164.1222
25.0000 144.2961
25.0000 150.6619
25.0000 127.2811
25.0000 136.0315
25.0000 113.5727
25.0000 140.4896
25.0000 154.4753
25.0000 73.6828
25.0000 123.1002
25.0000 143.8467
25.0000 149.3310
25.0000 167.3363
25.0000 122.5883
25.0000 145.2796
25.0000 107.3354
25.0000 163.9185
25.0000 162.1781
25.0000 141.1860
25.0000 101.2261
25.0000 172.5854
25.0000 88.0298
25.0000 115.7925
25.0000 163.2353
25.0000 129.0356
25.0000 167.0326
25.0000 128.7367
25.0000 109.2155
25.0000 133.5068
25.0000 154.4980
25.0000 119.0852
25.0000 107.9397
25.0000 131.8885
25.0000 112.8010
25.0000 130.9411
25.0000 126.8039
25.0000 129.6444
25.0000 134.0368
25.0000 139.7270
25.0000 131.2809
25.0000 156.7971
25.0000 121.4903
25.0000 119.3533
25.0000 133.6292
25.0000 148.6233
25.0000 157.7755
25.0000 161.6154
25.0000 151.0846
25.0000 106.2147
25.0000 126.0388
25.0000 104.4326
25.0000 137.6223
25.0000 132.9995
25.0000 153.5887
25.0000 128.4785
25.0000 117.5510
25.0000 132.1722
25.0000 121.8073
25.0000 161.7444
25.0000 142.9086
25.0000 167.5881
25.0000 153.3256
25.0000 107.3174
25.0000 137.9839
25.0000 138.9141
25.0000 124.4903
25.0000 114.1748
25.0000 142.6748
25.0000 136.5270
25.0000 146.4690
25.0000 168.7442
25.0000 149.9955
25.0000 151.6133
25.0000 109.7183
25.0000 157.4880
25.0000 144.8774
25.0000 129.5505
25.0000 129.4423
25.0000 123.7113
25.0000 140.6622
25.0000 117.5996
25.0000 126.2375
25.0000 151.3261
25.0000 125.7546
25.0000 110.9980
25.0000 128.2879
25.0000 157.6849
25.0000 152.5007
25.0000 119.6757
25.0000 129.2774
25.0000 116.0492
25.0000 140.5592
25.0000 149.8640
25.0000 161.2640
25.0000 93.1767
25.0000 166.7371
25.0000 95.8448
25.0000 162.6196
25.0000 132.2681
25.0000 144.1708
25.0000 142.0097
25.0000 143.3998
25.0000 117.0417
25.0000 115.2554
25.0000 137.1006
25.0000 159.6857
25.0000 126.9200
25.0000 154.2671
25.0000 126.0959
25.0000 168.1540
25.0000 131.4760
25.0000 140.8352
25.0000 145.3268
25.0000 139.4590
25.0000 132.2718
25.0000 119.1372
25.0000 141.3483
25.0000 109.8194
25.0000 158.2787
25.0000 127.2292
25.0000 143.8530
25.0000 163.4986
25.0000 128.1230
25.0000 144.5051
25.0000 155.4403
25.0000 97.9611
25.0000 152.6727
25.0000 104.0939
25.0000 123.9182
25.0000 135.1023
25.0000 173.3809
25.0000 166.9892
25.0000 133.9007
25.0000 129.1061
25.0000 139.7974
25.0000 98.7614
25.0000 172.3740
25.0000 92.9600
25.0000 125.4284
25.0000 128.6173
25.0000 105.7155
25.0000 138.1938
25.0000 177.3226
25.0000 164.6236
25.0000 111.9833
25.0000 125.1409
25.0000 163.1449
25.0000 163.1208
25.0000 156.8331
25.0000 138.0059
25.0000 124.8561
25.0000 140.5165
25.0000 84.1842
25.0000 133.1569
25.0000 152.6324
25.0000 148.3759
25.0000 130.1920
25.0000 134.0618
25.0000 118.2012
25.0000 148.0449
25.0000 149.1338
25.0000 168.8835
25.0000 176.4643
25.0000 152.3885
25.0000 98.4219
25.0000 137.1461
25.0000 136.2169
25.0000 134.9433
25.0000 168.2918
25.0000 163.4092
25.0000 158.8713
25.0000 132.1515
25.0000 148.9935
25.0000 115.2923
25.0000 148.6375
25.0000 164.6613
25.0000 143.9307
25.0000 134.3684
25.0000 124.8600
25.0000 115.1247
25.0000 105.5004
25.0000 101.6098
25.0000 138.0291
25.0000 144.4164
25.0000 168.2916
25.0000 126.9144
25.0000 117.7427
25.0000 158.7718
25.0000 119.1424
25.0000 105.8574
25.0000 91.5311
25.0000 142.4154
25.0000 173.3887
25.0000 141.0016
25.0000 108.9779
25.0000 136.7047
25.0000 115.2500
25.0000 137.0173
25.0000 110.4567
25.0000 113.5590
25.0000 107.7911
25.0000 125.0145
25.0000 159.8030
25.0000 154.5963
25.0000 158.7486
25.0000 161.0803
25.0000 166.0114
25.0000 139.4074
25.0000 155.9510
25.0000 131.7332
25.0000 130.4865
25.0000 124.0479
25.0000 160.9391
25.0000 138.8886
25.0000 116.7038
25.0000 170.3980
25.0000 126.7801
25.0000 128.3664
25.0000 122.7774
25.0000 145.0605
25.0000 110.0069
25.0000 111.6987
25.0000 109.7699
25.0000 121.7284
25.0000 114.8032
25.0000 145.4327
25.0000 156.5476
25.0000 125.5130
25.0000 147.5545
25.0000 138.9547
25.0000 144.5433
25.0000 130.3722
25.0000 124.3237
25.0000 163.0427
25.0000 135.3612
25.0000 126.0935
25.0000 98.5192
25.0000 121.9996
25.0000 169.2481
25.0000 118.5230
25.0000 153.9064
25.0000 132.9824
25.0000 142.4794
25.0000 150.6776
25.0000 160.3488
25.0000 154.1610
25.0000 109.9584
25.0000 107.2759
25.0000 136.8050
25.0000 162.6019
25.0000 129.4194
25.0000 139.9494
25.0000 157.8537
25.0000 106.9926
25.0000 159.7166
25.0000 134.9120
25.0000 142.4297
25.0000 134.9234
25.0000 120.2868
25.0000 97.6055
25.0000 167.2629
25.0000 144.0623
25.0000 156.7500
25.0000 125.4578
25.0000 171.4746
25.0000 149.6845
25.0000 113.8700
25.0000 159.8829
25.0000 125.3622
25.0000 102.7703
25.0000 128.6059
25.0000 128.8137
25.0000 133.7191
25.0000 122.8989
25.0000 148.2286
25.0000 140.1220
25.0000 101.3034
25.0000 157.3157
25.0000 131.2749
25.0000 157.6264
25.0000 173.2576
25.0000 84.7041
25.0000 154.7147
25.0000 148.0180
25.0000 139.9291
25.0000 178.2409
25.0000 126.8367
25.0000 134.4870
25.0000 142.8871
25.0000 143.4874
25.0000 140.4876
25.0000 119.0112
25.0000 116.4607
25.0000 93.8921
25.0000 123.3238
25.0000 63.2491
25.0000 171.0794
25.0000 142.8139
25.0000 174.7358
25.0000 148.6760
25.0000 125.0340
25.0000 150.4045
25.0000 129.8530
25.0000 144.2348
25.0000 130.2006
25.0000 130.4718
25.0000 119.7082
25.0000 161.9104
25.0000 121.5955
25.0000 165.8811
25.0000 151.0523
25.0000 124.6248
25.0000 112.9340
25.0000 111.8991
25.0000 126.1424
25.0000 128.4169
25.0000 167.6512
25.0000 162.7742
25.0000 82.8211
25.0000 124.1051
25.0000 150.5839
25.0000 125.1985
25.0000 118.5473
25.0000 114.3391
25.0000 164.3496
25.0000 124.2658
25.0000 162.3320
25.0000 150.1256
25.0000 121.8038
25.0000 128.8126
25.0000 137.8581
25.0000 111.6394
25.0000 167.9481
25.0000 105.3348
25.0000 155.9088
25.0000 140.9358
25.0000 158.9342
25.0000 128.4897
25.0000 123.1860
25.0000 126.5056
25.0000 158.2044
25.0000 148.5966
25.0000 142.7470
25.0000 125.3667
25.0000 116.5474
25.0000 132.3231
25.0000 160.0927
25.0000 142.7878
25.0000 172.7082
25.0000 173.2082
25.0000 153.9550
25.0000 114.8990
25.0000 166.8542
25.0000 157.5598
25.0000 154.8114
25.0000 142.7620
