28.0000 28.0375
28.0000 29.1933
28.0000 27.8860
28.0000 27.5718
28.0000 28.1183
28.0000 28.7479
28.0000 28.6024
28.0000 28.3954
28.0000 27.4759
28.0000 28.1871
28.0000 28.4912
28.0000 27.8973
28.0000 28.4354
28.0000 28.7417
28.0000 27.5736
28.0000 27.5581
28.0000 28.8424
28.0000 28.9367
28.0000 27.9698
28.0000 28.3400
28.0000 28.1027
28.0000 28.7282
28.0000 28.5012
28.0000 27.2669
28.0000 28.2165
28.0000 28.1440
28.0000 28.0815
28.0000 28.1618
28.0000 28.6434
28.0000 26.9807
28.0000 27.3280
28.0000 29.1318
28.0000 27.6055
28.0000 28.0097
28.0000 27.9477
28.0000 28.6048
28.0000 28.4917
28.0000 27.2410
28.0000 27.5917
28.0000 28.1085
28.0000 28.4105
28.0000 27.3718
28.0000 28.1096
28.0000 28.0744
28.0000 27.9646
28.0000 28.0111
28.0000 27.6270
28.0000 27.6421
28.0000 28.2765
28.0000 27.3644
28.0000 27.9581
28.0000 28.3876
28.0000 28.6141
28.0000 28.6734
28.0000 28.3903
28.0000 27.7902
28.0000 27.1323
28.0000 29.0752
28.0000 27.8923
28.0000 28.2722
28.0000 28.2215
28.0000 28.9018
28.0000 27.9977
28.0000 27.7984
28.0000 28.1089
28.0000 27.5477
28.0000 27.9181
28.0000 26.7827
28.0000 27.7669
28.0000 27.6647
28.0000 28.2246
28.0000 28.7915
28.0000 28.2675
28.0000 27.7131
28.0000 27.5546
28.0000 28.2753
28.0000 27.8691
28.0000 28.2405
28.0000 28.2212
28.0000 28.3858
28.0000 27.1094
28.0000 27.2767
28.0000 29.0901
28.0000 27.8449
28.0000 27.7522
28.0000 28.5365
28.0000 28.2617
28.0000 28.0533
28.0000 28.5273
28.0000 28.4540
28.0000 28.8237
28.0000 28.6397
28.0000 27.8178
28.0000 26.6255
28.0000 27.2535
28.0000 27.9134
28.0000 28.7679
28.0000 27.9591
28.0000 28.2190
28.0000 27.7571
28.0000 28.4793
28.0000 27.8089
28.0000 28.3111
28.0000 28.1161
28.0000 28.4471
28.0000 27.5174
28.0000 28.2060
28.0000 27.8625
28.0000 27.1437
28.0000 27.1390
28.0000 28.6771
28.0000 28.5304
28.0000 27.9483
28.0000 27.0316
28.0000 26.9932
28.0000 26.8739
28.0000 28.5847
28.0000 28.1941
28.0000 27.0974
28.0000 27.3379
28.0000 26.9372
28.0000 27.8157
28.0000 27.1963
28.0000 27.9985
28.0000 28.3096
28.0000 28.0414
28.0000 27.1827
28.0000 28.6338
28.0000 27.4651
28.0000 27.6157
28.0000 27.9838
28.0000 28.1933
28.0000 29.2398
28.0000 27.6020
28.0000 27.7859
28.0000 27.7703
28.0000 27.1098
28.0000 27.7329
28.0000 28.0406
28.0000 28.5523
28.0000 27.7073
28.0000 27.8731
28.0000 27.9194
28.0000 26.9335
28.0000 28.2968
28.0000 29.1068
28.0000 27.7555
28.0000 28.5090
28.0000 28.8810
28.0000 28.2442
28.0000 28.0468
28.0000 27.8208
28.0000 28.1731
28.0000 27.1122
28.0000 27.8511
28.0000 28.0207
28.0000 28.0529
28.0000 28.2254
28.0000 28.4965
28.0000 28.7470
28.0000 28.1567
28.0000 28.0689
28.0000 28.2390
28.0000 28.8018
28.0000 28.2840
28.0000 27.7584
28.0000 27.6657
28.0000 28.4094
28.0000 27.0251
28.0000 27.7396
28.0000 28.0913
28.0000 27.9280
28.0000 28.0050
28.0000 28.6680
28.0000 28.2932
28.0000 28.4257
28.0000 27.8424
28.0000 27.0448
28.0000 27.5701
28.0000 28.2678
28.0000 28.7260
28.0000 28.4384
28.0000 28.9953
28.0000 28.8336
28.0000 28.4459
28.0000 28.9695
28.0000 28.8483
28.0000 28.0764
28.0000 28.8556
28.0000 28.3960
28.0000 28.5667
28.0000 27.2500
28.0000 26.9894
28.0000 28.0925
28.0000 28.0076
28.0000 28.6595
28.0000 27.9644
28.0000 28.8253
28.0000 28.2129
28.0000 28.3629
28.0000 27.9744
28.0000 27.9407
28.0000 28.1332
28.0000 29.7151
28.0000 28.0552
28.0000 28.7676
28.0000 27.6519
28.0000 27.5290
28.0000 27.8498
28.0000 28.4078
28.0000 27.9874
28.0000 28.2190
28.0000 28.0011
28.0000 27.5898
28.0000 27.6923
28.0000 28.4308
28.0000 28.4409
28.0000 27.9045
28.0000 27.6622
28.0000 27.8718
28.0000 28.2970
28.0000 28.6270
28.0000 27.2776
28.0000 26.3070
28.0000 27.4912
28.0000 27.7069
28.0000 28.2905
28.0000 27.8881
28.0000 26.6620
28.0000 27.6619
28.0000 27.7974
28.0000 28.2367
28.0000 28.3663
28.0000 27.9412
28.0000 28.1372
28.0000 27.8183
28.0000 29.1276
28.0000 27.6710
28.0000 29.1632
28.0000 27.5960
28.0000 28.0534
28.0000 28.1283
28.0000 27.2673
28.0000 28.7512
28.0000 28.1193
28.0000 27.5763
28.0000 28.6962
28.0000 27.4610
28.0000 28.1492
28.0000 27.4432
28.0000 28.5639
28.0000 29.4095
28.0000 28.9488
28.0000 28.1386
28.0000 27.2320
28.0000 27.9627
28.0000 27.8047
28.0000 27.8474
28.0000 27.6343
28.0000 28.5072
28.0000 28.2227
28.0000 28.0345
28.0000 28.2641
28.0000 28.5363
28.0000 27.9411
28.0000 28.2117
28.0000 27.5126
28.0000 27.7509
28.0000 28.5121
28.0000 28.4162
28.0000 28.4528
28.0000 28.4408
28.0000 27.6260
28.0000 27.4449
28.0000 27.7251
28.0000 28.3339
28.0000 27.9944
28.0000 28.2624
28.0000 29.2393
28.0000 28.5602
28.0000 27.6710
28.0000 27.1811
28.0000 28.2723
28.0000 27.7257
28.0000 28.2108
28.0000 29.0313
28.0000 27.5890
28.0000 26.9092
28.0000 27.8454
28.0000 28.0714
28.0000 27.7629
28.0000 28.5755
28.0000 28.8303
28.0000 27.8224
28.0000 27.6985
28.0000 28.7115
28.0000 28.0511
28.0000 27.6095
28.0000 29.0264
28.0000 28.1892
28.0000 27.0905
28.0000 27.5053
28.0000 28.5229
28.0000 28.2559
28.0000 27.7521
28.0000 28.4022
28.0000 28.7942
28.0000 28.6070
28.0000 27.1949
28.0000 27.7862
28.0000 28.1950
28.0000 28.5268
28.0000 27.3310
28.0000 28.4773
28.0000 27.3105
28.0000 27.6148
28.0000 28.5462
28.0000 27.8184
28.0000 27.8208
28.0000 27.9032
28.0000 29.0793
28.0000 28.6863
28.0000 27.7340
28.0000 27.9473
28.0000 27.3105
28.0000 28.8941
28.0000 27.9214
28.0000 28.0971
28.0000 28.2170
28.0000 27.8603
28.0000 27.8220
28.0000 28.3901
28.0000 28.5402
28.0000 27.2866
28.0000 28.4831
28.0000 27.8656
28.0000 27.5828
28.0000 27.5733
28.0000 28.4233
28.0000 27.5971
28.0000 27.7434
28.0000 27.7281
28.0000 28.3917
28.0000 28.8334
28.0000 27.6508
28.0000 28.6995
28.0000 28.1199
28.0000 27.9832
28.0000 28.2264
28.0000 28.0735
28.0000 28.0664
28.0000 29.1740
28.0000 29.5058
28.0000 28.8761
28.0000 28.8056
28.0000 28.3110
28.0000 27.8616
28.0000 28.5632
28.0000 28.7182
28.0000 26.9758
28.0000 28.3692
28.0000 28.3016
28.0000 28.2329
28.0000 28.4677
28.0000 27.6524
28.0000 27.5562
28.0000 28.0008
28.0000 28.9511
28.0000 27.4948
28.0000 28.0895
28.0000 28.4127
28.0000 27.7555
28.0000 27.8065
28.0000 28.1623
28.0000 28.1205
28.0000 27.8762
28.0000 28.1889
28.0000 28.2492
28.0000 28.6640
28.0000 27.4464
28.0000 28.6854
28.0000 28.5725
28.0000 28.4345
28.0000 27.5744
28.0000 29.1169
28.0000 27.1361
28.0000 28.0457
28.0000 29.1106
28.0000 27.6994
28.0000 27.9940
28.0000 27.7311
28.0000 27.0064
28.0000 28.9727
28.0000 28.5798
28.0000 28.0602
28.0000 27.8707
28.0000 27.9072
28.0000 28.2515
28.0000 28.0883
28.0000 28.1969
28.0000 27.7193
28.0000 28.2716
28.0000 27.9436
28.0000 28.1733
28.0000 27.9144
28.0000 28.4668
28.0000 28.8788
28.0000 27.8710
28.0000 28.2554
28.0000 28.8122
28.0000 28.2332
28.0000 29.0155
28.0000 27.5086
28.0000 28.4794
28.0000 27.7450
28.0000 26.3188
28.0000 27.9770
28.0000 28.3312
28.0000 27.8401
28.0000 28.5582
28.0000 27.0373
28.0000 27.8838
28.0000 27.7687
28.0000 28.3005
28.0000 28.0189
28.0000 28.2043
28.0000 28.3891
28.0000 27.4864
28.0000 27.2959
28.0000 27.2009
28.0000 27.7062
28.0000 28.4085
28.0000 28.6593
28.0000 27.5908
28.0000 28.1125
28.0000 27.1417
28.0000 28.3924
28.0000 28.1969
28.0000 28.6295
28.0000 28.8020
28.0000 28.2372
28.0000 27.9567
28.0000 28.4089
28.0000 28.2465
28.0000 26.8183
28.0000 28.6825
28.0000 27.9195
28.0000 28.2353
28.0000 28.0715
28.0000 27.7889
28.0000 28.8215
28.0000 27.9440
28.0000 27.2838
28.0000 28.5774
28.0000 28.3239
28.0000 27.8086
28.0000 28.3163
28.0000 28.2643
28.0000 28.5933
28.0000 28.8533
28.0000 26.9773
28.0000 28.2989
28.0000 28.5581
28.0000 28.1628
28.0000 27.4229
28.0000 27.3328
28.0000 28.4515
28.0000 28.9009
28.0000 28.3685
28.0000 28.5851
28.0000 28.7611
28.0000 27.7507
28.0000 28.8101
28.0000 26.3657
28.0000 28.2935
28.0000 28.1370
28.0000 27.7043
28.0000 28.4124
28.0000 27.3985
28.0000 27.5104
28.0000 27.8913
28.0000 28.7455
28.0000 28.2687
28.0000 28.0003
28.0000 28.2638
28.0000 28.5433
28.0000 27.9467
28.0000 27.6676
28.0000 27.5150
28.0000 27.5906
28.0000 27.3384
28.0000 28.5304
28.0000 28.1505
28.0000 27.8016
28.0000 28.1762
28.0000 27.8086
28.0000 27.0942
28.0000 27.8275
28.0000 27.7390
28.0000 28.5091
28.0000 27.3587
28.0000 28.9548
28.0000 28.8042
28.0000 28.3419
28.0000 27.5663
28.0000 27.8911
28.0000 27.8609
28.0000 27.9282
28.0000 27.7638
28.0000 28.2914
28.0000 28.1780
28.0000 27.4083
28.0000 28.5195
28.0000 28.9851
28.0000 28.6311
28.0000 27.6643
28.0000 27.7378
28.0000 28.1827
28.0000 28.7735
28.0000 27.7584
28.0000 28.4994
28.0000 28.2871
28.0000 27.9984
28.0000 28.7431
28.0000 27.7417
28.0000 27.9980
28.0000 28.0523
28.0000 27.6021
28.0000 28.1948
28.0000 28.3178
28.0000 28.0137
28.0000 29.6435
28.0000 27.5928
28.0000 27.6641
28.0000 27.8916
28.0000 28.2752
28.0000 27.9161
28.0000 27.4911
28.0000 27.6052
28.0000 27.2488
28.0000 27.3599
28.0000 28.0552
28.0000 28.0224
28.0000 27.7454
28.0000 28.1522
28.0000 28.1392
28.0000 28.2142
28.0000 27.5605
28.0000 28.4468
28.0000 28.4209
28.0000 27.0000
28.0000 27.9899
28.0000 28.5344
28.0000 28.2708
28.0000 28.0318
28.0000 27.8178
28.0000 27.4406
28.0000 27.8610
28.0000 28.2988
28.0000 27.2221
28.0000 27.9630
28.0000 27.6696
28.0000 27.8460
28.0000 29.8453
28.0000 27.4478
28.0000 28.6551
28.0000 28.6220
28.0000 27.8850
28.0000 27.7918
28.0000 27.1251
28.0000 27.8665
28.0000 27.6767
28.0000 27.0038
28.0000 27.6839
28.0000 28.1856
28.0000 26.8708
28.0000 29.0813
28.0000 28.6457
28.0000 27.5644
28.0000 28.4706
28.0000 28.7289
28.0000 27.5225
28.0000 28.2041
28.0000 28.2540
28.0000 28.6227
28.0000 27.0338
28.0000 27.8366
28.0000 27.5482
28.0000 28.4335
28.0000 28.1491
28.0000 28.1839
28.0000 28.3919
28.0000 27.5128
28.0000 28.6691
28.0000 28.4579
28.0000 27.7463
28.0000 29.1531
28.0000 28.7647
28.0000 27.7156
28.0000 28.4557
28.0000 28.3910
28.0000 27.7658
28.0000 28.1965
28.0000 28.5788
28.0000 29.0392
28.0000 28.9456
28.0000 28.8393
28.0000 27.4994
28.0000 28.8453
28.0000 28.0989
28.0000 28.4006
28.0000 27.7874
28.0000 27.5706
28.0000 29.0301
28.0000 28.5365
28.0000 28.5588
28.0000 28.2380
28.0000 28.7109
28.0000 28.1220
28.0000 28.4287
28.0000 27.4231
28.0000 27.8801
28.0000 28.3493
28.0000 28.3664
28.0000 27.6088
28.0000 28.7200
28.0000 28.0006
28.0000 27.9496
28.0000 27.7624
28.0000 28.0103
28.0000 27.6809
28.0000 28.5638
28.0000 27.5613
28.0000 28.0999
28.0000 27.9122
28.0000 27.9202
28.0000 28.8570
28.0000 27.2871
28.0000 28.5925
28.0000 27.5247
28.0000 27.8721
28.0000 28.2700
28.0000 28.0194
28.0000 28.4393
28.0000 27.9605
28.0000 28.0157
28.0000 29.2445
28.0000 28.2665
28.0000 28.2735
28.0000 28.6260
28.0000 27.3403
28.0000 26.9098
28.0000 28.4567
28.0000 28.5263
28.0000 27.7379
28.0000 27.5967
28.0000 27.8438
28.0000 28.0533
28.0000 28.0874
28.0000 27.1810
28.0000 28.1077
28.0000 27.3290
28.0000 28.0569
28.0000 27.7624
28.0000 27.9178
28.0000 29.2758
28.0000 29.3058
28.0000 28.6227
28.0000 27.1059
28.0000 27.6239
28.0000 28.1502
28.0000 28.6299
28.0000 28.3941
28.0000 28.7135
28.0000 27.7678
28.0000 27.8994
28.0000 28.4024
28.0000 29.0610
28.0000 28.7525
28.0000 27.6503
28.0000 28.4406
28.0000 27.6394
28.0000 28.5573
28.0000 28.0990
28.0000 28.0416
28.0000 28.0524
28.0000 28.0234
28.0000 28.3918
28.0000 28.7183
28.0000 28.6642
28.0000 27.5337
28.0000 26.6618
28.0000 26.4034
28.0000 27.4497
28.0000 27.6637
28.0000 27.1956
28.0000 28.0379
28.0000 27.4285
28.0000 28.4886
28.0000 28.1399
28.0000 26.9907
28.0000 27.7541
28.0000 27.3503
28.0000 28.3136
28.0000 26.6693
28.0000 27.4691
28.0000 27.8347
28.0000 28.9142
28.0000 27.7890
28.0000 28.7869
28.0000 27.5247
28.0000 28.1654
28.0000 28.5949
28.0000 28.6841
28.0000 28.4284
28.0000 28.0706
28.0000 27.8187
28.0000 27.2440
28.0000 28.0067
28.0000 28.2823
28.0000 28.3457
28.0000 28.1101
28.0000 29.4368
28.0000 28.5028
28.0000 28.1474
28.0000 28.5985
28.0000 27.5408
28.0000 28.1859
28.0000 28.6379
28.0000 27.6522
28.0000 28.5218
28.0000 27.3352
28.0000 28.3321
28.0000 28.7253
28.0000 27.2199
28.0000 26.7074
28.0000 28.4341
28.0000 28.7565
28.0000 27.8112
28.0000 27.4215
28.0000 27.6892
28.0000 28.2289
28.0000 28.1185
28.0000 28.7892
28.0000 28.4180
28.0000 27.1886
28.0000 26.5464
28.0000 27.8146
28.0000 27.5182
28.0000 28.1994
28.0000 26.9080
28.0000 27.8335
28.0000 27.7022
28.0000 28.2437
28.0000 28.4280
28.0000 29.0769
28.0000 29.1659
28.0000 28.2085
28.0000 27.9653
28.0000 28.3837
28.0000 29.1403
28.0000 27.6508
28.0000 27.5371
28.0000 28.7201
28.0000 28.2468
28.0000 27.8991
28.0000 27.6865
28.0000 27.9030
28.0000 27.0332
28.0000 28.4198
28.0000 28.4977
28.0000 28.0806
28.0000 27.9446
28.0000 29.0846
28.0000 27.7304
28.0000 27.9066
28.0000 28.3741
28.0000 27.3542
28.0000 28.9165
28.0000 27.2585
28.0000 27.8977
28.0000 28.4518
28.0000 27.4164
28.0000 28.7752
28.0000 27.4962
28.0000 27.6180
28.0000 28.2358
28.0000 28.1844
28.0000 28.9627
28.0000 27.3595
28.0000 27.4848
28.0000 29.0376
28.0000 29.2517
28.0000 28.3886
28.0000 27.5221
28.0000 28.0396
28.0000 27.8748
28.0000 27.6817
28.0000 27.8273
28.0000 28.8228
28.0000 27.9401
28.0000 27.6789
28.0000 28.5530
28.0000 28.0218
28.0000 27.9135
28.0000 28.1742
28.0000 27.6629
28.0000 27.7315
28.0000 28.3981
28.0000 27.7113
28.0000 27.9710
28.0000 27.3651
28.0000 28.5223
28.0000 28.6909
28.0000 27.6926
28.0000 28.5845
28.0000 29.5277
28.0000 27.9815
28.0000 28.0961
28.0000 28.7260
28.0000 27.9338
28.0000 28.2849
28.0000 27.7054
28.0000 27.2305
28.0000 28.5741
28.0000 28.9374
28.0000 28.7123
28.0000 27.9965
28.0000 27.8733
28.0000 28.6513
28.0000 26.5776
28.0000 27.5503
28.0000 28.7942
28.0000 28.0624
28.0000 28.0889
28.0000 27.7734
28.0000 27.7210
28.0000 27.1495
28.0000 28.3468
28.0000 27.7178
28.0000 27.6238
28.0000 28.8606
28.0000 27.9724
28.0000 27.9237
28.0000 29.0742
28.0000 28.9587
28.0000 27.6851
28.0000 28.1741
28.0000 27.8829
28.0000 27.1808
28.0000 27.8644
28.0000 28.1449
28.0000 27.5019
28.0000 27.6322
28.0000 27.6623
28.0000 27.3019
28.0000 28.2466
28.0000 28.0636
28.0000 27.9464
28.0000 28.9895
28.0000 27.8705
28.0000 27.1650
28.0000 27.5398
28.0000 28.0602
28.0000 29.2208
28.0000 27.9576
28.0000 28.9931
28.0000 27.3278
28.0000 28.7348
28.0000 26.8565
28.0000 28.8534
28.0000 28.5585
28.0000 28.2504
28.0000 27.9671
28.0000 27.7159
28.0000 28.7325
28.0000 27.9470
28.0000 28.3461
28.0000 27.6068
28.0000 27.7783
28.0000 27.5642
28.0000 28.2366
28.0000 27.9626
28.0000 28.0380
28.0000 28.1369
28.0000 28.2908
28.0000 28.1713
28.0000 28.7816
28.0000 28.9275
28.0000 28.1536
28.0000 28.2132
28.0000 28.0321
28.0000 28.0405
28.0000 27.0255
28.0000 28.0305
28.0000 28.1952
28.0000 27.7342
28.0000 27.5881
28.0000 28.6013
28.0000 27.9698
28.0000 28.3950
28.0000 28.1436
28.0000 28.5849
28.0000 28.1612
28.0000 28.3906
28.0000 27.5906
28.0000 27.9813
28.0000 28.1822
28.0000 27.8869
28.0000 27.9187
28.0000 28.1074
28.0000 28.2323
28.0000 27.8369
28.0000 27.2812
28.0000 27.0322
28.0000 29.2317
28.0000 27.7281
28.0000 28.0887
28.0000 28.1496
28.0000 27.1316
28.0000 27.2204
28.0000 28.1064
28.0000 28.4696
28.0000 28.7801
28.0000 29.0216
28.0000 27.1913
28.0000 27.4220
28.0000 28.6745
28.0000 27.7431
28.0000 28.4367
28.0000 27.3863
28.0000 28.1443
28.0000 28.9379
28.0000 27.8098
28.0000 27.6061
28.0000 27.5606
28.0000 27.4252
28.0000 26.7044
28.0000 27.8299
28.0000 28.0456
28.0000 27.9272
28.0000 28.5742
28.0000 27.8225
28.0000 27.1500
28.0000 28.6181
28.0000 27.6156
28.0000 27.5387
28.0000 27.7486
28.0000 28.2524
28.0000 28.1282
28.0000 28.5524
28.0000 27.3680
28.0000 27.8132
28.0000 28.0623
28.0000 28.4505
28.0000 28.0242
28.0000 28.4849
28.0000 28.2966
28.0000 27.9735
28.0000 28.2770
28.0000 28.1106
28.0000 27.9854
28.0000 28.5286
28.0000 27.0057
28.0000 27.3902
28.0000 27.7477
28.0000 28.0279
28.0000 27.0844
28.0000 27.9373
28.0000 27.9558
28.0000 27.7568
28.0000 27.8364
28.0000 27.5952
28.0000 27.7338
28.0000 29.2766
28.0000 27.6727
28.0000 28.6227
28.0000 27.3979
28.0000 28.5312
28.0000 27.7556
28.0000 29.1040
28.0000 27.6115
28.0000 27.5876
28.0000 28.1276
28.0000 28.2230
28.0000 28.0585
28.0000 28.3965
28.0000 27.1817
28.0000 28.7007
28.0000 28.1932
28.0000 28.5527
28.0000 27.8069
28.0000 28.5667
28.0000 28.3137
28.0000 27.2472
28.0000 28.5570
28.0000 28.7328
28.0000 28.6064
28.0000 28.8984
28.0000 28.1298
28.0000 29.0999
28.0000 27.6061
28.0000 26.6818
28.0000 28.1860
28.0000 27.8141
28.0000 27.7798
28.0000 28.1869
28.0000 27.3469
28.0000 28.7030
28.0000 27.9999
28.0000 28.9975
28.0000 28.3711
28.0000 26.1016
28.0000 28.0867
28.0000 27.7763
28.0000 27.0532
28.0000 28.4548
28.0000 27.3543
28.0000 28.5196
28.0000 28.2757
28.0000 28.4653
28.0000 27.0019
28.0000 27.2593
28.0000 27.9948
28.0000 27.4031
28.0000 28.5989
28.0000 27.3031
28.0000 28.8529
28.0000 27.9772
28.0000 28.0815
28.0000 28.5766
28.0000 28.6118
28.0000 27.3011
28.0000 28.6292
28.0000 28.2388
28.0000 27.9230
28.0000 28.6384
28.0000 27.7426
28.0000 27.5757
28.0000 28.0257
28.0000 27.8210
28.0000 28.1432
28.0000 28.0689
28.0000 28.2286
28.0000 27.7708
28.0000 27.3826
28.0000 27.8040
28.0000 28.0069
28.0000 27.1673
28.0000 28.4755
28.0000 27.4989
28.0000 27.9441
28.0000 27.6555
28.0000 27.7181
28.0000 28.4567
28.0000 27.7001
28.0000 27.1641
28.0000 27.5418
28.0000 28.6455
28.0000 27.9027
28.0000 28.3769
28.0000 27.8061
28.0000 27.9703
28.0000 27.6435
28.0000 28.3229
28.0000 29.1507
28.0000 28.0907
28.0000 28.2987
28.0000 27.9581
28.0000 27.8764
28.0000 28.4739
28.0000 28.0458
28.0000 28.1537
28.0000 27.3555
28.0000 28.0555
28.0000 28.3313
28.0000 27.0935
28.0000 27.6702
28.0000 26.8713
28.0000 27.0209
28.0000 28.1565
28.0000 28.5267
28.0000 28.9888
28.0000 28.0695
28.0000 28.3843
28.0000 27.3769
28.0000 28.4010
28.0000 27.8093
28.0000 29.4090
28.0000 28.8274
28.0000 27.8427
28.0000 27.4133
28.0000 28.0479
28.0000 27.8938
28.0000 27.9368
28.0000 27.5227
28.0000 27.1653
28.0000 28.0523
28.0000 29.1437
28.0000 27.5639
28.0000 27.9551
28.0000 28.5964
28.0000 27.6157
28.0000 28.4350
28.0000 28.7327
28.0000 28.9587
28.0000 28.6538
28.0000 27.7751
28.0000 27.7657
28.0000 28.8780
28.0000 28.0843
28.0000 27.3051
28.0000 28.2599
28.0000 28.2046
28.0000 27.5322
28.0000 27.2267
28.0000 28.4021
28.0000 28.8526
28.0000 28.5078
28.0000 27.1526
28.0000 28.3800
28.0000 27.9786
28.0000 27.6179
28.0000 27.9223
28.0000 27.2756
28.0000 27.8404
28.0000 28.3137
28.0000 27.9379
28.0000 27.4565
28.0000 27.9291
28.0000 27.1281
28.0000 28.2170
28.0000 26.9048
28.0000 28.9324
28.0000 29.2383
28.0000 27.7765
28.0000 27.5117
28.0000 27.5634
28.0000 27.6363
28.0000 27.6787
28.0000 28.3175
28.0000 28.4468
28.0000 28.2431
28.0000 28.1059
28.0000 28.3679
28.0000 27.4020
28.0000 28.1338
28.0000 28.5273
28.0000 28.6104
28.0000 27.4698
28.0000 28.3756
28.0000 28.1782
28.0000 27.4754
28.0000 27.5807
28.0000 26.9765
28.0000 27.5523
28.0000 29.0396
28.0000 27.5324
28.0000 27.8493
28.0000 28.6024
28.0000 28.4729
28.0000 27.1712
28.0000 28.6440
28.0000 27.8510
28.0000 27.7017
28.0000 28.1522
28.0000 28.1437
28.0000 28.1492
28.0000 27.1839
28.0000 28.2735
28.0000 27.1565
28.0000 28.2830
28.0000 27.5963
28.0000 28.2369
28.0000 27.3628
28.0000 27.8579
28.0000 28.6459
28.0000 29.8464
28.0000 28.7843
28.0000 27.2247
28.0000 28.6874
28.0000 27.4068
28.0000 28.4062
28.0000 28.0762
28.0000 28.1770
28.0000 28.2003
28.0000 27.9845
28.0000 28.1162
28.0000 27.9168
28.0000 28.6115
28.0000 28.0465
28.0000 28.4959
28.0000 26.9858
28.0000 28.0225
28.0000 28.1135
28.0000 28.6657
28.0000 28.5835
28.0000 27.2825
28.0000 27.4253
28.0000 27.8574
28.0000 28.1096
28.0000 27.0820
28.0000 27.9555
28.0000 27.0217
28.0000 28.5821
28.0000 29.0012
28.0000 28.0493
28.0000 28.2252
28.0000 27.8070
28.0000 28.3455
28.0000 28.3836
28.0000 28.0802
28.0000 27.4514
28.0000 28.1546
28.0000 26.4753
28.0000 28.2016
28.0000 28.6969
28.0000 28.6911
28.0000 27.1937
28.0000 28.3418
28.0000 28.8912
28.0000 28.0548
28.0000 28.8651
28.0000 27.6684
28.0000 26.6586
28.0000 28.0931
28.0000 28.1738
28.0000 26.7432
28.0000 27.6703
28.0000 28.2477
28.0000 27.8899
28.0000 27.6338
28.0000 27.6916
28.0000 29.0686
28.0000 28.4582
28.0000 28.7492
28.0000 28.2816
28.0000 28.3396
28.0000 28.8929
28.0000 27.1619
28.0000 28.5718
28.0000 27.3441
28.0000 27.8664
28.0000 27.5302
28.0000 27.4094
28.0000 28.1448
28.0000 27.4213
28.0000 28.0563
28.0000 26.7205
28.0000 28.4308
28.0000 27.6567
28.0000 27.4054
28.0000 27.0171
28.0000 28.5274
28.0000 28.4326
28.0000 27.6011
28.0000 28.1205
28.0000 28.7425
28.0000 28.4627
28.0000 28.1367
28.0000 28.6845
28.0000 27.9098
28.0000 28.7769
28.0000 27.7390
28.0000 27.7695
28.0000 27.9270
28.0000 28.4251
28.0000 28.3086
28.0000 29.3357
28.0000 28.7134
28.0000 27.4743
28.0000 27.1564
28.0000 27.6253
28.0000 27.5116
28.0000 28.9725
28.0000 28.2631
28.0000 27.1099
28.0000 28.1748
28.0000 27.7236
28.0000 29.3244
28.0000 28.3600
28.0000 27.8525
28.0000 28.5565
28.0000 28.1800
28.0000 28.0746
28.0000 28.4982
28.0000 28.4346
28.0000 28.4730
28.0000 28.5750
28.0000 27.4772
28.0000 27.4447
28.0000 27.6306
28.0000 26.7876
28.0000 28.9642
28.0000 27.4713
28.0000 28.0837
28.0000 28.2420
28.0000 28.6222
28.0000 27.7186
28.0000 27.8293
28.0000 27.6425
28.0000 28.3651
28.0000 29.0515
28.0000 28.9622
28.0000 27.0275
28.0000 28.0779
28.0000 27.7841
28.0000 28.1856
28.0000 28.0939
28.0000 28.6865
28.0000 27.4574
28.0000 26.8426
28.0000 28.1904
28.0000 28.4811
28.0000 27.6207
28.0000 28.7716
28.0000 28.0813
28.0000 28.9238
28.0000 27.7797
28.0000 27.2252
28.0000 28.0025
28.0000 28.1771
28.0000 28.0642
28.0000 28.7580
28.0000 28.1699
28.0000 27.7513
28.0000 27.4896
28.0000 28.5865
28.0000 27.7024
28.0000 27.4114
28.0000 27.5952
28.0000 28.1964
28.0000 28.6245
28.0000 28.3058
28.0000 28.1967
28.0000 28.4572
28.0000 28.1189
28.0000 28.4776
28.0000 27.9618
28.0000 27.9811
28.0000 29.6443
28.0000 28.1286
28.0000 27.8682
28.0000 28.9499
28.0000 27.4192
28.0000 27.0848
28.0000 27.7395
28.0000 28.3158
28.0000 27.9361
28.0000 27.1363
28.0000 28.2225
28.0000 28.3290
28.0000 28.0468
28.0000 28.5771
28.0000 27.9891
28.0000 27.7153
28.0000 27.6693
28.0000 28.0477
28.0000 26.3851
28.0000 28.7353
28.0000 28.5473
28.0000 28.6256
28.0000 28.8705
28.0000 27.7237
28.0000 28.3715
28.0000 28.7349
28.0000 28.0581
28.0000 28.1635
28.0000 28.2638
28.0000 27.9787
28.0000 26.8225
28.0000 27.9230
28.0000 27.8326
28.0000 29.0417
28.0000 28.0326
28.0000 27.5299
28.0000 28.7403
28.0000 27.4124
28.0000 27.6651
28.0000 28.1128
28.0000 27.7246
28.0000 27.2112
28.0000 27.5166
28.0000 28.2318
28.0000 27.9761
28.0000 28.0148
28.0000 27.3085
28.0000 27.5939
28.0000 28.2429
28.0000 27.5377
28.0000 28.1360
28.0000 28.2665
28.0000 28.5905
28.0000 28.1951
28.0000 28.2147
28.0000 28.4557
28.0000 28.4093
28.0000 27.8111
28.0000 27.2846
28.0000 27.6428
28.0000 27.9951
28.0000 28.0412
28.0000 27.9328
28.0000 29.4365
28.0000 28.2389
28.0000 28.1222
28.0000 28.5860
28.0000 27.9452
28.0000 27.8640
28.0000 26.8620
28.0000 27.9144
28.0000 27.3024
28.0000 28.7835
28.0000 28.0765
28.0000 28.0030
28.0000 28.3752
28.0000 27.8375
28.0000 28.2847
28.0000 27.6173
28.0000 27.5148
28.0000 28.0207
28.0000 28.4220
28.0000 28.2205
28.0000 28.4273
28.0000 28.0718
28.0000 27.4782
28.0000 28.7823
28.0000 28.0115
28.0000 28.6136
28.0000 28.0361
28.0000 28.7370
28.0000 28.6223
28.0000 26.8844
28.0000 27.4786
28.0000 27.3020
28.0000 27.2231
28.0000 27.6259
28.0000 28.5485
28.0000 29.0383
28.0000 27.0601
28.0000 27.9042
28.0000 28.0599
28.0000 28.8531
28.0000 27.8608
28.0000 27.6186
28.0000 29.2033
28.0000 28.5773
28.0000 26.9964
28.0000 27.2387
28.0000 28.0451
28.0000 28.2216
28.0000 26.8644
28.0000 27.6918
28.0000 28.6316
28.0000 27.0788
28.0000 28.0737
28.0000 27.5938
28.0000 27.7804
28.0000 27.3819
28.0000 27.8208
28.0000 26.8657
28.0000 27.8073
28.0000 26.9044
28.0000 28.0363
28.0000 27.5528
28.0000 27.6835
28.0000 27.4487
28.0000 27.3234
28.0000 27.8296
28.0000 28.9935
28.0000 28.4809
28.0000 28.0068
28.0000 27.5043
28.0000 27.5126
28.0000 27.9397
28.0000 28.2251
28.0000 27.3708
28.0000 27.6086
28.0000 27.8360
28.0000 28.1758
28.0000 27.5888
28.0000 28.1713
28.0000 28.6475
28.0000 27.1149
28.0000 27.8152
28.0000 27.0279
28.0000 26.7463
28.0000 27.9590
28.0000 28.1649
28.0000 28.3434
28.0000 28.8585
28.0000 27.3244
28.0000 28.1617
28.0000 28.6933
28.0000 27.9589
28.0000 27.8054
28.0000 27.7090
28.0000 28.6884
28.0000 27.4123
28.0000 28.1076
28.0000 27.3947
28.0000 28.3383
28.0000 28.2987
28.0000 27.5789
28.0000 28.7917
28.0000 27.6051
28.0000 27.6068
28.0000 28.1456
28.0000 28.2845
28.0000 29.0666
28.0000 27.0140
28.0000 27.6812
28.0000 27.0700
28.0000 29.1116
28.0000 27.5136
28.0000 27.3220
28.0000 27.7097
28.0000 28.3585
28.0000 27.2711
28.0000 28.3653
28.0000 27.0971
28.0000 28.3727
28.0000 26.2724
28.0000 28.7995
28.0000 28.2319
28.0000 28.4847
28.0000 28.6278
28.0000 28.5209
28.0000 27.5951
28.0000 27.4710
28.0000 26.9892
28.0000 28.1852
28.0000 27.8386
28.0000 28.3289
28.0000 27.4505
28.0000 27.5884
28.0000 27.4486
28.0000 28.0169
28.0000 27.7712
28.0000 28.0146
28.0000 27.8102
28.0000 29.0721
28.0000 28.0473
28.0000 27.4157
28.0000 29.3581
28.0000 27.5922
28.0000 27.8650
28.0000 27.8287
28.0000 28.1643
28.0000 27.4397
28.0000 28.4258
28.0000 28.4564
28.0000 28.4281
28.0000 28.1557
28.0000 27.6562
28.0000 27.5889
28.0000 27.4825
28.0000 27.7428
28.0000 28.0582
28.0000 27.1628
28.0000 27.4007
28.0000 27.1698
28.0000 28.3388
28.0000 27.4640
28.0000 27.7113
28.0000 27.8559
28.0000 28.5061
28.0000 28.2625
28.0000 27.1530
28.0000 27.2887
28.0000 26.9042
28.0000 28.3836
28.0000 28.6252
28.0000 28.3409
28.0000 27.4861
28.0000 27.5475
28.0000 28.5398
28.0000 28.6399
28.0000 27.7262
28.0000 28.2534
28.0000 28.2688
28.0000 27.8864
28.0000 28.6828
28.0000 27.5653
28.0000 28.8158
28.0000 28.7095
28.0000 27.4997
28.0000 27.0801
28.0000 27.9939
28.0000 28.2593
28.0000 27.5734
28.0000 27.7204
28.0000 27.3624
28.0000 28.1955
28.0000 27.7511
28.0000 27.4019
28.0000 29.2480
28.0000 29.0880
28.0000 29.0932
28.0000 27.7823
28.0000 27.9238
28.0000 26.8877
28.0000 26.6395
28.0000 28.5277
28.0000 27.8181
28.0000 28.0929
28.0000 27.8896
28.0000 27.6824
28.0000 27.9096
28.0000 28.3905
28.0000 28.4264
28.0000 29.1704
28.0000 28.7393
28.0000 27.2903
28.0000 28.7036
28.0000 28.1373
28.0000 28.7469
28.0000 27.2642
28.0000 27.4069
28.0000 28.9707
28.0000 27.7779
28.0000 28.2807
28.0000 27.8737
28.0000 27.7184
28.0000 28.4848
28.0000 29.2151
28.0000 28.9326
28.0000 27.3482
28.0000 28.2990
28.0000 28.5181
28.0000 27.6109
28.0000 28.4784
28.0000 27.9114
28.0000 27.4040
28.0000 28.2542
28.0000 28.1304
28.0000 28.1631
28.0000 27.7040
28.0000 27.2779
28.0000 27.1308
28.0000 29.2756
28.0000 27.6664
28.0000 27.6530
28.0000 27.8616
28.0000 28.0225
28.0000 27.8616
28.0000 28.2757
28.0000 28.5382
28.0000 28.3345
28.0000 27.8276
28.0000 27.7143
28.0000 28.1890
28.0000 27.4700
28.0000 27.2153
28.0000 27.2197
28.0000 27.6273
28.0000 28.7402
28.0000 27.9031
28.0000 28.3429
28.0000 27.2871
28.0000 27.7354
28.0000 28.2223
28.0000 28.5704
28.0000 28.4693
28.0000 27.3215
28.0000 28.3325
28.0000 27.9133
28.0000 28.0893
28.0000 28.5046
28.0000 27.1117
28.0000 28.1346
28.0000 27.2368
28.0000 27.4376
28.0000 27.6367
28.0000 28.4928
28.0000 27.0441
28.0000 27.4014
28.0000 28.9026
28.0000 27.6419
28.0000 28.5351
28.0000 28.6774
28.0000 27.4915
28.0000 28.0790
28.0000 28.5051
28.0000 28.3112
28.0000 28.0944
28.0000 28.8435
28.0000 28.4586
28.0000 28.4210
28.0000 27.7935
28.0000 28.2754
28.0000 28.3059
28.0000 28.0307
28.0000 28.8879
28.0000 27.9959
28.0000 29.3549
28.0000 28.1222
28.0000 27.8641
28.0000 28.2733
28.0000 29.3460
28.0000 27.9578
28.0000 28.0659
28.0000 28.3466
28.0000 27.4368
28.0000 28.6776
28.0000 28.6866
28.0000 28.2534
28.0000 28.5907
28.0000 28.4415
28.0000 27.7244
28.0000 27.2460
28.0000 27.6528
28.0000 27.6603
28.0000 26.1144
28.0000 28.7674
28.0000 27.9186
28.0000 28.2237
28.0000 27.6214
28.0000 28.1357
28.0000 28.8108
28.0000 28.2928
28.0000 27.4795
28.0000 27.8471
28.0000 27.7290
28.0000 29.8394
28.0000 27.6730
28.0000 27.0360
28.0000 27.8487
28.0000 27.8732
28.0000 27.3081
28.0000 28.4518
28.0000 28.1494
28.0000 27.7523
28.0000 28.9364
28.0000 27.2132
28.0000 28.1306
28.0000 28.8074
28.0000 28.9681
28.0000 27.6569
28.0000 27.5973
28.0000 27.6339
28.0000 28.2631
28.0000 28.5188
28.0000 28.5287
28.0000 27.9116
28.0000 27.8227
28.0000 27.4785
28.0000 27.5861
28.0000 27.7969
28.0000 26.7934
28.0000 28.4390
28.0000 27.4893
28.0000 27.8538
28.0000 28.2723
28.0000 28.3707
28.0000 27.1757
28.0000 27.9958
28.0000 28.4828
28.0000 29.0007
28.0000 28.2441
28.0000 28.5561
28.0000 28.8956
28.0000 28.8842
28.0000 27.9110
28.0000 27.8401
28.0000 28.0567
28.0000 27.0952
28.0000 28.7800
28.0000 28.2437
28.0000 27.1664
28.0000 27.6394
28.0000 28.1436
28.0000 27.3306
28.0000 27.6401
28.0000 27.8324
28.0000 28.7055
28.0000 27.4026
28.0000 28.0344
28.0000 28.4607
28.0000 28.3789
28.0000 27.1952
28.0000 28.0531
28.0000 28.3295
28.0000 28.0344
28.0000 28.6473
28.0000 26.4707
28.0000 28.3320
28.0000 28.9041
28.0000 27.9542
28.0000 27.6933
28.0000 27.7784
28.0000 27.9007
28.0000 28.4136
28.0000 27.9004
28.0000 27.5229
28.0000 27.5126
28.0000 28.2902
28.0000 27.5284
28.0000 27.3242
28.0000 27.7588
28.0000 27.2017
28.0000 28.2766
28.0000 27.7024
28.0000 28.5485
28.0000 28.2056
28.0000 27.8893
28.0000 28.4064
28.0000 28.9958
28.0000 27.2927
28.0000 27.5252
28.0000 27.6381
28.0000 28.7710
28.0000 27.7186
28.0000 28.3172
28.0000 28.2409
28.0000 29.0292
28.0000 27.8034
28.0000 28.3035
28.0000 28.5809
28.0000 29.1482
28.0000 27.7290
28.0000 28.1987
28.0000 27.2659
28.0000 28.5954
28.0000 28.6209
28.0000 26.9368
28.0000 28.2826
28.0000 27.5595
28.0000 28.4437
28.0000 27.5859
28.0000 28.7121
28.0000 27.8934
28.0000 28.8536
28.0000 28.8238
28.0000 27.9962
28.0000 28.4311
28.0000 28.2915
28.0000 28.2298
28.0000 28.5155
28.0000 28.4716
28.0000 27.4911
28.0000 27.7294
28.0000 28.9459
28.0000 28.2833
28.0000 27.9242
28.0000 28.4399
28.0000 27.5248
28.0000 28.4184
28.0000 27.7747
28.0000 28.6118
28.0000 27.6713
28.0000 29.5691
28.0000 28.4542
28.0000 28.3841
28.0000 27.8954
28.0000 28.8322
28.0000 27.3408
28.0000 28.5282
28.0000 26.7420
28.0000 29.0088
28.0000 27.7591
28.0000 28.5125
28.0000 27.8342
28.0000 27.7296
28.0000 27.6263
28.0000 27.1377
28.0000 28.5039
28.0000 28.2134
28.0000 27.1070
28.0000 28.0339
28.0000 29.1510
28.0000 27.9896
28.0000 28.5839
28.0000 27.5731
28.0000 28.6309
28.0000 28.1058
28.0000 27.7994
28.0000 27.6643
28.0000 27.1194
28.0000 28.6417
28.0000 27.8695
28.0000 28.6650
28.0000 28.6071
28.0000 28.2571
28.0000 27.4711
28.0000 28.0638
28.0000 28.3818
28.0000 29.4241
28.0000 28.6703
28.0000 28.0787
28.0000 28.0522
28.0000 28.2709
28.0000 28.0029
28.0000 28.3824
28.0000 27.5716
28.0000 27.9016
28.0000 28.0007
28.0000 27.7304
28.0000 28.5824
28.0000 28.8719
28.0000 28.9342
28.0000 28.1509
28.0000 28.5032
28.0000 27.2741
28.0000 27.5098
28.0000 28.0983
28.0000 28.8876
28.0000 27.5053
28.0000 28.3001
28.0000 28.2880
28.0000 28.4625
28.0000 27.8209
28.0000 28.8543
28.0000 28.7363
28.0000 28.3900
28.0000 28.2444
28.0000 28.2487
28.0000 27.0987
28.0000 28.4376
28.0000 26.5726
28.0000 28.2236
28.0000 28.2607
28.0000 28.6719
28.0000 26.8768
28.0000 27.7959
28.0000 27.8414
28.0000 28.3312
28.0000 27.4731
28.0000 27.9788
28.0000 28.7790
28.0000 28.0923
28.0000 28.9139
28.0000 27.5875
28.0000 28.9550
28.0000 28.6303
28.0000 27.1796
28.0000 27.6666
28.0000 28.1152
28.0000 28.4070
28.0000 28.4976
28.0000 27.9553
28.0000 28.2176
28.0000 27.4496
28.0000 27.6382
28.0000 28.0753
28.0000 27.6427
28.0000 28.3139
28.0000 28.3775
28.0000 28.6294
28.0000 27.7223
28.0000 26.7154
28.0000 28.4360
28.0000 27.5406
28.0000 27.8634
28.0000 27.7679
28.0000 27.0945
28.0000 27.7078
28.0000 27.9726
28.0000 28.3880
28.0000 28.8562
28.0000 27.8191
28.0000 28.0237
28.0000 27.3529
28.0000 27.4124
28.0000 28.1801
28.0000 29.3376
28.0000 27.9535
28.0000 28.7815
28.0000 27.8021
28.0000 26.9507
28.0000 26.6392
28.0000 28.1477
28.0000 28.5687
28.0000 27.8878
28.0000 27.2091
28.0000 29.0951
28.0000 27.3831
28.0000 27.1253
28.0000 28.1834
28.0000 28.3707
28.0000 28.1935
28.0000 27.9166
28.0000 27.8079
28.0000 28.3777
28.0000 28.7933
28.0000 28.1512
28.0000 27.1686
28.0000 28.1864
28.0000 28.2063
28.0000 28.5813
28.0000 28.1580
28.0000 26.6436
28.0000 29.1273
28.0000 28.3345
28.0000 28.0297
28.0000 26.7052
28.0000 28.0309
28.0000 28.6181
28.0000 27.8914
28.0000 28.4413
28.0000 27.4232
28.0000 28.8326
28.0000 28.2397
28.0000 28.0326
28.0000 28.7460
28.0000 26.8807
28.0000 29.0854
28.0000 27.5882
28.0000 27.6143
28.0000 27.3615
28.0000 29.2991
28.0000 28.3000
28.0000 27.8133
28.0000 28.5340
28.0000 27.6984
28.0000 27.7691
28.0000 27.6343
28.0000 28.1456
28.0000 26.9790
28.0000 27.5111
28.0000 27.2724
28.0000 27.0632
28.0000 28.9563
28.0000 27.3595
28.0000 28.1436
28.0000 28.1001
28.0000 28.5425
28.0000 27.5893
28.0000 28.0433
28.0000 26.7656
28.0000 28.6972
28.0000 27.3454
28.0000 27.1461
28.0000 28.1376
28.0000 26.9644
28.0000 27.4519
28.0000 28.3639
28.0000 27.8078
28.0000 27.5734
28.0000 27.4069
28.0000 28.6078
28.0000 27.9100
28.0000 29.2536
28.0000 28.2600
28.0000 27.1071
28.0000 28.5630
28.0000 26.6960
28.0000 28.6068
28.0000 26.9969
28.0000 28.2454
28.0000 27.6160
28.0000 27.9025
28.0000 27.5893
28.0000 27.2856
28.0000 27.5108
28.0000 27.9612
28.0000 27.4290
28.0000 27.1972
28.0000 28.3209
28.0000 27.5902
28.0000 27.0098
28.0000 26.8813
28.0000 29.2473
28.0000 28.8122
28.0000 27.3145
28.0000 28.2064
28.0000 29.6484
28.0000 27.2068
28.0000 28.9283
28.0000 28.0978
28.0000 28.0152
28.0000 27.7181
28.0000 27.9598
28.0000 27.9551
28.0000 27.4257
28.0000 28.3195
28.0000 28.0802
28.0000 27.6431
28.0000 28.0920
28.0000 27.0803
28.0000 27.5316
28.0000 27.3205
28.0000 27.9549
28.0000 28.3746
28.0000 28.2601
28.0000 28.5920
28.0000 28.8873
28.0000 26.8771
28.0000 28.8109
28.0000 28.0036
28.0000 28.7222
28.0000 27.6343
28.0000 28.2242
28.0000 27.5049
28.0000 28.6123
28.0000 27.6249
28.0000 27.9537
28.0000 27.4519
28.0000 28.6645
28.0000 28.0904
28.0000 28.3809
28.0000 27.8618
28.0000 27.8928
28.0000 27.5251
28.0000 27.5641
28.0000 27.6791
28.0000 28.3859
28.0000 27.2660
28.0000 29.0018
28.0000 28.0125
28.0000 29.0571
28.0000 28.3797
28.0000 28.1072
28.0000 27.5353
28.0000 28.5979
28.0000 27.4730
28.0000 27.8450
28.0000 27.5578
28.0000 28.6883
28.0000 28.1713
28.0000 27.5426
28.0000 28.4153
28.0000 26.8858
28.0000 27.9131
28.0000 27.6662
28.0000 27.6491
28.0000 27.2585
28.0000 28.4957
28.0000 28.2194
28.0000 27.5336
28.0000 28.3714
28.0000 28.2414
28.0000 28.2063
28.0000 27.3280
28.0000 28.4943
28.0000 27.9132
28.0000 27.0411
28.0000 27.7233
28.0000 29.1592
28.0000 27.9249
28.0000 28.4145
28.0000 28.6926
28.0000 28.1698
28.0000 27.8927
28.0000 27.0631
28.0000 28.4474
28.0000 27.7705
28.0000 28.7910
28.0000 28.7279
28.0000 27.6230
28.0000 27.5392
28.0000 28.1549
28.0000 28.4731
28.0000 28.6586
28.0000 27.6254
28.0000 28.7417
28.0000 27.9012
28.0000 28.1945
28.0000 27.3560
28.0000 28.8451
28.0000 27.8736
28.0000 27.9332
28.0000 28.1047
28.0000 28.2467
28.0000 28.4206
28.0000 28.7184
28.0000 28.4146
28.0000 28.1729
28.0000 28.3906
28.0000 27.8234
28.0000 28.4116
28.0000 28.0754
28.0000 28.4047
28.0000 28.1897
28.0000 28.1221
28.0000 28.3735
28.0000 28.5809
28.0000 28.3045
28.0000 28.7748
28.0000 28.9496
28.0000 27.7704
28.0000 28.5956
28.0000 27.8367
28.0000 27.8222
28.0000 28.3932
28.0000 27.9795
28.0000 27.7123
28.0000 27.3102
28.0000 28.6152
28.0000 27.9871
28.0000 28.5894
28.0000 27.9121
28.0000 28.5941
28.0000 27.8695
28.0000 28.3290
28.0000 27.2457
28.0000 28.4510
28.0000 27.5999
28.0000 28.4929
28.0000 28.2108
28.0000 27.2528
28.0000 27.8887
28.0000 27.9366
28.0000 27.5021
28.0000 28.3437
28.0000 28.0200
28.0000 28.0196
28.0000 27.6499
28.0000 27.5001
28.0000 28.6125
28.0000 28.1021
28.0000 28.1296
28.0000 29.0180
28.0000 28.3845
28.0000 28.1360
28.0000 27.2150
28.0000 29.0040
28.0000 27.9642
28.0000 28.0727
28.0000 26.8544
28.0000 28.7782
28.0000 27.7122
28.0000 27.6487
28.0000 28.7849
28.0000 28.1007
28.0000 28.2992
28.0000 27.2265
28.0000 27.7705
28.0000 27.6832
28.0000 26.8406
28.0000 28.1050
28.0000 27.9780
28.0000 27.5505
28.0000 28.6174
28.0000 26.5783
28.0000 27.8678
28.0000 28.6779
28.0000 28.2135
28.0000 28.3143
28.0000 27.0698
28.0000 28.4056
28.0000 28.2579
28.0000 28.5856
28.0000 27.7881
28.0000 28.0851
28.0000 27.2415
28.0000 28.2630
28.0000 28.3566
28.0000 27.8624
28.0000 28.3939
28.0000 28.7511
28.0000 28.5811
28.0000 27.9217
28.0000 26.9205
28.0000 28.7365
28.0000 28.8718
28.0000 28.5915
28.0000 27.7656
28.0000 28.5522
28.0000 27.9718
28.0000 28.7005
28.0000 27.5762
28.0000 29.0141
28.0000 27.9107
28.0000 27.8773
28.0000 27.6676
28.0000 27.2882
28.0000 27.9716
28.0000 27.5813
28.0000 28.3454
28.0000 28.1925
28.0000 28.7851
28.0000 28.2810
28.0000 28.3967
28.0000 27.6104
28.0000 27.4497
28.0000 28.8248
28.0000 27.8159
28.0000 27.6684
28.0000 27.7910
28.0000 27.3782
28.0000 28.2960
28.0000 27.6431
28.0000 27.9915
28.0000 27.5501
28.0000 28.7964
28.0000 28.6910
28.0000 29.0192
28.0000 28.2264
28.0000 27.8947
28.0000 27.8655
28.0000 26.8985
28.0000 28.2594
28.0000 28.1847
28.0000 27.9631
28.0000 27.3654
28.0000 27.9479
28.0000 28.5212
28.0000 27.8189
28.0000 27.6809
28.0000 28.1462
28.0000 28.8728
28.0000 28.2295
28.0000 28.1389
28.0000 28.1366
28.0000 28.0510
28.0000 28.3978
28.0000 27.9148
28.0000 27.3277
28.0000 27.9734
28.0000 28.7737
28.0000 29.4875
28.0000 28.6127
28.0000 28.0179
28.0000 27.7658
28.0000 28.1575
28.0000 28.1343
28.0000 28.3226
28.0000 28.4421
28.0000 27.8140
28.0000 27.0857
28.0000 28.6185
28.0000 27.8273
28.0000 27.6426
28.0000 28.3230
28.0000 28.2872
28.0000 27.9660
28.0000 27.6815
28.0000 28.4741
28.0000 26.9879
28.0000 28.0422
28.0000 29.6144
28.0000 28.3360
28.0000 28.9662
28.0000 28.2550
28.0000 27.5110
28.0000 28.4697
28.0000 28.2183
28.0000 28.2065
28.0000 28.0979
28.0000 27.6534
28.0000 28.1126
28.0000 27.4427
28.0000 27.8674
28.0000 28.3478
28.0000 27.8937
28.0000 27.7210
28.0000 27.5792
28.0000 27.9153
28.0000 27.9487
28.0000 29.0047
28.0000 27.3458
28.0000 28.0091
28.0000 26.8353
28.0000 28.8014
28.0000 27.8588
28.0000 27.5013
28.0000 28.3569
28.0000 26.8607
28.0000 29.4010
28.0000 28.3622
28.0000 27.6687
28.0000 28.5958
28.0000 27.8022
28.0000 28.2060
28.0000 28.3937
28.0000 27.8219
28.0000 27.8597
28.0000 27.2432
28.0000 28.6218
28.0000 28.8114
28.0000 28.5645
28.0000 28.4530
28.0000 27.4505
28.0000 28.5728
28.0000 28.3470
28.0000 29.1217
28.0000 28.6470
28.0000 27.9049
28.0000 28.2394
28.0000 26.9609
28.0000 27.4086
28.0000 28.9959
28.0000 28.0556
28.0000 27.9329
28.0000 28.2734
28.0000 28.5019
28.0000 27.7428
28.0000 27.1247
28.0000 28.7050
28.0000 27.3987
28.0000 27.6502
28.0000 27.7452
28.0000 27.6637
28.0000 27.8911
28.0000 28.3269
28.0000 28.1355
28.0000 28.0838
28.0000 28.1214
28.0000 27.7474
28.0000 27.3388
28.0000 28.2284
28.0000 27.7753
28.0000 28.1713
28.0000 28.1268
28.0000 28.0684
28.0000 27.6980
28.0000 27.5340
28.0000 28.1748
28.0000 28.5851
28.0000 27.9642
28.0000 27.6944
28.0000 28.4863
28.0000 27.8316
28.0000 27.9672
28.0000 28.7154
28.0000 28.3908
28.0000 27.5662
28.0000 28.9657
28.0000 27.6227
28.0000 27.5306
28.0000 29.1688
28.0000 28.6361
28.0000 28.4473
28.0000 28.3902
28.0000 28.8813
28.0000 27.0722
28.0000 28.1313
28.0000 28.7542
28.0000 27.8068
28.0000 27.6960
28.0000 26.8576
28.0000 29.0354
28.0000 28.7592
28.0000 27.4745
28.0000 28.0688
28.0000 27.6056
28.0000 28.4407
28.0000 28.9813
28.0000 28.4376
28.0000 28.3582
28.0000 27.9030
28.0000 28.6635
28.0000 28.2847
28.0000 27.9265
28.0000 27.9565
28.0000 28.3076
28.0000 29.5530
28.0000 27.8283
28.0000 29.0894
28.0000 27.5759
28.0000 27.9557
28.0000 27.6796
28.0000 28.5116
28.0000 27.4577
28.0000 27.9287
28.0000 27.7152
28.0000 28.1537
28.0000 28.0872
28.0000 28.0018
28.0000 29.0038
28.0000 28.3171
28.0000 27.3743
28.0000 27.0210
28.0000 27.0932
28.0000 28.4726
28.0000 27.4851
28.0000 28.3720
28.0000 29.1032
28.0000 29.0226
28.0000 27.7355
28.0000 27.8670
28.0000 27.2851
28.0000 27.4867
28.0000 27.4802
28.0000 28.9488
28.0000 27.5297
28.0000 28.6901
28.0000 27.4593
28.0000 28.5813
28.0000 28.2729
28.0000 27.8364
28.0000 27.9007
28.0000 28.2818
28.0000 27.8270
28.0000 27.3565
28.0000 27.7070
28.0000 28.1924
28.0000 27.8479
28.0000 29.5035
28.0000 28.3620
28.0000 27.8059
28.0000 28.0204
28.0000 27.8372
28.0000 28.2330
28.0000 28.5054
28.0000 27.8834
28.0000 27.9149
28.0000 28.6327
28.0000 28.0523
28.0000 29.2678
