30.0000 30.1615
30.0000 30.4527
30.0000 29.6439
30.0000 29.5160
30.0000 30.9228
30.0000 30.2798
30.0000 30.0812
30.0000 31.5120
30.0000 30.0116
30.0000 29.9161
30.0000 29.8126
30.0000 30.0726
30.0000 29.8893
30.0000 30.2185
30.0000 30.6099
30.0000 28.5063
30.0000 30.5892
30.0000 29.2289
30.0000 30.6257
30.0000 30.1927
30.0000 31.2206
30.0000 29.8975
30.0000 30.9145
30.0000 29.9663
30.0000 30.6107
30.0000 28.7957
30.0000 29.4243
30.0000 30.6255
30.0000 29.7862
30.0000 30.1117
30.0000 30.7919
30.0000 30.6610
30.0000 28.9122
30.0000 30.3480
30.0000 30.0752
30.0000 29.7056
30.0000 31.3824
30.0000 30.5945
30.0000 29.6913
30.0000 30.4167
30.0000 30.1758
30.0000 29.9495
30.0000 29.6987
30.0000 29.3331
30.0000 30.2466
30.0000 29.5512
30.0000 30.2384
30.0000 30.7852
30.0000 29.9623
30.0000 29.8513
30.0000 30.6915
30.0000 29.5430
30.0000 30.2955
30.0000 29.2207
30.0000 30.2039
30.0000 30.6881
30.0000 29.7108
30.0000 29.9020
30.0000 30.0296
30.0000 30.4879
30.0000 30.2103
30.0000 29.5440
30.0000 29.0473
30.0000 30.2371
30.0000 29.8139
30.0000 30.1943
30.0000 30.7156
30.0000 30.7220
30.0000 29.9397
30.0000 30.5532
30.0000 29.2541
30.0000 29.9875
30.0000 30.2809
30.0000 30.3880
30.0000 29.6844
30.0000 29.3628
30.0000 29.6536
30.0000 30.1733
30.0000 31.1162
30.0000 30.4712
30.0000 29.7792
30.0000 29.7304
30.0000 30.4754
30.0000 30.3267
30.0000 30.1250
30.0000 30.7012
30.0000 29.6559
30.0000 30.6574
30.0000 30.1166
30.0000 29.7940
30.0000 29.8566
30.0000 30.8169
30.0000 29.9764
30.0000 30.1074
30.0000 28.9269
30.0000 30.3225
30.0000 29.6416
30.0000 30.4295
30.0000 29.5159
30.0000 30.0885
30.0000 29.9952
30.0000 30.4045
30.0000 30.5863
30.0000 30.8835
30.0000 28.8416
30.0000 30.2933
30.0000 30.0853
30.0000 29.4434
30.0000 29.7607
30.0000 29.9443
30.0000 30.0266
30.0000 30.3149
30.0000 29.3808
30.0000 30.0098
30.0000 30.0931
30.0000 30.4938
30.0000 29.4875
30.0000 30.4121
30.0000 29.9786
30.0000 30.7013
30.0000 29.5841
30.0000 29.7512
30.0000 29.9731
30.0000 29.5387
30.0000 30.0285
30.0000 30.1897
30.0000 30.4117
30.0000 29.3865
30.0000 30.9103
30.0000 31.0671
30.0000 30.3452
30.0000 30.0105
30.0000 29.9620
30.0000 30.1951
30.0000 30.3633
30.0000 29.6136
30.0000 31.1787
30.0000 30.6614
30.0000 30.1831
30.0000 29.9305
30.0000 29.5674
30.0000 29.9449
30.0000 30.7121
30.0000 31.0067
30.0000 29.9506
30.0000 30.9802
30.0000 30.0901
30.0000 29.2123
30.0000 29.2713
30.0000 30.0091
30.0000 30.2370
30.0000 30.0339
30.0000 28.9922
30.0000 31.0450
30.0000 29.2743
30.0000 29.8308
30.0000 30.3369
30.0000 30.0302
30.0000 29.9725
30.0000 29.2364
30.0000 30.3751
30.0000 29.5987
30.0000 29.9406
30.0000 30.3767
30.0000 30.0035
30.0000 30.2452
30.0000 29.9528
30.0000 29.8484
30.0000 29.9834
30.0000 30.8784
30.0000 29.9424
30.0000 29.7861
30.0000 31.1318
30.0000 29.5789
30.0000 29.6885
30.0000 30.3561
30.0000 30.4245
30.0000 30.1259
30.0000 30.4785
30.0000 28.5509
30.0000 29.4963
30.0000 30.4380
30.0000 29.9630
30.0000 29.7204
30.0000 31.0006
30.0000 30.7041
30.0000 29.2283
30.0000 30.2161
30.0000 29.5116
30.0000 30.0899
30.0000 30.3184
30.0000 30.7396
30.0000 30.8238
30.0000 29.4166
30.0000 29.0083
30.0000 29.1164
30.0000 29.2318
30.0000 29.6897
30.0000 30.3485
30.0000 30.0244
30.0000 30.5560
30.0000 29.5350
30.0000 29.6323
30.0000 29.2464
30.0000 29.6172
30.0000 29.4431
30.0000 29.2004
30.0000 29.9201
30.0000 30.7593
30.0000 30.3326
30.0000 30.3947
30.0000 30.1700
30.0000 29.2172
30.0000 29.8628
30.0000 30.3631
30.0000 29.9798
30.0000 30.0688
30.0000 30.7143
30.0000 30.5482
30.0000 29.7835
30.0000 29.8918
30.0000 29.6601
30.0000 29.9184
30.0000 30.8834
30.0000 29.9736
30.0000 30.6743
30.0000 29.6486
30.0000 30.3388
30.0000 28.8493
30.0000 30.3785
30.0000 29.4422
30.0000 29.5258
30.0000 30.2807
30.0000 29.6408
30.0000 30.6313
30.0000 30.2247
30.0000 29.7132
30.0000 30.8537
30.0000 30.0830
30.0000 30.4087
30.0000 29.5355
30.0000 30.2062
30.0000 30.5608
30.0000 30.0245
30.0000 30.3166
30.0000 30.4197
30.0000 29.6324
30.0000 29.4099
30.0000 30.1620
30.0000 29.8433
30.0000 30.4842
30.0000 29.7032
30.0000 30.5625
30.0000 29.9574
30.0000 30.5343
30.0000 29.1962
30.0000 29.7035
30.0000 30.4120
30.0000 29.2372
30.0000 29.2386
30.0000 29.9413
30.0000 30.6056
30.0000 30.7266
30.0000 30.1302
30.0000 30.8596
30.0000 29.5725
30.0000 30.1185
30.0000 29.3437
30.0000 29.0943
30.0000 30.0363
30.0000 30.1246
30.0000 30.2239
30.0000 31.0137
30.0000 29.4152
30.0000 30.3926
30.0000 29.0286
30.0000 29.9770
30.0000 30.1627
30.0000 29.9438
30.0000 29.2422
30.0000 30.3404
30.0000 29.5626
30.0000 29.9694
30.0000 29.1367
30.0000 30.4411
30.0000 29.2151
30.0000 30.1077
30.0000 30.1182
30.0000 30.1720
30.0000 29.2784
30.0000 29.8781
30.0000 29.9205
30.0000 30.2618
30.0000 30.1602
30.0000 31.2672
30.0000 30.9300
30.0000 29.7978
30.0000 29.2672
30.0000 30.1588
30.0000 29.4638
30.0000 31.1397
30.0000 29.8215
30.0000 30.3419
30.0000 28.9852
30.0000 29.5725
30.0000 29.0975
30.0000 29.2533
30.0000 31.1249
30.0000 29.6514
30.0000 30.6250
30.0000 29.8568
30.0000 31.0157
30.0000 29.1752
30.0000 30.7975
30.0000 28.3993
30.0000 30.3216
30.0000 30.7737
30.0000 29.7005
30.0000 29.4976
30.0000 29.8896
30.0000 29.3253
30.0000 30.3461
30.0000 29.8944
30.0000 29.4638
30.0000 30.1829
30.0000 30.0340
30.0000 30.9886
30.0000 31.0779
30.0000 29.5199
30.0000 30.5825
30.0000 29.7541
30.0000 29.8287
30.0000 29.8263
30.0000 29.6712
30.0000 29.4614
30.0000 29.4952
30.0000 29.8813
30.0000 30.3727
30.0000 31.4159
30.0000 30.4091
30.0000 30.2253
30.0000 30.4249
30.0000 30.8319
30.0000 29.6681
30.0000 29.8779
30.0000 31.0393
30.0000 29.9139
30.0000 29.7512
30.0000 30.0125
30.0000 29.4855
30.0000 29.6570
30.0000 30.1148
30.0000 29.8319
30.0000 30.1348
30.0000 29.4073
30.0000 30.3215
30.0000 28.9427
30.0000 29.2878
30.0000 29.9842
30.0000 29.6392
30.0000 29.4778
30.0000 30.0256
30.0000 29.6520
30.0000 30.3740
30.0000 30.5085
30.0000 30.3090
30.0000 30.1481
30.0000 30.0738
30.0000 30.4938
30.0000 29.6983
30.0000 30.8628
30.0000 30.5427
30.0000 30.0004
30.0000 29.8798
30.0000 30.1235
30.0000 30.6771
30.0000 29.4725
30.0000 29.5554
30.0000 30.5404
30.0000 30.6977
30.0000 29.4347
30.0000 30.2181
30.0000 29.6431
30.0000 29.7440
30.0000 30.9883
30.0000 29.6478
30.0000 30.9329
30.0000 30.3037
30.0000 29.8623
30.0000 30.0089
30.0000 30.1367
30.0000 30.0920
30.0000 30.9281
30.0000 30.6860
30.0000 30.5106
30.0000 30.6458
30.0000 29.9290
30.0000 29.7814
30.0000 30.7507
30.0000 29.3064
30.0000 30.1525
30.0000 29.5095
30.0000 30.3133
30.0000 30.5747
30.0000 30.4111
30.0000 30.2649
30.0000 30.1791
30.0000 30.9598
30.0000 30.8559
30.0000 29.6453
30.0000 29.9948
30.0000 29.2189
30.0000 30.3766
30.0000 30.4312
30.0000 30.5401
30.0000 29.2731
30.0000 30.2757
30.0000 30.5899
30.0000 30.2928
30.0000 30.0973
30.0000 30.1935
30.0000 30.4176
30.0000 29.8931
30.0000 29.1874
30.0000 29.2180
30.0000 29.3694
30.0000 29.6618
30.0000 30.0481
30.0000 30.3998
30.0000 30.8058
30.0000 30.7452
30.0000 28.7181
30.0000 30.7212
30.0000 29.8534
30.0000 30.1055
30.0000 29.7710
30.0000 29.2333
30.0000 29.7515
30.0000 29.9460
30.0000 29.4814
30.0000 30.0756
30.0000 30.1280
30.0000 29.4623
30.0000 31.3670
30.0000 30.7596
30.0000 28.8501
30.0000 30.2441
30.0000 29.8202
30.0000 29.9377
30.0000 30.7906
30.0000 30.8786
30.0000 29.9324
30.0000 30.3500
30.0000 30.0959
30.0000 29.9013
30.0000 29.4427
30.0000 31.5595
30.0000 30.7869
30.0000 29.9755
30.0000 29.7594
30.0000 29.7391
30.0000 29.6159
30.0000 30.2182
30.0000 29.4937
30.0000 29.6083
30.0000 30.4366
30.0000 29.5975
30.0000 31.3743
30.0000 30.0077
30.0000 29.6725
30.0000 30.3845
30.0000 31.8124
30.0000 29.9168
30.0000 30.3983
30.0000 29.7227
30.0000 29.6536
30.0000 30.4578
30.0000 29.4270
30.0000 29.5982
30.0000 29.2725
30.0000 30.4086
30.0000 29.9777
30.0000 31.0364
30.0000 29.8616
30.0000 30.2480
30.0000 31.1841
30.0000 30.2158
30.0000 29.7338
30.0000 30.0399
30.0000 29.8299
30.0000 30.0786
30.0000 29.3114
30.0000 30.5044
30.0000 29.3180
30.0000 30.6777
30.0000 29.9623
30.0000 30.7907
30.0000 29.4155
30.0000 29.9122
30.0000 30.4693
30.0000 30.9740
30.0000 28.9468
30.0000 30.2390
30.0000 31.0354
30.0000 29.8839
30.0000 29.9259
30.0000 30.1796
30.0000 30.3593
30.0000 30.6816
30.0000 29.3997
30.0000 30.8789
30.0000 30.3615
30.0000 29.9540
30.0000 30.4733
30.0000 30.2659
30.0000 30.9226
30.0000 30.0277
30.0000 29.4681
30.0000 29.7683
30.0000 29.3196
30.0000 30.3606
30.0000 29.5775
30.0000 31.0796
30.0000 29.7284
30.0000 29.1617
30.0000 29.3541
30.0000 29.5862
30.0000 29.3612
30.0000 29.8512
30.0000 29.3147
30.0000 29.2412
30.0000 29.7531
30.0000 30.3516
30.0000 30.1448
30.0000 29.3999
30.0000 29.9368
30.0000 30.7148
30.0000 29.7992
30.0000 29.8633
30.0000 29.0497
30.0000 29.7019
30.0000 29.0644
30.0000 29.1862
30.0000 30.7108
30.0000 30.0193
30.0000 29.3679
30.0000 30.0761
30.0000 30.1531
30.0000 29.4890
30.0000 30.3747
30.0000 30.6089
30.0000 30.5699
30.0000 30.3375
30.0000 29.3561
30.0000 30.0538
30.0000 30.2559
30.0000 29.3747
30.0000 30.7728
30.0000 29.6730
30.0000 29.9684
30.0000 30.0276
30.0000 29.9712
30.0000 29.2414
30.0000 29.7259
30.0000 29.9589
30.0000 29.9895
30.0000 29.9376
30.0000 29.8397
30.0000 29.4297
30.0000 29.0067
30.0000 30.4993
30.0000 29.5968
30.0000 30.5717
30.0000 30.5303
30.0000 29.8615
30.0000 31.2361
30.0000 29.3692
30.0000 31.3074
30.0000 31.2166
30.0000 30.0648
30.0000 30.5155
30.0000 30.1699
30.0000 30.0465
30.0000 29.9566
30.0000 30.6182
30.0000 29.7575
30.0000 30.1755
30.0000 30.2772
30.0000 30.7260
30.0000 29.3148
30.0000 29.8687
30.0000 29.3158
30.0000 30.3045
30.0000 29.4490
30.0000 30.2965
30.0000 30.0217
30.0000 30.8242
30.0000 29.4766
30.0000 31.0418
30.0000 29.5805
30.0000 31.0747
30.0000 30.9399
30.0000 30.3913
30.0000 30.4454
30.0000 30.2165
30.0000 29.6926
30.0000 29.8334
30.0000 29.5136
30.0000 29.4246
30.0000 30.4840
30.0000 29.3983
30.0000 29.7537
30.0000 30.7488
30.0000 29.5492
30.0000 31.0302
30.0000 29.7790
30.0000 29.9738
30.0000 29.2402
30.0000 30.1468
30.0000 30.8593
30.0000 29.0357
30.0000 29.8717
30.0000 29.9963
30.0000 30.6536
30.0000 30.0752
30.0000 31.1135
30.0000 29.2160
30.0000 30.8427
30.0000 30.4257
30.0000 30.1162
30.0000 30.1787
30.0000 30.4614
30.0000 29.4028
30.0000 31.2395
30.0000 30.0757
30.0000 30.7941
30.0000 29.4788
30.0000 29.5025
30.0000 29.4656
30.0000 29.9657
30.0000 29.7340
30.0000 31.2723
30.0000 30.6617
30.0000 29.6220
30.0000 29.7131
30.0000 29.9047
30.0000 29.3342
30.0000 29.4240
30.0000 29.8210
30.0000 30.2032
30.0000 30.5530
30.0000 29.0383
30.0000 29.9590
30.0000 29.9295
30.0000 29.6680
30.0000 29.5758
30.0000 30.5604
30.0000 29.5161
30.0000 30.3499
30.0000 30.4981
30.0000 29.7992
30.0000 30.5554
30.0000 30.3046
30.0000 29.4954
30.0000 29.7156
30.0000 30.3979
30.0000 30.3280
30.0000 30.3819
30.0000 30.0345
30.0000 30.5016
30.0000 30.7605
30.0000 29.4918
30.0000 29.4274
30.0000 30.6296
30.0000 29.8059
30.0000 29.2336
30.0000 29.8706
30.0000 30.0658
30.0000 29.6243
30.0000 29.8339
30.0000 29.7819
30.0000 30.5275
30.0000 29.6935
30.0000 29.8109
30.0000 31.0068
30.0000 30.2978
30.0000 30.0608
30.0000 30.0656
30.0000 30.7661
30.0000 28.7003
30.0000 30.4503
30.0000 30.1429
30.0000 29.5796
30.0000 30.0535
30.0000 29.5466
30.0000 30.6970
30.0000 29.7008
30.0000 30.0349
30.0000 29.3195
30.0000 29.0135
30.0000 29.2953
30.0000 29.9975
30.0000 29.9326
30.0000 30.0913
30.0000 30.1292
30.0000 29.5943
30.0000 29.1278
30.0000 29.9384
30.0000 29.7955
30.0000 30.8913
30.0000 30.1859
30.0000 29.6946
30.0000 29.6544
30.0000 30.7828
30.0000 30.5980
30.0000 29.5852
30.0000 30.0991
30.0000 30.1763
30.0000 30.2797
30.0000 30.0263
30.0000 29.8641
30.0000 28.8332
30.0000 29.9240
30.0000 29.9490
30.0000 30.1955
30.0000 29.6266
30.0000 29.4895
30.0000 29.4951
30.0000 29.7378
30.0000 29.8629
30.0000 29.7230
30.0000 31.1978
30.0000 30.9418
30.0000 29.6447
30.0000 29.8506
30.0000 30.5579
30.0000 30.8348
30.0000 29.0785
30.0000 30.6036
30.0000 29.4330
30.0000 30.2976
30.0000 29.6993
30.0000 30.6499
30.0000 30.9293
30.0000 30.2305
30.0000 30.3299
30.0000 29.9006
30.0000 29.6704
30.0000 31.1909
30.0000 29.2351
30.0000 30.1585
30.0000 29.4609
30.0000 30.1188
30.0000 29.7472
30.0000 30.0328
30.0000 29.9269
30.0000 29.4294
30.0000 29.9542
30.0000 30.3346
30.0000 30.0564
30.0000 30.5408
30.0000 30.3926
30.0000 29.9439
30.0000 30.5230
30.0000 29.9529
30.0000 29.9881
30.0000 29.8641
30.0000 31.4400
30.0000 30.3937
30.0000 30.7589
30.0000 29.7282
30.0000 29.5628
30.0000 28.8526
30.0000 29.6828
30.0000 30.6726
30.0000 29.0027
30.0000 29.9437
30.0000 30.0997
30.0000 30.5295
30.0000 30.4315
30.0000 29.7499
30.0000 30.2532
30.0000 28.8912
30.0000 31.0419
30.0000 30.3062
30.0000 30.7523
30.0000 30.6609
30.0000 29.3218
30.0000 30.0274
30.0000 30.3327
30.0000 29.6398
30.0000 30.2017
30.0000 29.8604
30.0000 29.9698
30.0000 29.0639
30.0000 29.4761
30.0000 29.1247
30.0000 31.6216
30.0000 29.7515
30.0000 29.5933
30.0000 30.0650
30.0000 29.4925
30.0000 30.1848
30.0000 31.2453
30.0000 30.8377
30.0000 30.6309
30.0000 30.2500
30.0000 30.3802
30.0000 30.7898
30.0000 29.8904
30.0000 30.5937
30.0000 30.0029
30.0000 30.2551
30.0000 29.6572
30.0000 28.2604
30.0000 30.1671
30.0000 29.8738
30.0000 29.2825
30.0000 29.8715
30.0000 30.2838
30.0000 29.7885
30.0000 30.3178
30.0000 28.9379
30.0000 29.7488
30.0000 28.4742
30.0000 30.8256
30.0000 28.9488
30.0000 30.3287
30.0000 29.3432
30.0000 29.8592
30.0000 30.9673
30.0000 30.2030
30.0000 30.1416
30.0000 29.7766
30.0000 31.2099
30.0000 30.8755
30.0000 29.9938
30.0000 29.8286
30.0000 28.6369
30.0000 29.8403
30.0000 29.4307
30.0000 29.9501
30.0000 31.0545
30.0000 29.1800
30.0000 29.7334
30.0000 29.6858
30.0000 30.2946
30.0000 30.0966
30.0000 30.4574
30.0000 29.1366
30.0000 29.7075
30.0000 30.9932
30.0000 30.0965
30.0000 29.9388
30.0000 30.2003
30.0000 31.1001
30.0000 31.5495
30.0000 30.2663
30.0000 30.7897
30.0000 31.1584
30.0000 29.5614
30.0000 29.9619
30.0000 29.6972
30.0000 29.8488
30.0000 30.7386
30.0000 30.6396
30.0000 29.9494
30.0000 31.5825
30.0000 29.3258
30.0000 29.2352
30.0000 29.6349
30.0000 30.1360
30.0000 30.8496
30.0000 30.0273
30.0000 29.2127
30.0000 28.9276
30.0000 30.4065
30.0000 29.6208
30.0000 29.9168
30.0000 29.9378
30.0000 29.2006
30.0000 29.8356
30.0000 29.6466
30.0000 30.2471
30.0000 29.5857
30.0000 29.9400
30.0000 30.3316
30.0000 29.6704
30.0000 29.9364
30.0000 30.2813
30.0000 30.9882
30.0000 30.9471
30.0000 30.2005
30.0000 29.9978
30.0000 30.5391
30.0000 30.0546
30.0000 30.1312
30.0000 29.5814
30.0000 30.4409
30.0000 29.7964
30.0000 29.6157
30.0000 29.2587
30.0000 29.0643
30.0000 29.9309
30.0000 29.9753
30.0000 31.5735
30.0000 29.5756
30.0000 30.1909
30.0000 30.6712
30.0000 29.9468
30.0000 30.8054
30.0000 29.7575
30.0000 31.4566
30.0000 30.0578
30.0000 29.9117
30.0000 30.6604
30.0000 29.6574
30.0000 30.1033
30.0000 29.9218
30.0000 29.3921
30.0000 29.7038
30.0000 29.5431
30.0000 29.6878
30.0000 29.9282
30.0000 30.8066
30.0000 30.8296
30.0000 29.7686
30.0000 29.9432
30.0000 29.8231
30.0000 30.7277
30.0000 29.9864
30.0000 29.4359
30.0000 30.4429
30.0000 30.7450
30.0000 29.6934
30.0000 30.8204
30.0000 29.9815
30.0000 30.0660
30.0000 28.9472
30.0000 30.3655
30.0000 30.9921
30.0000 30.2174
30.0000 30.3062
30.0000 29.7481
30.0000 30.4202
30.0000 30.2775
30.0000 28.9927
30.0000 29.7299
30.0000 31.3441
30.0000 31.0605
30.0000 29.9891
30.0000 30.9358
30.0000 30.8305
30.0000 29.1239
30.0000 29.9659
30.0000 29.5544
30.0000 30.0155
30.0000 29.5195
30.0000 29.5867
30.0000 29.9419
30.0000 30.5773
30.0000 30.4639
30.0000 28.6977
30.0000 30.1620
30.0000 29.8639
30.0000 29.4585
30.0000 30.3219
30.0000 30.9097
30.0000 29.7512
30.0000 31.3722
30.0000 30.6065
30.0000 29.8833
30.0000 29.7048
30.0000 30.5002
30.0000 30.2893
30.0000 29.8688
30.0000 30.5592
30.0000 29.4877
30.0000 31.0389
30.0000 29.9718
30.0000 30.3371
30.0000 29.6705
30.0000 31.3986
30.0000 30.9663
30.0000 29.9404
30.0000 29.7562
30.0000 29.3534
30.0000 30.5741
30.0000 29.9458
30.0000 29.7770
30.0000 30.1696
30.0000 30.4354
30.0000 30.6319
30.0000 30.8087
30.0000 30.0083
30.0000 30.5654
30.0000 29.2412
30.0000 29.6436
30.0000 30.8477
30.0000 30.2126
30.0000 29.6833
30.0000 30.4332
30.0000 29.5316
30.0000 30.8381
30.0000 29.2706
30.0000 29.6302
30.0000 30.5302
30.0000 30.6932
30.0000 30.5224
30.0000 30.4262
30.0000 29.4693
30.0000 29.4274
30.0000 29.9540
30.0000 30.9935
30.0000 30.5209
30.0000 30.6820
30.0000 29.3373
30.0000 30.2835
30.0000 29.8688
30.0000 30.0559
30.0000 30.6105
30.0000 30.4474
30.0000 29.4898
30.0000 30.3974
30.0000 30.9611
30.0000 29.5071
30.0000 30.8877
30.0000 31.1043
30.0000 29.1902
30.0000 30.3323
30.0000 29.5048
30.0000 30.6452
30.0000 29.9598
30.0000 29.6239
30.0000 29.7170
30.0000 30.2171
30.0000 29.8444
30.0000 30.4131
30.0000 29.7332
30.0000 30.9059
30.0000 30.7025
30.0000 29.8315
30.0000 30.5121
30.0000 30.2634
30.0000 29.8384
30.0000 29.3898
30.0000 30.2972
30.0000 29.8303
30.0000 30.5877
30.0000 30.0398
30.0000 30.0488
30.0000 29.0423
30.0000 30.8271
30.0000 29.7919
30.0000 29.3545
30.0000 29.9352
30.0000 30.6842
30.0000 29.9852
30.0000 30.6231
30.0000 29.4134
30.0000 28.7550
30.0000 29.3143
30.0000 28.9225
30.0000 29.8746
30.0000 29.4816
30.0000 30.7853
30.0000 29.5590
30.0000 30.0823
30.0000 29.9647
30.0000 30.1722
30.0000 29.2791
30.0000 30.2852
30.0000 29.2103
30.0000 29.9482
30.0000 29.9291
30.0000 29.4822
30.0000 30.6066
30.0000 29.8254
30.0000 30.4534
30.0000 29.0208
30.0000 30.0191
30.0000 29.4869
30.0000 29.6543
30.0000 31.1123
30.0000 29.1648
30.0000 29.1724
30.0000 30.3004
30.0000 29.8149
30.0000 29.9783
30.0000 29.4561
30.0000 29.0771
30.0000 30.2678
30.0000 29.9865
30.0000 30.3885
30.0000 30.1226
30.0000 30.5981
30.0000 29.6713
30.0000 29.8635
30.0000 30.5854
30.0000 30.4342
30.0000 30.5666
30.0000 29.5761
30.0000 31.0394
30.0000 29.7656
30.0000 29.4291
30.0000 30.5751
30.0000 30.2740
30.0000 29.7751
30.0000 30.0463
30.0000 29.6862
30.0000 29.8384
30.0000 30.0550
30.0000 30.0478
30.0000 30.4282
30.0000 30.6574
30.0000 30.2873
30.0000 30.2119
30.0000 30.9104
30.0000 30.9535
30.0000 30.2626
30.0000 30.3364
30.0000 29.6562
30.0000 29.9180
30.0000 30.3387
30.0000 29.7133
30.0000 30.5122
30.0000 30.5952
30.0000 29.8660
30.0000 30.2139
30.0000 29.1433
30.0000 30.2775
30.0000 30.6844
30.0000 28.9218
30.0000 30.4723
30.0000 29.6661
30.0000 30.2789
30.0000 30.4307
30.0000 29.5539
30.0000 29.8046
30.0000 29.2766
30.0000 29.7450
30.0000 29.6496
30.0000 29.2378
30.0000 30.4198
30.0000 29.3458
30.0000 30.0286
30.0000 31.0710
30.0000 31.2412
30.0000 30.1960
30.0000 30.3407
30.0000 30.6690
30.0000 29.1502
30.0000 30.0968
30.0000 29.5944
30.0000 29.4355
30.0000 30.8493
30.0000 30.1550
30.0000 29.8081
30.0000 30.5154
30.0000 29.9425
30.0000 29.9039
30.0000 29.3994
30.0000 30.7277
30.0000 31.2588
30.0000 29.1721
30.0000 29.7302
30.0000 29.2920
30.0000 29.3811
30.0000 30.8744
30.0000 31.0398
30.0000 29.7518
30.0000 30.2558
30.0000 30.2619
30.0000 29.4191
30.0000 30.4484
30.0000 30.4821
30.0000 30.0836
30.0000 29.6984
30.0000 30.6183
30.0000 30.7190
30.0000 30.7048
30.0000 28.7624
30.0000 29.5871
30.0000 29.2618
30.0000 30.5053
30.0000 29.5279
30.0000 29.7059
30.0000 30.1684
30.0000 30.3004
30.0000 30.1172
30.0000 30.7127
30.0000 30.3646
30.0000 29.4683
30.0000 30.5124
30.0000 29.9705
30.0000 29.7263
30.0000 29.0133
30.0000 30.8916
30.0000 30.0050
30.0000 29.7247
30.0000 29.6297
30.0000 30.1935
30.0000 30.0074
30.0000 30.1458
30.0000 28.8479
30.0000 30.5348
30.0000 30.5772
30.0000 30.8465
30.0000 30.4962
30.0000 29.9741
30.0000 29.9262
30.0000 29.7776
30.0000 30.0535
30.0000 30.4807
30.0000 30.2184
30.0000 31.0864
30.0000 29.5566
30.0000 29.9886
30.0000 29.4276
30.0000 30.1776
30.0000 30.1971
30.0000 30.9804
30.0000 30.5422
30.0000 30.0421
30.0000 30.2665
30.0000 29.8490
30.0000 30.2474
30.0000 30.8337
30.0000 30.8248
30.0000 30.4004
30.0000 30.4121
30.0000 30.0695
30.0000 30.0601
30.0000 29.5032
30.0000 29.4420
30.0000 30.4962
30.0000 30.3060
30.0000 30.3464
30.0000 30.5548
30.0000 30.0739
30.0000 29.6544
30.0000 30.0365
30.0000 30.2692
30.0000 30.1082
30.0000 30.5630
30.0000 30.1361
30.0000 30.7615
30.0000 30.4219
30.0000 29.4699
30.0000 29.6705
30.0000 29.8385
30.0000 30.0814
30.0000 30.5975
30.0000 29.5235
30.0000 28.3310
30.0000 30.1900
30.0000 29.4068
30.0000 29.4695
30.0000 29.9606
30.0000 30.5855
30.0000 29.6224
30.0000 29.0052
30.0000 30.0841
30.0000 29.8425
30.0000 29.2441
30.0000 30.0367
30.0000 30.3093
30.0000 28.9683
30.0000 30.3978
30.0000 29.6411
30.0000 30.0892
30.0000 30.1191
30.0000 29.8014
30.0000 30.2554
30.0000 29.4597
30.0000 30.0943
30.0000 29.7244
30.0000 29.4049
30.0000 29.5514
30.0000 30.4756
30.0000 29.6208
30.0000 29.9037
30.0000 29.9102
30.0000 31.4216
30.0000 29.8157
30.0000 29.3899
30.0000 29.4788
30.0000 29.0785
30.0000 30.0882
30.0000 30.4882
30.0000 31.4124
30.0000 30.2686
30.0000 30.2562
30.0000 30.1335
30.0000 31.2336
30.0000 29.7295
30.0000 29.6945
30.0000 29.6985
30.0000 29.8260
30.0000 29.7974
30.0000 30.5775
30.0000 29.5895
30.0000 30.5669
30.0000 29.5542
30.0000 30.3433
30.0000 29.9522
30.0000 30.7792
30.0000 30.0544
30.0000 30.2431
30.0000 30.9452
30.0000 31.0981
30.0000 30.6589
30.0000 29.7536
30.0000 30.7478
30.0000 29.7409
30.0000 30.0314
30.0000 29.3031
30.0000 30.0524
30.0000 29.5450
30.0000 30.9469
30.0000 30.0231
30.0000 30.5683
30.0000 28.5375
30.0000 29.2528
30.0000 30.1981
30.0000 30.6803
30.0000 29.6520
30.0000 30.6163
30.0000 31.0464
30.0000 29.7372
30.0000 30.1819
30.0000 31.1312
30.0000 29.7206
30.0000 30.7127
30.0000 30.0786
30.0000 29.7769
30.0000 30.3905
30.0000 30.8225
30.0000 31.3722
30.0000 29.8697
30.0000 30.2630
30.0000 29.6491
30.0000 29.2710
30.0000 29.6786
30.0000 29.3882
30.0000 30.0820
30.0000 29.4901
30.0000 29.9718
30.0000 29.8837
30.0000 30.1776
30.0000 29.8186
30.0000 30.6713
30.0000 29.9830
30.0000 30.1277
30.0000 30.0330
30.0000 30.3378
30.0000 31.0606
30.0000 29.7983
30.0000 30.0316
30.0000 31.2362
30.0000 31.1301
30.0000 30.2133
30.0000 30.8833
30.0000 30.1379
30.0000 29.1435
30.0000 30.4469
30.0000 30.6185
30.0000 30.8924
30.0000 29.2982
30.0000 30.0263
30.0000 29.5280
30.0000 30.2288
30.0000 29.9740
30.0000 30.7503
30.0000 30.4921
30.0000 29.6304
30.0000 29.5674
30.0000 30.3250
30.0000 29.3136
30.0000 29.7840
30.0000 29.7257
30.0000 30.1019
30.0000 30.1874
30.0000 29.3031
30.0000 31.2119
30.0000 29.9485
30.0000 30.0069
30.0000 28.9785
30.0000 28.3829
30.0000 29.7538
30.0000 30.0226
30.0000 29.4782
30.0000 29.8115
30.0000 30.0027
30.0000 29.5020
30.0000 29.4829
30.0000 29.7667
30.0000 30.1878
30.0000 29.7807
30.0000 29.7622
30.0000 29.3251
30.0000 30.2945
30.0000 29.1616
30.0000 30.5723
30.0000 30.6202
30.0000 30.6352
30.0000 30.2599
30.0000 30.3386
30.0000 29.8811
30.0000 29.8947
30.0000 29.8364
30.0000 29.6665
30.0000 30.1821
30.0000 29.3789
30.0000 30.3882
30.0000 30.6539
30.0000 30.2010
30.0000 29.4244
30.0000 30.0260
30.0000 30.0160
30.0000 29.2091
30.0000 30.0932
30.0000 29.8426
30.0000 30.0914
30.0000 29.8930
30.0000 30.2852
30.0000 30.7895
30.0000 30.4679
30.0000 30.2618
30.0000 30.7636
30.0000 30.4901
30.0000 30.4798
30.0000 29.9382
30.0000 29.6322
30.0000 29.7623
30.0000 29.1535
30.0000 29.5679
30.0000 31.2795
30.0000 30.7619
30.0000 30.3270
30.0000 30.7428
30.0000 29.6090
30.0000 29.7719
30.0000 29.1469
30.0000 29.6866
30.0000 30.1334
30.0000 29.4579
30.0000 30.1686
30.0000 29.7075
30.0000 29.9028
30.0000 30.4460
30.0000 30.3271
30.0000 29.5912
30.0000 30.8519
30.0000 30.2489
30.0000 30.2629
30.0000 30.1768
30.0000 29.8246
30.0000 29.2627
30.0000 29.6072
30.0000 29.6150
30.0000 30.0564
30.0000 29.5509
30.0000 30.4813
30.0000 29.6906
30.0000 30.0410
30.0000 31.3422
30.0000 30.2611
30.0000 30.6558
30.0000 30.4006
30.0000 30.6531
30.0000 30.3648
30.0000 29.6821
30.0000 29.8597
30.0000 29.2406
30.0000 30.2065
30.0000 29.7369
30.0000 30.1185
30.0000 29.4194
30.0000 29.5150
30.0000 29.9831
30.0000 30.0478
30.0000 29.4942
30.0000 30.1476
30.0000 30.6481
30.0000 31.0162
30.0000 30.2472
30.0000 29.7863
30.0000 31.1358
30.0000 29.8753
30.0000 29.1222
30.0000 30.3299
30.0000 29.0174
30.0000 30.4914
30.0000 30.9518
30.0000 29.5799
30.0000 29.8824
30.0000 29.7496
30.0000 29.8483
30.0000 29.2349
30.0000 29.9866
30.0000 29.8835
30.0000 30.7438
30.0000 29.8744
30.0000 28.8510
30.0000 29.2827
30.0000 28.9988
30.0000 30.0773
30.0000 30.0614
30.0000 30.4318
30.0000 29.5279
30.0000 30.1006
30.0000 29.6943
30.0000 30.3464
30.0000 29.6338
30.0000 29.6819
30.0000 31.2830
30.0000 29.6755
30.0000 30.5062
30.0000 29.0535
30.0000 31.0680
30.0000 29.3975
30.0000 30.0473
30.0000 30.4952
30.0000 31.3171
30.0000 30.2165
30.0000 30.0731
30.0000 30.5213
30.0000 29.9382
30.0000 30.3767
30.0000 30.2548
30.0000 30.0425
30.0000 30.6796
30.0000 29.9561
30.0000 30.7976
30.0000 29.2645
30.0000 29.4563
30.0000 29.9244
30.0000 30.4371
30.0000 29.3816
30.0000 29.6921
30.0000 30.1695
30.0000 29.6701
30.0000 30.0457
30.0000 30.6058
30.0000 28.9684
30.0000 30.5812
30.0000 29.8721
30.0000 30.4420
30.0000 30.8300
30.0000 29.3570
30.0000 29.7664
30.0000 30.4725
30.0000 29.8693
30.0000 29.7059
30.0000 29.9254
30.0000 30.4740
30.0000 29.8230
30.0000 28.7322
30.0000 31.0161
30.0000 30.0408
30.0000 29.6247
30.0000 29.4380
30.0000 29.5651
30.0000 29.8404
30.0000 30.2806
30.0000 29.9650
30.0000 30.2013
30.0000 30.4939
30.0000 29.4545
30.0000 29.3163
30.0000 30.5602
30.0000 30.4112
30.0000 28.7373
30.0000 30.6910
30.0000 28.8949
30.0000 29.9590
30.0000 29.5346
30.0000 29.5780
30.0000 29.4713
30.0000 29.9613
30.0000 30.3261
30.0000 30.4459
30.0000 29.5049
30.0000 29.8845
30.0000 29.4962
30.0000 30.2652
30.0000 28.9630
30.0000 30.1617
30.0000 29.9353
30.0000 30.5398
30.0000 30.7587
30.0000 30.2644
30.0000 30.0622
30.0000 29.9112
30.0000 29.5924
30.0000 29.7947
30.0000 29.8278
30.0000 29.3500
30.0000 29.3861
30.0000 29.7300
30.0000 31.2209
30.0000 30.6773
30.0000 29.8679
30.0000 30.2753
30.0000 29.2756
30.0000 30.0933
30.0000 29.7585
30.0000 29.5339
30.0000 29.8405
30.0000 30.0808
30.0000 29.9299
30.0000 30.8756
30.0000 29.4741
30.0000 30.4908
30.0000 29.5129
30.0000 30.0224
30.0000 30.1631
30.0000 30.7925
30.0000 29.9524
30.0000 30.3332
30.0000 29.7474
30.0000 30.1355
30.0000 30.6645
30.0000 30.7714
30.0000 30.0853
30.0000 29.9353
30.0000 31.0544
30.0000 29.9706
30.0000 29.6661
30.0000 30.0586
30.0000 30.4886
30.0000 28.8488
30.0000 30.6879
30.0000 29.9062
30.0000 29.2601
30.0000 30.3586
30.0000 30.7756
30.0000 29.8283
30.0000 30.6080
30.0000 31.3993
30.0000 28.5866
30.0000 29.8936
30.0000 29.4973
30.0000 30.5614
30.0000 29.0580
30.0000 30.4282
30.0000 30.9407
30.0000 29.4247
30.0000 29.4152
30.0000 29.3986
30.0000 30.0609
30.0000 30.5622
30.0000 31.0191
30.0000 29.5013
30.0000 29.3752
30.0000 30.2584
30.0000 29.7049
30.0000 29.5933
30.0000 29.2861
30.0000 29.8695
30.0000 29.6691
30.0000 30.2728
30.0000 30.8745
30.0000 30.2167
30.0000 29.1986
30.0000 29.1872
30.0000 30.1174
30.0000 29.7126
30.0000 29.5416
30.0000 29.4087
30.0000 30.5597
30.0000 29.5895
30.0000 30.3831
30.0000 29.1974
30.0000 29.2611
30.0000 30.0944
30.0000 29.3595
30.0000 30.6048
30.0000 30.7425
30.0000 30.8936
30.0000 30.6830
30.0000 29.3136
30.0000 30.5598
30.0000 28.9821
30.0000 29.1078
30.0000 29.7096
30.0000 30.0047
30.0000 29.8027
30.0000 29.3354
30.0000 30.5717
30.0000 29.1819
30.0000 28.6882
30.0000 29.4760
30.0000 30.2767
30.0000 30.3185
30.0000 30.4326
30.0000 30.9715
30.0000 30.1895
30.0000 28.5696
30.0000 30.4547
30.0000 30.5322
30.0000 29.6206
30.0000 29.7379
30.0000 29.7543
30.0000 30.0046
30.0000 29.8982
30.0000 29.5589
30.0000 29.8741
30.0000 29.5330
30.0000 30.2798
30.0000 29.9462
30.0000 29.5994
30.0000 29.1096
30.0000 30.7122
30.0000 31.4697
30.0000 29.9389
30.0000 30.1844
30.0000 31.1525
30.0000 30.1020
30.0000 29.6470
30.0000 29.0750
30.0000 31.1501
30.0000 29.4598
30.0000 29.9408
30.0000 29.4139
30.0000 29.8242
30.0000 31.6737
30.0000 30.2471
30.0000 29.5602
30.0000 31.2201
30.0000 29.8910
30.0000 30.3374
30.0000 30.3405
30.0000 29.8873
30.0000 31.4754
30.0000 29.9609
30.0000 30.1816
30.0000 30.1558
30.0000 30.2227
30.0000 29.3676
30.0000 30.1905
30.0000 29.4625
30.0000 30.5808
30.0000 31.1609
30.0000 30.8526
30.0000 30.9041
30.0000 30.1741
30.0000 29.8730
30.0000 31.5933
30.0000 29.6071
30.0000 29.6622
30.0000 30.8633
30.0000 29.8037
30.0000 30.4823
30.0000 29.4591
30.0000 30.5816
30.0000 30.6279
30.0000 30.0492
30.0000 30.3377
30.0000 29.6675
30.0000 29.9804
30.0000 30.6271
30.0000 30.8066
30.0000 30.6220
30.0000 29.8101
30.0000 30.2982
30.0000 29.9004
30.0000 31.1631
30.0000 28.8908
30.0000 30.3348
30.0000 29.4392
30.0000 30.9508
30.0000 30.6518
30.0000 29.9989
30.0000 31.3294
30.0000 30.8013
30.0000 30.4719
30.0000 30.8876
30.0000 30.1612
30.0000 30.2504
30.0000 30.2715
30.0000 29.4316
30.0000 30.2900
30.0000 29.9817
30.0000 30.0360
30.0000 30.2043
30.0000 29.8649
30.0000 30.9895
30.0000 29.6610
30.0000 29.8239
30.0000 30.0731
30.0000 30.2857
30.0000 30.5502
30.0000 29.4253
30.0000 30.1560
30.0000 31.3051
30.0000 29.8766
30.0000 28.7307
30.0000 29.9489
30.0000 29.8532
30.0000 30.6269
30.0000 31.1891
30.0000 30.2211
30.0000 28.9898
30.0000 30.0535
30.0000 29.4950
30.0000 29.2867
30.0000 29.3566
30.0000 29.3379
30.0000 30.4553
30.0000 29.2715
30.0000 30.5008
30.0000 30.5964
30.0000 29.0454
30.0000 28.4206
30.0000 29.5212
30.0000 29.0234
30.0000 29.8296
30.0000 30.5431
30.0000 29.0169
30.0000 29.3930
30.0000 30.1967
30.0000 30.5021
30.0000 30.4054
30.0000 31.2175
30.0000 30.2350
30.0000 29.8247
30.0000 29.9343
30.0000 29.4577
30.0000 30.1934
30.0000 30.3465
30.0000 30.4228
30.0000 28.9276
30.0000 30.2452
30.0000 29.4362
30.0000 29.9682
30.0000 30.8250
30.0000 29.8803
30.0000 31.0581
30.0000 29.6837
30.0000 30.5318
30.0000 29.5433
30.0000 30.2170
30.0000 30.0357
30.0000 30.6673
30.0000 30.0324
30.0000 30.8325
30.0000 29.4301
30.0000 29.6928
30.0000 30.1598
30.0000 30.7098
30.0000 30.4390
30.0000 30.3134
30.0000 29.7871
30.0000 29.7994
30.0000 29.6490
30.0000 30.2254
30.0000 30.1713
30.0000 30.4089
30.0000 29.8818
30.0000 30.2680
30.0000 29.9712
30.0000 29.1963
30.0000 31.0604
30.0000 30.0704
30.0000 30.4526
30.0000 29.9042
30.0000 30.8529
30.0000 30.8127
30.0000 30.1235
30.0000 28.9845
30.0000 30.2848
30.0000 29.2865
30.0000 28.7705
30.0000 29.3037
30.0000 29.9506
30.0000 29.3357
30.0000 30.8535
30.0000 30.4061
30.0000 30.6138
30.0000 30.0979
30.0000 29.9424
30.0000 30.2809
30.0000 30.1277
30.0000 29.6645
30.0000 30.1248
30.0000 30.3502
30.0000 29.0180
30.0000 29.5981
30.0000 29.3810
30.0000 30.5337
30.0000 30.3730
30.0000 31.0141
30.0000 30.3013
30.0000 30.5915
30.0000 29.9947
30.0000 30.1379
30.0000 29.5452
30.0000 30.2139
30.0000 29.5239
30.0000 29.8621
30.0000 29.8249
30.0000 29.7713
30.0000 29.8103
30.0000 30.0850
30.0000 31.0671
30.0000 29.5326
30.0000 29.3827
30.0000 30.0531
30.0000 29.7025
30.0000 29.1290
30.0000 29.8740
30.0000 30.3401
30.0000 29.7472
30.0000 30.6905
30.0000 30.2795
30.0000 30.4360
30.0000 30.9722
30.0000 30.6233
30.0000 29.7569
30.0000 30.2986
30.0000 30.4458
30.0000 30.0846
30.0000 30.0709
30.0000 31.0980
30.0000 29.7722
30.0000 29.4763
30.0000 29.3372
30.0000 29.6734
30.0000 29.9957
30.0000 29.9441
30.0000 30.3910
30.0000 29.8783
30.0000 30.1302
30.0000 30.9514
30.0000 29.8621
30.0000 30.4386
30.0000 31.0063
30.0000 30.0630
30.0000 30.7308
30.0000 29.7784
30.0000 29.9833
30.0000 30.3659
30.0000 29.9942
30.0000 29.4061
30.0000 29.8417
30.0000 30.1639
30.0000 29.2696
30.0000 29.9660
30.0000 29.4925
30.0000 29.7158
30.0000 29.9446
30.0000 29.9042
30.0000 30.5193
30.0000 29.9847
30.0000 30.2522
30.0000 30.0762
30.0000 29.8305
30.0000 29.7381
30.0000 30.1436
30.0000 30.1048
30.0000 29.4977
30.0000 30.7179
30.0000 31.0593
30.0000 29.2186
30.0000 29.6307
30.0000 29.5702
30.0000 29.9542
30.0000 30.5372
30.0000 29.7645
30.0000 29.2188
30.0000 30.6012
30.0000 29.1331
30.0000 29.5514
30.0000 30.0348
30.0000 29.9993
30.0000 29.1978
30.0000 29.5217
30.0000 30.5092
30.0000 29.4798
30.0000 30.0303
30.0000 29.3331
30.0000 30.5361
30.0000 31.1471
30.0000 30.4992
30.0000 29.2017
30.0000 30.0014
30.0000 30.9174
30.0000 30.4165
30.0000 29.8979
30.0000 29.5097
30.0000 29.2245
30.0000 30.6718
30.0000 30.0341
30.0000 31.1712
30.0000 29.9133
30.0000 30.4121
30.0000 30.2815
30.0000 29.8755
30.0000 29.3900
30.0000 29.9171
30.0000 29.7639
30.0000 28.9808
30.0000 30.8762
30.0000 29.8648
30.0000 30.8128
30.0000 30.5966
30.0000 30.1739
30.0000 30.5121
30.0000 29.7724
30.0000 29.9332
30.0000 30.2866
30.0000 30.1421
30.0000 30.0507
30.0000 30.5481
30.0000 30.8843
30.0000 30.4424
30.0000 29.8038
30.0000 29.5375
30.0000 29.5486
30.0000 30.4293
30.0000 30.0957
30.0000 28.5518
30.0000 28.8666
30.0000 29.5489
30.0000 29.4960
30.0000 29.5764
30.0000 31.0331
30.0000 31.0513
30.0000 29.9171
30.0000 29.7640
30.0000 29.9806
30.0000 30.6077
30.0000 30.5384
30.0000 29.4919
30.0000 30.5763
30.0000 29.7632
30.0000 30.1295
30.0000 29.5987
30.0000 29.6855
30.0000 29.7156
30.0000 29.8310
30.0000 30.4846
30.0000 30.2963
30.0000 30.0816
30.0000 29.8524
30.0000 29.5594
30.0000 29.9242
30.0000 31.6015
30.0000 29.9855
30.0000 29.0891
30.0000 30.3193
30.0000 29.3305
30.0000 30.5232
30.0000 30.0050
30.0000 29.8681
30.0000 30.1148
30.0000 29.1614
30.0000 29.1908
30.0000 30.3973
30.0000 29.9504
30.0000 30.7758
30.0000 30.0017
30.0000 28.8651
30.0000 29.9896
30.0000 30.1309
30.0000 30.6634
30.0000 30.4144
30.0000 29.8555
30.0000 30.1292
30.0000 29.2541
30.0000 30.5283
30.0000 29.9399
30.0000 30.5598
30.0000 30.0386
30.0000 30.2637
30.0000 29.2536
30.0000 30.0973
30.0000 28.8293
30.0000 30.2196
30.0000 29.2030
30.0000 30.7644
30.0000 29.6352
30.0000 30.2689
30.0000 30.3674
30.0000 29.8702
30.0000 28.9461
30.0000 29.6526
30.0000 29.9483
30.0000 30.0335
30.0000 29.8175
30.0000 30.5986
30.0000 30.5110
30.0000 30.4157
30.0000 30.1200
30.0000 31.2481
30.0000 30.4943
30.0000 30.5806
30.0000 31.5764
30.0000 30.1467
30.0000 30.0831
30.0000 30.3496
30.0000 29.8483
30.0000 29.4372
30.0000 29.5189
30.0000 29.7742
30.0000 30.4906
30.0000 30.1933
30.0000 30.6622
30.0000 30.3525
30.0000 29.7157
30.0000 29.3687
30.0000 31.1046
30.0000 30.1729
30.0000 29.7815
30.0000 29.5536
30.0000 30.6841
30.0000 29.8794
30.0000 31.1677
30.0000 30.5231
30.0000 29.2933
30.0000 29.3811
30.0000 30.3677
30.0000 30.2921
30.0000 30.6997
30.0000 30.2777
30.0000 29.0335
30.0000 30.1863
30.0000 29.6305
30.0000 30.0346
30.0000 29.0204
30.0000 30.1978
30.0000 29.5924
30.0000 29.6988
30.0000 30.4477
30.0000 29.9724
30.0000 30.1427
30.0000 29.4014
30.0000 30.0068
30.0000 29.5945
30.0000 29.1029
30.0000 30.6479
30.0000 29.7079
30.0000 30.3545
30.0000 30.4954
30.0000 28.9593
30.0000 30.5898
30.0000 28.9661
30.0000 30.1321
30.0000 29.9159
30.0000 29.4203
30.0000 29.1647
30.0000 30.5728
30.0000 29.6084
30.0000 30.2038
30.0000 29.7249
30.0000 30.6306
30.0000 31.0531
30.0000 28.6387
30.0000 30.3614
30.0000 29.8410
30.0000 30.1952
30.0000 30.3326
30.0000 29.4098
30.0000 30.4463
30.0000 30.5466
30.0000 30.0975
30.0000 30.0888
30.0000 29.8637
30.0000 30.2603
30.0000 30.6604
30.0000 29.3238
30.0000 29.2946
30.0000 30.1784
30.0000 30.1361
30.0000 30.0778
30.0000 30.0567
30.0000 30.4348
30.0000 30.4410
30.0000 29.0051
30.0000 29.4323
30.0000 30.2720
30.0000 30.9630
30.0000 30.8385
30.0000 29.5067
30.0000 29.9365
30.0000 30.8532
30.0000 28.3721
30.0000 29.0829
30.0000 30.5148
30.0000 30.2892
30.0000 30.1810
30.0000 30.0396
30.0000 30.6297
30.0000 29.4860
30.0000 30.2217
30.0000 31.0786
30.0000 30.5262
30.0000 29.2374
30.0000 30.4026
30.0000 30.2504
30.0000 30.1883
30.0000 29.7605
30.0000 30.0724
30.0000 29.1693
30.0000 29.3163
30.0000 30.4563
30.0000 30.1876
30.0000 29.0278
30.0000 30.5401
30.0000 29.7580
30.0000 30.4466
30.0000 29.7147
30.0000 30.6012
30.0000 29.7098
30.0000 29.0622
30.0000 30.2787
30.0000 30.8932
30.0000 29.3268
30.0000 29.9624
30.0000 30.9176
30.0000 29.3768
30.0000 29.4345
30.0000 29.6781
30.0000 29.4627
30.0000 30.3852
30.0000 29.7060
30.0000 30.9353
30.0000 29.7329
30.0000 29.4877
30.0000 30.3761
30.0000 30.3708
30.0000 30.9796
30.0000 30.5216
30.0000 30.2473
30.0000 29.9775
30.0000 30.9492
30.0000 29.7084
30.0000 30.5971
30.0000 29.8686
30.0000 29.7185
30.0000 29.6076
30.0000 29.7101
30.0000 30.3598
30.0000 30.5298
30.0000 29.9474
30.0000 30.3261
30.0000 30.9640
30.0000 29.8527
30.0000 30.0242
30.0000 29.9785
30.0000 30.0197
30.0000 30.1378
30.0000 30.0767
30.0000 30.6259
30.0000 29.4855
30.0000 29.9583
30.0000 30.4623
30.0000 29.9127
30.0000 31.0991
30.0000 30.0275
30.0000 30.7037
30.0000 29.9661
30.0000 29.9257
30.0000 29.3840
30.0000 30.0650
30.0000 29.3585
30.0000 30.1441
30.0000 28.9929
30.0000 29.3416
30.0000 30.2356
30.0000 30.3584
30.0000 29.3010
30.0000 30.1011
30.0000 30.3016
30.0000 29.1892
30.0000 30.4981
30.0000 29.6197
30.0000 29.8762
30.0000 30.6119
30.0000 30.5505
30.0000 28.4816
30.0000 29.5142
30.0000 30.4420
30.0000 29.0494
30.0000 29.7171
30.0000 30.0116
30.0000 29.6685
30.0000 29.5668
30.0000 29.5954
30.0000 29.9800
30.0000 29.5349
30.0000 31.1283
30.0000 29.9911
30.0000 30.1999
30.0000 29.6584
30.0000 29.9076
30.0000 30.3933
30.0000 30.0113
30.0000 30.5992
30.0000 30.9732
30.0000 30.6487
30.0000 30.5149
30.0000 29.6565
30.0000 29.6920
30.0000 30.0458
30.0000 30.7938
30.0000 30.3375
30.0000 30.2652
30.0000 30.7525
30.0000 29.7024
30.0000 30.6554
30.0000 29.8317
30.0000 29.4175
30.0000 29.2065
30.0000 30.0155
30.0000 31.0651
30.0000 30.3170
30.0000 29.8258
30.0000 30.4641
30.0000 30.4531
30.0000 29.9252
30.0000 30.5040
30.0000 29.4534
30.0000 29.5168
30.0000 29.5329
30.0000 29.9532
30.0000 30.4336
30.0000 30.6938
30.0000 31.1078
30.0000 29.7888
30.0000 30.3757
30.0000 29.5733
30.0000 29.7068
30.0000 28.8250
30.0000 30.0663
30.0000 29.8868
30.0000 28.9962
30.0000 29.4095
30.0000 29.9502
30.0000 29.4862
30.0000 30.8691
30.0000 30.5495
30.0000 29.9789
30.0000 29.9303
30.0000 29.6223
30.0000 30.5819
30.0000 29.1808
30.0000 29.0110
30.0000 30.4479
30.0000 29.4912
30.0000 30.7253
30.0000 29.0221
30.0000 29.8399
30.0000 29.3698
30.0000 29.2504
30.0000 30.4197
30.0000 29.8593
30.0000 29.3649
30.0000 30.1435
30.0000 29.1846
30.0000 29.3494
30.0000 29.3889
30.0000 30.2087
30.0000 29.8907
30.0000 29.3708
30.0000 29.8623
30.0000 30.1138
30.0000 30.4777
30.0000 29.9288
30.0000 29.8590
30.0000 30.0096
30.0000 31.0477
30.0000 29.5483
30.0000 30.1825
30.0000 29.6911
30.0000 30.5259
30.0000 29.5897
30.0000 29.9783
30.0000 30.2355
30.0000 29.8742
30.0000 29.5654
30.0000 30.1910
30.0000 29.9231
30.0000 30.0146
30.0000 30.1386
30.0000 29.9988
30.0000 29.1229
30.0000 30.4844
30.0000 30.3563
30.0000 30.0481
30.0000 30.8407
30.0000 30.1938
30.0000 29.4712
30.0000 30.5400
30.0000 30.2439
30.0000 29.9045
30.0000 30.4860
30.0000 30.7817
30.0000 30.0999
30.0000 30.2104
30.0000 30.8367
30.0000 30.4677
30.0000 30.4164
30.0000 29.4357
30.0000 29.4735
30.0000 30.2300
30.0000 30.2551
30.0000 29.7294
30.0000 30.2616
30.0000 29.3901
30.0000 29.3159
30.0000 28.9350
30.0000 29.6456
30.0000 30.8475
30.0000 30.1771
30.0000 30.4044
30.0000 30.8126
30.0000 29.9720
30.0000 29.2559
30.0000 29.8272
30.0000 30.3537
30.0000 29.0855
30.0000 30.9381
30.0000 30.2674
30.0000 29.6999
30.0000 29.2022
30.0000 30.3202
30.0000 29.9693
30.0000 30.8914
30.0000 29.9764
30.0000 30.4208
30.0000 30.0054
30.0000 29.2343
30.0000 30.3332
30.0000 29.7454
30.0000 30.1211
30.0000 29.5744
30.0000 29.3909
30.0000 31.0383
30.0000 30.9571
30.0000 30.0617
30.0000 29.8705
30.0000 30.0590
30.0000 30.3074
30.0000 30.3954
30.0000 29.4565
30.0000 30.8062
30.0000 29.8728
30.0000 29.8381
30.0000 30.2157
30.0000 30.3995
30.0000 30.4387
30.0000 29.9590
30.0000 29.4733
30.0000 28.9441
30.0000 30.4218
30.0000 30.2472
30.0000 30.5058
30.0000 30.8253
30.0000 30.1457
30.0000 30.7706
30.0000 30.4334
30.0000 29.8456
30.0000 30.0024
30.0000 29.7268
30.0000 29.5826
30.0000 29.0513
30.0000 29.4952
30.0000 29.8341
30.0000 29.8388
30.0000 30.4231
30.0000 30.4573
30.0000 29.9121
30.0000 29.5228
30.0000 30.5918
30.0000 30.5499
30.0000 29.4339
30.0000 29.9060
30.0000 29.3414
30.0000 29.6486
30.0000 29.7940
30.0000 30.4370
30.0000 29.6744
30.0000 30.2266
30.0000 29.2869
30.0000 28.8082
30.0000 30.1906
30.0000 30.6669
30.0000 30.9474
30.0000 29.7260
30.0000 29.5610
30.0000 30.1266
30.0000 30.1147
30.0000 29.9645
30.0000 29.4842
30.0000 29.3039
30.0000 30.0763
30.0000 29.5833
30.0000 30.9114
