1.0000 1.8379
1.0000 2.2888
1.0000 1.9810
1.0000 1.7539
1.0000 2.0366
1.0000 1.7446
1.0000 2.2285
1.0000 1.8643
1.0000 1.0871
1.0000 1.9792
1.0000 1.2257
1.0000 1.8537
1.0000 3.1619
1.0000 2.2166
1.0000 1.4407
1.0000 2.1554
1.0000 2.2604
1.0000 2.1588
1.0000 2.3551
1.0000 1.2123
1.0000 1.4334
1.0000 2.5211
1.0000 1.8003
1.0000 1.3797
1.0000 2.2041
1.0000 1.6460
1.0000 1.3097
1.0000 1.5995
1.0000 2.1914
1.0000 2.6014
1.0000 1.1895
1.0000 1.8362
1.0000 1.4424
1.0000 2.2386
1.0000 1.9652
1.0000 1.8533
1.0000 1.9828
1.0000 2.2002
1.0000 1.6247
1.0000 2.5109
1.0000 1.5681
1.0000 2.0643
1.0000 1.6617
1.0000 2.0037
1.0000 1.6499
1.0000 2.2855
1.0000 1.5205
1.0000 2.1892
1.0000 1.8789
1.0000 1.0902
1.0000 2.2183
1.0000 2.4445
1.0000 1.8400
1.0000 2.5069
1.0000 2.0692
1.0000 0.2647
1.0000 1.4387
1.0000 1.7680
1.0000 2.4049
1.0000 1.5461
1.0000 1.3157
1.0000 1.6460
1.0000 2.0224
1.0000 1.3962
1.0000 1.1069
1.0000 1.5130
1.0000 2.5576
1.0000 2.6841
1.0000 1.8672
1.0000 1.5305
1.0000 1.9792
1.0000 0.9339
1.0000 1.6644
1.0000 0.5777
1.0000 2.2021
1.0000 1.6360
1.0000 1.2964
1.0000 1.4027
1.0000 1.2590
1.0000 2.2251
1.0000 1.3945
1.0000 0.2478
1.0000 1.8386
1.0000 1.1195
1.0000 1.7939
1.0000 0.5753
1.0000 1.1320
1.0000 1.3772
1.0000 2.6139
1.0000 2.0345
1.0000 2.3847
1.0000 2.1350
1.0000 0.9138
1.0000 2.2378
1.0000 1.8988
1.0000 1.2759
1.0000 1.3929
1.0000 1.7229
1.0000 2.2142
1.0000 2.7403
1.0000 1.5090
1.0000 0.1919
1.0000 2.1711
1.0000 2.9917
1.0000 1.4490
1.0000 1.5353
1.0000 2.0894
1.0000 1.5177
1.0000 1.9410
1.0000 1.9419
1.0000 2.4041
1.0000 2.2072
1.0000 0.9306
1.0000 1.6499
1.0000 1.0002
1.0000 2.3475
1.0000 1.8298
1.0000 3.3958
1.0000 1.8012
1.0000 1.8090
1.0000 1.5553
1.0000 2.3407
1.0000 1.1383
1.0000 1.7222
1.0000 1.0958
1.0000 1.6540
1.0000 2.1307
1.0000 1.3834
1.0000 1.7949
1.0000 1.1010
1.0000 2.3009
1.0000 2.4671
1.0000 2.0171
1.0000 2.0353
1.0000 0.5853
1.0000 1.8991
1.0000 1.0253
1.0000 2.4866
1.0000 2.0695
1.0000 1.1720
1.0000 1.8960
1.0000 1.5178
1.0000 1.5721
1.0000 2.0606
1.0000 1.4956
1.0000 1.1723
1.0000 1.9766
1.0000 1.1167
1.0000 3.4716
1.0000 1.1257
1.0000 1.8283
1.0000 1.8797
1.0000 1.0874
1.0000 1.5054
1.0000 2.7450
1.0000 1.8557
1.0000 1.0693
1.0000 1.1552
1.0000 2.2905
1.0000 2.1474
1.0000 2.1207
1.0000 2.2624
1.0000 1.9054
1.0000 1.9836
1.0000 1.1859
1.0000 1.6261
1.0000 0.2647
1.0000 1.3941
1.0000 2.0528
1.0000 1.8219
1.0000 2.5337
1.0000 0.7418
1.0000 1.3237
1.0000 2.2965
1.0000 2.7502
1.0000 2.4926
1.0000 1.9737
1.0000 2.1106
1.0000 1.7696
1.0000 2.0530
1.0000 1.9673
1.0000 2.2503
1.0000 2.2899
1.0000 2.7907
1.0000 2.1117
1.0000 0.7823
1.0000 2.0651
1.0000 2.7111
1.0000 1.6022
1.0000 1.3250
1.0000 1.2136
1.0000 2.0472
1.0000 1.2283
1.0000 2.1174
1.0000 2.2564
1.0000 1.6994
1.0000 1.1050
1.0000 1.9736
1.0000 1.7089
1.0000 1.2282
1.0000 0.9217
1.0000 2.0598
1.0000 1.7842
1.0000 1.5076
1.0000 2.0323
1.0000 1.1035
1.0000 1.5464
1.0000 2.4843
1.0000 2.3319
1.0000 1.6383
1.0000 2.3137
1.0000 2.5010
1.0000 0.3138
1.0000 2.4527
1.0000 2.6873
1.0000 1.8230
1.0000 1.6243
1.0000 1.3757
1.0000 1.8936
1.0000 2.6142
1.0000 2.3508
1.0000 2.0895
1.0000 3.1574
1.0000 2.1136
1.0000 0.8903
1.0000 1.7235
1.0000 1.3415
1.0000 2.1239
1.0000 2.2716
1.0000 1.4918
1.0000 2.0419
1.0000 0.9354
1.0000 2.2797
1.0000 1.0341
1.0000 1.0916
1.0000 1.4643
1.0000 1.3644
1.0000 1.6705
1.0000 1.7818
1.0000 2.2990
1.0000 1.5603
1.0000 2.2306
1.0000 1.9112
1.0000 2.3104
1.0000 2.5464
1.0000 1.4854
1.0000 2.4409
1.0000 2.9043
1.0000 2.4258
1.0000 2.3029
1.0000 1.6160
1.0000 2.4456
1.0000 1.4733
1.0000 2.6072
1.0000 1.8687
1.0000 1.7818
1.0000 1.6783
1.0000 1.3891
1.0000 1.8350
1.0000 2.2310
1.0000 1.4229
1.0000 1.2254
1.0000 1.0378
1.0000 1.3913
1.0000 2.6053
1.0000 1.7489
1.0000 2.7892
1.0000 2.7613
1.0000 0.4990
1.0000 2.6583
1.0000 2.6298
1.0000 1.4843
1.0000 2.6123
1.0000 1.4946
1.0000 2.4628
1.0000 1.0104
1.0000 1.6302
1.0000 1.4548
1.0000 1.5574
1.0000 2.2590
1.0000 1.3937
1.0000 2.2073
1.0000 1.4610
1.0000 1.7623
1.0000 1.4437
1.0000 1.4461
1.0000 1.3647
1.0000 2.1695
1.0000 2.4071
1.0000 1.2165
1.0000 2.3310
1.0000 2.4090
1.0000 1.6899
1.0000 2.5550
1.0000 1.4951
1.0000 2.7121
1.0000 1.2723
1.0000 2.5699
1.0000 2.2844
1.0000 2.1485
1.0000 2.0142
1.0000 1.4141
1.0000 1.7060
1.0000 1.9881
1.0000 1.9009
1.0000 1.2889
1.0000 1.3600
1.0000 1.0796
1.0000 1.3057
1.0000 2.5167
1.0000 2.0618
1.0000 1.4777
1.0000 1.9946
1.0000 1.3738
1.0000 2.4837
1.0000 1.2487
1.0000 1.9047
1.0000 2.0125
1.0000 2.2463
1.0000 2.0195
1.0000 2.0258
1.0000 2.9322
1.0000 1.3777
1.0000 3.4459
1.0000 2.7955
1.0000 2.5602
1.0000 2.6265
1.0000 1.2809
1.0000 3.1126
1.0000 1.7245
1.0000 2.0871
1.0000 2.3195
1.0000 2.2482
1.0000 1.1789
1.0000 2.2769
1.0000 1.6059
1.0000 1.5171
1.0000 1.4390
1.0000 2.2267
1.0000 0.9027
1.0000 1.1861
1.0000 2.0637
1.0000 1.9579
1.0000 2.1982
1.0000 1.3900
1.0000 1.8793
1.0000 0.8598
1.0000 2.0057
1.0000 1.5434
1.0000 1.5689
1.0000 2.3938
1.0000 2.2510
1.0000 1.9244
1.0000 2.0250
1.0000 1.4526
1.0000 2.1276
1.0000 2.4559
1.0000 2.1841
1.0000 1.8886
1.0000 1.9921
1.0000 2.8119
1.0000 1.5318
1.0000 2.3143
1.0000 2.0553
1.0000 2.9220
1.0000 2.0231
1.0000 2.5225
1.0000 3.4507
1.0000 1.6377
1.0000 0.9415
1.0000 2.9442
1.0000 2.6785
1.0000 1.8077
1.0000 2.9111
1.0000 2.6751
1.0000 1.3393
1.0000 1.9977
1.0000 1.1089
1.0000 1.7531
1.0000 1.9152
1.0000 1.8054
1.0000 3.1405
1.0000 0.3934
1.0000 2.2020
1.0000 1.5942
1.0000 0.6958
1.0000 1.5675
1.0000 1.3423
1.0000 2.4856
1.0000 2.1694
1.0000 1.7567
1.0000 1.7387
1.0000 1.9752
1.0000 1.7666
1.0000 1.9757
1.0000 2.1655
1.0000 2.9370
1.0000 1.5505
1.0000 3.2618
1.0000 1.5823
1.0000 1.1583
1.0000 1.7597
1.0000 3.0613
1.0000 2.4409
1.0000 1.6089
1.0000 2.0469
1.0000 1.9757
1.0000 2.0760
1.0000 1.5604
1.0000 1.6720
1.0000 3.4280
1.0000 1.9768
1.0000 2.6208
1.0000 1.2303
1.0000 1.5534
1.0000 1.9675
1.0000 2.3102
1.0000 1.0880
1.0000 2.3536
1.0000 2.9494
1.0000 1.9069
1.0000 0.9326
1.0000 1.1009
1.0000 1.7634
1.0000 1.4459
1.0000 2.2515
1.0000 1.8145
1.0000 1.2587
1.0000 1.7599
1.0000 2.6291
1.0000 1.9276
1.0000 1.8117
1.0000 1.6083
1.0000 1.6003
1.0000 2.5080
1.0000 2.7090
1.0000 2.3442
1.0000 1.3490
1.0000 0.8343
1.0000 2.3216
1.0000 2.3064
1.0000 1.5792
1.0000 2.4598
1.0000 2.3217
1.0000 1.8050
1.0000 2.6029
1.0000 1.6789
1.0000 2.2928
1.0000 0.9879
1.0000 2.8032
1.0000 2.2803
1.0000 3.3665
1.0000 2.6166
1.0000 2.8405
1.0000 1.6946
1.0000 1.9298
1.0000 2.3181
1.0000 2.2334
1.0000 2.3193
1.0000 0.9982
1.0000 2.2915
1.0000 2.3723
1.0000 0.9808
1.0000 2.4163
1.0000 2.7272
1.0000 1.5816
1.0000 2.1766
1.0000 1.9131
1.0000 2.5990
1.0000 2.3689
1.0000 2.6727
1.0000 2.1988
1.0000 2.4068
1.0000 1.8002
1.0000 2.3747
1.0000 1.5634
1.0000 1.7513
1.0000 2.1827
1.0000 1.9278
1.0000 1.9918
1.0000 1.1488
1.0000 2.7262
1.0000 1.4277
1.0000 1.7097
1.0000 1.9413
1.0000 1.0255
1.0000 1.7213
1.0000 2.1000
1.0000 2.0454
1.0000 2.2520
1.0000 1.9365
1.0000 1.2806
1.0000 2.9942
1.0000 1.9044
1.0000 2.3542
1.0000 0.9167
1.0000 1.8952
1.0000 2.5533
1.0000 0.9160
1.0000 1.0539
1.0000 1.2635
1.0000 1.2114
1.0000 1.6062
1.0000 0.6369
1.0000 1.0034
1.0000 2.9852
1.0000 1.9889
1.0000 2.8021
1.0000 1.3086
1.0000 1.8203
1.0000 1.7658
1.0000 2.3070
1.0000 1.6713
1.0000 1.8775
1.0000 1.8730
1.0000 2.0642
1.0000 1.8788
1.0000 1.7512
1.0000 1.7589
1.0000 2.1094
1.0000 2.8338
1.0000 2.4698
1.0000 1.8618
1.0000 3.0742
1.0000 1.7232
1.0000 1.8737
1.0000 2.0312
1.0000 1.0830
1.0000 2.6713
1.0000 2.2281
1.0000 2.4470
1.0000 1.6179
1.0000 3.2401
1.0000 2.1020
1.0000 1.5720
1.0000 1.1699
1.0000 2.5261
1.0000 2.9525
1.0000 1.7869
1.0000 1.7683
1.0000 2.8025
1.0000 3.2519
1.0000 2.6203
1.0000 2.1708
1.0000 0.8387
1.0000 1.8652
1.0000 1.5689
1.0000 2.0204
1.0000 0.9909
1.0000 2.1117
1.0000 2.0766
1.0000 1.6326
1.0000 1.5067
1.0000 1.2885
1.0000 1.2706
1.0000 2.2561
1.0000 2.2115
1.0000 1.8091
1.0000 1.1477
1.0000 1.5828
1.0000 2.0359
1.0000 2.1516
1.0000 1.0796
1.0000 2.2170
1.0000 1.7877
1.0000 1.1017
1.0000 1.3048
1.0000 2.5843
1.0000 3.1231
1.0000 1.7964
1.0000 2.1220
1.0000 2.4933
1.0000 1.9102
1.0000 1.8528
1.0000 2.9490
1.0000 1.5649
1.0000 1.8117
1.0000 2.9064
1.0000 1.6899
1.0000 1.4346
1.0000 1.9793
1.0000 1.0776
1.0000 2.2464
1.0000 1.0189
1.0000 1.9389
1.0000 2.7605
1.0000 2.9027
1.0000 2.2107
1.0000 2.8447
1.0000 1.5185
1.0000 3.0851
1.0000 1.8468
1.0000 2.5898
1.0000 2.0768
1.0000 2.1083
1.0000 1.9930
1.0000 2.2644
1.0000 2.2286
1.0000 3.1841
1.0000 1.2658
1.0000 1.5192
1.0000 2.0590
1.0000 2.1049
1.0000 1.0735
1.0000 1.2897
1.0000 1.7416
1.0000 2.2262
1.0000 1.1287
1.0000 1.3594
1.0000 1.4985
1.0000 1.8345
1.0000 3.2841
1.0000 1.4778
1.0000 1.5085
1.0000 1.8733
1.0000 1.6305
1.0000 2.2727
1.0000 1.9914
1.0000 2.3458
1.0000 1.8983
1.0000 1.5916
1.0000 2.6495
1.0000 1.8207
1.0000 2.5161
1.0000 1.8111
1.0000 2.4878
1.0000 2.2296
1.0000 2.1069
1.0000 1.4213
1.0000 2.4194
1.0000 2.1602
1.0000 1.7869
1.0000 2.1244
1.0000 1.2923
1.0000 1.6642
1.0000 3.3138
1.0000 2.0499
1.0000 3.2407
1.0000 2.1831
1.0000 1.2340
1.0000 1.9341
1.0000 1.5706
1.0000 2.7389
1.0000 1.8854
1.0000 2.4747
1.0000 1.4373
1.0000 1.9403
1.0000 2.3382
1.0000 1.2645
1.0000 2.7401
1.0000 1.4898
1.0000 1.0945
1.0000 2.4073
1.0000 1.9953
1.0000 3.1697
1.0000 2.2407
1.0000 1.7813
1.0000 2.0744
1.0000 1.5920
1.0000 3.2358
1.0000 1.6550
1.0000 1.0707
1.0000 2.0137
1.0000 1.8060
1.0000 1.6574
1.0000 1.0584
1.0000 1.1126
1.0000 1.6830
1.0000 2.5468
1.0000 1.7595
1.0000 1.9239
1.0000 1.3094
1.0000 2.2548
1.0000 0.6280
1.0000 2.2151
1.0000 2.5811
1.0000 1.7110
1.0000 2.6722
1.0000 1.8569
1.0000 1.4877
1.0000 2.6819
1.0000 1.2060
1.0000 2.2871
1.0000 2.5382
1.0000 1.6923
1.0000 2.8815
1.0000 2.1227
1.0000 2.1069
1.0000 1.4175
1.0000 1.3378
1.0000 1.8258
1.0000 2.6126
1.0000 2.6686
1.0000 1.7100
1.0000 1.2316
1.0000 1.6597
1.0000 1.8156
1.0000 1.3595
1.0000 1.8931
1.0000 1.7506
1.0000 1.4482
1.0000 2.0029
1.0000 1.6470
1.0000 1.8340
1.0000 1.1929
1.0000 2.6540
1.0000 2.0174
1.0000 1.7612
1.0000 1.8119
1.0000 0.9108
1.0000 0.9890
1.0000 1.3272
1.0000 2.1009
1.0000 2.7195
1.0000 2.4509
1.0000 0.9094
1.0000 1.2459
1.0000 2.0133
1.0000 2.0985
1.0000 2.2906
1.0000 2.3144
1.0000 2.3042
1.0000 1.8535
1.0000 1.3993
1.0000 1.4387
1.0000 3.0700
1.0000 1.6215
1.0000 1.7134
1.0000 2.1301
1.0000 1.6659
1.0000 2.4221
1.0000 1.5687
1.0000 1.9003
1.0000 1.6217
1.0000 1.5069
1.0000 1.4931
1.0000 2.1250
1.0000 1.5577
1.0000 2.4668
1.0000 2.0113
1.0000 0.9463
1.0000 1.2373
1.0000 2.5420
1.0000 2.8920
1.0000 1.3432
1.0000 1.1245
1.0000 1.6704
1.0000 1.5623
1.0000 2.4698
1.0000 3.0994
1.0000 2.9650
1.0000 1.5838
1.0000 1.8632
1.0000 1.6163
1.0000 1.6954
1.0000 2.3174
1.0000 2.4150
1.0000 1.3285
1.0000 1.4435
1.0000 1.8050
1.0000 1.6487
1.0000 1.8907
1.0000 1.5039
1.0000 0.9945
1.0000 0.6816
1.0000 1.1331
1.0000 1.1444
1.0000 2.8749
1.0000 2.4890
1.0000 1.8223
1.0000 0.9394
1.0000 0.9652
1.0000 1.2909
1.0000 1.4677
1.0000 1.4226
1.0000 1.3692
1.0000 2.4661
1.0000 1.0447
1.0000 0.9351
1.0000 2.2299
1.0000 2.2107
1.0000 2.3665
1.0000 1.6875
1.0000 0.9244
1.0000 1.8742
1.0000 2.4349
1.0000 1.4673
1.0000 2.4400
1.0000 2.5128
1.0000 2.5539
1.0000 1.3999
1.0000 2.4838
1.0000 1.8063
1.0000 1.4462
1.0000 2.0050
1.0000 1.9232
1.0000 1.1994
1.0000 1.1543
1.0000 2.0379
1.0000 1.9437
1.0000 2.4637
1.0000 2.6043
1.0000 1.4208
1.0000 1.6653
1.0000 1.2367
1.0000 1.8040
1.0000 2.4729
1.0000 2.3068
1.0000 1.2369
1.0000 2.8356
1.0000 1.7939
1.0000 1.7947
1.0000 1.5920
1.0000 1.8070
1.0000 1.9828
1.0000 0.6371
1.0000 1.9339
1.0000 1.3415
1.0000 1.8661
1.0000 2.4898
1.0000 2.1232
1.0000 1.6679
1.0000 2.5028
1.0000 1.4519
1.0000 1.3045
1.0000 2.9550
1.0000 1.5453
1.0000 2.7454
1.0000 2.5410
1.0000 2.7406
1.0000 2.5282
1.0000 2.6009
1.0000 1.5975
1.0000 2.1023
1.0000 2.6472
1.0000 1.6086
1.0000 1.6181
1.0000 2.3282
1.0000 2.1164
1.0000 2.0145
1.0000 1.5708
1.0000 2.0336
1.0000 1.8650
1.0000 1.6443
1.0000 1.5406
1.0000 1.5081
1.0000 1.7109
1.0000 1.1664
1.0000 2.1988
1.0000 1.3207
1.0000 1.9883
1.0000 1.5477
1.0000 1.8154
1.0000 1.0694
1.0000 1.1923
1.0000 2.2066
1.0000 2.3159
1.0000 2.1522
1.0000 2.0411
1.0000 2.5816
1.0000 2.3693
1.0000 2.4704
1.0000 0.7831
1.0000 1.8419
1.0000 1.9245
1.0000 1.8395
1.0000 1.9025
1.0000 1.8631
1.0000 2.7291
1.0000 1.7305
1.0000 2.2186
1.0000 1.1802
1.0000 1.4747
1.0000 2.3309
1.0000 1.9687
1.0000 3.2944
1.0000 1.0730
1.0000 2.3149
1.0000 -0.0398
1.0000 1.5985
1.0000 1.7158
1.0000 2.4166
1.0000 1.1550
1.0000 2.0115
1.0000 0.6263
1.0000 1.4287
1.0000 2.1215
1.0000 2.1576
1.0000 0.7653
1.0000 1.8995
1.0000 2.0050
1.0000 1.7157
1.0000 0.9765
1.0000 2.2144
1.0000 0.8053
1.0000 2.6146
1.0000 1.7799
1.0000 1.4736
1.0000 2.9345
1.0000 1.9079
1.0000 2.5097
1.0000 2.4617
1.0000 2.3631
1.0000 1.2462
1.0000 1.4740
1.0000 1.5863
1.0000 1.3115
1.0000 1.5306
1.0000 2.2190
1.0000 1.4210
1.0000 2.4527
1.0000 2.3512
1.0000 2.1029
1.0000 1.8829
1.0000 1.3956
1.0000 1.7065
1.0000 1.2756
1.0000 1.5823
1.0000 2.2618
1.0000 2.1552
1.0000 1.2601
1.0000 1.8963
1.0000 2.3882
1.0000 1.9549
1.0000 2.6334
1.0000 2.0921
1.0000 1.7159
1.0000 1.6603
1.0000 2.1126
1.0000 2.6337
1.0000 2.3893
1.0000 1.9123
1.0000 2.1645
1.0000 1.6578
1.0000 1.5116
1.0000 2.0216
1.0000 1.4150
1.0000 1.2986
1.0000 2.3324
1.0000 1.5498
1.0000 1.0211
1.0000 1.6419
1.0000 1.8701
1.0000 2.2891
1.0000 1.4886
1.0000 2.0856
1.0000 1.0772
1.0000 1.8329
1.0000 1.2454
1.0000 1.4021
1.0000 1.8941
1.0000 3.0931
1.0000 2.0814
1.0000 3.1927
1.0000 2.2861
1.0000 0.4467
1.0000 2.3319
1.0000 1.4483
1.0000 1.9688
1.0000 1.4265
1.0000 1.3711
1.0000 2.3540
1.0000 0.5003
1.0000 1.6100
1.0000 2.0688
1.0000 1.0171
1.0000 2.6281
1.0000 2.7901
1.0000 1.4924
1.0000 1.7052
1.0000 1.0735
1.0000 2.2649
1.0000 2.3265
1.0000 1.9920
1.0000 1.7520
1.0000 2.6521
1.0000 1.9126
1.0000 1.6435
1.0000 1.3521
1.0000 1.2477
1.0000 2.0668
1.0000 2.4434
1.0000 0.4474
1.0000 2.5907
1.0000 1.7516
1.0000 1.6961
1.0000 2.3333
1.0000 1.9378
1.0000 2.0173
1.0000 1.2074
1.0000 1.7445
1.0000 2.3617
1.0000 1.0616
1.0000 1.7563
1.0000 1.6555
1.0000 2.2378
1.0000 1.9459
1.0000 2.0373
1.0000 1.3668
1.0000 2.1528
1.0000 2.0606
1.0000 1.6021
1.0000 2.6939
1.0000 1.9577
1.0000 1.4061
1.0000 0.3578
1.0000 1.6467
1.0000 1.7708
1.0000 2.4664
1.0000 1.4697
1.0000 2.4251
1.0000 2.2060
1.0000 1.5922
1.0000 1.7914
1.0000 1.6479
1.0000 1.1924
1.0000 1.4547
1.0000 1.3963
1.0000 1.7257
1.0000 2.2848
1.0000 1.9644
1.0000 1.3903
1.0000 1.4992
1.0000 2.5603
1.0000 1.9624
1.0000 1.6664
1.0000 2.3278
1.0000 2.6710
1.0000 1.9427
1.0000 1.9559
1.0000 2.2337
1.0000 1.1994
1.0000 1.8868
1.0000 2.2643
1.0000 1.8950
1.0000 1.9888
1.0000 1.4748
1.0000 1.1486
1.0000 1.5914
1.0000 2.3988
1.0000 1.1952
1.0000 1.7459
1.0000 2.0356
1.0000 2.5004
1.0000 2.4406
1.0000 1.7019
1.0000 1.6085
1.0000 2.6926
1.0000 2.4974
1.0000 2.0191
1.0000 2.5721
1.0000 0.8997
1.0000 1.5537
1.0000 1.5366
1.0000 2.0952
1.0000 1.2435
1.0000 2.8629
1.0000 2.1271
1.0000 2.3194
1.0000 1.6203
1.0000 2.1539
1.0000 3.0970
1.0000 2.1577
1.0000 0.9606
1.0000 1.7700
1.0000 1.9811
1.0000 2.4529
1.0000 2.1469
1.0000 1.9439
1.0000 1.8654
1.0000 1.3968
1.0000 1.4440
1.0000 2.1589
1.0000 1.3740
1.0000 2.0761
1.0000 2.2842
1.0000 1.7866
1.0000 1.4177
1.0000 2.0274
1.0000 1.5318
1.0000 1.0899
1.0000 1.1446
1.0000 1.3883
1.0000 1.2118
1.0000 0.9677
1.0000 2.0296
1.0000 2.9012
1.0000 1.9107
1.0000 2.2411
1.0000 1.3554
1.0000 2.9198
1.0000 1.5716
1.0000 1.9415
1.0000 2.0644
1.0000 1.6591
1.0000 2.3569
1.0000 2.3917
1.0000 2.1618
1.0000 2.5692
1.0000 1.8544
1.0000 1.5814
1.0000 2.2098
1.0000 2.7645
1.0000 2.2958
1.0000 3.5373
1.0000 2.0416
1.0000 1.0052
1.0000 2.0900
1.0000 1.8786
1.0000 1.4134
1.0000 1.8053
1.0000 2.2942
1.0000 2.3890
1.0000 2.1502
1.0000 2.2230
1.0000 1.4138
1.0000 2.6892
1.0000 2.2052
1.0000 1.7476
1.0000 2.2859
1.0000 1.5820
1.0000 2.0785
1.0000 2.7080
1.0000 1.3416
1.0000 1.7147
1.0000 1.2463
1.0000 1.2348
1.0000 2.0428
1.0000 1.6093
1.0000 2.0838
1.0000 1.6108
1.0000 2.1760
1.0000 1.7800
1.0000 2.5369
1.0000 2.7024
1.0000 1.6036
1.0000 1.7913
1.0000 2.7987
1.0000 2.1441
1.0000 1.7419
1.0000 1.9485
1.0000 1.7599
1.0000 2.5395
1.0000 1.3300
1.0000 1.5002
1.0000 1.1428
1.0000 1.0624
1.0000 1.6655
1.0000 2.5015
1.0000 2.3245
1.0000 2.4846
1.0000 1.6200
1.0000 2.1980
1.0000 1.4059
1.0000 2.5881
1.0000 0.3103
1.0000 2.8233
1.0000 2.2485
1.0000 1.6282
1.0000 1.7616
1.0000 1.2822
1.0000 1.5892
1.0000 2.0681
1.0000 1.9757
1.0000 1.2696
1.0000 0.6319
1.0000 1.8869
1.0000 1.7161
1.0000 1.7557
1.0000 2.1637
1.0000 0.4624
1.0000 1.0500
1.0000 2.5608
1.0000 0.5454
1.0000 2.1607
1.0000 1.9785
1.0000 1.2607
1.0000 2.1626
1.0000 1.9780
1.0000 2.5396
1.0000 1.6204
1.0000 1.8543
1.0000 1.6417
1.0000 2.2291
1.0000 1.8574
1.0000 1.7034
1.0000 2.4381
1.0000 2.4750
1.0000 1.0324
1.0000 1.6013
1.0000 1.8515
1.0000 1.9088
1.0000 1.6692
1.0000 1.5027
1.0000 1.5403
1.0000 2.6355
1.0000 1.4651
1.0000 1.4966
1.0000 1.8841
1.0000 2.1026
1.0000 1.2548
1.0000 1.6653
1.0000 2.1135
1.0000 2.0568
1.0000 1.0077
1.0000 2.2489
1.0000 1.8608
1.0000 2.6439
1.0000 1.3641
1.0000 1.4824
1.0000 1.9985
1.0000 2.2057
1.0000 2.4995
1.0000 1.8152
1.0000 1.8693
1.0000 1.9848
1.0000 2.1544
1.0000 1.7475
1.0000 2.1691
1.0000 2.2258
1.0000 1.9035
1.0000 2.7304
1.0000 2.3923
1.0000 1.5694
1.0000 1.3993
1.0000 1.2401
1.0000 1.4398
1.0000 2.4056
1.0000 1.6319
1.0000 2.3478
1.0000 0.9533
1.0000 2.2829
1.0000 2.2462
1.0000 1.1640
1.0000 2.4320
1.0000 2.1580
1.0000 1.9690
1.0000 2.3419
1.0000 1.1758
1.0000 2.0869
1.0000 1.2145
1.0000 2.3705
1.0000 2.2789
1.0000 1.3843
1.0000 2.2134
1.0000 2.0801
1.0000 2.1973
1.0000 1.5632
1.0000 2.1496
1.0000 1.9600
1.0000 2.0132
1.0000 2.0568
1.0000 1.7726
1.0000 1.9535
1.0000 2.4327
1.0000 1.2206
1.0000 0.9459
1.0000 0.6035
1.0000 1.4948
1.0000 2.8524
1.0000 1.2821
1.0000 2.0072
1.0000 3.0968
1.0000 2.3055
1.0000 2.4184
1.0000 1.9590
1.0000 2.4857
1.0000 0.6966
1.0000 1.9606
1.0000 2.8545
1.0000 0.9522
1.0000 1.7912
1.0000 1.7059
1.0000 2.7088
1.0000 1.8208
1.0000 1.1189
1.0000 1.5325
1.0000 1.1880
1.0000 0.9136
1.0000 1.9423
1.0000 1.5771
1.0000 2.6238
1.0000 1.7619
1.0000 1.7660
1.0000 1.9593
1.0000 1.2761
1.0000 1.2676
1.0000 2.0617
1.0000 2.1245
1.0000 1.4099
1.0000 2.3124
1.0000 0.7788
1.0000 2.2775
1.0000 2.4979
1.0000 1.4126
1.0000 2.2258
1.0000 2.3228
1.0000 1.7003
1.0000 1.4753
1.0000 1.1792
1.0000 1.1094
1.0000 2.0599
1.0000 2.5152
1.0000 2.2040
1.0000 1.3031
1.0000 2.0364
1.0000 1.1659
1.0000 2.2180
1.0000 2.5505
1.0000 2.1742
1.0000 2.7090
1.0000 1.8678
1.0000 1.0708
1.0000 2.6140
1.0000 1.7637
1.0000 1.8943
1.0000 1.0023
1.0000 2.1994
1.0000 2.2914
1.0000 1.3614
1.0000 3.5390
1.0000 0.0969
1.0000 1.4677
1.0000 1.1612
1.0000 2.4211
1.0000 1.4843
1.0000 1.7677
1.0000 1.7987
1.0000 2.1099
1.0000 1.2070
1.0000 1.6581
1.0000 1.7589
1.0000 1.4296
1.0000 1.8655
1.0000 2.2380
1.0000 2.2987
1.0000 1.4971
1.0000 0.4617
1.0000 3.0094
1.0000 2.0324
1.0000 1.9859
1.0000 2.2882
1.0000 1.9220
1.0000 2.4094
1.0000 1.4824
1.0000 0.5412
1.0000 2.9138
1.0000 1.4503
1.0000 2.1051
1.0000 2.3100
1.0000 2.0601
1.0000 2.2148
1.0000 1.7349
1.0000 2.4395
1.0000 1.8650
1.0000 3.0090
1.0000 2.1916
1.0000 1.9382
1.0000 2.0413
1.0000 0.9942
1.0000 3.1337
1.0000 1.3284
1.0000 1.8162
1.0000 2.7492
1.0000 2.5530
1.0000 1.5600
1.0000 1.9080
1.0000 3.0437
1.0000 1.9140
1.0000 1.9051
1.0000 1.8276
1.0000 1.6675
1.0000 2.1599
1.0000 2.0114
1.0000 1.4872
1.0000 1.2183
1.0000 1.8520
1.0000 2.5768
1.0000 1.2172
1.0000 1.5402
1.0000 1.9534
1.0000 2.1246
1.0000 2.2113
1.0000 1.7758
1.0000 3.1348
1.0000 2.2315
1.0000 1.3668
1.0000 1.6616
1.0000 1.8249
1.0000 2.0390
1.0000 1.7440
1.0000 2.3306
1.0000 2.5096
1.0000 1.1447
1.0000 1.9060
1.0000 1.0557
1.0000 2.0476
1.0000 2.3877
1.0000 1.6443
1.0000 1.5659
1.0000 1.4477
1.0000 1.0844
1.0000 0.8152
1.0000 1.4654
1.0000 1.7823
1.0000 1.7378
1.0000 0.6958
1.0000 1.7828
1.0000 1.6037
1.0000 1.4344
1.0000 2.1846
1.0000 1.8933
1.0000 1.9445
1.0000 2.5400
1.0000 2.7247
1.0000 2.4893
1.0000 2.3965
1.0000 1.4869
1.0000 1.0659
1.0000 1.7869
1.0000 1.7776
1.0000 2.1398
1.0000 2.9802
1.0000 1.4704
1.0000 1.4164
1.0000 1.7393
1.0000 0.9600
1.0000 1.7071
1.0000 2.5301
1.0000 1.9202
1.0000 1.8044
1.0000 1.4279
1.0000 1.6953
1.0000 2.9005
1.0000 2.6066
1.0000 2.3464
1.0000 2.4040
1.0000 2.3282
1.0000 0.7406
1.0000 3.0736
1.0000 1.9294
1.0000 2.0299
1.0000 0.4110
1.0000 1.6074
1.0000 2.5133
1.0000 1.6949
1.0000 1.7907
1.0000 2.7194
1.0000 1.0902
1.0000 1.5563
1.0000 1.8336
1.0000 1.8224
1.0000 2.2093
1.0000 2.7547
1.0000 1.2891
1.0000 2.1565
1.0000 1.9884
1.0000 1.9901
1.0000 2.3233
1.0000 2.2497
1.0000 1.1152
1.0000 1.1290
1.0000 1.8408
1.0000 1.7865
1.0000 0.8735
1.0000 1.8652
1.0000 2.0851
1.0000 1.5455
1.0000 2.0083
1.0000 1.8575
1.0000 2.7346
1.0000 1.9226
1.0000 2.0104
1.0000 1.4320
1.0000 2.7067
1.0000 0.6751
1.0000 1.9346
1.0000 1.6507
1.0000 2.7270
1.0000 1.5377
1.0000 1.8272
1.0000 1.6572
1.0000 2.4504
1.0000 2.7664
1.0000 1.7194
1.0000 1.2204
1.0000 1.9402
1.0000 2.1235
1.0000 2.2758
1.0000 1.8777
1.0000 2.0415
1.0000 3.1678
1.0000 2.2901
1.0000 0.3505
1.0000 1.4534
1.0000 1.5822
1.0000 2.3880
1.0000 2.3119
1.0000 2.0992
1.0000 2.5841
1.0000 0.6268
1.0000 2.9414
1.0000 0.6281
1.0000 1.8216
1.0000 2.1777
1.0000 2.3703
1.0000 2.5449
1.0000 1.6629
1.0000 2.5020
1.0000 1.9663
1.0000 1.2124
1.0000 1.6305
1.0000 1.9168
1.0000 2.3107
1.0000 2.3376
1.0000 1.5296
1.0000 2.2448
1.0000 1.6000
1.0000 1.8568
1.0000 2.0611
1.0000 3.0745
1.0000 1.8222
1.0000 2.0523
1.0000 0.7488
1.0000 1.1481
1.0000 1.8415
1.0000 2.5714
1.0000 1.6070
1.0000 1.9991
1.0000 1.9768
1.0000 1.4896
1.0000 1.4457
1.0000 1.4220
1.0000 3.1789
1.0000 0.9429
1.0000 2.4666
1.0000 2.4748
1.0000 1.5287
1.0000 1.6315
1.0000 1.2544
1.0000 2.3376
1.0000 1.8967
1.0000 0.9160
1.0000 3.0427
1.0000 2.3608
1.0000 2.4978
1.0000 0.8553
1.0000 3.1256
1.0000 1.9930
1.0000 1.1157
1.0000 1.9968
1.0000 1.8515
1.0000 1.5558
1.0000 2.4750
1.0000 1.9598
1.0000 2.1780
1.0000 1.4025
1.0000 2.0034
1.0000 2.8032
1.0000 1.5630
1.0000 3.3782
1.0000 1.3622
1.0000 1.6574
1.0000 1.8945
1.0000 1.6244
1.0000 1.4201
1.0000 0.2564
1.0000 1.4088
1.0000 1.5551
1.0000 1.9365
1.0000 1.0638
1.0000 2.0951
1.0000 1.4532
1.0000 1.9473
1.0000 1.0288
1.0000 2.3041
1.0000 0.9388
1.0000 1.0819
1.0000 1.8877
1.0000 1.6362
1.0000 0.6470
1.0000 1.9646
1.0000 2.5985
1.0000 1.8313
1.0000 2.2110
1.0000 2.2009
1.0000 1.5888
1.0000 1.0324
1.0000 1.3088
1.0000 1.9624
1.0000 2.5756
1.0000 1.8509
1.0000 1.9297
1.0000 2.0176
1.0000 2.1262
1.0000 1.0870
1.0000 0.9995
1.0000 2.0737
1.0000 1.4202
1.0000 0.7592
1.0000 2.1011
1.0000 2.5791
1.0000 0.5833
1.0000 2.2143
1.0000 0.9357
1.0000 1.7883
1.0000 2.0290
1.0000 2.4993
1.0000 2.6634
1.0000 2.8402
1.0000 1.9115
1.0000 2.3269
1.0000 2.5857
1.0000 2.3433
1.0000 2.1709
1.0000 1.7692
1.0000 1.5885
1.0000 1.7932
1.0000 2.1520
1.0000 3.0789
1.0000 3.0957
1.0000 2.3467
1.0000 1.5511
1.0000 2.2407
1.0000 1.1409
1.0000 1.8931
1.0000 2.2138
1.0000 2.0214
1.0000 1.3292
1.0000 1.4301
1.0000 1.2246
1.0000 2.1181
1.0000 1.5930
1.0000 2.4491
1.0000 1.0849
1.0000 1.5459
1.0000 2.4091
1.0000 2.6054
1.0000 2.1825
1.0000 2.1737
1.0000 2.0001
1.0000 1.7677
1.0000 2.6356
1.0000 2.6275
1.0000 2.0683
1.0000 1.5865
1.0000 2.1599
1.0000 2.7350
1.0000 1.1440
1.0000 2.2253
1.0000 2.8841
1.0000 1.5319
1.0000 2.2601
1.0000 2.2383
1.0000 0.8269
1.0000 2.1326
1.0000 2.7444
1.0000 1.7422
1.0000 -0.2334
1.0000 1.4068
1.0000 2.3277
1.0000 2.2433
1.0000 1.8751
1.0000 2.2198
1.0000 2.9712
1.0000 2.5015
1.0000 1.4939
1.0000 2.6567
1.0000 1.3406
1.0000 1.1804
1.0000 3.1358
1.0000 2.3803
1.0000 1.6403
1.0000 2.0405
1.0000 1.4427
1.0000 2.4738
1.0000 1.6579
1.0000 2.9251
1.0000 1.8211
1.0000 1.7148
1.0000 3.3273
1.0000 1.3073
1.0000 1.1748
1.0000 1.8150
1.0000 3.0402
1.0000 2.2028
1.0000 2.3785
1.0000 2.5025
1.0000 2.5086
1.0000 1.9295
1.0000 1.3036
1.0000 2.0443
1.0000 2.0578
1.0000 1.6922
1.0000 2.2763
1.0000 2.5248
1.0000 2.1876
1.0000 1.7594
1.0000 2.4869
1.0000 2.4711
1.0000 1.8490
1.0000 1.1158
1.0000 1.7253
1.0000 1.0802
1.0000 2.5007
1.0000 1.9572
1.0000 2.1444
1.0000 1.3853
1.0000 2.1779
1.0000 1.5683
1.0000 1.9577
1.0000 1.8746
1.0000 1.1187
1.0000 1.1546
1.0000 2.0444
1.0000 2.9778
1.0000 1.9095
1.0000 1.8748
1.0000 2.5428
1.0000 2.5681
1.0000 2.4219
1.0000 2.4983
1.0000 1.3360
1.0000 2.6271
1.0000 1.2097
1.0000 2.2692
1.0000 1.8110
1.0000 2.3633
1.0000 2.2233
1.0000 1.7278
1.0000 1.7567
1.0000 2.1690
1.0000 2.1752
1.0000 1.6770
1.0000 1.3342
1.0000 3.2265
1.0000 2.2138
1.0000 1.5024
1.0000 2.3258
1.0000 1.9652
1.0000 1.6251
1.0000 2.4152
1.0000 0.7001
1.0000 1.0030
1.0000 2.7680
1.0000 2.2595
1.0000 1.8485
1.0000 2.3268
1.0000 1.8094
1.0000 0.6928
1.0000 1.5679
1.0000 1.1201
1.0000 1.9539
1.0000 1.8898
1.0000 1.4518
1.0000 0.9087
1.0000 1.1289
1.0000 1.7655
1.0000 2.5952
1.0000 2.4436
1.0000 1.3645
1.0000 1.6186
1.0000 2.3676
1.0000 1.0657
1.0000 1.7860
1.0000 2.1592
1.0000 0.9296
1.0000 2.4501
1.0000 2.3234
1.0000 2.4345
1.0000 2.4839
1.0000 1.2266
1.0000 1.6572
1.0000 3.0489
1.0000 1.9092
1.0000 1.9164
1.0000 1.7087
1.0000 2.8615
1.0000 3.1731
1.0000 1.8965
1.0000 1.7551
1.0000 1.3590
1.0000 2.3060
1.0000 2.4873
1.0000 1.4117
1.0000 2.8470
1.0000 1.9619
1.0000 1.8859
1.0000 1.8554
1.0000 1.1108
1.0000 1.6324
1.0000 2.6076
1.0000 2.7052
1.0000 1.5589
1.0000 2.2374
1.0000 1.5084
1.0000 2.1204
1.0000 1.7353
1.0000 2.1510
1.0000 1.6306
1.0000 2.2035
1.0000 2.7056
1.0000 1.0870
1.0000 2.0931
1.0000 1.1427
1.0000 2.3496
1.0000 1.7409
1.0000 2.7770
1.0000 1.3849
1.0000 1.5615
1.0000 2.4346
1.0000 0.8546
1.0000 1.4667
1.0000 1.6503
1.0000 1.6210
1.0000 1.1992
1.0000 2.8349
1.0000 1.2861
1.0000 1.5233
1.0000 0.7680
1.0000 1.9850
1.0000 0.2173
1.0000 2.0929
1.0000 2.5005
1.0000 2.0445
1.0000 2.0945
1.0000 2.4100
1.0000 1.8010
1.0000 1.4712
1.0000 2.1633
1.0000 2.5334
1.0000 1.5345
1.0000 1.9238
1.0000 1.7703
1.0000 1.7398
1.0000 1.5945
1.0000 1.4511
1.0000 1.5418
1.0000 1.8621
1.0000 2.2968
1.0000 2.0775
1.0000 2.1568
1.0000 1.7809
1.0000 1.4504
1.0000 1.5915
1.0000 1.6536
1.0000 2.2442
1.0000 1.4630
1.0000 1.4688
1.0000 2.2224
1.0000 1.5394
1.0000 2.6501
1.0000 2.1397
1.0000 1.1555
1.0000 2.4532
1.0000 1.4773
1.0000 2.6695
1.0000 3.1199
1.0000 0.9435
1.0000 2.3106
1.0000 1.9058
1.0000 1.7442
1.0000 1.1384
1.0000 1.4155
1.0000 2.2034
1.0000 0.9150
1.0000 2.0111
1.0000 2.9472
1.0000 2.4052
1.0000 2.2029
1.0000 0.3389
1.0000 1.5087
1.0000 2.3274
1.0000 2.6785
1.0000 0.5903
1.0000 1.9583
1.0000 1.8652
1.0000 1.2452
1.0000 2.1559
1.0000 2.7661
1.0000 2.0744
1.0000 2.1359
1.0000 1.6088
1.0000 1.4369
1.0000 2.2579
1.0000 1.5184
1.0000 2.4188
1.0000 2.1162
1.0000 1.2590
1.0000 1.7115
1.0000 1.4911
1.0000 1.6895
1.0000 1.4495
1.0000 1.4222
1.0000 2.0878
1.0000 1.7744
1.0000 1.8336
1.0000 1.7081
1.0000 1.9862
1.0000 3.5512
1.0000 2.3496
1.0000 1.7635
1.0000 2.2465
1.0000 2.8527
1.0000 2.9701
1.0000 2.3157
1.0000 1.4848
1.0000 1.9464
1.0000 2.0436
1.0000 1.1701
1.0000 2.0487
1.0000 1.0947
1.0000 1.8589
1.0000 1.8150
1.0000 1.2792
1.0000 1.7827
1.0000 1.3675
1.0000 1.0159
1.0000 2.3233
1.0000 2.6510
1.0000 2.5863
1.0000 1.2945
1.0000 1.5267
1.0000 1.7101
1.0000 1.6913
1.0000 1.5396
1.0000 1.0407
1.0000 2.4717
1.0000 2.5015
1.0000 3.1762
1.0000 1.5848
1.0000 2.2366
1.0000 1.6572
1.0000 1.5342
1.0000 1.2509
1.0000 1.8414
1.0000 1.0536
1.0000 1.3150
1.0000 1.9347
1.0000 2.3017
1.0000 2.1111
1.0000 2.7249
1.0000 2.3677
1.0000 2.2366
1.0000 1.3511
1.0000 1.3064
1.0000 2.6809
1.0000 1.6838
1.0000 1.7379
1.0000 2.0034
1.0000 0.6378
1.0000 2.1325
1.0000 2.4914
1.0000 2.6352
1.0000 2.2459
1.0000 1.7534
1.0000 1.4810
1.0000 2.2016
1.0000 1.6881
1.0000 1.8298
1.0000 1.5937
1.0000 2.4338
1.0000 2.4898
1.0000 2.6649
1.0000 2.3497
1.0000 1.3636
1.0000 2.1617
1.0000 1.5152
1.0000 2.2392
1.0000 1.1793
1.0000 1.7986
1.0000 2.5161
1.0000 2.1305
1.0000 2.0715
1.0000 2.3966
1.0000 2.5492
1.0000 1.3047
1.0000 0.9690
1.0000 1.8762
1.0000 2.0443
1.0000 1.4476
1.0000 0.8225
1.0000 0.8384
1.0000 1.3581
1.0000 2.3712
1.0000 1.1304
1.0000 1.8686
1.0000 1.9158
1.0000 1.5811
1.0000 1.6759
1.0000 1.2283
1.0000 1.7127
1.0000 1.7156
1.0000 1.2582
1.0000 2.0470
1.0000 2.1385
1.0000 2.1177
1.0000 2.4589
1.0000 1.3110
1.0000 3.2133
1.0000 1.6509
1.0000 1.1635
1.0000 1.0125
1.0000 1.8115
1.0000 1.8869
1.0000 1.7120
1.0000 2.6599
1.0000 2.2684
1.0000 2.9947
1.0000 2.8516
1.0000 1.2881
1.0000 2.1378
1.0000 1.4969
1.0000 1.5101
1.0000 1.5851
1.0000 1.8145
1.0000 2.1647
1.0000 1.4769
1.0000 1.9501
1.0000 2.0635
1.0000 1.6974
1.0000 1.0178
1.0000 2.6616
1.0000 1.1352
1.0000 1.5868
1.0000 2.2967
1.0000 2.4681
1.0000 2.6930
1.0000 1.3708
1.0000 2.1577
1.0000 1.8231
1.0000 3.2920
1.0000 2.1358
1.0000 2.1388
1.0000 1.8965
1.0000 2.0405
1.0000 1.3854
1.0000 2.6415
1.0000 1.8767
1.0000 0.8032
1.0000 0.9850
1.0000 1.7888
1.0000 1.4163
1.0000 1.4944
1.0000 2.8545
1.0000 2.2204
1.0000 2.7034
1.0000 0.3004
1.0000 2.1432
1.0000 2.7787
1.0000 1.9529
1.0000 1.4973
1.0000 1.7304
1.0000 2.1889
1.0000 2.0013
1.0000 1.8665
1.0000 1.0393
1.0000 1.7578
1.0000 2.1836
1.0000 2.4225
1.0000 1.7421
1.0000 1.6126
1.0000 1.6981
1.0000 0.5521
1.0000 0.8978
1.0000 1.2139
1.0000 1.9936
1.0000 0.9174
1.0000 1.8733
1.0000 1.3040
1.0000 1.7044
1.0000 1.8472
1.0000 2.5928
1.0000 2.5701
1.0000 2.2859
1.0000 1.2745
1.0000 2.8200
1.0000 2.2903
1.0000 0.8119
1.0000 1.4788
1.0000 1.5037
1.0000 0.6778
1.0000 1.6011
1.0000 0.7282
1.0000 1.6496
1.0000 2.0194
1.0000 1.5549
1.0000 2.2210
1.0000 1.5640
1.0000 0.9269
1.0000 3.1354
1.0000 1.4791
1.0000 1.3069
1.0000 1.3544
1.0000 2.5592
1.0000 2.7803
1.0000 1.4992
1.0000 2.3355
1.0000 1.8693
1.0000 2.4439
1.0000 2.2882
1.0000 2.0432
1.0000 2.9646
1.0000 1.9035
1.0000 1.5837
1.0000 0.3523
1.0000 1.9070
1.0000 2.2692
1.0000 2.8180
1.0000 2.2547
1.0000 1.7794
1.0000 1.8988
1.0000 0.4999
1.0000 2.0578
1.0000 1.4449
1.0000 2.2059
1.0000 1.6459
1.0000 2.2601
1.0000 0.4542
1.0000 2.3065
1.0000 2.2635
1.0000 1.2375
1.0000 2.4433
1.0000 2.4856
1.0000 1.7768
1.0000 2.1742
1.0000 1.8742
1.0000 1.4403
1.0000 2.6329
1.0000 2.2618
1.0000 0.7227
1.0000 1.3341
1.0000 1.0804
1.0000 1.4601
1.0000 2.3784
1.0000 1.0851
1.0000 2.2341
1.0000 1.7166
1.0000 0.8247
1.0000 1.8859
1.0000 1.7007
1.0000 2.1091
1.0000 2.5543
1.0000 2.2205
1.0000 1.3451
1.0000 2.2380
1.0000 1.3772
1.0000 2.1439
1.0000 1.7424
1.0000 2.1441
1.0000 2.8448
1.0000 2.7355
1.0000 2.5976
1.0000 1.9468
1.0000 1.9541
1.0000 1.6884
1.0000 1.7868
1.0000 2.8397
1.0000 2.0274
1.0000 2.4863
1.0000 0.9912
1.0000 3.2057
1.0000 2.2248
1.0000 2.2332
1.0000 1.5444
1.0000 1.5457
1.0000 2.2828
1.0000 2.4055
1.0000 1.0072
1.0000 2.1173
1.0000 2.1211
1.0000 1.8987
1.0000 1.1153
1.0000 0.8884
1.0000 0.9666
1.0000 1.0784
1.0000 1.6344
1.0000 1.3382
1.0000 2.9185
1.0000 2.0638
1.0000 2.1930
1.0000 1.3334
1.0000 1.4851
1.0000 2.2098
1.0000 2.7568
1.0000 2.7178
1.0000 0.8995
1.0000 2.0899
1.0000 2.0574
1.0000 1.7657
1.0000 2.7418
1.0000 1.9483
1.0000 1.8629
1.0000 1.2455
1.0000 2.1004
1.0000 2.5512
1.0000 2.9028
1.0000 1.5349
1.0000 1.5479
1.0000 1.3333
1.0000 2.4296
1.0000 1.2832
1.0000 0.4775
1.0000 1.6249
1.0000 1.4171
1.0000 1.1524
1.0000 2.0238
1.0000 1.9540
1.0000 2.0977
1.0000 2.9261
1.0000 2.6602
1.0000 1.7486
1.0000 1.9825
1.0000 2.8778
1.0000 2.3194
1.0000 1.1505
1.0000 1.6590
1.0000 1.8685
1.0000 2.3517
1.0000 2.1437
1.0000 2.3629
1.0000 1.0347
1.0000 2.1486
1.0000 0.8303
1.0000 1.5762
1.0000 2.2355
1.0000 2.5960
1.0000 1.2042
1.0000 1.6285
1.0000 2.0574
1.0000 2.0121
1.0000 2.3436
1.0000 1.3606
1.0000 0.9708
1.0000 2.1948
1.0000 2.5599
1.0000 1.5372
1.0000 2.3366
1.0000 1.6719
1.0000 3.0039
1.0000 1.7603
1.0000 2.1870
1.0000 1.6490
1.0000 1.2029
1.0000 1.9263
1.0000 1.5730
1.0000 1.4202
1.0000 2.3048
1.0000 1.7510
1.0000 1.9428
1.0000 0.9382
1.0000 1.6026
1.0000 2.2157
1.0000 1.9269
1.0000 2.0059
1.0000 1.7712
1.0000 1.8247
1.0000 1.1292
1.0000 2.0031
1.0000 2.2641
1.0000 2.2571
1.0000 3.1918
1.0000 1.6438
1.0000 2.0020
1.0000 1.7841
1.0000 1.5978
1.0000 1.2244
1.0000 1.5902
1.0000 2.0092
1.0000 1.7325
1.0000 2.6072
1.0000 0.6715
1.0000 2.0228
1.0000 1.0569
1.0000 1.4735
1.0000 2.0589
1.0000 2.1895
1.0000 1.3650
1.0000 2.0834
1.0000 1.6154
1.0000 2.1524
1.0000 2.8065
1.0000 2.2206
1.0000 1.5274
1.0000 1.8478
1.0000 2.0408
1.0000 2.5300
1.0000 1.1193
1.0000 1.7291
1.0000 1.8286
1.0000 2.2610
1.0000 1.7039
1.0000 2.5125
1.0000 1.5003
1.0000 2.4085
1.0000 2.2114
1.0000 2.6076
1.0000 2.2351
1.0000 1.2737
1.0000 1.2364
1.0000 1.7085
1.0000 1.5732
1.0000 2.1972
1.0000 1.3733
1.0000 2.1672
1.0000 1.1468
1.0000 2.2485
1.0000 1.5733
1.0000 1.7223
1.0000 2.4100
1.0000 1.8872
1.0000 3.1494
1.0000 1.5575
1.0000 3.1472
1.0000 2.3115
1.0000 1.5458
1.0000 1.1001
1.0000 0.9933
1.0000 1.8344
1.0000 2.0249
1.0000 2.2163
1.0000 1.7887
1.0000 2.1200
1.0000 1.3799
1.0000 2.0551
1.0000 0.9577
1.0000 1.6302
1.0000 0.6973
1.0000 2.3991
1.0000 1.9687
1.0000 2.1013
1.0000 2.4706
1.0000 1.7226
1.0000 1.8657
1.0000 2.1399
1.0000 2.2757
1.0000 2.5092
1.0000 2.8242
1.0000 1.6415
1.0000 2.6713
1.0000 0.8220
1.0000 1.5184
1.0000 0.5897
1.0000 1.3692
1.0000 2.4029
1.0000 3.0963
1.0000 2.3672
1.0000 1.0163
1.0000 1.5526
1.0000 1.1489
1.0000 1.7867
1.0000 1.1514
1.0000 2.3368
1.0000 2.0458
1.0000 2.5063
1.0000 1.5263
1.0000 1.6986
1.0000 1.0555
1.0000 3.1376
1.0000 1.5182
1.0000 0.9719
1.0000 0.9641
1.0000 2.3321
1.0000 2.8019
1.0000 1.5719
1.0000 3.0207
1.0000 3.1655
1.0000 1.9023
1.0000 1.1891
1.0000 1.7872
1.0000 1.8570
1.0000 0.9767
1.0000 2.6467
1.0000 2.1658
1.0000 1.7715
1.0000 1.7871
1.0000 0.9866
1.0000 1.8298
1.0000 1.9936
1.0000 2.1042
1.0000 1.4567
1.0000 0.8469
1.0000 1.8319
1.0000 2.4598
1.0000 1.9321
1.0000 1.3988
1.0000 1.6970
1.0000 2.9343
1.0000 3.7880
1.0000 2.5161
1.0000 2.1350
1.0000 1.7743
1.0000 1.8167
1.0000 1.5401
1.0000 3.1994
1.0000 1.6339
1.0000 2.1172
1.0000 1.9222
1.0000 2.1510
1.0000 1.6280
1.0000 1.1707
1.0000 2.2207
1.0000 1.7332
1.0000 1.1699
1.0000 1.5268
1.0000 2.0279
1.0000 2.1288
1.0000 1.5817
1.0000 1.7710
1.0000 0.4261
1.0000 2.3235
1.0000 1.3697
1.0000 2.1126
1.0000 1.3727
1.0000 1.9921
1.0000 1.6078
1.0000 1.5413
1.0000 2.4877
1.0000 1.6564
1.0000 2.7677
1.0000 2.3368
1.0000 2.2897
1.0000 2.2592
1.0000 2.6051
1.0000 2.0335
1.0000 2.7918
1.0000 1.2478
1.0000 1.4269
1.0000 1.6421
1.0000 2.5204
1.0000 1.4063
1.0000 1.1195
1.0000 3.0476
1.0000 2.7052
1.0000 1.0549
1.0000 1.0229
1.0000 1.7124
1.0000 1.7621
1.0000 1.6445
1.0000 1.7831
1.0000 1.6533
1.0000 1.1813
1.0000 1.9964
1.0000 2.5661
1.0000 1.9495
1.0000 1.5790
1.0000 1.9461
1.0000 0.9181
1.0000 1.5370
1.0000 2.2819
1.0000 1.4327
1.0000 1.5859
1.0000 1.9722
1.0000 1.1706
1.0000 1.6842
1.0000 2.9533
1.0000 2.5167
1.0000 2.4419
1.0000 1.9717
1.0000 2.2986
1.0000 1.9887
1.0000 1.8685
1.0000 2.5038
1.0000 2.2317
1.0000 0.8032
1.0000 1.3975
1.0000 1.9097
1.0000 1.5166
1.0000 2.1260
1.0000 1.6963
1.0000 1.3040
1.0000 1.4110
1.0000 2.3413
1.0000 1.3624
1.0000 2.6052
1.0000 1.0785
1.0000 2.9394
1.0000 2.0320
1.0000 1.6729
1.0000 1.8927
1.0000 1.5316
1.0000 1.3726
1.0000 1.4342
1.0000 1.1472
1.0000 1.7124
1.0000 2.3494
1.0000 2.5095
1.0000 2.2494
1.0000 2.5144
1.0000 1.6996
1.0000 2.5028
1.0000 1.1558
1.0000 1.7348
1.0000 1.3380
1.0000 1.4322
1.0000 1.5239
1.0000 1.9728
1.0000 2.2086
1.0000 0.8966
1.0000 1.5093
1.0000 2.0464
