12.0000 13.0851
12.0000 12.6319
12.0000 12.0046
12.0000 11.6653
12.0000 12.1393
12.0000 12.1165
12.0000 12.0945
12.0000 12.6174
12.0000 11.9595
12.0000 11.3349
12.0000 12.9708
12.0000 11.7356
12.0000 12.8739
12.0000 13.1085
12.0000 12.3777
12.0000 13.0797
12.0000 12.4565
12.0000 12.4112
12.0000 13.5088
12.0000 12.5833
12.0000 12.1170
12.0000 11.8819
12.0000 12.7956
12.0000 12.5619
12.0000 12.2866
12.0000 11.5437
12.0000 12.3021
12.0000 11.7767
12.0000 11.8175
12.0000 12.3182
12.0000 12.4510
12.0000 11.5041
12.0000 11.1063
12.0000 11.4529
12.0000 12.2103
12.0000 12.2254
12.0000 12.0565
12.0000 11.4834
12.0000 11.2946
12.0000 11.9113
12.0000 11.1481
12.0000 12.2719
12.0000 11.7624
12.0000 11.8008
12.0000 11.9832
12.0000 12.5985
12.0000 12.5185
12.0000 12.0115
12.0000 11.6992
12.0000 11.9017
12.0000 12.8778
12.0000 12.5136
12.0000 12.4005
12.0000 11.6646
12.0000 12.0974
12.0000 11.8362
12.0000 11.3803
12.0000 11.5161
12.0000 12.0401
12.0000 11.8728
12.0000 11.2648
12.0000 12.7605
12.0000 12.6189
12.0000 12.4046
12.0000 11.9744
12.0000 12.7306
12.0000 12.4170
12.0000 12.9341
12.0000 12.7676
12.0000 12.3484
12.0000 12.2908
12.0000 12.4614
12.0000 11.2630
12.0000 11.9098
12.0000 11.8534
12.0000 11.6676
12.0000 11.4899
12.0000 12.3402
12.0000 12.7626
12.0000 12.2521
12.0000 12.7304
12.0000 12.8280
12.0000 12.5280
12.0000 11.5623
12.0000 12.4906
12.0000 12.3366
12.0000 12.2834
12.0000 12.4276
12.0000 11.8040
12.0000 12.4448
12.0000 12.3460
12.0000 12.3272
12.0000 12.1490
12.0000 13.0843
12.0000 12.4451
12.0000 13.1128
12.0000 12.1691
12.0000 11.4301
12.0000 11.6729
12.0000 12.3613
12.0000 11.2575
12.0000 11.7540
12.0000 12.1744
12.0000 12.2846
12.0000 13.0166
12.0000 11.7757
12.0000 12.2963
12.0000 10.5495
12.0000 11.8707
12.0000 12.2908
12.0000 12.0346
12.0000 12.3346
12.0000 13.0513
12.0000 12.1581
12.0000 12.4179
12.0000 12.1007
12.0000 12.4206
12.0000 11.5194
12.0000 11.1488
12.0000 11.7429
12.0000 12.4556
12.0000 11.8492
12.0000 12.1796
12.0000 12.2321
12.0000 12.4193
12.0000 11.8279
12.0000 11.5891
12.0000 11.1028
12.0000 12.2345
12.0000 12.2188
12.0000 12.5711
12.0000 11.4958
12.0000 12.1492
12.0000 10.9703
12.0000 12.0492
12.0000 11.1716
12.0000 11.7208
12.0000 11.4574
12.0000 11.8849
12.0000 11.8098
12.0000 11.7716
12.0000 12.4348
12.0000 12.2960
12.0000 11.9706
12.0000 12.2265
12.0000 11.0659
12.0000 12.3354
12.0000 12.5354
12.0000 11.4832
12.0000 11.4787
12.0000 12.6122
12.0000 12.4914
12.0000 11.8050
12.0000 12.4576
12.0000 11.9239
12.0000 11.3917
12.0000 11.9090
12.0000 11.5039
12.0000 13.3639
12.0000 12.2000
12.0000 11.8695
12.0000 12.2684
12.0000 11.4136
12.0000 12.7558
12.0000 12.1428
12.0000 12.0509
12.0000 12.0788
12.0000 11.6738
12.0000 11.5124
12.0000 12.4487
12.0000 12.3614
12.0000 12.3533
12.0000 12.3068
12.0000 12.6340
12.0000 11.7485
12.0000 13.0375
12.0000 11.9562
12.0000 12.3892
12.0000 12.8685
12.0000 12.8106
12.0000 11.1625
12.0000 12.5079
12.0000 11.7322
12.0000 12.9563
12.0000 12.4580
12.0000 12.3225
12.0000 11.0758
12.0000 12.1877
12.0000 12.5135
12.0000 12.1703
12.0000 11.6522
12.0000 13.0505
12.0000 11.1690
12.0000 11.9781
12.0000 12.0275
12.0000 11.5606
12.0000 11.6788
12.0000 12.0021
12.0000 12.2411
12.0000 11.9488
12.0000 11.5547
12.0000 11.7804
12.0000 11.5496
12.0000 12.4181
12.0000 11.3943
12.0000 11.7707
12.0000 11.8442
12.0000 11.8515
12.0000 12.5678
12.0000 12.1672
12.0000 12.1409
12.0000 11.9562
12.0000 12.3606
12.0000 12.7342
12.0000 12.4811
12.0000 12.1444
12.0000 11.0432
12.0000 12.1203
12.0000 11.4474
12.0000 12.6738
12.0000 11.9923
12.0000 12.3984
12.0000 11.8215
12.0000 11.0669
12.0000 11.8242
12.0000 11.1128
12.0000 12.6995
12.0000 12.4395
12.0000 12.0414
12.0000 11.9271
12.0000 11.9224
12.0000 12.4216
12.0000 12.1004
12.0000 12.1326
12.0000 11.5719
12.0000 11.5868
12.0000 12.7223
12.0000 12.7984
12.0000 11.9708
12.0000 12.5857
12.0000 11.7833
12.0000 12.0307
12.0000 12.1846
12.0000 11.6414
12.0000 11.5941
12.0000 12.0983
12.0000 11.4812
12.0000 12.9438
12.0000 12.9621
12.0000 12.3791
12.0000 12.0753
12.0000 12.8315
12.0000 12.0414
12.0000 11.3331
12.0000 12.4984
12.0000 11.6691
12.0000 12.4779
12.0000 11.8741
12.0000 12.0511
12.0000 11.9576
12.0000 12.0444
12.0000 12.3857
12.0000 11.7458
12.0000 12.0911
12.0000 11.7137
12.0000 12.3523
12.0000 12.4445
12.0000 12.3350
12.0000 11.9686
12.0000 12.6485
12.0000 11.7787
12.0000 11.7422
12.0000 11.7661
12.0000 11.6688
12.0000 13.1103
12.0000 12.1749
12.0000 12.6260
12.0000 13.4683
12.0000 12.0921
12.0000 12.5957
12.0000 12.3005
12.0000 11.4222
12.0000 12.2421
12.0000 12.4224
12.0000 10.7039
12.0000 12.6469
12.0000 12.6537
12.0000 12.3559
12.0000 11.0926
12.0000 12.7471
12.0000 11.7405
12.0000 13.0901
12.0000 12.3416
12.0000 12.8130
12.0000 12.2602
12.0000 12.3600
12.0000 10.8698
12.0000 11.8610
12.0000 12.3024
12.0000 11.8659
12.0000 11.3183
12.0000 11.8514
12.0000 12.5224
12.0000 12.1803
12.0000 12.1491
12.0000 12.0721
12.0000 10.8826
12.0000 12.2807
12.0000 12.6892
12.0000 11.2553
12.0000 10.8620
12.0000 11.8026
12.0000 11.9892
12.0000 11.2808
12.0000 12.9676
12.0000 12.5791
12.0000 12.0695
12.0000 12.0620
12.0000 13.1095
12.0000 12.1984
12.0000 12.1919
12.0000 12.2491
12.0000 11.9897
12.0000 12.4030
12.0000 11.8810
12.0000 11.3468
12.0000 12.8669
12.0000 12.2739
12.0000 12.0477
12.0000 11.7001
12.0000 11.3684
12.0000 11.8502
12.0000 11.4751
12.0000 12.5358
12.0000 12.4986
12.0000 12.3431
12.0000 11.0391
12.0000 12.4156
12.0000 11.5767
12.0000 12.0257
12.0000 12.9561
12.0000 11.7486
12.0000 12.9736
12.0000 12.8024
12.0000 11.5995
12.0000 11.8025
12.0000 11.6552
12.0000 12.8317
12.0000 12.9400
12.0000 11.5760
12.0000 11.9198
12.0000 11.3577
12.0000 12.2297
12.0000 11.4883
12.0000 12.2950
12.0000 11.0339
12.0000 13.2087
12.0000 12.3302
12.0000 12.5011
12.0000 12.2330
12.0000 11.6682
12.0000 12.6290
12.0000 13.3878
12.0000 12.7134
12.0000 12.4938
12.0000 12.5996
12.0000 12.1440
12.0000 12.0513
12.0000 12.4765
12.0000 10.6346
12.0000 13.0383
12.0000 12.5615
12.0000 11.8898
12.0000 12.6296
12.0000 11.4906
12.0000 12.8779
12.0000 11.9296
12.0000 12.7005
12.0000 11.8246
12.0000 11.6987
12.0000 11.5915
12.0000 11.2208
12.0000 12.2023
12.0000 11.6438
12.0000 11.5129
12.0000 12.2043
12.0000 12.3195
12.0000 11.8634
12.0000 12.6114
12.0000 13.3213
12.0000 11.4755
12.0000 12.0756
12.0000 11.7686
12.0000 12.0816
12.0000 11.7229
12.0000 11.4113
12.0000 11.3124
12.0000 11.9693
12.0000 12.3963
12.0000 12.3911
12.0000 11.6637
12.0000 11.7616
12.0000 11.4617
12.0000 12.1452
12.0000 12.1030
12.0000 11.5881
12.0000 12.4862
12.0000 11.8969
12.0000 12.5786
12.0000 11.7541
12.0000 13.1860
12.0000 13.0580
12.0000 12.5416
12.0000 12.1505
12.0000 11.8805
12.0000 12.1942
12.0000 12.3648
12.0000 12.0765
12.0000 12.8366
12.0000 12.2465
12.0000 12.5765
12.0000 11.5545
12.0000 11.5713
12.0000 12.2994
12.0000 12.2360
12.0000 12.1113
12.0000 11.5019
12.0000 11.5355
12.0000 12.2395
12.0000 12.1453
12.0000 13.3837
12.0000 11.3113
12.0000 12.0687
12.0000 12.8084
12.0000 11.4499
12.0000 13.3606
12.0000 12.0192
12.0000 11.9752
12.0000 12.2047
12.0000 11.7502
12.0000 12.4145
12.0000 12.4621
12.0000 12.1053
12.0000 12.7185
12.0000 11.7522
12.0000 12.5226
12.0000 11.8934
12.0000 12.4065
12.0000 12.9141
12.0000 13.1605
12.0000 11.2932
12.0000 12.5849
12.0000 12.3305
12.0000 12.4028
12.0000 12.3093
12.0000 12.9253
12.0000 12.3558
12.0000 12.0465
12.0000 11.6678
12.0000 12.5206
12.0000 12.1023
12.0000 13.0624
12.0000 12.3247
12.0000 11.8726
12.0000 12.0692
12.0000 11.7746
12.0000 12.7128
12.0000 12.2233
12.0000 12.5752
12.0000 12.7531
12.0000 11.3029
12.0000 11.4727
12.0000 12.8409
12.0000 12.7008
12.0000 12.4755
12.0000 11.8167
12.0000 13.4570
12.0000 11.8795
12.0000 12.3648
12.0000 12.4410
12.0000 11.6563
12.0000 12.5796
12.0000 13.1987
12.0000 12.9897
12.0000 11.5887
12.0000 11.8925
12.0000 13.5137
12.0000 12.6059
12.0000 12.3880
12.0000 11.8136
12.0000 12.9913
12.0000 12.4739
12.0000 12.0575
12.0000 12.4142
12.0000 12.3100
12.0000 13.0176
12.0000 12.5437
12.0000 11.9597
12.0000 11.3629
12.0000 12.6799
12.0000 12.0028
12.0000 11.9716
12.0000 11.7911
12.0000 12.2384
12.0000 12.7970
12.0000 13.0021
12.0000 11.9775
12.0000 12.2681
12.0000 11.8590
12.0000 11.6745
12.0000 11.7918
12.0000 12.7428
12.0000 11.6340
12.0000 11.6588
12.0000 12.1846
12.0000 11.8627
12.0000 11.9479
12.0000 12.2534
12.0000 12.3951
12.0000 12.2045
12.0000 12.7888
12.0000 12.4681
12.0000 12.6469
12.0000 12.3559
12.0000 12.8292
12.0000 13.3833
12.0000 11.7764
12.0000 11.2702
12.0000 11.7971
12.0000 10.9365
12.0000 11.9792
12.0000 12.6780
12.0000 11.5118
12.0000 11.8784
12.0000 12.3106
12.0000 12.7024
12.0000 12.1951
12.0000 12.4555
12.0000 11.5971
12.0000 12.8691
12.0000 12.2092
12.0000 12.1080
12.0000 11.5814
12.0000 12.9302
12.0000 12.1039
12.0000 12.2041
12.0000 12.3627
12.0000 11.9759
12.0000 11.1584
12.0000 12.4998
12.0000 11.5372
12.0000 12.6320
12.0000 12.4668
12.0000 11.9895
12.0000 13.2489
12.0000 11.9928
12.0000 12.0881
12.0000 12.4254
12.0000 12.3088
12.0000 12.2628
12.0000 12.4516
12.0000 11.7627
12.0000 10.5403
12.0000 11.6679
12.0000 12.5231
12.0000 12.4395
12.0000 12.6156
12.0000 12.0094
12.0000 12.9688
12.0000 12.0721
12.0000 13.0039
12.0000 11.2459
12.0000 12.3628
12.0000 11.7661
12.0000 12.3409
12.0000 11.9378
12.0000 11.9008
12.0000 11.8773
12.0000 11.4613
12.0000 12.8851
12.0000 12.4072
12.0000 12.9715
12.0000 12.2045
12.0000 12.1575
12.0000 11.6962
12.0000 12.1909
12.0000 10.9625
12.0000 12.6803
12.0000 11.4483
12.0000 12.0017
12.0000 12.6088
12.0000 12.5108
12.0000 12.8691
12.0000 12.3666
12.0000 11.4660
12.0000 12.3743
12.0000 11.8350
12.0000 12.3210
12.0000 12.1287
12.0000 11.9912
12.0000 13.0127
12.0000 12.5891
12.0000 12.2091
12.0000 11.8966
12.0000 12.3526
12.0000 11.7407
12.0000 12.4886
12.0000 12.5210
12.0000 12.3541
12.0000 12.9799
12.0000 10.9964
12.0000 11.9009
12.0000 12.2912
12.0000 10.8580
12.0000 11.6036
12.0000 11.6659
12.0000 11.3624
12.0000 11.0148
12.0000 11.9425
12.0000 12.0660
12.0000 12.4332
12.0000 11.9491
12.0000 12.0511
12.0000 11.3024
12.0000 13.0426
12.0000 13.1866
12.0000 12.8949
12.0000 12.2440
12.0000 11.8428
12.0000 11.2527
12.0000 12.1749
12.0000 11.9651
12.0000 11.0913
12.0000 12.4110
12.0000 12.2842
12.0000 12.1614
12.0000 12.5789
12.0000 11.5615
12.0000 12.7378
12.0000 12.6731
12.0000 12.0467
12.0000 11.9978
12.0000 11.6112
12.0000 12.0512
12.0000 12.7184
12.0000 12.4522
12.0000 12.5733
12.0000 12.6744
12.0000 11.8393
12.0000 13.2110
12.0000 11.6957
12.0000 12.6859
12.0000 12.0189
12.0000 12.2284
12.0000 12.1062
12.0000 11.9197
12.0000 12.1350
12.0000 11.8972
12.0000 11.7800
12.0000 12.4319
12.0000 12.5940
12.0000 13.1108
12.0000 11.6807
12.0000 12.2721
12.0000 11.2552
12.0000 12.3402
12.0000 12.1313
12.0000 11.1304
12.0000 11.1356
12.0000 11.3654
12.0000 12.2458
12.0000 12.1865
12.0000 12.6035
12.0000 12.3546
12.0000 12.5834
12.0000 12.3041
12.0000 11.9804
12.0000 12.2869
12.0000 12.4571
12.0000 12.6580
12.0000 12.3080
12.0000 10.9489
12.0000 11.9630
12.0000 11.8136
12.0000 12.8072
12.0000 11.8342
12.0000 12.1655
12.0000 12.1978
12.0000 12.2058
12.0000 11.7145
12.0000 11.5597
12.0000 12.6074
12.0000 12.2113
12.0000 11.9439
12.0000 12.0211
12.0000 13.3093
12.0000 11.9876
12.0000 12.5076
12.0000 12.6168
12.0000 12.9058
12.0000 11.7504
12.0000 11.3692
12.0000 12.3396
12.0000 12.0678
12.0000 11.7939
12.0000 11.9291
12.0000 11.8968
12.0000 11.3020
12.0000 11.8587
12.0000 11.8491
12.0000 12.1251
12.0000 12.3293
12.0000 12.0025
12.0000 11.1513
12.0000 12.1212
12.0000 12.2879
12.0000 11.2515
12.0000 12.2572
12.0000 12.3144
12.0000 12.5598
12.0000 10.8152
12.0000 12.9346
12.0000 12.6366
12.0000 12.3736
12.0000 12.8106
12.0000 12.6770
12.0000 12.6626
12.0000 11.7600
12.0000 11.3490
12.0000 12.0944
12.0000 12.7858
12.0000 12.2191
12.0000 11.9304
12.0000 12.1395
12.0000 12.1166
12.0000 12.0351
12.0000 12.3427
12.0000 12.0228
12.0000 11.9546
12.0000 12.2741
12.0000 11.8434
12.0000 11.8426
12.0000 12.0450
12.0000 12.0049
12.0000 12.1106
12.0000 12.6535
12.0000 13.0820
12.0000 11.1540
12.0000 11.5802
12.0000 11.1159
12.0000 12.3132
12.0000 11.6862
12.0000 12.4710
12.0000 11.7394
12.0000 12.9702
12.0000 12.5959
12.0000 11.6137
12.0000 12.3952
12.0000 12.3960
12.0000 12.1259
12.0000 12.3948
12.0000 12.9559
12.0000 12.3085
12.0000 12.5055
12.0000 11.7244
12.0000 11.6407
12.0000 11.5670
12.0000 12.5888
12.0000 12.4666
12.0000 11.8609
12.0000 12.5694
12.0000 11.6959
12.0000 11.8684
12.0000 12.5816
12.0000 11.2241
12.0000 12.1938
12.0000 13.1697
12.0000 12.3374
12.0000 13.1308
12.0000 11.9273
12.0000 12.0305
12.0000 12.2422
12.0000 12.5000
12.0000 12.5065
12.0000 12.0874
12.0000 11.7284
12.0000 12.0473
12.0000 12.5496
12.0000 12.8233
12.0000 12.3901
12.0000 11.6335
12.0000 12.3127
12.0000 13.0594
12.0000 12.0218
12.0000 11.9169
12.0000 11.6747
12.0000 12.8293
12.0000 12.4204
12.0000 11.5413
12.0000 11.5244
12.0000 12.9529
12.0000 11.9230
12.0000 12.5854
12.0000 12.7165
12.0000 12.4112
12.0000 12.2008
12.0000 11.7562
12.0000 12.4327
12.0000 13.0627
12.0000 13.1602
12.0000 12.3220
12.0000 11.9229
12.0000 11.3132
12.0000 13.1509
12.0000 12.7688
12.0000 12.6233
12.0000 12.4042
12.0000 12.2513
12.0000 12.3311
12.0000 12.2941
12.0000 11.2125
12.0000 12.2949
12.0000 12.5897
12.0000 13.1933
12.0000 11.6876
12.0000 12.1570
12.0000 11.6057
12.0000 11.8141
12.0000 11.8650
12.0000 12.2961
12.0000 12.5652
12.0000 12.4866
12.0000 12.2227
12.0000 12.6245
12.0000 12.1745
12.0000 12.9057
12.0000 12.3872
12.0000 11.2063
12.0000 12.4621
12.0000 11.6168
12.0000 11.8135
12.0000 12.0725
12.0000 11.3698
12.0000 12.5563
12.0000 12.1012
12.0000 13.5702
12.0000 11.5851
12.0000 11.8427
12.0000 12.2116
12.0000 12.1621
12.0000 12.4238
12.0000 12.1179
12.0000 12.0291
12.0000 11.6616
12.0000 12.0520
12.0000 12.4662
12.0000 12.4845
12.0000 12.5803
12.0000 12.2620
12.0000 12.2175
12.0000 12.5609
12.0000 11.2061
12.0000 12.0658
12.0000 12.7822
12.0000 12.6290
12.0000 11.7887
12.0000 12.5805
12.0000 11.9013
12.0000 12.4068
12.0000 11.7227
12.0000 12.4453
12.0000 12.5038
12.0000 12.2503
12.0000 12.6299
12.0000 12.4302
12.0000 10.9325
12.0000 12.6277
12.0000 11.2200
12.0000 11.6543
12.0000 12.5002
12.0000 11.7633
12.0000 11.5351
12.0000 12.4974
12.0000 12.4815
12.0000 12.2635
12.0000 11.9271
12.0000 12.1387
12.0000 11.9875
12.0000 12.3923
12.0000 12.6098
12.0000 12.5452
12.0000 11.9723
12.0000 12.2243
12.0000 10.7109
12.0000 11.7206
12.0000 12.0702
12.0000 12.5534
12.0000 12.5162
12.0000 12.9418
12.0000 11.4267
12.0000 11.1290
12.0000 12.2187
12.0000 11.5131
12.0000 12.5366
12.0000 11.5305
12.0000 11.1060
12.0000 11.9321
12.0000 12.9063
12.0000 12.0061
12.0000 12.7868
12.0000 13.2434
12.0000 12.2572
12.0000 12.8860
12.0000 12.7893
12.0000 12.0779
12.0000 12.2567
12.0000 12.9571
12.0000 11.7051
12.0000 12.5758
12.0000 12.7620
12.0000 13.5291
12.0000 12.5040
12.0000 12.3305
12.0000 12.4182
12.0000 12.3220
12.0000 12.3416
12.0000 12.1981
12.0000 12.0373
12.0000 11.2840
12.0000 12.0073
12.0000 12.8693
12.0000 11.7776
12.0000 11.9461
12.0000 11.8830
12.0000 11.0843
12.0000 12.3691
12.0000 12.0526
12.0000 12.4243
12.0000 12.0713
12.0000 11.6953
12.0000 13.5451
12.0000 12.4066
12.0000 11.9988
12.0000 12.8902
12.0000 13.2160
12.0000 12.5550
12.0000 11.6056
12.0000 12.4083
12.0000 11.8580
12.0000 11.8885
12.0000 11.7797
12.0000 11.5835
12.0000 12.1643
12.0000 12.7229
12.0000 12.7063
12.0000 12.0173
12.0000 12.3178
12.0000 11.4666
12.0000 12.1341
12.0000 11.4716
12.0000 12.3502
12.0000 12.5922
12.0000 12.4893
12.0000 12.2727
12.0000 11.7764
12.0000 10.9819
12.0000 11.6004
12.0000 12.2441
12.0000 12.6248
12.0000 13.2212
12.0000 12.2408
12.0000 12.1190
12.0000 12.6985
12.0000 11.8001
12.0000 13.2522
12.0000 10.8943
12.0000 12.0530
12.0000 12.8222
12.0000 11.5617
12.0000 12.1837
12.0000 12.1698
12.0000 11.7593
12.0000 12.6517
12.0000 12.2629
12.0000 13.0316
12.0000 12.2082
12.0000 11.8346
12.0000 12.1312
12.0000 11.5971
12.0000 11.8376
12.0000 11.5884
12.0000 12.0121
12.0000 12.3591
12.0000 11.6986
12.0000 12.1904
12.0000 12.4528
12.0000 11.3249
12.0000 11.1346
12.0000 13.0257
12.0000 11.5312
12.0000 13.1242
12.0000 12.0838
12.0000 12.4472
12.0000 12.7449
12.0000 12.5826
12.0000 12.9316
12.0000 11.7262
12.0000 12.2317
12.0000 12.5258
12.0000 12.7071
12.0000 13.6138
12.0000 13.0554
12.0000 11.9854
12.0000 12.2181
12.0000 11.6999
12.0000 12.6328
12.0000 11.9203
12.0000 12.3352
12.0000 12.3595
12.0000 12.3428
12.0000 11.8494
12.0000 11.0974
12.0000 13.2499
12.0000 12.8371
12.0000 11.8991
12.0000 12.7307
12.0000 12.1081
12.0000 11.6168
12.0000 13.3025
12.0000 12.6944
12.0000 11.3492
12.0000 11.7131
12.0000 11.6004
12.0000 12.1207
12.0000 12.4072
12.0000 12.4651
12.0000 12.7516
12.0000 11.6650
12.0000 12.2283
12.0000 11.6977
12.0000 11.7223
12.0000 12.0180
12.0000 11.9215
12.0000 12.0031
12.0000 11.8813
12.0000 12.0743
12.0000 11.9700
12.0000 12.8124
12.0000 11.6895
12.0000 12.1649
12.0000 11.1568
12.0000 12.0243
12.0000 12.5139
12.0000 11.3444
12.0000 13.6320
12.0000 11.8036
12.0000 11.2178
12.0000 12.3185
12.0000 11.7420
12.0000 11.2732
12.0000 11.6785
12.0000 11.9193
12.0000 11.9092
12.0000 12.0464
12.0000 12.2575
12.0000 12.6703
12.0000 11.0133
12.0000 12.6257
12.0000 11.6104
12.0000 13.1598
12.0000 11.6293
12.0000 11.5535
12.0000 12.5507
12.0000 12.4938
12.0000 11.4973
12.0000 11.7934
12.0000 12.2029
12.0000 12.0343
12.0000 11.7335
12.0000 10.9830
12.0000 12.5052
12.0000 11.7753
12.0000 11.8713
12.0000 12.5511
12.0000 11.1189
12.0000 12.9109
12.0000 13.1279
12.0000 12.9896
12.0000 12.4389
12.0000 11.1919
12.0000 12.5090
12.0000 12.0140
12.0000 12.2648
12.0000 12.2600
12.0000 12.2921
12.0000 12.4861
12.0000 11.3888
12.0000 12.0614
12.0000 12.6114
12.0000 11.8548
12.0000 12.4867
12.0000 12.9048
12.0000 11.4830
12.0000 11.8304
12.0000 12.0846
12.0000 11.8003
12.0000 12.5925
12.0000 12.0592
12.0000 13.3191
12.0000 12.0913
12.0000 11.3355
12.0000 12.3487
12.0000 12.5698
12.0000 12.7960
12.0000 11.7981
12.0000 11.3177
12.0000 11.1115
12.0000 11.6436
12.0000 11.7320
12.0000 12.4033
12.0000 12.1388
12.0000 11.8244
12.0000 12.8374
12.0000 11.7355
12.0000 11.4259
12.0000 11.4898
12.0000 12.0741
12.0000 11.7263
12.0000 12.1213
12.0000 12.8496
12.0000 12.8641
12.0000 11.7057
12.0000 11.7316
12.0000 12.0182
12.0000 12.2262
12.0000 12.6434
12.0000 11.6220
12.0000 11.8086
12.0000 12.0439
12.0000 11.8959
12.0000 12.2808
12.0000 11.8877
12.0000 12.4449
12.0000 11.6218
12.0000 11.9165
12.0000 11.5103
12.0000 12.4827
12.0000 11.9069
12.0000 13.0449
12.0000 10.6886
12.0000 12.7923
12.0000 12.1164
12.0000 12.5790
12.0000 12.5253
12.0000 12.1637
12.0000 12.4494
12.0000 12.1011
12.0000 12.6332
12.0000 11.5063
12.0000 11.7738
12.0000 12.8861
12.0000 11.9075
12.0000 12.6383
12.0000 12.2224
12.0000 11.5647
12.0000 12.1024
12.0000 13.0927
12.0000 12.2410
12.0000 12.6287
12.0000 11.7089
12.0000 12.2437
12.0000 11.9325
12.0000 11.6320
12.0000 12.0349
12.0000 11.9459
12.0000 12.5024
12.0000 12.1314
12.0000 12.5757
12.0000 11.6752
12.0000 12.1907
12.0000 12.1827
12.0000 12.5970
12.0000 11.2488
12.0000 11.8381
12.0000 12.8034
12.0000 12.4263
12.0000 11.0858
12.0000 12.0485
12.0000 12.2583
12.0000 12.0229
12.0000 11.8231
12.0000 12.5397
12.0000 12.3315
12.0000 11.9099
12.0000 11.6158
12.0000 11.8762
12.0000 12.8272
12.0000 11.8441
12.0000 12.5517
12.0000 12.4212
12.0000 12.0540
12.0000 13.2940
12.0000 12.2411
12.0000 12.5557
12.0000 12.2647
12.0000 11.4687
12.0000 11.8079
12.0000 11.6824
12.0000 12.0877
12.0000 11.6312
12.0000 13.1353
12.0000 13.2315
12.0000 11.4764
12.0000 12.0214
12.0000 11.0316
12.0000 11.2433
12.0000 11.8622
12.0000 12.6417
12.0000 13.0303
12.0000 12.2323
12.0000 11.9138
12.0000 11.7817
12.0000 11.8233
12.0000 11.8534
12.0000 12.9403
12.0000 12.3248
12.0000 11.6380
12.0000 12.9063
12.0000 11.5236
12.0000 12.5926
12.0000 11.6699
12.0000 11.7875
12.0000 12.8263
12.0000 12.1045
12.0000 11.7153
12.0000 12.4447
12.0000 11.7391
12.0000 11.8654
12.0000 12.0993
12.0000 12.3693
12.0000 12.3752
12.0000 12.1898
12.0000 13.0935
12.0000 11.1259
12.0000 12.2588
12.0000 12.1397
12.0000 12.3972
12.0000 10.5305
12.0000 12.9800
12.0000 12.2736
12.0000 12.8548
12.0000 11.9272
12.0000 11.7065
12.0000 11.8943
12.0000 11.2100
12.0000 12.7105
12.0000 12.3520
12.0000 11.9940
12.0000 12.2606
12.0000 11.4742
12.0000 11.9752
12.0000 12.0183
12.0000 11.6817
12.0000 12.0359
12.0000 12.3558
12.0000 12.1177
12.0000 11.0636
12.0000 11.9871
12.0000 11.4812
12.0000 11.1802
12.0000 12.6600
12.0000 11.9905
12.0000 12.1138
12.0000 12.3469
12.0000 12.1346
12.0000 11.9660
12.0000 12.5116
12.0000 11.5771
12.0000 12.1109
12.0000 11.8391
12.0000 12.6108
12.0000 12.1006
12.0000 13.4411
12.0000 12.0817
12.0000 12.0858
12.0000 11.6267
12.0000 11.7793
12.0000 11.3426
12.0000 11.3501
12.0000 13.6202
12.0000 11.3094
12.0000 12.8723
12.0000 12.1167
12.0000 12.2264
12.0000 11.8649
12.0000 12.9867
12.0000 12.8297
12.0000 12.3901
12.0000 11.5405
12.0000 12.2914
12.0000 11.6372
12.0000 12.6588
12.0000 12.1456
12.0000 10.9727
12.0000 11.4063
12.0000 11.9013
12.0000 12.2035
12.0000 12.8738
12.0000 12.4446
12.0000 11.1933
12.0000 12.5644
12.0000 12.9333
12.0000 11.5391
12.0000 12.3900
12.0000 12.2292
12.0000 13.0088
12.0000 12.0507
12.0000 11.7018
12.0000 12.1954
12.0000 12.3111
12.0000 11.3873
12.0000 12.6602
12.0000 12.7822
12.0000 11.9599
12.0000 12.0951
12.0000 12.1068
12.0000 12.7081
12.0000 11.9815
12.0000 13.8808
12.0000 12.8962
12.0000 11.8799
12.0000 12.3694
12.0000 11.7869
12.0000 12.9410
12.0000 12.6966
12.0000 12.2725
12.0000 12.4999
12.0000 12.8507
12.0000 12.1617
12.0000 11.9370
12.0000 12.4635
12.0000 13.2792
12.0000 13.2456
12.0000 10.8451
12.0000 12.2103
12.0000 11.0213
12.0000 11.5141
12.0000 12.5052
12.0000 12.3048
12.0000 12.1170
12.0000 12.7870
12.0000 12.0772
12.0000 11.2533
12.0000 11.2925
12.0000 12.8718
12.0000 12.0006
12.0000 12.3384
12.0000 12.5741
12.0000 12.1858
12.0000 13.1515
12.0000 12.0247
12.0000 11.8312
12.0000 12.9150
12.0000 12.2244
12.0000 11.6692
12.0000 13.0991
12.0000 12.4665
12.0000 11.0225
12.0000 12.2983
12.0000 12.4300
12.0000 12.4017
12.0000 12.0387
12.0000 12.3751
12.0000 11.9081
12.0000 11.5327
12.0000 12.3835
12.0000 12.2007
12.0000 11.7962
12.0000 13.2791
12.0000 12.0486
12.0000 11.6287
12.0000 12.5498
12.0000 12.8852
12.0000 11.6357
12.0000 12.1992
12.0000 11.9085
12.0000 10.8148
12.0000 11.9145
12.0000 11.3930
12.0000 12.5156
12.0000 11.5791
12.0000 11.9591
12.0000 12.7505
12.0000 11.8276
12.0000 12.0730
12.0000 13.4284
12.0000 12.8539
12.0000 11.5698
12.0000 13.2598
12.0000 12.4132
12.0000 11.5279
12.0000 11.9557
12.0000 11.4498
12.0000 13.5640
12.0000 11.5177
12.0000 13.0517
12.0000 11.9840
12.0000 12.1665
12.0000 12.3853
12.0000 12.0258
12.0000 12.2823
12.0000 11.4908
12.0000 12.2911
12.0000 11.5102
12.0000 11.7804
12.0000 11.5116
12.0000 12.1976
12.0000 12.0246
12.0000 12.0350
12.0000 12.0061
12.0000 12.0602
12.0000 13.4216
12.0000 12.0603
12.0000 11.6728
12.0000 12.0257
12.0000 11.8902
12.0000 12.8496
12.0000 12.9563
12.0000 12.1741
12.0000 12.0246
12.0000 12.2592
12.0000 11.4591
12.0000 11.1237
12.0000 12.6677
12.0000 13.0945
12.0000 12.2486
12.0000 11.2275
12.0000 13.4866
12.0000 12.8985
12.0000 11.6748
12.0000 12.1925
12.0000 12.0145
12.0000 12.0696
12.0000 11.8610
12.0000 12.6435
12.0000 12.0073
12.0000 11.5672
12.0000 12.5625
12.0000 12.2093
12.0000 12.0165
12.0000 12.5853
12.0000 11.6780
12.0000 11.2296
12.0000 10.9433
12.0000 12.8442
12.0000 12.7301
12.0000 12.3547
12.0000 13.0548
12.0000 12.6951
12.0000 11.9532
12.0000 11.7502
12.0000 13.0510
12.0000 11.5313
12.0000 11.7767
12.0000 11.5617
12.0000 12.6415
12.0000 12.5231
12.0000 12.3037
12.0000 12.3001
12.0000 12.0744
12.0000 12.4288
12.0000 12.4034
12.0000 13.0090
12.0000 12.1847
12.0000 11.8393
12.0000 11.3454
12.0000 12.3753
12.0000 11.5092
12.0000 11.6160
12.0000 11.5753
12.0000 11.5720
12.0000 11.7205
12.0000 11.8937
12.0000 11.2230
12.0000 12.4197
12.0000 12.8887
12.0000 13.0449
12.0000 11.6346
12.0000 11.7577
12.0000 11.8104
12.0000 12.1795
12.0000 12.3530
12.0000 11.9893
12.0000 11.6915
12.0000 13.3830
12.0000 11.6047
12.0000 12.0576
12.0000 11.1566
12.0000 12.5774
12.0000 12.2517
12.0000 11.4599
12.0000 12.0601
12.0000 12.1670
12.0000 12.2077
12.0000 11.7146
12.0000 12.5891
12.0000 12.0332
12.0000 11.3368
12.0000 11.6137
12.0000 11.7976
12.0000 12.5674
12.0000 12.0632
12.0000 12.9995
12.0000 11.9109
12.0000 11.1175
12.0000 12.4625
12.0000 12.0281
12.0000 11.8353
12.0000 12.5565
12.0000 12.1363
12.0000 12.4034
12.0000 11.4998
12.0000 11.4890
12.0000 11.4356
12.0000 12.3146
12.0000 11.8851
12.0000 12.2521
12.0000 12.2244
12.0000 12.2693
12.0000 12.9097
12.0000 11.3868
12.0000 11.1359
12.0000 12.3996
12.0000 11.6945
12.0000 12.6990
12.0000 11.9010
12.0000 12.4461
12.0000 12.0476
12.0000 12.2915
12.0000 12.7570
12.0000 12.7866
12.0000 12.5477
12.0000 13.5588
12.0000 10.9681
12.0000 11.4226
12.0000 11.9785
12.0000 12.7675
12.0000 12.0590
12.0000 12.2084
12.0000 12.1620
12.0000 12.4098
12.0000 12.2381
12.0000 13.0149
12.0000 12.7545
12.0000 11.4918
12.0000 12.7273
12.0000 12.2722
12.0000 11.9878
12.0000 11.6029
12.0000 11.4458
12.0000 12.7785
12.0000 11.2100
12.0000 12.3753
12.0000 11.6063
12.0000 11.5703
12.0000 12.2397
12.0000 12.3251
12.0000 12.2181
12.0000 11.3051
12.0000 12.2045
12.0000 12.8436
12.0000 11.7407
12.0000 12.1128
12.0000 12.4178
12.0000 12.4574
12.0000 11.6507
12.0000 11.7028
12.0000 11.8837
12.0000 11.7053
12.0000 12.6394
12.0000 12.8178
12.0000 11.8679
12.0000 12.2295
12.0000 12.5789
12.0000 11.3000
12.0000 11.8516
12.0000 12.0593
12.0000 12.5945
12.0000 11.5632
12.0000 12.5210
12.0000 12.5515
12.0000 12.3480
12.0000 12.2733
12.0000 11.7765
12.0000 12.5035
12.0000 11.8869
12.0000 12.6445
12.0000 12.5696
12.0000 12.2829
12.0000 11.6971
12.0000 12.3363
12.0000 12.6543
12.0000 12.5234
12.0000 11.3924
12.0000 12.0815
12.0000 11.5674
12.0000 11.2165
12.0000 12.2482
12.0000 12.3173
12.0000 13.0097
12.0000 11.6288
12.0000 12.5105
12.0000 11.3056
12.0000 11.8856
12.0000 12.0059
12.0000 11.8942
12.0000 11.4882
12.0000 11.0076
12.0000 12.0484
12.0000 13.0091
12.0000 11.5366
12.0000 13.2209
12.0000 11.8567
12.0000 11.5274
12.0000 12.4489
12.0000 11.7531
12.0000 11.9564
12.0000 11.9954
12.0000 12.5264
12.0000 11.9919
12.0000 12.6570
12.0000 13.0589
12.0000 11.5933
12.0000 11.9593
12.0000 12.2224
12.0000 13.1092
12.0000 11.5501
12.0000 11.6270
12.0000 11.8014
12.0000 13.0027
12.0000 11.6261
12.0000 11.8857
12.0000 12.6162
12.0000 12.8108
12.0000 12.0334
12.0000 12.6608
12.0000 11.8778
12.0000 11.4502
12.0000 13.1450
12.0000 12.5084
12.0000 12.5566
12.0000 12.0775
12.0000 12.7881
12.0000 12.4534
12.0000 12.1312
12.0000 11.9219
12.0000 12.7685
12.0000 12.0479
12.0000 11.7256
12.0000 12.2750
12.0000 11.4783
12.0000 10.9573
12.0000 12.7438
12.0000 12.7781
12.0000 11.7850
12.0000 12.2787
12.0000 12.0587
12.0000 11.3718
12.0000 12.7257
12.0000 13.0127
12.0000 12.2651
12.0000 11.7062
12.0000 12.7968
12.0000 11.6957
12.0000 12.2316
12.0000 11.5029
12.0000 11.0173
12.0000 12.0254
12.0000 11.8986
12.0000 11.5693
12.0000 13.2499
12.0000 12.2107
12.0000 11.8294
12.0000 12.8276
12.0000 12.3399
12.0000 11.8870
12.0000 12.4314
12.0000 12.7764
12.0000 11.9193
12.0000 12.1439
12.0000 12.2197
12.0000 11.8680
12.0000 11.3447
12.0000 11.9024
12.0000 11.0801
12.0000 11.5522
12.0000 11.6084
12.0000 12.2285
12.0000 11.8233
12.0000 13.4118
12.0000 12.0744
12.0000 11.5221
12.0000 13.0977
12.0000 11.6205
12.0000 13.0140
12.0000 10.9295
12.0000 11.3046
12.0000 12.1954
12.0000 11.3511
12.0000 12.0046
12.0000 11.8950
12.0000 11.7965
12.0000 11.4654
12.0000 11.7843
12.0000 11.4369
12.0000 12.4806
12.0000 13.3768
12.0000 11.9708
12.0000 12.0186
12.0000 12.0529
12.0000 12.7668
12.0000 12.9055
12.0000 12.8556
12.0000 11.8607
12.0000 11.9827
12.0000 11.7910
12.0000 12.4312
12.0000 11.5272
12.0000 11.4492
12.0000 11.8755
12.0000 12.4746
12.0000 12.0295
12.0000 12.6274
12.0000 11.6236
12.0000 11.8970
12.0000 11.1418
12.0000 12.6160
12.0000 11.4142
12.0000 12.4042
12.0000 11.9979
12.0000 11.7253
12.0000 12.1677
12.0000 12.2679
12.0000 11.5416
12.0000 12.8557
12.0000 12.2020
12.0000 12.2557
12.0000 11.1213
12.0000 12.2264
12.0000 11.5413
12.0000 11.3182
12.0000 11.8518
12.0000 12.9371
12.0000 11.6987
12.0000 11.4995
12.0000 13.1773
12.0000 12.8029
12.0000 12.9168
12.0000 12.9936
12.0000 11.5111
12.0000 11.7827
12.0000 10.8708
12.0000 11.2146
12.0000 11.5976
12.0000 12.9266
12.0000 12.1634
12.0000 11.3784
12.0000 12.5117
12.0000 12.1922
12.0000 11.6018
12.0000 12.3364
12.0000 11.6038
12.0000 12.3894
12.0000 12.9913
12.0000 11.9826
12.0000 12.2504
12.0000 12.2838
12.0000 11.1349
12.0000 12.8278
12.0000 11.9860
12.0000 12.3249
12.0000 11.7528
12.0000 12.1987
12.0000 12.5736
12.0000 11.8205
12.0000 12.1290
12.0000 12.5243
12.0000 12.3413
12.0000 11.8544
12.0000 12.4127
12.0000 11.9699
12.0000 12.1894
12.0000 12.5404
12.0000 11.5678
12.0000 12.1753
12.0000 10.8574
12.0000 12.2163
12.0000 12.0737
12.0000 12.5859
12.0000 11.0806
12.0000 12.1885
12.0000 11.5660
12.0000 11.7600
12.0000 11.9896
12.0000 11.3488
12.0000 12.4837
12.0000 11.9975
12.0000 12.6369
12.0000 12.0982
12.0000 12.3376
12.0000 11.0669
12.0000 12.0411
12.0000 11.7738
12.0000 11.5961
12.0000 12.0296
12.0000 10.4581
12.0000 12.1805
12.0000 12.3250
12.0000 12.3211
12.0000 11.7598
12.0000 12.2643
12.0000 11.7728
12.0000 12.9198
12.0000 12.1942
12.0000 12.6450
12.0000 11.7266
12.0000 12.1869
12.0000 11.9857
12.0000 12.1511
12.0000 12.1124
12.0000 12.6762
12.0000 11.7142
12.0000 11.9868
12.0000 11.6242
12.0000 12.1373
12.0000 12.8909
12.0000 12.2565
12.0000 11.7220
12.0000 12.5702
12.0000 13.6868
12.0000 12.2500
12.0000 12.4229
12.0000 12.0356
12.0000 12.5797
12.0000 11.8993
12.0000 12.4112
12.0000 11.8406
12.0000 11.8851
12.0000 12.9743
12.0000 12.5638
12.0000 12.5226
12.0000 12.5442
12.0000 12.7126
12.0000 12.5191
12.0000 12.6088
12.0000 12.0746
12.0000 12.0844
12.0000 11.4808
12.0000 11.6797
12.0000 12.0795
12.0000 11.9039
12.0000 12.5043
12.0000 12.9189
12.0000 12.7686
12.0000 12.0047
12.0000 12.6812
12.0000 11.3607
12.0000 12.6409
12.0000 12.5986
12.0000 12.9042
12.0000 11.9974
12.0000 11.7338
12.0000 12.4422
12.0000 11.4557
12.0000 12.6059
12.0000 11.8346
12.0000 12.2105
12.0000 11.5272
12.0000 11.1433
12.0000 12.1785
12.0000 13.4054
12.0000 11.4440
12.0000 11.7958
12.0000 11.7690
12.0000 12.1772
12.0000 10.8882
12.0000 11.6400
12.0000 12.1656
12.0000 11.2084
12.0000 11.3711
12.0000 12.2085
12.0000 12.2784
12.0000 12.0145
12.0000 12.1568
12.0000 12.7783
12.0000 12.5251
12.0000 12.3552
12.0000 11.7366
12.0000 12.6532
12.0000 12.5626
12.0000 11.9215
12.0000 12.4856
12.0000 12.0052
12.0000 11.9336
12.0000 11.5059
12.0000 11.2536
12.0000 11.3139
12.0000 12.3733
12.0000 13.0597
12.0000 12.4032
12.0000 11.7103
12.0000 11.3064
12.0000 12.3477
12.0000 12.4244
12.0000 12.5272
12.0000 11.5351
12.0000 12.5772
12.0000 11.9830
12.0000 11.4775
12.0000 12.3741
12.0000 11.7625
12.0000 13.1990
12.0000 12.1389
12.0000 11.6063
12.0000 11.8112
12.0000 12.3953
12.0000 12.5928
12.0000 11.8756
12.0000 12.0868
12.0000 10.8194
12.0000 11.5249
12.0000 11.4947
12.0000 12.1739
12.0000 11.7750
12.0000 11.7218
12.0000 12.3738
12.0000 11.3853
12.0000 11.6653
12.0000 11.4833
12.0000 11.2793
12.0000 11.4620
12.0000 11.2369
12.0000 11.9484
12.0000 12.4133
12.0000 12.1283
12.0000 12.0028
12.0000 11.6071
12.0000 12.2895
12.0000 12.0262
12.0000 12.8452
12.0000 12.1745
12.0000 12.5604
12.0000 11.9581
12.0000 11.9997
12.0000 11.8774
12.0000 12.3997
12.0000 11.6880
12.0000 11.9804
12.0000 12.8387
12.0000 12.3073
12.0000 12.1421
12.0000 11.9784
12.0000 11.5446
12.0000 11.9652
12.0000 10.4030
12.0000 12.5842
12.0000 13.3110
12.0000 12.4823
12.0000 12.6799
12.0000 12.7033
12.0000 11.9255
12.0000 11.1745
12.0000 12.2987
12.0000 12.4897
12.0000 11.9490
12.0000 11.4059
12.0000 12.4289
12.0000 12.2092
12.0000 12.6945
12.0000 12.9382
12.0000 11.6373
12.0000 11.6436
12.0000 12.2023
12.0000 12.1256
12.0000 11.9904
12.0000 12.2425
12.0000 11.8158
12.0000 13.5848
12.0000 12.6317
12.0000 12.4997
12.0000 12.9788
12.0000 12.2777
12.0000 12.7856
12.0000 12.6719
12.0000 12.1774
12.0000 13.0918
12.0000 11.9900
12.0000 12.2934
12.0000 11.4350
12.0000 12.5223
12.0000 11.8078
12.0000 12.2234
12.0000 11.6703
12.0000 11.7804
12.0000 12.2503
12.0000 12.1013
12.0000 11.6015
12.0000 12.3719
12.0000 11.8512
12.0000 11.7903
12.0000 12.9672
12.0000 11.7272
12.0000 12.3032
12.0000 12.0794
12.0000 11.6647
12.0000 12.1344
12.0000 11.7801
12.0000 11.4500
12.0000 12.1580
12.0000 13.0795
12.0000 11.2775
12.0000 11.9566
12.0000 13.6849
12.0000 11.4543
12.0000 13.4100
12.0000 11.7275
12.0000 11.9579
12.0000 12.2327
12.0000 12.6019
12.0000 12.5157
12.0000 11.7330
12.0000 12.8915
12.0000 11.3696
12.0000 11.5332
12.0000 12.1705
12.0000 11.8156
12.0000 11.4885
12.0000 11.7042
12.0000 12.6695
12.0000 12.8392
12.0000 12.1262
12.0000 11.7375
12.0000 12.1538
12.0000 12.3293
12.0000 12.0048
12.0000 12.2749
12.0000 11.3214
12.0000 12.0341
12.0000 12.3205
12.0000 12.8286
12.0000 12.9179
12.0000 11.8155
12.0000 11.7021
12.0000 11.4593
12.0000 13.0225
12.0000 12.3491
12.0000 12.5949
12.0000 12.1278
12.0000 11.8103
12.0000 11.5633
12.0000 12.4909
12.0000 12.2693
12.0000 11.4098
12.0000 12.1658
12.0000 12.3304
12.0000 12.6569
12.0000 12.1342
12.0000 12.5204
12.0000 12.7386
12.0000 12.5558
12.0000 12.9349
12.0000 12.1244
12.0000 11.5421
12.0000 11.5530
12.0000 12.7076
12.0000 12.5186
12.0000 11.7990
12.0000 11.6710
12.0000 12.3136
12.0000 11.6984
12.0000 12.9453
12.0000 11.5673
12.0000 12.8568
12.0000 11.6806
12.0000 12.0206
12.0000 12.3574
12.0000 12.0460
12.0000 11.7954
12.0000 11.5021
12.0000 12.2243
12.0000 12.4829
12.0000 13.1566
12.0000 11.9038
12.0000 12.8012
12.0000 11.4102
12.0000 11.9522
12.0000 12.2270
12.0000 12.0346
12.0000 11.9609
12.0000 11.9488
12.0000 12.0579
12.0000 11.8657
12.0000 12.4218
12.0000 11.6281
12.0000 11.8021
12.0000 11.3838
12.0000 11.3703
12.0000 12.7591
12.0000 13.0335
12.0000 12.5767
12.0000 12.3332
12.0000 12.5924
12.0000 12.4689
12.0000 12.0979
12.0000 13.5191
12.0000 13.4555
12.0000 12.4466
12.0000 12.3961
12.0000 11.5801
12.0000 12.0601
12.0000 12.1144
12.0000 11.4308
12.0000 12.2744
12.0000 12.3168
12.0000 11.8580
12.0000 12.8728
12.0000 11.4548
12.0000 11.9393
12.0000 11.5976
12.0000 12.4621
12.0000 12.3777
12.0000 12.2273
12.0000 10.8442
12.0000 11.6623
12.0000 12.7871
12.0000 11.8652
12.0000 12.8770
12.0000 12.1246
12.0000 10.8222
12.0000 11.4608
12.0000 12.0597
12.0000 12.8797
12.0000 11.4784
12.0000 11.8651
12.0000 12.6922
12.0000 11.6297
12.0000 12.8357
12.0000 12.3405
12.0000 12.8515
12.0000 12.0700
12.0000 13.3528
12.0000 12.3347
12.0000 11.3603
12.0000 12.0009
12.0000 12.0124
12.0000 11.5950
12.0000 12.3969
12.0000 12.1381
12.0000 12.4613
12.0000 11.9150
12.0000 11.5204
12.0000 12.4496
12.0000 11.1267
12.0000 11.9153
12.0000 12.2785
12.0000 12.5999
12.0000 13.1119
12.0000 11.9578
12.0000 11.6869
12.0000 12.4125
12.0000 11.5533
12.0000 12.7392
12.0000 12.5106
12.0000 13.0695
12.0000 12.1865
12.0000 13.1840
12.0000 12.4031
12.0000 12.1523
12.0000 12.1325
12.0000 13.5926
12.0000 12.2536
12.0000 12.6818
12.0000 11.8694
12.0000 12.1410
12.0000 11.4796
12.0000 12.2886
12.0000 12.0480
12.0000 13.0882
12.0000 12.4874
12.0000 12.5883
12.0000 11.9938
12.0000 11.6007
12.0000 12.6859
12.0000 11.2433
12.0000 11.7634
12.0000 11.5043
12.0000 12.2249
12.0000 11.6777
12.0000 12.4652
12.0000 12.0736
12.0000 12.3201
12.0000 12.1505
12.0000 11.9869
12.0000 12.5903
12.0000 11.7542
12.0000 12.2022
12.0000 13.0898
12.0000 12.1888
12.0000 12.2168
12.0000 11.9376
12.0000 12.4022
12.0000 12.9307
12.0000 11.8143
12.0000 12.3860
12.0000 11.6150
12.0000 11.2981
12.0000 12.5707
12.0000 11.7353
12.0000 12.3582
12.0000 12.8510
12.0000 11.5001
12.0000 12.7395
12.0000 12.5795
12.0000 12.5059
12.0000 12.4863
12.0000 12.3358
12.0000 12.0694
12.0000 12.2885
12.0000 12.1748
12.0000 11.9413
12.0000 12.8217
12.0000 11.9318
12.0000 12.1517
12.0000 10.9014
12.0000 12.6582
12.0000 12.4207
12.0000 12.3722
12.0000 11.7267
12.0000 12.0594
12.0000 12.0455
12.0000 12.7549
12.0000 11.2342
12.0000 12.7383
12.0000 12.5238
12.0000 12.3651
12.0000 11.8823
12.0000 11.6100
12.0000 11.7742
12.0000 11.8249
12.0000 12.4349
12.0000 11.7862
12.0000 13.0521
12.0000 12.2337
12.0000 11.9599
12.0000 12.4926
12.0000 12.2040
12.0000 11.1453
12.0000 12.7136
12.0000 11.5512
12.0000 13.0952
12.0000 12.7349
12.0000 11.8542
12.0000 11.8692
12.0000 11.9999
12.0000 11.9772
12.0000 12.1996
12.0000 12.5456
12.0000 10.9082
12.0000 12.8503
12.0000 11.9404
12.0000 12.2770
12.0000 12.1587
12.0000 12.2940
12.0000 11.5168
12.0000 11.6451
12.0000 11.4870
12.0000 11.9480
12.0000 12.4243
12.0000 12.6273
12.0000 11.4165
12.0000 12.3985
12.0000 12.3517
12.0000 12.0509
12.0000 12.7099
12.0000 12.4322
12.0000 10.2601
12.0000 13.0025
12.0000 11.8427
12.0000 12.1985
12.0000 11.7704
12.0000 11.7024
12.0000 12.0159
12.0000 11.1582
12.0000 12.0222
12.0000 12.9368
12.0000 11.9447
12.0000 11.0156
12.0000 11.6964
12.0000 11.9993
12.0000 12.2422
12.0000 12.4718
12.0000 13.3817
12.0000 12.3626
12.0000 12.3621
12.0000 11.1832
12.0000 12.5027
12.0000 12.2829
12.0000 11.9988
12.0000 12.1307
12.0000 12.6049
12.0000 12.2702
12.0000 11.8600
12.0000 11.8611
12.0000 13.2020
12.0000 12.2051
12.0000 13.0549
12.0000 11.8233
12.0000 11.0313
12.0000 11.9736
12.0000 11.2365
12.0000 12.5495
12.0000 12.7785
12.0000 12.5963
12.0000 10.7088
12.0000 12.2837
12.0000 11.9451
12.0000 11.8535
12.0000 13.0164
12.0000 11.2611
12.0000 12.6544
12.0000 12.0663
12.0000 11.2516
12.0000 13.5728
12.0000 12.3940
12.0000 11.9262
12.0000 11.9215
12.0000 11.9412
12.0000 12.5043
12.0000 12.5198
12.0000 12.8843
12.0000 12.2221
12.0000 12.2585
12.0000 12.9599
12.0000 12.1363
12.0000 12.2850
12.0000 11.2650
12.0000 11.4167
12.0000 13.2006
12.0000 12.4374
12.0000 11.7756
12.0000 12.6715
12.0000 11.3421
12.0000 12.9962
12.0000 12.2877
12.0000 12.1032
12.0000 11.4067
12.0000 12.0070
12.0000 11.6523
12.0000 12.5172
12.0000 11.5864
12.0000 11.6353
12.0000 11.9428
12.0000 11.8850
12.0000 11.1671
12.0000 12.0244
12.0000 12.8446
12.0000 11.2900
12.0000 11.3545
12.0000 12.5348
12.0000 12.1643
12.0000 12.2418
12.0000 11.8514
12.0000 11.4866
12.0000 12.4541
12.0000 11.8815
12.0000 12.8637
12.0000 12.2239
12.0000 12.5765
12.0000 11.8652
12.0000 11.5112
12.0000 11.7402
12.0000 11.5032
12.0000 12.4132
12.0000 11.8528
12.0000 11.9447
12.0000 12.8299
12.0000 11.5920
12.0000 13.3282
12.0000 11.9718
12.0000 12.2678
12.0000 12.2280
12.0000 12.6361
12.0000 11.1463
12.0000 12.0629
12.0000 12.0833
12.0000 12.1889
12.0000 12.2191
12.0000 11.5549
12.0000 11.8255
12.0000 11.0175
12.0000 12.2054
12.0000 12.3236
12.0000 12.3097
12.0000 12.3341
12.0000 12.1078
12.0000 12.6842
12.0000 12.8592
12.0000 13.0992
12.0000 11.0282
12.0000 12.7203
12.0000 11.3634
12.0000 13.0303
12.0000 11.6689
12.0000 12.7170
12.0000 12.3675
12.0000 11.4623
12.0000 12.3094
12.0000 12.7939
12.0000 11.4919
12.0000 12.7977
12.0000 13.1574
12.0000 12.6022
12.0000 12.3681
12.0000 11.9401
12.0000 11.8382
12.0000 12.0747
12.0000 12.8293
12.0000 11.8675
12.0000 11.8154
12.0000 11.9539
12.0000 11.4259
12.0000 11.8119
12.0000 12.2080
12.0000 12.0178
12.0000 11.6919
12.0000 12.2566
12.0000 12.4154
12.0000 11.9547
12.0000 11.8376
12.0000 12.6527
12.0000 11.6600
12.0000 11.6543
12.0000 12.3214
12.0000 11.5463
12.0000 11.7354
12.0000 11.6725
12.0000 12.4221
12.0000 11.5618
12.0000 12.8090
12.0000 11.9836
12.0000 11.7444
12.0000 11.8282
12.0000 13.2719
12.0000 12.3288
12.0000 12.1098
12.0000 11.9851
12.0000 12.4557
12.0000 12.4757
12.0000 11.4322
12.0000 12.1143
12.0000 12.7119
12.0000 11.7163
12.0000 11.7215
12.0000 12.1886
12.0000 12.1110
12.0000 12.4259
12.0000 11.4243
12.0000 11.1251
12.0000 11.4170
12.0000 12.2390
12.0000 11.3421
12.0000 11.8609
12.0000 12.7849
12.0000 11.5387
12.0000 12.4228
12.0000 11.7948
12.0000 12.1292
12.0000 12.6167
12.0000 11.8089
12.0000 11.7785
12.0000 12.5065
12.0000 11.7942
12.0000 12.2925
12.0000 11.3204
12.0000 12.4872
12.0000 12.1764
12.0000 11.8706
12.0000 11.8146
12.0000 10.7942
12.0000 11.4256
12.0000 11.6463
12.0000 12.2987
12.0000 11.5871
12.0000 11.8949
12.0000 12.2879
12.0000 11.4303
12.0000 12.4562
12.0000 12.5865
12.0000 11.4687
12.0000 11.6522
12.0000 11.7833
