14.0000 13.6020
14.0000 13.9224
14.0000 14.3062
14.0000 13.5915
14.0000 14.4624
14.0000 13.9933
14.0000 13.8136
14.0000 15.2462
14.0000 13.7164
14.0000 14.3192
14.0000 14.5536
14.0000 14.2998
14.0000 13.8570
14.0000 13.6280
14.0000 13.9965
14.0000 13.6695
14.0000 13.9331
14.0000 14.1212
14.0000 14.7969
14.0000 14.0022
14.0000 14.9565
14.0000 13.5740
14.0000 13.3902
14.0000 13.4217
14.0000 13.2074
14.0000 14.4123
14.0000 14.3953
14.0000 14.5968
14.0000 14.8103
14.0000 14.0004
14.0000 13.3861
14.0000 14.7861
14.0000 13.9268
14.0000 13.9621
14.0000 14.8606
14.0000 14.2290
14.0000 14.6048
14.0000 13.7476
14.0000 14.7735
14.0000 14.0994
14.0000 14.5714
14.0000 13.4576
14.0000 13.3877
14.0000 13.2756
14.0000 14.4405
14.0000 13.9780
14.0000 13.5380
14.0000 14.8100
14.0000 12.9335
14.0000 14.7142
14.0000 14.0070
14.0000 14.9918
14.0000 14.2584
14.0000 14.5203
14.0000 13.2528
14.0000 14.4759
14.0000 14.4574
14.0000 14.2536
14.0000 13.7078
14.0000 14.4775
14.0000 14.2326
14.0000 13.7737
14.0000 13.4881
14.0000 14.2160
14.0000 14.0552
14.0000 13.8712
14.0000 14.2880
14.0000 13.0046
14.0000 14.7345
14.0000 14.4234
14.0000 14.0853
14.0000 13.7765
14.0000 14.6361
14.0000 14.1379
14.0000 13.2976
14.0000 13.9233
14.0000 13.9061
14.0000 15.0847
14.0000 13.9741
14.0000 14.4284
14.0000 14.0242
14.0000 14.9347
14.0000 14.4600
14.0000 14.2725
14.0000 13.7275
14.0000 14.7393
14.0000 14.2158
14.0000 14.2527
14.0000 14.6777
14.0000 14.5536
14.0000 14.8290
14.0000 13.1179
14.0000 14.9984
14.0000 13.8557
14.0000 13.8999
14.0000 14.6686
14.0000 14.0785
14.0000 14.2741
14.0000 15.0024
14.0000 12.8529
14.0000 14.4624
14.0000 14.1343
14.0000 13.9741
14.0000 13.6866
14.0000 13.5453
14.0000 14.3512
14.0000 14.5418
14.0000 13.4513
14.0000 14.4145
14.0000 14.5390
14.0000 14.1557
14.0000 13.5191
14.0000 14.9787
14.0000 13.9728
14.0000 14.5698
14.0000 14.3033
14.0000 14.1321
14.0000 14.4078
14.0000 14.1414
14.0000 13.7530
14.0000 14.3617
14.0000 14.4098
14.0000 13.1713
14.0000 14.8215
14.0000 14.0222
14.0000 15.2032
14.0000 13.6718
14.0000 14.3378
14.0000 13.9886
14.0000 13.7886
14.0000 14.2100
14.0000 14.0561
14.0000 14.0297
14.0000 14.0558
14.0000 13.6658
14.0000 14.4199
14.0000 13.8876
14.0000 14.0651
14.0000 14.1142
14.0000 14.0245
14.0000 14.0259
14.0000 14.4778
14.0000 14.4644
14.0000 13.6183
14.0000 14.7520
14.0000 13.2830
14.0000 13.8059
14.0000 13.6066
14.0000 14.2132
14.0000 14.8403
14.0000 13.9093
14.0000 14.1991
14.0000 13.0297
14.0000 13.1159
14.0000 13.9291
14.0000 14.4333
14.0000 14.3452
14.0000 13.7397
14.0000 13.9580
14.0000 13.2959
14.0000 14.0003
14.0000 13.4978
14.0000 14.2482
14.0000 13.9940
14.0000 13.7766
14.0000 14.0766
14.0000 13.8876
14.0000 14.1879
14.0000 13.9454
14.0000 15.6895
14.0000 13.9236
14.0000 15.3836
14.0000 13.5397
14.0000 13.8590
14.0000 13.4043
14.0000 13.2957
14.0000 14.5165
14.0000 13.7397
14.0000 14.1302
14.0000 14.3910
14.0000 13.4286
14.0000 14.6092
14.0000 13.3344
14.0000 13.7698
14.0000 14.8862
14.0000 14.2756
14.0000 14.4577
14.0000 14.0518
14.0000 13.4751
14.0000 14.1935
14.0000 14.7870
14.0000 13.3472
14.0000 13.2657
14.0000 13.4281
14.0000 14.3111
14.0000 13.3190
14.0000 14.7455
14.0000 13.4341
14.0000 14.0039
14.0000 13.9798
14.0000 14.3348
14.0000 14.3374
14.0000 13.3777
14.0000 14.7869
14.0000 13.8918
14.0000 13.5961
14.0000 13.8226
14.0000 14.0144
14.0000 14.3692
14.0000 13.6023
14.0000 13.1434
14.0000 13.6663
14.0000 13.8104
14.0000 12.7470
14.0000 14.7392
14.0000 14.6701
14.0000 14.1808
14.0000 14.2232
14.0000 14.5418
14.0000 13.8594
14.0000 14.7604
14.0000 14.4085
14.0000 13.7067
14.0000 13.9612
14.0000 14.2130
14.0000 14.0420
14.0000 14.2271
14.0000 14.1832
14.0000 13.6343
14.0000 13.3071
14.0000 13.2142
14.0000 13.9065
14.0000 14.4835
14.0000 13.9767
14.0000 14.4284
14.0000 13.7531
14.0000 14.3874
14.0000 14.5905
14.0000 14.5340
14.0000 13.6579
14.0000 13.8137
14.0000 14.0180
14.0000 13.7482
14.0000 13.6641
14.0000 12.0199
14.0000 12.2629
14.0000 13.8131
14.0000 14.1123
14.0000 13.8395
14.0000 13.6581
14.0000 14.7106
14.0000 13.0936
14.0000 14.0460
14.0000 14.2058
14.0000 14.3627
14.0000 14.3549
14.0000 14.1598
14.0000 13.3857
14.0000 13.5195
14.0000 14.3384
14.0000 14.0255
14.0000 14.0935
14.0000 14.3823
14.0000 15.0749
14.0000 14.2522
14.0000 13.7806
14.0000 13.8550
14.0000 14.2100
14.0000 13.7801
14.0000 13.6845
14.0000 14.6413
14.0000 14.0512
14.0000 13.6852
14.0000 13.8455
14.0000 13.2011
14.0000 14.4369
14.0000 13.9779
14.0000 13.8382
14.0000 14.5710
14.0000 13.7612
14.0000 13.4825
14.0000 14.5991
14.0000 14.3941
14.0000 14.6866
14.0000 12.9496
14.0000 14.0917
14.0000 13.7704
14.0000 14.2327
14.0000 13.4351
14.0000 14.2894
14.0000 13.0395
14.0000 14.3950
14.0000 14.1791
14.0000 14.3245
14.0000 13.8559
14.0000 13.3498
14.0000 14.4385
14.0000 15.0302
14.0000 13.8575
14.0000 13.2785
14.0000 13.1823
14.0000 13.9422
14.0000 14.1247
14.0000 13.9674
14.0000 13.2154
14.0000 14.1203
14.0000 14.0714
14.0000 14.4098
14.0000 13.2621
14.0000 14.8312
14.0000 14.2285
14.0000 13.8829
14.0000 12.8781
14.0000 13.6161
14.0000 13.5563
14.0000 13.2736
14.0000 14.0230
14.0000 14.4542
14.0000 14.0928
14.0000 13.3722
14.0000 12.9660
14.0000 13.9943
14.0000 13.8127
14.0000 14.4132
14.0000 13.9737
14.0000 14.2246
14.0000 14.2360
14.0000 14.1900
14.0000 13.7339
14.0000 13.6153
14.0000 13.6497
14.0000 14.2462
14.0000 13.1601
14.0000 14.3917
14.0000 14.3936
14.0000 14.5798
14.0000 13.3914
14.0000 13.4284
14.0000 14.4456
14.0000 13.5879
14.0000 14.1598
14.0000 14.2520
14.0000 13.7188
14.0000 15.0935
14.0000 13.7903
14.0000 14.5303
14.0000 14.8432
14.0000 13.4717
14.0000 14.1663
14.0000 13.8693
14.0000 14.5249
14.0000 13.6835
14.0000 13.8699
14.0000 14.2765
14.0000 14.2424
14.0000 14.3549
14.0000 13.9697
14.0000 14.3432
14.0000 14.6764
14.0000 14.4052
14.0000 13.6534
14.0000 14.5498
14.0000 13.7925
14.0000 14.1947
14.0000 13.8456
14.0000 13.6806
14.0000 13.3864
14.0000 13.6674
14.0000 14.8141
14.0000 15.3249
14.0000 14.5679
14.0000 13.6924
14.0000 13.5213
14.0000 13.5301
14.0000 14.2171
14.0000 14.9662
14.0000 14.0402
14.0000 13.8617
14.0000 13.5890
14.0000 13.8338
14.0000 13.9881
14.0000 15.2097
14.0000 14.7417
14.0000 13.7572
14.0000 14.2671
14.0000 13.9945
14.0000 13.5965
14.0000 14.1216
14.0000 14.8854
14.0000 13.6020
14.0000 13.6889
14.0000 13.5257
14.0000 15.2424
14.0000 13.9766
14.0000 13.9535
14.0000 14.8672
14.0000 13.7167
14.0000 14.0411
14.0000 13.6894
14.0000 13.6161
14.0000 14.1589
14.0000 14.0533
14.0000 13.8054
14.0000 14.7479
14.0000 13.7382
14.0000 13.6829
14.0000 14.8421
14.0000 14.6173
14.0000 14.7582
14.0000 13.7734
14.0000 13.7286
14.0000 13.6945
14.0000 14.4678
14.0000 13.0051
14.0000 13.3654
14.0000 14.0881
14.0000 14.7322
14.0000 13.9267
14.0000 14.5937
14.0000 13.9771
14.0000 13.6746
14.0000 14.4927
14.0000 13.9769
14.0000 14.0001
14.0000 14.0611
14.0000 13.5700
14.0000 13.9809
14.0000 14.5759
14.0000 13.4836
14.0000 14.6740
14.0000 13.2293
14.0000 13.8733
14.0000 12.9487
14.0000 13.1869
14.0000 14.4048
14.0000 13.9912
14.0000 13.6990
14.0000 13.4971
14.0000 14.4222
14.0000 13.3643
14.0000 14.9297
14.0000 13.6634
14.0000 13.6131
14.0000 15.1074
14.0000 13.6801
14.0000 13.7976
14.0000 14.6520
14.0000 13.8415
14.0000 13.7574
14.0000 13.2095
14.0000 13.1937
14.0000 14.5112
14.0000 13.1004
14.0000 14.6999
14.0000 14.0605
14.0000 14.9025
14.0000 13.3227
14.0000 13.9486
14.0000 14.5563
14.0000 14.6509
14.0000 14.4211
14.0000 13.6904
14.0000 13.5204
14.0000 14.5011
14.0000 14.0414
14.0000 15.7236
14.0000 15.0711
14.0000 15.0962
14.0000 14.2093
14.0000 13.1920
14.0000 14.1722
14.0000 13.8379
14.0000 14.3352
14.0000 13.8193
14.0000 14.3804
14.0000 13.5087
14.0000 14.1458
14.0000 13.0466
14.0000 14.2073
14.0000 13.1129
14.0000 13.9983
14.0000 14.7707
14.0000 12.7182
14.0000 14.3634
14.0000 14.0249
14.0000 14.1395
14.0000 13.8141
14.0000 13.4620
14.0000 13.9796
14.0000 14.1099
14.0000 13.9168
14.0000 14.0071
14.0000 12.9536
14.0000 13.5704
14.0000 13.3595
14.0000 14.5615
14.0000 13.9771
14.0000 13.5180
14.0000 14.9999
14.0000 13.7202
14.0000 13.3507
14.0000 13.5642
14.0000 14.5984
14.0000 14.8122
14.0000 14.8478
14.0000 13.9824
14.0000 14.3169
14.0000 13.4432
14.0000 14.2811
14.0000 14.6949
14.0000 14.1401
14.0000 13.4993
14.0000 13.6887
14.0000 13.9930
14.0000 14.8726
14.0000 13.4118
14.0000 14.3412
14.0000 13.9648
14.0000 14.5662
14.0000 14.4245
14.0000 13.3291
14.0000 13.8830
14.0000 14.1450
14.0000 13.7739
14.0000 13.8165
14.0000 13.4354
14.0000 13.2907
14.0000 13.2042
14.0000 13.7662
14.0000 13.9694
14.0000 13.1755
14.0000 14.1997
14.0000 14.8306
14.0000 13.7294
14.0000 13.9228
14.0000 13.8286
14.0000 14.5455
14.0000 13.7394
14.0000 15.1397
14.0000 14.3486
14.0000 14.9308
14.0000 13.3158
14.0000 15.0891
14.0000 13.7651
14.0000 13.9104
14.0000 13.5943
14.0000 14.9797
14.0000 14.4237
14.0000 13.2346
14.0000 14.3555
14.0000 13.5738
14.0000 14.3707
14.0000 14.3546
14.0000 14.6488
14.0000 13.8080
14.0000 13.0111
14.0000 15.1225
14.0000 13.8121
14.0000 13.4117
14.0000 12.6687
14.0000 14.1885
14.0000 13.8974
14.0000 15.0377
14.0000 14.6005
14.0000 14.5594
14.0000 13.7577
14.0000 13.2472
14.0000 13.2815
14.0000 14.5017
14.0000 14.3380
14.0000 14.7925
14.0000 14.5894
14.0000 15.6718
14.0000 13.0011
14.0000 14.2090
14.0000 14.2992
14.0000 15.1543
14.0000 13.4013
14.0000 13.9366
14.0000 14.2532
14.0000 14.6989
14.0000 13.7734
14.0000 14.7882
14.0000 13.9962
14.0000 13.6491
14.0000 13.6997
14.0000 14.6021
14.0000 14.6235
14.0000 13.7442
14.0000 14.5540
14.0000 14.7906
14.0000 13.3196
14.0000 12.8474
14.0000 14.7332
14.0000 14.2800
14.0000 14.2636
14.0000 13.8398
14.0000 13.8624
14.0000 14.4115
14.0000 14.3018
14.0000 12.8516
14.0000 13.3553
14.0000 15.2832
14.0000 14.6330
14.0000 14.0389
14.0000 14.2424
14.0000 14.0718
14.0000 13.7655
14.0000 14.3712
14.0000 14.1307
14.0000 13.9922
14.0000 13.9360
14.0000 14.6240
14.0000 13.7500
14.0000 13.4346
14.0000 13.2804
14.0000 13.5054
14.0000 14.1574
14.0000 13.3425
14.0000 13.3065
14.0000 13.9414
14.0000 13.4532
14.0000 14.3549
14.0000 14.6631
14.0000 14.7226
14.0000 13.5677
14.0000 14.1140
14.0000 14.5109
14.0000 14.2878
14.0000 14.5490
14.0000 14.9494
14.0000 13.9170
14.0000 13.0443
14.0000 14.6315
14.0000 14.1760
14.0000 13.6409
14.0000 13.0782
14.0000 13.0262
14.0000 13.8277
14.0000 13.0128
14.0000 13.6724
14.0000 14.0990
14.0000 13.7165
14.0000 13.5100
14.0000 13.9684
14.0000 13.3923
14.0000 14.6959
14.0000 14.2007
14.0000 14.4812
14.0000 13.5948
14.0000 13.5099
14.0000 13.8093
14.0000 13.9338
14.0000 13.6769
14.0000 14.2663
14.0000 11.8757
14.0000 13.3138
14.0000 13.7081
14.0000 13.1691
14.0000 14.4957
14.0000 14.0100
14.0000 12.5344
14.0000 14.5091
14.0000 14.1773
14.0000 14.1379
14.0000 13.4317
14.0000 14.5229
14.0000 15.1451
14.0000 14.5478
14.0000 14.5877
14.0000 12.7801
14.0000 13.3919
14.0000 14.0350
14.0000 14.6960
14.0000 14.8005
14.0000 14.5434
14.0000 13.7005
14.0000 14.3016
14.0000 13.9014
14.0000 12.9311
14.0000 14.5123
14.0000 14.0355
14.0000 14.4123
14.0000 14.7788
14.0000 14.6967
14.0000 14.3660
14.0000 12.7155
14.0000 13.8830
14.0000 15.4001
14.0000 14.1443
14.0000 13.4980
14.0000 13.7407
14.0000 13.5588
14.0000 14.6045
14.0000 14.0826
14.0000 14.3470
14.0000 13.8671
14.0000 13.9661
14.0000 13.5010
14.0000 14.2260
14.0000 15.2823
14.0000 13.5353
14.0000 14.1588
14.0000 13.1715
14.0000 13.7085
14.0000 14.4996
14.0000 13.1037
14.0000 13.6984
14.0000 14.3650
14.0000 14.0993
14.0000 13.7855
14.0000 13.8501
14.0000 14.4751
14.0000 13.5107
14.0000 14.8826
14.0000 14.5455
14.0000 14.0899
14.0000 14.2934
14.0000 14.0333
14.0000 12.5761
14.0000 12.9701
14.0000 13.9100
14.0000 12.6105
14.0000 14.7920
14.0000 13.6756
14.0000 13.7393
14.0000 14.0634
14.0000 14.1875
14.0000 14.0112
14.0000 13.9915
14.0000 14.6260
14.0000 14.1259
14.0000 13.1803
14.0000 14.8781
14.0000 13.9602
14.0000 13.3726
14.0000 14.8686
14.0000 14.1704
14.0000 13.8924
14.0000 13.9050
14.0000 14.3541
14.0000 14.1840
14.0000 14.6140
14.0000 14.0359
14.0000 14.0935
14.0000 14.6291
14.0000 13.6211
14.0000 13.7670
14.0000 14.5188
14.0000 13.4481
14.0000 14.0795
14.0000 13.5917
14.0000 14.3076
14.0000 14.2481
14.0000 14.4876
14.0000 13.2279
14.0000 14.8470
14.0000 14.3511
14.0000 12.9313
14.0000 13.3800
14.0000 13.7749
14.0000 13.5407
14.0000 14.9782
14.0000 13.6728
14.0000 13.4913
14.0000 12.9119
14.0000 13.8624
14.0000 13.8928
14.0000 13.9735
14.0000 14.2479
14.0000 14.3057
14.0000 13.7368
14.0000 14.0296
14.0000 13.7353
14.0000 14.0280
14.0000 14.5118
14.0000 14.5160
14.0000 13.7575
14.0000 13.8923
14.0000 13.8688
14.0000 13.8152
14.0000 14.7806
14.0000 13.7603
14.0000 13.9694
14.0000 13.6957
14.0000 13.3568
14.0000 14.6855
14.0000 13.5374
14.0000 14.3395
14.0000 13.2218
14.0000 14.5976
14.0000 14.1802
14.0000 13.4289
14.0000 15.0697
14.0000 12.8733
14.0000 13.9700
14.0000 14.9647
14.0000 13.8885
14.0000 15.7082
14.0000 14.1166
14.0000 13.7459
14.0000 14.0913
14.0000 13.2343
14.0000 14.5375
14.0000 13.8990
14.0000 14.3620
14.0000 13.4611
14.0000 14.0639
14.0000 14.4168
14.0000 14.7843
14.0000 14.4696
14.0000 14.2258
14.0000 13.6296
14.0000 14.3815
14.0000 13.6723
14.0000 14.6788
14.0000 12.8773
14.0000 13.8617
14.0000 14.0592
14.0000 13.7858
14.0000 14.0481
14.0000 13.8595
14.0000 14.7257
14.0000 12.9745
14.0000 15.2039
14.0000 13.9292
14.0000 14.2177
14.0000 13.5518
14.0000 14.0096
14.0000 14.3702
14.0000 13.7416
14.0000 14.5284
14.0000 14.2581
14.0000 14.2095
14.0000 15.0233
14.0000 14.3557
14.0000 14.7310
14.0000 13.6907
14.0000 14.1991
14.0000 14.3815
14.0000 13.9727
14.0000 13.6515
14.0000 14.3186
14.0000 13.0940
14.0000 13.2887
14.0000 14.6575
14.0000 14.3069
14.0000 13.5111
14.0000 14.3746
14.0000 13.4882
14.0000 13.3971
14.0000 14.9351
14.0000 13.4763
14.0000 15.1626
14.0000 14.3092
14.0000 14.0932
14.0000 13.5896
14.0000 13.9061
14.0000 13.4976
14.0000 14.2462
14.0000 13.5674
14.0000 13.6753
14.0000 15.0213
14.0000 13.7301
14.0000 13.7258
14.0000 14.0398
14.0000 13.9586
14.0000 14.8476
14.0000 14.1525
14.0000 13.7187
14.0000 14.4174
14.0000 12.8076
14.0000 13.6588
14.0000 14.9473
14.0000 13.4924
14.0000 14.1366
14.0000 13.4440
14.0000 14.7884
14.0000 14.0658
14.0000 13.6823
14.0000 14.7311
14.0000 14.5387
14.0000 13.3591
14.0000 13.8221
14.0000 13.2906
14.0000 13.8074
14.0000 14.9990
14.0000 13.6530
14.0000 14.3598
14.0000 14.5076
14.0000 14.3543
14.0000 14.3901
14.0000 14.4661
14.0000 14.2588
14.0000 13.4852
14.0000 14.6560
14.0000 12.8763
14.0000 14.4006
14.0000 14.0614
14.0000 13.2829
14.0000 13.6317
14.0000 13.5059
14.0000 13.6616
14.0000 12.9283
14.0000 14.4984
14.0000 14.3549
14.0000 13.9041
14.0000 14.0297
14.0000 14.0536
14.0000 14.0482
14.0000 14.9687
14.0000 14.6245
14.0000 14.2984
14.0000 14.1029
14.0000 14.9171
14.0000 13.3178
14.0000 14.0344
14.0000 14.7360
14.0000 12.9136
14.0000 14.6138
14.0000 13.6025
14.0000 13.4602
14.0000 14.1758
14.0000 13.6801
14.0000 13.5320
14.0000 14.1474
14.0000 13.5832
14.0000 14.3456
14.0000 14.1825
14.0000 14.1449
14.0000 14.0425
14.0000 14.7871
14.0000 14.3174
14.0000 14.0794
14.0000 14.2052
14.0000 14.3167
14.0000 14.0442
14.0000 14.4222
14.0000 14.3207
14.0000 13.4710
14.0000 13.2605
14.0000 14.1423
14.0000 13.6809
14.0000 13.4041
14.0000 12.9337
14.0000 15.0649
14.0000 14.0013
14.0000 13.6744
14.0000 13.8020
14.0000 13.5917
14.0000 14.1504
14.0000 14.0002
14.0000 13.4437
14.0000 13.6822
14.0000 14.1744
14.0000 13.7898
14.0000 14.2344
14.0000 13.9611
14.0000 14.4977
14.0000 13.7285
14.0000 14.4480
14.0000 13.3529
14.0000 13.7180
14.0000 13.9423
14.0000 14.2912
14.0000 14.3302
14.0000 14.9363
14.0000 14.2169
14.0000 14.1521
14.0000 14.2334
14.0000 13.8992
14.0000 13.5694
14.0000 13.3068
14.0000 13.1177
14.0000 14.1761
14.0000 13.6175
14.0000 13.9060
14.0000 14.8361
14.0000 14.7496
14.0000 14.0501
14.0000 14.6406
14.0000 12.6291
14.0000 14.1224
14.0000 14.6433
14.0000 13.9671
14.0000 14.0589
14.0000 13.7012
14.0000 14.4511
14.0000 13.7362
14.0000 14.5324
14.0000 13.9522
14.0000 14.6217
14.0000 14.3232
14.0000 13.9405
14.0000 13.4290
14.0000 13.7311
14.0000 13.1916
14.0000 15.2109
14.0000 13.3830
14.0000 13.4848
14.0000 14.5100
14.0000 14.0636
14.0000 13.0134
14.0000 14.2889
14.0000 14.1273
14.0000 14.7108
14.0000 13.7921
14.0000 13.7578
14.0000 13.2205
14.0000 14.3911
14.0000 13.2553
14.0000 12.7834
14.0000 13.8465
14.0000 14.6701
14.0000 14.0900
14.0000 13.9991
14.0000 14.3066
14.0000 13.5406
14.0000 13.7823
14.0000 13.7803
14.0000 13.7467
14.0000 13.7504
14.0000 13.6200
14.0000 14.1911
14.0000 13.9403
14.0000 12.5721
14.0000 14.7697
14.0000 13.9835
14.0000 14.8243
14.0000 13.6196
14.0000 13.9208
14.0000 14.7269
14.0000 14.3204
14.0000 14.7684
14.0000 14.8347
14.0000 13.4422
14.0000 13.6922
14.0000 14.8887
14.0000 13.9937
14.0000 13.9356
14.0000 13.5893
14.0000 13.5840
14.0000 13.6984
14.0000 12.9714
14.0000 14.1432
14.0000 15.2165
14.0000 14.3891
14.0000 14.3044
14.0000 14.9413
14.0000 14.4304
14.0000 14.9167
14.0000 14.3005
14.0000 15.0666
14.0000 14.6300
14.0000 13.9878
14.0000 14.5410
14.0000 14.5295
14.0000 14.8040
14.0000 14.3447
14.0000 13.6992
14.0000 13.3171
14.0000 15.0561
14.0000 14.3843
14.0000 14.3918
14.0000 13.4179
14.0000 14.1323
14.0000 14.0848
14.0000 14.8358
14.0000 14.2142
14.0000 13.3861
14.0000 14.8541
14.0000 14.2241
14.0000 13.5473
14.0000 13.5567
14.0000 14.6810
14.0000 14.0747
14.0000 14.5706
14.0000 14.7024
14.0000 14.0466
14.0000 14.0313
14.0000 15.0375
14.0000 13.6289
14.0000 13.5563
14.0000 13.6602
14.0000 14.1350
14.0000 14.6739
14.0000 14.7885
14.0000 13.2760
14.0000 14.2804
14.0000 12.9164
14.0000 13.9836
14.0000 14.4775
14.0000 14.6688
14.0000 13.5634
14.0000 14.0671
14.0000 13.6468
14.0000 14.4521
14.0000 14.6815
14.0000 13.9378
14.0000 13.2757
14.0000 14.1208
14.0000 14.4540
14.0000 14.1949
14.0000 14.5728
14.0000 15.0204
14.0000 14.5428
14.0000 13.7444
14.0000 13.7506
14.0000 13.3848
14.0000 14.6316
14.0000 14.0662
14.0000 14.4710
14.0000 13.9364
14.0000 14.1645
14.0000 13.6215
14.0000 13.4842
14.0000 13.5139
14.0000 15.0338
14.0000 13.2832
14.0000 13.4071
14.0000 14.0719
14.0000 13.8238
14.0000 14.4913
14.0000 14.3486
14.0000 13.7872
14.0000 13.8962
14.0000 13.6939
14.0000 14.5312
14.0000 14.0235
14.0000 14.7622
14.0000 13.7179
14.0000 12.3108
14.0000 13.4756
14.0000 14.6712
14.0000 13.9347
14.0000 13.0787
14.0000 14.0944
14.0000 14.5498
14.0000 14.6727
14.0000 15.3526
14.0000 14.2840
14.0000 14.2982
14.0000 15.0024
14.0000 14.7229
14.0000 14.3212
14.0000 13.8912
14.0000 13.3852
14.0000 14.5028
14.0000 13.4017
14.0000 13.3624
14.0000 13.1468
14.0000 14.0149
14.0000 12.8212
14.0000 13.0977
14.0000 14.3241
14.0000 13.8338
14.0000 14.0001
14.0000 13.7324
14.0000 14.6459
14.0000 14.5456
14.0000 13.7072
14.0000 13.0919
14.0000 13.6909
14.0000 13.8811
14.0000 13.2415
14.0000 14.4233
14.0000 14.2523
14.0000 14.0244
14.0000 13.4925
14.0000 14.9052
14.0000 14.4395
14.0000 14.6627
14.0000 14.2403
14.0000 14.3358
14.0000 14.6388
14.0000 13.4279
14.0000 14.0258
14.0000 13.5471
14.0000 13.1618
14.0000 13.9946
14.0000 14.5477
14.0000 13.8933
14.0000 13.7839
14.0000 14.5321
14.0000 14.0332
14.0000 14.6304
14.0000 13.4469
14.0000 14.7892
14.0000 14.2946
14.0000 14.2494
14.0000 14.0449
14.0000 14.0999
14.0000 13.5764
14.0000 12.8847
14.0000 13.8280
14.0000 14.5853
14.0000 13.9879
14.0000 13.0283
14.0000 13.9502
14.0000 14.2139
14.0000 13.5695
14.0000 13.7584
14.0000 13.8097
14.0000 14.9606
14.0000 14.3935
14.0000 13.9810
14.0000 13.4380
14.0000 14.4916
14.0000 14.0913
14.0000 13.7697
14.0000 14.1892
14.0000 13.1949
14.0000 14.2680
14.0000 14.0048
14.0000 14.2368
14.0000 14.1864
14.0000 13.4588
14.0000 12.8615
14.0000 14.2843
14.0000 14.6028
14.0000 13.7318
14.0000 14.0988
14.0000 13.7058
14.0000 13.9518
14.0000 14.5093
14.0000 13.6150
14.0000 13.7077
14.0000 14.0287
14.0000 13.8940
14.0000 14.2955
14.0000 13.4626
14.0000 14.6633
14.0000 13.6685
14.0000 13.5879
14.0000 13.1384
14.0000 14.4308
14.0000 14.4616
14.0000 14.7513
14.0000 14.7061
14.0000 13.6450
14.0000 14.7649
14.0000 15.2831
14.0000 13.2521
14.0000 12.9106
14.0000 14.0882
14.0000 14.0360
14.0000 13.7237
14.0000 12.9883
14.0000 13.0819
14.0000 13.5946
14.0000 14.7281
14.0000 12.9363
14.0000 13.7203
14.0000 13.1580
14.0000 14.1264
14.0000 14.2634
14.0000 14.6219
14.0000 14.6044
14.0000 13.9018
14.0000 13.8488
14.0000 14.3640
14.0000 14.2559
14.0000 13.3086
14.0000 13.9544
14.0000 13.7441
14.0000 13.7874
14.0000 13.8305
14.0000 14.7884
14.0000 13.8396
14.0000 13.5040
14.0000 15.0168
14.0000 13.8551
14.0000 13.4875
14.0000 14.6361
14.0000 13.4648
14.0000 14.4184
14.0000 13.6999
14.0000 14.3991
14.0000 13.6878
14.0000 13.9801
14.0000 14.2454
14.0000 14.3503
14.0000 13.6818
14.0000 14.2456
14.0000 13.6934
14.0000 14.2511
14.0000 14.3047
14.0000 14.4832
14.0000 12.3025
14.0000 13.2493
14.0000 14.1527
14.0000 13.0374
14.0000 13.7124
14.0000 14.4164
14.0000 13.9115
14.0000 14.1993
14.0000 14.3023
14.0000 13.1384
14.0000 13.9513
14.0000 13.4236
14.0000 13.1085
14.0000 14.6027
14.0000 14.4295
14.0000 13.7647
14.0000 14.0455
14.0000 14.2528
14.0000 14.6723
14.0000 14.4045
14.0000 13.8452
14.0000 12.6430
14.0000 13.2958
14.0000 14.0580
14.0000 13.8402
14.0000 13.5046
14.0000 13.7317
14.0000 12.4321
14.0000 13.9252
14.0000 13.7752
14.0000 13.7852
14.0000 13.6418
14.0000 13.9716
14.0000 14.2333
14.0000 14.7413
14.0000 14.5165
14.0000 13.8887
14.0000 13.2723
14.0000 14.4176
14.0000 14.5104
14.0000 13.8399
14.0000 13.9254
14.0000 14.9088
14.0000 14.2914
14.0000 14.7571
14.0000 13.8616
14.0000 14.3346
14.0000 14.2211
14.0000 13.9724
14.0000 14.3861
14.0000 14.4579
14.0000 14.3124
14.0000 14.0502
14.0000 14.3571
14.0000 14.5952
14.0000 14.1123
14.0000 14.5951
14.0000 14.4103
14.0000 14.6020
14.0000 13.9214
14.0000 14.5220
14.0000 14.5407
14.0000 13.7209
14.0000 13.5883
14.0000 13.6792
14.0000 14.0861
14.0000 13.7725
14.0000 13.2279
14.0000 14.8754
14.0000 14.0095
14.0000 13.9901
14.0000 13.9850
14.0000 13.4316
14.0000 14.2115
14.0000 13.7109
14.0000 14.7240
14.0000 13.8503
14.0000 13.3510
14.0000 13.5135
14.0000 13.7576
14.0000 13.8487
14.0000 13.8328
14.0000 13.7858
14.0000 13.5370
14.0000 13.8105
14.0000 13.8485
14.0000 13.6843
14.0000 14.3998
14.0000 14.2673
14.0000 14.0883
14.0000 14.7950
14.0000 13.8075
14.0000 13.8375
14.0000 14.3150
14.0000 13.2540
14.0000 14.7359
14.0000 14.5521
14.0000 13.7239
14.0000 14.2043
14.0000 13.8094
14.0000 15.1685
14.0000 13.8829
14.0000 14.2195
14.0000 13.1966
14.0000 13.5600
14.0000 14.7947
14.0000 14.4925
14.0000 13.3607
14.0000 13.0128
14.0000 14.8531
14.0000 13.5586
14.0000 14.3154
14.0000 14.0510
14.0000 14.0460
14.0000 13.4038
14.0000 13.9386
14.0000 14.0415
14.0000 13.6904
14.0000 13.6274
14.0000 14.1597
14.0000 14.2026
14.0000 14.0485
14.0000 13.5365
14.0000 14.6687
14.0000 13.6330
14.0000 13.2141
14.0000 14.1887
14.0000 13.9892
14.0000 13.9954
14.0000 13.6320
14.0000 14.5401
14.0000 14.2398
14.0000 12.9403
14.0000 14.5997
14.0000 15.0079
14.0000 13.3419
14.0000 13.7086
14.0000 13.6226
14.0000 14.1798
14.0000 13.7711
14.0000 13.9119
14.0000 14.7401
14.0000 13.9529
14.0000 13.7201
14.0000 14.0359
14.0000 14.0922
14.0000 13.3520
14.0000 13.9799
14.0000 13.5542
14.0000 13.2585
14.0000 14.8803
14.0000 14.0872
14.0000 14.4846
14.0000 14.9336
14.0000 14.2797
14.0000 13.7728
14.0000 13.8932
14.0000 14.4346
14.0000 13.7312
14.0000 14.0506
14.0000 14.3780
14.0000 15.1624
14.0000 13.3282
14.0000 14.3801
14.0000 13.5518
14.0000 13.2305
14.0000 13.0736
14.0000 14.0032
14.0000 14.9764
14.0000 13.9997
14.0000 14.2689
14.0000 15.0452
14.0000 13.3616
14.0000 14.5079
14.0000 12.9508
14.0000 14.0970
14.0000 14.2216
14.0000 13.1375
14.0000 13.9748
14.0000 13.6714
14.0000 14.1361
14.0000 13.6251
14.0000 14.1464
14.0000 14.3615
14.0000 13.7758
14.0000 13.6766
14.0000 13.6259
14.0000 13.7466
14.0000 14.1627
14.0000 13.9696
14.0000 13.6637
14.0000 14.1378
14.0000 13.7673
14.0000 14.0296
14.0000 14.7527
14.0000 14.3372
14.0000 14.1266
14.0000 13.7035
14.0000 13.9414
14.0000 13.4357
14.0000 13.8223
14.0000 13.9017
14.0000 14.0014
14.0000 14.3657
14.0000 13.9672
14.0000 13.4894
14.0000 15.1132
14.0000 14.5853
14.0000 13.2921
14.0000 14.3430
14.0000 13.4064
14.0000 14.4290
14.0000 14.9130
14.0000 13.4293
14.0000 13.4315
14.0000 14.3727
14.0000 15.3044
14.0000 14.1295
14.0000 14.4086
14.0000 13.7251
14.0000 13.8593
14.0000 13.7705
14.0000 14.4046
14.0000 13.5897
14.0000 15.1381
14.0000 13.6183
14.0000 13.1052
14.0000 13.2106
14.0000 13.6669
14.0000 14.0279
14.0000 13.3930
14.0000 14.3521
14.0000 14.6150
14.0000 14.0842
14.0000 14.8824
14.0000 14.0244
14.0000 13.8162
14.0000 14.9333
14.0000 15.2950
14.0000 13.9720
14.0000 14.3752
14.0000 13.5606
14.0000 14.1772
14.0000 14.0392
14.0000 13.8881
14.0000 14.8123
14.0000 14.2510
14.0000 13.2510
14.0000 14.0019
14.0000 13.4947
14.0000 14.6841
14.0000 13.8340
14.0000 14.3895
14.0000 14.3750
14.0000 13.9454
14.0000 14.0005
14.0000 13.7294
14.0000 13.8180
14.0000 14.2818
14.0000 14.3334
14.0000 14.1879
14.0000 14.1179
14.0000 14.2531
14.0000 13.7041
14.0000 14.2143
14.0000 13.2387
14.0000 14.3813
14.0000 14.4441
14.0000 13.6030
14.0000 13.2895
14.0000 14.4662
14.0000 13.6354
14.0000 14.2848
14.0000 13.5472
14.0000 14.8053
14.0000 13.7474
14.0000 14.0846
14.0000 13.9401
14.0000 13.1427
14.0000 14.0583
14.0000 13.8849
14.0000 14.7786
14.0000 15.2093
14.0000 14.2735
14.0000 14.2753
14.0000 14.0508
14.0000 13.7384
14.0000 14.0406
14.0000 13.8400
14.0000 14.7906
14.0000 13.9395
14.0000 14.1231
14.0000 13.4172
14.0000 14.2716
14.0000 14.4269
14.0000 12.9999
14.0000 14.1576
14.0000 13.3751
14.0000 13.8535
14.0000 13.5608
14.0000 14.7437
14.0000 13.5085
14.0000 14.2274
14.0000 12.5459
14.0000 14.3832
14.0000 13.8855
14.0000 13.4182
14.0000 13.7857
14.0000 14.5292
14.0000 14.8889
14.0000 13.8844
14.0000 13.9345
14.0000 13.6179
14.0000 14.1272
14.0000 13.3087
14.0000 14.4007
14.0000 14.0562
14.0000 13.6774
14.0000 14.3269
14.0000 13.3912
14.0000 13.5022
14.0000 14.6442
14.0000 13.5433
14.0000 14.4816
14.0000 13.9482
14.0000 14.6257
14.0000 13.7464
14.0000 14.2767
14.0000 15.2452
14.0000 13.9587
14.0000 14.5251
14.0000 14.0403
14.0000 13.7872
14.0000 14.5194
14.0000 13.2231
14.0000 13.1342
14.0000 14.4898
14.0000 13.3613
14.0000 14.1215
14.0000 13.9661
14.0000 13.5245
14.0000 14.1322
14.0000 14.5579
14.0000 13.0331
14.0000 13.6945
14.0000 13.1004
14.0000 13.4224
14.0000 13.7424
14.0000 13.8589
14.0000 14.7825
14.0000 13.8106
14.0000 13.4807
14.0000 13.1121
14.0000 13.5724
14.0000 12.7192
14.0000 14.2390
14.0000 13.6788
14.0000 14.1349
14.0000 14.5984
14.0000 14.5114
14.0000 15.5528
14.0000 13.6925
14.0000 14.7112
14.0000 13.8003
14.0000 14.1604
14.0000 13.1808
14.0000 14.1259
14.0000 14.0017
14.0000 13.6796
14.0000 14.6695
14.0000 13.6504
14.0000 14.1129
14.0000 13.2069
14.0000 13.8684
14.0000 14.5325
14.0000 14.0909
14.0000 14.0550
14.0000 14.7509
14.0000 14.1641
14.0000 13.5524
14.0000 13.3510
14.0000 14.4965
14.0000 13.4415
14.0000 14.5762
14.0000 14.4994
14.0000 14.3178
14.0000 13.3959
14.0000 13.9036
14.0000 14.5328
14.0000 13.8606
14.0000 13.8802
14.0000 14.0856
14.0000 14.1619
14.0000 13.1626
14.0000 14.1035
14.0000 14.3365
14.0000 14.2203
14.0000 14.3400
14.0000 13.3736
14.0000 13.3439
14.0000 14.8042
14.0000 13.2987
14.0000 13.8342
14.0000 14.0991
14.0000 14.1790
14.0000 14.2247
14.0000 14.1677
14.0000 13.9792
14.0000 13.8963
14.0000 13.3891
14.0000 13.9707
14.0000 14.7810
14.0000 12.9422
14.0000 14.1372
14.0000 14.3010
14.0000 14.2866
14.0000 13.7282
14.0000 14.9964
14.0000 14.5722
14.0000 14.8442
14.0000 14.1478
14.0000 13.3352
14.0000 14.4796
14.0000 14.4873
14.0000 13.8663
14.0000 14.5876
14.0000 14.4851
14.0000 13.7252
14.0000 13.4939
14.0000 14.5578
14.0000 13.9479
14.0000 14.0542
14.0000 13.5454
14.0000 14.2935
14.0000 13.1849
14.0000 14.2729
14.0000 13.4501
14.0000 13.7092
14.0000 13.4720
14.0000 13.1323
14.0000 13.9610
14.0000 14.6372
14.0000 13.6151
14.0000 14.4423
14.0000 14.4179
14.0000 14.2164
14.0000 13.7710
14.0000 13.5953
14.0000 14.4660
14.0000 14.3999
14.0000 13.5402
14.0000 13.5546
14.0000 14.2055
14.0000 13.4603
14.0000 14.1225
14.0000 14.3330
14.0000 14.3128
14.0000 14.9610
14.0000 14.2908
14.0000 13.9889
14.0000 13.2112
14.0000 13.7716
14.0000 14.2190
14.0000 13.7381
14.0000 14.4474
14.0000 14.3812
14.0000 14.5618
14.0000 14.4292
14.0000 14.5764
14.0000 13.9931
14.0000 12.9212
14.0000 14.4296
14.0000 14.0109
14.0000 13.4744
14.0000 13.7897
14.0000 14.4069
14.0000 13.8183
14.0000 14.6642
14.0000 14.2751
14.0000 13.3662
14.0000 14.7182
14.0000 14.5003
14.0000 14.2397
14.0000 14.4502
14.0000 14.6184
14.0000 14.1387
14.0000 14.6238
14.0000 13.7337
14.0000 14.6364
14.0000 14.1790
14.0000 13.5063
14.0000 13.7307
14.0000 15.0209
14.0000 14.2336
14.0000 14.0405
14.0000 13.6176
14.0000 14.0007
14.0000 14.2573
14.0000 13.9321
14.0000 14.8381
14.0000 13.7685
14.0000 14.4120
14.0000 14.5428
14.0000 14.2430
14.0000 13.7827
14.0000 14.3661
14.0000 13.7183
14.0000 13.5213
14.0000 14.4571
14.0000 14.2428
14.0000 14.8347
14.0000 14.0116
14.0000 13.9939
14.0000 14.4647
14.0000 13.1641
14.0000 13.7242
14.0000 13.6443
14.0000 14.2885
14.0000 14.6549
14.0000 13.9531
14.0000 13.4699
14.0000 14.5190
14.0000 13.6308
14.0000 15.1038
14.0000 15.0004
14.0000 13.7543
14.0000 13.8972
14.0000 13.3285
14.0000 14.2972
14.0000 14.4070
14.0000 13.4390
14.0000 14.0190
14.0000 14.9494
14.0000 13.5901
14.0000 13.9810
14.0000 14.3335
14.0000 13.9061
14.0000 13.8413
14.0000 14.4503
14.0000 14.5966
14.0000 14.6631
14.0000 13.7856
14.0000 13.9626
14.0000 14.2024
14.0000 12.5387
14.0000 13.8048
14.0000 14.3653
14.0000 14.4720
14.0000 14.3551
14.0000 14.1908
14.0000 14.0431
14.0000 13.4338
14.0000 14.6497
14.0000 13.9701
14.0000 13.4507
14.0000 13.7440
14.0000 14.6998
14.0000 14.1132
14.0000 14.3601
14.0000 13.5481
14.0000 14.4164
14.0000 13.2412
14.0000 13.0996
14.0000 13.8568
14.0000 14.0871
14.0000 13.8929
14.0000 14.6375
14.0000 13.4398
14.0000 14.6622
14.0000 13.6068
14.0000 14.5237
14.0000 13.8680
14.0000 13.2623
14.0000 13.8097
14.0000 14.1625
14.0000 14.7025
14.0000 13.1331
14.0000 14.6668
14.0000 14.0383
14.0000 13.6887
14.0000 13.5415
14.0000 13.5884
14.0000 14.3254
14.0000 13.3147
14.0000 13.3250
14.0000 14.9530
14.0000 13.6534
14.0000 14.3037
14.0000 13.5716
14.0000 14.2844
14.0000 13.8583
14.0000 14.8100
14.0000 13.6523
14.0000 13.9129
14.0000 13.2496
14.0000 13.5004
14.0000 13.6518
14.0000 14.0974
14.0000 13.4417
14.0000 13.6057
14.0000 14.7623
14.0000 14.6885
14.0000 14.6237
14.0000 13.8578
14.0000 14.2280
14.0000 14.2931
14.0000 13.3825
14.0000 14.0591
14.0000 14.1549
14.0000 14.2915
14.0000 14.3559
14.0000 13.6715
14.0000 14.3733
14.0000 13.9190
14.0000 14.8801
14.0000 13.8352
14.0000 13.2187
14.0000 13.4891
14.0000 13.9083
14.0000 14.2331
14.0000 14.3108
14.0000 14.2980
14.0000 13.8764
14.0000 13.2404
14.0000 14.0825
14.0000 14.3225
14.0000 13.8351
14.0000 13.5923
14.0000 13.7399
14.0000 13.3642
14.0000 14.1114
14.0000 14.9056
14.0000 14.7721
14.0000 14.1946
14.0000 15.0165
14.0000 13.2574
14.0000 13.8631
14.0000 14.1292
14.0000 13.2156
14.0000 13.8062
14.0000 14.0310
14.0000 13.5051
14.0000 13.6332
14.0000 13.5516
14.0000 14.6991
14.0000 14.5145
14.0000 14.5951
14.0000 14.4425
14.0000 14.6947
14.0000 12.8987
14.0000 14.0205
14.0000 13.7350
14.0000 13.6997
14.0000 14.1861
14.0000 14.1515
14.0000 13.0836
14.0000 14.0011
14.0000 14.7492
14.0000 13.4820
14.0000 13.6728
14.0000 13.8410
14.0000 13.9167
14.0000 14.8061
14.0000 15.0342
14.0000 15.0653
14.0000 14.7344
14.0000 13.5805
14.0000 14.1851
14.0000 12.8826
14.0000 13.1748
14.0000 13.9769
14.0000 13.6619
14.0000 15.4461
14.0000 13.6403
14.0000 14.2363
14.0000 14.5518
14.0000 13.9702
14.0000 14.4810
14.0000 14.9757
14.0000 14.2002
14.0000 14.2714
14.0000 14.2649
14.0000 13.5289
14.0000 13.4077
14.0000 14.7205
14.0000 13.5622
14.0000 13.7103
14.0000 14.0867
14.0000 14.8171
14.0000 15.0114
14.0000 13.5437
14.0000 13.3274
14.0000 14.6772
14.0000 13.9367
14.0000 15.4258
14.0000 14.6599
14.0000 14.3195
14.0000 14.5940
14.0000 13.5590
14.0000 13.1776
14.0000 14.8134
14.0000 13.9651
14.0000 14.0005
14.0000 13.9858
14.0000 13.7185
14.0000 13.8207
14.0000 13.5872
14.0000 13.0267
14.0000 13.9092
14.0000 13.5324
14.0000 12.7744
14.0000 14.3489
14.0000 12.8661
14.0000 14.5623
14.0000 13.7523
14.0000 14.7511
14.0000 14.1429
14.0000 13.9247
14.0000 13.3900
14.0000 13.6484
14.0000 13.2135
14.0000 14.7700
14.0000 13.3935
14.0000 13.5353
14.0000 13.5107
14.0000 14.8528
14.0000 13.6846
14.0000 14.2828
14.0000 13.8102
14.0000 13.9089
14.0000 14.5058
14.0000 14.2005
14.0000 13.9668
14.0000 13.7870
14.0000 13.2960
14.0000 13.7974
14.0000 13.8510
14.0000 14.2256
14.0000 13.7251
14.0000 13.6095
14.0000 13.7795
14.0000 14.2866
14.0000 14.6095
14.0000 13.5265
14.0000 15.0743
14.0000 13.4716
14.0000 13.6244
14.0000 13.7355
14.0000 13.8365
14.0000 14.9023
14.0000 12.9375
14.0000 14.5437
14.0000 13.2589
14.0000 13.9130
14.0000 14.6152
14.0000 13.9901
14.0000 14.1079
14.0000 14.5219
14.0000 12.9371
14.0000 14.4460
14.0000 13.2857
14.0000 14.5296
14.0000 13.7711
14.0000 13.2672
14.0000 14.3972
14.0000 14.1513
14.0000 14.8638
14.0000 13.4540
14.0000 14.1166
14.0000 13.6926
14.0000 13.3965
14.0000 14.2441
14.0000 14.2809
14.0000 14.9697
14.0000 13.5926
14.0000 14.0116
14.0000 14.2502
14.0000 13.3822
14.0000 13.8341
14.0000 14.4373
14.0000 13.8612
14.0000 14.1420
14.0000 14.3680
14.0000 14.3067
14.0000 14.4789
14.0000 13.9429
14.0000 13.1946
14.0000 13.2192
14.0000 14.0636
14.0000 13.0451
14.0000 14.4888
14.0000 14.5114
14.0000 13.7717
14.0000 14.5627
14.0000 15.1402
14.0000 14.0367
14.0000 14.7750
14.0000 13.0305
14.0000 14.7495
14.0000 15.2336
14.0000 14.9776
14.0000 14.5212
14.0000 14.0636
14.0000 13.5560
14.0000 14.1964
14.0000 14.5297
14.0000 14.4951
14.0000 14.8931
14.0000 13.5514
14.0000 14.3837
14.0000 14.2422
14.0000 14.8144
14.0000 14.8617
14.0000 14.2017
14.0000 13.6092
14.0000 13.8338
14.0000 14.3981
14.0000 13.3415
14.0000 14.6317
14.0000 15.3504
14.0000 13.8312
14.0000 12.9355
14.0000 13.7397
14.0000 12.6311
14.0000 13.5180
14.0000 14.4087
14.0000 14.4035
14.0000 12.3447
14.0000 14.0891
14.0000 13.5710
14.0000 13.8476
14.0000 15.1432
14.0000 14.5204
14.0000 13.3898
14.0000 14.3229
14.0000 13.6506
14.0000 14.4832
14.0000 13.8214
14.0000 14.0920
14.0000 13.6587
14.0000 14.5040
14.0000 13.6789
14.0000 14.0046
14.0000 14.2097
14.0000 13.7665
14.0000 14.1812
14.0000 13.7137
14.0000 13.6698
14.0000 14.7963
14.0000 13.9278
14.0000 14.3693
14.0000 13.4924
14.0000 14.6043
14.0000 13.5731
14.0000 13.8459
14.0000 14.5062
14.0000 14.4000
14.0000 14.6141
14.0000 14.1512
14.0000 14.0617
14.0000 14.6815
14.0000 14.1406
14.0000 14.2525
14.0000 14.6506
14.0000 13.0437
14.0000 13.9203
14.0000 14.3181
14.0000 14.6087
14.0000 13.0338
14.0000 14.2107
14.0000 13.8305
14.0000 13.7794
14.0000 14.6355
14.0000 14.3447
14.0000 14.0256
14.0000 14.5660
14.0000 12.9716
14.0000 13.9202
14.0000 13.2601
14.0000 15.1726
14.0000 13.1514
14.0000 14.0912
14.0000 13.9988
14.0000 14.5967
14.0000 14.2588
14.0000 15.5409
14.0000 13.5302
14.0000 14.0964
14.0000 14.2812
14.0000 14.4761
14.0000 14.1139
14.0000 13.8773
14.0000 14.4921
14.0000 14.6799
14.0000 14.1799
14.0000 13.3741
14.0000 13.5949
14.0000 13.4130
14.0000 14.0399
14.0000 13.8183
14.0000 13.9299
14.0000 15.2191
14.0000 13.3813
14.0000 14.6238
14.0000 13.6641
14.0000 13.2943
14.0000 15.0227
14.0000 14.1289
14.0000 13.3097
14.0000 13.2798
14.0000 13.6135
14.0000 13.9041
14.0000 14.1646
14.0000 14.4800
14.0000 13.9868
14.0000 14.2717
14.0000 14.1490
14.0000 13.7097
14.0000 14.4160
14.0000 14.7294
14.0000 14.0481
14.0000 14.3613
14.0000 15.0345
14.0000 13.7574
14.0000 14.1166
14.0000 12.9761
14.0000 13.6120
14.0000 15.0123
14.0000 14.2572
14.0000 13.2407
14.0000 13.8013
14.0000 14.4644
14.0000 14.5111
14.0000 14.3047
14.0000 13.8718
14.0000 14.2039
14.0000 14.4907
14.0000 12.5380
14.0000 15.8572
14.0000 13.8035
14.0000 13.8331
14.0000 13.4747
14.0000 13.8021
14.0000 13.5476
14.0000 12.7678
14.0000 14.4919
14.0000 14.1817
14.0000 13.7274
14.0000 14.1773
14.0000 14.4979
14.0000 14.3158
14.0000 14.7277
14.0000 13.6451
14.0000 13.9848
14.0000 14.1181
14.0000 13.8092
14.0000 14.0240
14.0000 12.8450
14.0000 13.7709
14.0000 13.4985
14.0000 14.1873
14.0000 13.6039
14.0000 13.2018
14.0000 13.7452
14.0000 14.0857
14.0000 14.1464
14.0000 14.6357
14.0000 13.9157
14.0000 14.6404
14.0000 13.3426
14.0000 13.1735
14.0000 14.6092
14.0000 14.6117
14.0000 14.4948
14.0000 14.1266
14.0000 14.1623
14.0000 12.7249
14.0000 13.7015
14.0000 14.9540
14.0000 13.9309
14.0000 14.3228
14.0000 14.2423
14.0000 14.6516
14.0000 13.9632
14.0000 14.0675
14.0000 14.4196
14.0000 14.9254
14.0000 15.2094
14.0000 13.5816
14.0000 14.4691
14.0000 14.8751
14.0000 13.7833
14.0000 13.8718
14.0000 14.4093
14.0000 13.7319
14.0000 14.1423
14.0000 14.8202
14.0000 13.9914
14.0000 13.5391
14.0000 13.5965
14.0000 14.1892
14.0000 13.6353
14.0000 13.2441
14.0000 13.1241
14.0000 13.6375
14.0000 13.6504
14.0000 13.8436
14.0000 14.7174
14.0000 13.5425
14.0000 14.0939
14.0000 14.2813
14.0000 13.7756
14.0000 13.9979
14.0000 13.9025
14.0000 14.4481
14.0000 14.2870
14.0000 13.9814
14.0000 13.9058
14.0000 14.8337
14.0000 14.2161
14.0000 13.3326
14.0000 13.5637
14.0000 14.4752
14.0000 15.1320
14.0000 13.9322
14.0000 14.3227
14.0000 13.7672
14.0000 14.2714
14.0000 13.5040
14.0000 14.0078
14.0000 13.4190
14.0000 13.6630
14.0000 13.5105
14.0000 14.6584
14.0000 14.3447
14.0000 13.6785
14.0000 13.9017
14.0000 14.4406
14.0000 13.2345
14.0000 14.3439
14.0000 14.5221
14.0000 13.6833
14.0000 13.3173
14.0000 14.1492
14.0000 14.3875
14.0000 13.9947
14.0000 13.4698
14.0000 13.6619
14.0000 13.2198
14.0000 14.1627
14.0000 13.9005
14.0000 14.3206
14.0000 14.2899
14.0000 14.0349
14.0000 13.9740
14.0000 14.3695
14.0000 15.1740
14.0000 14.4162
14.0000 14.5679
14.0000 14.8737
14.0000 13.3781
14.0000 12.9210
14.0000 13.7600
14.0000 14.0502
14.0000 14.2602
14.0000 13.5017
14.0000 13.5638
14.0000 13.8028
14.0000 13.3716
14.0000 14.3817
14.0000 14.4292
14.0000 13.8285
14.0000 14.0864
14.0000 14.3520
14.0000 13.8002
14.0000 14.4488
14.0000 14.0710
14.0000 13.3016
14.0000 14.2244
14.0000 14.0393
14.0000 14.4948
14.0000 14.5468
14.0000 13.8406
14.0000 14.4430
14.0000 12.9930
14.0000 14.7527
14.0000 14.3349
14.0000 13.6421
14.0000 14.5986
14.0000 13.8099
14.0000 14.0075
14.0000 14.9380
14.0000 13.9882
14.0000 14.4059
14.0000 14.6649
14.0000 14.4935
14.0000 14.2399
14.0000 14.3581
14.0000 13.6524
14.0000 13.1521
14.0000 12.6076
14.0000 13.6015
14.0000 13.7153
14.0000 14.2356
14.0000 14.1915
14.0000 14.2565
14.0000 13.8179
14.0000 13.8230
14.0000 13.7210
14.0000 14.5434
14.0000 13.4252
14.0000 14.0024
14.0000 14.2341
14.0000 15.0033
14.0000 13.6823
14.0000 13.9885
14.0000 14.5652
14.0000 13.5498
14.0000 13.6583
14.0000 14.0451
14.0000 14.1775
14.0000 13.6611
14.0000 14.1650
14.0000 14.2786
14.0000 14.5387
14.0000 13.9474
14.0000 15.0863
14.0000 14.4837
14.0000 13.6204
14.0000 13.9189
14.0000 14.6379
14.0000 13.5177
14.0000 14.0220
14.0000 13.4342
14.0000 14.6932
14.0000 13.9429
14.0000 14.2272
14.0000 13.3871
14.0000 13.7720
14.0000 14.3090
14.0000 13.2129
14.0000 14.2560
14.0000 13.9381
14.0000 13.8265
14.0000 13.5231
14.0000 14.1191
14.0000 13.9757
14.0000 12.8664
14.0000 13.6260
14.0000 14.4169
14.0000 13.6983
14.0000 13.9465
14.0000 13.5152
14.0000 13.5108
14.0000 14.1509
14.0000 14.4868
14.0000 14.2913
14.0000 14.0464
14.0000 14.3204
14.0000 14.6251
14.0000 13.1931
14.0000 13.5434
14.0000 14.3478
14.0000 14.1823
14.0000 13.7947
14.0000 14.3330
14.0000 14.1494
14.0000 13.7371
14.0000 13.9093
14.0000 13.9244
14.0000 14.0688
14.0000 13.2988
14.0000 13.1823
14.0000 13.5079
14.0000 14.3169
14.0000 14.3061
14.0000 14.4006
14.0000 14.5620
14.0000 13.5003
14.0000 13.5509
14.0000 14.4907
14.0000 13.8201
14.0000 13.8312
14.0000 13.5087
14.0000 13.2165
14.0000 15.0136
14.0000 14.7550
14.0000 13.6663
14.0000 14.0005
14.0000 14.0403
14.0000 14.0018
14.0000 12.6679
14.0000 13.5939
14.0000 14.2867
14.0000 14.1553
14.0000 13.8873
14.0000 13.8149
14.0000 14.5275
14.0000 13.4122
14.0000 13.6666
14.0000 14.6336
14.0000 13.8760
14.0000 14.7284
14.0000 14.4748
14.0000 14.0339
14.0000 13.2076
14.0000 13.5434
14.0000 14.7859
14.0000 13.3086
14.0000 14.5160
14.0000 13.4429
14.0000 13.1016
14.0000 13.8314
