15.0000 14.9418
15.0000 15.4128
15.0000 15.1464
15.0000 15.5860
15.0000 14.3052
15.0000 14.0645
15.0000 15.2504
15.0000 15.6811
15.0000 15.7611
15.0000 15.4299
15.0000 14.9332
15.0000 14.4464
15.0000 14.3526
15.0000 14.3782
15.0000 14.7701
15.0000 14.6262
15.0000 14.2969
15.0000 15.0778
15.0000 15.1344
15.0000 14.9502
15.0000 14.4140
15.0000 14.0936
15.0000 14.3791
15.0000 14.5686
15.0000 14.2394
15.0000 15.6548
15.0000 15.3339
15.0000 15.3698
15.0000 14.7293
15.0000 15.3632
15.0000 14.6511
15.0000 15.7783
15.0000 15.2792
15.0000 14.0959
15.0000 15.9209
15.0000 15.8897
15.0000 15.5336
15.0000 14.1666
15.0000 14.9339
15.0000 15.0394
15.0000 15.8386
15.0000 14.5899
15.0000 14.5721
15.0000 14.7496
15.0000 14.1528
15.0000 14.4593
15.0000 15.1849
15.0000 15.5801
15.0000 14.8204
15.0000 14.9297
15.0000 14.9729
15.0000 14.3784
15.0000 14.0542
15.0000 15.2620
15.0000 14.9072
15.0000 14.9481
15.0000 13.4721
15.0000 15.2105
15.0000 14.9558
15.0000 14.5173
15.0000 15.4458
15.0000 14.7018
15.0000 14.3878
15.0000 15.2142
15.0000 15.1197
15.0000 14.2309
15.0000 15.0796
15.0000 14.4121
15.0000 14.8082
15.0000 15.1000
15.0000 14.5910
15.0000 14.5489
15.0000 14.4212
15.0000 15.4812
15.0000 15.1768
15.0000 14.6923
15.0000 15.7705
15.0000 15.7876
15.0000 15.0047
15.0000 14.6642
15.0000 14.6351
15.0000 14.6722
15.0000 15.4322
15.0000 14.1919
15.0000 14.4114
15.0000 15.4339
15.0000 14.7629
15.0000 14.7737
15.0000 15.0777
15.0000 14.3897
15.0000 14.9593
15.0000 14.5636
15.0000 15.6978
15.0000 15.0503
15.0000 15.1006
15.0000 14.0562
15.0000 15.0237
15.0000 14.8799
15.0000 14.8318
15.0000 14.4545
15.0000 14.5535
15.0000 15.0407
15.0000 16.0723
15.0000 14.7949
15.0000 14.1919
15.0000 15.2795
15.0000 15.8186
15.0000 14.0537
15.0000 14.9603
15.0000 14.0837
15.0000 14.7033
15.0000 14.4524
15.0000 14.6452
15.0000 15.0192
15.0000 15.1394
15.0000 14.1661
15.0000 15.2282
15.0000 14.6321
15.0000 15.1861
15.0000 16.0239
15.0000 15.4249
15.0000 15.0671
15.0000 15.4260
15.0000 14.5757
15.0000 15.4371
15.0000 15.4998
15.0000 14.5898
15.0000 14.6386
15.0000 14.3905
15.0000 15.0833
15.0000 14.4028
15.0000 14.5829
15.0000 15.0627
15.0000 16.0094
15.0000 14.5367
15.0000 15.5138
15.0000 15.5154
15.0000 14.3459
15.0000 15.2793
15.0000 15.4019
15.0000 15.0719
15.0000 14.4328
15.0000 14.8679
15.0000 14.8959
15.0000 14.9456
15.0000 14.8206
15.0000 15.2666
15.0000 14.0581
15.0000 15.3036
15.0000 14.4507
15.0000 15.4486
15.0000 15.2618
15.0000 15.9051
15.0000 15.3218
15.0000 14.9191
15.0000 14.1928
15.0000 14.6706
15.0000 15.1129
15.0000 14.4550
15.0000 15.1923
15.0000 16.1110
15.0000 15.0860
15.0000 14.7443
15.0000 14.7308
15.0000 14.3068
15.0000 14.5789
15.0000 15.1739
15.0000 14.1422
15.0000 15.4347
15.0000 15.9241
15.0000 15.5124
15.0000 14.1815
15.0000 14.6682
15.0000 14.8496
15.0000 14.9801
15.0000 15.1770
15.0000 14.3182
15.0000 13.7278
15.0000 15.4764
15.0000 14.5215
15.0000 15.5052
15.0000 14.6061
15.0000 14.3162
15.0000 15.8695
15.0000 15.6456
15.0000 14.8180
15.0000 15.5009
15.0000 15.0194
15.0000 15.7365
15.0000 14.1886
15.0000 14.1183
15.0000 14.1375
15.0000 15.5510
15.0000 14.9225
15.0000 15.3824
15.0000 15.7925
15.0000 15.0213
15.0000 14.6992
15.0000 15.5946
15.0000 15.2233
15.0000 14.8131
15.0000 14.9960
15.0000 15.2782
15.0000 14.8022
15.0000 14.3567
15.0000 14.5916
15.0000 15.0111
15.0000 14.6794
15.0000 15.7884
15.0000 14.5413
15.0000 15.2592
15.0000 14.4112
15.0000 15.7291
15.0000 14.5109
15.0000 14.9537
15.0000 15.4773
15.0000 15.6517
15.0000 15.5188
15.0000 14.5786
15.0000 15.7212
15.0000 14.7912
15.0000 15.8469
15.0000 14.4890
15.0000 15.4363
15.0000 14.7777
15.0000 15.4165
15.0000 15.4536
15.0000 14.3439
15.0000 15.6246
15.0000 14.4972
15.0000 15.5160
15.0000 15.1114
15.0000 14.6103
15.0000 14.9185
15.0000 14.6298
15.0000 16.0944
15.0000 14.9344
15.0000 14.8364
15.0000 14.6410
15.0000 14.5042
15.0000 14.8143
15.0000 14.4509
15.0000 15.1793
15.0000 14.6987
15.0000 15.0610
15.0000 15.3825
15.0000 15.3411
15.0000 15.5611
15.0000 14.1845
15.0000 14.6868
15.0000 15.5438
15.0000 15.3260
15.0000 14.3351
15.0000 16.0570
15.0000 14.8878
15.0000 14.9667
15.0000 15.1498
15.0000 14.6598
15.0000 15.6405
15.0000 15.4233
15.0000 14.7980
15.0000 15.8753
15.0000 15.1821
15.0000 14.8642
15.0000 15.1191
15.0000 14.3094
15.0000 14.2815
15.0000 14.8543
15.0000 15.6944
15.0000 13.2334
15.0000 14.7535
15.0000 15.6249
15.0000 14.8452
15.0000 14.5778
15.0000 14.7534
15.0000 14.6677
15.0000 15.2520
15.0000 14.5710
15.0000 14.6207
15.0000 14.7723
15.0000 14.3093
15.0000 15.7865
15.0000 14.2373
15.0000 15.2337
15.0000 14.3766
15.0000 14.4595
15.0000 15.0896
15.0000 14.9606
15.0000 14.3561
15.0000 15.6274
15.0000 14.5818
15.0000 15.3633
15.0000 15.0735
15.0000 14.9130
15.0000 14.4609
15.0000 15.0811
15.0000 14.8431
15.0000 15.0351
15.0000 15.0666
15.0000 15.2768
15.0000 15.4712
15.0000 14.2461
15.0000 14.0964
15.0000 15.7101
15.0000 14.9973
15.0000 14.3950
15.0000 15.6783
15.0000 15.4784
15.0000 14.6225
15.0000 14.5885
15.0000 15.4320
15.0000 15.5976
15.0000 14.7566
15.0000 14.0777
15.0000 15.7361
15.0000 14.4506
15.0000 14.3623
15.0000 14.7800
15.0000 14.8572
15.0000 14.7821
15.0000 14.7646
15.0000 14.7241
15.0000 14.2915
15.0000 15.4431
15.0000 14.9012
15.0000 15.2703
15.0000 15.0287
15.0000 14.8069
15.0000 15.1918
15.0000 15.3145
15.0000 15.2570
15.0000 14.6539
15.0000 14.6679
15.0000 15.5605
15.0000 15.8961
15.0000 14.6892
15.0000 15.5926
15.0000 16.2528
15.0000 14.2626
15.0000 14.1804
15.0000 14.7456
15.0000 14.7947
15.0000 15.3939
15.0000 14.9594
15.0000 14.3516
15.0000 14.9913
15.0000 15.0028
15.0000 15.6913
15.0000 15.0762
15.0000 14.4376
15.0000 15.6114
15.0000 15.0394
15.0000 14.8009
15.0000 14.5642
15.0000 15.1384
15.0000 15.0118
15.0000 15.5840
15.0000 15.7486
15.0000 14.3990
15.0000 14.6481
15.0000 14.8528
15.0000 15.1044
15.0000 14.4443
15.0000 15.0569
15.0000 14.6744
15.0000 16.2942
15.0000 14.4085
15.0000 14.4256
15.0000 15.7879
15.0000 14.7001
15.0000 13.2986
15.0000 14.7690
15.0000 15.5706
15.0000 15.5801
15.0000 15.5763
15.0000 14.7164
15.0000 14.5399
15.0000 15.6676
15.0000 14.2987
15.0000 14.5418
15.0000 14.7551
15.0000 14.3989
15.0000 14.5796
15.0000 15.3831
15.0000 14.6163
15.0000 14.4314
15.0000 14.4383
15.0000 14.8655
15.0000 15.6882
15.0000 13.7124
15.0000 14.7036
15.0000 16.0190
15.0000 14.8099
15.0000 14.5999
15.0000 14.9704
15.0000 16.2430
15.0000 15.7406
15.0000 14.9148
15.0000 15.2950
15.0000 14.6094
15.0000 15.2952
15.0000 14.7737
15.0000 14.9525
15.0000 15.2365
15.0000 15.9861
15.0000 14.9615
15.0000 14.4250
15.0000 15.1382
15.0000 14.6563
15.0000 15.1391
15.0000 14.5390
15.0000 15.3876
15.0000 15.4519
15.0000 14.9186
15.0000 14.2241
15.0000 15.3533
15.0000 14.9984
15.0000 14.6754
15.0000 14.5222
15.0000 15.1709
15.0000 15.0060
15.0000 15.6923
15.0000 15.4575
15.0000 15.8815
15.0000 13.9400
15.0000 15.6077
15.0000 14.9251
15.0000 15.5591
15.0000 15.5322
15.0000 14.8681
15.0000 15.1385
15.0000 15.0913
15.0000 15.1802
15.0000 15.6472
15.0000 15.9087
15.0000 13.7151
15.0000 14.4549
15.0000 14.5116
15.0000 15.1039
15.0000 15.5361
15.0000 14.8139
15.0000 15.1130
15.0000 15.0555
15.0000 15.9492
15.0000 14.7780
15.0000 14.8123
15.0000 15.7706
15.0000 14.3445
15.0000 15.4428
15.0000 13.8670
15.0000 14.3231
15.0000 15.3391
15.0000 15.4428
15.0000 15.3350
15.0000 14.6904
15.0000 15.5327
15.0000 15.0649
15.0000 14.6555
15.0000 14.9850
15.0000 13.9697
15.0000 15.0855
15.0000 14.5378
15.0000 14.7151
15.0000 14.3110
15.0000 15.8586
15.0000 14.6719
15.0000 16.0840
15.0000 14.6051
15.0000 14.6741
15.0000 14.1575
15.0000 14.1340
15.0000 14.8395
15.0000 14.1036
15.0000 14.8187
15.0000 14.8347
15.0000 14.5828
15.0000 14.6112
15.0000 14.9465
15.0000 15.5877
15.0000 15.4874
15.0000 15.2052
15.0000 15.2916
15.0000 15.0011
15.0000 14.8228
15.0000 16.1623
15.0000 15.3125
15.0000 14.7353
15.0000 14.4344
15.0000 15.0942
15.0000 14.2797
15.0000 15.9216
15.0000 15.4607
15.0000 13.4706
15.0000 14.4304
15.0000 14.7087
15.0000 14.7713
15.0000 16.0952
15.0000 15.5098
15.0000 15.8306
15.0000 15.1528
15.0000 15.3747
15.0000 15.1019
15.0000 15.1793
15.0000 14.4032
15.0000 14.4283
15.0000 14.6806
15.0000 15.2841
15.0000 15.1598
15.0000 15.0636
15.0000 15.1129
15.0000 15.6828
15.0000 15.0550
15.0000 14.5118
15.0000 14.8495
15.0000 14.9606
15.0000 14.7080
15.0000 14.8690
15.0000 14.6978
15.0000 14.6870
15.0000 15.0242
15.0000 14.5250
15.0000 13.6656
15.0000 14.6867
15.0000 15.6824
15.0000 14.4409
15.0000 14.9133
15.0000 14.7517
15.0000 14.6750
15.0000 14.0011
15.0000 14.8391
15.0000 15.2522
15.0000 14.4976
15.0000 15.0470
15.0000 14.1646
15.0000 14.1324
15.0000 15.0580
15.0000 15.1227
15.0000 14.9431
15.0000 15.5788
15.0000 15.2234
15.0000 15.7088
15.0000 13.8013
15.0000 14.5585
15.0000 14.8185
15.0000 14.3760
15.0000 15.5198
15.0000 13.6894
15.0000 14.9054
15.0000 14.9951
15.0000 14.3804
15.0000 15.0533
15.0000 15.4531
15.0000 15.3561
15.0000 14.4618
15.0000 16.0006
15.0000 14.1943
15.0000 16.1463
15.0000 15.3962
15.0000 15.8142
15.0000 14.6104
15.0000 15.0834
15.0000 15.9254
15.0000 14.5190
15.0000 14.2070
15.0000 15.1547
15.0000 13.5570
15.0000 14.8046
15.0000 15.4673
15.0000 15.6326
15.0000 15.1797
15.0000 15.2734
15.0000 15.1178
15.0000 14.6085
15.0000 14.6115
15.0000 15.0958
15.0000 15.6540
15.0000 14.5486
15.0000 15.5482
15.0000 15.0596
15.0000 14.2979
15.0000 14.6343
15.0000 14.3216
15.0000 15.4108
15.0000 13.5424
15.0000 14.4656
15.0000 15.1635
15.0000 14.5697
15.0000 14.7150
15.0000 14.3769
15.0000 14.6664
15.0000 15.3391
15.0000 15.2642
15.0000 14.8462
15.0000 14.3787
15.0000 15.6056
15.0000 15.0359
15.0000 15.2263
15.0000 15.1445
15.0000 15.5388
15.0000 14.8787
15.0000 15.0012
15.0000 15.4566
15.0000 16.0626
15.0000 15.5304
15.0000 14.4422
15.0000 14.9084
15.0000 15.3749
15.0000 15.0300
15.0000 14.5661
15.0000 14.7433
15.0000 14.6058
15.0000 14.4009
15.0000 15.1127
15.0000 15.5731
15.0000 15.2621
15.0000 14.9319
15.0000 14.6227
15.0000 14.7917
15.0000 14.7443
15.0000 15.0633
15.0000 14.4750
15.0000 15.8563
15.0000 14.7423
15.0000 14.2321
15.0000 15.8562
15.0000 14.8647
15.0000 13.7779
15.0000 16.2618
15.0000 15.1900
15.0000 14.4274
15.0000 15.6765
15.0000 14.4687
15.0000 15.6034
15.0000 14.6722
15.0000 15.5580
15.0000 14.8694
15.0000 15.4660
15.0000 14.9429
15.0000 15.4557
15.0000 14.4785
15.0000 15.6191
15.0000 13.9645
15.0000 15.3997
15.0000 15.3987
15.0000 15.3236
15.0000 15.0771
15.0000 15.6895
15.0000 15.7426
15.0000 15.7753
15.0000 15.1359
15.0000 14.7839
15.0000 15.1690
15.0000 15.2442
15.0000 14.9115
15.0000 15.4402
15.0000 16.0197
15.0000 14.6120
15.0000 15.6408
15.0000 15.0815
15.0000 14.3434
15.0000 14.9028
15.0000 14.2810
15.0000 15.2641
15.0000 14.5853
15.0000 15.4733
15.0000 15.6956
15.0000 15.4643
15.0000 14.7669
15.0000 15.0965
15.0000 16.2843
15.0000 14.3694
15.0000 14.3786
15.0000 15.7175
15.0000 15.1595
15.0000 15.6578
15.0000 14.4972
15.0000 14.2925
15.0000 15.5004
15.0000 15.2789
15.0000 14.1068
15.0000 15.2508
15.0000 15.0648
15.0000 14.2574
15.0000 15.6375
15.0000 14.7590
15.0000 15.0227
15.0000 14.6451
15.0000 15.0654
15.0000 14.9502
15.0000 14.5112
15.0000 14.8474
15.0000 13.8013
15.0000 15.2816
15.0000 15.3232
15.0000 15.4871
15.0000 14.7633
15.0000 14.8933
15.0000 15.7380
15.0000 15.3005
15.0000 15.4845
15.0000 15.5648
15.0000 15.6429
15.0000 15.2832
15.0000 15.2160
15.0000 15.2823
15.0000 14.3874
15.0000 15.8435
15.0000 16.4140
15.0000 15.8884
15.0000 14.7217
15.0000 14.5158
15.0000 15.0691
15.0000 14.8576
15.0000 15.4044
15.0000 14.9017
15.0000 15.3411
15.0000 15.2236
15.0000 14.0612
15.0000 15.2584
15.0000 14.9138
15.0000 15.9889
15.0000 14.4393
15.0000 15.2266
15.0000 14.5949
15.0000 15.2393
15.0000 14.7604
15.0000 14.5608
15.0000 14.2933
15.0000 14.7294
15.0000 15.1788
15.0000 14.4850
15.0000 15.3953
15.0000 15.0109
15.0000 15.6400
15.0000 15.0472
15.0000 15.0038
15.0000 15.5802
15.0000 15.4806
15.0000 14.4767
15.0000 15.2285
15.0000 14.9726
15.0000 15.6242
15.0000 14.7565
15.0000 14.9125
15.0000 14.7875
15.0000 14.7671
15.0000 15.2677
15.0000 15.3885
15.0000 14.6811
15.0000 15.3837
15.0000 15.7179
15.0000 14.8487
15.0000 15.6028
15.0000 14.2922
15.0000 14.7985
15.0000 15.2041
15.0000 14.5675
15.0000 15.1293
15.0000 14.6754
15.0000 14.0506
15.0000 15.5905
15.0000 14.3352
15.0000 14.5514
15.0000 14.6356
15.0000 15.5998
15.0000 15.4678
15.0000 14.8916
15.0000 14.3506
15.0000 15.2170
15.0000 14.9645
15.0000 15.9476
15.0000 15.3340
15.0000 14.4112
15.0000 15.0290
15.0000 14.2433
15.0000 14.4933
15.0000 14.1511
15.0000 15.1586
15.0000 14.2219
15.0000 14.6923
15.0000 15.2501
15.0000 14.5231
15.0000 15.2363
15.0000 14.1667
15.0000 14.5769
15.0000 15.4125
15.0000 14.6523
15.0000 14.7183
15.0000 14.2154
15.0000 14.9602
15.0000 14.2043
15.0000 13.8249
15.0000 14.6098
15.0000 14.8524
15.0000 14.2111
15.0000 15.1813
15.0000 15.1727
15.0000 14.8261
15.0000 15.0702
15.0000 14.8651
15.0000 16.1223
15.0000 15.4999
15.0000 15.5503
15.0000 14.3061
15.0000 14.8334
15.0000 15.4151
15.0000 16.3081
15.0000 15.3693
15.0000 14.6983
15.0000 15.5564
15.0000 14.5661
15.0000 14.6532
15.0000 14.4034
15.0000 14.4252
15.0000 15.0478
15.0000 14.4030
15.0000 14.3215
15.0000 14.7659
15.0000 15.5055
15.0000 15.9312
15.0000 15.0754
15.0000 13.8546
15.0000 15.1798
15.0000 14.7387
15.0000 14.2728
15.0000 15.2033
15.0000 15.2680
15.0000 15.1007
15.0000 14.6069
15.0000 15.4362
15.0000 15.1475
15.0000 15.0853
15.0000 15.5034
15.0000 15.1840
15.0000 15.1636
15.0000 14.7400
15.0000 14.5304
15.0000 15.5195
15.0000 15.5669
15.0000 13.8096
15.0000 15.7539
15.0000 15.0160
15.0000 15.2458
15.0000 15.0916
15.0000 14.3445
15.0000 14.0059
15.0000 15.9760
15.0000 15.1376
15.0000 14.0881
15.0000 16.0638
15.0000 14.9945
15.0000 15.5401
15.0000 15.2056
15.0000 14.3868
15.0000 14.5083
15.0000 14.0024
15.0000 14.2077
15.0000 14.6093
15.0000 12.9904
15.0000 14.6331
15.0000 14.8093
15.0000 13.6620
15.0000 14.6965
15.0000 14.7746
15.0000 14.6495
15.0000 15.1921
15.0000 15.1940
15.0000 14.6676
15.0000 13.7949
15.0000 14.5730
15.0000 15.3246
15.0000 14.6799
15.0000 14.5884
15.0000 14.5985
15.0000 15.5473
15.0000 14.9508
15.0000 15.0564
15.0000 15.3454
15.0000 14.8392
15.0000 14.5733
15.0000 15.6513
15.0000 14.7733
15.0000 14.4665
15.0000 15.5288
15.0000 14.8860
15.0000 14.4127
15.0000 15.2700
15.0000 14.8751
15.0000 15.3873
15.0000 15.8204
15.0000 15.1779
15.0000 15.3954
15.0000 14.6568
15.0000 15.6064
15.0000 14.8371
15.0000 15.4966
15.0000 15.2611
15.0000 15.2054
15.0000 16.2859
15.0000 14.3257
15.0000 16.1046
15.0000 15.1569
15.0000 15.3936
15.0000 14.9086
15.0000 15.7921
15.0000 14.6925
15.0000 14.9263
15.0000 16.0666
15.0000 15.6886
15.0000 14.1964
15.0000 15.0655
15.0000 14.6295
15.0000 15.5024
15.0000 15.9083
15.0000 14.5362
15.0000 14.3800
15.0000 14.1737
15.0000 15.4891
15.0000 14.9450
15.0000 15.4491
15.0000 14.5831
15.0000 15.3444
15.0000 15.0109
15.0000 15.0447
15.0000 14.6331
15.0000 15.5631
15.0000 14.5192
15.0000 14.4407
15.0000 15.0017
15.0000 14.8084
15.0000 14.6513
15.0000 14.8361
15.0000 15.4719
15.0000 15.1139
15.0000 15.6263
15.0000 15.0740
15.0000 14.4994
15.0000 14.1971
15.0000 15.1718
15.0000 15.2433
15.0000 14.6891
15.0000 14.8892
15.0000 13.9869
15.0000 13.8209
15.0000 15.3404
15.0000 15.3745
15.0000 14.0919
15.0000 14.4043
15.0000 15.0802
15.0000 15.6321
15.0000 15.2724
15.0000 14.6150
15.0000 15.3146
15.0000 15.3637
15.0000 14.9972
15.0000 16.1383
15.0000 14.9633
15.0000 14.7846
15.0000 13.6969
15.0000 15.0443
15.0000 15.4027
15.0000 14.9255
15.0000 14.1154
15.0000 15.2166
15.0000 14.9992
15.0000 15.2982
15.0000 15.0464
15.0000 15.2194
15.0000 15.5616
15.0000 14.4140
15.0000 14.8548
15.0000 15.0265
15.0000 13.7411
15.0000 14.3965
15.0000 14.9356
15.0000 15.3186
15.0000 15.6921
15.0000 15.0869
15.0000 15.2124
15.0000 15.6563
15.0000 14.2669
15.0000 14.5720
15.0000 15.1122
15.0000 14.0512
15.0000 15.1286
15.0000 15.2332
15.0000 14.8684
15.0000 14.2464
15.0000 15.8361
15.0000 15.1732
15.0000 14.4270
15.0000 14.1670
15.0000 15.2326
15.0000 14.0609
15.0000 15.2586
15.0000 15.3236
15.0000 15.3143
15.0000 15.0161
15.0000 15.3340
15.0000 14.8763
15.0000 15.8726
15.0000 15.0496
15.0000 14.4187
15.0000 14.7600
15.0000 14.6961
15.0000 14.1018
15.0000 14.7474
15.0000 14.1501
15.0000 15.1689
15.0000 15.4752
15.0000 14.3775
15.0000 14.3882
15.0000 15.4220
15.0000 15.1000
15.0000 15.3000
15.0000 13.9748
15.0000 14.5888
15.0000 14.0106
15.0000 13.7929
15.0000 14.6768
15.0000 15.6616
15.0000 15.9847
15.0000 14.2039
15.0000 15.6073
15.0000 14.3140
15.0000 15.0357
15.0000 15.0876
15.0000 14.6716
15.0000 14.6372
15.0000 14.5586
15.0000 14.1665
15.0000 14.8421
15.0000 14.5786
15.0000 15.4518
15.0000 14.0945
15.0000 15.2357
15.0000 14.5651
15.0000 16.0798
15.0000 14.8202
15.0000 13.8248
15.0000 14.8757
15.0000 15.3551
15.0000 14.2209
15.0000 15.4043
15.0000 13.8565
15.0000 15.1513
15.0000 14.9926
15.0000 15.7888
15.0000 14.9446
15.0000 13.4332
15.0000 14.6917
15.0000 15.4454
15.0000 14.7508
15.0000 14.2217
15.0000 14.6979
15.0000 14.7463
15.0000 14.7802
15.0000 14.6669
15.0000 14.9315
15.0000 14.4767
15.0000 15.2381
15.0000 14.5176
15.0000 15.0479
15.0000 15.0164
15.0000 14.2810
15.0000 15.0762
15.0000 15.2369
15.0000 15.6379
15.0000 15.8288
15.0000 15.8681
15.0000 14.8301
15.0000 16.0347
15.0000 15.5213
15.0000 14.8693
15.0000 15.2348
15.0000 15.3224
15.0000 15.0269
15.0000 15.2936
15.0000 15.0551
15.0000 15.0131
15.0000 15.0006
15.0000 15.6077
15.0000 14.1432
15.0000 15.5506
15.0000 14.3766
15.0000 15.7856
15.0000 14.9181
15.0000 16.0887
15.0000 15.3367
15.0000 15.7973
15.0000 15.2103
15.0000 14.4944
15.0000 15.3763
15.0000 14.6535
15.0000 14.7409
15.0000 15.3434
15.0000 15.5307
15.0000 14.5915
15.0000 15.2163
15.0000 15.4481
15.0000 15.5195
15.0000 14.3779
15.0000 13.1364
15.0000 15.0378
15.0000 13.6569
15.0000 15.1894
15.0000 15.6897
15.0000 15.1786
15.0000 14.8229
15.0000 15.1092
15.0000 14.7585
15.0000 14.7792
15.0000 15.0219
15.0000 14.5747
15.0000 15.2257
15.0000 15.2015
15.0000 14.5613
15.0000 15.1482
15.0000 14.0855
15.0000 13.8814
15.0000 15.6666
15.0000 14.7687
15.0000 15.0728
15.0000 15.2028
15.0000 14.4202
15.0000 15.1706
15.0000 15.1733
15.0000 15.0888
15.0000 14.9580
15.0000 14.4212
15.0000 15.5238
15.0000 13.9770
15.0000 14.3525
15.0000 14.1330
15.0000 15.4971
15.0000 14.8373
15.0000 14.8972
15.0000 15.3104
15.0000 15.8847
15.0000 14.3148
15.0000 14.5499
15.0000 14.7016
15.0000 15.1320
15.0000 15.6727
15.0000 14.9703
15.0000 14.9770
15.0000 14.4339
15.0000 15.0589
15.0000 14.9704
15.0000 14.8665
15.0000 15.0237
15.0000 15.1714
15.0000 14.9726
15.0000 14.9677
15.0000 15.7313
15.0000 15.2549
15.0000 13.7762
15.0000 15.5801
15.0000 15.4255
15.0000 14.4039
15.0000 14.2729
15.0000 14.5817
15.0000 14.4053
15.0000 15.8702
15.0000 14.6364
15.0000 14.1834
15.0000 14.1762
15.0000 15.5030
15.0000 14.7781
15.0000 14.5045
15.0000 14.9047
15.0000 14.7033
15.0000 14.9402
15.0000 15.6077
15.0000 14.3377
15.0000 16.1500
15.0000 15.4186
15.0000 14.6449
15.0000 15.1262
15.0000 14.0480
15.0000 15.8244
15.0000 15.5755
15.0000 14.3267
15.0000 15.5977
15.0000 14.2763
15.0000 14.2189
15.0000 15.1056
15.0000 14.7176
15.0000 15.5473
15.0000 14.9813
15.0000 15.1765
15.0000 14.5233
15.0000 15.4257
15.0000 14.6711
15.0000 15.2770
15.0000 15.5110
15.0000 15.5673
15.0000 14.7928
15.0000 15.5276
15.0000 14.4747
15.0000 15.3105
15.0000 15.2948
15.0000 15.1563
15.0000 15.6683
15.0000 15.0166
15.0000 14.3784
15.0000 14.8032
15.0000 16.1530
15.0000 15.1703
15.0000 14.2771
15.0000 14.5398
15.0000 15.2367
15.0000 14.6633
15.0000 14.7376
15.0000 15.5878
15.0000 14.9296
15.0000 14.8214
15.0000 14.9748
15.0000 15.3356
15.0000 14.5107
15.0000 14.8807
15.0000 13.9797
15.0000 14.8696
15.0000 15.1115
15.0000 14.6293
15.0000 14.8756
15.0000 14.4494
15.0000 15.3942
15.0000 15.7129
15.0000 15.2999
15.0000 14.8969
15.0000 14.6697
15.0000 14.7468
15.0000 14.5815
15.0000 14.0959
15.0000 14.7104
15.0000 14.8893
15.0000 14.5967
15.0000 15.5041
15.0000 15.3034
15.0000 15.0694
15.0000 14.7154
15.0000 13.8855
15.0000 15.6258
15.0000 15.9142
15.0000 14.3882
15.0000 14.3604
15.0000 14.6806
15.0000 14.8861
15.0000 16.0601
15.0000 14.6526
15.0000 15.6078
15.0000 15.3529
15.0000 14.8271
15.0000 15.1533
15.0000 15.8297
15.0000 14.5733
15.0000 15.0764
15.0000 15.1186
15.0000 15.1260
15.0000 15.4057
15.0000 14.7303
15.0000 15.4269
15.0000 14.8253
15.0000 14.5226
15.0000 14.9905
15.0000 15.9629
15.0000 14.0792
15.0000 15.4112
15.0000 14.6781
15.0000 14.5187
15.0000 14.8720
15.0000 15.2298
15.0000 14.1991
15.0000 15.5397
15.0000 15.0913
15.0000 15.0722
15.0000 15.0700
15.0000 14.5925
15.0000 15.5562
15.0000 15.8219
15.0000 15.7149
15.0000 14.8547
15.0000 14.9010
15.0000 15.0007
15.0000 14.6513
15.0000 15.4150
15.0000 14.9809
15.0000 15.8978
15.0000 14.7189
15.0000 14.5308
15.0000 14.3047
15.0000 15.1320
15.0000 15.2029
15.0000 15.4132
15.0000 15.5224
15.0000 15.8949
15.0000 14.7646
15.0000 15.5119
15.0000 15.5230
15.0000 14.7850
15.0000 14.7131
15.0000 14.3586
15.0000 15.1127
15.0000 15.1690
15.0000 15.3063
15.0000 14.8236
15.0000 14.4133
15.0000 15.1364
15.0000 14.5893
15.0000 15.1609
15.0000 15.2963
15.0000 15.8079
15.0000 14.9560
15.0000 15.7120
15.0000 14.8578
15.0000 14.0954
15.0000 15.2883
15.0000 14.3200
15.0000 15.2521
15.0000 15.3654
15.0000 14.5992
15.0000 14.4645
15.0000 15.0810
15.0000 13.4033
15.0000 14.7041
15.0000 15.2638
15.0000 15.3132
15.0000 15.6241
15.0000 14.9613
15.0000 14.5404
15.0000 14.3026
15.0000 14.1280
15.0000 14.6695
15.0000 15.0583
15.0000 14.0478
15.0000 14.9623
15.0000 14.7336
15.0000 15.4099
15.0000 15.3659
15.0000 14.8658
15.0000 14.3534
15.0000 14.5920
15.0000 14.8210
15.0000 14.4338
15.0000 14.8458
15.0000 14.8513
15.0000 15.6358
15.0000 14.5576
15.0000 15.4277
15.0000 15.1029
15.0000 14.9385
15.0000 15.6169
15.0000 15.5590
15.0000 15.7842
15.0000 15.0382
15.0000 14.5245
15.0000 15.9707
15.0000 14.5507
15.0000 13.6065
15.0000 15.7085
15.0000 13.9556
15.0000 15.7147
15.0000 14.6807
15.0000 15.1557
15.0000 15.0320
15.0000 14.6694
15.0000 13.7594
15.0000 14.7919
15.0000 14.3503
15.0000 15.9561
15.0000 15.4462
15.0000 14.9098
15.0000 14.6865
15.0000 15.5345
15.0000 16.3076
15.0000 15.2213
15.0000 14.3471
15.0000 14.5593
15.0000 15.1214
15.0000 15.1889
15.0000 14.7526
15.0000 14.7026
15.0000 15.9131
15.0000 15.5418
15.0000 14.4398
15.0000 15.0434
15.0000 14.3172
15.0000 14.6635
15.0000 14.6303
15.0000 15.1490
15.0000 15.5424
15.0000 14.7101
15.0000 15.7572
15.0000 14.2575
15.0000 13.4405
15.0000 14.3692
15.0000 14.7298
15.0000 14.4875
15.0000 15.5165
15.0000 14.8412
15.0000 15.2490
15.0000 15.9167
15.0000 14.8334
15.0000 15.2868
15.0000 15.5486
15.0000 15.5485
15.0000 14.9102
15.0000 14.9531
15.0000 15.0106
15.0000 14.1038
15.0000 14.8769
15.0000 14.4342
15.0000 14.9547
15.0000 14.1368
15.0000 14.3419
15.0000 14.4764
15.0000 14.4875
15.0000 14.9107
15.0000 15.1360
15.0000 14.9333
15.0000 14.8510
15.0000 14.8214
15.0000 14.7369
15.0000 15.1031
15.0000 14.7188
15.0000 14.3372
15.0000 14.5782
15.0000 14.3434
15.0000 14.4557
15.0000 13.8616
15.0000 15.2263
15.0000 15.4497
15.0000 14.8990
15.0000 14.4388
15.0000 15.8407
15.0000 14.2448
15.0000 14.6681
15.0000 15.5474
15.0000 14.6658
15.0000 14.5982
15.0000 14.9821
15.0000 15.2381
15.0000 14.5058
15.0000 14.9828
15.0000 14.7752
15.0000 14.4262
15.0000 14.7832
15.0000 15.0173
15.0000 16.2671
15.0000 13.6004
15.0000 14.6716
15.0000 14.8381
15.0000 14.6297
15.0000 15.0240
15.0000 15.3715
15.0000 15.6996
15.0000 14.7933
15.0000 15.2510
15.0000 15.1950
15.0000 14.8682
15.0000 15.2931
15.0000 15.5200
15.0000 15.1179
15.0000 15.1701
15.0000 15.0435
15.0000 14.2973
15.0000 15.3508
15.0000 15.2794
15.0000 14.4051
15.0000 14.7083
15.0000 13.9254
15.0000 14.8128
15.0000 14.5194
15.0000 15.2267
15.0000 15.1166
15.0000 15.2308
15.0000 13.7912
15.0000 15.0194
15.0000 14.3526
15.0000 14.4832
15.0000 14.8525
15.0000 15.3166
15.0000 14.8948
15.0000 14.4246
15.0000 14.6643
15.0000 14.3304
15.0000 14.9676
15.0000 14.8219
15.0000 15.4615
15.0000 14.3592
15.0000 14.8811
15.0000 15.1724
15.0000 15.1621
15.0000 13.8581
15.0000 14.7562
15.0000 15.4089
15.0000 14.9531
15.0000 14.2023
15.0000 14.5669
15.0000 15.4875
15.0000 15.1665
15.0000 15.4708
15.0000 14.5571
15.0000 14.7624
15.0000 14.2738
15.0000 14.6615
15.0000 14.4016
15.0000 15.1645
15.0000 14.6394
15.0000 14.8060
15.0000 14.4315
15.0000 14.9285
15.0000 15.0308
15.0000 16.1654
15.0000 14.3190
15.0000 15.5768
15.0000 14.8285
15.0000 15.5029
15.0000 14.2276
15.0000 14.6552
15.0000 15.2672
15.0000 15.2796
15.0000 14.6764
15.0000 14.7512
15.0000 15.5626
15.0000 15.5180
15.0000 15.8069
15.0000 15.0937
15.0000 15.6151
15.0000 15.1003
15.0000 14.7146
15.0000 14.9083
15.0000 15.4020
15.0000 15.4236
15.0000 13.9730
15.0000 15.4253
15.0000 14.3272
15.0000 14.6747
15.0000 15.5852
15.0000 15.1895
15.0000 15.0383
15.0000 14.5166
15.0000 15.1517
15.0000 15.1817
15.0000 14.6330
15.0000 15.1005
15.0000 13.6438
15.0000 14.8274
15.0000 14.7404
15.0000 13.8996
15.0000 14.9567
15.0000 14.6671
15.0000 14.9606
15.0000 15.1780
15.0000 15.6417
15.0000 14.7010
15.0000 14.4252
15.0000 14.0277
15.0000 14.7400
15.0000 15.5600
15.0000 15.1123
15.0000 14.6500
15.0000 14.2008
15.0000 14.9781
15.0000 14.7005
15.0000 15.0089
15.0000 14.7470
15.0000 14.2971
15.0000 14.9666
15.0000 14.5867
15.0000 14.7244
15.0000 14.2720
15.0000 15.0404
15.0000 14.6414
15.0000 14.9010
15.0000 15.4545
15.0000 14.4760
15.0000 13.8402
15.0000 15.2724
15.0000 14.9315
15.0000 14.3770
15.0000 14.6450
15.0000 15.1184
15.0000 14.1922
15.0000 14.7940
15.0000 13.4637
15.0000 14.7382
15.0000 15.7869
15.0000 15.1721
15.0000 15.2110
15.0000 15.5990
15.0000 14.5384
15.0000 14.1017
15.0000 15.7088
15.0000 15.3141
15.0000 14.6334
15.0000 15.4520
15.0000 14.2765
15.0000 14.3550
15.0000 14.4679
15.0000 14.8504
15.0000 15.2151
15.0000 15.6569
15.0000 15.3787
15.0000 14.7462
15.0000 14.1156
15.0000 14.9498
15.0000 15.2659
15.0000 14.6917
15.0000 14.8370
15.0000 14.1783
15.0000 14.2118
15.0000 14.9198
15.0000 15.3103
15.0000 15.5417
15.0000 14.8753
15.0000 14.8713
15.0000 15.7231
15.0000 15.2994
15.0000 14.9973
15.0000 14.3267
15.0000 14.9489
15.0000 15.1277
15.0000 14.5712
15.0000 15.4143
15.0000 15.6682
15.0000 14.3768
15.0000 15.7804
15.0000 14.2541
15.0000 15.5104
15.0000 14.6177
15.0000 14.3697
15.0000 14.7218
15.0000 14.5688
15.0000 15.2465
15.0000 14.2225
15.0000 14.3735
15.0000 15.9248
15.0000 15.2941
15.0000 15.0392
15.0000 14.2806
15.0000 14.5099
15.0000 13.8404
15.0000 15.2654
15.0000 14.4083
15.0000 15.2725
15.0000 15.7493
15.0000 14.2841
15.0000 14.8412
15.0000 15.2495
15.0000 15.4436
15.0000 15.4399
15.0000 14.7629
15.0000 14.9642
15.0000 15.0160
15.0000 14.8219
15.0000 13.7276
15.0000 14.8004
15.0000 15.1441
15.0000 14.9097
15.0000 14.5246
15.0000 14.6586
15.0000 15.1796
15.0000 14.3698
15.0000 14.8790
15.0000 14.1587
15.0000 15.2146
15.0000 14.9595
15.0000 14.9597
15.0000 13.8184
15.0000 15.3200
15.0000 14.6168
15.0000 14.5722
15.0000 14.3524
15.0000 14.8690
15.0000 14.7569
15.0000 14.6278
15.0000 14.6348
15.0000 14.7347
15.0000 14.8985
15.0000 14.8736
15.0000 14.4303
15.0000 13.2974
15.0000 15.2272
15.0000 14.7682
15.0000 15.5044
15.0000 14.1781
15.0000 14.6981
15.0000 14.7807
15.0000 14.2080
15.0000 15.4035
15.0000 15.1998
15.0000 14.7380
15.0000 14.4491
15.0000 15.0177
15.0000 14.8945
15.0000 14.5285
15.0000 15.5766
15.0000 15.4798
15.0000 15.5488
15.0000 14.5308
15.0000 14.2192
15.0000 15.7472
15.0000 14.4089
15.0000 14.6568
15.0000 14.5263
15.0000 15.1222
15.0000 14.9266
15.0000 14.7734
15.0000 14.2659
15.0000 13.7492
15.0000 15.5098
15.0000 14.6162
15.0000 14.2005
15.0000 15.3192
15.0000 15.4108
15.0000 15.7940
15.0000 15.2540
15.0000 14.9535
15.0000 14.7495
15.0000 15.4847
15.0000 15.0073
15.0000 14.8537
15.0000 14.1309
15.0000 14.6480
15.0000 15.2515
15.0000 15.9677
15.0000 15.7573
15.0000 15.0772
15.0000 13.3670
15.0000 14.2187
15.0000 14.9526
15.0000 14.7791
15.0000 14.0791
15.0000 15.4680
15.0000 14.2668
15.0000 15.2945
15.0000 14.4859
15.0000 16.0216
15.0000 14.4960
15.0000 15.9105
15.0000 14.4952
15.0000 15.2419
15.0000 14.8261
15.0000 14.2685
15.0000 15.1411
15.0000 15.0962
15.0000 14.8142
15.0000 14.8421
15.0000 14.3994
15.0000 14.6386
15.0000 14.3459
15.0000 13.8815
15.0000 15.7957
15.0000 14.7028
15.0000 15.3403
15.0000 16.5740
15.0000 14.3595
15.0000 15.2513
15.0000 15.1007
15.0000 15.7012
15.0000 16.0849
15.0000 14.5605
15.0000 14.6753
15.0000 15.0590
15.0000 15.0917
15.0000 13.9337
15.0000 15.6395
15.0000 15.1663
15.0000 15.3221
15.0000 13.4883
15.0000 14.8838
15.0000 14.0621
15.0000 15.6698
15.0000 13.8784
15.0000 16.5314
15.0000 15.7034
15.0000 14.7927
15.0000 14.9131
15.0000 14.2360
15.0000 15.1504
15.0000 15.6695
15.0000 14.9846
15.0000 14.6468
15.0000 14.7634
15.0000 14.3377
15.0000 15.5189
15.0000 14.4300
15.0000 15.1180
15.0000 15.3496
15.0000 15.4020
15.0000 14.4289
15.0000 15.3598
15.0000 14.3351
15.0000 15.3887
15.0000 14.0076
15.0000 14.4752
15.0000 14.9493
15.0000 16.0426
15.0000 15.2684
15.0000 16.1861
15.0000 15.2999
15.0000 14.0811
15.0000 15.1998
15.0000 14.3711
15.0000 14.2582
15.0000 14.0159
15.0000 15.1895
15.0000 15.8677
15.0000 14.5158
15.0000 15.1470
15.0000 14.0201
15.0000 14.6697
15.0000 15.1110
15.0000 14.4475
15.0000 15.0002
15.0000 14.1196
15.0000 15.1274
15.0000 14.4501
15.0000 14.9596
15.0000 15.7495
15.0000 14.7300
15.0000 15.5762
15.0000 15.5070
15.0000 15.2276
15.0000 14.7907
15.0000 14.8289
15.0000 15.1586
15.0000 15.2834
15.0000 15.9286
15.0000 15.1140
15.0000 15.2316
15.0000 15.3088
15.0000 14.8367
15.0000 15.1021
15.0000 14.4873
15.0000 14.7409
15.0000 14.6578
15.0000 14.3692
15.0000 15.1224
15.0000 15.6813
15.0000 16.3394
15.0000 15.7332
15.0000 14.6558
15.0000 15.4613
15.0000 14.1104
15.0000 15.5273
15.0000 14.5220
15.0000 14.3961
15.0000 14.7292
15.0000 15.7839
15.0000 15.7309
15.0000 14.9742
15.0000 15.3622
15.0000 14.8824
15.0000 14.5686
15.0000 14.4332
15.0000 14.5976
15.0000 14.4260
15.0000 15.3809
15.0000 13.7297
15.0000 14.8208
15.0000 15.2035
15.0000 14.2070
15.0000 15.8024
15.0000 14.5652
15.0000 14.7029
15.0000 15.9571
15.0000 15.1923
15.0000 15.8892
15.0000 15.2050
15.0000 14.3830
15.0000 15.5236
15.0000 15.4507
15.0000 14.2364
15.0000 15.1452
15.0000 14.7441
15.0000 15.0677
15.0000 15.2225
15.0000 16.0514
15.0000 15.7098
15.0000 14.9610
15.0000 15.6391
15.0000 15.5203
15.0000 14.5971
15.0000 15.1110
15.0000 15.1563
15.0000 14.7653
15.0000 14.1983
15.0000 15.3180
15.0000 14.7990
15.0000 14.6616
15.0000 15.5027
15.0000 15.7559
15.0000 16.5836
15.0000 14.8842
15.0000 14.4187
15.0000 15.1943
15.0000 15.1172
15.0000 14.3336
15.0000 14.7935
15.0000 15.1817
15.0000 14.8031
15.0000 16.0604
15.0000 14.7568
15.0000 15.0228
15.0000 14.8054
15.0000 16.0261
15.0000 14.9472
15.0000 15.1990
15.0000 15.6071
15.0000 14.3610
15.0000 14.4452
15.0000 15.7734
15.0000 14.8331
15.0000 15.2763
15.0000 14.5117
15.0000 14.8013
15.0000 14.6720
15.0000 14.3975
15.0000 15.4584
15.0000 14.6719
15.0000 15.6966
15.0000 15.1105
15.0000 15.0593
15.0000 15.0381
15.0000 14.9445
15.0000 15.3548
15.0000 15.3094
15.0000 15.8395
15.0000 14.8610
15.0000 15.9325
15.0000 14.3968
15.0000 14.0384
15.0000 15.4555
15.0000 15.6720
15.0000 14.9668
15.0000 14.7032
15.0000 15.2546
15.0000 14.5378
15.0000 15.2210
15.0000 14.9335
15.0000 15.0150
15.0000 15.0620
15.0000 14.9833
15.0000 15.3612
15.0000 14.5551
15.0000 15.4796
15.0000 15.5107
15.0000 15.1889
15.0000 14.8375
15.0000 15.3255
15.0000 14.4225
15.0000 14.6099
15.0000 15.3472
15.0000 15.0940
15.0000 15.7040
15.0000 14.7294
15.0000 15.0667
15.0000 16.0521
15.0000 14.0015
15.0000 15.4214
15.0000 15.7689
15.0000 15.1164
15.0000 15.4130
15.0000 15.4096
15.0000 14.8731
15.0000 15.2960
15.0000 15.7000
15.0000 14.0482
15.0000 14.6499
15.0000 15.0321
15.0000 15.4941
15.0000 14.4625
15.0000 15.2289
15.0000 15.6554
15.0000 14.2108
15.0000 14.9210
15.0000 14.4009
15.0000 14.5606
15.0000 15.2515
15.0000 14.7522
15.0000 15.6922
15.0000 15.0191
15.0000 14.3296
15.0000 14.9808
15.0000 15.4568
15.0000 14.7444
15.0000 14.9717
15.0000 14.8486
15.0000 15.3845
15.0000 14.4983
15.0000 14.8398
15.0000 15.0136
15.0000 14.5937
15.0000 14.1778
15.0000 15.9424
15.0000 15.4731
15.0000 15.6828
15.0000 14.8880
15.0000 14.5111
15.0000 14.1375
15.0000 14.6312
15.0000 14.4393
15.0000 15.2339
15.0000 14.8213
15.0000 14.8085
15.0000 15.0615
15.0000 14.3083
15.0000 14.4239
15.0000 16.2098
15.0000 15.0523
15.0000 14.3305
15.0000 16.0142
15.0000 14.5193
15.0000 15.3469
15.0000 15.2082
15.0000 14.6688
15.0000 15.2878
15.0000 15.6384
15.0000 15.3571
15.0000 14.7191
15.0000 14.6498
15.0000 15.3367
15.0000 14.6351
15.0000 14.5590
15.0000 15.2562
15.0000 15.3520
15.0000 14.0588
15.0000 15.0824
15.0000 15.1323
15.0000 15.1818
15.0000 14.9961
15.0000 14.8458
15.0000 15.4613
15.0000 14.8940
15.0000 15.7091
15.0000 14.8549
15.0000 15.4266
15.0000 13.9858
15.0000 14.7611
15.0000 15.0474
15.0000 15.2232
15.0000 14.7728
15.0000 15.7575
15.0000 14.4881
15.0000 15.0179
15.0000 15.0246
15.0000 15.4305
15.0000 14.8094
15.0000 14.6736
15.0000 14.2427
15.0000 15.6261
15.0000 15.4604
15.0000 14.6572
15.0000 13.7503
15.0000 14.0105
15.0000 15.3828
15.0000 15.3800
15.0000 15.4180
15.0000 14.3289
15.0000 15.1818
15.0000 14.6404
15.0000 14.8401
15.0000 15.1142
15.0000 14.4806
15.0000 15.4192
15.0000 15.0818
15.0000 14.6077
15.0000 14.3516
15.0000 15.7336
15.0000 15.1799
15.0000 15.4305
15.0000 15.0209
15.0000 13.5971
15.0000 15.3367
15.0000 16.4136
15.0000 15.2575
15.0000 14.5987
15.0000 15.3275
15.0000 14.1383
15.0000 15.3025
15.0000 14.9290
15.0000 14.2743
15.0000 13.8808
15.0000 14.5863
15.0000 14.8868
15.0000 14.7681
15.0000 14.3408
15.0000 15.3425
15.0000 14.7962
15.0000 14.5575
15.0000 14.6455
15.0000 15.6581
15.0000 15.0705
15.0000 15.2725
15.0000 15.0360
15.0000 15.6378
15.0000 15.3598
15.0000 15.6856
15.0000 15.4099
15.0000 14.9204
15.0000 15.0423
15.0000 15.9639
15.0000 15.0042
15.0000 15.2382
15.0000 14.8159
15.0000 14.7650
15.0000 14.7681
15.0000 15.3422
15.0000 15.0360
15.0000 15.2113
15.0000 15.1427
15.0000 13.4963
15.0000 14.4059
15.0000 15.8778
15.0000 15.3265
15.0000 14.9519
15.0000 15.4531
15.0000 14.8992
15.0000 15.3210
15.0000 15.4861
15.0000 15.7804
15.0000 14.4945
15.0000 15.1295
15.0000 15.0428
15.0000 14.7943
15.0000 15.0172
15.0000 14.8232
15.0000 15.0194
15.0000 14.3087
15.0000 14.3982
15.0000 15.2060
15.0000 14.5027
15.0000 14.8557
15.0000 14.4344
15.0000 13.7989
15.0000 14.4852
15.0000 14.8915
15.0000 15.9059
15.0000 14.8032
15.0000 15.3494
15.0000 15.4876
15.0000 14.4693
15.0000 14.7901
15.0000 16.1209
15.0000 14.9459
15.0000 15.6235
15.0000 14.8691
15.0000 15.2187
15.0000 14.2346
15.0000 15.6177
15.0000 15.7258
15.0000 14.3442
15.0000 14.8103
15.0000 14.5515
15.0000 15.4058
15.0000 14.8478
15.0000 15.2222
15.0000 13.9975
15.0000 14.4776
15.0000 15.2639
15.0000 14.9064
15.0000 14.3330
15.0000 15.4142
15.0000 15.6076
15.0000 15.3792
15.0000 15.1091
15.0000 15.4496
15.0000 15.3413
15.0000 14.4903
15.0000 14.7643
15.0000 14.8260
15.0000 14.4745
15.0000 15.0791
15.0000 14.0512
15.0000 14.2653
15.0000 14.5300
15.0000 14.8576
15.0000 15.4140
15.0000 15.4876
15.0000 14.4212
15.0000 14.9216
15.0000 15.5022
15.0000 15.4585
15.0000 14.7473
15.0000 14.7458
15.0000 14.6533
15.0000 14.9670
15.0000 14.7424
15.0000 14.9840
15.0000 15.0285
15.0000 14.5020
15.0000 15.3048
15.0000 14.6373
15.0000 14.7640
15.0000 15.1544
15.0000 14.9526
15.0000 14.8739
15.0000 14.9735
15.0000 16.1606
15.0000 15.9108
15.0000 14.7075
15.0000 14.7535
15.0000 14.3155
15.0000 15.2702
15.0000 14.9032
15.0000 15.0800
15.0000 14.1622
15.0000 15.0286
15.0000 14.8443
15.0000 13.2682
15.0000 15.5153
15.0000 15.0192
15.0000 14.7988
15.0000 15.8075
15.0000 15.2706
15.0000 15.0375
15.0000 14.5574
15.0000 15.2193
15.0000 15.3440
15.0000 15.0610
15.0000 14.8226
15.0000 15.3472
15.0000 16.3104
15.0000 14.7132
15.0000 14.8714
15.0000 13.9268
15.0000 15.1053
15.0000 14.9563
15.0000 14.6470
15.0000 15.0935
15.0000 15.3170
15.0000 14.9566
15.0000 15.4879
15.0000 14.7451
15.0000 15.3104
15.0000 15.5843
15.0000 15.1845
15.0000 14.5644
15.0000 14.0154
15.0000 14.8246
15.0000 14.6761
15.0000 15.3338
15.0000 14.8310
15.0000 15.9318
15.0000 14.6983
15.0000 14.1623
15.0000 14.9704
15.0000 15.0567
15.0000 14.2962
15.0000 15.3748
15.0000 14.5186
15.0000 15.8394
15.0000 14.9005
15.0000 14.8294
15.0000 14.8866
15.0000 15.4995
15.0000 15.2660
15.0000 14.5313
15.0000 14.1127
15.0000 14.1254
15.0000 14.6196
15.0000 15.4377
15.0000 14.6673
15.0000 15.6452
15.0000 14.1907
15.0000 14.9928
15.0000 15.2954
15.0000 14.8754
15.0000 15.1459
15.0000 15.1610
15.0000 15.2534
15.0000 15.8273
15.0000 15.5994
15.0000 14.2776
15.0000 14.9051
15.0000 15.2008
15.0000 15.2494
15.0000 15.0671
15.0000 15.8196
15.0000 14.8109
15.0000 15.1097
15.0000 14.8866
15.0000 15.0062
15.0000 15.1356
15.0000 14.6121
15.0000 15.4111
15.0000 15.4185
15.0000 15.4188
15.0000 14.2263
15.0000 14.9889
15.0000 15.6432
15.0000 16.1672
15.0000 15.5867
15.0000 15.0745
15.0000 14.8461
15.0000 14.6418
15.0000 15.7423
15.0000 14.2157
15.0000 14.6337
15.0000 14.2350
15.0000 14.4922
15.0000 15.7428
15.0000 14.5301
15.0000 14.9191
15.0000 15.2788
15.0000 15.5517
15.0000 13.8804
15.0000 14.3464
15.0000 14.0467
15.0000 14.5920
15.0000 15.2202
15.0000 14.8804
15.0000 15.5962
15.0000 15.8384
15.0000 15.1193
15.0000 15.6524
15.0000 14.4991
15.0000 14.7225
15.0000 15.5028
15.0000 14.7986
15.0000 15.4891
15.0000 15.6036
15.0000 15.0144
15.0000 14.7512
15.0000 14.5120
15.0000 13.7753
15.0000 14.7988
15.0000 14.0421
15.0000 15.4560
15.0000 13.4878
15.0000 14.2347
15.0000 16.2202
15.0000 15.5734
15.0000 14.4253
15.0000 15.4938
15.0000 15.5942
15.0000 15.4723
15.0000 14.8297
15.0000 15.3511
15.0000 14.3381
15.0000 15.1678
15.0000 14.7101
15.0000 15.9362
15.0000 15.9641
15.0000 14.4743
15.0000 14.1671
15.0000 14.5394
15.0000 14.5142
15.0000 15.2447
15.0000 15.5452
15.0000 15.3199
15.0000 15.3840
15.0000 14.5931
15.0000 15.3200
15.0000 15.4822
15.0000 14.8872
15.0000 15.5774
15.0000 15.7048
15.0000 15.5255
15.0000 15.1213
15.0000 14.5896
15.0000 15.9865
15.0000 15.2815
15.0000 15.4219
15.0000 15.6606
15.0000 14.9319
15.0000 14.3505
15.0000 13.9772
15.0000 15.3468
15.0000 14.7027
15.0000 13.6981
15.0000 15.3387
15.0000 15.0790
15.0000 15.3750
15.0000 14.8697
15.0000 15.8045
15.0000 14.8145
15.0000 15.8180
15.0000 15.8130
15.0000 15.1469
15.0000 15.0804
15.0000 15.0295
15.0000 15.6047
15.0000 13.9905
15.0000 15.4724
15.0000 15.1332
15.0000 14.6788
15.0000 14.0497
15.0000 13.7266
15.0000 14.9191
15.0000 14.6442
15.0000 14.9151
15.0000 14.8448
15.0000 14.0017
15.0000 14.4862
15.0000 14.9340
15.0000 14.4173
15.0000 15.2331
15.0000 14.6993
15.0000 14.8610
15.0000 14.9711
15.0000 15.2463
15.0000 14.6049
15.0000 13.9821
15.0000 14.9568
15.0000 15.7319
15.0000 14.4194
15.0000 15.1488
15.0000 14.7540
15.0000 15.5800
15.0000 15.2991
15.0000 15.5694
15.0000 14.8622
15.0000 14.4515
15.0000 14.0110
15.0000 14.3224
15.0000 15.2496
15.0000 16.5663
15.0000 15.0630
15.0000 15.0056
15.0000 14.2391
15.0000 15.4443
15.0000 15.0388
15.0000 15.2414
15.0000 14.4269
15.0000 15.0306
15.0000 14.4943
15.0000 15.7222
15.0000 15.0161
15.0000 15.2769
15.0000 15.3480
15.0000 14.6281
15.0000 15.2721
15.0000 14.8893
15.0000 14.6351
15.0000 14.4516
15.0000 14.9664
15.0000 15.7289
15.0000 15.5789
15.0000 14.4481
15.0000 15.9917
15.0000 15.2041
15.0000 15.7583
15.0000 14.4645
15.0000 15.2210
15.0000 15.0621
15.0000 14.5670
15.0000 15.2780
15.0000 14.6624
15.0000 14.7273
15.0000 14.3353
15.0000 14.3340
15.0000 14.7743
15.0000 14.7963
15.0000 14.9288
15.0000 15.9833
15.0000 14.0584
15.0000 15.0405
15.0000 15.2919
15.0000 15.1038
15.0000 14.1232
15.0000 15.3679
15.0000 15.9467
15.0000 15.3474
15.0000 15.2528
15.0000 14.9727
15.0000 15.6536
15.0000 14.5751
15.0000 15.8974
15.0000 14.9497
15.0000 15.1929
15.0000 15.0624
15.0000 14.1905
15.0000 15.3102
15.0000 13.6159
15.0000 14.9841
15.0000 14.0240
15.0000 14.9066
15.0000 14.9403
15.0000 15.1754
15.0000 15.0479
15.0000 13.8078
15.0000 14.6922
15.0000 14.9958
15.0000 14.7297
15.0000 14.2163
15.0000 15.0380
15.0000 15.7245
15.0000 14.1363
15.0000 15.0267
15.0000 14.8615
15.0000 15.8055
15.0000 14.4719
15.0000 15.3690
15.0000 14.5685
15.0000 14.3451
15.0000 15.3793
15.0000 15.4228
