18.0000 16.8997
18.0000 17.6752
18.0000 17.6458
18.0000 17.3783
18.0000 18.5567
18.0000 17.7706
18.0000 17.8238
18.0000 17.5616
18.0000 17.0024
18.0000 17.4545
18.0000 17.3134
18.0000 17.2914
18.0000 18.5336
18.0000 17.3405
18.0000 18.3934
18.0000 17.7873
18.0000 17.0230
18.0000 18.2979
18.0000 17.1775
18.0000 17.6551
18.0000 18.3464
18.0000 16.9072
18.0000 17.8639
18.0000 16.6313
18.0000 17.9667
18.0000 17.9554
18.0000 17.4887
18.0000 17.3650
18.0000 18.4358
18.0000 18.1400
18.0000 17.2175
18.0000 18.1444
18.0000 18.0717
18.0000 16.9432
18.0000 17.9611
18.0000 17.6363
18.0000 17.0747
18.0000 16.9107
18.0000 17.9718
18.0000 17.8889
18.0000 17.4956
18.0000 17.9482
18.0000 17.5181
18.0000 17.7938
18.0000 17.6642
18.0000 17.6317
18.0000 17.8354
18.0000 17.7292
18.0000 18.3833
18.0000 17.8806
18.0000 18.1183
18.0000 17.1300
18.0000 17.5066
18.0000 18.2054
18.0000 18.5113
18.0000 17.5449
18.0000 18.8351
18.0000 17.7409
18.0000 18.0574
18.0000 18.3588
18.0000 17.8392
18.0000 17.5806
18.0000 17.9564
18.0000 18.3368
18.0000 17.5916
18.0000 18.3968
18.0000 18.1867
18.0000 17.6551
18.0000 18.4327
18.0000 17.8317
18.0000 17.6862
18.0000 17.8380
18.0000 16.7405
18.0000 16.9702
18.0000 18.2454
18.0000 17.1919
18.0000 17.8455
18.0000 18.3651
18.0000 18.1369
18.0000 17.3837
18.0000 16.9790
18.0000 17.8680
18.0000 18.0694
18.0000 17.7591
18.0000 17.3961
18.0000 17.2724
18.0000 17.9643
18.0000 17.2252
18.0000 18.0428
18.0000 18.2632
18.0000 18.6309
18.0000 18.7814
18.0000 17.0734
18.0000 17.4058
18.0000 18.0255
18.0000 18.0344
18.0000 17.8628
18.0000 18.7202
18.0000 17.2903
18.0000 17.8137
18.0000 17.6714
18.0000 17.1416
18.0000 17.3960
18.0000 17.1550
18.0000 17.7297
18.0000 17.2853
18.0000 17.8954
18.0000 17.1356
18.0000 17.4300
18.0000 17.5006
18.0000 18.6654
18.0000 17.7617
18.0000 16.9636
18.0000 17.9728
18.0000 17.3697
18.0000 18.7557
18.0000 17.5499
18.0000 17.3426
18.0000 17.8250
18.0000 18.0787
18.0000 17.8611
18.0000 18.3038
18.0000 17.1665
18.0000 17.0313
18.0000 17.8964
18.0000 17.0101
18.0000 18.4134
18.0000 18.1882
18.0000 17.6626
18.0000 18.5535
18.0000 17.5523
18.0000 17.5839
18.0000 18.9456
18.0000 18.8143
18.0000 18.0699
18.0000 18.2038
18.0000 17.1641
18.0000 16.7543
18.0000 18.1116
18.0000 17.8882
18.0000 16.8794
18.0000 17.7597
18.0000 17.6896
18.0000 17.9678
18.0000 17.0727
18.0000 18.1559
18.0000 17.6368
18.0000 16.7895
18.0000 18.3247
18.0000 17.4347
18.0000 18.5592
18.0000 17.6806
18.0000 17.5511
18.0000 17.2875
18.0000 17.7322
18.0000 18.9029
18.0000 18.0004
18.0000 18.0858
18.0000 18.2588
18.0000 17.1840
18.0000 17.6400
18.0000 17.5014
18.0000 17.7286
18.0000 18.3492
18.0000 17.2953
18.0000 17.6586
18.0000 16.5619
18.0000 17.3915
18.0000 17.2361
18.0000 17.2535
18.0000 17.0712
18.0000 17.7601
18.0000 17.3724
18.0000 17.2795
18.0000 17.5576
18.0000 17.8957
18.0000 18.1601
18.0000 17.6674
18.0000 17.5947
18.0000 17.1734
18.0000 17.1902
18.0000 18.3112
18.0000 18.0433
18.0000 17.7834
18.0000 17.8748
18.0000 17.9566
18.0000 17.5034
18.0000 18.8556
18.0000 18.1473
18.0000 18.8161
18.0000 18.4680
18.0000 18.3042
18.0000 17.6069
18.0000 17.5997
18.0000 18.3813
18.0000 17.9198
18.0000 17.3500
18.0000 18.0262
18.0000 17.1763
18.0000 17.6730
18.0000 18.2221
18.0000 19.0092
18.0000 17.5262
18.0000 17.6401
18.0000 17.9537
18.0000 18.5754
18.0000 17.4979
18.0000 17.5437
18.0000 17.6018
18.0000 17.4318
18.0000 18.3301
18.0000 17.9416
18.0000 18.0442
18.0000 18.3477
18.0000 18.3965
18.0000 18.0382
18.0000 17.5857
18.0000 18.2758
18.0000 18.4820
18.0000 18.4369
18.0000 17.4283
18.0000 16.9290
18.0000 17.8911
18.0000 17.8415
18.0000 17.5725
18.0000 17.2919
18.0000 18.3330
18.0000 17.8532
18.0000 17.7597
18.0000 18.6049
18.0000 17.9229
18.0000 17.7064
18.0000 17.7727
18.0000 17.9180
18.0000 17.0006
18.0000 17.7486
18.0000 18.0560
18.0000 18.4361
18.0000 18.0585
18.0000 18.4537
18.0000 17.4508
18.0000 17.5867
18.0000 18.2649
18.0000 17.9826
18.0000 17.5240
18.0000 17.3289
18.0000 18.1667
18.0000 17.6493
18.0000 18.4825
18.0000 17.6908
18.0000 18.9023
18.0000 17.8418
18.0000 16.9369
18.0000 18.2505
18.0000 17.7693
18.0000 17.8354
18.0000 17.9350
18.0000 17.7964
18.0000 17.6202
18.0000 17.5946
18.0000 17.9953
18.0000 18.1033
18.0000 19.2957
18.0000 18.1894
18.0000 17.7456
18.0000 17.5450
18.0000 17.4689
18.0000 16.7957
18.0000 16.8975
18.0000 17.6942
18.0000 19.0262
18.0000 18.0789
18.0000 18.0524
18.0000 18.3411
18.0000 18.2496
18.0000 17.8979
18.0000 17.8962
18.0000 17.7889
18.0000 17.1702
18.0000 17.0327
18.0000 18.2725
18.0000 17.7981
18.0000 17.4238
18.0000 18.1941
18.0000 18.5423
18.0000 18.4535
18.0000 16.6055
18.0000 18.3343
18.0000 17.0144
18.0000 16.5500
18.0000 17.9953
18.0000 17.3590
18.0000 18.6553
18.0000 17.5127
18.0000 17.4029
18.0000 17.7972
18.0000 17.7869
18.0000 17.2244
18.0000 17.5799
18.0000 17.4247
18.0000 18.4358
18.0000 18.0808
18.0000 18.1727
18.0000 17.8971
18.0000 18.3525
18.0000 18.4311
18.0000 18.4162
18.0000 16.5140
18.0000 17.2034
18.0000 17.9611
18.0000 17.1291
18.0000 17.5716
18.0000 18.1789
18.0000 16.5472
18.0000 17.2260
18.0000 18.1985
18.0000 17.6709
18.0000 17.7743
18.0000 17.5100
18.0000 17.1621
18.0000 17.5019
18.0000 17.3787
18.0000 17.8469
18.0000 18.2589
18.0000 17.4750
18.0000 17.2766
18.0000 19.3752
18.0000 16.7636
18.0000 18.6393
18.0000 16.9989
18.0000 17.4789
18.0000 18.3324
18.0000 16.9525
18.0000 16.7249
18.0000 18.9186
18.0000 18.1169
18.0000 16.5993
18.0000 17.6397
18.0000 18.1413
18.0000 18.2846
18.0000 17.5923
18.0000 17.1782
18.0000 18.2488
18.0000 17.2270
18.0000 18.4985
18.0000 17.2449
18.0000 17.2368
18.0000 17.6311
18.0000 17.8837
18.0000 17.2684
18.0000 17.4814
18.0000 18.6023
18.0000 16.9325
18.0000 17.7450
18.0000 17.9511
18.0000 17.9004
18.0000 17.0507
18.0000 17.9345
18.0000 18.4577
18.0000 17.2221
18.0000 17.8225
18.0000 17.4485
18.0000 17.4364
18.0000 17.6360
18.0000 17.5869
18.0000 17.2690
18.0000 17.5874
18.0000 17.0553
18.0000 18.2513
18.0000 18.2734
18.0000 17.7070
18.0000 17.3374
18.0000 17.8128
18.0000 17.8028
18.0000 17.7961
18.0000 18.1577
18.0000 17.8034
18.0000 18.1179
18.0000 19.3654
18.0000 17.0281
18.0000 17.1791
18.0000 17.6097
18.0000 18.0195
18.0000 17.5253
18.0000 18.1619
18.0000 17.0056
18.0000 18.4415
18.0000 18.4370
18.0000 18.3260
18.0000 18.4138
18.0000 18.1631
18.0000 18.9567
18.0000 18.4249
18.0000 18.2014
18.0000 17.1869
18.0000 18.0034
18.0000 18.4514
18.0000 17.7299
18.0000 17.8175
18.0000 17.8606
18.0000 18.0826
18.0000 18.2109
18.0000 17.6973
18.0000 17.6839
18.0000 17.5855
18.0000 18.0304
18.0000 18.4981
18.0000 18.1280
18.0000 18.3974
18.0000 16.6814
18.0000 17.2524
18.0000 18.2025
18.0000 17.7416
18.0000 18.1025
18.0000 17.4869
18.0000 17.6632
18.0000 18.2918
18.0000 18.1174
18.0000 18.6638
18.0000 17.5022
18.0000 16.9192
18.0000 17.2633
18.0000 18.1016
18.0000 16.8907
18.0000 16.9173
18.0000 17.4721
18.0000 17.2917
18.0000 18.1358
18.0000 17.7826
18.0000 18.4977
18.0000 17.6739
18.0000 17.6575
18.0000 17.5132
18.0000 17.6003
18.0000 17.2321
18.0000 18.3801
18.0000 17.4303
18.0000 17.8078
18.0000 17.4747
18.0000 17.8195
18.0000 17.9734
18.0000 16.7549
18.0000 17.9245
18.0000 17.7355
18.0000 18.1935
18.0000 18.1314
18.0000 17.7045
18.0000 17.5085
18.0000 16.7679
18.0000 18.3584
18.0000 17.3871
18.0000 18.4504
18.0000 17.6530
18.0000 17.5544
18.0000 18.1605
18.0000 16.5874
18.0000 17.3261
18.0000 18.5601
18.0000 16.6815
18.0000 18.4398
18.0000 18.3503
18.0000 17.5408
18.0000 17.1049
18.0000 17.5490
18.0000 17.8969
18.0000 18.3917
18.0000 17.3717
18.0000 17.6628
18.0000 17.6537
18.0000 17.6134
18.0000 18.1015
18.0000 17.8162
18.0000 18.2092
18.0000 17.5360
18.0000 18.3545
18.0000 17.7268
18.0000 17.7268
18.0000 17.8708
18.0000 17.3762
18.0000 17.7224
18.0000 18.3860
18.0000 16.6511
18.0000 17.2265
18.0000 16.9764
18.0000 17.9202
18.0000 17.6280
18.0000 16.5856
18.0000 17.4753
18.0000 18.3728
18.0000 17.3595
18.0000 18.4451
18.0000 17.8242
18.0000 18.6796
18.0000 16.9856
18.0000 17.8828
18.0000 18.4742
18.0000 17.7062
18.0000 17.6132
18.0000 17.3650
18.0000 17.7494
18.0000 17.7509
18.0000 17.6391
18.0000 17.4446
18.0000 17.6415
18.0000 17.8004
18.0000 18.0161
18.0000 18.1570
18.0000 17.8276
18.0000 17.8647
18.0000 17.8093
18.0000 17.2925
18.0000 19.0277
18.0000 17.4199
18.0000 18.2852
18.0000 17.5395
18.0000 16.9767
18.0000 17.3906
18.0000 17.8411
18.0000 17.7325
18.0000 17.8924
18.0000 17.5332
18.0000 17.3015
18.0000 17.0100
18.0000 17.4314
18.0000 17.8478
18.0000 17.0666
18.0000 17.7867
18.0000 18.2863
18.0000 18.3017
18.0000 17.5898
18.0000 18.6954
18.0000 17.3390
18.0000 17.6722
18.0000 17.6948
18.0000 18.1894
18.0000 17.9618
18.0000 17.0957
18.0000 17.7656
18.0000 18.1204
18.0000 17.7890
18.0000 18.6030
18.0000 17.2772
18.0000 18.3921
18.0000 17.4430
18.0000 18.1556
18.0000 16.5947
18.0000 19.2272
18.0000 17.7707
18.0000 17.9939
18.0000 17.3431
18.0000 17.0671
18.0000 16.6695
18.0000 17.3448
18.0000 18.1773
18.0000 17.6173
18.0000 17.2168
18.0000 17.5799
18.0000 17.4876
18.0000 18.9608
18.0000 17.6994
18.0000 17.4033
18.0000 17.4712
18.0000 18.4321
18.0000 17.9774
18.0000 18.0814
18.0000 17.9310
18.0000 18.2278
18.0000 17.7001
18.0000 18.0608
18.0000 17.5905
18.0000 17.5097
18.0000 17.4234
18.0000 16.7942
18.0000 17.0667
18.0000 18.0375
18.0000 17.6933
18.0000 18.1455
18.0000 17.4485
18.0000 16.8479
18.0000 17.4185
18.0000 16.2205
18.0000 17.6789
18.0000 18.7096
18.0000 18.0964
18.0000 17.1331
18.0000 17.9964
18.0000 18.1027
18.0000 18.7987
18.0000 18.1321
18.0000 16.5187
18.0000 17.2993
18.0000 17.4905
18.0000 17.1371
18.0000 17.5033
18.0000 17.4632
18.0000 17.1119
18.0000 18.0172
18.0000 17.3346
18.0000 17.3370
18.0000 18.3166
18.0000 17.4721
18.0000 17.3682
18.0000 17.7055
18.0000 16.7456
18.0000 17.9420
18.0000 18.0641
18.0000 17.9423
18.0000 16.8285
18.0000 17.6844
18.0000 18.2501
18.0000 16.6969
18.0000 18.1128
18.0000 17.9603
18.0000 17.9824
18.0000 19.1842
18.0000 17.1548
18.0000 16.9049
18.0000 17.1615
18.0000 17.8803
18.0000 18.1712
18.0000 17.8007
18.0000 18.0617
18.0000 17.7563
18.0000 17.3025
18.0000 17.5953
18.0000 17.6059
18.0000 17.1548
18.0000 18.1716
18.0000 17.9862
18.0000 17.2406
18.0000 18.1085
18.0000 17.7820
18.0000 17.1862
18.0000 18.0420
18.0000 17.5976
18.0000 17.9912
18.0000 18.8271
18.0000 17.7770
18.0000 17.5965
18.0000 17.6854
18.0000 17.8385
18.0000 18.3446
18.0000 18.3162
18.0000 16.9646
18.0000 17.8077
18.0000 17.4656
18.0000 17.4819
18.0000 18.2575
18.0000 17.8419
18.0000 18.4862
18.0000 18.0815
18.0000 16.6835
18.0000 17.9407
18.0000 17.8365
18.0000 17.6657
18.0000 18.2891
18.0000 17.7387
18.0000 17.0138
18.0000 17.5588
18.0000 18.2580
18.0000 16.9640
18.0000 17.8293
18.0000 17.8383
18.0000 17.5181
18.0000 17.5584
18.0000 17.4975
18.0000 17.9337
18.0000 17.9550
18.0000 18.2743
18.0000 18.4392
18.0000 17.9823
18.0000 17.6391
18.0000 17.3152
18.0000 17.9647
18.0000 18.1495
18.0000 17.6584
18.0000 17.2334
18.0000 18.1617
18.0000 18.2977
18.0000 18.5450
18.0000 17.1162
18.0000 18.2273
18.0000 17.5539
18.0000 17.6585
18.0000 18.1960
18.0000 17.4546
18.0000 17.5602
18.0000 18.2745
18.0000 18.3789
18.0000 17.2526
18.0000 17.0242
18.0000 17.8050
18.0000 17.1473
18.0000 17.5869
18.0000 16.6060
18.0000 18.3917
18.0000 17.7211
18.0000 17.6770
18.0000 17.8771
18.0000 16.7519
18.0000 17.6048
18.0000 18.1367
18.0000 16.9656
18.0000 17.3209
18.0000 17.5564
18.0000 17.4282
18.0000 17.8047
18.0000 17.9187
18.0000 17.4363
18.0000 18.0465
18.0000 17.8866
18.0000 17.9929
18.0000 18.6370
18.0000 16.8996
18.0000 17.8770
18.0000 17.4343
18.0000 17.7945
18.0000 17.8898
18.0000 17.5906
18.0000 16.7129
18.0000 16.7737
18.0000 17.7175
18.0000 18.6927
18.0000 17.3218
18.0000 17.8121
18.0000 18.1298
18.0000 17.9734
18.0000 17.9847
18.0000 17.3196
18.0000 16.9083
18.0000 18.2373
18.0000 17.3655
18.0000 17.4313
18.0000 17.5510
18.0000 18.1472
18.0000 18.1286
18.0000 17.7479
18.0000 17.1994
18.0000 19.0372
18.0000 17.4194
18.0000 17.9398
18.0000 17.7152
18.0000 17.2358
18.0000 18.2129
18.0000 17.8039
18.0000 17.5991
18.0000 16.6137
18.0000 18.0564
18.0000 18.0663
18.0000 17.2810
18.0000 17.4041
18.0000 17.6364
18.0000 17.2144
18.0000 17.6707
18.0000 18.2818
18.0000 18.1454
18.0000 18.2435
18.0000 16.9986
18.0000 18.0902
18.0000 16.7458
18.0000 18.1600
18.0000 18.8672
18.0000 18.0472
18.0000 18.0864
18.0000 17.9531
18.0000 17.9975
18.0000 16.6213
18.0000 18.3775
18.0000 17.5422
18.0000 17.5937
18.0000 18.1068
18.0000 17.2399
18.0000 17.5780
18.0000 17.4598
18.0000 17.2589
18.0000 17.1903
18.0000 18.1701
18.0000 17.5973
18.0000 17.9989
18.0000 17.4717
18.0000 18.1113
18.0000 18.7654
18.0000 17.4405
18.0000 18.2447
18.0000 17.5591
18.0000 18.7556
18.0000 18.1030
18.0000 18.7597
18.0000 17.3558
18.0000 17.7967
18.0000 17.2401
18.0000 16.7904
18.0000 18.0775
18.0000 16.9990
18.0000 18.0757
18.0000 17.6460
18.0000 17.1550
18.0000 17.7164
18.0000 17.4242
18.0000 18.4170
18.0000 17.7478
18.0000 17.6910
18.0000 17.4612
18.0000 18.1937
18.0000 17.0693
18.0000 17.5264
18.0000 18.2690
18.0000 18.1593
18.0000 17.7317
18.0000 17.7907
18.0000 18.2740
18.0000 17.6072
18.0000 18.4904
18.0000 16.4921
18.0000 16.9010
18.0000 18.3608
18.0000 17.2785
18.0000 17.1792
18.0000 17.2289
18.0000 17.5631
18.0000 17.5496
18.0000 18.0030
18.0000 17.9203
18.0000 18.4034
18.0000 18.1954
18.0000 18.4258
18.0000 17.7521
18.0000 16.8907
18.0000 18.1858
18.0000 17.8821
18.0000 18.4023
18.0000 17.3802
18.0000 17.4148
18.0000 17.8457
18.0000 16.9320
18.0000 18.6688
18.0000 16.8421
18.0000 18.2870
18.0000 17.5678
18.0000 17.0300
18.0000 16.9723
18.0000 18.6034
18.0000 17.8489
18.0000 17.6896
18.0000 17.5023
18.0000 17.8655
18.0000 17.4503
18.0000 17.6120
18.0000 17.8464
18.0000 17.5217
18.0000 18.1571
18.0000 18.0400
18.0000 17.9358
18.0000 17.5610
18.0000 17.4393
18.0000 17.1508
18.0000 18.0509
18.0000 17.1633
18.0000 18.3579
18.0000 17.7100
18.0000 17.4289
18.0000 17.4708
18.0000 17.8696
18.0000 17.7629
18.0000 18.5560
18.0000 17.6227
18.0000 18.2439
18.0000 17.1556
18.0000 18.0524
18.0000 18.7023
18.0000 17.8921
18.0000 17.3687
18.0000 17.3811
18.0000 18.3411
18.0000 17.3142
18.0000 17.2729
18.0000 18.6781
18.0000 18.0861
18.0000 17.8000
18.0000 18.1763
18.0000 17.7125
18.0000 17.5056
18.0000 17.9150
18.0000 17.6416
18.0000 17.1973
18.0000 16.7341
18.0000 17.5474
18.0000 17.4451
18.0000 16.7696
18.0000 16.8298
18.0000 16.5372
18.0000 17.7459
18.0000 18.3381
18.0000 18.2488
18.0000 16.9980
18.0000 17.8190
18.0000 18.5430
18.0000 17.5879
18.0000 17.9745
18.0000 18.7812
18.0000 17.5937
18.0000 17.7338
18.0000 16.8956
18.0000 18.0932
18.0000 17.4584
18.0000 17.6523
18.0000 18.0181
18.0000 17.9156
18.0000 17.5735
18.0000 18.0026
18.0000 17.6938
18.0000 18.2475
18.0000 18.2063
18.0000 17.3051
18.0000 18.0060
18.0000 16.7750
18.0000 18.1846
18.0000 19.1657
18.0000 19.0225
18.0000 17.0947
18.0000 17.2519
18.0000 17.1409
18.0000 18.1906
18.0000 17.7366
18.0000 18.2917
18.0000 17.2821
18.0000 17.6399
18.0000 17.2324
18.0000 18.2761
18.0000 18.3338
18.0000 17.8749
18.0000 18.5496
18.0000 17.9760
18.0000 17.8433
18.0000 16.9580
18.0000 17.8355
18.0000 17.7276
18.0000 17.5133
18.0000 17.8474
18.0000 17.4779
18.0000 17.9734
18.0000 17.8247
18.0000 17.4589
18.0000 17.1688
18.0000 17.7439
18.0000 18.0943
18.0000 17.8853
18.0000 18.0979
18.0000 16.7867
18.0000 18.3402
18.0000 17.3123
18.0000 17.8193
18.0000 17.2801
18.0000 17.9262
18.0000 17.9376
18.0000 17.3685
18.0000 17.4003
18.0000 17.6462
18.0000 18.1103
18.0000 17.7985
18.0000 18.1805
18.0000 18.6405
18.0000 17.7469
18.0000 18.1255
18.0000 17.7066
18.0000 17.5990
18.0000 18.8566
18.0000 18.0592
18.0000 16.5653
18.0000 18.3742
18.0000 17.3813
18.0000 17.9722
18.0000 17.2698
18.0000 18.8664
18.0000 17.6556
18.0000 16.9501
18.0000 17.8688
18.0000 18.4350
18.0000 18.1170
18.0000 18.4345
18.0000 17.4694
18.0000 17.8347
18.0000 17.5124
18.0000 17.9494
18.0000 17.4005
18.0000 17.8860
18.0000 17.7462
18.0000 17.8008
18.0000 16.4150
18.0000 17.3654
18.0000 17.2956
18.0000 18.8850
18.0000 16.9557
18.0000 17.7460
18.0000 18.1406
18.0000 18.2425
18.0000 18.3089
18.0000 17.3480
18.0000 18.6149
18.0000 18.3803
18.0000 18.0877
18.0000 18.3366
18.0000 17.2916
18.0000 18.0755
18.0000 16.9600
18.0000 18.1453
18.0000 17.7383
18.0000 17.9016
18.0000 17.6909
18.0000 16.5720
18.0000 18.0789
18.0000 18.1925
18.0000 17.7407
18.0000 17.8112
18.0000 18.0849
18.0000 18.1487
18.0000 18.6549
18.0000 18.3301
18.0000 18.6730
18.0000 17.9038
18.0000 18.4618
18.0000 17.6201
18.0000 17.1912
18.0000 18.0493
18.0000 17.4257
18.0000 18.3143
18.0000 17.4432
18.0000 17.3789
18.0000 16.6678
18.0000 18.5203
18.0000 17.5870
18.0000 17.6426
18.0000 17.8317
18.0000 18.1873
18.0000 18.5351
18.0000 17.4540
18.0000 17.2511
18.0000 17.1090
18.0000 17.6886
18.0000 18.1470
18.0000 18.0083
18.0000 18.5510
18.0000 17.3451
18.0000 17.9458
18.0000 18.3408
18.0000 18.2962
18.0000 17.4290
18.0000 18.3194
18.0000 17.8806
18.0000 16.5904
18.0000 17.2659
18.0000 17.4841
18.0000 18.6447
18.0000 17.9105
18.0000 17.6223
18.0000 17.7737
18.0000 17.3085
18.0000 17.1040
18.0000 17.6053
18.0000 17.8438
18.0000 18.1385
18.0000 18.2318
18.0000 15.8906
18.0000 18.2070
18.0000 18.0468
18.0000 17.2698
18.0000 18.1691
18.0000 17.2931
18.0000 18.1816
18.0000 17.6905
18.0000 17.5347
18.0000 17.9850
18.0000 18.3321
18.0000 18.2281
18.0000 17.5348
18.0000 17.9356
18.0000 17.8211
18.0000 18.2041
18.0000 16.9780
18.0000 18.0077
18.0000 18.5142
18.0000 17.1102
18.0000 17.1846
18.0000 18.3791
18.0000 17.8679
18.0000 18.0462
18.0000 17.2643
18.0000 16.7117
18.0000 17.6529
18.0000 17.2172
18.0000 18.4840
18.0000 18.2547
18.0000 18.2435
18.0000 17.8027
18.0000 18.1041
18.0000 17.9625
18.0000 17.0274
18.0000 18.2699
18.0000 18.1727
18.0000 17.1538
18.0000 18.1775
18.0000 17.8298
18.0000 17.0536
18.0000 17.0748
18.0000 18.4995
18.0000 17.7180
18.0000 17.4520
18.0000 18.0705
18.0000 18.0244
18.0000 17.6786
18.0000 17.2653
18.0000 17.5499
18.0000 18.0566
18.0000 17.4744
18.0000 17.5673
18.0000 16.9391
18.0000 18.1271
18.0000 18.2718
18.0000 18.2841
18.0000 18.6612
18.0000 17.6156
18.0000 18.1316
18.0000 17.0619
18.0000 16.9267
18.0000 17.2099
18.0000 17.8618
18.0000 17.3309
18.0000 16.8671
18.0000 18.8163
18.0000 17.2847
18.0000 17.1321
18.0000 17.5499
18.0000 17.9296
18.0000 17.6165
18.0000 18.0207
18.0000 17.7005
18.0000 16.8707
18.0000 17.4555
18.0000 18.2700
18.0000 18.5144
18.0000 17.7867
18.0000 17.4142
18.0000 17.6054
18.0000 17.8082
18.0000 17.5124
18.0000 17.9622
18.0000 17.6392
18.0000 16.7548
18.0000 18.3657
18.0000 17.8077
18.0000 17.5779
18.0000 18.3631
18.0000 17.2888
18.0000 17.5156
18.0000 17.1516
18.0000 16.8206
18.0000 18.2397
18.0000 18.0480
18.0000 17.6560
18.0000 17.1215
18.0000 17.9165
18.0000 17.4652
18.0000 16.9786
18.0000 17.7307
18.0000 17.7872
18.0000 17.1114
18.0000 18.5693
18.0000 18.5254
18.0000 17.9468
18.0000 17.0535
18.0000 17.4704
18.0000 18.1148
18.0000 18.0955
18.0000 18.1297
18.0000 17.6932
18.0000 17.9428
18.0000 18.4779
18.0000 17.4024
18.0000 18.2329
18.0000 18.0218
18.0000 17.2892
18.0000 17.3801
18.0000 16.9228
18.0000 17.9412
18.0000 17.1596
18.0000 16.8570
18.0000 17.6599
18.0000 17.5257
18.0000 18.0522
18.0000 17.3932
18.0000 18.2671
18.0000 17.8388
18.0000 18.6481
18.0000 18.3786
18.0000 18.5190
18.0000 17.4351
18.0000 17.0874
18.0000 18.0336
18.0000 18.1144
18.0000 18.4151
18.0000 18.0737
18.0000 16.6988
18.0000 18.2013
18.0000 18.4396
18.0000 17.7225
18.0000 17.0224
18.0000 18.2598
18.0000 16.9226
18.0000 17.7604
18.0000 17.4373
18.0000 17.5060
18.0000 18.2439
18.0000 18.0447
18.0000 16.7840
18.0000 17.7202
18.0000 17.1531
18.0000 18.0354
18.0000 18.1954
18.0000 17.6227
18.0000 17.9866
18.0000 16.7868
18.0000 16.8935
18.0000 17.8025
18.0000 18.1799
18.0000 16.9957
18.0000 17.6489
18.0000 18.3219
18.0000 18.0486
18.0000 18.0611
18.0000 17.2920
18.0000 17.2447
18.0000 16.8578
18.0000 17.3144
18.0000 17.1010
18.0000 18.4530
18.0000 17.5119
18.0000 17.7436
18.0000 17.9123
18.0000 17.7661
18.0000 17.8702
18.0000 18.0166
18.0000 17.2695
18.0000 16.8760
18.0000 17.7483
18.0000 17.2961
18.0000 17.5711
18.0000 16.4696
18.0000 18.1274
18.0000 18.2346
18.0000 16.5905
18.0000 17.7808
18.0000 17.2953
18.0000 17.4693
18.0000 17.4959
18.0000 17.0911
18.0000 17.5950
18.0000 18.5378
18.0000 16.9901
18.0000 17.4896
18.0000 17.9442
18.0000 17.1359
18.0000 18.3521
18.0000 16.6816
18.0000 16.9017
18.0000 17.2585
18.0000 18.3237
18.0000 17.1050
18.0000 17.9253
18.0000 18.2262
18.0000 17.3965
18.0000 17.4466
18.0000 18.3676
18.0000 17.1103
18.0000 17.6796
18.0000 17.3731
18.0000 17.6340
18.0000 18.1434
18.0000 17.3939
18.0000 17.4686
18.0000 18.2326
18.0000 17.7794
18.0000 17.8046
18.0000 17.6079
18.0000 17.5229
18.0000 17.7075
18.0000 18.0731
18.0000 17.4078
18.0000 18.2217
18.0000 17.5705
18.0000 17.4920
18.0000 17.9467
18.0000 18.0400
18.0000 17.0856
18.0000 17.3798
18.0000 18.1487
18.0000 17.9827
18.0000 17.6654
18.0000 19.0520
18.0000 16.8831
18.0000 17.4908
18.0000 17.7398
18.0000 17.2199
18.0000 17.5978
18.0000 18.3291
18.0000 17.4021
18.0000 18.4058
18.0000 17.1676
18.0000 17.9834
18.0000 17.9129
18.0000 18.2156
18.0000 17.7585
18.0000 18.1558
18.0000 18.1904
18.0000 16.7609
18.0000 17.7444
18.0000 16.8996
18.0000 17.3487
18.0000 18.7192
18.0000 18.2872
18.0000 17.7417
18.0000 17.1780
18.0000 17.4738
18.0000 16.0852
18.0000 17.6224
18.0000 17.7947
18.0000 17.4359
18.0000 17.4183
18.0000 17.4242
18.0000 17.3684
18.0000 17.5448
18.0000 18.3671
18.0000 17.9838
18.0000 18.3814
18.0000 17.4270
18.0000 17.5105
18.0000 18.1172
18.0000 17.9020
18.0000 18.3738
18.0000 17.7330
18.0000 17.9343
18.0000 17.2683
18.0000 18.2470
18.0000 18.5752
18.0000 17.8249
18.0000 17.7438
18.0000 18.3535
18.0000 18.0091
18.0000 16.7841
18.0000 17.3270
18.0000 18.2435
18.0000 17.8864
18.0000 17.5558
18.0000 17.5689
18.0000 17.8414
18.0000 18.1676
18.0000 18.1247
18.0000 17.5481
18.0000 18.2439
18.0000 17.3724
18.0000 18.7735
18.0000 18.3559
18.0000 17.8061
18.0000 18.4660
18.0000 18.1975
18.0000 18.5195
18.0000 17.8780
18.0000 18.2661
18.0000 17.9398
18.0000 18.2578
18.0000 18.3157
18.0000 16.8345
18.0000 17.1194
18.0000 16.6324
18.0000 19.0766
18.0000 17.8340
18.0000 17.7311
18.0000 17.2609
18.0000 17.4170
18.0000 17.6430
18.0000 17.4583
18.0000 18.0676
18.0000 17.0954
18.0000 17.6844
18.0000 17.7829
18.0000 18.8885
18.0000 18.8206
18.0000 18.3326
18.0000 17.5714
18.0000 17.0611
18.0000 18.5995
18.0000 18.0892
18.0000 17.9055
18.0000 17.7313
18.0000 18.9751
18.0000 17.5163
18.0000 18.7024
18.0000 17.8603
18.0000 17.6784
18.0000 18.5634
18.0000 17.8719
18.0000 17.5679
18.0000 17.1510
18.0000 17.4581
18.0000 18.8677
18.0000 18.3689
18.0000 17.6029
18.0000 18.9002
18.0000 16.8265
18.0000 18.0876
18.0000 18.2432
18.0000 17.0190
18.0000 17.2067
18.0000 17.0277
18.0000 18.3381
18.0000 18.6762
18.0000 18.2295
18.0000 17.9115
18.0000 18.0393
18.0000 17.6343
18.0000 17.4335
18.0000 17.5138
18.0000 18.0125
18.0000 17.8944
18.0000 17.9647
18.0000 17.8766
18.0000 17.7154
18.0000 18.1384
18.0000 18.3593
18.0000 18.7779
18.0000 17.9478
18.0000 17.8853
18.0000 17.4501
18.0000 17.2623
18.0000 18.1670
18.0000 16.9578
18.0000 18.3466
18.0000 16.9830
18.0000 17.9944
18.0000 17.3321
18.0000 17.6046
18.0000 19.1263
18.0000 17.6081
18.0000 17.6982
18.0000 17.5185
18.0000 17.6801
18.0000 16.9286
18.0000 17.6903
18.0000 18.7278
18.0000 16.7929
18.0000 17.8016
18.0000 17.0583
18.0000 17.6124
18.0000 17.5061
18.0000 17.7754
18.0000 17.7707
18.0000 17.4545
18.0000 17.3350
18.0000 17.7960
18.0000 18.7448
18.0000 17.4588
18.0000 18.0049
18.0000 17.8042
18.0000 17.0986
18.0000 16.9890
18.0000 17.4416
18.0000 16.9952
18.0000 17.8510
18.0000 18.8554
18.0000 17.2194
18.0000 18.8385
18.0000 17.0316
18.0000 17.8213
18.0000 18.0276
18.0000 17.9500
18.0000 16.9237
18.0000 17.9022
18.0000 18.2265
18.0000 17.6817
18.0000 16.9652
18.0000 18.5144
18.0000 18.6190
18.0000 17.4521
18.0000 17.1970
18.0000 17.5949
18.0000 17.5186
18.0000 18.4955
18.0000 17.3859
18.0000 18.3348
18.0000 17.7661
18.0000 18.2928
18.0000 17.0989
18.0000 18.0350
18.0000 18.2166
18.0000 17.1848
18.0000 18.3110
18.0000 17.7321
18.0000 17.1811
18.0000 18.2201
18.0000 18.1982
18.0000 18.3597
18.0000 17.2254
18.0000 18.0831
18.0000 17.9317
18.0000 18.0843
18.0000 16.7153
18.0000 17.7189
18.0000 17.2601
18.0000 17.9707
18.0000 17.8947
18.0000 18.1848
18.0000 17.6883
18.0000 17.9629
18.0000 17.1581
18.0000 17.8011
18.0000 17.7723
18.0000 18.2297
18.0000 17.1040
18.0000 17.4880
18.0000 16.9848
18.0000 17.1282
18.0000 16.8997
18.0000 18.3846
18.0000 17.9058
18.0000 18.4497
18.0000 17.5748
18.0000 18.6413
18.0000 17.2109
18.0000 17.7284
18.0000 18.2408
18.0000 18.3213
18.0000 17.9501
18.0000 18.2320
18.0000 17.9569
18.0000 16.7017
18.0000 17.3241
18.0000 17.1438
18.0000 17.8965
18.0000 18.5636
18.0000 17.5733
18.0000 18.9421
18.0000 16.6060
18.0000 17.7169
18.0000 18.4772
18.0000 17.0040
18.0000 18.5483
18.0000 18.5359
18.0000 17.4930
18.0000 18.6033
18.0000 18.4069
18.0000 18.4519
18.0000 17.0154
18.0000 17.7343
18.0000 17.3983
18.0000 17.8344
18.0000 17.4901
18.0000 17.7002
18.0000 17.0955
18.0000 17.6265
18.0000 18.1387
18.0000 17.9296
18.0000 17.3557
18.0000 18.1402
18.0000 18.3089
18.0000 16.7394
18.0000 17.5878
18.0000 17.9839
18.0000 16.9755
18.0000 17.8883
18.0000 17.5254
18.0000 18.2902
18.0000 18.2462
18.0000 17.6839
18.0000 17.7570
18.0000 17.6866
18.0000 17.6114
18.0000 17.6246
18.0000 17.5964
18.0000 17.1710
18.0000 18.1386
18.0000 16.5841
18.0000 17.3213
18.0000 18.8045
18.0000 17.4157
18.0000 18.0862
18.0000 17.6686
18.0000 18.0257
18.0000 17.9135
18.0000 18.2798
18.0000 18.4632
18.0000 17.9081
18.0000 17.7788
18.0000 17.4958
18.0000 17.2539
18.0000 17.6674
18.0000 17.2073
18.0000 18.0302
18.0000 17.4015
18.0000 17.4775
18.0000 17.1382
18.0000 18.6793
18.0000 17.7873
18.0000 17.5300
18.0000 17.8747
18.0000 17.9472
18.0000 18.4130
18.0000 17.5453
18.0000 16.4067
18.0000 17.0644
18.0000 18.1527
18.0000 17.4263
18.0000 17.8356
18.0000 18.0389
18.0000 17.9042
18.0000 17.6208
18.0000 17.7778
18.0000 18.9610
18.0000 17.5580
18.0000 18.6399
18.0000 17.6436
18.0000 18.5943
18.0000 18.2546
18.0000 17.7152
18.0000 17.8153
18.0000 17.9384
18.0000 18.0892
18.0000 18.0432
18.0000 17.8161
18.0000 17.7203
18.0000 18.1219
18.0000 17.8314
18.0000 17.4757
18.0000 18.4204
18.0000 17.4725
18.0000 17.8670
18.0000 17.2388
18.0000 18.2711
18.0000 18.1425
18.0000 17.9945
18.0000 17.7641
18.0000 17.1751
18.0000 17.6544
18.0000 17.5350
18.0000 17.7862
18.0000 17.2142
18.0000 17.5998
18.0000 18.1289
18.0000 16.4993
18.0000 17.5765
18.0000 17.8898
18.0000 16.8920
18.0000 18.7235
18.0000 18.9993
18.0000 17.9972
18.0000 17.0375
18.0000 17.3792
18.0000 17.1378
18.0000 17.6697
18.0000 17.0499
18.0000 17.7558
18.0000 17.5876
18.0000 18.6973
18.0000 18.0554
18.0000 17.3649
18.0000 17.7879
18.0000 17.3249
18.0000 17.8070
18.0000 17.2828
18.0000 17.7427
18.0000 17.1148
18.0000 16.6311
18.0000 17.9242
18.0000 17.5655
18.0000 17.1040
18.0000 17.6761
18.0000 18.4326
18.0000 18.4111
18.0000 19.1355
18.0000 17.8490
18.0000 17.8552
18.0000 17.5811
18.0000 18.4321
18.0000 17.6039
18.0000 17.6188
18.0000 18.7324
18.0000 17.8559
18.0000 17.7379
18.0000 18.2651
18.0000 17.5934
18.0000 18.1439
18.0000 17.4044
18.0000 17.7972
18.0000 17.1851
18.0000 17.2916
18.0000 16.8367
18.0000 18.5515
18.0000 17.4928
18.0000 17.8326
18.0000 18.0053
18.0000 17.4092
18.0000 18.5145
18.0000 18.1452
18.0000 18.7058
18.0000 17.5887
18.0000 17.6651
18.0000 17.9834
18.0000 17.6756
18.0000 18.3162
18.0000 17.5326
18.0000 18.2073
18.0000 17.7528
18.0000 18.1917
18.0000 17.2823
18.0000 17.8005
18.0000 18.2445
18.0000 17.0998
18.0000 18.1342
18.0000 17.8894
18.0000 16.9434
18.0000 17.7935
18.0000 18.1838
18.0000 18.4331
18.0000 18.6728
18.0000 17.5078
18.0000 17.2692
18.0000 18.3410
18.0000 17.3792
18.0000 17.5513
18.0000 17.1414
18.0000 17.5352
18.0000 17.2256
18.0000 17.3500
18.0000 17.1532
18.0000 17.2518
18.0000 17.9733
18.0000 17.7004
18.0000 17.7389
18.0000 17.4502
18.0000 18.0149
18.0000 18.3121
18.0000 17.1395
18.0000 17.9265
18.0000 17.3465
18.0000 18.0872
18.0000 17.5100
18.0000 17.5827
18.0000 17.7082
18.0000 17.7066
18.0000 17.9864
18.0000 18.4111
18.0000 17.8268
18.0000 16.4490
18.0000 17.8050
18.0000 17.8389
18.0000 17.2560
18.0000 17.3862
18.0000 17.3261
18.0000 18.9377
18.0000 17.4103
18.0000 18.2617
18.0000 18.2678
18.0000 17.4901
18.0000 17.8810
18.0000 17.4144
18.0000 16.5323
18.0000 17.5241
18.0000 18.3109
18.0000 18.4679
18.0000 18.0268
18.0000 17.6509
18.0000 17.5117
18.0000 18.4241
18.0000 17.0381
18.0000 18.3604
18.0000 17.6447
18.0000 17.2195
18.0000 17.4510
18.0000 18.0747
18.0000 18.1771
18.0000 17.3025
18.0000 18.1213
18.0000 17.0937
18.0000 18.4444
18.0000 17.0458
18.0000 18.1121
18.0000 16.6981
18.0000 18.1600
18.0000 17.8143
18.0000 18.4979
18.0000 18.0576
18.0000 18.0037
18.0000 17.4987
18.0000 17.6857
18.0000 17.4882
18.0000 16.8905
18.0000 17.9476
18.0000 17.0885
18.0000 17.5391
18.0000 17.7472
18.0000 17.5699
18.0000 16.9923
18.0000 16.8830
18.0000 17.3027
18.0000 17.7038
18.0000 18.0488
18.0000 18.6445
18.0000 17.0248
18.0000 17.6603
18.0000 16.9242
18.0000 16.8490
18.0000 18.1932
18.0000 17.8666
18.0000 17.6834
18.0000 18.5491
18.0000 18.1884
18.0000 18.0843
18.0000 18.1108
18.0000 18.5655
18.0000 16.9194
18.0000 18.7525
18.0000 16.9524
18.0000 17.5560
18.0000 17.7066
18.0000 17.2801
18.0000 17.6646
18.0000 17.1911
18.0000 16.8272
18.0000 17.0408
18.0000 17.6437
18.0000 17.1376
18.0000 18.3011
18.0000 18.0351
18.0000 17.8652
18.0000 17.6060
18.0000 17.4611
18.0000 18.0347
18.0000 17.8341
18.0000 17.9012
18.0000 16.8500
18.0000 17.8789
18.0000 17.6736
18.0000 17.1371
18.0000 18.0041
18.0000 17.3103
18.0000 17.7728
18.0000 17.2152
18.0000 17.2547
18.0000 17.5523
18.0000 17.7139
18.0000 17.3628
18.0000 17.3232
18.0000 18.3893
18.0000 17.0946
18.0000 17.7179
18.0000 17.9958
18.0000 16.8967
18.0000 16.6878
18.0000 17.0935
18.0000 18.5304
18.0000 18.2660
18.0000 17.3839
18.0000 18.1004
18.0000 17.3157
18.0000 17.9827
18.0000 18.2850
18.0000 17.5642
18.0000 16.9843
18.0000 17.6559
18.0000 18.0082
18.0000 18.1475
18.0000 18.2267
18.0000 17.6971
18.0000 18.3609
18.0000 16.9653
18.0000 18.7758
18.0000 17.4554
18.0000 17.9477
18.0000 18.1388
18.0000 17.6442
18.0000 17.4632
18.0000 17.1934
18.0000 17.7219
18.0000 18.0668
18.0000 18.3012
18.0000 17.5675
18.0000 17.2649
18.0000 18.2407
18.0000 17.7942
18.0000 17.6985
18.0000 17.4726
18.0000 18.5171
18.0000 17.4620
18.0000 17.6420
18.0000 17.6631
18.0000 17.8647
18.0000 16.2587
18.0000 17.6779
18.0000 16.5235
18.0000 16.9535
18.0000 17.6261
18.0000 17.4268
18.0000 18.2820
18.0000 17.3879
18.0000 17.8711
18.0000 17.5316
18.0000 17.9300
18.0000 16.8873
18.0000 18.9768
18.0000 17.7024
18.0000 18.0859
18.0000 18.1120
18.0000 17.8318
18.0000 17.6243
18.0000 17.7985
18.0000 17.6323
18.0000 17.0050
18.0000 18.0979
18.0000 18.2924
18.0000 17.5883
18.0000 18.3844
18.0000 18.1922
18.0000 18.4120
18.0000 17.6864
18.0000 18.3086
18.0000 17.5716
18.0000 17.7516
18.0000 16.9854
18.0000 18.0966
18.0000 18.1767
18.0000 17.5453
18.0000 17.9684
18.0000 18.0074
18.0000 17.5517
18.0000 17.5684
18.0000 18.5829
18.0000 17.2269
18.0000 17.5037
18.0000 17.6364
18.0000 18.1313
18.0000 17.6768
18.0000 18.1809
18.0000 16.7806
18.0000 17.7701
18.0000 18.1367
18.0000 17.5666
18.0000 18.1079
18.0000 17.6424
18.0000 17.1871
18.0000 16.4686
18.0000 17.4931
18.0000 16.6930
18.0000 17.8040
18.0000 17.6677
18.0000 18.0759
18.0000 16.4291
18.0000 18.1681
18.0000 17.9510
18.0000 17.9251
18.0000 18.1998
18.0000 17.7939
18.0000 18.3391
18.0000 18.3499
18.0000 17.6162
18.0000 17.8948
18.0000 18.7731
18.0000 17.9998
18.0000 18.1492
18.0000 18.0690
18.0000 17.7249
18.0000 17.8107
18.0000 17.6982
18.0000 17.6476
18.0000 17.2523
18.0000 17.0089
18.0000 17.7173
18.0000 17.1419
18.0000 17.7382
18.0000 17.1704
18.0000 17.3794
18.0000 17.9624
18.0000 17.8513
18.0000 17.4992
18.0000 17.4557
18.0000 17.1943
18.0000 17.1148
18.0000 17.3559
18.0000 18.0475
18.0000 17.7695
18.0000 16.9864
18.0000 18.2355
18.0000 17.5584
18.0000 17.9146
18.0000 17.5145
18.0000 17.9898
18.0000 18.5868
18.0000 18.7908
18.0000 17.2549
18.0000 17.1801
18.0000 17.7994
18.0000 17.4260
18.0000 18.2681
18.0000 17.2568
18.0000 17.9118
18.0000 16.9146
18.0000 18.7268
18.0000 17.3681
18.0000 17.9112
18.0000 17.3012
18.0000 17.9989
18.0000 17.9518
18.0000 18.0639
18.0000 16.8311
18.0000 18.0620
18.0000 18.9875
18.0000 18.1986
18.0000 17.5235
18.0000 17.6646
18.0000 17.0982
18.0000 17.3031
18.0000 17.8460
18.0000 18.3601
18.0000 18.2224
18.0000 18.5886
18.0000 17.7910
18.0000 16.9631
18.0000 18.0970
18.0000 18.0249
18.0000 17.0815
18.0000 17.3813
18.0000 18.2716
18.0000 17.2805
18.0000 17.6376
18.0000 17.4642
18.0000 18.5746
18.0000 17.0684
18.0000 17.3239
18.0000 18.5645
18.0000 17.5721
18.0000 17.5321
18.0000 17.4884
18.0000 17.8147
18.0000 18.1624
18.0000 17.5734
18.0000 17.2936
18.0000 18.2525
18.0000 17.0717
18.0000 17.1338
18.0000 17.3264
18.0000 16.9004
18.0000 17.3154
18.0000 17.5635
18.0000 16.5607
18.0000 17.4948
18.0000 18.6517
18.0000 17.4370
18.0000 17.4781
18.0000 17.2807
18.0000 17.6180
18.0000 17.6964
18.0000 17.8247
18.0000 17.6052
18.0000 18.4991
18.0000 17.8773
18.0000 17.4600
18.0000 16.3963
18.0000 17.9093
18.0000 17.2760
18.0000 18.3366
18.0000 18.6317
18.0000 17.2190
18.0000 17.4388
18.0000 18.2812
18.0000 18.1952
18.0000 17.4566
18.0000 18.4448
18.0000 18.3382
18.0000 17.8780
18.0000 17.2340
18.0000 18.3057
18.0000 17.9444
18.0000 17.7365
18.0000 17.8023
18.0000 17.9432
18.0000 16.7014
18.0000 17.5484
18.0000 17.0356
18.0000 17.4846
18.0000 18.1211
18.0000 18.6720
18.0000 17.4086
18.0000 16.8470
18.0000 17.8188
18.0000 18.0076
18.0000 18.3755
18.0000 17.5143
18.0000 17.8391
18.0000 17.2690
18.0000 18.0255
18.0000 16.9933
18.0000 17.4039
18.0000 17.2662
18.0000 17.8315
18.0000 18.5263
18.0000 17.8811
18.0000 17.4483
18.0000 17.8375
18.0000 17.7351
18.0000 18.7054
18.0000 17.9798
18.0000 16.9246
18.0000 16.4905
18.0000 17.8212
18.0000 17.8111
18.0000 18.3551
18.0000 18.3461
18.0000 18.2513
18.0000 18.2107
18.0000 16.6959
18.0000 17.7446
18.0000 18.5163
18.0000 17.3646
18.0000 18.3359
18.0000 18.1008
18.0000 17.1235
18.0000 18.5722
18.0000 17.4871
18.0000 17.6783
18.0000 18.0399
18.0000 17.7471
18.0000 17.8447
18.0000 17.4241
18.0000 17.6178
18.0000 18.4237
18.0000 17.5977
18.0000 16.3953
18.0000 18.0623
18.0000 18.4177
18.0000 16.5348
18.0000 17.6780
18.0000 18.0288
18.0000 18.1384
18.0000 17.3854
18.0000 17.4876
18.0000 17.9520
18.0000 17.6279
18.0000 17.6718
18.0000 19.4205
18.0000 17.9433
18.0000 17.9405
18.0000 17.0182
18.0000 17.4192
18.0000 17.6199
18.0000 18.1394
18.0000 16.9386
18.0000 16.9367
18.0000 18.0805
18.0000 18.7264
18.0000 17.9361
18.0000 17.5557
18.0000 18.0769
18.0000 16.9535
18.0000 18.0334
18.0000 18.1635
18.0000 17.6543
18.0000 17.4229
18.0000 17.4137
18.0000 16.9864
18.0000 17.3336
18.0000 18.0509
18.0000 17.6956
18.0000 18.5957
18.0000 17.9308
18.0000 18.8528
18.0000 17.6125
18.0000 17.9844
18.0000 18.0599
18.0000 17.3188
18.0000 18.0542
18.0000 18.3537
18.0000 18.0376
18.0000 17.4718
18.0000 17.2793
18.0000 17.6650
18.0000 19.3403
18.0000 17.0064
18.0000 17.3953
18.0000 18.6442
18.0000 17.3714
18.0000 17.1845
18.0000 17.0268
18.0000 18.3647
18.0000 18.8776
18.0000 18.0500
18.0000 18.2252
18.0000 17.4859
18.0000 17.1795
18.0000 17.0742
18.0000 17.7567
18.0000 17.7637
18.0000 18.0509
18.0000 17.9894
18.0000 17.5993
18.0000 17.7570
18.0000 17.6588
18.0000 18.1391
18.0000 17.9310
18.0000 16.7224
18.0000 18.2074
18.0000 17.1827
18.0000 16.5796
18.0000 17.1785
18.0000 17.4168
18.0000 17.6005
18.0000 17.0468
18.0000 18.1620
18.0000 17.7889
18.0000 17.4171
18.0000 17.6413
18.0000 17.6339
18.0000 18.1797
18.0000 17.6137
18.0000 17.5749
18.0000 18.1279
18.0000 17.4382
18.0000 17.9805
18.0000 17.8125
18.0000 17.8143
18.0000 17.8678
18.0000 18.1252
18.0000 18.5250
18.0000 18.2420
18.0000 17.2968
18.0000 18.1786
18.0000 17.7541
18.0000 18.0101
18.0000 17.8265
18.0000 17.5140
18.0000 17.6706
18.0000 17.6140
18.0000 17.3180
18.0000 17.9184
18.0000 18.3496
18.0000 17.4674
18.0000 18.1433
18.0000 17.6279
18.0000 18.3288
18.0000 17.4186
18.0000 17.0649
18.0000 17.3399
18.0000 18.0547
18.0000 17.2784
18.0000 17.6404
18.0000 17.6462
18.0000 16.9973
18.0000 16.9481
18.0000 17.0812
18.0000 18.4057
18.0000 18.3716
18.0000 18.0590
18.0000 18.0879
18.0000 17.4192
18.0000 16.9414
18.0000 16.8616
18.0000 17.6321
18.0000 17.2972
18.0000 17.8594
18.0000 17.4745
18.0000 18.6026
18.0000 18.5245
18.0000 18.3575
18.0000 17.9895
18.0000 17.3693
18.0000 18.1577
18.0000 18.1701
18.0000 18.1674
18.0000 18.2348
18.0000 17.9699
18.0000 17.2334
18.0000 17.2864
18.0000 17.1093
18.0000 17.7524
18.0000 17.7353
18.0000 17.0459
18.0000 17.8842
18.0000 18.0527
18.0000 17.5154
18.0000 18.3074
18.0000 18.3047
18.0000 17.4837
18.0000 17.6181
18.0000 16.6878
18.0000 18.1977
18.0000 17.4023
18.0000 17.4077
18.0000 18.1287
18.0000 18.3651
18.0000 17.5111
18.0000 17.6241
18.0000 18.5772
18.0000 18.3252
18.0000 17.8915
18.0000 17.0947
18.0000 18.2946
18.0000 18.6786
18.0000 16.7847
18.0000 16.8317
18.0000 17.9245
18.0000 18.2174
18.0000 17.8249
18.0000 17.2678
18.0000 18.1822
18.0000 17.5106
18.0000 18.0269
18.0000 18.3173
18.0000 18.1940
18.0000 17.8514
18.0000 17.6768
18.0000 18.4833
18.0000 17.8879
18.0000 17.5368
18.0000 18.0078
18.0000 17.3357
18.0000 17.1781
18.0000 17.7827
18.0000 17.2861
18.0000 18.5405
18.0000 17.8558
18.0000 18.2960
18.0000 16.8187
18.0000 18.1821
18.0000 17.1731
18.0000 17.9784
18.0000 16.5601
18.0000 17.7864
18.0000 17.1656
18.0000 17.9653
18.0000 17.3033
18.0000 16.9950
18.0000 17.9536
18.0000 17.5088
18.0000 16.9509
18.0000 17.2638
18.0000 17.0753
18.0000 17.9807
18.0000 17.8397
18.0000 17.8854
18.0000 17.8982
18.0000 18.2302
18.0000 18.1904
18.0000 17.1147
18.0000 18.1473
18.0000 17.2369
18.0000 17.5314
18.0000 17.0557
18.0000 17.4839
18.0000 18.3857
18.0000 17.9562
18.0000 17.5387
18.0000 18.0139
18.0000 18.1787
18.0000 17.7131
18.0000 16.9234
18.0000 17.5861
18.0000 17.5183
18.0000 17.0583
18.0000 17.6198
18.0000 17.1014
18.0000 17.7347
18.0000 18.1976
18.0000 18.5351
18.0000 18.1078
18.0000 17.8142
18.0000 18.1110
18.0000 18.5370
18.0000 17.8167
18.0000 17.7574
18.0000 17.9705
18.0000 17.6534
18.0000 17.3663
18.0000 18.0764
18.0000 18.9850
18.0000 17.7167
18.0000 18.5392
18.0000 17.7951
18.0000 16.9073
18.0000 17.5707
18.0000 17.5272
18.0000 17.8017
18.0000 17.6871
18.0000 17.2324
18.0000 17.9827
18.0000 17.9058
18.0000 17.5702
18.0000 18.0249
18.0000 18.2557
18.0000 18.4082
18.0000 16.5279
18.0000 16.5250
18.0000 17.6339
18.0000 18.4037
18.0000 15.4314
18.0000 17.7960
18.0000 18.8327
18.0000 16.6950
18.0000 17.5078
18.0000 18.0449
18.0000 17.0463
18.0000 17.5321
18.0000 16.7297
18.0000 17.9492
18.0000 18.2514
18.0000 18.3335
18.0000 17.1800
18.0000 17.1037
18.0000 18.1136
18.0000 17.9491
18.0000 16.9729
18.0000 17.3566
18.0000 17.8940
18.0000 16.6428
18.0000 17.8645
18.0000 17.6760
18.0000 17.2242
18.0000 18.1083
18.0000 16.7088
18.0000 17.7468
18.0000 18.0151
18.0000 17.3408
18.0000 18.2426
18.0000 17.6865
18.0000 17.3773
18.0000 17.8764
18.0000 17.7412
18.0000 17.2457
18.0000 17.4698
18.0000 17.8196
18.0000 17.2150
18.0000 18.4858
18.0000 16.7341
18.0000 18.5021
18.0000 17.6586
18.0000 17.8832
18.0000 17.1367
18.0000 17.4971
18.0000 18.7637
18.0000 17.2006
18.0000 17.7068
18.0000 17.5553
18.0000 17.2215
18.0000 17.7522
18.0000 18.5390
18.0000 17.5539
18.0000 17.1222
18.0000 16.7116
18.0000 16.4733
18.0000 18.6305
18.0000 18.5689
18.0000 17.9636
18.0000 17.9028
18.0000 17.4740
18.0000 17.1047
18.0000 17.9703
18.0000 17.0946
18.0000 17.9026
18.0000 17.3183
18.0000 17.2670
18.0000 17.6935
18.0000 17.8719
18.0000 16.7308
18.0000 18.7223
18.0000 18.8751
18.0000 18.3202
18.0000 17.8468
18.0000 17.9910
18.0000 17.6693
18.0000 18.4350
18.0000 17.9111
18.0000 17.7145
18.0000 18.0941
18.0000 17.9575
18.0000 17.3661
18.0000 18.1106
18.0000 18.0343
18.0000 17.9519
18.0000 17.3535
18.0000 17.3220
18.0000 18.8119
18.0000 17.1441
18.0000 17.7749
18.0000 18.3794
18.0000 17.3087
18.0000 18.8007
18.0000 17.6973
18.0000 18.5860
18.0000 17.6376
18.0000 18.0030
18.0000 16.1920
18.0000 17.4288
18.0000 17.8247
18.0000 17.4708
18.0000 17.7757
18.0000 17.0884
