2.0000 1.7940
2.0000 2.5701
2.0000 3.8555
2.0000 2.4759
2.0000 2.1736
2.0000 2.9144
2.0000 3.2917
2.0000 1.9791
2.0000 3.0683
2.0000 3.5081
2.0000 3.3842
2.0000 2.6385
2.0000 2.9137
2.0000 3.8721
2.0000 2.5272
2.0000 3.1037
2.0000 2.8385
2.0000 3.3794
2.0000 3.1925
2.0000 3.6861
2.0000 2.8963
2.0000 2.6004
2.0000 3.0761
2.0000 2.4848
2.0000 2.8909
2.0000 2.4095
2.0000 2.8116
2.0000 3.0903
2.0000 3.6402
2.0000 2.0430
2.0000 2.4010
2.0000 3.2725
2.0000 2.0793
2.0000 3.2552
2.0000 2.2834
2.0000 3.1082
2.0000 3.0914
2.0000 2.7488
2.0000 3.4288
2.0000 2.4535
2.0000 1.6168
2.0000 2.7183
2.0000 2.7671
2.0000 2.9016
2.0000 3.0232
2.0000 2.6614
2.0000 2.8329
2.0000 2.3492
2.0000 1.6509
2.0000 3.1804
2.0000 2.1135
2.0000 2.0333
2.0000 3.8964
2.0000 1.8321
2.0000 2.4262
2.0000 2.6264
2.0000 2.6897
2.0000 3.1338
2.0000 2.3396
2.0000 3.0993
2.0000 2.4051
2.0000 1.9646
2.0000 3.0728
2.0000 2.8173
2.0000 3.0014
2.0000 2.8756
2.0000 2.3013
2.0000 3.0954
2.0000 2.9757
2.0000 3.3872
2.0000 3.0168
2.0000 3.1687
2.0000 3.1547
2.0000 2.1037
2.0000 2.7440
2.0000 2.1533
2.0000 2.0173
2.0000 2.8409
2.0000 2.8456
2.0000 4.2512
2.0000 1.6287
2.0000 3.9195
2.0000 1.9714
2.0000 2.6161
2.0000 2.0919
2.0000 2.7940
2.0000 3.6622
2.0000 3.1870
2.0000 2.8415
2.0000 2.3348
2.0000 2.5456
2.0000 3.5515
2.0000 1.7291
2.0000 3.5717
2.0000 3.0613
2.0000 3.3956
2.0000 2.9458
2.0000 2.6746
2.0000 2.9506
2.0000 2.0480
2.0000 2.3957
2.0000 2.7788
2.0000 3.9395
2.0000 3.2565
2.0000 2.1234
2.0000 2.4832
2.0000 2.5543
2.0000 3.0349
2.0000 2.4329
2.0000 3.3185
2.0000 3.1164
2.0000 2.9279
2.0000 2.2314
2.0000 3.0326
2.0000 3.4541
2.0000 2.1945
2.0000 2.2108
2.0000 3.3405
2.0000 2.7700
2.0000 1.9431
2.0000 3.0734
2.0000 3.8153
2.0000 3.1925
2.0000 2.5837
2.0000 3.5303
2.0000 3.8564
2.0000 3.5425
2.0000 3.6531
2.0000 2.5673
2.0000 3.8109
2.0000 2.0763
2.0000 2.4165
2.0000 1.9185
2.0000 3.4782
2.0000 2.6518
2.0000 2.9258
2.0000 2.4408
2.0000 2.3255
2.0000 3.4099
2.0000 3.4698
2.0000 3.4202
2.0000 2.9441
2.0000 3.0793
2.0000 3.2563
2.0000 2.5327
2.0000 2.7954
2.0000 2.7023
2.0000 2.6893
2.0000 3.4197
2.0000 3.8141
2.0000 3.0815
2.0000 2.4954
2.0000 2.4254
2.0000 3.7590
2.0000 3.3423
2.0000 2.5988
2.0000 2.4942
2.0000 3.4195
2.0000 2.2893
2.0000 3.5253
2.0000 1.3959
2.0000 2.1472
2.0000 3.3674
2.0000 3.1761
2.0000 2.9060
2.0000 1.9948
2.0000 3.1491
2.0000 4.1031
2.0000 2.6675
2.0000 1.8315
2.0000 2.6461
2.0000 3.7227
2.0000 2.3073
2.0000 3.5720
2.0000 2.3248
2.0000 1.4271
2.0000 2.9105
2.0000 3.5142
2.0000 2.5632
2.0000 2.9939
2.0000 3.4428
2.0000 2.2675
2.0000 1.8679
2.0000 3.4394
2.0000 2.9864
2.0000 2.2052
2.0000 2.3966
2.0000 2.6267
2.0000 2.7386
2.0000 2.9176
2.0000 3.0354
2.0000 3.0075
2.0000 3.2414
2.0000 2.4079
2.0000 3.1092
2.0000 2.5725
2.0000 3.7239
2.0000 2.9802
2.0000 2.8919
2.0000 4.0607
2.0000 2.5638
2.0000 3.5913
2.0000 2.1121
2.0000 2.7392
2.0000 2.5399
2.0000 3.0028
2.0000 1.9664
2.0000 2.9722
2.0000 2.1114
2.0000 3.0173
2.0000 2.7393
2.0000 3.1031
2.0000 3.3817
2.0000 3.1432
2.0000 2.7535
2.0000 3.2243
2.0000 4.7077
2.0000 2.5947
2.0000 1.9034
2.0000 3.4970
2.0000 2.1199
2.0000 2.3305
2.0000 2.9518
2.0000 1.8553
2.0000 2.5268
2.0000 1.9906
2.0000 3.4566
2.0000 2.9974
2.0000 3.8249
2.0000 3.2398
2.0000 1.8425
2.0000 2.5128
2.0000 2.6506
2.0000 2.3616
2.0000 2.8422
2.0000 2.2522
2.0000 2.5159
2.0000 2.2939
2.0000 2.8707
2.0000 3.2041
2.0000 2.6281
2.0000 3.0787
2.0000 3.2019
2.0000 2.7146
2.0000 1.4800
2.0000 3.7081
2.0000 2.2814
2.0000 2.9512
2.0000 2.0343
2.0000 2.7576
2.0000 3.2307
2.0000 2.1807
2.0000 2.9247
2.0000 2.6317
2.0000 2.9010
2.0000 2.5626
2.0000 3.8184
2.0000 2.3314
2.0000 3.0619
2.0000 2.4072
2.0000 2.6158
2.0000 2.6409
2.0000 2.7331
2.0000 3.0739
2.0000 3.5414
2.0000 2.5124
2.0000 3.3591
2.0000 2.1251
2.0000 3.4583
2.0000 2.9423
2.0000 2.2798
2.0000 3.1947
2.0000 3.0582
2.0000 2.8287
2.0000 2.3998
2.0000 3.0161
2.0000 1.2401
2.0000 2.9368
2.0000 3.1507
2.0000 1.8826
2.0000 3.5045
2.0000 2.8635
2.0000 2.6127
2.0000 3.2348
2.0000 2.6477
2.0000 3.2730
2.0000 4.1483
2.0000 2.3947
2.0000 2.4541
2.0000 2.9152
2.0000 2.4445
2.0000 2.7965
2.0000 2.4324
2.0000 2.6807
2.0000 4.1684
2.0000 3.1682
2.0000 2.5057
2.0000 3.3013
2.0000 3.0923
2.0000 2.9123
2.0000 2.2924
2.0000 3.1675
2.0000 1.5506
2.0000 3.8126
2.0000 2.8925
2.0000 2.4091
2.0000 3.1849
2.0000 2.8249
2.0000 3.6036
2.0000 2.1249
2.0000 2.2191
2.0000 3.3711
2.0000 1.9658
2.0000 3.6702
2.0000 2.7466
2.0000 3.0060
2.0000 3.0913
2.0000 3.0534
2.0000 2.6211
2.0000 2.5915
2.0000 2.8673
2.0000 2.7860
2.0000 3.5588
2.0000 2.7622
2.0000 2.8326
2.0000 2.6832
2.0000 3.1231
2.0000 3.3965
2.0000 2.3753
2.0000 1.4729
2.0000 2.2593
2.0000 4.0503
2.0000 3.3858
2.0000 2.3232
2.0000 2.5388
2.0000 3.7344
2.0000 2.5888
2.0000 3.1840
2.0000 2.1905
2.0000 3.4730
2.0000 2.6136
2.0000 1.4637
2.0000 2.0145
2.0000 2.3883
2.0000 3.4244
2.0000 1.9017
2.0000 2.8339
2.0000 2.4925
2.0000 2.3608
2.0000 3.5118
2.0000 2.9987
2.0000 3.2390
2.0000 4.4322
2.0000 1.6278
2.0000 3.3868
2.0000 2.1336
2.0000 3.0159
2.0000 3.3745
2.0000 3.6908
2.0000 2.8107
2.0000 3.6299
2.0000 1.8703
2.0000 2.7664
2.0000 3.6028
2.0000 2.3524
2.0000 3.2894
2.0000 2.9286
2.0000 2.4715
2.0000 2.7837
2.0000 2.3203
2.0000 2.4478
2.0000 2.6862
2.0000 2.7445
2.0000 3.4930
2.0000 2.6747
2.0000 1.3427
2.0000 2.3332
2.0000 2.2363
2.0000 3.1384
2.0000 2.5938
2.0000 3.1669
2.0000 2.5004
2.0000 3.7177
2.0000 2.7863
2.0000 2.7404
2.0000 2.4025
2.0000 3.4609
2.0000 2.6002
2.0000 2.9928
2.0000 2.6348
2.0000 3.2325
2.0000 1.9983
2.0000 2.9413
2.0000 2.9042
2.0000 2.6497
2.0000 2.3444
2.0000 3.2597
2.0000 2.2054
2.0000 3.4666
2.0000 3.5918
2.0000 3.5830
2.0000 3.1127
2.0000 3.2702
2.0000 3.3993
2.0000 2.8552
2.0000 2.4250
2.0000 2.8943
2.0000 2.3536
2.0000 2.5274
2.0000 2.2788
2.0000 3.6284
2.0000 1.6782
2.0000 2.5975
2.0000 2.5686
2.0000 2.6196
2.0000 2.3651
2.0000 3.1607
2.0000 2.8107
2.0000 3.3671
2.0000 2.4166
2.0000 3.1454
2.0000 2.8841
2.0000 3.5038
2.0000 2.4542
2.0000 2.6922
2.0000 3.2135
2.0000 2.4736
2.0000 2.4431
2.0000 1.9041
2.0000 3.0378
2.0000 1.7871
2.0000 2.8791
2.0000 2.9226
2.0000 1.9720
2.0000 2.5240
2.0000 2.9895
2.0000 3.3976
2.0000 2.7501
2.0000 3.0628
2.0000 2.6260
2.0000 2.5205
2.0000 3.0860
2.0000 2.9084
2.0000 2.3511
2.0000 3.4912
2.0000 2.7520
2.0000 2.8238
2.0000 3.4712
2.0000 3.0876
2.0000 3.0564
2.0000 2.4288
2.0000 3.3656
2.0000 3.1944
2.0000 2.4724
2.0000 2.3304
2.0000 3.3596
2.0000 2.8498
2.0000 3.7448
2.0000 2.8841
2.0000 4.0054
2.0000 2.2672
2.0000 3.7447
2.0000 2.8215
2.0000 1.8880
2.0000 3.6138
2.0000 3.3556
2.0000 2.6767
2.0000 2.4060
2.0000 2.6931
2.0000 3.0538
2.0000 2.6154
2.0000 2.7612
2.0000 2.4780
2.0000 2.7287
2.0000 2.5602
2.0000 2.9437
2.0000 2.9643
2.0000 3.5372
2.0000 3.4781
2.0000 3.2768
2.0000 3.0825
2.0000 2.3096
2.0000 2.2807
2.0000 2.6386
2.0000 2.8847
2.0000 2.1104
2.0000 3.3343
2.0000 2.9715
2.0000 2.2662
2.0000 2.9233
2.0000 3.0698
2.0000 1.8677
2.0000 3.1043
2.0000 2.7798
2.0000 2.9422
2.0000 2.7325
2.0000 3.0334
2.0000 1.6709
2.0000 2.9648
2.0000 2.6840
2.0000 2.7352
2.0000 2.6639
2.0000 2.2627
2.0000 2.0380
2.0000 2.9912
2.0000 2.4829
2.0000 2.9428
2.0000 2.2970
2.0000 2.8158
2.0000 4.3689
2.0000 1.9340
2.0000 2.2563
2.0000 3.2081
2.0000 2.6509
2.0000 2.4026
2.0000 3.3985
2.0000 2.5667
2.0000 3.6372
2.0000 2.7176
2.0000 3.5403
2.0000 3.5367
2.0000 2.3803
2.0000 2.9949
2.0000 3.5720
2.0000 3.0763
2.0000 3.8140
2.0000 3.1953
2.0000 3.7442
2.0000 2.5016
2.0000 2.7173
2.0000 2.7673
2.0000 3.2695
2.0000 2.9423
2.0000 2.6840
2.0000 3.3626
2.0000 2.2891
2.0000 2.3433
2.0000 3.2217
2.0000 3.4514
2.0000 2.8598
2.0000 2.4270
2.0000 3.5876
2.0000 3.3466
2.0000 2.0771
2.0000 2.2451
2.0000 2.4883
2.0000 3.2490
2.0000 2.7121
2.0000 2.7211
2.0000 2.2328
2.0000 3.3738
2.0000 2.2898
2.0000 3.1185
2.0000 3.0483
2.0000 2.4918
2.0000 2.7923
2.0000 3.9362
2.0000 3.2877
2.0000 2.4775
2.0000 2.2873
2.0000 3.4031
2.0000 2.4263
2.0000 1.6201
2.0000 2.5643
2.0000 2.5241
2.0000 1.9999
2.0000 2.9970
2.0000 2.0649
2.0000 3.2626
2.0000 2.9228
2.0000 2.9367
2.0000 3.2822
2.0000 3.3111
2.0000 2.4200
2.0000 3.6924
2.0000 2.4353
2.0000 2.4162
2.0000 2.6640
2.0000 2.5845
2.0000 1.8285
2.0000 3.3698
2.0000 2.5494
2.0000 2.3312
2.0000 1.9038
2.0000 3.3147
2.0000 2.2067
2.0000 3.5242
2.0000 3.0097
2.0000 3.2468
2.0000 3.4451
2.0000 1.6289
2.0000 2.1388
2.0000 2.7874
2.0000 2.4667
2.0000 2.9885
2.0000 2.0405
2.0000 3.2469
2.0000 3.5183
2.0000 2.4931
2.0000 2.9277
2.0000 2.6368
2.0000 3.4231
2.0000 3.1205
2.0000 3.5363
2.0000 2.4578
2.0000 3.0944
2.0000 2.8292
2.0000 3.3804
2.0000 2.6594
2.0000 2.2099
2.0000 3.1500
2.0000 3.1224
2.0000 2.3835
2.0000 3.0981
2.0000 2.8937
2.0000 2.6848
2.0000 1.9842
2.0000 2.3774
2.0000 2.7516
2.0000 2.5165
2.0000 1.9099
2.0000 1.9685
2.0000 4.2573
2.0000 3.5873
2.0000 2.3714
2.0000 2.9338
2.0000 2.2104
2.0000 3.8812
2.0000 2.5662
2.0000 2.2228
2.0000 1.5889
2.0000 3.3304
2.0000 2.2135
2.0000 3.9501
2.0000 3.4329
2.0000 3.6936
2.0000 2.3954
2.0000 3.2286
2.0000 3.0469
2.0000 2.5488
2.0000 2.3022
2.0000 2.8656
2.0000 2.8513
2.0000 3.9000
2.0000 2.9372
2.0000 2.9162
2.0000 2.2900
2.0000 3.2121
2.0000 1.9374
2.0000 3.1626
2.0000 3.4482
2.0000 2.8677
2.0000 1.2458
2.0000 3.5222
2.0000 2.7196
2.0000 3.3290
2.0000 2.1968
2.0000 3.0599
2.0000 2.4308
2.0000 2.2066
2.0000 2.8521
2.0000 1.5461
2.0000 2.7611
2.0000 2.0071
2.0000 3.1639
2.0000 2.8962
2.0000 1.7458
2.0000 1.9090
2.0000 2.3948
2.0000 2.8484
2.0000 3.1068
2.0000 2.6872
2.0000 2.2652
2.0000 3.0594
2.0000 2.5203
2.0000 2.9179
2.0000 2.8896
2.0000 2.6999
2.0000 2.7835
2.0000 2.8634
2.0000 2.9203
2.0000 3.4777
2.0000 3.5964
2.0000 2.7522
2.0000 2.9425
2.0000 1.4698
2.0000 2.6357
2.0000 2.5397
2.0000 3.7945
2.0000 2.4250
2.0000 2.4743
2.0000 3.5574
2.0000 2.6117
2.0000 3.2026
2.0000 2.1205
2.0000 1.9492
2.0000 2.8476
2.0000 4.1686
2.0000 2.7810
2.0000 2.8207
2.0000 2.0828
2.0000 2.6847
2.0000 2.0944
2.0000 2.2807
2.0000 2.4626
2.0000 2.3328
2.0000 2.5064
2.0000 2.3343
2.0000 3.7761
2.0000 2.2929
2.0000 2.3435
2.0000 2.2133
2.0000 2.1566
2.0000 2.3692
2.0000 2.9219
2.0000 2.9040
2.0000 2.6196
2.0000 3.1253
2.0000 3.6435
2.0000 3.1357
2.0000 3.6110
2.0000 2.7407
2.0000 3.3412
2.0000 2.8588
2.0000 2.8592
2.0000 2.4310
2.0000 3.3848
2.0000 3.0528
2.0000 2.4998
2.0000 3.0706
2.0000 2.8113
2.0000 2.2866
2.0000 2.5570
2.0000 2.9778
2.0000 2.2017
2.0000 3.8087
2.0000 2.8709
2.0000 2.5293
2.0000 3.3945
2.0000 3.4503
2.0000 2.7932
2.0000 2.3412
2.0000 2.8670
2.0000 2.8738
2.0000 2.8340
2.0000 2.9978
2.0000 3.2127
2.0000 2.7204
2.0000 2.1352
2.0000 2.3798
2.0000 2.9740
2.0000 2.4075
2.0000 3.2655
2.0000 2.7396
2.0000 2.6988
2.0000 2.8884
2.0000 3.1565
2.0000 2.1352
2.0000 3.2201
2.0000 3.9839
2.0000 2.0499
2.0000 2.6850
2.0000 3.5377
2.0000 2.6860
2.0000 3.1350
2.0000 2.1258
2.0000 2.6515
2.0000 2.8899
2.0000 3.3713
2.0000 3.3845
2.0000 2.5460
2.0000 2.5280
2.0000 2.2828
2.0000 2.0562
2.0000 4.2576
2.0000 2.0919
2.0000 3.4663
2.0000 2.7177
2.0000 3.1808
2.0000 2.0863
2.0000 2.6173
2.0000 3.2270
2.0000 3.0930
2.0000 2.8491
2.0000 3.9783
2.0000 3.3141
2.0000 2.8300
2.0000 1.9981
2.0000 2.2838
2.0000 2.1698
2.0000 2.9017
2.0000 4.2167
2.0000 2.8364
2.0000 2.7387
2.0000 2.3366
2.0000 2.1067
2.0000 3.3901
2.0000 2.7957
2.0000 3.6407
2.0000 2.7327
2.0000 2.7133
2.0000 2.4829
2.0000 1.9343
2.0000 2.4642
2.0000 2.9208
2.0000 2.4551
2.0000 4.1285
2.0000 2.3986
2.0000 1.6840
2.0000 1.9635
2.0000 3.2096
2.0000 2.9578
2.0000 2.9438
2.0000 2.5579
2.0000 3.8397
2.0000 2.3211
2.0000 1.7604
2.0000 2.7411
2.0000 3.3078
2.0000 2.4481
2.0000 4.1880
2.0000 3.0854
2.0000 2.7007
2.0000 2.9927
2.0000 3.8578
2.0000 3.3517
2.0000 2.3979
2.0000 2.2933
2.0000 3.4175
2.0000 2.6393
2.0000 2.5603
2.0000 2.9081
2.0000 2.4179
2.0000 1.9371
2.0000 1.9864
2.0000 2.7203
2.0000 3.3105
2.0000 2.5637
2.0000 1.8713
2.0000 2.8739
2.0000 1.9943
2.0000 3.1472
2.0000 3.1837
2.0000 2.1708
2.0000 2.6986
2.0000 2.9555
2.0000 3.2852
2.0000 3.8777
2.0000 2.8992
2.0000 3.8616
2.0000 2.1144
2.0000 2.9285
2.0000 2.8926
2.0000 2.9673
2.0000 2.3351
2.0000 3.6936
2.0000 3.7342
2.0000 3.1374
2.0000 2.6010
2.0000 2.9344
2.0000 2.0996
2.0000 3.2996
2.0000 2.8922
2.0000 2.9982
2.0000 2.8564
2.0000 3.5965
2.0000 2.6492
2.0000 2.1230
2.0000 1.9627
2.0000 1.3972
2.0000 2.0756
2.0000 3.1011
2.0000 3.2891
2.0000 3.4672
2.0000 2.8076
2.0000 2.5288
2.0000 4.1694
2.0000 2.5277
2.0000 2.9486
2.0000 1.8292
2.0000 2.9647
2.0000 2.2335
2.0000 3.2847
2.0000 2.4232
2.0000 2.5309
2.0000 2.8343
2.0000 1.9933
2.0000 3.8862
2.0000 2.9439
2.0000 2.5162
2.0000 3.2991
2.0000 2.8874
2.0000 2.0731
2.0000 2.0025
2.0000 2.8323
2.0000 2.7244
2.0000 2.8413
2.0000 1.9293
2.0000 3.4476
2.0000 2.8011
2.0000 3.0882
2.0000 2.4198
2.0000 3.3694
2.0000 3.8869
2.0000 3.1799
2.0000 3.8291
2.0000 3.8253
2.0000 2.2768
2.0000 3.0371
2.0000 3.3033
2.0000 3.9885
2.0000 2.6548
2.0000 2.6548
2.0000 3.4003
2.0000 3.0383
2.0000 2.3237
2.0000 3.3279
2.0000 3.5209
2.0000 2.7641
2.0000 2.4169
2.0000 2.4343
2.0000 1.9535
2.0000 3.4784
2.0000 2.9953
2.0000 2.9762
2.0000 3.2985
2.0000 2.6358
2.0000 2.4534
2.0000 3.4653
2.0000 2.6536
2.0000 2.0958
2.0000 2.3551
2.0000 2.7084
2.0000 3.0718
2.0000 3.4717
2.0000 3.1091
2.0000 3.0800
2.0000 2.9302
2.0000 3.4256
2.0000 2.5858
2.0000 2.7356
2.0000 2.2072
2.0000 2.7625
2.0000 3.5872
2.0000 2.6307
2.0000 2.6790
2.0000 2.8509
2.0000 1.8651
2.0000 2.5310
2.0000 2.4063
2.0000 3.0971
2.0000 2.8614
2.0000 2.2478
2.0000 2.6997
2.0000 3.0155
2.0000 2.7549
2.0000 2.3063
2.0000 2.5137
2.0000 3.0833
2.0000 3.3278
2.0000 2.9843
2.0000 2.2967
2.0000 2.5588
2.0000 3.0485
2.0000 2.2807
2.0000 3.3909
2.0000 3.1745
2.0000 3.4324
2.0000 2.9567
2.0000 2.8641
2.0000 2.3274
2.0000 2.9586
2.0000 3.0705
2.0000 1.8828
2.0000 3.2001
2.0000 2.8527
2.0000 3.8867
2.0000 3.7005
2.0000 2.6806
2.0000 3.1875
2.0000 2.8922
2.0000 2.0856
2.0000 3.4732
2.0000 1.9633
2.0000 3.1132
2.0000 3.5536
2.0000 2.0366
2.0000 2.7388
2.0000 2.6491
2.0000 2.7006
2.0000 3.0277
2.0000 2.9362
2.0000 2.5165
2.0000 2.1125
2.0000 2.5921
2.0000 3.3606
2.0000 2.9756
2.0000 3.3906
2.0000 2.8685
2.0000 3.2560
2.0000 4.3521
2.0000 2.3964
2.0000 3.2341
2.0000 1.6713
2.0000 2.2960
2.0000 2.8961
2.0000 2.7031
2.0000 3.6001
2.0000 2.5251
2.0000 1.9353
2.0000 2.6296
2.0000 3.1198
2.0000 1.9571
2.0000 3.4045
2.0000 3.3080
2.0000 2.4995
2.0000 2.6114
2.0000 3.5850
2.0000 2.3471
2.0000 3.1440
2.0000 2.8884
2.0000 3.4390
2.0000 2.4204
2.0000 2.7549
2.0000 2.3393
2.0000 4.1030
2.0000 2.0654
2.0000 3.6587
2.0000 3.1329
2.0000 2.5252
2.0000 3.1878
2.0000 2.8243
2.0000 2.4471
2.0000 3.0876
2.0000 3.2348
2.0000 3.1698
2.0000 1.8017
2.0000 3.1238
2.0000 3.8035
2.0000 3.5123
2.0000 3.5797
2.0000 1.8125
2.0000 2.9897
2.0000 3.4380
2.0000 2.5977
2.0000 3.0053
2.0000 2.9298
2.0000 2.3305
2.0000 2.5566
2.0000 2.6733
2.0000 2.4455
2.0000 2.8892
2.0000 2.9072
2.0000 3.2740
2.0000 2.9666
2.0000 1.2631
2.0000 3.0182
2.0000 2.1632
2.0000 3.4079
2.0000 2.6113
2.0000 2.8025
2.0000 3.2477
2.0000 3.6601
2.0000 2.7127
2.0000 3.0702
2.0000 3.4688
2.0000 2.4891
2.0000 3.6175
2.0000 3.0270
2.0000 3.3134
2.0000 2.1051
2.0000 2.4139
2.0000 2.7406
2.0000 3.3181
2.0000 3.1025
2.0000 2.0770
2.0000 3.0678
2.0000 3.1376
2.0000 3.4086
2.0000 3.2203
2.0000 1.9993
2.0000 2.6540
2.0000 2.1018
2.0000 3.7191
2.0000 2.6507
2.0000 2.2241
2.0000 1.7566
2.0000 3.4763
2.0000 2.8971
2.0000 3.5737
2.0000 2.8837
2.0000 3.2904
2.0000 2.3713
2.0000 1.6548
2.0000 3.3032
2.0000 2.6113
2.0000 3.2250
2.0000 2.4611
2.0000 3.1368
2.0000 2.0049
2.0000 2.5610
2.0000 2.2714
2.0000 2.5987
2.0000 3.1828
2.0000 3.1456
2.0000 3.1707
2.0000 2.8463
2.0000 2.0946
2.0000 2.8630
2.0000 2.2387
2.0000 2.2463
2.0000 2.4880
2.0000 2.5661
2.0000 2.6951
2.0000 3.2399
2.0000 4.3152
2.0000 3.5861
2.0000 2.6226
2.0000 3.6366
2.0000 2.7561
2.0000 2.1531
2.0000 3.2909
2.0000 3.2575
2.0000 1.9405
2.0000 3.3071
2.0000 2.2482
2.0000 1.0197
2.0000 3.1813
2.0000 2.4962
2.0000 2.2834
2.0000 3.5737
2.0000 3.3469
2.0000 3.3477
2.0000 2.6483
2.0000 2.0726
2.0000 2.1255
2.0000 3.4694
2.0000 3.0438
2.0000 2.6284
2.0000 2.6600
2.0000 2.3325
2.0000 1.7387
2.0000 2.6497
2.0000 3.1723
2.0000 2.5456
2.0000 4.0985
2.0000 3.0103
2.0000 1.6689
2.0000 3.6913
2.0000 3.3594
2.0000 3.6542
2.0000 2.3358
2.0000 1.9535
2.0000 1.9837
2.0000 3.0185
2.0000 2.7524
2.0000 2.4565
2.0000 2.8436
2.0000 3.3883
2.0000 2.5906
2.0000 2.3496
2.0000 3.1551
2.0000 3.5404
2.0000 2.5271
2.0000 2.2914
2.0000 1.9356
2.0000 2.1271
2.0000 3.3651
2.0000 2.4061
2.0000 1.6052
2.0000 2.5376
2.0000 2.6663
2.0000 2.7464
2.0000 2.4028
2.0000 3.1120
2.0000 3.9632
2.0000 2.8957
2.0000 1.9696
2.0000 1.7985
2.0000 3.3231
2.0000 1.9136
2.0000 3.7424
2.0000 2.4219
2.0000 2.4090
2.0000 2.6140
2.0000 2.7035
2.0000 2.0074
2.0000 3.7049
2.0000 1.7788
2.0000 2.3918
2.0000 3.1367
2.0000 2.9462
2.0000 2.5480
2.0000 2.4414
2.0000 2.1209
2.0000 2.4710
2.0000 1.6136
2.0000 2.1821
2.0000 2.7619
2.0000 3.7139
2.0000 1.0143
2.0000 2.8118
2.0000 2.8225
2.0000 3.6020
2.0000 2.9878
2.0000 3.6610
2.0000 2.7089
2.0000 1.1663
2.0000 3.7199
2.0000 2.5756
2.0000 3.7210
2.0000 3.4131
2.0000 3.4081
2.0000 3.3190
2.0000 2.8773
2.0000 3.4070
2.0000 3.7442
2.0000 2.5008
2.0000 3.3877
2.0000 2.7717
2.0000 3.3209
2.0000 3.4436
2.0000 2.8911
2.0000 2.8262
2.0000 3.0357
2.0000 2.3962
2.0000 2.8481
2.0000 3.1955
2.0000 3.0213
2.0000 2.3266
2.0000 2.9618
2.0000 2.2352
2.0000 1.6961
2.0000 3.0234
2.0000 2.7755
2.0000 2.0838
2.0000 2.9093
2.0000 1.5351
2.0000 2.5493
2.0000 2.6434
2.0000 3.4437
2.0000 2.3969
2.0000 2.4450
2.0000 1.6767
2.0000 3.0761
2.0000 2.7203
2.0000 3.4791
2.0000 2.6804
2.0000 2.8997
2.0000 3.2053
2.0000 3.3753
2.0000 2.5740
2.0000 2.6973
2.0000 2.2826
2.0000 3.1599
2.0000 2.1385
2.0000 2.4226
2.0000 2.6148
2.0000 2.6304
2.0000 2.8952
2.0000 2.5700
2.0000 2.9550
2.0000 3.4017
2.0000 2.6391
2.0000 3.5933
2.0000 2.4087
2.0000 2.6917
2.0000 2.6561
2.0000 2.7733
2.0000 3.8257
2.0000 3.1469
2.0000 2.9612
2.0000 2.5190
2.0000 3.1069
2.0000 2.3802
2.0000 2.7521
2.0000 3.3397
2.0000 2.6834
2.0000 2.6366
2.0000 2.4262
2.0000 2.7526
2.0000 2.8966
2.0000 3.4186
2.0000 2.1054
2.0000 3.2087
2.0000 1.5930
2.0000 2.8246
2.0000 3.7564
2.0000 1.6410
2.0000 2.9832
2.0000 2.8618
2.0000 2.2342
2.0000 3.5960
2.0000 3.1189
2.0000 3.3473
2.0000 3.2701
2.0000 3.3344
2.0000 3.9172
2.0000 1.6720
2.0000 3.5515
2.0000 2.4995
2.0000 2.5672
2.0000 3.2759
2.0000 2.3865
2.0000 2.7087
2.0000 2.2930
2.0000 2.7534
2.0000 2.9264
2.0000 3.9926
2.0000 3.4947
2.0000 3.0157
2.0000 3.2418
2.0000 3.1000
2.0000 2.5010
2.0000 3.5684
2.0000 3.4471
2.0000 2.6756
2.0000 2.4173
2.0000 2.2930
2.0000 3.0723
2.0000 2.3369
2.0000 2.5040
2.0000 2.7745
2.0000 2.6731
2.0000 2.9005
2.0000 3.2146
2.0000 2.3613
2.0000 3.1515
2.0000 2.6044
2.0000 1.8879
2.0000 3.2590
2.0000 2.8498
2.0000 2.5899
2.0000 2.9502
2.0000 3.1725
2.0000 2.9166
2.0000 3.5324
2.0000 2.1074
2.0000 2.9282
2.0000 3.7993
2.0000 2.7923
2.0000 4.0027
2.0000 2.6098
2.0000 2.2548
2.0000 2.2401
2.0000 1.6249
2.0000 2.4390
2.0000 2.4406
2.0000 3.5915
2.0000 3.4539
2.0000 3.4603
2.0000 2.3656
2.0000 3.0811
2.0000 3.1344
2.0000 3.0483
2.0000 2.2830
2.0000 2.8729
2.0000 3.7395
2.0000 1.8378
2.0000 4.0898
2.0000 1.9476
2.0000 2.5084
2.0000 3.1286
2.0000 2.7103
2.0000 2.8448
2.0000 2.2579
2.0000 3.3774
2.0000 2.6274
2.0000 3.6771
2.0000 2.8960
2.0000 2.3099
2.0000 3.6472
2.0000 2.7286
2.0000 2.3080
2.0000 1.9941
2.0000 2.9000
2.0000 2.9156
2.0000 3.2279
2.0000 2.7712
2.0000 2.4890
2.0000 3.3132
2.0000 2.3843
2.0000 3.4062
2.0000 2.2520
2.0000 3.2367
2.0000 2.2445
2.0000 3.5867
2.0000 3.2459
2.0000 2.4292
2.0000 2.8348
2.0000 3.2385
2.0000 2.8127
2.0000 2.7505
2.0000 2.4094
2.0000 3.2358
2.0000 2.3287
2.0000 2.7718
2.0000 3.9709
2.0000 2.1770
2.0000 2.4318
2.0000 3.4106
2.0000 2.1252
2.0000 2.7282
2.0000 2.9925
2.0000 2.8083
2.0000 2.6613
2.0000 3.2154
2.0000 2.3639
2.0000 2.9411
2.0000 3.3569
2.0000 3.0433
2.0000 2.7909
2.0000 3.3944
2.0000 2.9708
2.0000 3.2644
2.0000 3.7572
2.0000 3.3852
2.0000 2.3312
2.0000 3.6387
2.0000 3.4814
2.0000 3.4077
2.0000 3.2517
2.0000 1.7512
2.0000 3.8040
2.0000 1.8407
2.0000 2.6715
2.0000 2.2233
2.0000 2.9186
2.0000 2.8917
2.0000 2.9634
2.0000 3.0887
2.0000 2.4434
2.0000 2.5017
2.0000 1.9101
2.0000 2.3568
2.0000 3.0708
2.0000 3.7220
2.0000 3.0505
2.0000 2.9974
2.0000 2.5259
2.0000 2.8020
2.0000 3.2102
2.0000 2.5035
2.0000 2.9474
2.0000 3.9281
2.0000 2.9296
2.0000 2.4946
2.0000 3.0193
2.0000 2.7733
2.0000 2.8323
2.0000 2.9720
2.0000 2.1363
2.0000 3.1499
2.0000 2.4185
2.0000 2.4361
2.0000 2.4378
2.0000 3.5265
2.0000 2.0115
2.0000 2.8324
2.0000 3.1686
2.0000 2.6803
2.0000 2.8700
2.0000 4.0289
2.0000 2.0748
2.0000 2.7386
2.0000 2.8806
2.0000 2.4743
2.0000 2.7045
2.0000 2.8914
2.0000 3.8281
2.0000 2.5884
2.0000 3.6385
2.0000 3.2168
2.0000 3.2261
2.0000 2.0092
2.0000 3.0949
2.0000 2.8635
2.0000 2.3983
2.0000 2.9177
2.0000 2.8405
2.0000 2.7321
2.0000 2.5129
2.0000 2.4851
2.0000 3.2207
2.0000 2.4679
2.0000 3.1455
2.0000 3.0439
2.0000 3.6124
2.0000 2.4772
2.0000 3.3253
2.0000 2.7818
2.0000 2.2700
2.0000 3.3148
2.0000 3.7582
2.0000 1.8407
2.0000 3.6020
2.0000 3.4069
2.0000 2.4870
2.0000 2.6015
2.0000 2.2850
2.0000 3.8234
2.0000 2.5159
2.0000 2.6576
2.0000 3.4782
2.0000 2.5693
2.0000 2.9267
2.0000 1.3555
2.0000 3.2938
2.0000 3.2282
2.0000 2.9561
2.0000 2.9204
2.0000 3.2656
2.0000 2.7017
2.0000 3.1619
2.0000 3.1595
2.0000 2.9751
2.0000 1.9043
2.0000 2.2678
2.0000 2.0436
2.0000 1.9846
2.0000 2.3377
2.0000 2.3554
2.0000 1.5445
2.0000 2.4245
2.0000 2.1683
2.0000 2.0858
2.0000 1.3307
2.0000 3.0493
2.0000 2.8529
2.0000 3.0740
2.0000 2.6635
2.0000 1.6870
2.0000 3.4895
2.0000 2.7877
2.0000 4.1328
2.0000 3.2954
2.0000 2.3037
2.0000 2.6794
2.0000 2.2678
2.0000 2.5895
2.0000 2.4066
2.0000 2.6310
2.0000 2.5495
2.0000 3.5663
2.0000 2.1464
2.0000 2.5944
2.0000 2.9126
2.0000 2.2531
2.0000 3.1089
2.0000 2.3381
2.0000 3.1425
2.0000 2.6356
2.0000 3.1248
2.0000 3.1737
2.0000 2.3340
2.0000 3.0478
2.0000 2.2691
2.0000 3.1272
2.0000 4.1020
2.0000 2.3383
2.0000 2.2101
2.0000 2.6300
2.0000 2.7679
2.0000 2.3585
2.0000 2.1192
2.0000 2.6122
2.0000 2.5983
2.0000 3.3062
2.0000 3.0556
2.0000 3.0938
2.0000 1.9394
2.0000 3.3588
2.0000 2.3776
2.0000 3.3069
2.0000 2.9594
2.0000 3.3209
2.0000 1.9457
2.0000 2.7588
2.0000 2.5086
2.0000 3.0263
2.0000 3.3755
2.0000 3.4379
2.0000 3.7948
2.0000 3.2859
2.0000 2.7290
2.0000 3.5949
2.0000 2.6567
2.0000 2.8455
2.0000 2.6588
2.0000 1.7726
2.0000 3.1402
2.0000 3.0058
2.0000 1.7563
2.0000 2.4705
2.0000 2.0552
2.0000 2.0628
2.0000 3.3463
2.0000 2.9690
2.0000 3.0113
2.0000 2.8561
2.0000 2.2809
2.0000 2.9194
2.0000 2.5849
2.0000 2.8676
2.0000 3.0915
2.0000 2.2636
2.0000 3.1125
2.0000 2.9885
2.0000 3.4368
2.0000 2.7593
2.0000 2.3371
2.0000 2.9728
2.0000 3.4814
2.0000 1.5354
2.0000 3.1951
2.0000 2.5746
2.0000 3.0981
2.0000 3.0210
2.0000 2.4010
2.0000 3.2599
2.0000 3.0964
2.0000 3.5829
2.0000 2.4976
2.0000 1.9379
2.0000 3.0693
2.0000 3.2105
2.0000 2.9181
2.0000 2.3130
2.0000 3.2809
2.0000 2.9435
2.0000 2.5865
2.0000 2.5076
2.0000 2.6739
2.0000 2.8731
2.0000 2.7179
2.0000 2.6532
2.0000 2.1099
2.0000 2.9774
2.0000 2.3056
2.0000 2.7680
2.0000 2.4443
2.0000 3.8133
2.0000 3.6512
2.0000 3.1539
2.0000 2.7085
2.0000 2.7909
2.0000 2.7376
2.0000 2.6389
2.0000 2.9080
2.0000 3.0950
2.0000 3.3156
2.0000 2.5220
2.0000 1.9251
2.0000 2.8010
2.0000 2.2354
2.0000 3.4701
2.0000 2.3305
2.0000 2.6019
2.0000 3.1832
2.0000 2.3819
2.0000 3.2651
2.0000 2.2681
2.0000 2.5173
2.0000 2.1061
2.0000 2.8604
2.0000 2.6632
2.0000 2.1735
2.0000 2.7950
2.0000 3.2530
2.0000 3.3569
2.0000 3.4428
2.0000 1.8974
2.0000 2.8442
2.0000 2.3303
2.0000 2.5815
2.0000 2.5015
2.0000 2.7737
2.0000 2.1745
2.0000 2.9175
2.0000 2.9063
2.0000 2.6806
2.0000 2.4715
2.0000 3.0503
2.0000 2.5024
2.0000 2.1796
2.0000 2.6160
2.0000 3.0024
2.0000 1.9424
2.0000 2.7750
2.0000 2.2530
2.0000 2.8393
2.0000 3.2166
2.0000 2.5592
2.0000 2.4599
2.0000 3.0192
2.0000 1.7517
2.0000 2.9639
2.0000 3.9386
2.0000 2.3330
2.0000 2.9482
2.0000 3.1835
2.0000 3.7558
2.0000 1.7748
2.0000 2.4157
2.0000 2.6014
2.0000 2.8442
2.0000 2.3189
2.0000 2.7066
2.0000 4.2345
2.0000 3.1362
2.0000 3.0911
2.0000 2.4568
2.0000 3.4384
2.0000 2.4750
2.0000 2.8209
2.0000 2.6684
2.0000 2.4063
2.0000 0.9944
2.0000 2.3664
2.0000 3.9397
2.0000 2.5217
2.0000 2.1305
2.0000 1.9615
2.0000 2.9087
2.0000 2.6012
2.0000 2.8396
2.0000 2.4072
2.0000 2.9129
2.0000 3.6047
2.0000 2.6726
2.0000 3.2048
2.0000 1.9362
2.0000 2.9825
2.0000 3.0706
2.0000 2.6211
2.0000 3.4564
2.0000 3.2004
2.0000 3.2318
2.0000 2.8501
2.0000 2.8577
2.0000 2.7720
2.0000 2.7926
2.0000 2.4333
2.0000 2.1904
2.0000 2.1478
2.0000 2.7107
2.0000 3.2825
2.0000 2.8112
2.0000 1.8743
2.0000 1.9212
2.0000 2.8230
2.0000 2.3054
2.0000 3.7826
2.0000 2.8189
2.0000 2.9516
2.0000 2.5872
2.0000 2.4604
2.0000 3.2545
2.0000 1.8869
2.0000 2.8050
2.0000 2.2109
2.0000 1.7166
2.0000 2.7070
2.0000 2.9290
2.0000 2.3019
2.0000 3.1819
2.0000 3.4441
2.0000 3.3269
2.0000 2.7877
2.0000 2.8733
2.0000 3.2419
2.0000 3.1400
2.0000 2.5395
2.0000 2.3495
2.0000 3.1124
2.0000 1.7590
2.0000 3.1170
2.0000 3.9543
2.0000 2.0600
2.0000 2.6765
2.0000 3.4232
2.0000 2.4920
2.0000 1.8044
2.0000 2.6409
2.0000 3.1805
2.0000 2.1476
2.0000 2.6075
2.0000 2.3606
2.0000 3.9146
2.0000 2.6919
2.0000 3.1499
2.0000 2.1877
2.0000 2.6441
2.0000 3.4853
2.0000 2.7074
2.0000 3.0010
2.0000 3.6236
2.0000 2.9806
2.0000 2.6554
2.0000 2.6862
2.0000 1.7884
2.0000 3.5620
2.0000 3.6062
2.0000 3.3479
2.0000 2.8359
2.0000 3.2456
2.0000 3.5920
2.0000 3.2074
2.0000 2.9067
2.0000 2.4756
2.0000 3.0417
2.0000 3.3024
2.0000 1.8266
2.0000 2.9414
2.0000 2.7846
2.0000 1.8725
2.0000 3.2220
2.0000 3.2916
2.0000 2.6954
2.0000 2.4028
2.0000 3.1438
2.0000 1.9844
2.0000 2.7351
2.0000 2.1217
2.0000 3.1081
2.0000 2.8793
2.0000 2.2251
2.0000 2.0284
2.0000 3.2859
2.0000 2.9753
2.0000 2.8719
2.0000 2.0705
2.0000 2.7673
2.0000 2.1822
2.0000 3.3760
2.0000 2.8399
2.0000 2.9396
2.0000 1.8742
2.0000 2.7443
2.0000 3.9154
2.0000 1.9347
2.0000 2.5953
2.0000 4.1049
2.0000 3.0324
2.0000 2.0325
2.0000 2.2592
2.0000 2.3363
2.0000 2.0003
2.0000 3.4891
2.0000 2.7128
2.0000 2.2971
2.0000 2.9358
2.0000 2.6277
2.0000 2.8360
2.0000 2.1651
2.0000 2.7322
2.0000 3.1880
2.0000 2.8595
2.0000 2.9382
2.0000 3.3593
2.0000 1.7706
2.0000 3.6630
2.0000 3.2532
2.0000 3.4169
2.0000 3.6347
2.0000 2.8462
2.0000 2.6158
2.0000 3.0050
2.0000 2.4754
2.0000 2.8792
2.0000 2.7608
2.0000 3.6664
2.0000 2.7208
2.0000 2.9921
2.0000 2.7838
2.0000 3.6910
2.0000 3.2631
2.0000 1.9337
2.0000 1.8797
2.0000 3.3715
2.0000 2.8159
2.0000 2.8289
2.0000 2.6738
2.0000 1.6093
2.0000 3.3630
2.0000 2.8094
2.0000 2.7595
2.0000 2.0490
2.0000 2.9060
2.0000 3.3230
2.0000 1.9104
2.0000 2.6534
2.0000 3.5745
2.0000 3.4917
2.0000 2.6408
2.0000 3.8104
2.0000 2.5056
2.0000 3.2211
2.0000 3.3559
2.0000 2.0396
2.0000 3.3007
2.0000 2.1997
2.0000 2.2042
2.0000 2.9305
2.0000 1.7829
2.0000 2.4856
2.0000 4.2709
2.0000 2.5468
2.0000 2.3843
2.0000 2.3803
2.0000 2.0130
2.0000 2.1989
2.0000 1.9415
2.0000 2.7135
2.0000 3.4328
2.0000 2.8214
2.0000 2.4642
2.0000 2.3437
2.0000 2.7325
2.0000 2.9342
2.0000 3.8500
2.0000 3.0549
2.0000 4.0982
2.0000 2.7506
2.0000 3.3838
2.0000 3.7171
2.0000 3.7933
2.0000 3.5013
2.0000 2.2891
2.0000 2.8417
2.0000 2.4752
2.0000 2.3663
2.0000 2.7539
2.0000 2.4822
2.0000 2.9521
2.0000 3.1930
2.0000 2.2828
2.0000 2.2821
2.0000 2.8711
2.0000 3.5112
2.0000 3.7939
2.0000 3.0732
2.0000 2.8134
2.0000 3.8207
2.0000 3.2155
2.0000 1.8641
2.0000 2.5429
2.0000 2.3070
2.0000 2.9103
2.0000 2.2320
2.0000 2.5990
2.0000 2.1105
2.0000 3.3537
2.0000 3.2692
2.0000 3.3005
2.0000 2.2515
2.0000 3.3745
2.0000 2.7928
2.0000 3.0324
2.0000 2.3946
2.0000 2.6002
2.0000 3.1382
2.0000 3.2716
2.0000 3.0440
2.0000 2.8295
2.0000 2.3363
2.0000 3.3754
2.0000 2.8200
2.0000 3.1051
2.0000 3.2212
2.0000 2.4709
2.0000 2.8785
2.0000 2.7118
2.0000 2.0663
2.0000 2.7420
2.0000 1.6714
2.0000 2.2027
2.0000 2.7321
2.0000 2.4955
2.0000 3.0651
2.0000 2.5631
2.0000 3.0945
2.0000 2.5209
2.0000 2.6535
2.0000 3.5995
2.0000 3.1194
2.0000 3.5748
2.0000 3.1653
2.0000 2.7511
2.0000 3.7788
2.0000 2.5763
2.0000 2.1151
2.0000 1.9529
2.0000 2.5605
2.0000 3.4431
2.0000 3.0609
2.0000 2.9165
2.0000 2.3944
2.0000 2.7543
2.0000 2.7584
2.0000 2.3053
2.0000 4.2174
2.0000 2.8993
2.0000 2.4036
2.0000 2.3380
2.0000 2.2958
2.0000 2.3460
2.0000 2.6698
2.0000 2.7288
2.0000 2.5816
2.0000 2.8259
2.0000 3.3238
2.0000 2.7297
2.0000 3.5981
2.0000 2.8331
2.0000 3.0098
2.0000 2.1575
2.0000 1.8159
2.0000 3.1148
2.0000 3.5946
2.0000 1.8991
2.0000 3.4410
2.0000 3.3330
2.0000 1.9387
2.0000 2.7597
2.0000 2.5521
2.0000 3.5040
2.0000 2.5688
2.0000 2.6974
2.0000 2.5148
2.0000 3.4749
2.0000 3.2720
2.0000 4.1888
2.0000 3.2073
2.0000 2.5327
2.0000 2.4797
2.0000 2.5617
2.0000 2.1175
2.0000 2.2266
2.0000 2.8646
2.0000 2.3548
2.0000 3.4390
2.0000 2.8362
2.0000 3.0203
2.0000 3.9817
2.0000 1.9495
2.0000 2.4033
2.0000 3.2163
2.0000 2.2322
2.0000 2.0410
2.0000 3.6968
2.0000 3.0001
2.0000 3.0052
2.0000 3.2034
2.0000 2.2081
2.0000 3.5497
2.0000 2.8960
2.0000 2.7285
2.0000 2.9363
2.0000 3.5265
2.0000 2.4858
2.0000 2.5915
2.0000 1.8664
2.0000 2.3905
2.0000 3.2725
2.0000 2.2511
2.0000 2.4472
2.0000 2.9692
2.0000 2.4021
2.0000 3.0091
2.0000 2.8668
2.0000 2.7270
2.0000 1.9942
2.0000 3.2491
2.0000 2.4412
2.0000 3.5321
2.0000 2.6155
2.0000 2.9358
2.0000 3.7809
2.0000 3.5034
2.0000 2.8442
2.0000 3.2651
2.0000 3.1008
2.0000 1.9893
2.0000 2.7181
2.0000 2.2309
2.0000 2.2077
2.0000 2.0427
2.0000 1.8257
2.0000 1.8991
2.0000 3.2485
2.0000 3.5695
2.0000 2.8693
2.0000 2.9112
2.0000 2.6147
2.0000 3.6504
2.0000 2.1133
2.0000 2.1981
2.0000 3.6935
2.0000 3.8115
2.0000 2.6614
2.0000 2.6586
2.0000 2.0780
2.0000 3.0782
2.0000 2.3304
2.0000 2.8402
2.0000 2.8805
2.0000 3.8744
2.0000 2.3325
2.0000 1.7720
2.0000 2.5674
2.0000 2.8011
2.0000 2.0981
2.0000 3.7291
2.0000 4.2722
2.0000 2.6004
2.0000 1.9916
2.0000 3.3235
2.0000 2.4366
2.0000 3.0470
2.0000 2.7849
2.0000 3.1097
2.0000 2.5457
2.0000 2.8836
2.0000 3.7792
2.0000 2.7019
2.0000 2.5758
2.0000 3.1717
2.0000 2.7067
2.0000 2.5552
2.0000 3.4700
2.0000 3.3152
2.0000 3.8023
2.0000 2.9079
2.0000 2.0388
2.0000 2.5952
2.0000 3.3812
2.0000 2.6944
2.0000 3.8506
2.0000 3.0025
2.0000 2.3556
2.0000 3.2991
2.0000 2.5776
2.0000 3.0688
2.0000 4.3622
2.0000 2.3488
2.0000 2.7328
2.0000 3.2912
2.0000 2.2975
2.0000 2.8865
2.0000 2.7319
2.0000 2.6588
2.0000 3.0655
2.0000 2.6741
2.0000 2.6772
2.0000 3.2134
2.0000 3.7473
2.0000 2.3453
2.0000 2.6687
2.0000 2.9704
2.0000 2.9029
2.0000 2.1487
2.0000 2.6932
2.0000 2.5844
2.0000 2.9619
2.0000 3.4791
2.0000 3.5013
2.0000 2.6107
2.0000 2.0204
2.0000 3.8207
2.0000 2.5340
2.0000 2.9853
2.0000 2.9471
2.0000 3.3191
2.0000 3.7256
2.0000 3.7206
2.0000 3.7506
2.0000 2.6460
2.0000 3.3436
2.0000 2.8851
2.0000 4.0668
2.0000 2.9297
2.0000 3.3387
2.0000 2.4575
2.0000 2.9319
2.0000 3.0669
2.0000 2.3357
2.0000 2.4741
2.0000 2.4544
2.0000 2.9982
2.0000 3.4488
2.0000 3.2729
2.0000 2.6366
2.0000 3.0932
2.0000 3.3908
2.0000 2.7002
2.0000 3.5483
2.0000 2.6443
2.0000 2.8197
2.0000 2.7067
2.0000 3.0775
2.0000 2.3350
2.0000 3.3765
2.0000 2.2482
2.0000 2.9108
2.0000 2.2064
2.0000 3.2226
2.0000 1.9219
2.0000 2.9143
2.0000 2.1242
2.0000 2.9674
2.0000 2.8035
2.0000 2.8209
2.0000 2.0811
2.0000 2.4641
2.0000 3.1688
2.0000 2.7864
2.0000 4.0347
2.0000 1.9442
2.0000 3.1647
2.0000 2.7428
2.0000 1.7727
2.0000 3.1461
2.0000 2.0722
2.0000 3.1010
2.0000 2.7066
2.0000 2.3822
2.0000 1.9608
2.0000 2.9116
2.0000 2.7172
2.0000 3.5744
2.0000 2.6695
2.0000 2.8802
2.0000 2.6596
2.0000 2.7334
2.0000 3.4766
2.0000 3.0752
2.0000 4.1048
2.0000 2.4771
2.0000 3.5701
2.0000 2.5892
2.0000 2.9314
2.0000 2.4237
2.0000 3.5180
2.0000 3.2986
2.0000 1.2230
2.0000 2.7437
2.0000 2.1525
2.0000 2.4850
2.0000 1.7849
2.0000 2.6024
2.0000 2.6476
2.0000 2.9938
2.0000 2.6473
2.0000 2.5868
2.0000 3.4072
2.0000 3.2523
2.0000 3.4614
2.0000 1.8414
2.0000 3.1964
2.0000 2.0964
2.0000 3.0271
2.0000 2.5269
2.0000 3.4300
2.0000 1.9466
2.0000 3.9026
2.0000 1.8542
2.0000 2.4375
2.0000 2.3587
2.0000 2.2968
2.0000 2.5263
2.0000 2.2380
2.0000 3.6403
2.0000 3.7154
2.0000 3.6871
2.0000 3.6630
2.0000 2.9744
2.0000 3.2053
2.0000 3.3697
2.0000 2.8287
2.0000 3.9755
2.0000 3.0634
2.0000 2.9046
2.0000 3.3509
2.0000 3.3572
2.0000 3.4868
2.0000 3.5529
2.0000 2.4885
2.0000 3.0493
2.0000 3.4474
2.0000 3.6565
2.0000 3.4447
2.0000 3.7378
2.0000 3.4796
2.0000 2.8149
2.0000 2.1392
2.0000 2.1604
2.0000 3.1660
2.0000 2.4452
2.0000 3.2407
2.0000 3.8141
2.0000 3.2439
2.0000 2.6734
2.0000 2.8757
2.0000 2.7119
2.0000 2.9806
2.0000 3.7224
2.0000 3.1902
2.0000 3.1902
2.0000 2.5133
2.0000 3.5595
2.0000 3.7626
2.0000 3.2582
2.0000 3.5324
2.0000 2.1313
2.0000 2.6612
2.0000 1.4418
2.0000 2.6726
2.0000 2.4650
2.0000 2.6067
2.0000 2.8804
2.0000 2.5747
2.0000 2.2991
2.0000 3.1309
2.0000 2.7126
2.0000 2.8876
2.0000 2.7131
2.0000 3.4809
2.0000 2.9644
2.0000 3.2739
2.0000 3.3620
2.0000 2.2592
2.0000 3.1655
2.0000 2.1420
2.0000 3.4325
2.0000 2.1073
2.0000 4.2810
2.0000 2.1525
2.0000 2.7853
2.0000 2.9692
2.0000 4.0939
2.0000 2.3961
2.0000 2.1772
2.0000 2.8628
2.0000 3.7590
2.0000 2.9391
2.0000 1.7609
2.0000 2.1207
2.0000 2.3857
2.0000 2.8961
2.0000 2.0673
2.0000 2.7905
2.0000 3.0450
2.0000 2.7305
2.0000 4.5119
2.0000 1.9541
2.0000 1.6347
2.0000 2.9155
2.0000 2.7427
2.0000 2.9846
2.0000 3.0795
2.0000 2.0857
2.0000 2.8682
2.0000 4.4763
2.0000 2.3555
2.0000 3.2645
2.0000 3.1968
2.0000 3.3044
2.0000 2.9028
2.0000 2.2679
2.0000 2.8200
2.0000 2.5578
2.0000 3.6528
2.0000 2.5338
2.0000 2.8990
2.0000 2.6781
2.0000 2.5320
2.0000 2.5589
2.0000 2.5875
2.0000 3.4272
2.0000 2.8504
2.0000 1.9205
2.0000 3.0029
2.0000 1.2851
2.0000 2.3741
2.0000 2.2064
2.0000 1.9117
2.0000 2.6780
2.0000 2.4464
2.0000 2.9560
2.0000 3.0209
2.0000 2.9391
2.0000 3.0234
2.0000 2.3357
2.0000 2.8643
2.0000 2.1771
2.0000 2.9251
2.0000 2.5196
2.0000 3.0625
2.0000 3.1811
2.0000 3.3515
2.0000 2.5439
2.0000 2.6270
2.0000 2.7743
2.0000 1.9554
2.0000 3.0877
2.0000 3.0061
2.0000 3.0051
2.0000 2.8894
2.0000 3.3766
2.0000 2.9563
2.0000 3.0103
2.0000 3.0448
2.0000 2.8585
2.0000 2.8929
2.0000 2.5714
2.0000 3.1583
2.0000 3.1050
2.0000 3.0561
2.0000 2.6160
2.0000 2.4142
2.0000 3.6213
2.0000 2.5506
2.0000 2.3676
2.0000 3.3916
2.0000 3.0402
2.0000 3.2266
2.0000 3.4935
2.0000 2.0639
2.0000 2.4832
2.0000 3.2740
2.0000 3.2866
2.0000 3.3765
2.0000 3.1035
2.0000 2.4021
2.0000 2.7602
2.0000 2.9053
2.0000 2.5138
2.0000 2.4408
2.0000 2.6681
2.0000 2.6948
2.0000 3.2225
2.0000 3.2321
2.0000 2.4844
2.0000 2.5494
2.0000 2.0988
2.0000 2.8821
2.0000 2.3568
2.0000 2.0597
2.0000 2.9974
2.0000 2.7004
2.0000 2.7566
2.0000 3.8855
2.0000 2.4614
2.0000 2.5686
2.0000 2.2788
2.0000 2.8965
2.0000 3.3190
2.0000 2.0592
2.0000 3.8903
2.0000 2.8093
2.0000 2.7828
2.0000 2.4118
2.0000 3.2576
2.0000 3.1678
2.0000 2.4547
2.0000 2.6652
2.0000 2.3037
2.0000 2.8190
2.0000 2.4194
2.0000 3.5226
2.0000 3.3195
2.0000 3.4359
2.0000 2.6522
2.0000 2.4611
2.0000 2.6128
2.0000 2.7189
2.0000 2.5098
2.0000 2.7241
2.0000 3.1472
2.0000 2.8463
2.0000 3.0351
2.0000 3.1814
2.0000 2.5969
2.0000 2.8429
2.0000 3.0046
2.0000 2.9529
2.0000 2.9565
2.0000 2.2583
2.0000 3.3182
2.0000 4.1599
2.0000 3.4631
2.0000 2.7216
2.0000 3.8299
2.0000 2.2688
2.0000 2.3628
2.0000 2.4642
2.0000 3.0436
2.0000 2.9770
2.0000 2.6538
2.0000 2.3611
