23.0000 23.1161
23.0000 23.0992
23.0000 23.0566
23.0000 23.0425
23.0000 22.7948
23.0000 23.1906
23.0000 23.1966
23.0000 23.3354
23.0000 23.3284
23.0000 22.2068
23.0000 23.1135
23.0000 23.1697
23.0000 23.0452
23.0000 21.7978
23.0000 23.6235
23.0000 21.7877
23.0000 23.1709
23.0000 22.8204
23.0000 22.3560
23.0000 23.6760
23.0000 22.6641
23.0000 23.5790
23.0000 23.4262
23.0000 24.3256
23.0000 22.3968
23.0000 22.2900
23.0000 22.6947
23.0000 21.6127
23.0000 23.5971
23.0000 23.4372
23.0000 24.0775
23.0000 22.7362
23.0000 23.4481
23.0000 22.8160
23.0000 22.7274
23.0000 22.6091
23.0000 23.5149
23.0000 22.4075
23.0000 22.8755
23.0000 23.3606
23.0000 24.2060
23.0000 23.6526
23.0000 23.5204
23.0000 22.1614
23.0000 23.2327
23.0000 23.2230
23.0000 22.7627
23.0000 22.1343
23.0000 22.8599
23.0000 23.2096
23.0000 23.2333
23.0000 23.8010
23.0000 23.2893
23.0000 22.9863
23.0000 22.7296
23.0000 23.3258
23.0000 23.7457
23.0000 23.0958
23.0000 21.9696
23.0000 22.2354
23.0000 22.4564
23.0000 23.2783
23.0000 22.6435
23.0000 22.7369
23.0000 23.2336
23.0000 23.0426
23.0000 22.2835
23.0000 22.9467
23.0000 22.4681
23.0000 22.8011
23.0000 23.2150
23.0000 22.8413
23.0000 24.2761
23.0000 23.8631
23.0000 23.2076
23.0000 23.2139
23.0000 22.6722
23.0000 23.7735
23.0000 23.5856
23.0000 21.8793
23.0000 21.4020
23.0000 23.7498
23.0000 23.3572
23.0000 23.7041
23.0000 22.5892
23.0000 23.3799
23.0000 23.1584
23.0000 23.2196
23.0000 23.5621
23.0000 22.4882
23.0000 23.3603
23.0000 22.8130
23.0000 22.7501
23.0000 23.2728
23.0000 22.6963
23.0000 22.7769
23.0000 22.2003
23.0000 22.4455
23.0000 22.7346
23.0000 23.7920
23.0000 22.9522
23.0000 22.4624
23.0000 23.0311
23.0000 23.1726
23.0000 23.2160
23.0000 23.1349
23.0000 22.4226
23.0000 23.1137
23.0000 22.7588
23.0000 22.2854
23.0000 23.4994
23.0000 22.4239
23.0000 23.1948
23.0000 23.0851
23.0000 22.7992
23.0000 23.1836
23.0000 22.2610
23.0000 22.2302
23.0000 22.1338
23.0000 23.1673
23.0000 22.3345
23.0000 23.1750
23.0000 22.6982
23.0000 22.8836
23.0000 22.6149
23.0000 23.8006
23.0000 23.1358
23.0000 23.1460
23.0000 23.6323
23.0000 22.9278
23.0000 21.9909
23.0000 23.1171
23.0000 22.2943
23.0000 22.5725
23.0000 23.1936
23.0000 23.4175
23.0000 22.8874
23.0000 22.0672
23.0000 23.1556
23.0000 22.6390
23.0000 23.6891
23.0000 22.6371
23.0000 22.2117
23.0000 23.2500
23.0000 23.0662
23.0000 23.0852
23.0000 22.4934
23.0000 23.4222
23.0000 23.9990
23.0000 22.5572
23.0000 22.6688
23.0000 22.9193
23.0000 23.0270
23.0000 23.2530
23.0000 23.2638
23.0000 23.8560
23.0000 22.2150
23.0000 23.1200
23.0000 24.1287
23.0000 23.5390
23.0000 23.5796
23.0000 23.3732
23.0000 23.2587
23.0000 23.3286
23.0000 23.4169
23.0000 22.1701
23.0000 22.8661
23.0000 21.7857
23.0000 23.2720
23.0000 22.8407
23.0000 23.4659
23.0000 23.1550
23.0000 23.4550
23.0000 22.8972
23.0000 23.1637
23.0000 22.4063
23.0000 23.3514
23.0000 22.7499
23.0000 22.5222
23.0000 23.5550
23.0000 22.2896
23.0000 22.1974
23.0000 22.6782
23.0000 22.9784
23.0000 23.4053
23.0000 23.3257
23.0000 23.3420
23.0000 22.9570
23.0000 22.7437
23.0000 23.4106
23.0000 24.3096
23.0000 22.0607
23.0000 23.6066
23.0000 22.9327
23.0000 24.3061
23.0000 22.5981
23.0000 22.2565
23.0000 22.4832
23.0000 23.4217
23.0000 23.1623
23.0000 22.2379
23.0000 23.1675
23.0000 22.9932
23.0000 22.8058
23.0000 23.5074
23.0000 23.1669
23.0000 23.9745
23.0000 23.6867
23.0000 22.9767
23.0000 23.0324
23.0000 23.2604
23.0000 22.3540
23.0000 24.1744
23.0000 23.0561
23.0000 23.6975
23.0000 22.4622
23.0000 23.6428
23.0000 21.9403
23.0000 22.9954
23.0000 23.5345
23.0000 22.9858
23.0000 21.9630
23.0000 23.8421
23.0000 23.7118
23.0000 23.1400
23.0000 21.9961
23.0000 23.5607
23.0000 22.6338
23.0000 23.3671
23.0000 23.9809
23.0000 22.6235
23.0000 22.2729
23.0000 22.0725
23.0000 22.3995
23.0000 22.4858
23.0000 22.8130
23.0000 23.1822
23.0000 23.2120
23.0000 23.7581
23.0000 22.3667
23.0000 23.5271
23.0000 23.5445
23.0000 22.8225
23.0000 22.6191
23.0000 22.6363
23.0000 22.5867
23.0000 23.7855
23.0000 23.7134
23.0000 23.3160
23.0000 23.0781
23.0000 22.2366
23.0000 22.5680
23.0000 23.1605
23.0000 23.2160
23.0000 22.8307
23.0000 22.8249
23.0000 22.6119
23.0000 23.0562
23.0000 22.7708
23.0000 23.6534
23.0000 23.2131
23.0000 22.6650
23.0000 24.1908
23.0000 21.8323
23.0000 22.4649
23.0000 23.1176
23.0000 23.2232
23.0000 23.3729
23.0000 23.2608
23.0000 22.6550
23.0000 23.0182
23.0000 22.3457
23.0000 24.6897
23.0000 22.9598
23.0000 23.3665
23.0000 22.5678
23.0000 23.1121
23.0000 22.6311
23.0000 23.3281
23.0000 22.5683
23.0000 23.3027
23.0000 22.5705
23.0000 22.4997
23.0000 22.9601
23.0000 22.7458
23.0000 22.8604
23.0000 23.0367
23.0000 23.6625
23.0000 22.9377
23.0000 23.5452
23.0000 23.4233
23.0000 22.4978
23.0000 23.5112
23.0000 22.6646
23.0000 22.0487
23.0000 22.3507
23.0000 24.0444
23.0000 23.1551
23.0000 22.4135
23.0000 23.8945
23.0000 22.6663
23.0000 24.2125
23.0000 22.2705
23.0000 23.4975
23.0000 22.9137
23.0000 23.1186
23.0000 23.7041
23.0000 22.9670
23.0000 23.4779
23.0000 23.9419
23.0000 23.9319
23.0000 23.5770
23.0000 22.3282
23.0000 23.6087
23.0000 24.0169
23.0000 23.8430
23.0000 23.2710
23.0000 22.4566
23.0000 22.7192
23.0000 23.4853
23.0000 23.5307
23.0000 22.8215
23.0000 23.2854
23.0000 23.9756
23.0000 22.7360
23.0000 22.2341
23.0000 21.9728
23.0000 23.8424
23.0000 22.2398
23.0000 22.6635
23.0000 23.9357
23.0000 22.8017
23.0000 22.4898
23.0000 22.4782
23.0000 23.1663
23.0000 23.2193
23.0000 23.2471
23.0000 22.7778
23.0000 23.6227
23.0000 22.3157
23.0000 23.0488
23.0000 21.6802
23.0000 23.4999
23.0000 22.1701
23.0000 23.3758
23.0000 22.4327
23.0000 23.8475
23.0000 23.1815
23.0000 22.6453
23.0000 22.6564
23.0000 23.0081
23.0000 23.6115
23.0000 23.9610
23.0000 23.4131
23.0000 23.0727
23.0000 22.5370
23.0000 22.8912
23.0000 23.3778
23.0000 23.1325
23.0000 23.0015
23.0000 22.3284
23.0000 22.1294
23.0000 22.3570
23.0000 22.0906
23.0000 22.1591
23.0000 22.2088
23.0000 22.2581
23.0000 22.6336
23.0000 23.8844
23.0000 22.6961
23.0000 23.1583
23.0000 22.8767
23.0000 23.0974
23.0000 22.6267
23.0000 23.1230
23.0000 23.9529
23.0000 23.0321
23.0000 22.3691
23.0000 23.3149
23.0000 24.5949
23.0000 22.1195
23.0000 21.8788
23.0000 23.7701
23.0000 23.2320
23.0000 22.5193
23.0000 22.8702
23.0000 22.9700
23.0000 23.2049
23.0000 23.1590
23.0000 23.0004
23.0000 22.0933
23.0000 23.0476
23.0000 23.5644
23.0000 22.7723
23.0000 22.9530
23.0000 23.4272
23.0000 22.2230
23.0000 22.3980
23.0000 22.7868
23.0000 22.5670
23.0000 22.7272
23.0000 22.9025
23.0000 23.3327
23.0000 22.7478
23.0000 22.8999
23.0000 22.4903
23.0000 22.8658
23.0000 23.0442
23.0000 24.1635
23.0000 21.7127
23.0000 23.0867
23.0000 23.0688
23.0000 22.3697
23.0000 24.1397
23.0000 23.6858
23.0000 23.3614
23.0000 22.4542
23.0000 23.3655
23.0000 24.0012
23.0000 23.7249
23.0000 23.4156
23.0000 22.3845
23.0000 23.1381
23.0000 23.4459
23.0000 22.5032
23.0000 22.1480
23.0000 22.0739
23.0000 22.2906
23.0000 23.9400
23.0000 23.2699
23.0000 23.8751
23.0000 23.4164
23.0000 23.0973
23.0000 22.6954
23.0000 23.1742
23.0000 22.3491
23.0000 24.4102
23.0000 22.7277
23.0000 22.8355
23.0000 24.2913
23.0000 22.4288
23.0000 23.3146
23.0000 22.8580
23.0000 22.9663
23.0000 23.1846
23.0000 23.0107
23.0000 24.2400
23.0000 22.2928
23.0000 23.3725
23.0000 22.5980
23.0000 23.8845
23.0000 23.1259
23.0000 22.2299
23.0000 22.7208
23.0000 22.6389
23.0000 22.9497
23.0000 23.4990
23.0000 22.7902
23.0000 22.8420
23.0000 22.7692
23.0000 22.4203
23.0000 22.8038
23.0000 22.5647
23.0000 23.1713
23.0000 22.8749
23.0000 23.0797
23.0000 22.5667
23.0000 23.2983
23.0000 22.3283
23.0000 22.6036
23.0000 23.4155
23.0000 23.0725
23.0000 23.3365
23.0000 22.9713
23.0000 22.8841
23.0000 22.5277
23.0000 22.5217
23.0000 22.8796
23.0000 22.2091
23.0000 22.6832
23.0000 22.5161
23.0000 22.9194
23.0000 22.2834
23.0000 22.7470
23.0000 24.1844
23.0000 23.0913
23.0000 24.3191
23.0000 22.8020
23.0000 22.5753
23.0000 22.3760
23.0000 22.8064
23.0000 22.8030
23.0000 23.1729
23.0000 22.9506
23.0000 23.0399
23.0000 23.3067
23.0000 22.4688
23.0000 23.5363
23.0000 23.3038
23.0000 22.6454
23.0000 23.6499
23.0000 22.3282
23.0000 22.3586
23.0000 23.4575
23.0000 23.4938
23.0000 23.0684
23.0000 22.4013
23.0000 21.9830
23.0000 21.9958
23.0000 23.0516
23.0000 23.4357
23.0000 23.0008
23.0000 22.8057
23.0000 23.9917
23.0000 23.1012
23.0000 23.0204
23.0000 22.1297
23.0000 23.3425
23.0000 22.4992
23.0000 22.9555
23.0000 23.5117
23.0000 23.8973
23.0000 23.2807
23.0000 23.2219
23.0000 23.9817
23.0000 23.1030
23.0000 22.5192
23.0000 23.0972
23.0000 22.4234
23.0000 22.3180
23.0000 23.0662
23.0000 24.1423
23.0000 23.5737
23.0000 21.8357
23.0000 23.2083
23.0000 23.6112
23.0000 23.5094
23.0000 23.0040
23.0000 22.3749
23.0000 23.4579
23.0000 23.4439
23.0000 22.8998
23.0000 22.6433
23.0000 22.2025
23.0000 22.6539
23.0000 23.4780
23.0000 23.2780
23.0000 23.1020
23.0000 22.6133
23.0000 23.6918
23.0000 23.4290
23.0000 22.7261
23.0000 23.4131
23.0000 23.1189
23.0000 22.5805
23.0000 22.8460
23.0000 22.7994
23.0000 22.2867
23.0000 23.1025
23.0000 21.5697
23.0000 22.4438
23.0000 23.1050
23.0000 22.8983
23.0000 22.5896
23.0000 23.6465
23.0000 21.8097
23.0000 23.4503
23.0000 22.9113
23.0000 22.6830
23.0000 23.1287
23.0000 22.8648
23.0000 24.0645
23.0000 23.4435
23.0000 22.1326
23.0000 22.1480
23.0000 23.4085
23.0000 23.7259
23.0000 23.6043
23.0000 23.6518
23.0000 22.8781
23.0000 24.1552
23.0000 22.3113
23.0000 22.7488
23.0000 23.1354
23.0000 24.2388
23.0000 22.9030
23.0000 22.3354
23.0000 22.6839
23.0000 23.4731
23.0000 23.2802
23.0000 22.1284
23.0000 23.3407
23.0000 23.1994
23.0000 22.2356
23.0000 22.8417
23.0000 23.7181
23.0000 22.4389
23.0000 23.6740
23.0000 23.2073
23.0000 23.5112
23.0000 22.4531
23.0000 23.6830
23.0000 22.3388
23.0000 22.8597
23.0000 23.8684
23.0000 22.2376
23.0000 22.2885
23.0000 22.3609
23.0000 22.8628
23.0000 23.1928
23.0000 22.8659
23.0000 22.6567
23.0000 22.5776
23.0000 22.8136
23.0000 23.3086
23.0000 23.2565
23.0000 23.6486
23.0000 22.3758
23.0000 22.6146
23.0000 23.5466
23.0000 23.1388
23.0000 22.2420
23.0000 23.0473
23.0000 23.0626
23.0000 23.8776
23.0000 23.5279
23.0000 22.8606
23.0000 22.6628
23.0000 23.2012
23.0000 23.0311
23.0000 23.4754
23.0000 22.8855
23.0000 23.2582
23.0000 23.0779
23.0000 23.0432
23.0000 23.2921
23.0000 22.8431
23.0000 23.4342
23.0000 22.2740
23.0000 22.5406
23.0000 23.1128
23.0000 22.1218
23.0000 22.0567
23.0000 22.7454
23.0000 22.6346
23.0000 23.1907
23.0000 22.3902
23.0000 22.1102
23.0000 23.3579
23.0000 23.0774
23.0000 22.1048
23.0000 22.8706
23.0000 22.7295
23.0000 23.0988
23.0000 22.5791
23.0000 22.0068
23.0000 23.6977
23.0000 22.1191
23.0000 23.0524
23.0000 22.8261
23.0000 23.6406
23.0000 22.2603
23.0000 21.6151
23.0000 22.4123
23.0000 22.6964
23.0000 22.1546
23.0000 22.4958
23.0000 21.9011
23.0000 23.2646
23.0000 22.7623
23.0000 23.0839
23.0000 22.3870
23.0000 24.1925
23.0000 23.0506
23.0000 23.0995
23.0000 22.2223
23.0000 22.2839
23.0000 22.1580
23.0000 23.1539
23.0000 22.9926
23.0000 22.1666
23.0000 23.1218
23.0000 23.5616
23.0000 23.3956
23.0000 23.0731
23.0000 23.5158
23.0000 22.5883
23.0000 22.2171
23.0000 22.2495
23.0000 23.7039
23.0000 22.1325
23.0000 23.8750
23.0000 23.9833
23.0000 22.4931
23.0000 22.0516
23.0000 22.4127
23.0000 23.9372
23.0000 22.5253
23.0000 23.5420
23.0000 23.1193
23.0000 22.6959
23.0000 23.5572
23.0000 23.0349
23.0000 22.5238
23.0000 23.0256
23.0000 23.4681
23.0000 22.0716
23.0000 22.6590
23.0000 22.5313
23.0000 23.3813
23.0000 22.5288
23.0000 22.7389
23.0000 22.7819
23.0000 22.8160
23.0000 23.4331
23.0000 23.4514
23.0000 22.8930
23.0000 22.6243
23.0000 21.8741
23.0000 23.2418
23.0000 23.4963
23.0000 22.8884
23.0000 22.6625
23.0000 23.3856
23.0000 23.0125
23.0000 22.8202
23.0000 23.3965
23.0000 21.7523
23.0000 23.5090
23.0000 22.4489
23.0000 23.3941
23.0000 22.8085
23.0000 23.0373
23.0000 23.0820
23.0000 22.6154
23.0000 22.9802
23.0000 23.7054
23.0000 23.2886
23.0000 22.5473
23.0000 22.7429
23.0000 22.3889
23.0000 23.3538
23.0000 21.7235
23.0000 22.3850
23.0000 21.9985
23.0000 22.6130
23.0000 22.6388
23.0000 21.6175
23.0000 23.7572
23.0000 23.3253
23.0000 23.0518
23.0000 22.6156
23.0000 22.4347
23.0000 22.6259
23.0000 21.9951
23.0000 22.7393
23.0000 22.7450
23.0000 22.0512
23.0000 22.7850
23.0000 23.1138
23.0000 22.5778
23.0000 23.1023
23.0000 22.1979
23.0000 23.0223
23.0000 22.3320
23.0000 22.3150
23.0000 22.9850
23.0000 23.6136
23.0000 23.3474
23.0000 22.9440
23.0000 23.2725
23.0000 22.5470
23.0000 24.1099
23.0000 23.5239
23.0000 23.0361
23.0000 23.4605
23.0000 23.3701
23.0000 24.2042
23.0000 23.0324
23.0000 21.7945
23.0000 23.8952
23.0000 22.3597
23.0000 23.1391
23.0000 22.4801
23.0000 23.4767
23.0000 22.1873
23.0000 22.8372
23.0000 22.8253
23.0000 22.7462
23.0000 22.1926
23.0000 23.1607
23.0000 22.3664
23.0000 23.0865
23.0000 23.2031
23.0000 22.6755
23.0000 22.1788
23.0000 23.1367
23.0000 23.2797
23.0000 23.6715
23.0000 23.6298
23.0000 22.3232
23.0000 22.6950
23.0000 23.0183
23.0000 22.7031
23.0000 22.6536
23.0000 23.7812
23.0000 21.8145
23.0000 22.9211
23.0000 22.6815
23.0000 23.0574
23.0000 22.6463
23.0000 23.7667
23.0000 23.3265
23.0000 23.2279
23.0000 23.7018
23.0000 23.3875
23.0000 22.6926
23.0000 23.4886
23.0000 23.4511
23.0000 23.6913
23.0000 23.2650
23.0000 23.1063
23.0000 22.8056
23.0000 23.6607
23.0000 21.2602
23.0000 21.8897
23.0000 23.0158
23.0000 23.2328
23.0000 21.9030
23.0000 22.5589
23.0000 23.4702
23.0000 23.0500
23.0000 22.9299
23.0000 23.6392
23.0000 22.8961
23.0000 22.7569
23.0000 22.9496
23.0000 22.5345
23.0000 22.3384
23.0000 22.3372
23.0000 23.4437
23.0000 23.7323
23.0000 23.1119
23.0000 23.2003
23.0000 23.9691
23.0000 23.8800
23.0000 23.0957
23.0000 22.5736
23.0000 23.3488
23.0000 22.6804
23.0000 23.0348
23.0000 22.1567
23.0000 23.4587
23.0000 23.3313
23.0000 22.2467
23.0000 23.2204
23.0000 21.8383
23.0000 23.4347
23.0000 23.3143
23.0000 22.9100
23.0000 22.7162
23.0000 22.4799
23.0000 23.2160
23.0000 23.7120
23.0000 23.5048
23.0000 23.0678
23.0000 22.0191
23.0000 23.8618
23.0000 23.5886
23.0000 22.8490
23.0000 23.4634
23.0000 22.8682
23.0000 22.8284
23.0000 23.1181
23.0000 22.1769
23.0000 22.9542
23.0000 22.5508
23.0000 23.1303
23.0000 23.7451
23.0000 22.2322
23.0000 23.1842
23.0000 22.8433
23.0000 23.4101
23.0000 22.9090
23.0000 22.7491
23.0000 22.6776
23.0000 23.4795
23.0000 22.7766
23.0000 23.0647
23.0000 22.4672
23.0000 23.4438
23.0000 22.7754
23.0000 23.3056
23.0000 23.4460
23.0000 23.1272
23.0000 23.1895
23.0000 22.2285
23.0000 22.5998
23.0000 22.5469
23.0000 23.1287
23.0000 23.7373
23.0000 22.1392
23.0000 23.8135
23.0000 23.4766
23.0000 22.2537
23.0000 21.7612
23.0000 22.8233
23.0000 24.0204
23.0000 22.7108
23.0000 22.7792
23.0000 23.2318
23.0000 21.7576
23.0000 21.7879
23.0000 23.0678
23.0000 23.2016
23.0000 22.4954
23.0000 23.2331
23.0000 22.8661
23.0000 22.4560
23.0000 22.1150
23.0000 23.1826
23.0000 22.8115
23.0000 22.9636
23.0000 22.6499
23.0000 23.5604
23.0000 23.3581
23.0000 22.4021
23.0000 21.8901
23.0000 22.5862
23.0000 21.5925
23.0000 23.6743
23.0000 21.9795
23.0000 23.7124
23.0000 23.0578
23.0000 23.1223
23.0000 22.5304
23.0000 22.9064
23.0000 23.9264
23.0000 23.2752
23.0000 23.4117
23.0000 24.2567
23.0000 22.9829
23.0000 22.0951
23.0000 23.3640
23.0000 23.2784
23.0000 24.2820
23.0000 22.9695
23.0000 22.8442
23.0000 21.9542
23.0000 22.8342
23.0000 23.0180
23.0000 22.8009
23.0000 23.1935
23.0000 22.8655
23.0000 21.9956
23.0000 23.4546
23.0000 24.2900
23.0000 22.7754
23.0000 22.4344
23.0000 22.6232
23.0000 23.7793
23.0000 23.6064
23.0000 22.6143
23.0000 22.4824
23.0000 21.9688
23.0000 23.1455
23.0000 22.6563
23.0000 22.9134
23.0000 22.4060
23.0000 23.8982
23.0000 22.9773
23.0000 22.3263
23.0000 22.7820
23.0000 22.9735
23.0000 22.3019
23.0000 21.5332
23.0000 23.4200
23.0000 23.3158
23.0000 23.5791
23.0000 23.3954
23.0000 23.2636
23.0000 22.6013
23.0000 22.4455
23.0000 22.4841
23.0000 22.7067
23.0000 22.7016
23.0000 22.7741
23.0000 22.6869
23.0000 23.6320
23.0000 22.6974
23.0000 23.2808
23.0000 23.7567
23.0000 22.9472
23.0000 21.7864
23.0000 22.5698
23.0000 22.9408
23.0000 22.8780
23.0000 22.7532
23.0000 23.2164
23.0000 24.2709
23.0000 23.0562
23.0000 23.3114
23.0000 22.8131
23.0000 22.8890
23.0000 21.7063
23.0000 23.7368
23.0000 23.2926
23.0000 21.8109
23.0000 22.6666
23.0000 23.4007
23.0000 22.9457
23.0000 23.9344
23.0000 23.2121
23.0000 21.4209
23.0000 22.7948
23.0000 22.8752
23.0000 23.0023
23.0000 22.1810
23.0000 22.0846
23.0000 23.3433
23.0000 22.6965
23.0000 21.7787
23.0000 21.6545
23.0000 23.1435
23.0000 23.1346
23.0000 22.6612
23.0000 22.8308
23.0000 23.9850
23.0000 22.5631
23.0000 22.1272
23.0000 23.1048
23.0000 23.6705
23.0000 22.5853
23.0000 24.5539
23.0000 23.5639
23.0000 22.2257
23.0000 22.9758
23.0000 22.3799
23.0000 22.9080
23.0000 22.8083
23.0000 22.3247
23.0000 23.3433
23.0000 22.3931
23.0000 23.3447
23.0000 22.6009
23.0000 23.2497
23.0000 22.5105
23.0000 22.7902
23.0000 22.6139
23.0000 21.9183
23.0000 21.6940
23.0000 22.9816
23.0000 22.8819
23.0000 22.8125
23.0000 23.6829
23.0000 23.2088
23.0000 23.3098
23.0000 23.0613
23.0000 21.8802
23.0000 23.4134
23.0000 22.8351
23.0000 21.8364
23.0000 22.7653
23.0000 22.2937
23.0000 22.7912
23.0000 23.0147
23.0000 24.0329
23.0000 22.7617
23.0000 22.3224
23.0000 22.2584
23.0000 22.0590
23.0000 22.9959
23.0000 23.1478
23.0000 23.5293
23.0000 22.7204
23.0000 23.4717
23.0000 22.6735
23.0000 23.6631
23.0000 22.1019
23.0000 22.4940
23.0000 23.0142
23.0000 22.9231
23.0000 22.8623
23.0000 22.6961
23.0000 23.0636
23.0000 23.4859
23.0000 22.9009
23.0000 22.0376
23.0000 22.5381
23.0000 23.6277
23.0000 23.2646
23.0000 23.4510
23.0000 23.2319
23.0000 23.3173
23.0000 23.5686
23.0000 23.0088
23.0000 23.6330
23.0000 22.5345
23.0000 22.8828
23.0000 21.6435
23.0000 22.5849
23.0000 22.8236
23.0000 22.7787
23.0000 22.5717
23.0000 22.8436
23.0000 22.8455
23.0000 22.5026
23.0000 22.2706
23.0000 22.8792
23.0000 22.3797
23.0000 22.9445
23.0000 23.4599
23.0000 23.4834
23.0000 23.1489
23.0000 23.1687
23.0000 23.1086
23.0000 23.9200
23.0000 23.5631
23.0000 22.8451
23.0000 23.1759
23.0000 22.4848
23.0000 22.6576
23.0000 23.3960
23.0000 23.0471
23.0000 23.2124
23.0000 22.6628
23.0000 23.3655
23.0000 22.4214
23.0000 22.6322
23.0000 22.8207
23.0000 23.2476
23.0000 23.1933
23.0000 22.7933
23.0000 22.4073
23.0000 22.8037
23.0000 22.7695
23.0000 22.6258
23.0000 23.7495
23.0000 23.2882
23.0000 23.3347
23.0000 23.4543
23.0000 22.9715
23.0000 22.9369
23.0000 22.8437
23.0000 22.0461
23.0000 23.5980
23.0000 23.4636
23.0000 23.0368
23.0000 23.1954
23.0000 23.2269
23.0000 23.5938
23.0000 22.2779
23.0000 22.3741
23.0000 23.3176
23.0000 22.2709
23.0000 23.3192
23.0000 22.3905
23.0000 22.6673
23.0000 23.4584
23.0000 23.5990
23.0000 23.4518
23.0000 22.1146
23.0000 22.4670
23.0000 23.0156
23.0000 23.2528
23.0000 23.6231
23.0000 22.2535
23.0000 22.1849
23.0000 22.5611
23.0000 23.0215
23.0000 23.4049
23.0000 23.6854
23.0000 22.9347
23.0000 23.0991
23.0000 21.7394
23.0000 23.0341
23.0000 23.6905
23.0000 22.2659
23.0000 23.4994
23.0000 22.3783
23.0000 22.3474
23.0000 22.7862
23.0000 22.4002
23.0000 22.5119
23.0000 22.8612
23.0000 23.1766
23.0000 22.4651
23.0000 22.8637
23.0000 21.9659
23.0000 22.7446
23.0000 24.0706
23.0000 23.0086
23.0000 23.6956
23.0000 22.9029
23.0000 23.8129
23.0000 23.6591
23.0000 22.0144
23.0000 23.0884
23.0000 22.8916
23.0000 22.5833
23.0000 22.1640
23.0000 23.8336
23.0000 23.2451
23.0000 21.9163
23.0000 22.4894
23.0000 23.3789
23.0000 21.7322
23.0000 22.5229
23.0000 23.3138
23.0000 23.9779
23.0000 22.8546
23.0000 23.0055
23.0000 22.8780
23.0000 22.4431
23.0000 23.6641
23.0000 22.7109
23.0000 21.4345
23.0000 22.3498
23.0000 22.5931
23.0000 23.0073
23.0000 22.4276
23.0000 23.5520
23.0000 22.9513
23.0000 23.2149
23.0000 22.8997
23.0000 23.7064
23.0000 22.0155
23.0000 23.9593
23.0000 22.8821
23.0000 22.0244
23.0000 22.8317
23.0000 22.8313
23.0000 23.2924
23.0000 22.1174
23.0000 23.0318
23.0000 22.9533
23.0000 22.1915
23.0000 23.1847
23.0000 23.3660
23.0000 22.5898
23.0000 23.8556
23.0000 23.4423
23.0000 22.4962
23.0000 23.4149
23.0000 24.2705
23.0000 23.4233
23.0000 22.7721
23.0000 23.7368
23.0000 23.1211
23.0000 23.0556
23.0000 22.0054
23.0000 22.4688
23.0000 22.4195
23.0000 22.6133
23.0000 22.8969
23.0000 22.4049
23.0000 22.5863
23.0000 22.6447
23.0000 22.7612
23.0000 22.7943
23.0000 23.0107
23.0000 22.7463
23.0000 21.6262
23.0000 23.0560
23.0000 23.2380
23.0000 23.8149
23.0000 23.3908
23.0000 23.0564
23.0000 22.6265
23.0000 23.1048
23.0000 22.2726
23.0000 22.8317
23.0000 21.9637
23.0000 22.9357
23.0000 22.8153
23.0000 23.7281
23.0000 22.6493
23.0000 23.1437
23.0000 23.0166
23.0000 23.0746
23.0000 23.9323
23.0000 22.8085
23.0000 22.2508
23.0000 23.0397
23.0000 22.2219
23.0000 21.7219
23.0000 22.8580
23.0000 22.8098
23.0000 23.5807
23.0000 22.0937
23.0000 23.1223
23.0000 22.9042
23.0000 23.4901
23.0000 23.2800
23.0000 22.8311
23.0000 21.8266
23.0000 23.2046
23.0000 22.8079
23.0000 22.8072
23.0000 23.1448
23.0000 22.8231
23.0000 22.4791
23.0000 23.9296
23.0000 22.7868
23.0000 24.0543
23.0000 22.6370
23.0000 23.1486
23.0000 23.1254
23.0000 22.5669
23.0000 22.2005
23.0000 22.3838
23.0000 23.3977
23.0000 23.0644
23.0000 22.8358
23.0000 22.7498
23.0000 23.2466
23.0000 22.8718
23.0000 23.1206
23.0000 23.3662
23.0000 23.2801
23.0000 22.4949
23.0000 24.0227
23.0000 24.2541
23.0000 23.2444
23.0000 22.7738
23.0000 22.8820
23.0000 22.4480
23.0000 23.7234
23.0000 23.4644
23.0000 22.9979
23.0000 22.2985
23.0000 22.7708
23.0000 23.4590
23.0000 23.2347
23.0000 22.1918
23.0000 22.0968
23.0000 22.9563
23.0000 22.8471
23.0000 22.5379
23.0000 23.5769
23.0000 22.4046
23.0000 22.6725
23.0000 22.1471
23.0000 24.0219
23.0000 22.7940
23.0000 23.7271
23.0000 23.1557
23.0000 22.7331
23.0000 22.5250
23.0000 23.0898
23.0000 22.8133
23.0000 22.5254
23.0000 22.4418
23.0000 22.5388
23.0000 22.4261
23.0000 22.0348
23.0000 22.9681
23.0000 23.2439
23.0000 23.6930
23.0000 23.0887
23.0000 23.1646
23.0000 22.0631
23.0000 22.4464
23.0000 23.0514
23.0000 22.0117
23.0000 22.4228
23.0000 23.1885
23.0000 23.6445
23.0000 23.2227
23.0000 22.4162
23.0000 23.0836
23.0000 23.2002
23.0000 22.9902
23.0000 22.4327
23.0000 24.9370
23.0000 23.0365
23.0000 22.4560
23.0000 22.6856
23.0000 23.1373
23.0000 23.5969
23.0000 22.0454
23.0000 22.8691
23.0000 22.2748
23.0000 22.2851
23.0000 23.6750
23.0000 23.8648
23.0000 22.1164
23.0000 22.5642
23.0000 22.8494
23.0000 22.3951
23.0000 22.6601
23.0000 23.3515
23.0000 23.7833
23.0000 23.1324
23.0000 23.2959
23.0000 22.3283
23.0000 23.3755
23.0000 22.8223
23.0000 22.7873
23.0000 22.6581
23.0000 23.0638
23.0000 22.2703
23.0000 23.3651
23.0000 22.3182
23.0000 23.3700
23.0000 23.4094
23.0000 23.0774
23.0000 21.9250
23.0000 23.0121
23.0000 22.7752
23.0000 22.9219
23.0000 22.3549
23.0000 22.6160
23.0000 23.3496
23.0000 22.6510
23.0000 22.9060
23.0000 22.7758
23.0000 23.4022
23.0000 21.9669
23.0000 23.3516
23.0000 23.5248
23.0000 22.7703
23.0000 22.7187
23.0000 22.9852
23.0000 22.5382
23.0000 23.0067
23.0000 22.7979
23.0000 22.0228
23.0000 22.6332
23.0000 22.9536
23.0000 23.9426
23.0000 22.9565
23.0000 22.8847
23.0000 23.5258
23.0000 22.8916
23.0000 23.6236
23.0000 22.5986
23.0000 23.1356
23.0000 22.8021
23.0000 22.9052
23.0000 22.8877
23.0000 22.9163
23.0000 22.8204
23.0000 22.8484
23.0000 23.1320
23.0000 22.7427
23.0000 22.6602
23.0000 22.5132
23.0000 23.0894
23.0000 23.0981
23.0000 22.4631
23.0000 23.4486
23.0000 21.9679
23.0000 22.1816
23.0000 23.7495
23.0000 23.2661
23.0000 22.8985
23.0000 22.8866
23.0000 22.9101
23.0000 23.1249
23.0000 23.1613
23.0000 22.2611
23.0000 22.2114
23.0000 23.1945
23.0000 22.8989
23.0000 23.2009
23.0000 22.9013
23.0000 24.0489
23.0000 22.4766
23.0000 23.8643
23.0000 22.7975
23.0000 22.9896
23.0000 23.1062
23.0000 22.9720
23.0000 22.1666
23.0000 23.1177
23.0000 23.0191
23.0000 22.7593
23.0000 23.4894
23.0000 23.4215
23.0000 22.2844
23.0000 23.0013
23.0000 22.3300
23.0000 21.9054
23.0000 23.0864
23.0000 23.2535
23.0000 23.4674
23.0000 23.4801
23.0000 22.8006
23.0000 22.6593
23.0000 23.2665
23.0000 22.5008
23.0000 22.8046
23.0000 24.1763
23.0000 24.4002
23.0000 23.1001
23.0000 22.6836
23.0000 23.9955
23.0000 23.6652
23.0000 22.8252
23.0000 22.8493
23.0000 22.5326
23.0000 23.1290
23.0000 23.4619
23.0000 23.4563
23.0000 22.4764
23.0000 23.3464
23.0000 23.5624
23.0000 22.1286
23.0000 22.9170
23.0000 22.6162
23.0000 23.3452
23.0000 23.3412
23.0000 22.9829
23.0000 22.6515
23.0000 23.4561
23.0000 23.4581
23.0000 23.0816
23.0000 22.4514
23.0000 22.7718
23.0000 23.0582
23.0000 22.5063
23.0000 23.6301
23.0000 23.9268
23.0000 23.2122
23.0000 23.2913
23.0000 23.2215
23.0000 22.6297
23.0000 22.9858
23.0000 23.6211
23.0000 23.2027
23.0000 23.9069
23.0000 22.3866
23.0000 23.9294
23.0000 23.5384
23.0000 23.1828
23.0000 22.8545
23.0000 21.1269
23.0000 23.0097
23.0000 23.5563
23.0000 22.8920
23.0000 22.9939
23.0000 23.6948
23.0000 22.9299
23.0000 22.9726
23.0000 23.2865
23.0000 23.6800
23.0000 23.7788
23.0000 23.3435
23.0000 23.2215
23.0000 23.0536
23.0000 23.3820
23.0000 22.2990
23.0000 22.6817
23.0000 23.0940
23.0000 23.9461
23.0000 22.1187
23.0000 22.9182
23.0000 22.9212
23.0000 22.9385
23.0000 23.3689
23.0000 22.7277
23.0000 22.4438
23.0000 22.5362
23.0000 22.4787
23.0000 22.7950
23.0000 22.8489
23.0000 24.3341
23.0000 22.7696
23.0000 22.9403
23.0000 22.6838
23.0000 22.9001
23.0000 22.3103
23.0000 23.5046
23.0000 22.9020
23.0000 23.2542
23.0000 23.0864
23.0000 24.0292
23.0000 23.6953
23.0000 22.5724
23.0000 23.0981
23.0000 23.1310
23.0000 22.6832
23.0000 23.2061
23.0000 22.2289
23.0000 22.6298
23.0000 23.4915
23.0000 22.4116
23.0000 23.8979
23.0000 22.8555
23.0000 23.4424
23.0000 22.6291
23.0000 21.9087
23.0000 23.0090
23.0000 23.0984
23.0000 22.4265
23.0000 23.4909
23.0000 22.5395
23.0000 22.6625
23.0000 23.5343
23.0000 23.4164
23.0000 22.9935
23.0000 23.0172
23.0000 23.3867
23.0000 23.0926
23.0000 23.5680
23.0000 23.0728
23.0000 23.8498
23.0000 23.5900
23.0000 22.7975
23.0000 22.8751
23.0000 22.9867
23.0000 22.7624
23.0000 23.9684
23.0000 22.7263
23.0000 22.5957
23.0000 23.0241
23.0000 22.2352
23.0000 22.1475
23.0000 23.8439
23.0000 23.2380
23.0000 23.8870
23.0000 23.2139
23.0000 23.0848
23.0000 22.5112
23.0000 22.5648
23.0000 24.3470
23.0000 22.1338
23.0000 22.6598
23.0000 23.3202
23.0000 23.5974
23.0000 23.2524
23.0000 23.4054
23.0000 22.9379
23.0000 22.9660
23.0000 23.0157
23.0000 23.3648
23.0000 23.0029
23.0000 23.2684
23.0000 23.7307
23.0000 23.4066
23.0000 23.4256
23.0000 23.3962
23.0000 22.8981
23.0000 23.1345
23.0000 22.1392
23.0000 22.7940
23.0000 23.5676
23.0000 22.5967
23.0000 23.0621
23.0000 22.9761
23.0000 21.8664
23.0000 23.3099
23.0000 22.5440
23.0000 23.6636
23.0000 23.2866
23.0000 22.8375
23.0000 22.7315
23.0000 22.4459
23.0000 22.7514
23.0000 23.2987
23.0000 22.9935
23.0000 23.1657
23.0000 22.4711
23.0000 23.6226
23.0000 23.0198
23.0000 22.7132
23.0000 23.5330
23.0000 23.8149
23.0000 23.0285
23.0000 22.7858
23.0000 22.7992
23.0000 22.8123
23.0000 22.5927
23.0000 23.6975
23.0000 23.8966
23.0000 23.6174
23.0000 22.4806
23.0000 23.7183
23.0000 21.8069
23.0000 22.6108
23.0000 22.6796
23.0000 22.5541
23.0000 23.8346
23.0000 23.2612
23.0000 23.5740
23.0000 24.3035
23.0000 23.4908
23.0000 23.3139
23.0000 22.5027
23.0000 23.2257
23.0000 23.2128
23.0000 24.3996
23.0000 23.5127
23.0000 23.1327
23.0000 23.4061
23.0000 22.5132
23.0000 22.8477
23.0000 22.9556
23.0000 22.2661
23.0000 22.3038
23.0000 22.3691
23.0000 22.4619
23.0000 23.6993
23.0000 23.1188
23.0000 23.4745
23.0000 23.4145
23.0000 22.5599
23.0000 22.9669
23.0000 23.5863
23.0000 23.8309
23.0000 23.8881
23.0000 22.4670
23.0000 23.5959
23.0000 23.4169
23.0000 23.3647
23.0000 22.6110
23.0000 23.3745
23.0000 23.5237
23.0000 22.8398
23.0000 23.1738
23.0000 24.1727
23.0000 23.2006
23.0000 22.2714
23.0000 22.8363
23.0000 23.0263
23.0000 23.1846
23.0000 23.1406
23.0000 23.8138
23.0000 22.1274
23.0000 23.7939
23.0000 22.9055
23.0000 22.8339
23.0000 22.8476
23.0000 22.6498
23.0000 22.2621
23.0000 23.8344
23.0000 22.5023
23.0000 23.5103
23.0000 22.8520
23.0000 22.8711
23.0000 22.0388
23.0000 23.4103
23.0000 22.9736
23.0000 24.1123
23.0000 23.0220
23.0000 22.3959
23.0000 23.1488
23.0000 23.2754
23.0000 22.6563
23.0000 23.1015
23.0000 23.0518
23.0000 22.2311
23.0000 22.6580
23.0000 22.6889
23.0000 22.4314
23.0000 22.7212
23.0000 23.3667
23.0000 22.6018
23.0000 22.0266
23.0000 23.4953
23.0000 22.0422
23.0000 23.0918
23.0000 22.9223
23.0000 22.9460
23.0000 23.6530
23.0000 22.8186
23.0000 22.2986
23.0000 22.6455
23.0000 23.3308
23.0000 22.9188
23.0000 23.6917
23.0000 22.2964
23.0000 22.7177
23.0000 22.8456
23.0000 22.1566
23.0000 23.4245
23.0000 23.0591
23.0000 23.4429
23.0000 22.8447
23.0000 21.9743
23.0000 22.7372
23.0000 22.2588
23.0000 23.0568
23.0000 23.2052
23.0000 23.2801
23.0000 22.0974
23.0000 23.4083
23.0000 23.8084
23.0000 22.1623
23.0000 22.6780
23.0000 22.2795
23.0000 22.4052
23.0000 22.8884
23.0000 22.2553
23.0000 23.8151
23.0000 23.5667
23.0000 22.9575
23.0000 23.4111
23.0000 23.7134
23.0000 22.7183
23.0000 22.2872
23.0000 22.5774
23.0000 23.7948
23.0000 22.2252
23.0000 22.3438
23.0000 23.9120
23.0000 22.3757
23.0000 22.8722
23.0000 22.0466
23.0000 23.1690
23.0000 22.8785
23.0000 22.9465
23.0000 23.1578
23.0000 23.2567
23.0000 23.7875
23.0000 23.0744
23.0000 23.1985
23.0000 24.1990
23.0000 23.9265
23.0000 22.8522
23.0000 23.0615
23.0000 22.9332
23.0000 22.5081
23.0000 22.9734
23.0000 22.4803
23.0000 23.6389
23.0000 23.2776
23.0000 22.9672
23.0000 23.8268
23.0000 22.4298
23.0000 23.2527
23.0000 22.6296
23.0000 23.2303
23.0000 22.6206
23.0000 23.5346
23.0000 23.3129
23.0000 22.8362
23.0000 23.2246
23.0000 23.3726
23.0000 22.7457
23.0000 22.4742
23.0000 22.7925
23.0000 23.2530
23.0000 22.1904
23.0000 23.1467
23.0000 22.2314
23.0000 23.3055
23.0000 23.1373
23.0000 22.6962
23.0000 22.8416
23.0000 22.0956
23.0000 22.8801
23.0000 22.3837
23.0000 23.3856
23.0000 22.0337
23.0000 22.7019
23.0000 22.5386
23.0000 24.1341
23.0000 23.3925
23.0000 22.9008
23.0000 24.0528
23.0000 22.7449
23.0000 23.3964
23.0000 23.9180
23.0000 22.6703
23.0000 23.3391
23.0000 23.7245
23.0000 23.2216
23.0000 23.7385
23.0000 22.1766
23.0000 21.8624
23.0000 22.9455
23.0000 23.1145
23.0000 22.1574
23.0000 23.3214
23.0000 23.2416
23.0000 22.4011
23.0000 22.8461
23.0000 23.1411
23.0000 22.3319
23.0000 23.0487
23.0000 22.4169
23.0000 23.0755
23.0000 23.6200
23.0000 23.5056
23.0000 22.9761
23.0000 22.9105
23.0000 22.2817
23.0000 23.2837
23.0000 22.6475
23.0000 23.1001
23.0000 22.0787
23.0000 23.2458
23.0000 22.8638
23.0000 22.3136
23.0000 22.9498
23.0000 23.2606
23.0000 22.8752
23.0000 22.6847
23.0000 23.1849
23.0000 22.8694
23.0000 23.7734
23.0000 22.0110
23.0000 22.2576
23.0000 23.3216
23.0000 22.0880
23.0000 23.4660
23.0000 22.9633
23.0000 22.6914
23.0000 23.7012
23.0000 22.6877
23.0000 23.1014
23.0000 23.6926
23.0000 21.8873
23.0000 22.7376
23.0000 22.8747
23.0000 23.5473
23.0000 22.6790
23.0000 23.5199
23.0000 22.9000
23.0000 22.4787
23.0000 23.4194
23.0000 22.8281
23.0000 22.4574
23.0000 22.6956
23.0000 22.8362
23.0000 24.1103
23.0000 22.4443
23.0000 24.0698
23.0000 24.2382
23.0000 22.8911
23.0000 23.7829
23.0000 22.7805
23.0000 23.4404
23.0000 22.9865
23.0000 22.8365
23.0000 23.3223
23.0000 23.4456
23.0000 22.4232
23.0000 22.8934
23.0000 23.3320
23.0000 22.4976
23.0000 22.1923
23.0000 22.3001
23.0000 22.4720
23.0000 23.6944
23.0000 23.2969
23.0000 22.6856
23.0000 22.6571
23.0000 23.3100
23.0000 22.8478
23.0000 23.1586
23.0000 22.7722
23.0000 21.7018
23.0000 22.2265
23.0000 22.9763
23.0000 23.2246
23.0000 22.6250
23.0000 22.1174
23.0000 21.8859
23.0000 23.3634
23.0000 22.4419
23.0000 22.3595
23.0000 23.4156
23.0000 22.6355
23.0000 23.3149
23.0000 22.9276
23.0000 23.0917
23.0000 21.2488
23.0000 22.5310
23.0000 22.8637
23.0000 23.0903
23.0000 23.5259
23.0000 22.6924
23.0000 24.0414
23.0000 23.2418
23.0000 23.1501
23.0000 23.4723
23.0000 23.2180
23.0000 23.2729
23.0000 23.1590
23.0000 23.0541
23.0000 22.0277
23.0000 22.2153
23.0000 22.6477
23.0000 22.2027
23.0000 22.5698
23.0000 23.8865
23.0000 22.5499
23.0000 22.7230
23.0000 23.1386
23.0000 23.8593
23.0000 22.3559
23.0000 22.4722
23.0000 23.1449
23.0000 22.7538
23.0000 23.1114
23.0000 23.8582
23.0000 22.6061
23.0000 22.6432
23.0000 22.6618
23.0000 22.5304
23.0000 23.2425
23.0000 22.4964
23.0000 23.2136
23.0000 22.9380
23.0000 23.0819
23.0000 22.2286
23.0000 22.1782
23.0000 23.0421
23.0000 23.6060
23.0000 22.7457
23.0000 23.6837
23.0000 23.2572
23.0000 23.3668
23.0000 23.6024
23.0000 23.4576
23.0000 22.7729
23.0000 23.2650
23.0000 22.7068
23.0000 21.1867
23.0000 23.7274
23.0000 23.0703
23.0000 23.2450
23.0000 22.8856
23.0000 22.6172
23.0000 23.1622
23.0000 22.8822
23.0000 23.1106
23.0000 23.0352
23.0000 21.5523
23.0000 23.1216
23.0000 23.2905
23.0000 22.2616
23.0000 23.5232
23.0000 22.0010
23.0000 23.7178
23.0000 23.3634
23.0000 22.6249
23.0000 23.3231
23.0000 23.4323
23.0000 23.9995
23.0000 22.1814
23.0000 23.4608
23.0000 22.1080
23.0000 23.1211
23.0000 23.7274
23.0000 23.9528
23.0000 23.4077
23.0000 23.2611
23.0000 22.5467
23.0000 23.7091
23.0000 23.3348
23.0000 22.2833
23.0000 22.3692
23.0000 23.0541
23.0000 23.8744
23.0000 21.8854
23.0000 23.6740
23.0000 22.4686
23.0000 23.7150
23.0000 23.8629
23.0000 22.7874
23.0000 23.3160
23.0000 22.6060
23.0000 22.3765
23.0000 22.8477
23.0000 23.5814
23.0000 22.9192
23.0000 22.9915
23.0000 23.1254
23.0000 23.2998
23.0000 23.0232
23.0000 22.6320
23.0000 23.0423
23.0000 22.7897
23.0000 22.9044
23.0000 22.5456
23.0000 22.4677
23.0000 23.2746
23.0000 23.3371
23.0000 23.3516
23.0000 23.0170
23.0000 23.0270
23.0000 23.7364
23.0000 23.9089
23.0000 23.3107
23.0000 23.0222
23.0000 23.1897
23.0000 22.8592
23.0000 22.9123
23.0000 22.1647
23.0000 22.7111
23.0000 22.8126
23.0000 23.1885
23.0000 23.5609
23.0000 22.3926
23.0000 23.2038
23.0000 23.4614
23.0000 23.1396
23.0000 21.9343
23.0000 22.7042
23.0000 22.3418
23.0000 22.7694
23.0000 23.7011
23.0000 23.6927
23.0000 22.6843
23.0000 22.8313
23.0000 22.2561
23.0000 22.8505
23.0000 22.0631
23.0000 23.8245
23.0000 23.0137
23.0000 23.3455
23.0000 23.5571
23.0000 22.9573
23.0000 23.2766
23.0000 22.1829
23.0000 22.8244
23.0000 22.8682
23.0000 23.0404
23.0000 23.2394
23.0000 23.6658
23.0000 22.3060
23.0000 22.2384
23.0000 23.4778
23.0000 22.3672
23.0000 23.4284
23.0000 22.7563
23.0000 22.1700
23.0000 22.9130
23.0000 21.9391
23.0000 24.0028
23.0000 22.6665
23.0000 23.0057
23.0000 23.4735
23.0000 23.8517
23.0000 22.0862
23.0000 22.3523
23.0000 22.7022
23.0000 22.5089
23.0000 23.3308
23.0000 22.8685
23.0000 21.9245
23.0000 22.7923
23.0000 22.5722
23.0000 22.8059
23.0000 23.7089
23.0000 22.1513
23.0000 22.7677
23.0000 22.2858
23.0000 22.9210
23.0000 22.7895
23.0000 23.3566
23.0000 23.0774
23.0000 22.9663
23.0000 23.7092
23.0000 23.3632
23.0000 23.4679
23.0000 23.7678
23.0000 22.8865
23.0000 22.4088
23.0000 22.5382
23.0000 23.1698
23.0000 23.8205
23.0000 23.0894
23.0000 23.5921
23.0000 22.9236
23.0000 23.4229
23.0000 22.5599
23.0000 23.5886
23.0000 22.9241
23.0000 23.3496
23.0000 22.8468
23.0000 23.0162
23.0000 23.0760
23.0000 22.4145
23.0000 22.8067
23.0000 22.5010
23.0000 22.9810
23.0000 22.2356
23.0000 23.3720
23.0000 22.8652
23.0000 23.2976
23.0000 23.1613
23.0000 23.9307
23.0000 22.7372
23.0000 22.9654
23.0000 23.4852
23.0000 21.7224
23.0000 23.9481
23.0000 23.5559
23.0000 23.7985
23.0000 21.9678
23.0000 21.7722
23.0000 23.1595
23.0000 22.8703
23.0000 23.6269
23.0000 22.5376
23.0000 22.8499
23.0000 22.3350
23.0000 22.9275
23.0000 22.9716
23.0000 23.1285
23.0000 22.8301
23.0000 23.4068
23.0000 23.1929
23.0000 22.9355
23.0000 22.8203
23.0000 23.6026
23.0000 22.8367
23.0000 23.2693
23.0000 23.7611
23.0000 22.8586
23.0000 22.3136
23.0000 22.6499
23.0000 22.2937
23.0000 22.7656
23.0000 23.3258
23.0000 23.0236
23.0000 22.5807
23.0000 22.7069
23.0000 23.1650
23.0000 22.2587
23.0000 23.4792
23.0000 23.4176
23.0000 23.1605
23.0000 23.3152
23.0000 23.6437
23.0000 22.6832
23.0000 22.6725
23.0000 23.0751
23.0000 22.7663
23.0000 23.2355
23.0000 23.6831
23.0000 23.0774
23.0000 23.2296
23.0000 22.8042
23.0000 23.3114
23.0000 22.6703
23.0000 22.6616
23.0000 22.7889
23.0000 22.1687
23.0000 22.7502
23.0000 23.2148
23.0000 23.3316
23.0000 23.1613
23.0000 23.9190
23.0000 22.7725
23.0000 23.6008
23.0000 23.1917
23.0000 22.5069
23.0000 23.0917
23.0000 23.2408
23.0000 22.5420
23.0000 23.3198
23.0000 22.7980
23.0000 22.5565
23.0000 22.8885
23.0000 22.5899
23.0000 21.8884
23.0000 22.5973
23.0000 22.7540
23.0000 22.6697
23.0000 21.8072
23.0000 22.7282
23.0000 23.3727
23.0000 22.1889
23.0000 22.6030
23.0000 22.6706
23.0000 23.0912
23.0000 22.8410
23.0000 22.1715
23.0000 22.8172
23.0000 23.1155
23.0000 22.7855
23.0000 21.7148
23.0000 23.8723
23.0000 22.0386
23.0000 22.6844
23.0000 23.3090
23.0000 23.6027
23.0000 22.1429
23.0000 23.1147
23.0000 23.0801
23.0000 23.2324
23.0000 22.9031
23.0000 22.7228
23.0000 22.8824
23.0000 23.1476
23.0000 23.5643
23.0000 21.8681
23.0000 22.9406
23.0000 22.1674
23.0000 23.5364
23.0000 24.4226
23.0000 22.6159
23.0000 23.2383
23.0000 24.1024
23.0000 22.8427
23.0000 23.0391
23.0000 23.0148
23.0000 23.8264
23.0000 22.9523
23.0000 23.4443
23.0000 24.3198
23.0000 23.0618
23.0000 23.0790
23.0000 23.8739
23.0000 23.3410
23.0000 23.1356
23.0000 23.2312
23.0000 24.0767
23.0000 22.3148
23.0000 23.3422
23.0000 23.0513
23.0000 23.0290
23.0000 22.5897
23.0000 22.7393
23.0000 22.8536
23.0000 23.1887
23.0000 23.0265
23.0000 23.3732
23.0000 23.0233
23.0000 23.2462
23.0000 23.7134
23.0000 23.0681
23.0000 23.7479
23.0000 22.4208
23.0000 22.9547
23.0000 22.8817
23.0000 22.9019
23.0000 23.5707
23.0000 22.6881
23.0000 22.9745
23.0000 23.5372
23.0000 22.8878
23.0000 22.7234
23.0000 23.3430
23.0000 23.0761
23.0000 22.4604
23.0000 22.9497
23.0000 22.1863
23.0000 23.4961
23.0000 23.0234
23.0000 23.2537
23.0000 22.4611
23.0000 22.6906
23.0000 24.0159
23.0000 23.9115
23.0000 22.6780
23.0000 22.6685
23.0000 22.6084
23.0000 22.9917
23.0000 23.4311
23.0000 23.8011
23.0000 24.2049
23.0000 22.5160
23.0000 22.3929
23.0000 23.0882
23.0000 22.9734
23.0000 23.1981
23.0000 23.4511
23.0000 23.0853
23.0000 22.7485
23.0000 23.2657
23.0000 23.2152
23.0000 23.4131
23.0000 23.9359
23.0000 22.9651
23.0000 22.9877
23.0000 23.6064
23.0000 23.6519
23.0000 22.9447
23.0000 23.6634
23.0000 23.0100
23.0000 23.3538
23.0000 23.0914
23.0000 23.3417
23.0000 22.7950
23.0000 23.0120
23.0000 23.6538
23.0000 22.5331
23.0000 22.0697
23.0000 23.3531
23.0000 21.9679
23.0000 22.0932
23.0000 22.9209
23.0000 22.2705
23.0000 22.5909
23.0000 23.5063
23.0000 23.5915
23.0000 23.8622
23.0000 23.3623
23.0000 21.4403
23.0000 22.8025
23.0000 22.6632
23.0000 22.3266
23.0000 23.5254
23.0000 22.2901
23.0000 23.0637
23.0000 23.6313
23.0000 22.6534
23.0000 22.9281
23.0000 23.6631
23.0000 22.3850
23.0000 22.3128
23.0000 24.0258
23.0000 23.0888
23.0000 24.0354
23.0000 22.6754
23.0000 22.9635
23.0000 23.4852
23.0000 23.6417
23.0000 21.7474
23.0000 22.4468
23.0000 22.6270
23.0000 23.1068
23.0000 23.3128
23.0000 23.2598
23.0000 22.2393
23.0000 23.6171
23.0000 22.0612
23.0000 22.3425
23.0000 23.2780
23.0000 22.7762
23.0000 22.9684
23.0000 23.2443
23.0000 22.8003
23.0000 23.8683
23.0000 22.7022
23.0000 23.2426
23.0000 22.3675
23.0000 23.2967
23.0000 23.1967
23.0000 22.8118
23.0000 22.6757
23.0000 23.4273
23.0000 23.1303
23.0000 24.3167
23.0000 22.4996
23.0000 22.7065
23.0000 22.8136
23.0000 23.4038
23.0000 22.2507
23.0000 22.8191
23.0000 23.6114
23.0000 22.8878
23.0000 23.5431
23.0000 22.8007
23.0000 21.7044
23.0000 23.1656
23.0000 22.8272
23.0000 23.0373
23.0000 21.7834
23.0000 22.0537
23.0000 23.0667
23.0000 22.5817
23.0000 22.1992
23.0000 22.6397
23.0000 23.1263
23.0000 23.0955
23.0000 22.3654
23.0000 23.2374
23.0000 23.6487
23.0000 23.1479
23.0000 22.6591
23.0000 24.0896
23.0000 22.9411
23.0000 23.1336
23.0000 23.2115
23.0000 24.2829
23.0000 23.5057
23.0000 23.0502
23.0000 23.6780
23.0000 22.4013
23.0000 23.7171
23.0000 23.4255
23.0000 22.6142
23.0000 23.6831
23.0000 23.7328
23.0000 24.2786
23.0000 21.7817
23.0000 23.6239
23.0000 21.8821
23.0000 23.1435
23.0000 23.1403
23.0000 23.6595
23.0000 23.5481
23.0000 23.1756
23.0000 22.4511
23.0000 22.0496
23.0000 23.3028
23.0000 22.7202
23.0000 24.6277
23.0000 23.3180
23.0000 24.0263
23.0000 23.2307
23.0000 22.9831
23.0000 23.2986
