25.0000 24.5965
25.0000 25.4299
25.0000 25.2164
25.0000 24.6530
25.0000 23.8073
25.0000 25.3262
25.0000 24.0484
25.0000 24.8768
25.0000 25.5375
25.0000 25.0823
25.0000 25.1207
25.0000 26.4295
25.0000 24.2058
25.0000 25.8469
25.0000 25.2754
25.0000 25.3729
25.0000 25.4753
25.0000 24.3588
25.0000 24.7695
25.0000 26.1021
25.0000 24.9278
25.0000 24.9954
25.0000 25.2480
25.0000 24.3190
25.0000 23.9423
25.0000 24.3765
25.0000 24.7079
25.0000 24.8229
25.0000 24.1918
25.0000 25.2280
25.0000 25.4056
25.0000 24.4470
25.0000 25.4053
25.0000 24.9764
25.0000 24.6190
25.0000 24.1985
25.0000 24.7578
25.0000 24.9459
25.0000 24.8834
25.0000 24.6291
25.0000 24.3852
25.0000 24.3975
25.0000 24.7745
25.0000 24.3969
25.0000 24.2739
25.0000 25.1636
25.0000 24.4992
25.0000 24.2480
25.0000 25.0988
25.0000 24.6922
25.0000 24.1358
25.0000 25.0146
25.0000 24.2971
25.0000 24.5437
25.0000 24.1727
25.0000 25.6713
25.0000 24.9890
25.0000 24.8111
25.0000 25.0479
25.0000 25.5497
25.0000 24.4990
25.0000 24.6656
25.0000 25.7815
25.0000 24.8734
25.0000 24.4337
25.0000 24.9327
25.0000 25.6812
25.0000 25.6715
25.0000 24.9176
25.0000 24.9608
25.0000 25.1948
25.0000 24.9518
25.0000 24.0842
25.0000 25.6816
25.0000 26.1244
25.0000 24.4740
25.0000 24.9528
25.0000 25.9354
25.0000 24.2691
25.0000 25.2860
25.0000 25.7158
25.0000 24.6391
25.0000 25.5222
25.0000 24.7727
25.0000 25.2379
25.0000 24.6616
25.0000 24.4789
25.0000 25.1526
25.0000 26.8820
25.0000 25.4454
25.0000 24.3990
25.0000 24.5427
25.0000 25.0067
25.0000 24.7544
25.0000 24.8944
25.0000 25.4575
25.0000 25.4505
25.0000 24.3084
25.0000 25.4743
25.0000 24.9581
25.0000 25.2239
25.0000 25.1146
25.0000 25.0496
25.0000 23.4838
25.0000 24.2112
25.0000 24.9544
25.0000 25.2823
25.0000 24.2347
25.0000 25.6428
25.0000 25.1764
25.0000 25.1704
25.0000 25.1742
25.0000 24.8059
25.0000 26.5442
25.0000 25.1226
25.0000 25.2805
25.0000 24.9535
25.0000 25.5174
25.0000 24.4999
25.0000 25.0125
25.0000 24.1468
25.0000 25.0463
25.0000 24.8087
25.0000 23.8310
25.0000 24.7845
25.0000 25.2992
25.0000 24.4600
25.0000 25.0451
25.0000 24.6815
25.0000 25.3885
25.0000 24.9914
25.0000 24.9153
25.0000 24.6592
25.0000 24.8343
25.0000 24.6266
25.0000 24.7291
25.0000 25.9442
25.0000 24.1133
25.0000 24.3511
25.0000 24.4934
25.0000 25.2808
25.0000 24.8033
25.0000 25.8856
25.0000 26.4517
25.0000 24.5652
25.0000 24.4296
25.0000 25.2156
25.0000 25.8483
25.0000 25.9182
25.0000 24.1065
25.0000 24.5533
25.0000 25.2163
25.0000 25.4935
25.0000 24.3853
25.0000 25.0512
25.0000 24.6369
25.0000 23.1278
25.0000 25.3775
25.0000 24.4805
25.0000 25.3334
25.0000 24.2110
25.0000 25.1539
25.0000 24.1274
25.0000 24.2551
25.0000 24.9088
25.0000 24.9547
25.0000 24.7005
25.0000 24.9352
25.0000 24.4595
25.0000 25.1565
25.0000 25.0212
25.0000 24.0110
25.0000 25.6854
25.0000 24.9386
25.0000 25.6113
25.0000 24.8409
25.0000 25.3177
25.0000 24.7822
25.0000 23.4414
25.0000 24.4974
25.0000 25.0473
25.0000 25.6559
25.0000 24.7143
25.0000 24.4415
25.0000 25.0659
25.0000 25.8469
25.0000 25.0882
25.0000 25.6798
25.0000 23.8511
25.0000 24.7247
25.0000 26.2092
25.0000 25.6201
25.0000 24.4202
25.0000 25.5908
25.0000 24.2550
25.0000 25.2003
25.0000 24.7059
25.0000 25.1771
25.0000 24.9326
25.0000 24.8999
25.0000 24.5047
25.0000 24.1618
25.0000 25.3702
25.0000 24.4662
25.0000 23.1372
25.0000 24.2338
25.0000 24.3547
25.0000 25.6256
25.0000 24.9302
25.0000 25.3979
25.0000 24.7646
25.0000 24.4573
25.0000 24.6346
25.0000 25.2271
25.0000 25.3167
25.0000 25.9000
25.0000 25.4430
25.0000 24.9247
25.0000 25.1327
25.0000 24.8300
25.0000 24.5880
25.0000 26.2255
25.0000 24.5501
25.0000 25.0588
25.0000 23.9865
25.0000 24.6600
25.0000 25.5474
25.0000 24.1540
25.0000 25.0232
25.0000 25.3291
25.0000 24.7154
25.0000 24.9479
25.0000 24.1396
25.0000 25.4486
25.0000 25.6331
25.0000 24.6187
25.0000 24.9838
25.0000 24.4678
25.0000 25.1771
25.0000 24.0966
25.0000 25.0023
25.0000 25.3647
25.0000 25.0077
25.0000 23.8500
25.0000 24.6310
25.0000 25.6194
25.0000 24.1404
25.0000 25.2471
25.0000 25.1500
25.0000 24.6631
25.0000 24.8026
25.0000 23.7980
25.0000 23.6447
25.0000 25.1076
25.0000 24.8633
25.0000 25.4633
25.0000 24.6610
25.0000 25.2717
25.0000 24.2982
25.0000 24.1202
25.0000 25.4034
25.0000 24.9464
25.0000 25.1219
25.0000 24.6148
25.0000 24.2581
25.0000 23.5832
25.0000 24.0494
25.0000 24.9223
25.0000 25.1637
25.0000 25.2770
25.0000 24.2923
25.0000 24.4136
25.0000 24.4749
25.0000 24.7669
25.0000 25.0195
25.0000 24.3982
25.0000 24.8929
25.0000 25.4603
25.0000 25.7540
25.0000 24.3565
25.0000 24.6562
25.0000 25.0814
25.0000 24.6244
25.0000 24.5197
25.0000 24.4578
25.0000 24.5818
25.0000 24.1271
25.0000 25.8169
25.0000 25.4561
25.0000 25.4293
25.0000 24.7242
25.0000 24.3423
25.0000 24.6017
25.0000 25.0187
25.0000 25.3027
25.0000 23.9396
25.0000 24.6089
25.0000 24.6723
25.0000 25.2960
25.0000 24.4368
25.0000 25.0986
25.0000 24.0794
25.0000 25.6781
25.0000 24.5961
25.0000 23.8474
25.0000 24.7190
25.0000 24.9069
25.0000 24.2670
25.0000 25.4504
25.0000 24.6626
25.0000 25.6531
25.0000 24.6274
25.0000 24.1274
25.0000 24.6766
25.0000 24.3403
25.0000 25.3075
25.0000 24.1845
25.0000 23.5965
25.0000 24.9027
25.0000 24.4797
25.0000 24.2794
25.0000 26.0588
25.0000 24.3159
25.0000 24.8512
25.0000 24.6543
25.0000 24.5164
25.0000 25.6325
25.0000 24.0255
25.0000 24.0722
25.0000 25.1388
25.0000 25.0053
25.0000 24.3932
25.0000 25.8977
25.0000 25.1612
25.0000 24.8658
25.0000 24.7932
25.0000 24.8220
25.0000 25.9733
25.0000 25.4165
25.0000 24.8029
25.0000 25.2575
25.0000 24.4836
25.0000 24.7541
25.0000 25.2910
25.0000 24.4392
25.0000 24.5640
25.0000 24.4183
25.0000 24.5121
25.0000 25.1799
25.0000 24.6979
25.0000 24.3903
25.0000 24.7756
25.0000 25.2248
25.0000 25.3286
25.0000 25.4013
25.0000 25.0795
25.0000 25.0494
25.0000 25.1815
25.0000 25.2510
25.0000 24.1970
25.0000 24.2098
25.0000 25.5083
25.0000 24.9290
25.0000 24.5296
25.0000 24.5597
25.0000 25.1299
25.0000 25.6866
25.0000 23.7758
25.0000 24.0261
25.0000 25.0733
25.0000 25.3772
25.0000 26.4099
25.0000 24.4320
25.0000 25.4773
25.0000 24.4300
25.0000 25.0865
25.0000 24.8723
25.0000 24.6947
25.0000 25.2432
25.0000 25.6000
25.0000 24.9401
25.0000 24.9631
25.0000 24.0368
25.0000 24.3761
25.0000 25.7140
25.0000 25.3846
25.0000 24.5875
25.0000 25.9551
25.0000 24.8317
25.0000 24.2964
25.0000 25.4575
25.0000 25.0756
25.0000 25.0108
25.0000 24.4784
25.0000 24.6187
25.0000 25.0793
25.0000 24.8936
25.0000 24.6339
25.0000 25.6075
25.0000 24.1890
25.0000 24.3882
25.0000 23.8902
25.0000 24.6650
25.0000 24.0697
25.0000 25.2809
25.0000 25.6356
25.0000 25.4741
25.0000 24.9866
25.0000 24.8068
25.0000 25.9480
25.0000 24.2447
25.0000 25.1815
25.0000 24.9301
25.0000 24.6592
25.0000 24.0486
25.0000 24.8151
25.0000 24.9801
25.0000 24.6422
25.0000 24.1580
25.0000 23.9923
25.0000 25.3398
25.0000 24.3198
25.0000 24.5943
25.0000 24.7540
25.0000 25.3492
25.0000 25.0888
25.0000 24.0276
25.0000 25.0823
25.0000 24.9624
25.0000 25.0896
25.0000 23.7471
25.0000 24.5787
25.0000 24.5845
25.0000 24.4043
25.0000 24.0336
25.0000 23.6833
25.0000 25.4327
25.0000 25.0175
25.0000 25.0318
25.0000 24.4787
25.0000 25.3845
25.0000 25.4550
25.0000 23.8622
25.0000 25.2679
25.0000 25.4858
25.0000 25.4748
25.0000 24.1661
25.0000 24.8179
25.0000 25.2252
25.0000 25.0302
25.0000 24.9443
25.0000 24.5903
25.0000 24.0083
25.0000 24.6765
25.0000 24.4228
25.0000 25.0244
25.0000 24.7425
25.0000 24.5521
25.0000 24.2072
25.0000 25.5431
25.0000 25.1996
25.0000 25.2125
25.0000 25.7898
25.0000 24.5002
25.0000 24.6882
25.0000 24.8121
25.0000 25.5724
25.0000 26.1122
25.0000 25.2024
25.0000 24.3236
25.0000 24.5024
25.0000 24.7285
25.0000 24.4321
25.0000 25.2764
25.0000 24.9091
25.0000 25.3666
25.0000 25.0699
25.0000 25.0353
25.0000 25.5325
25.0000 25.6124
25.0000 24.2132
25.0000 24.2475
25.0000 25.4499
25.0000 25.4480
25.0000 24.9849
25.0000 24.0523
25.0000 24.7826
25.0000 25.0405
25.0000 25.2912
25.0000 24.5490
25.0000 25.1300
25.0000 24.4791
25.0000 24.5622
25.0000 24.9962
25.0000 24.3434
25.0000 24.8535
25.0000 24.5057
25.0000 24.7557
25.0000 24.5356
25.0000 25.1246
25.0000 24.1666
25.0000 24.9543
25.0000 24.5899
25.0000 23.6751
25.0000 25.0718
25.0000 25.1375
25.0000 24.0986
25.0000 25.9341
25.0000 24.5478
25.0000 25.1712
25.0000 25.4842
25.0000 25.3658
25.0000 24.7775
25.0000 25.5629
25.0000 25.5913
25.0000 24.8530
25.0000 23.8070
25.0000 24.5368
25.0000 24.5555
25.0000 25.1189
25.0000 25.5216
25.0000 25.8047
25.0000 24.6756
25.0000 24.8281
25.0000 24.2336
25.0000 25.0454
25.0000 24.7431
25.0000 24.2819
25.0000 25.4302
25.0000 24.9765
25.0000 25.1552
25.0000 25.8945
25.0000 24.1959
25.0000 25.3441
25.0000 24.2848
25.0000 24.5204
25.0000 24.5109
25.0000 25.1473
25.0000 25.4074
25.0000 25.8243
25.0000 24.0478
25.0000 23.5104
25.0000 24.7879
25.0000 25.1209
25.0000 24.4137
25.0000 25.5249
25.0000 24.6523
25.0000 25.4220
25.0000 26.2038
25.0000 24.2698
25.0000 24.8450
25.0000 25.6000
25.0000 24.7777
25.0000 25.2064
25.0000 24.8402
25.0000 24.3878
25.0000 25.0133
25.0000 24.8085
25.0000 23.9183
25.0000 25.9765
25.0000 24.2558
25.0000 25.2676
25.0000 24.7722
25.0000 25.9457
25.0000 25.4745
25.0000 24.6151
25.0000 25.0202
25.0000 25.2618
25.0000 24.5201
25.0000 25.7171
25.0000 25.2872
25.0000 23.9635
25.0000 25.1455
25.0000 24.6812
25.0000 24.2795
25.0000 24.0981
25.0000 25.3630
25.0000 25.0762
25.0000 24.7292
25.0000 24.6094
25.0000 24.9110
25.0000 25.0506
25.0000 25.6632
25.0000 24.8236
25.0000 25.2607
25.0000 24.1438
25.0000 24.6520
25.0000 23.9555
25.0000 24.7813
25.0000 25.0747
25.0000 25.4526
25.0000 24.3655
25.0000 25.2047
25.0000 25.0702
25.0000 24.3151
25.0000 25.5118
25.0000 24.4021
25.0000 24.3470
25.0000 25.2903
25.0000 25.1486
25.0000 24.8330
25.0000 24.5293
25.0000 25.3242
25.0000 24.8770
25.0000 24.2898
25.0000 24.2343
25.0000 25.1710
25.0000 23.7774
25.0000 24.4925
25.0000 25.7250
25.0000 24.2011
25.0000 24.3178
25.0000 24.9076
25.0000 24.4558
25.0000 24.1892
25.0000 25.0175
25.0000 25.2074
25.0000 24.5013
25.0000 24.7256
25.0000 25.0832
25.0000 24.5845
25.0000 25.0320
25.0000 25.3361
25.0000 25.2777
25.0000 24.4246
25.0000 24.7813
25.0000 24.6459
25.0000 25.1021
25.0000 25.0866
25.0000 23.8948
25.0000 24.8159
25.0000 25.4029
25.0000 25.3881
25.0000 24.5144
25.0000 25.3302
25.0000 26.0707
25.0000 25.6819
25.0000 23.9441
25.0000 24.1702
25.0000 25.0375
25.0000 24.1913
25.0000 24.7100
25.0000 25.0478
25.0000 25.1858
25.0000 25.0213
25.0000 25.1104
25.0000 26.0899
25.0000 25.3456
25.0000 25.4528
25.0000 24.8882
25.0000 24.6623
25.0000 23.3195
25.0000 24.2631
25.0000 25.1321
25.0000 24.9110
25.0000 25.5691
25.0000 24.7987
25.0000 25.0766
25.0000 24.9182
25.0000 25.3404
25.0000 25.5872
25.0000 24.0883
25.0000 24.7732
25.0000 25.0368
25.0000 24.8415
25.0000 24.8236
25.0000 25.3793
25.0000 25.0384
25.0000 25.2875
25.0000 24.3661
25.0000 25.5485
25.0000 25.4842
25.0000 24.9861
25.0000 25.0833
25.0000 24.5647
25.0000 24.7239
25.0000 25.6889
25.0000 24.1696
25.0000 24.1815
25.0000 23.6193
25.0000 25.0978
25.0000 25.1180
25.0000 24.1408
25.0000 24.3574
25.0000 25.1162
25.0000 25.2718
25.0000 23.9559
25.0000 24.9510
25.0000 24.9113
25.0000 23.8180
25.0000 24.4766
25.0000 25.0630
25.0000 23.1993
25.0000 25.1175
25.0000 23.8522
25.0000 24.9115
25.0000 24.7582
25.0000 24.9334
25.0000 24.7966
25.0000 25.9125
25.0000 25.0415
25.0000 24.7338
25.0000 25.2296
25.0000 25.8442
25.0000 25.2187
25.0000 24.6575
25.0000 24.9370
25.0000 24.8046
25.0000 24.9067
25.0000 24.8287
25.0000 25.7067
25.0000 25.0123
25.0000 25.2265
25.0000 24.1676
25.0000 24.1481
25.0000 24.9840
25.0000 24.2610
25.0000 25.2131
25.0000 24.7459
25.0000 25.1075
25.0000 25.6401
25.0000 25.6673
25.0000 24.3172
25.0000 24.6181
25.0000 25.0320
25.0000 24.7604
25.0000 26.5255
25.0000 24.7791
25.0000 25.8110
25.0000 24.6963
25.0000 25.0851
25.0000 24.7662
25.0000 24.2716
25.0000 24.6753
25.0000 24.9955
25.0000 25.0840
25.0000 25.1672
25.0000 23.8689
25.0000 25.2040
25.0000 25.3647
25.0000 26.3252
25.0000 25.1600
25.0000 25.1040
25.0000 25.5009
25.0000 24.5265
25.0000 24.9901
25.0000 24.8794
25.0000 25.7198
25.0000 24.4835
25.0000 25.9378
25.0000 24.5983
25.0000 24.9944
25.0000 24.0931
25.0000 24.9391
25.0000 24.0394
25.0000 23.7188
25.0000 24.7682
25.0000 24.9130
25.0000 25.0451
25.0000 24.7621
25.0000 25.5457
25.0000 23.9988
25.0000 24.8915
25.0000 25.1791
25.0000 24.8290
25.0000 24.8391
25.0000 24.4164
25.0000 25.9130
25.0000 24.9456
25.0000 25.6172
25.0000 25.5984
25.0000 25.7298
25.0000 25.2328
25.0000 24.8596
25.0000 24.4243
25.0000 25.4012
25.0000 25.2338
25.0000 24.8962
25.0000 25.1679
25.0000 24.0473
25.0000 24.9967
25.0000 25.3140
25.0000 24.7003
25.0000 25.1058
25.0000 24.6619
25.0000 25.7006
25.0000 25.2032
25.0000 24.1072
25.0000 24.9646
25.0000 24.6804
25.0000 24.0504
25.0000 24.8758
25.0000 25.8605
25.0000 24.0222
25.0000 25.8491
25.0000 23.9975
25.0000 25.6283
25.0000 24.9271
25.0000 24.0405
25.0000 25.5759
25.0000 25.0239
25.0000 24.5262
25.0000 25.3393
25.0000 26.1316
25.0000 25.2069
25.0000 24.0855
25.0000 24.8705
25.0000 24.4014
25.0000 24.8584
25.0000 24.8777
25.0000 25.5115
25.0000 25.3711
25.0000 24.6160
25.0000 24.0769
25.0000 25.7757
25.0000 24.6491
25.0000 25.0456
25.0000 25.6889
25.0000 24.0533
25.0000 25.6950
25.0000 25.3313
25.0000 24.6558
25.0000 24.6969
25.0000 25.8141
25.0000 25.1405
25.0000 24.4089
25.0000 24.5913
25.0000 24.5601
25.0000 24.7935
25.0000 25.3577
25.0000 25.9201
25.0000 24.5057
25.0000 25.5097
25.0000 24.6565
25.0000 24.3294
25.0000 24.5522
25.0000 23.9319
25.0000 25.7941
25.0000 24.2059
25.0000 24.7877
25.0000 25.1376
25.0000 23.3076
25.0000 24.8907
25.0000 25.1366
25.0000 25.2869
25.0000 24.3302
25.0000 26.1776
25.0000 25.1319
25.0000 25.0764
25.0000 25.1893
25.0000 24.9984
25.0000 24.6486
25.0000 26.1926
25.0000 24.7223
25.0000 25.4368
25.0000 25.8483
25.0000 23.7169
25.0000 24.2813
25.0000 24.2030
25.0000 24.1215
25.0000 23.9450
25.0000 26.1313
25.0000 24.4480
25.0000 24.6470
25.0000 24.4122
25.0000 25.6359
25.0000 24.9649
25.0000 24.4653
25.0000 24.6077
25.0000 24.2732
25.0000 24.8291
25.0000 24.6462
25.0000 25.5141
25.0000 25.1012
25.0000 23.5347
25.0000 24.4292
25.0000 24.7946
25.0000 24.9276
25.0000 25.6322
25.0000 24.0911
25.0000 25.1205
25.0000 24.9353
25.0000 24.8727
25.0000 25.2587
25.0000 24.4125
25.0000 25.0192
25.0000 24.3989
25.0000 24.0403
25.0000 24.6519
25.0000 24.5820
25.0000 24.4306
25.0000 24.4504
25.0000 26.1915
25.0000 24.4508
25.0000 25.1025
25.0000 24.6614
25.0000 24.5376
25.0000 24.5463
25.0000 25.1142
25.0000 24.8871
25.0000 24.2351
25.0000 25.0308
25.0000 25.2134
25.0000 25.3458
25.0000 25.0198
25.0000 25.7751
25.0000 24.2849
25.0000 24.6307
25.0000 25.3636
25.0000 24.2513
25.0000 24.3051
25.0000 25.8066
25.0000 23.3927
25.0000 24.3709
25.0000 25.2379
25.0000 24.8622
25.0000 24.9776
25.0000 25.1387
25.0000 24.8559
25.0000 24.7708
25.0000 24.3977
25.0000 24.6382
25.0000 24.3955
25.0000 24.7263
25.0000 24.4600
25.0000 24.1997
25.0000 24.4510
25.0000 24.1276
25.0000 24.4290
25.0000 24.8546
25.0000 25.2868
25.0000 24.2313
25.0000 25.3202
25.0000 24.3537
25.0000 24.9123
25.0000 24.9130
25.0000 24.9916
25.0000 25.2082
25.0000 25.2876
25.0000 24.6216
25.0000 25.7156
25.0000 25.6383
25.0000 24.8981
25.0000 25.4808
25.0000 25.3044
25.0000 24.6838
25.0000 24.6329
25.0000 23.8574
25.0000 25.0154
25.0000 25.8618
25.0000 25.5799
25.0000 25.0920
25.0000 25.2095
25.0000 25.4283
25.0000 24.9550
25.0000 25.2608
25.0000 24.5491
25.0000 25.0122
25.0000 25.0929
25.0000 25.2301
25.0000 24.7428
25.0000 25.7641
25.0000 25.3565
25.0000 24.1158
25.0000 25.1529
25.0000 25.8729
25.0000 25.8633
25.0000 24.7724
25.0000 25.1076
25.0000 24.4032
25.0000 24.0899
25.0000 25.5684
25.0000 24.9957
25.0000 24.8615
25.0000 24.3034
25.0000 24.8470
25.0000 24.6903
25.0000 24.6721
25.0000 24.5824
25.0000 25.9351
25.0000 24.8737
25.0000 24.6319
25.0000 24.8480
25.0000 24.7963
25.0000 25.8792
25.0000 24.9015
25.0000 24.7862
25.0000 24.2373
25.0000 24.8802
25.0000 25.0651
25.0000 24.3279
25.0000 25.8239
25.0000 24.9751
25.0000 25.2619
25.0000 24.5376
25.0000 24.5585
25.0000 24.1021
25.0000 25.4320
25.0000 24.2156
25.0000 24.1904
25.0000 24.6797
25.0000 24.9319
25.0000 23.7799
25.0000 24.0768
25.0000 25.1041
25.0000 24.3329
25.0000 24.4075
25.0000 25.7043
25.0000 24.6968
25.0000 25.2254
25.0000 25.4924
25.0000 24.4162
25.0000 25.6653
25.0000 24.9195
25.0000 24.3559
25.0000 23.9328
25.0000 24.6923
25.0000 26.0583
25.0000 24.4671
25.0000 24.6317
25.0000 24.6998
25.0000 26.0494
25.0000 24.8982
25.0000 24.6489
25.0000 25.2427
25.0000 25.2865
25.0000 25.4535
25.0000 24.3928
25.0000 25.0939
25.0000 24.8884
25.0000 24.8172
25.0000 25.6774
25.0000 24.6340
25.0000 25.3312
25.0000 24.7213
25.0000 24.0084
25.0000 25.2185
25.0000 25.4180
25.0000 24.4623
25.0000 24.0083
25.0000 24.7902
25.0000 24.1324
25.0000 24.5189
25.0000 24.1494
25.0000 24.7311
25.0000 25.1247
25.0000 25.1785
25.0000 24.7800
25.0000 25.2686
25.0000 24.8680
25.0000 25.0047
25.0000 24.2454
25.0000 24.4761
25.0000 24.7326
25.0000 23.4679
25.0000 24.6025
25.0000 25.1402
25.0000 24.7146
25.0000 23.9846
25.0000 24.0088
25.0000 25.7339
25.0000 24.8678
25.0000 25.2189
25.0000 24.3894
25.0000 25.1269
25.0000 25.5818
25.0000 24.9396
25.0000 25.1843
25.0000 25.2890
25.0000 25.1602
25.0000 24.8267
25.0000 23.9184
25.0000 25.4046
25.0000 24.7746
25.0000 24.6020
25.0000 24.2674
25.0000 25.6110
25.0000 25.4801
25.0000 24.6397
25.0000 24.6354
25.0000 25.7502
25.0000 24.1472
25.0000 24.3196
25.0000 25.2764
25.0000 24.5197
25.0000 24.2427
25.0000 24.9263
25.0000 24.5187
25.0000 25.2851
25.0000 25.1518
25.0000 24.2832
25.0000 25.7411
25.0000 25.7189
25.0000 24.7673
25.0000 25.6175
25.0000 24.9625
25.0000 24.6512
25.0000 23.5594
25.0000 24.8083
25.0000 26.5504
25.0000 24.9959
25.0000 24.4205
25.0000 24.1728
25.0000 24.5272
25.0000 24.9893
25.0000 24.8871
25.0000 24.8784
25.0000 23.7286
25.0000 24.9771
25.0000 24.6513
25.0000 25.5837
25.0000 24.5100
25.0000 24.6220
25.0000 24.5108
25.0000 24.5015
25.0000 24.7600
25.0000 24.1706
25.0000 25.7181
25.0000 24.5273
25.0000 24.7332
25.0000 25.8863
25.0000 25.2557
25.0000 25.4437
25.0000 24.3841
25.0000 25.5568
25.0000 24.7843
25.0000 24.2499
25.0000 24.1824
25.0000 25.1363
25.0000 25.5606
25.0000 26.0449
25.0000 25.1181
25.0000 26.2880
25.0000 23.7977
25.0000 24.6454
25.0000 24.9352
25.0000 25.1334
25.0000 24.4452
25.0000 25.5172
25.0000 25.9393
25.0000 23.6814
25.0000 25.0382
25.0000 24.7938
25.0000 24.6473
25.0000 25.5041
25.0000 24.2417
25.0000 25.4805
25.0000 25.1309
25.0000 24.2960
25.0000 25.5357
25.0000 24.7621
25.0000 25.2091
25.0000 24.7092
25.0000 25.4537
25.0000 24.9134
25.0000 25.2569
25.0000 25.0607
25.0000 25.1454
25.0000 25.3364
25.0000 25.2148
25.0000 24.5310
25.0000 24.1862
25.0000 24.6298
25.0000 25.0043
25.0000 25.0667
25.0000 25.6234
25.0000 25.2343
25.0000 24.6225
25.0000 25.3364
25.0000 25.5779
25.0000 25.3150
25.0000 24.7984
25.0000 24.6149
25.0000 25.3500
25.0000 25.5265
25.0000 25.1561
25.0000 25.0655
25.0000 23.8853
25.0000 25.0170
25.0000 24.7626
25.0000 24.7979
25.0000 25.0981
25.0000 25.6177
25.0000 25.6898
25.0000 24.9571
25.0000 24.2583
25.0000 25.9978
25.0000 24.3358
25.0000 24.6904
25.0000 24.2638
25.0000 24.6804
25.0000 25.5169
25.0000 24.1616
25.0000 24.8808
25.0000 24.2628
25.0000 24.9528
25.0000 24.3846
25.0000 24.9852
25.0000 23.9203
25.0000 24.7146
25.0000 24.1371
25.0000 25.3179
25.0000 24.8954
25.0000 24.3979
25.0000 24.3517
25.0000 24.4632
25.0000 25.5936
25.0000 24.4126
25.0000 25.3650
25.0000 24.1240
25.0000 24.3180
25.0000 25.0508
25.0000 24.4785
25.0000 25.5080
25.0000 23.9200
25.0000 25.0442
25.0000 24.5812
25.0000 24.7191
25.0000 23.4875
25.0000 24.4445
25.0000 23.6691
25.0000 25.8122
25.0000 25.5826
25.0000 25.1261
25.0000 25.6899
25.0000 25.1319
25.0000 26.0111
25.0000 25.7831
25.0000 23.9960
25.0000 23.9309
25.0000 24.9600
25.0000 23.9679
25.0000 25.1851
25.0000 24.2547
25.0000 25.0853
25.0000 25.0699
25.0000 24.8516
25.0000 24.0808
25.0000 25.1700
25.0000 24.9695
25.0000 24.9410
25.0000 24.9766
25.0000 25.0052
25.0000 25.4434
25.0000 25.3308
25.0000 25.3162
25.0000 24.8322
25.0000 24.3872
25.0000 24.6361
25.0000 25.0381
25.0000 24.0390
25.0000 25.0922
25.0000 25.1421
25.0000 25.1147
25.0000 25.3695
25.0000 26.1421
25.0000 23.7187
25.0000 23.9541
25.0000 24.8981
25.0000 26.1718
25.0000 25.2777
25.0000 25.1938
25.0000 24.9542
25.0000 24.8891
25.0000 25.2296
25.0000 24.1850
25.0000 24.2963
25.0000 25.2461
25.0000 25.2824
25.0000 25.4429
25.0000 24.5836
25.0000 25.2735
25.0000 25.9043
25.0000 24.3391
25.0000 24.4481
25.0000 26.2009
25.0000 24.4379
25.0000 24.4540
25.0000 24.8070
25.0000 24.3758
25.0000 25.3976
25.0000 25.1063
25.0000 25.6586
25.0000 24.7959
25.0000 24.6429
25.0000 24.9249
25.0000 25.4160
25.0000 24.5399
25.0000 25.1990
25.0000 24.9920
25.0000 25.6919
25.0000 25.4857
25.0000 25.0051
25.0000 24.9976
25.0000 24.6016
25.0000 24.5328
25.0000 25.9370
25.0000 24.5885
25.0000 24.5322
25.0000 25.1326
25.0000 23.9011
25.0000 23.4939
25.0000 25.7058
25.0000 24.0063
25.0000 25.0995
25.0000 24.9162
25.0000 24.5601
25.0000 24.0889
25.0000 25.0238
25.0000 24.8348
25.0000 24.8753
25.0000 25.1947
25.0000 23.9098
25.0000 24.6902
25.0000 24.4053
25.0000 24.8966
25.0000 24.9345
25.0000 24.8428
25.0000 25.2759
25.0000 24.4680
25.0000 24.8977
25.0000 24.1216
25.0000 24.5362
25.0000 25.0541
25.0000 24.9107
25.0000 24.7359
25.0000 25.4131
25.0000 25.3322
25.0000 25.5114
25.0000 24.7711
25.0000 23.6171
25.0000 24.4400
25.0000 24.9133
25.0000 23.8376
25.0000 23.9578
25.0000 24.6076
25.0000 24.1368
25.0000 24.8824
25.0000 25.3791
25.0000 23.4994
25.0000 25.3816
25.0000 24.1445
25.0000 24.5737
25.0000 24.2645
25.0000 23.5954
25.0000 25.6531
25.0000 24.8132
25.0000 24.2236
25.0000 24.7443
25.0000 24.9432
25.0000 25.1949
25.0000 24.7004
25.0000 24.7694
25.0000 25.7603
25.0000 26.2591
25.0000 24.4435
25.0000 24.1125
25.0000 25.2507
25.0000 24.9677
25.0000 24.2356
25.0000 24.7586
25.0000 24.9696
25.0000 24.2650
25.0000 23.8984
25.0000 25.7476
25.0000 25.2448
25.0000 24.8984
25.0000 25.4093
25.0000 24.5931
25.0000 24.3377
25.0000 24.9256
25.0000 24.4361
25.0000 24.4057
25.0000 24.7010
25.0000 24.8521
25.0000 23.7654
25.0000 24.1234
25.0000 25.1435
25.0000 24.4492
25.0000 25.2016
25.0000 25.2124
25.0000 25.0667
25.0000 24.9104
25.0000 24.3777
25.0000 24.4667
25.0000 25.1551
25.0000 24.7613
25.0000 25.1308
25.0000 24.3333
25.0000 24.7706
25.0000 25.8230
25.0000 25.5309
25.0000 26.3973
25.0000 25.7462
25.0000 24.5672
25.0000 24.5343
25.0000 25.2891
25.0000 25.6584
25.0000 24.7819
25.0000 23.7570
25.0000 24.8427
25.0000 25.2081
25.0000 24.5831
25.0000 25.0509
25.0000 25.6085
25.0000 24.5673
25.0000 24.8559
25.0000 26.0675
25.0000 25.0226
25.0000 25.3423
25.0000 24.9042
25.0000 24.5141
25.0000 24.6035
25.0000 25.1507
25.0000 24.8906
25.0000 24.7520
25.0000 24.0919
25.0000 25.4142
25.0000 24.3315
25.0000 26.4302
25.0000 24.3317
25.0000 24.7817
25.0000 25.5348
25.0000 25.7094
25.0000 24.3315
25.0000 25.6119
25.0000 26.3729
25.0000 25.2414
25.0000 24.2366
25.0000 24.6748
25.0000 24.2757
25.0000 25.2134
25.0000 24.4836
25.0000 25.6988
25.0000 25.7594
25.0000 25.3010
25.0000 25.5557
25.0000 25.0983
25.0000 24.1557
25.0000 23.9190
25.0000 24.5197
25.0000 25.0818
25.0000 25.1142
25.0000 24.7496
25.0000 25.2971
25.0000 24.8195
25.0000 23.8881
25.0000 25.7681
25.0000 24.2437
25.0000 24.5859
25.0000 25.0750
25.0000 24.5157
25.0000 24.5098
25.0000 25.2949
25.0000 25.2912
25.0000 25.6605
25.0000 24.1126
25.0000 24.8277
25.0000 24.9733
25.0000 25.5541
25.0000 24.8666
25.0000 23.7985
25.0000 24.9214
25.0000 24.6896
25.0000 24.6632
25.0000 24.6269
25.0000 25.3455
25.0000 24.0132
25.0000 24.9790
25.0000 26.4315
25.0000 23.7629
25.0000 24.8926
25.0000 24.7270
25.0000 24.9192
25.0000 24.7243
25.0000 25.7342
25.0000 24.6681
25.0000 24.8479
25.0000 25.4632
25.0000 23.7356
25.0000 23.7774
25.0000 24.9660
25.0000 24.9775
25.0000 24.2948
25.0000 25.2918
25.0000 25.3301
25.0000 24.1418
25.0000 24.3241
25.0000 24.0290
25.0000 24.6558
25.0000 25.3537
25.0000 25.8170
25.0000 24.2593
25.0000 25.1482
25.0000 25.1107
25.0000 24.4001
25.0000 24.5734
25.0000 25.7429
25.0000 25.5394
25.0000 24.4547
25.0000 25.1202
25.0000 24.9742
25.0000 24.7474
25.0000 24.7863
25.0000 23.2400
25.0000 26.1258
25.0000 25.4904
25.0000 24.2145
25.0000 25.5196
25.0000 25.1004
25.0000 24.8020
25.0000 25.0496
25.0000 24.9587
25.0000 26.0212
25.0000 24.5930
25.0000 23.5701
25.0000 24.0810
25.0000 25.2235
25.0000 25.9581
25.0000 25.7408
25.0000 23.9434
25.0000 24.3482
25.0000 25.2942
25.0000 24.9786
25.0000 23.9287
25.0000 25.1704
25.0000 25.5736
25.0000 24.7848
25.0000 24.0486
25.0000 25.0215
25.0000 25.5765
25.0000 24.5107
25.0000 24.7079
25.0000 25.2284
25.0000 24.5663
25.0000 26.0686
25.0000 24.7369
25.0000 24.1242
25.0000 25.0667
25.0000 25.3632
25.0000 24.4697
25.0000 24.3218
25.0000 26.1503
25.0000 24.0165
25.0000 24.8988
25.0000 24.9287
25.0000 25.5147
25.0000 24.2190
25.0000 24.9041
25.0000 25.2086
25.0000 24.1141
25.0000 24.8835
25.0000 25.5407
25.0000 24.3298
25.0000 24.6940
25.0000 25.4377
25.0000 24.6012
25.0000 25.5011
25.0000 24.0692
25.0000 24.1954
25.0000 24.8552
25.0000 24.5783
25.0000 25.8079
25.0000 24.5850
25.0000 24.6596
25.0000 24.9477
25.0000 25.5525
25.0000 25.2567
25.0000 24.7991
25.0000 26.0410
25.0000 23.9902
25.0000 25.1490
25.0000 24.6626
25.0000 24.4539
25.0000 24.9709
25.0000 26.3450
25.0000 25.6377
25.0000 25.2746
25.0000 23.9811
25.0000 23.5417
25.0000 23.9240
25.0000 24.6293
25.0000 24.7449
25.0000 25.6837
25.0000 24.9384
25.0000 25.5766
25.0000 25.4090
25.0000 25.1627
25.0000 24.4594
25.0000 24.9521
25.0000 24.0203
25.0000 25.0432
25.0000 25.0713
25.0000 25.0605
25.0000 24.2748
25.0000 24.6588
25.0000 24.4841
25.0000 25.6531
25.0000 25.2518
25.0000 25.0372
25.0000 25.1454
25.0000 25.5424
25.0000 25.5088
25.0000 24.5167
25.0000 24.7840
25.0000 24.8387
25.0000 24.7424
25.0000 25.5558
25.0000 25.0187
25.0000 24.5642
25.0000 24.3074
25.0000 24.7077
25.0000 24.9557
25.0000 23.8883
25.0000 24.8253
25.0000 26.2805
25.0000 24.6188
25.0000 24.4688
25.0000 23.9091
25.0000 24.8389
25.0000 25.4828
25.0000 24.5365
25.0000 23.9808
25.0000 25.0676
25.0000 24.7479
25.0000 25.7195
25.0000 24.8079
25.0000 24.8952
25.0000 24.2916
25.0000 24.8922
25.0000 24.6655
25.0000 25.1218
25.0000 24.2076
25.0000 24.9274
25.0000 24.4054
25.0000 25.4681
25.0000 25.8913
25.0000 25.2027
25.0000 24.5233
25.0000 23.9095
25.0000 24.7087
25.0000 24.9053
25.0000 24.0967
25.0000 24.6645
25.0000 24.3817
25.0000 24.5929
25.0000 25.2381
25.0000 24.6938
25.0000 23.9455
25.0000 25.4331
25.0000 25.4502
25.0000 25.1926
25.0000 24.3031
25.0000 23.8626
25.0000 25.1201
25.0000 24.6704
25.0000 23.7408
25.0000 24.3470
25.0000 25.6821
25.0000 25.0948
25.0000 24.5966
25.0000 25.6334
25.0000 24.5790
25.0000 26.1431
25.0000 24.2848
25.0000 25.5221
25.0000 24.6622
25.0000 25.1435
25.0000 24.8972
25.0000 24.5017
25.0000 24.1704
25.0000 25.0954
25.0000 25.2989
25.0000 24.6205
25.0000 24.3255
25.0000 25.0596
25.0000 25.0168
25.0000 24.5539
25.0000 24.3642
25.0000 25.3347
25.0000 25.0632
25.0000 24.8784
25.0000 23.4565
25.0000 24.9332
25.0000 26.1708
25.0000 24.8562
25.0000 25.0993
25.0000 24.7977
25.0000 25.4628
25.0000 24.7589
25.0000 24.0167
25.0000 24.8863
25.0000 24.5776
25.0000 25.1672
25.0000 24.4037
25.0000 24.7570
25.0000 24.6257
25.0000 24.5776
25.0000 24.6465
25.0000 24.4736
25.0000 25.1765
25.0000 25.4370
25.0000 24.4143
25.0000 24.0048
25.0000 24.9081
25.0000 24.3561
25.0000 24.2448
25.0000 23.7947
25.0000 25.6042
25.0000 24.8419
25.0000 24.3876
25.0000 24.4918
25.0000 24.7607
25.0000 24.2414
25.0000 24.7341
25.0000 24.9469
25.0000 24.4969
25.0000 24.8502
25.0000 25.4514
25.0000 24.1513
25.0000 24.7258
25.0000 25.2925
25.0000 22.8903
25.0000 24.9546
25.0000 25.1974
25.0000 25.2532
25.0000 24.9785
25.0000 24.9308
25.0000 24.8416
25.0000 25.2490
25.0000 25.3942
25.0000 25.0356
25.0000 25.3908
25.0000 24.0819
25.0000 24.9496
25.0000 25.1427
25.0000 23.8629
25.0000 25.1923
25.0000 24.9180
25.0000 24.0311
25.0000 24.7451
25.0000 24.5542
25.0000 25.9037
25.0000 25.8973
25.0000 24.7968
25.0000 24.7500
25.0000 24.8178
25.0000 24.7895
25.0000 24.9217
25.0000 24.2559
25.0000 25.9248
25.0000 24.0286
25.0000 25.3125
25.0000 24.6402
25.0000 24.5639
25.0000 24.6110
25.0000 24.9644
25.0000 25.6061
25.0000 24.9623
25.0000 24.8583
25.0000 24.2971
25.0000 25.3720
25.0000 24.6157
25.0000 24.7056
25.0000 24.3967
25.0000 24.4784
25.0000 24.8120
25.0000 24.5946
25.0000 25.2290
25.0000 25.1993
25.0000 25.0657
25.0000 25.6677
25.0000 24.7039
25.0000 24.3131
25.0000 24.9000
25.0000 25.0118
25.0000 25.3520
25.0000 24.4688
25.0000 25.0748
25.0000 24.6860
25.0000 25.0610
25.0000 25.8699
25.0000 24.5420
25.0000 25.6382
25.0000 24.0195
25.0000 25.3586
25.0000 23.7386
25.0000 24.5854
25.0000 24.8076
25.0000 25.2860
25.0000 25.1949
25.0000 24.7086
25.0000 25.5785
25.0000 24.5816
25.0000 24.3748
25.0000 24.7425
25.0000 24.9683
25.0000 24.6363
25.0000 24.5521
25.0000 24.6538
25.0000 24.7036
25.0000 25.2834
25.0000 24.8835
25.0000 25.8109
25.0000 25.1797
25.0000 24.8566
25.0000 24.1129
25.0000 26.1897
25.0000 25.0058
25.0000 24.5963
25.0000 25.4796
25.0000 24.3740
25.0000 24.8747
25.0000 24.7276
25.0000 25.6153
25.0000 24.6042
25.0000 23.5344
25.0000 25.1057
25.0000 25.2543
25.0000 24.6844
25.0000 25.5031
25.0000 25.1307
25.0000 24.9746
25.0000 24.5755
25.0000 25.4432
25.0000 25.5802
25.0000 24.9894
25.0000 25.2661
25.0000 25.0227
25.0000 24.6765
25.0000 24.8514
25.0000 24.7941
25.0000 25.4733
25.0000 24.7688
25.0000 25.1817
25.0000 25.7203
25.0000 25.1979
25.0000 24.8449
25.0000 25.3392
25.0000 24.6384
25.0000 24.4888
25.0000 25.6047
25.0000 25.9174
25.0000 24.0044
25.0000 24.9691
25.0000 25.2815
25.0000 25.9841
25.0000 24.9132
25.0000 25.5305
25.0000 25.5777
25.0000 24.3682
25.0000 24.5111
25.0000 24.8666
25.0000 24.1967
25.0000 24.8093
25.0000 25.1594
25.0000 24.0952
25.0000 24.2212
25.0000 25.5487
25.0000 23.8245
25.0000 24.9675
25.0000 23.6920
25.0000 25.6767
25.0000 25.4508
25.0000 23.6662
25.0000 25.1310
25.0000 24.0855
25.0000 24.5215
25.0000 24.2368
25.0000 24.3750
25.0000 23.8714
25.0000 25.4963
25.0000 23.9918
25.0000 23.7786
25.0000 23.1924
25.0000 25.0206
25.0000 24.4237
25.0000 25.7541
25.0000 24.5031
25.0000 24.5774
25.0000 25.9516
25.0000 25.5646
25.0000 25.4311
25.0000 24.3283
25.0000 25.0270
25.0000 25.0486
25.0000 23.9858
25.0000 24.5778
25.0000 25.0746
25.0000 24.5959
25.0000 25.1176
25.0000 24.5911
25.0000 25.7804
25.0000 25.0008
25.0000 24.6493
25.0000 25.0061
25.0000 24.8963
25.0000 24.4289
25.0000 24.7236
25.0000 25.4087
25.0000 25.5346
25.0000 25.2113
25.0000 24.9233
25.0000 24.7126
25.0000 24.4044
25.0000 24.6879
25.0000 24.7433
25.0000 25.1138
25.0000 24.8670
25.0000 24.6073
25.0000 25.3064
25.0000 24.8700
25.0000 25.5531
25.0000 25.0563
25.0000 25.0720
25.0000 24.9486
25.0000 24.2175
25.0000 24.6186
25.0000 24.2871
25.0000 24.9151
25.0000 25.4652
25.0000 25.0376
25.0000 24.7550
25.0000 24.4486
25.0000 25.3490
25.0000 24.5064
25.0000 24.1157
25.0000 25.1886
25.0000 24.6844
25.0000 25.0751
25.0000 25.2411
25.0000 24.5524
25.0000 25.1116
25.0000 26.0677
25.0000 25.1326
25.0000 25.3188
25.0000 25.4388
25.0000 24.6904
25.0000 25.2543
25.0000 25.3816
25.0000 24.0487
25.0000 24.4757
25.0000 24.3422
25.0000 24.5846
25.0000 24.1452
25.0000 25.0986
25.0000 25.4458
25.0000 24.9277
25.0000 24.1356
25.0000 25.0323
25.0000 25.9711
25.0000 24.3878
25.0000 24.5860
25.0000 24.9233
25.0000 24.0733
25.0000 25.1118
25.0000 24.5630
25.0000 25.6222
25.0000 25.4333
25.0000 24.5021
25.0000 25.9890
25.0000 24.0840
25.0000 25.1514
25.0000 25.4592
25.0000 25.0407
25.0000 24.2604
25.0000 24.4154
25.0000 24.8025
25.0000 24.9739
25.0000 25.0467
25.0000 25.1008
25.0000 24.7154
25.0000 24.5965
25.0000 25.4961
25.0000 24.6786
25.0000 23.8644
25.0000 25.7459
25.0000 24.2185
25.0000 25.1499
25.0000 24.5248
25.0000 25.5749
25.0000 24.8449
25.0000 25.0261
25.0000 25.2754
25.0000 24.2912
25.0000 25.2458
25.0000 23.7380
25.0000 25.1603
25.0000 24.6837
25.0000 25.3988
25.0000 24.5567
25.0000 24.6619
25.0000 24.3004
25.0000 25.3342
25.0000 25.3103
25.0000 24.3955
25.0000 24.9533
25.0000 25.0484
25.0000 24.5070
25.0000 25.2423
25.0000 24.8560
25.0000 25.6353
25.0000 25.5071
25.0000 24.5345
25.0000 24.2169
25.0000 25.3725
25.0000 24.3074
25.0000 24.8017
25.0000 24.7785
25.0000 25.2339
25.0000 24.8837
25.0000 24.9886
25.0000 24.8467
25.0000 25.0173
25.0000 24.4947
25.0000 24.9620
25.0000 25.6287
25.0000 25.5396
25.0000 25.8514
25.0000 24.6290
25.0000 25.2581
25.0000 24.4458
25.0000 24.8688
25.0000 25.0109
25.0000 24.2219
25.0000 25.7382
25.0000 25.1168
25.0000 25.3047
25.0000 25.2376
25.0000 24.8351
25.0000 24.2957
25.0000 24.4216
25.0000 24.9813
25.0000 24.7659
25.0000 24.3796
25.0000 24.8339
25.0000 24.4566
25.0000 24.7058
25.0000 25.5224
25.0000 26.0279
25.0000 23.9815
25.0000 25.0360
25.0000 25.9367
25.0000 24.9054
25.0000 25.4935
25.0000 24.5959
25.0000 24.7366
25.0000 25.5825
25.0000 24.4248
25.0000 25.4830
25.0000 24.3414
25.0000 25.3251
25.0000 24.3159
25.0000 24.6093
25.0000 24.4742
25.0000 24.3599
25.0000 25.3878
25.0000 25.0155
25.0000 25.2889
25.0000 24.2230
25.0000 25.1908
25.0000 25.2162
25.0000 23.9969
25.0000 24.6992
25.0000 25.2021
25.0000 23.9108
25.0000 25.7207
25.0000 24.8328
25.0000 24.2679
25.0000 25.3376
25.0000 24.3957
25.0000 25.0946
25.0000 25.2298
25.0000 24.5440
25.0000 23.8563
25.0000 25.0859
25.0000 24.6943
25.0000 24.9783
25.0000 25.2073
25.0000 25.0619
25.0000 24.5789
25.0000 24.4392
25.0000 25.0630
25.0000 24.7142
25.0000 25.1241
25.0000 23.9378
25.0000 24.4259
25.0000 24.3227
25.0000 24.4977
25.0000 25.7909
25.0000 24.4245
25.0000 25.2601
25.0000 25.0133
25.0000 25.5049
25.0000 24.5865
25.0000 25.8679
25.0000 24.5419
25.0000 24.6275
25.0000 24.9317
25.0000 25.0312
25.0000 24.4648
25.0000 24.8290
25.0000 24.1823
25.0000 25.1868
25.0000 24.9549
25.0000 25.4877
25.0000 24.4645
25.0000 26.0355
25.0000 24.4822
25.0000 24.2757
25.0000 24.5629
25.0000 25.4016
25.0000 24.1299
25.0000 24.6706
25.0000 25.8029
25.0000 25.0197
25.0000 24.8223
25.0000 25.6456
25.0000 25.0252
25.0000 24.9094
25.0000 24.7346
25.0000 24.8504
25.0000 24.8082
25.0000 24.7436
25.0000 24.7153
25.0000 25.2331
25.0000 24.7584
25.0000 23.9075
25.0000 26.2514
25.0000 24.9632
25.0000 24.5244
25.0000 24.2308
25.0000 25.5001
25.0000 24.7517
25.0000 24.4863
25.0000 23.4589
25.0000 25.3977
25.0000 24.4763
25.0000 24.2083
25.0000 24.8590
25.0000 24.4639
25.0000 24.5141
25.0000 25.2971
25.0000 24.2823
25.0000 26.0101
25.0000 25.6436
25.0000 26.4545
25.0000 24.5804
25.0000 24.3696
25.0000 24.9775
25.0000 25.3129
25.0000 24.9109
25.0000 24.2556
25.0000 24.7573
25.0000 25.2605
25.0000 25.0107
25.0000 25.1608
25.0000 24.2380
25.0000 24.7242
25.0000 24.6990
25.0000 24.6570
25.0000 25.1984
25.0000 25.1806
25.0000 23.9699
25.0000 25.0455
25.0000 24.3684
25.0000 24.0154
25.0000 24.5322
25.0000 23.9755
25.0000 25.5071
25.0000 25.4501
25.0000 25.5943
25.0000 25.5787
25.0000 24.7911
25.0000 24.6944
25.0000 25.4996
25.0000 24.8249
25.0000 24.7307
25.0000 25.5584
25.0000 25.4817
25.0000 23.6151
25.0000 24.8764
25.0000 24.2686
25.0000 25.5704
25.0000 24.3605
25.0000 24.6643
25.0000 25.6783
25.0000 25.3303
25.0000 24.6463
25.0000 25.5891
25.0000 24.4839
25.0000 25.6861
25.0000 24.3451
25.0000 25.0930
25.0000 26.2398
25.0000 25.3020
25.0000 25.1445
25.0000 24.4390
25.0000 24.4474
25.0000 24.6992
25.0000 24.6349
25.0000 24.4162
25.0000 25.3627
25.0000 24.7277
25.0000 24.6695
25.0000 24.0265
25.0000 25.0023
25.0000 24.6447
25.0000 24.4824
25.0000 24.9300
25.0000 25.3386
25.0000 25.3802
25.0000 25.2077
25.0000 24.6663
25.0000 25.2825
25.0000 24.8535
25.0000 24.3122
25.0000 24.4473
25.0000 24.9945
25.0000 24.5863
25.0000 24.2762
25.0000 24.7300
25.0000 25.3805
25.0000 24.9121
25.0000 25.2241
25.0000 24.2263
25.0000 24.2683
25.0000 24.0435
25.0000 24.4725
25.0000 25.2270
25.0000 24.3726
25.0000 24.2476
25.0000 25.7898
25.0000 23.9088
25.0000 24.6084
25.0000 25.0487
25.0000 25.9338
25.0000 24.6013
25.0000 24.5924
25.0000 24.3688
25.0000 25.1993
25.0000 24.9543
25.0000 25.7809
25.0000 25.3643
25.0000 25.3934
25.0000 25.3279
25.0000 24.4738
25.0000 25.3107
25.0000 24.6824
25.0000 24.7377
25.0000 24.8037
25.0000 24.8748
25.0000 23.9745
25.0000 24.3333
25.0000 24.2724
25.0000 24.7033
25.0000 25.4045
25.0000 24.7804
25.0000 25.7446
25.0000 24.5069
25.0000 24.5089
25.0000 23.5497
25.0000 23.8544
25.0000 25.2505
25.0000 24.2375
25.0000 25.2417
25.0000 24.5824
25.0000 25.8474
25.0000 24.9052
25.0000 24.4934
25.0000 25.3228
25.0000 24.9766
25.0000 24.7361
25.0000 24.7929
25.0000 24.3656
25.0000 24.3503
25.0000 24.0493
25.0000 25.0581
25.0000 25.2501
25.0000 24.8291
25.0000 24.5586
25.0000 24.6557
25.0000 25.0717
25.0000 24.4291
25.0000 24.8924
25.0000 25.2155
25.0000 25.2743
25.0000 24.6879
25.0000 25.0817
25.0000 24.3584
25.0000 24.8597
25.0000 24.9707
25.0000 24.4287
25.0000 25.3234
25.0000 24.9713
25.0000 23.5749
25.0000 25.0132
25.0000 25.2608
25.0000 24.3160
25.0000 24.3596
25.0000 25.4950
25.0000 24.7292
25.0000 24.1628
25.0000 25.5266
25.0000 24.9486
25.0000 25.7000
25.0000 24.3428
25.0000 24.1937
25.0000 24.7366
25.0000 25.1014
25.0000 24.6204
25.0000 24.8495
25.0000 25.3470
25.0000 25.0697
25.0000 24.0125
25.0000 25.2335
25.0000 24.9981
25.0000 24.8353
25.0000 24.5017
25.0000 25.4019
25.0000 25.4924
25.0000 25.6706
25.0000 24.7459
25.0000 25.2266
25.0000 24.4450
25.0000 25.3726
25.0000 24.9459
25.0000 25.1519
25.0000 24.1547
25.0000 24.5944
25.0000 25.0335
25.0000 25.3915
25.0000 23.8927
25.0000 24.9387
25.0000 25.6011
25.0000 24.3717
25.0000 25.1815
25.0000 24.4325
25.0000 25.3000
25.0000 24.2931
25.0000 25.2292
25.0000 24.7987
25.0000 25.5194
25.0000 24.5244
25.0000 25.6727
25.0000 25.5004
25.0000 25.2666
25.0000 25.4127
25.0000 25.0552
25.0000 25.1399
25.0000 24.3172
25.0000 25.4117
25.0000 24.5848
25.0000 24.7070
25.0000 24.8524
25.0000 22.8088
25.0000 24.5901
25.0000 24.9796
25.0000 24.7560
25.0000 25.1982
25.0000 24.5404
25.0000 25.6851
25.0000 24.4162
25.0000 24.9709
25.0000 24.5794
25.0000 25.4708
25.0000 24.0131
25.0000 24.6736
25.0000 25.2008
25.0000 24.5772
25.0000 25.0518
25.0000 23.8605
25.0000 25.0378
25.0000 25.1312
25.0000 24.5724
25.0000 25.4731
25.0000 24.9607
25.0000 25.5125
25.0000 24.7713
25.0000 25.0965
25.0000 25.0460
25.0000 24.2117
25.0000 24.9878
25.0000 24.9045
25.0000 26.0679
25.0000 25.3534
25.0000 25.6988
25.0000 25.3238
25.0000 24.5999
25.0000 25.7944
25.0000 24.8752
25.0000 25.0464
25.0000 24.8318
25.0000 24.9267
25.0000 24.6698
25.0000 24.3720
25.0000 25.3359
25.0000 24.4056
25.0000 24.8829
25.0000 25.1327
25.0000 24.7613
25.0000 24.8479
25.0000 25.2288
25.0000 25.7807
25.0000 25.6561
25.0000 24.7736
25.0000 25.4772
25.0000 25.6448
25.0000 26.1510
25.0000 24.3391
25.0000 24.9853
25.0000 24.9043
25.0000 24.3480
25.0000 25.0159
25.0000 24.3688
25.0000 25.2614
25.0000 24.8676
25.0000 25.0309
25.0000 25.3299
25.0000 24.6681
25.0000 23.5895
25.0000 25.9230
25.0000 25.1136
25.0000 24.5695
25.0000 25.4313
25.0000 25.0502
25.0000 25.1780
25.0000 24.7265
25.0000 24.2029
25.0000 25.0549
25.0000 25.5855
25.0000 25.7597
25.0000 24.6210
25.0000 25.5708
25.0000 24.1490
25.0000 24.6745
25.0000 24.4182
25.0000 25.1627
25.0000 24.5658
25.0000 24.7941
25.0000 23.6259
25.0000 24.2995
25.0000 25.2950
25.0000 24.0453
25.0000 24.9357
25.0000 24.2423
25.0000 24.6171
25.0000 24.7517
25.0000 25.3921
25.0000 25.1159
25.0000 24.6731
25.0000 25.3133
25.0000 25.2457
25.0000 24.0815
25.0000 24.7153
25.0000 25.2800
25.0000 24.6618
25.0000 25.5056
25.0000 25.1343
25.0000 24.7109
25.0000 24.7239
25.0000 25.0286
25.0000 24.7567
25.0000 25.3977
25.0000 24.9240
25.0000 25.4772
25.0000 25.0242
25.0000 24.4380
25.0000 24.6161
25.0000 25.2565
25.0000 25.0643
25.0000 25.0758
25.0000 25.0729
25.0000 25.3626
25.0000 24.5161
25.0000 23.8609
25.0000 24.9352
25.0000 25.2632
25.0000 24.5156
25.0000 24.0850
25.0000 24.9412
25.0000 24.8608
25.0000 24.4657
25.0000 25.2121
25.0000 24.3153
25.0000 24.6275
25.0000 24.2524
25.0000 24.8758
25.0000 24.9848
25.0000 23.4874
25.0000 24.8833
25.0000 25.0391
25.0000 25.1116
25.0000 25.5416
25.0000 24.7600
25.0000 24.9817
25.0000 24.3600
25.0000 24.9546
25.0000 24.7829
25.0000 24.2171
25.0000 25.3318
