29.0000 29.7112
29.0000 29.1826
29.0000 29.7560
29.0000 28.0159
29.0000 29.0118
29.0000 29.1545
29.0000 28.8715
29.0000 29.0670
29.0000 29.3785
29.0000 29.3384
29.0000 29.1904
29.0000 29.0816
29.0000 29.9512
29.0000 29.4178
29.0000 28.1679
29.0000 29.2210
29.0000 28.6390
29.0000 29.0798
29.0000 28.8114
29.0000 30.0704
29.0000 29.7311
29.0000 29.3367
29.0000 28.5022
29.0000 28.4923
29.0000 29.8735
29.0000 28.9606
29.0000 28.2934
29.0000 29.3768
29.0000 28.6554
29.0000 28.8584
29.0000 28.3340
29.0000 28.2421
29.0000 29.4461
29.0000 28.6565
29.0000 28.2213
29.0000 28.9853
29.0000 29.2834
29.0000 28.2019
29.0000 28.8710
29.0000 28.2870
29.0000 29.3013
29.0000 29.3743
29.0000 28.4151
29.0000 29.4972
29.0000 29.2635
29.0000 28.9702
29.0000 29.0449
29.0000 28.0391
29.0000 28.9741
29.0000 30.0997
29.0000 28.3576
29.0000 28.4644
29.0000 29.1094
29.0000 28.8051
29.0000 28.5412
29.0000 28.3326
29.0000 29.1375
29.0000 28.6502
29.0000 29.4893
29.0000 29.0617
29.0000 28.2016
29.0000 29.2423
29.0000 28.7209
29.0000 29.3412
29.0000 29.2253
29.0000 29.7064
29.0000 29.4163
29.0000 28.8390
29.0000 29.4988
29.0000 29.5901
29.0000 27.7725
29.0000 28.3908
29.0000 29.6950
29.0000 28.2964
29.0000 28.7553
29.0000 29.2542
29.0000 28.2857
29.0000 28.7127
29.0000 29.6693
29.0000 28.7142
29.0000 30.1131
29.0000 29.1846
29.0000 27.9386
29.0000 28.3197
29.0000 28.7056
29.0000 28.7244
29.0000 27.9509
29.0000 28.5187
29.0000 29.0322
29.0000 29.0817
29.0000 28.8912
29.0000 28.5208
29.0000 29.4421
29.0000 27.9749
29.0000 29.6107
29.0000 29.0102
29.0000 28.9945
29.0000 28.8478
29.0000 29.2100
29.0000 29.1702
29.0000 30.1326
29.0000 28.1505
29.0000 28.5979
29.0000 28.5846
29.0000 30.1362
29.0000 28.1048
29.0000 29.6451
29.0000 29.6008
29.0000 29.9024
29.0000 29.8430
29.0000 28.7455
29.0000 27.7183
29.0000 29.2297
29.0000 27.8200
29.0000 28.0567
29.0000 28.8055
29.0000 29.0315
29.0000 28.8806
29.0000 28.9929
29.0000 28.8118
29.0000 27.9891
29.0000 28.2317
29.0000 28.9032
29.0000 29.5417
29.0000 28.7712
29.0000 29.0428
29.0000 29.6364
29.0000 29.1023
29.0000 28.1296
29.0000 27.8785
29.0000 29.3585
29.0000 29.0394
29.0000 29.0549
29.0000 29.3148
29.0000 29.3180
29.0000 28.4055
29.0000 28.7984
29.0000 29.3151
29.0000 28.8986
29.0000 30.1684
29.0000 29.0748
29.0000 29.3790
29.0000 28.9506
29.0000 29.4317
29.0000 29.2672
29.0000 28.7155
29.0000 28.6971
29.0000 29.4021
29.0000 28.2534
29.0000 29.0927
29.0000 29.0444
29.0000 29.0648
29.0000 28.5452
29.0000 28.9738
29.0000 28.6348
29.0000 29.8104
29.0000 28.6320
29.0000 29.6562
29.0000 29.9825
29.0000 29.5689
29.0000 29.1696
29.0000 29.5597
29.0000 28.3439
29.0000 28.9322
29.0000 28.4347
29.0000 28.5964
29.0000 28.2539
29.0000 29.0582
29.0000 29.5414
29.0000 28.4645
29.0000 29.1534
29.0000 28.8062
29.0000 28.4412
29.0000 28.4294
29.0000 28.4959
29.0000 28.4503
29.0000 29.0457
29.0000 29.3123
29.0000 29.0949
29.0000 28.7692
29.0000 28.5095
29.0000 27.9568
29.0000 29.2527
29.0000 29.3291
29.0000 28.7490
29.0000 28.5121
29.0000 28.8763
29.0000 29.1905
29.0000 29.1975
29.0000 28.1114
29.0000 29.4058
29.0000 28.8373
29.0000 29.8094
29.0000 28.9746
29.0000 28.6497
29.0000 28.3535
29.0000 28.8743
29.0000 28.0693
29.0000 29.4845
29.0000 29.8613
29.0000 29.1800
29.0000 28.6831
29.0000 28.3556
29.0000 29.7518
29.0000 29.6772
29.0000 28.7768
29.0000 28.6749
29.0000 28.7941
29.0000 28.5890
29.0000 28.7457
29.0000 28.0146
29.0000 28.2168
29.0000 28.4776
29.0000 27.5740
29.0000 29.4791
29.0000 29.3839
29.0000 28.4844
29.0000 29.1677
29.0000 28.2738
29.0000 28.8138
29.0000 29.6128
29.0000 29.0255
29.0000 29.6573
29.0000 28.7311
29.0000 29.6861
29.0000 28.3844
29.0000 30.1073
29.0000 29.0082
29.0000 29.2845
29.0000 29.3023
29.0000 29.5325
29.0000 28.9843
29.0000 29.1187
29.0000 28.3449
29.0000 28.0292
29.0000 29.2802
29.0000 28.7494
29.0000 28.5658
29.0000 28.6269
29.0000 28.7576
29.0000 30.5592
29.0000 29.4488
29.0000 29.2215
29.0000 28.9445
29.0000 30.8811
29.0000 28.7346
29.0000 29.1421
29.0000 28.5884
29.0000 28.6251
29.0000 29.3583
29.0000 29.6499
29.0000 28.3138
29.0000 29.0029
29.0000 29.1689
29.0000 28.4710
29.0000 29.2487
29.0000 27.7525
29.0000 29.0203
29.0000 29.6070
29.0000 29.3965
29.0000 28.6146
29.0000 28.7805
29.0000 29.2614
29.0000 29.3217
29.0000 28.3788
29.0000 29.1942
29.0000 30.2168
29.0000 28.5023
29.0000 29.4051
29.0000 28.9569
29.0000 28.5243
29.0000 28.5521
29.0000 28.9596
29.0000 29.6871
29.0000 29.0770
29.0000 29.9122
29.0000 29.9971
29.0000 28.2845
29.0000 29.0716
29.0000 29.7819
29.0000 29.3442
29.0000 28.5540
29.0000 29.0620
29.0000 29.1136
29.0000 28.4690
29.0000 30.0311
29.0000 29.1537
29.0000 28.6159
29.0000 29.4016
29.0000 28.7507
29.0000 29.4800
29.0000 29.3406
29.0000 29.2960
29.0000 28.6512
29.0000 28.8300
29.0000 28.8903
29.0000 29.1592
29.0000 28.8205
29.0000 27.9602
29.0000 29.6302
29.0000 28.5878
29.0000 29.9209
29.0000 29.0648
29.0000 27.7972
29.0000 27.8126
29.0000 29.3228
29.0000 28.7543
29.0000 30.1858
29.0000 30.2075
29.0000 28.4260
29.0000 29.5833
29.0000 29.4154
29.0000 28.2905
29.0000 29.5536
29.0000 28.7598
29.0000 27.8169
29.0000 28.2815
29.0000 29.3866
29.0000 29.0509
29.0000 28.6084
29.0000 28.6263
29.0000 29.1914
29.0000 28.6811
29.0000 28.9237
29.0000 29.5236
29.0000 29.4672
29.0000 27.8757
29.0000 28.8972
29.0000 29.2494
29.0000 29.3644
29.0000 28.3386
29.0000 28.3165
29.0000 28.1497
29.0000 29.4529
29.0000 29.2093
29.0000 29.2572
29.0000 29.1904
29.0000 28.9622
29.0000 28.6825
29.0000 27.7882
29.0000 28.8330
29.0000 29.3159
29.0000 29.0957
29.0000 29.1460
29.0000 30.0025
29.0000 29.2472
29.0000 28.8957
29.0000 29.0649
29.0000 28.0612
29.0000 29.1027
29.0000 28.7982
29.0000 28.7000
29.0000 29.8267
29.0000 30.1870
29.0000 28.8533
29.0000 29.5053
29.0000 28.0433
29.0000 28.2824
29.0000 30.1526
29.0000 28.4161
29.0000 28.3166
29.0000 28.2599
29.0000 28.1360
29.0000 29.0309
29.0000 28.5117
29.0000 28.5130
29.0000 29.4978
29.0000 29.3055
29.0000 28.5136
29.0000 28.6722
29.0000 29.8712
29.0000 29.3827
29.0000 29.6535
29.0000 28.4549
29.0000 28.6324
29.0000 28.3144
29.0000 29.0889
29.0000 29.0937
29.0000 28.4344
29.0000 27.8324
29.0000 29.3914
29.0000 29.0507
29.0000 29.8935
29.0000 28.4373
29.0000 29.0591
29.0000 29.2657
29.0000 29.5716
29.0000 28.5742
29.0000 29.5856
29.0000 28.7867
29.0000 29.0032
29.0000 29.3958
29.0000 28.7157
29.0000 30.0774
29.0000 28.1024
29.0000 28.4878
29.0000 29.2688
29.0000 28.8691
29.0000 28.0093
29.0000 28.6578
29.0000 28.2281
29.0000 28.6072
29.0000 28.4790
29.0000 28.6791
29.0000 28.7938
29.0000 28.0745
29.0000 28.6437
29.0000 29.3208
29.0000 29.2069
29.0000 28.7998
29.0000 28.2915
29.0000 28.2775
29.0000 29.6308
29.0000 29.0798
29.0000 28.8374
29.0000 29.1174
29.0000 28.9392
29.0000 28.1734
29.0000 29.0714
29.0000 29.3815
29.0000 28.7342
29.0000 27.9778
29.0000 29.8383
29.0000 28.9922
29.0000 28.4740
29.0000 29.3648
29.0000 28.8799
29.0000 29.6545
29.0000 29.3960
29.0000 29.7144
29.0000 28.5353
29.0000 29.5564
29.0000 28.8551
29.0000 28.5497
29.0000 29.3399
29.0000 29.4681
29.0000 29.7886
29.0000 28.4725
29.0000 28.2887
29.0000 29.6894
29.0000 29.6165
29.0000 28.3786
29.0000 27.5618
29.0000 29.3981
29.0000 27.6141
29.0000 28.4698
29.0000 28.8544
29.0000 30.0212
29.0000 29.3337
29.0000 29.6639
29.0000 29.2808
29.0000 28.1093
29.0000 29.2526
29.0000 28.5549
29.0000 29.2186
29.0000 29.4406
29.0000 28.3706
29.0000 29.3999
29.0000 27.7138
29.0000 27.8376
29.0000 28.8617
29.0000 28.3954
29.0000 28.4512
29.0000 29.5473
29.0000 28.1367
29.0000 28.5768
29.0000 29.9988
29.0000 30.2020
29.0000 28.0767
29.0000 28.4373
29.0000 29.0552
29.0000 30.1750
29.0000 28.2185
29.0000 28.7421
29.0000 29.7277
29.0000 29.6977
29.0000 28.4808
29.0000 28.9998
29.0000 30.0288
29.0000 29.7113
29.0000 29.6566
29.0000 29.9261
29.0000 28.1575
29.0000 29.1699
29.0000 29.0123
29.0000 29.6986
29.0000 28.1766
29.0000 29.3474
29.0000 28.7435
29.0000 28.8035
29.0000 29.0437
29.0000 29.5534
29.0000 29.3259
29.0000 28.7670
29.0000 29.6333
29.0000 29.2834
29.0000 29.1074
29.0000 29.4216
29.0000 28.8597
29.0000 30.0220
29.0000 28.2607
29.0000 29.5154
29.0000 28.9303
29.0000 29.5968
29.0000 28.3489
29.0000 29.2601
29.0000 28.3477
29.0000 29.1319
29.0000 29.0764
29.0000 29.9312
29.0000 29.9060
29.0000 29.1361
29.0000 28.6509
29.0000 28.1039
29.0000 28.8669
29.0000 28.1965
29.0000 29.0329
29.0000 29.5198
29.0000 27.8762
29.0000 28.2395
29.0000 28.7571
29.0000 29.3359
29.0000 28.7331
29.0000 29.2399
29.0000 28.1966
29.0000 29.3640
29.0000 28.2066
29.0000 28.4359
29.0000 28.7739
29.0000 29.0294
29.0000 28.9244
29.0000 28.7452
29.0000 29.4624
29.0000 29.9921
29.0000 28.9185
29.0000 27.8810
29.0000 28.8416
29.0000 28.4509
29.0000 29.2313
29.0000 29.3319
29.0000 29.5809
29.0000 29.2879
29.0000 28.4464
29.0000 29.0322
29.0000 29.3583
29.0000 28.4431
29.0000 29.5873
29.0000 29.6952
29.0000 29.6503
29.0000 28.4871
29.0000 28.6989
29.0000 30.7124
29.0000 29.1370
29.0000 28.9018
29.0000 28.5780
29.0000 29.2842
29.0000 30.1411
29.0000 29.2942
29.0000 29.4427
29.0000 28.7089
29.0000 29.1634
29.0000 28.5055
29.0000 28.9113
29.0000 28.2116
29.0000 28.5999
29.0000 29.5766
29.0000 28.4808
29.0000 29.0801
29.0000 27.7327
29.0000 28.4703
29.0000 29.2925
29.0000 28.4304
29.0000 28.7728
29.0000 29.7603
29.0000 28.7723
29.0000 28.9855
29.0000 29.6149
29.0000 28.3204
29.0000 29.3663
29.0000 28.7828
29.0000 28.2453
29.0000 29.1267
29.0000 28.8740
29.0000 29.4411
29.0000 28.0338
29.0000 28.7387
29.0000 28.7716
29.0000 29.2980
29.0000 29.4643
29.0000 29.2464
29.0000 28.1715
29.0000 28.9445
29.0000 28.6163
29.0000 28.6110
29.0000 28.3804
29.0000 28.9965
29.0000 28.8833
29.0000 29.4007
29.0000 28.7679
29.0000 28.6854
29.0000 28.1151
29.0000 29.0688
29.0000 29.6339
29.0000 28.0396
29.0000 29.2277
29.0000 29.1277
29.0000 28.8401
29.0000 29.1874
29.0000 28.3016
29.0000 29.7377
29.0000 29.3114
29.0000 27.8317
29.0000 28.8040
29.0000 29.7100
29.0000 29.1062
29.0000 29.4157
29.0000 28.0990
29.0000 28.3355
29.0000 29.4075
29.0000 29.5976
29.0000 28.3277
29.0000 28.8636
29.0000 28.5252
29.0000 29.6769
29.0000 29.0121
29.0000 28.5598
29.0000 29.5775
29.0000 28.5478
29.0000 28.6908
29.0000 28.5054
29.0000 28.4358
29.0000 28.3109
29.0000 28.4686
29.0000 29.7217
29.0000 28.9861
29.0000 30.0232
29.0000 29.2160
29.0000 29.0111
29.0000 29.1067
29.0000 28.2037
29.0000 28.6452
29.0000 29.5421
29.0000 28.5547
29.0000 28.6343
29.0000 29.7529
29.0000 28.8494
29.0000 29.0264
29.0000 29.1065
29.0000 27.8976
29.0000 28.3213
29.0000 28.8122
29.0000 29.5266
29.0000 29.5846
29.0000 29.2831
29.0000 29.3156
29.0000 29.0843
29.0000 28.8588
29.0000 28.1421
29.0000 29.3959
29.0000 29.7457
29.0000 28.2542
29.0000 28.8146
29.0000 28.7098
29.0000 28.8077
29.0000 29.4657
29.0000 29.5260
29.0000 29.0995
29.0000 28.9642
29.0000 28.7451
29.0000 30.4309
29.0000 29.3089
29.0000 29.3338
29.0000 29.3243
29.0000 28.6430
29.0000 29.0721
29.0000 29.2896
29.0000 29.3168
29.0000 29.5680
29.0000 28.8479
29.0000 28.6418
29.0000 29.0167
29.0000 28.8270
29.0000 28.6537
29.0000 28.2428
29.0000 28.7570
29.0000 28.6183
29.0000 29.2015
29.0000 28.2392
29.0000 28.0661
29.0000 29.6060
29.0000 29.1106
29.0000 28.4038
29.0000 29.3835
29.0000 29.7820
29.0000 29.4107
29.0000 29.0609
29.0000 28.5574
29.0000 29.1347
29.0000 28.8920
29.0000 28.8739
29.0000 28.4888
29.0000 28.7507
29.0000 27.7842
29.0000 28.9619
29.0000 29.5488
29.0000 28.0392
29.0000 29.5714
29.0000 28.9688
29.0000 29.1973
29.0000 28.2323
29.0000 29.0778
29.0000 29.4777
29.0000 29.0052
29.0000 29.2374
29.0000 28.7471
29.0000 27.8535
29.0000 29.7952
29.0000 29.6436
29.0000 28.7923
29.0000 28.2573
29.0000 29.5932
29.0000 29.5593
29.0000 28.4925
29.0000 29.6324
29.0000 28.4179
29.0000 29.0378
29.0000 28.6000
29.0000 29.0330
29.0000 29.4867
29.0000 30.3421
29.0000 28.8548
29.0000 28.4504
29.0000 29.0955
29.0000 28.3547
29.0000 28.8098
29.0000 30.3328
29.0000 29.1773
29.0000 28.4893
29.0000 29.6114
29.0000 29.6035
29.0000 29.6132
29.0000 29.6026
29.0000 28.1338
29.0000 30.0953
29.0000 29.1092
29.0000 29.0369
29.0000 29.4629
29.0000 28.9482
29.0000 28.2282
29.0000 29.0040
29.0000 29.7200
29.0000 29.5299
29.0000 29.4096
29.0000 29.0094
29.0000 28.7123
29.0000 29.7503
29.0000 29.1098
29.0000 28.8754
29.0000 28.0359
29.0000 28.6997
29.0000 29.3770
29.0000 29.4462
29.0000 29.2824
29.0000 29.1543
29.0000 29.0444
29.0000 29.0430
29.0000 29.4285
29.0000 28.7607
29.0000 29.0838
29.0000 28.4859
29.0000 28.4063
29.0000 29.2084
29.0000 28.5417
29.0000 28.9030
29.0000 28.4851
29.0000 27.5920
29.0000 28.2198
29.0000 27.8104
29.0000 29.3420
29.0000 29.0393
29.0000 29.1498
29.0000 30.0179
29.0000 29.8636
29.0000 30.1055
29.0000 27.8253
29.0000 29.1469
29.0000 28.5849
29.0000 28.2877
29.0000 28.6177
29.0000 28.4104
29.0000 28.1858
29.0000 29.5083
29.0000 29.8688
29.0000 29.5984
29.0000 29.0316
29.0000 29.2814
29.0000 29.4695
29.0000 28.8598
29.0000 27.7837
29.0000 29.6148
29.0000 28.5706
29.0000 28.7002
29.0000 28.5542
29.0000 29.2831
29.0000 29.0685
29.0000 28.1442
29.0000 29.5947
29.0000 29.5042
29.0000 28.6552
29.0000 28.7979
29.0000 29.5584
29.0000 29.7208
29.0000 28.5743
29.0000 28.4333
29.0000 28.6874
29.0000 27.5233
29.0000 29.4427
29.0000 29.0121
29.0000 29.6601
29.0000 28.1397
29.0000 29.8003
29.0000 29.8721
29.0000 28.4262
29.0000 28.7249
29.0000 28.4797
29.0000 28.7770
29.0000 28.0104
29.0000 28.5431
29.0000 29.5726
29.0000 28.2416
29.0000 27.9383
29.0000 29.0096
29.0000 29.3130
29.0000 28.7907
29.0000 28.9035
29.0000 28.1831
29.0000 28.3966
29.0000 28.6715
29.0000 28.5983
29.0000 28.6520
29.0000 28.5225
29.0000 28.7667
29.0000 28.5144
29.0000 28.2420
29.0000 28.5809
29.0000 28.5568
29.0000 28.4374
29.0000 28.4782
29.0000 29.4856
29.0000 28.8529
29.0000 28.8637
29.0000 28.9481
29.0000 28.5993
29.0000 29.2790
29.0000 29.1343
29.0000 28.6920
29.0000 29.0356
29.0000 29.2885
29.0000 29.2062
29.0000 29.9905
29.0000 28.0638
29.0000 28.9926
29.0000 29.0915
29.0000 29.0614
29.0000 29.6173
29.0000 28.3795
29.0000 30.1531
29.0000 29.0862
29.0000 29.4427
29.0000 29.9058
29.0000 29.2297
29.0000 28.7525
29.0000 29.5044
29.0000 28.5000
29.0000 29.1569
29.0000 28.6886
29.0000 29.4091
29.0000 28.6591
29.0000 29.2168
29.0000 27.8934
29.0000 29.6000
29.0000 28.3151
29.0000 27.8833
29.0000 28.5962
29.0000 28.8836
29.0000 28.7728
29.0000 28.4855
29.0000 28.6685
29.0000 29.3870
29.0000 29.6185
29.0000 28.6476
29.0000 28.5090
29.0000 27.3882
29.0000 29.5184
29.0000 28.0675
29.0000 29.7627
29.0000 28.4356
29.0000 28.7092
29.0000 28.6484
29.0000 28.6284
29.0000 29.2943
29.0000 28.5338
29.0000 28.5822
29.0000 29.9812
29.0000 29.5077
29.0000 29.2436
29.0000 28.2905
29.0000 28.3983
29.0000 29.0809
29.0000 29.5446
29.0000 29.2996
29.0000 29.1829
29.0000 28.6060
29.0000 28.9275
29.0000 28.6750
29.0000 28.5243
29.0000 29.4096
29.0000 29.6967
29.0000 28.8828
29.0000 28.3085
29.0000 29.6884
29.0000 28.7239
29.0000 29.5332
29.0000 28.8517
29.0000 29.2665
29.0000 28.1038
29.0000 27.5934
29.0000 29.5329
29.0000 28.4652
29.0000 28.9215
29.0000 28.4800
29.0000 29.3554
29.0000 28.4781
29.0000 29.4796
29.0000 28.4152
29.0000 28.0668
29.0000 27.5918
29.0000 29.3475
29.0000 28.8575
29.0000 28.8099
29.0000 29.2300
29.0000 28.5195
29.0000 27.9627
29.0000 28.7760
29.0000 29.1672
29.0000 28.6886
29.0000 29.3281
29.0000 28.3094
29.0000 29.1225
29.0000 29.3120
29.0000 29.8043
29.0000 29.3742
29.0000 28.6821
29.0000 29.5475
29.0000 28.5066
29.0000 29.4213
29.0000 29.0883
29.0000 29.6534
29.0000 28.3171
29.0000 28.8675
29.0000 29.0036
29.0000 28.8551
29.0000 28.8865
29.0000 29.3841
29.0000 29.6589
29.0000 29.1896
29.0000 28.6764
29.0000 28.1422
29.0000 28.8318
29.0000 28.8979
29.0000 28.3644
29.0000 29.0867
29.0000 29.0094
29.0000 29.1736
29.0000 28.5927
29.0000 28.9449
29.0000 28.9861
29.0000 29.0581
29.0000 28.8789
29.0000 28.6364
29.0000 29.5218
29.0000 29.3165
29.0000 29.4252
29.0000 29.9626
29.0000 28.7942
29.0000 28.6412
29.0000 28.7553
29.0000 29.3572
29.0000 28.7685
29.0000 29.2943
29.0000 29.0847
29.0000 29.5904
29.0000 29.2718
29.0000 29.1808
29.0000 29.4821
29.0000 28.5789
29.0000 28.7573
29.0000 29.2712
29.0000 28.5745
29.0000 28.9546
29.0000 28.3677
29.0000 29.2202
29.0000 28.9203
29.0000 28.2027
29.0000 30.0161
29.0000 29.3032
29.0000 29.3769
29.0000 28.4824
29.0000 28.4175
29.0000 29.3139
29.0000 29.0208
29.0000 29.8108
29.0000 27.2947
29.0000 28.7545
29.0000 28.8336
29.0000 28.0118
29.0000 28.0846
29.0000 29.4412
29.0000 29.8715
29.0000 29.1537
29.0000 28.6765
29.0000 29.1704
29.0000 28.8764
29.0000 29.8848
29.0000 28.7008
29.0000 29.5529
29.0000 28.9299
29.0000 29.7701
29.0000 28.7321
29.0000 29.7791
29.0000 29.2841
29.0000 29.8210
29.0000 28.5380
29.0000 28.4136
29.0000 29.2904
29.0000 29.6108
29.0000 29.7389
29.0000 28.3567
29.0000 28.6537
29.0000 28.7321
29.0000 28.4501
29.0000 28.8681
29.0000 29.0985
29.0000 29.4413
29.0000 28.0300
29.0000 29.4997
29.0000 27.6132
29.0000 29.4313
29.0000 29.5296
29.0000 29.2271
29.0000 28.2408
29.0000 29.1132
29.0000 28.9362
29.0000 29.0624
29.0000 28.9296
29.0000 29.8015
29.0000 28.8669
29.0000 28.8795
29.0000 28.8821
29.0000 29.4616
29.0000 29.4263
29.0000 29.5044
29.0000 29.4412
29.0000 28.0952
29.0000 29.2863
29.0000 27.6794
29.0000 28.8634
29.0000 28.2317
29.0000 28.7730
29.0000 29.6335
29.0000 28.9754
29.0000 29.4070
29.0000 28.5734
29.0000 29.2927
29.0000 28.1025
29.0000 27.3556
29.0000 29.8072
29.0000 29.6423
29.0000 29.2710
29.0000 28.9755
29.0000 28.6758
29.0000 29.7178
29.0000 28.1287
29.0000 28.4265
29.0000 28.9834
29.0000 28.4028
29.0000 28.8652
29.0000 28.8504
29.0000 28.8454
29.0000 29.1210
29.0000 29.5575
29.0000 28.1912
29.0000 29.1422
29.0000 28.3893
29.0000 29.6932
29.0000 28.7616
29.0000 28.8561
29.0000 28.4973
29.0000 29.5291
29.0000 29.5711
29.0000 29.3089
29.0000 28.1479
29.0000 28.7340
29.0000 28.9674
29.0000 29.0599
29.0000 28.4349
29.0000 29.2459
29.0000 28.7570
29.0000 30.4079
29.0000 29.3605
29.0000 28.6371
29.0000 28.3629
29.0000 28.2765
29.0000 30.0626
29.0000 28.4123
29.0000 29.2154
29.0000 28.0363
29.0000 28.7627
29.0000 28.4905
29.0000 28.6969
29.0000 29.9232
29.0000 29.2740
29.0000 29.1416
29.0000 29.0506
29.0000 28.3744
29.0000 29.1583
29.0000 27.7134
29.0000 28.6841
29.0000 28.3661
29.0000 29.2276
29.0000 28.5963
29.0000 28.1336
29.0000 28.4560
29.0000 29.2212
29.0000 28.7927
29.0000 30.4584
29.0000 28.3132
29.0000 28.3993
29.0000 29.2098
29.0000 29.1284
29.0000 28.5576
29.0000 28.7190
29.0000 29.9511
29.0000 28.4478
29.0000 28.7021
29.0000 29.2425
29.0000 28.7555
29.0000 28.9222
29.0000 29.4564
29.0000 28.7790
29.0000 28.0189
29.0000 28.6545
29.0000 28.7058
29.0000 28.8865
29.0000 29.2645
29.0000 28.3206
29.0000 28.6002
29.0000 29.1905
29.0000 28.7448
29.0000 29.0938
29.0000 29.4038
29.0000 29.4147
29.0000 28.8883
29.0000 28.9744
29.0000 29.3914
29.0000 29.0992
29.0000 29.9587
29.0000 29.1689
29.0000 28.7167
29.0000 28.8494
29.0000 28.4081
29.0000 28.3823
29.0000 28.8250
29.0000 28.9353
29.0000 29.9232
29.0000 29.6065
29.0000 29.6856
29.0000 28.7697
29.0000 29.4884
29.0000 29.0693
29.0000 28.0323
29.0000 29.0703
29.0000 29.4830
29.0000 28.1430
29.0000 29.1012
29.0000 28.4776
29.0000 29.7312
29.0000 28.2977
29.0000 29.4563
29.0000 28.8835
29.0000 29.3243
29.0000 29.0677
29.0000 29.1466
29.0000 28.7688
29.0000 28.5495
29.0000 29.5116
29.0000 29.7288
29.0000 29.4400
29.0000 28.5683
29.0000 28.3605
29.0000 28.1284
29.0000 28.1445
29.0000 29.3729
29.0000 29.2847
29.0000 29.1012
29.0000 29.2217
29.0000 28.7671
29.0000 28.7597
29.0000 28.5333
29.0000 28.8040
29.0000 28.6925
29.0000 29.4282
29.0000 28.1870
29.0000 28.1612
29.0000 30.2775
29.0000 29.6812
29.0000 28.6960
29.0000 29.3834
29.0000 28.1303
29.0000 29.0650
29.0000 29.5006
29.0000 29.3565
29.0000 29.2075
29.0000 29.1704
29.0000 28.9156
29.0000 28.5421
29.0000 28.9220
29.0000 29.7980
29.0000 28.1132
29.0000 29.7091
29.0000 28.8303
29.0000 28.1009
29.0000 29.6809
29.0000 29.1200
29.0000 28.4904
29.0000 28.1378
29.0000 29.4483
29.0000 28.9407
29.0000 28.7183
29.0000 28.9866
29.0000 28.2750
29.0000 29.1978
29.0000 28.8708
29.0000 28.8367
29.0000 28.4072
29.0000 29.4136
29.0000 29.0373
29.0000 28.7028
29.0000 28.9462
29.0000 28.9707
29.0000 27.7341
29.0000 29.7044
29.0000 28.0481
29.0000 28.8213
29.0000 28.3703
29.0000 28.1260
29.0000 29.6027
29.0000 28.9236
29.0000 29.1327
29.0000 29.6915
29.0000 28.5600
29.0000 29.2310
29.0000 29.8491
29.0000 29.4531
29.0000 29.5559
29.0000 28.9706
29.0000 28.1501
29.0000 28.7448
29.0000 27.9109
29.0000 29.6637
29.0000 28.6857
29.0000 28.7640
29.0000 28.9690
29.0000 29.5932
29.0000 28.9274
29.0000 28.6399
29.0000 29.4230
29.0000 28.8864
29.0000 28.8719
29.0000 28.0594
29.0000 29.2680
29.0000 29.3268
29.0000 28.8038
29.0000 28.4354
29.0000 28.5842
29.0000 29.5246
29.0000 29.8551
29.0000 29.0758
29.0000 29.0053
29.0000 28.5948
29.0000 29.2035
29.0000 29.2407
29.0000 28.7414
29.0000 29.5956
29.0000 28.6195
29.0000 28.7280
29.0000 28.6166
29.0000 28.9448
29.0000 28.7589
29.0000 29.1802
29.0000 28.1220
29.0000 28.8075
29.0000 29.2387
29.0000 28.7067
29.0000 28.6086
29.0000 29.1325
29.0000 28.5952
29.0000 27.9830
29.0000 28.3315
29.0000 29.4902
29.0000 29.4545
29.0000 29.4696
29.0000 29.1040
29.0000 28.8783
29.0000 29.8060
29.0000 28.7290
29.0000 28.7809
29.0000 29.3631
29.0000 28.3927
29.0000 28.8120
29.0000 29.4747
29.0000 29.4324
29.0000 28.5796
29.0000 30.2634
29.0000 28.1435
29.0000 28.3063
29.0000 27.9358
29.0000 27.7143
29.0000 28.5844
29.0000 28.7951
29.0000 29.9455
29.0000 28.3100
29.0000 29.5326
29.0000 28.6690
29.0000 29.9624
29.0000 28.5349
29.0000 29.8400
29.0000 28.8798
29.0000 29.1284
29.0000 29.4191
29.0000 28.7783
29.0000 29.3684
29.0000 29.1391
29.0000 29.0049
29.0000 28.4831
29.0000 29.1084
29.0000 29.0934
29.0000 29.0924
29.0000 28.6159
29.0000 29.5699
29.0000 29.4078
29.0000 28.2976
29.0000 28.7900
29.0000 29.2964
29.0000 28.6653
29.0000 28.2749
29.0000 29.3738
29.0000 29.4583
29.0000 28.9337
29.0000 28.1075
29.0000 28.6245
29.0000 28.7588
29.0000 28.2612
29.0000 28.3691
29.0000 28.8821
29.0000 28.7362
29.0000 29.5695
29.0000 28.7373
29.0000 29.0356
29.0000 28.8762
29.0000 28.3811
29.0000 29.6376
29.0000 28.7533
29.0000 28.4134
29.0000 29.3893
29.0000 27.8278
29.0000 28.6176
29.0000 29.7195
29.0000 29.3082
29.0000 28.5710
29.0000 28.0926
29.0000 29.1640
29.0000 28.3771
29.0000 28.4809
29.0000 29.1676
29.0000 29.2551
29.0000 29.3854
29.0000 29.0718
29.0000 27.7070
29.0000 29.2569
29.0000 28.7276
29.0000 28.8037
29.0000 28.2998
29.0000 29.1567
29.0000 29.6871
29.0000 28.9312
29.0000 28.7907
29.0000 28.9533
29.0000 29.6010
29.0000 28.7442
29.0000 28.1588
29.0000 29.2777
29.0000 28.9907
29.0000 29.9712
29.0000 27.8430
29.0000 29.8868
29.0000 29.0435
29.0000 29.4286
29.0000 29.2840
29.0000 28.8929
29.0000 29.2508
29.0000 28.5837
29.0000 28.3831
29.0000 29.1587
29.0000 29.5760
29.0000 28.9865
29.0000 29.5084
29.0000 29.1100
29.0000 30.2663
29.0000 28.8076
29.0000 28.7830
29.0000 27.8802
29.0000 28.0405
29.0000 28.8575
29.0000 28.0198
29.0000 29.2150
29.0000 29.0688
29.0000 28.4966
29.0000 30.3317
29.0000 28.7193
29.0000 29.5282
29.0000 29.1176
29.0000 27.9346
29.0000 29.2725
29.0000 29.5984
29.0000 28.1933
29.0000 28.7125
29.0000 28.6515
29.0000 29.4068
29.0000 28.7463
29.0000 29.5681
29.0000 27.9689
29.0000 29.9790
29.0000 28.4406
29.0000 28.5755
29.0000 28.6797
29.0000 29.4437
29.0000 28.0788
29.0000 28.4145
29.0000 29.5469
29.0000 28.9950
29.0000 29.3633
29.0000 29.1183
29.0000 28.5219
29.0000 29.9749
29.0000 28.1767
29.0000 30.2903
29.0000 30.0553
29.0000 29.8922
29.0000 29.3041
29.0000 28.7594
29.0000 30.4942
29.0000 29.2139
29.0000 28.8590
29.0000 28.9695
29.0000 29.8720
29.0000 29.4729
29.0000 28.8798
29.0000 28.9917
29.0000 30.0080
29.0000 28.3600
29.0000 29.2343
29.0000 29.1347
29.0000 29.1795
29.0000 28.4953
29.0000 28.2401
29.0000 29.5243
29.0000 28.4411
29.0000 29.8438
29.0000 28.8282
29.0000 29.7052
29.0000 29.1518
29.0000 29.5878
29.0000 29.2980
29.0000 29.4351
29.0000 28.8177
29.0000 28.0956
29.0000 29.0232
29.0000 29.0331
29.0000 28.7320
29.0000 28.2663
29.0000 28.3418
29.0000 28.7311
29.0000 28.7067
29.0000 29.9735
29.0000 28.4867
29.0000 28.6736
29.0000 29.5090
29.0000 29.1374
29.0000 28.7054
29.0000 28.4853
29.0000 29.8203
29.0000 29.1703
29.0000 29.4706
29.0000 29.9550
29.0000 29.0683
29.0000 30.0420
29.0000 29.1237
29.0000 29.2419
29.0000 27.7340
29.0000 28.9454
29.0000 29.4278
29.0000 29.1330
29.0000 28.3482
29.0000 29.7228
29.0000 28.5684
29.0000 29.7390
29.0000 29.1092
29.0000 29.1071
29.0000 28.9820
29.0000 28.7873
29.0000 28.3992
29.0000 29.4567
29.0000 30.0185
29.0000 29.2481
29.0000 29.2212
29.0000 28.8147
29.0000 29.5449
29.0000 29.0630
29.0000 28.6174
29.0000 28.7393
29.0000 28.4798
29.0000 28.3550
29.0000 28.4986
29.0000 29.7364
29.0000 29.1313
29.0000 28.7049
29.0000 29.8819
29.0000 27.9457
29.0000 28.8354
29.0000 29.1894
29.0000 27.9736
29.0000 29.3094
29.0000 28.9709
29.0000 29.3016
29.0000 29.9735
29.0000 29.6645
29.0000 28.7556
29.0000 28.7297
29.0000 29.1159
29.0000 28.9690
29.0000 28.5321
29.0000 29.8648
29.0000 29.0725
29.0000 27.3662
29.0000 29.7467
29.0000 29.8231
29.0000 29.3836
29.0000 30.1387
29.0000 28.5801
29.0000 28.6421
29.0000 29.3352
29.0000 29.0747
29.0000 29.3837
29.0000 29.8775
29.0000 28.2647
29.0000 28.8066
29.0000 29.6401
29.0000 28.4323
29.0000 27.9019
29.0000 28.3309
29.0000 29.1360
29.0000 29.3432
29.0000 28.2543
29.0000 28.7514
29.0000 29.1438
29.0000 28.4423
29.0000 29.4185
29.0000 28.8141
29.0000 27.5914
29.0000 29.4872
29.0000 28.6265
29.0000 28.3528
29.0000 28.0555
29.0000 28.4360
29.0000 28.4581
29.0000 27.9679
29.0000 28.7337
29.0000 29.3311
29.0000 28.9557
29.0000 28.9674
29.0000 29.0572
29.0000 28.3100
29.0000 28.7313
29.0000 28.6253
29.0000 28.9739
29.0000 29.9164
29.0000 29.4564
29.0000 29.3278
29.0000 29.6018
29.0000 28.5301
29.0000 28.3109
29.0000 29.2723
29.0000 28.8536
29.0000 29.2716
29.0000 28.0798
29.0000 28.4831
29.0000 28.5307
29.0000 29.0544
29.0000 28.5542
29.0000 28.0815
29.0000 29.4324
29.0000 28.9410
29.0000 28.4995
29.0000 28.5049
29.0000 27.9004
29.0000 28.8057
29.0000 30.3448
29.0000 29.1552
29.0000 28.6812
29.0000 29.4339
29.0000 28.9636
29.0000 29.0472
29.0000 29.5812
29.0000 29.3103
29.0000 28.7921
29.0000 28.9270
29.0000 29.2387
29.0000 28.7979
29.0000 29.3755
29.0000 29.3106
29.0000 29.0016
29.0000 29.4013
29.0000 27.8551
29.0000 28.5900
29.0000 29.6189
29.0000 28.5492
29.0000 28.9496
29.0000 29.3446
29.0000 29.9151
29.0000 29.2092
29.0000 29.2079
29.0000 29.3192
29.0000 29.1957
29.0000 29.2193
29.0000 29.4384
29.0000 29.6264
29.0000 28.8839
29.0000 29.9567
29.0000 29.4495
29.0000 28.1960
29.0000 27.4350
29.0000 29.1421
29.0000 29.8324
29.0000 28.4113
29.0000 28.7476
29.0000 30.2780
29.0000 28.3312
29.0000 29.0172
29.0000 30.8552
29.0000 29.0433
29.0000 27.8531
29.0000 28.1122
29.0000 28.7262
29.0000 29.4026
29.0000 29.5418
29.0000 28.6611
29.0000 29.4799
29.0000 29.4466
29.0000 29.6561
29.0000 28.1553
29.0000 29.6970
29.0000 28.2281
29.0000 28.7140
29.0000 28.6816
29.0000 29.2195
29.0000 28.2931
29.0000 29.3910
29.0000 30.4954
29.0000 28.5628
29.0000 28.5278
29.0000 29.6769
29.0000 28.5463
29.0000 29.1916
29.0000 29.0326
29.0000 29.7230
29.0000 28.9395
29.0000 28.5004
29.0000 28.6999
29.0000 29.2590
29.0000 28.8928
29.0000 28.9237
29.0000 29.4503
29.0000 28.6369
29.0000 28.8088
29.0000 29.1920
29.0000 28.9240
29.0000 28.8355
29.0000 29.1209
29.0000 29.5263
29.0000 29.3392
29.0000 28.7878
29.0000 29.3592
29.0000 27.8882
29.0000 29.3816
29.0000 30.2576
29.0000 28.9353
29.0000 29.3407
29.0000 28.3630
29.0000 29.3241
29.0000 28.5711
29.0000 28.0099
29.0000 28.8380
29.0000 28.3807
29.0000 29.8483
29.0000 30.0917
29.0000 28.6826
29.0000 27.8323
29.0000 28.7264
29.0000 28.5727
29.0000 29.1401
29.0000 28.6257
29.0000 29.0369
29.0000 27.1967
29.0000 28.5569
29.0000 30.0800
29.0000 28.9867
29.0000 28.8555
29.0000 29.2426
29.0000 28.0775
29.0000 28.1638
29.0000 28.9712
29.0000 29.2595
29.0000 28.8250
29.0000 28.9376
29.0000 29.5762
29.0000 29.2776
29.0000 29.4172
29.0000 28.9159
29.0000 29.4310
29.0000 28.3672
29.0000 28.8518
29.0000 29.8418
29.0000 29.2169
29.0000 28.3503
29.0000 29.6158
29.0000 28.9697
29.0000 29.5159
29.0000 28.8939
29.0000 28.4935
29.0000 29.7576
29.0000 29.3350
29.0000 29.9774
29.0000 29.0718
29.0000 28.9028
29.0000 29.2604
29.0000 28.8868
29.0000 28.7927
29.0000 28.6045
29.0000 28.9079
29.0000 28.6956
29.0000 28.6839
29.0000 28.8733
29.0000 29.4662
29.0000 29.2751
29.0000 28.1554
29.0000 28.8719
29.0000 28.1158
29.0000 28.4286
29.0000 28.8947
29.0000 28.5574
29.0000 28.7894
29.0000 29.2780
29.0000 29.7000
29.0000 28.5944
29.0000 28.2978
29.0000 29.3206
29.0000 29.7385
29.0000 30.1537
29.0000 28.6757
29.0000 29.4323
29.0000 29.1185
29.0000 29.3922
29.0000 28.7750
29.0000 29.4020
29.0000 28.8624
29.0000 28.9976
29.0000 28.7072
29.0000 29.0330
29.0000 29.1456
29.0000 28.3243
29.0000 28.0675
29.0000 28.6417
29.0000 29.1704
29.0000 28.0070
29.0000 29.6550
29.0000 29.5011
29.0000 28.9711
29.0000 29.1849
29.0000 28.3643
29.0000 28.7862
29.0000 28.2372
29.0000 30.5919
29.0000 29.4869
29.0000 28.5470
29.0000 29.8390
29.0000 28.5293
29.0000 29.0122
29.0000 29.6573
29.0000 28.7025
29.0000 28.3706
29.0000 27.9402
29.0000 28.2669
29.0000 29.2059
29.0000 29.3341
29.0000 29.5321
29.0000 29.7437
29.0000 29.6226
29.0000 29.2249
29.0000 27.7969
29.0000 30.0501
29.0000 27.6994
29.0000 28.1463
29.0000 29.2246
29.0000 28.8920
29.0000 28.6192
29.0000 29.2034
29.0000 29.1460
29.0000 29.4106
29.0000 29.0757
29.0000 27.9015
29.0000 28.2238
29.0000 29.2889
29.0000 29.2461
29.0000 28.2745
29.0000 28.0338
29.0000 28.4387
29.0000 29.2459
29.0000 29.3294
29.0000 28.4635
29.0000 28.8686
29.0000 29.7828
29.0000 28.9470
29.0000 29.2528
29.0000 28.7933
29.0000 28.5431
29.0000 28.2054
29.0000 29.6341
29.0000 28.9317
29.0000 28.7812
29.0000 28.3487
29.0000 28.2848
29.0000 27.3548
29.0000 29.8157
29.0000 29.6743
29.0000 29.7892
29.0000 28.9758
29.0000 28.3788
29.0000 29.1238
29.0000 29.2007
29.0000 29.5239
29.0000 29.5229
29.0000 29.1944
29.0000 28.9781
29.0000 28.7309
29.0000 28.3843
29.0000 29.0495
29.0000 27.9009
29.0000 28.4588
29.0000 28.6831
29.0000 27.9502
29.0000 28.3988
29.0000 29.6818
29.0000 27.7431
29.0000 29.5682
29.0000 29.2840
29.0000 29.3900
29.0000 30.0832
29.0000 29.0253
29.0000 29.2106
29.0000 28.5543
29.0000 27.9506
29.0000 28.7146
29.0000 29.9702
29.0000 29.7792
29.0000 28.6868
29.0000 28.6721
29.0000 28.6742
29.0000 28.2453
29.0000 29.9194
29.0000 29.8847
29.0000 28.7498
29.0000 28.8408
29.0000 29.0495
29.0000 29.2070
29.0000 28.8571
29.0000 28.7137
29.0000 29.9298
29.0000 28.2376
29.0000 28.4836
29.0000 28.0317
29.0000 28.7562
29.0000 30.8241
29.0000 29.3406
29.0000 29.1700
29.0000 28.2048
29.0000 28.5680
29.0000 29.2594
29.0000 27.9841
29.0000 29.5295
29.0000 29.5106
29.0000 29.0410
29.0000 28.6416
29.0000 29.1364
29.0000 29.7502
29.0000 29.1427
29.0000 28.3109
29.0000 29.6035
29.0000 28.6011
29.0000 27.4004
29.0000 28.4917
29.0000 29.5674
29.0000 28.7216
29.0000 29.1116
29.0000 28.8759
29.0000 27.3993
29.0000 29.6515
29.0000 29.7982
29.0000 29.2164
29.0000 28.8705
29.0000 29.7393
29.0000 29.9736
29.0000 28.1990
29.0000 28.7265
29.0000 29.5309
29.0000 29.5324
29.0000 28.5504
29.0000 29.3480
29.0000 28.7395
29.0000 28.6695
29.0000 28.9191
29.0000 28.5525
29.0000 29.1591
29.0000 28.5081
29.0000 28.1873
29.0000 29.9098
29.0000 29.5928
29.0000 28.7477
29.0000 28.4149
29.0000 28.9637
29.0000 29.0966
29.0000 28.8938
29.0000 30.1201
29.0000 28.6116
29.0000 29.1021
29.0000 29.8435
29.0000 27.9694
29.0000 29.6396
29.0000 28.8669
29.0000 29.6232
29.0000 29.0405
29.0000 27.3845
29.0000 28.8766
29.0000 28.4716
29.0000 28.8881
29.0000 29.3703
29.0000 29.4439
29.0000 27.9328
29.0000 29.0806
29.0000 29.8676
29.0000 29.0709
29.0000 28.7136
29.0000 28.9241
29.0000 29.8218
29.0000 29.0650
29.0000 28.6933
29.0000 29.8044
29.0000 29.2843
29.0000 29.4661
29.0000 29.1793
29.0000 28.9249
29.0000 27.5038
29.0000 28.2742
29.0000 28.7257
29.0000 30.6815
29.0000 29.4978
29.0000 29.1021
29.0000 29.0761
29.0000 28.0726
29.0000 28.6983
29.0000 29.0615
29.0000 29.8534
29.0000 29.0168
29.0000 28.6045
29.0000 29.8709
29.0000 28.4740
29.0000 28.4080
29.0000 28.6562
29.0000 28.9682
29.0000 29.1702
29.0000 28.8714
29.0000 28.9068
29.0000 29.1780
29.0000 29.1528
29.0000 29.0493
29.0000 28.8433
29.0000 29.4370
29.0000 29.3167
29.0000 29.0408
29.0000 28.9904
29.0000 28.8624
29.0000 30.1863
29.0000 29.0601
29.0000 29.5818
29.0000 28.8548
29.0000 29.6580
29.0000 29.2341
29.0000 28.4974
29.0000 28.8101
29.0000 28.7671
29.0000 29.0801
29.0000 29.6739
29.0000 29.0732
29.0000 29.6021
29.0000 30.1745
29.0000 28.2573
29.0000 28.3481
29.0000 29.1487
29.0000 28.9207
29.0000 28.6792
29.0000 28.8334
29.0000 27.9276
29.0000 28.9842
29.0000 28.7020
29.0000 29.1569
29.0000 29.0680
29.0000 29.1245
29.0000 29.7960
29.0000 29.1722
29.0000 29.1828
29.0000 28.9520
29.0000 31.0230
29.0000 29.4947
29.0000 29.8215
29.0000 28.4516
29.0000 28.5770
29.0000 29.3233
29.0000 29.2848
29.0000 28.7731
29.0000 28.9928
29.0000 29.4075
29.0000 28.2919
29.0000 29.4401
29.0000 29.0464
29.0000 29.2719
29.0000 28.9667
29.0000 29.6500
29.0000 29.5970
29.0000 29.6130
29.0000 29.1014
29.0000 28.4763
29.0000 29.1624
29.0000 28.5943
29.0000 27.7529
29.0000 28.7463
29.0000 28.6414
29.0000 28.5802
29.0000 28.2669
29.0000 29.1885
29.0000 28.3641
29.0000 29.3491
29.0000 29.1998
29.0000 29.0995
29.0000 28.7626
29.0000 28.3121
29.0000 29.7212
29.0000 28.2786
29.0000 28.5335
29.0000 28.7755
29.0000 28.7996
29.0000 29.2787
29.0000 29.6206
29.0000 28.6233
29.0000 29.4191
29.0000 29.1283
29.0000 29.0361
29.0000 29.3282
29.0000 29.5679
29.0000 28.1453
29.0000 29.5006
29.0000 29.5128
29.0000 28.9668
29.0000 29.4292
29.0000 29.2216
29.0000 28.5013
29.0000 29.5388
29.0000 28.8639
29.0000 28.2038
29.0000 28.8628
29.0000 28.9617
29.0000 28.4383
29.0000 29.4079
29.0000 28.7525
29.0000 28.4054
29.0000 29.1378
29.0000 28.7543
29.0000 28.5290
29.0000 29.6170
29.0000 29.3917
29.0000 28.3074
29.0000 28.9182
29.0000 28.9702
29.0000 28.5590
29.0000 28.7177
29.0000 27.9268
29.0000 29.0068
29.0000 29.7238
29.0000 29.1049
29.0000 29.3384
29.0000 28.8090
29.0000 28.2855
29.0000 29.7766
29.0000 28.9982
29.0000 29.0771
29.0000 28.4753
29.0000 29.6763
29.0000 29.1433
29.0000 28.5284
29.0000 28.8288
29.0000 28.5834
29.0000 30.4466
29.0000 29.0564
29.0000 28.6482
29.0000 29.0790
29.0000 28.4247
29.0000 29.4649
29.0000 28.4583
29.0000 29.3344
29.0000 28.2786
29.0000 28.8041
29.0000 27.7627
29.0000 28.6702
29.0000 29.0789
29.0000 28.7520
29.0000 29.5475
29.0000 28.2850
29.0000 29.3036
29.0000 29.1648
29.0000 28.9641
29.0000 28.5521
29.0000 28.4955
29.0000 29.2671
29.0000 29.8249
29.0000 28.9900
29.0000 29.6827
29.0000 28.2017
29.0000 28.4717
29.0000 29.6976
29.0000 29.3372
29.0000 28.4717
29.0000 28.7508
29.0000 28.5729
29.0000 29.6073
29.0000 29.3488
29.0000 29.0949
29.0000 30.0538
29.0000 28.4071
29.0000 28.3040
29.0000 29.6577
29.0000 28.7270
29.0000 29.1612
29.0000 28.3368
29.0000 28.9931
29.0000 28.8652
29.0000 28.9122
29.0000 29.2734
29.0000 28.0547
29.0000 30.0513
29.0000 27.4516
29.0000 29.0021
29.0000 28.2916
29.0000 28.6826
29.0000 29.8329
29.0000 29.0390
29.0000 29.1290
29.0000 29.2825
29.0000 29.8427
29.0000 29.0541
29.0000 29.2047
29.0000 28.7839
29.0000 29.7488
29.0000 29.7226
29.0000 29.1920
29.0000 29.4711
29.0000 28.1691
29.0000 28.8732
29.0000 28.7700
29.0000 28.5397
29.0000 29.5782
29.0000 28.9429
29.0000 29.7811
29.0000 29.5954
29.0000 29.0064
29.0000 29.6511
29.0000 29.1308
29.0000 27.7728
29.0000 29.1603
29.0000 29.1422
29.0000 28.8911
29.0000 28.1825
29.0000 29.2014
29.0000 28.4158
29.0000 28.7909
29.0000 28.2641
29.0000 28.0783
29.0000 28.8527
29.0000 29.0038
29.0000 27.9396
29.0000 28.1527
29.0000 29.3259
29.0000 28.2599
29.0000 30.7095
29.0000 28.5279
29.0000 29.0784
29.0000 29.1858
29.0000 29.0192
29.0000 29.6886
29.0000 29.3941
29.0000 30.4403
29.0000 29.1688
29.0000 29.1576
29.0000 29.1743
29.0000 28.8952
29.0000 28.3181
29.0000 30.1798
29.0000 29.3099
29.0000 27.7459
29.0000 29.1487
29.0000 29.3881
29.0000 28.5119
29.0000 28.7585
29.0000 28.9366
29.0000 29.2737
29.0000 29.1316
29.0000 29.4116
29.0000 29.2421
29.0000 27.9458
29.0000 29.2616
29.0000 29.8486
29.0000 27.8621
29.0000 28.7056
29.0000 29.0838
29.0000 27.5796
29.0000 29.3224
29.0000 27.3908
29.0000 29.1426
29.0000 29.3123
29.0000 28.7212
29.0000 29.2050
29.0000 28.8810
29.0000 28.5504
29.0000 29.4605
29.0000 29.0856
29.0000 28.9874
29.0000 28.9930
29.0000 28.5955
29.0000 29.0820
29.0000 29.8999
29.0000 29.0974
29.0000 29.1751
29.0000 29.2599
29.0000 29.3367
29.0000 29.5237
29.0000 29.1662
29.0000 29.2825
29.0000 29.7434
29.0000 28.7036
29.0000 28.2656
29.0000 28.8814
29.0000 28.4426
29.0000 28.4408
29.0000 28.1285
29.0000 28.7197
29.0000 29.4908
29.0000 28.3568
29.0000 29.6902
29.0000 29.4069
29.0000 28.4634
29.0000 29.8242
29.0000 28.0423
29.0000 28.6107
29.0000 28.5159
29.0000 29.0595
29.0000 28.5760
29.0000 28.2552
29.0000 28.4926
29.0000 27.9945
29.0000 28.7822
29.0000 28.7292
29.0000 28.1037
29.0000 29.2766
29.0000 28.6341
29.0000 28.7729
29.0000 28.0807
29.0000 29.4158
29.0000 29.5002
29.0000 29.1277
29.0000 28.1070
29.0000 29.3565
29.0000 29.1836
29.0000 29.4850
29.0000 28.6909
29.0000 29.0983
29.0000 28.3458
29.0000 28.4393
29.0000 29.2676
29.0000 28.7580
29.0000 27.8594
29.0000 28.5958
29.0000 28.0183
29.0000 28.8670
29.0000 28.5085
29.0000 28.7486
29.0000 29.0347
29.0000 28.7753
29.0000 28.8501
29.0000 28.8895
29.0000 28.3145
29.0000 28.8661
29.0000 29.6102
29.0000 28.1324
29.0000 28.6733
29.0000 29.2273
29.0000 29.6893
29.0000 29.2416
29.0000 30.5004
29.0000 28.8262
29.0000 28.7594
29.0000 29.4353
29.0000 29.2546
29.0000 27.7359
29.0000 28.9443
29.0000 28.0793
29.0000 28.9228
29.0000 28.7226
29.0000 28.7168
29.0000 27.8759
29.0000 30.0656
29.0000 28.4504
29.0000 29.8044
29.0000 29.5531
29.0000 28.7500
29.0000 28.4308
29.0000 28.9810
29.0000 29.9337
29.0000 28.8640
29.0000 28.9541
29.0000 29.7247
29.0000 28.9876
29.0000 29.0913
29.0000 29.0700
29.0000 29.0310
29.0000 28.8709
29.0000 28.5645
29.0000 29.1295
29.0000 28.9311
29.0000 30.0140
29.0000 29.6418
29.0000 28.2039
29.0000 28.7488
29.0000 29.7175
29.0000 29.3417
29.0000 29.1250
29.0000 28.9398
29.0000 28.3090
29.0000 28.4922
29.0000 28.5915
29.0000 29.1660
29.0000 29.3695
29.0000 29.4626
29.0000 28.9693
29.0000 29.3471
29.0000 29.1372
29.0000 28.2131
29.0000 28.7506
29.0000 29.2667
29.0000 28.2929
29.0000 28.2895
29.0000 30.1772
29.0000 29.1995
29.0000 28.2093
29.0000 29.3571
29.0000 28.0569
29.0000 28.8712
29.0000 28.0120
29.0000 28.1858
29.0000 28.6517
29.0000 28.7143
29.0000 27.9756
29.0000 29.5514
29.0000 28.1523
29.0000 28.9249
29.0000 28.7512
29.0000 29.0895
29.0000 29.3616
29.0000 30.0078
29.0000 28.7668
29.0000 28.9167
29.0000 27.9262
29.0000 29.8386
29.0000 29.8189
29.0000 29.4053
29.0000 29.7465
29.0000 28.8068
29.0000 28.1863
29.0000 28.4401
29.0000 29.7766
29.0000 29.3144
29.0000 29.2672
29.0000 29.8125
29.0000 28.3067
29.0000 29.2874
29.0000 29.4649
29.0000 27.9161
29.0000 28.2470
29.0000 29.9515
29.0000 29.0220
29.0000 28.4940
29.0000 28.6992
29.0000 28.8090
29.0000 28.9481
29.0000 28.4322
29.0000 28.7484
29.0000 28.7043
29.0000 29.5038
29.0000 28.5679
29.0000 28.9991
29.0000 29.0195
29.0000 29.6952
29.0000 29.6329
29.0000 29.8115
29.0000 28.3706
29.0000 29.0677
29.0000 28.7250
29.0000 29.3062
29.0000 29.4319
29.0000 28.9165
29.0000 29.6627
29.0000 29.1681
29.0000 28.4674
29.0000 29.8209
29.0000 28.5379
29.0000 29.2206
29.0000 29.7264
29.0000 29.4521
29.0000 28.8944
29.0000 29.0599
29.0000 29.3725
29.0000 27.8161
29.0000 29.0999
29.0000 28.1451
29.0000 28.7501
29.0000 28.9814
29.0000 29.3971
29.0000 29.7493
29.0000 28.5152
29.0000 28.4191
29.0000 28.7630
29.0000 29.3549
29.0000 29.9172
29.0000 29.5984
29.0000 28.8771
29.0000 29.4204
29.0000 28.8628
29.0000 28.5637
29.0000 29.4413
29.0000 29.2366
29.0000 28.6761
29.0000 28.6805
29.0000 28.9274
29.0000 29.6393
29.0000 29.9186
29.0000 28.5023
29.0000 29.4191
29.0000 29.3791
29.0000 28.8798
29.0000 29.6512
29.0000 29.2928
29.0000 29.2509
29.0000 28.7393
29.0000 28.1862
29.0000 28.7727
29.0000 29.5495
29.0000 29.6015
29.0000 28.5314
29.0000 29.5095
29.0000 28.5358
29.0000 28.9719
29.0000 29.0473
29.0000 28.9404
29.0000 28.1944
