5.0000 4.8197
5.0000 5.5846
5.0000 5.1038
5.0000 6.4583
5.0000 4.8010
5.0000 6.0321
5.0000 5.9068
5.0000 6.2543
5.0000 6.3487
5.0000 6.5005
5.0000 5.6509
5.0000 6.0526
5.0000 6.3459
5.0000 6.0007
5.0000 4.9274
5.0000 5.5894
5.0000 5.1538
5.0000 5.8342
5.0000 5.1903
5.0000 5.4838
5.0000 6.4148
5.0000 5.0171
5.0000 5.7292
5.0000 6.5102
5.0000 5.8583
5.0000 5.3253
5.0000 5.8715
5.0000 5.8543
5.0000 5.7307
5.0000 5.5360
5.0000 5.2229
5.0000 5.1172
5.0000 4.4147
5.0000 5.7704
5.0000 5.5222
5.0000 6.0228
5.0000 5.8928
5.0000 5.6517
5.0000 5.8310
5.0000 5.7322
5.0000 6.0799
5.0000 6.3756
5.0000 6.4597
5.0000 6.0162
5.0000 5.8928
5.0000 5.0027
5.0000 5.4524
5.0000 5.5710
5.0000 5.9423
5.0000 5.7800
5.0000 5.7674
5.0000 6.0090
5.0000 6.4819
5.0000 5.8867
5.0000 5.6831
5.0000 5.4346
5.0000 5.5170
5.0000 6.0890
5.0000 6.3047
5.0000 5.6912
5.0000 5.0592
5.0000 6.1653
5.0000 5.0551
5.0000 5.8374
5.0000 4.7495
5.0000 5.6185
5.0000 6.4011
5.0000 5.6897
5.0000 5.6690
5.0000 5.8049
5.0000 5.1098
5.0000 5.4375
5.0000 6.2906
5.0000 6.4083
5.0000 5.5245
5.0000 4.9404
5.0000 5.5161
5.0000 5.5716
5.0000 5.4009
5.0000 5.1070
5.0000 5.7178
5.0000 5.9404
5.0000 5.6966
5.0000 4.8803
5.0000 6.7015
5.0000 5.1800
5.0000 6.3274
5.0000 5.5555
5.0000 6.0190
5.0000 5.6409
5.0000 6.7580
5.0000 5.9047
5.0000 5.9064
5.0000 5.6190
5.0000 5.2127
5.0000 5.5969
5.0000 6.3235
5.0000 5.2373
5.0000 6.0286
5.0000 4.7386
5.0000 4.6549
5.0000 4.7489
5.0000 5.7907
5.0000 5.6363
5.0000 5.8226
5.0000 5.7520
5.0000 5.8705
5.0000 4.9510
5.0000 6.4080
5.0000 5.6745
5.0000 5.9589
5.0000 5.2935
5.0000 5.7981
5.0000 6.0150
5.0000 4.8855
5.0000 5.4510
5.0000 5.4545
5.0000 5.5782
5.0000 6.0512
5.0000 6.0151
5.0000 5.2783
5.0000 6.7950
5.0000 5.7382
5.0000 6.1829
5.0000 4.8888
5.0000 4.5107
5.0000 5.3922
5.0000 4.7876
5.0000 4.9780
5.0000 6.1170
5.0000 6.1178
5.0000 6.1359
5.0000 5.0564
5.0000 5.2281
5.0000 5.2145
5.0000 5.5705
5.0000 5.5744
5.0000 5.2468
5.0000 5.3843
5.0000 5.1749
5.0000 5.7023
5.0000 4.7232
5.0000 5.2680
5.0000 6.3389
5.0000 6.1551
5.0000 6.0245
5.0000 5.5048
5.0000 5.0639
5.0000 6.2527
5.0000 5.7391
5.0000 6.1309
5.0000 6.1322
5.0000 4.9301
5.0000 4.6860
5.0000 5.9954
5.0000 5.4145
5.0000 5.3923
5.0000 5.8292
5.0000 5.5985
5.0000 5.2338
5.0000 6.1017
5.0000 6.4334
5.0000 5.1826
5.0000 5.9936
5.0000 5.9547
5.0000 5.0121
5.0000 4.7553
5.0000 5.5401
5.0000 6.3197
5.0000 6.2222
5.0000 5.0252
5.0000 6.5262
5.0000 6.3933
5.0000 5.6876
5.0000 5.7069
5.0000 4.9076
5.0000 5.1986
5.0000 6.2854
5.0000 6.4047
5.0000 6.2410
5.0000 6.3798
5.0000 5.2613
5.0000 6.3570
5.0000 5.4446
5.0000 5.6420
5.0000 5.6679
5.0000 5.1171
5.0000 5.6151
5.0000 6.2187
5.0000 6.2082
5.0000 5.7383
5.0000 5.6165
5.0000 5.8996
5.0000 6.3387
5.0000 4.9973
5.0000 5.3942
5.0000 5.7901
5.0000 5.0192
5.0000 5.1227
5.0000 6.8409
5.0000 5.1668
5.0000 5.1912
5.0000 4.4544
5.0000 5.5605
5.0000 5.1357
5.0000 5.5899
5.0000 6.3202
5.0000 5.7788
5.0000 5.8604
5.0000 5.0694
5.0000 5.8534
5.0000 5.6871
5.0000 5.8631
5.0000 5.3654
5.0000 5.7579
5.0000 5.3691
5.0000 5.7962
5.0000 6.2382
5.0000 6.2850
5.0000 4.9172
5.0000 6.6091
5.0000 5.5688
5.0000 5.4537
5.0000 5.0156
5.0000 5.5835
5.0000 5.3171
5.0000 5.8921
5.0000 7.5953
5.0000 5.2357
5.0000 5.9337
5.0000 5.3059
5.0000 5.7232
5.0000 5.3447
5.0000 6.0921
5.0000 5.1177
5.0000 6.4510
5.0000 5.3907
5.0000 4.9153
5.0000 6.1016
5.0000 5.0654
5.0000 5.7751
5.0000 5.3021
5.0000 5.3804
5.0000 6.4172
5.0000 6.4345
5.0000 6.5479
5.0000 6.0326
5.0000 4.8789
5.0000 5.7757
5.0000 5.4127
5.0000 4.9496
5.0000 5.5248
5.0000 6.4319
5.0000 6.0141
5.0000 6.4187
5.0000 5.7166
5.0000 5.8065
5.0000 6.5715
5.0000 6.4420
5.0000 5.6367
5.0000 6.1114
5.0000 6.2719
5.0000 6.0310
5.0000 5.8163
5.0000 5.6307
5.0000 6.5393
5.0000 5.1655
5.0000 5.6243
5.0000 5.0909
5.0000 6.1387
5.0000 5.3222
5.0000 5.3797
5.0000 6.0167
5.0000 6.1245
5.0000 5.9611
5.0000 5.5566
5.0000 5.5854
5.0000 5.6120
5.0000 5.7851
5.0000 6.3037
5.0000 5.7210
5.0000 5.9550
5.0000 4.9498
5.0000 5.5875
5.0000 5.4485
5.0000 5.2078
5.0000 5.2088
5.0000 5.6072
5.0000 5.5257
5.0000 5.6884
5.0000 6.3963
5.0000 5.3482
5.0000 5.7395
5.0000 5.5915
5.0000 4.9960
5.0000 4.9346
5.0000 5.6578
5.0000 5.4331
5.0000 5.4016
5.0000 4.7260
5.0000 6.1335
5.0000 5.4120
5.0000 4.8488
5.0000 5.4156
5.0000 5.0964
5.0000 5.5043
5.0000 5.6730
5.0000 6.1696
5.0000 5.1345
5.0000 5.0906
5.0000 5.8539
5.0000 5.6233
5.0000 4.5636
5.0000 6.6877
5.0000 5.5722
5.0000 5.2876
5.0000 6.2068
5.0000 4.6831
5.0000 5.4748
5.0000 5.4284
5.0000 4.5874
5.0000 6.5123
5.0000 5.3872
5.0000 5.6466
5.0000 6.1328
5.0000 6.1036
5.0000 5.4636
5.0000 5.8105
5.0000 5.3317
5.0000 5.7869
5.0000 5.3386
5.0000 5.3509
5.0000 5.7651
5.0000 5.8430
5.0000 4.6370
5.0000 5.3025
5.0000 5.8570
5.0000 4.9314
5.0000 5.6898
5.0000 5.5591
5.0000 5.5840
5.0000 6.1737
5.0000 5.9973
5.0000 5.2638
5.0000 5.5348
5.0000 5.7328
5.0000 5.2954
5.0000 4.8730
5.0000 6.1643
5.0000 5.2324
5.0000 6.0200
5.0000 5.8775
5.0000 4.8218
5.0000 5.5739
5.0000 5.2312
5.0000 6.1245
5.0000 6.1537
5.0000 5.6284
5.0000 5.2888
5.0000 5.7905
5.0000 4.9585
5.0000 5.3464
5.0000 5.8825
5.0000 5.5316
5.0000 5.2831
5.0000 5.5309
5.0000 5.4508
5.0000 5.3965
5.0000 4.3091
5.0000 5.4992
5.0000 6.0099
5.0000 4.4462
5.0000 5.4602
5.0000 5.4989
5.0000 6.1663
5.0000 5.2798
5.0000 5.3513
5.0000 5.8179
5.0000 5.0388
5.0000 4.6864
5.0000 4.9052
5.0000 5.9071
5.0000 6.1868
5.0000 5.4793
5.0000 5.6986
5.0000 5.6082
5.0000 5.6656
5.0000 5.9067
5.0000 5.1571
5.0000 6.2431
5.0000 4.5384
5.0000 5.4738
5.0000 6.3233
5.0000 5.8059
5.0000 5.5906
5.0000 5.6521
5.0000 5.5272
5.0000 5.3779
5.0000 5.4968
5.0000 6.1842
5.0000 6.2057
5.0000 6.3218
5.0000 5.6775
5.0000 5.7978
5.0000 5.6359
5.0000 5.4895
5.0000 5.6176
5.0000 5.1796
5.0000 6.3723
5.0000 5.2631
5.0000 4.9639
5.0000 5.7983
5.0000 6.0477
5.0000 6.0474
5.0000 6.2943
5.0000 5.8805
5.0000 6.2246
5.0000 4.8373
5.0000 5.9967
5.0000 5.9609
5.0000 5.0160
5.0000 5.7374
5.0000 6.5384
5.0000 5.4797
5.0000 4.6199
5.0000 6.2156
5.0000 6.0754
5.0000 5.4831
5.0000 5.9380
5.0000 6.3383
5.0000 6.1784
5.0000 5.9764
5.0000 4.8678
5.0000 5.9015
5.0000 6.0048
5.0000 5.5960
5.0000 5.9250
5.0000 5.4132
5.0000 6.7138
5.0000 4.8065
5.0000 6.0343
5.0000 5.8276
5.0000 5.5936
5.0000 6.2028
5.0000 5.2494
5.0000 6.5395
5.0000 6.2334
5.0000 6.2027
5.0000 5.8390
5.0000 5.9711
5.0000 6.6502
5.0000 5.3119
5.0000 6.4270
5.0000 5.3869
5.0000 6.0098
5.0000 7.3743
5.0000 6.2669
5.0000 5.7127
5.0000 6.2788
5.0000 4.8590
5.0000 5.7372
5.0000 6.3130
5.0000 5.8237
5.0000 6.3882
5.0000 6.0189
5.0000 5.7153
5.0000 5.0765
5.0000 5.9866
5.0000 6.2067
5.0000 5.2288
5.0000 5.9436
5.0000 5.2129
5.0000 5.8339
5.0000 6.0088
5.0000 4.4460
5.0000 5.8345
5.0000 5.6451
5.0000 6.5254
5.0000 6.4333
5.0000 6.2586
5.0000 5.4921
5.0000 6.6974
5.0000 5.8101
5.0000 5.7448
5.0000 5.3651
5.0000 5.3115
5.0000 5.7907
5.0000 6.2535
5.0000 6.8521
5.0000 6.0447
5.0000 5.1755
5.0000 5.5907
5.0000 6.0751
5.0000 5.8953
5.0000 5.8326
5.0000 4.9109
5.0000 6.0032
5.0000 4.8436
5.0000 6.0866
5.0000 5.2146
5.0000 4.7901
5.0000 5.5094
5.0000 5.8359
5.0000 5.8169
5.0000 5.3412
5.0000 5.4176
5.0000 5.7231
5.0000 5.6859
5.0000 5.5374
5.0000 5.2610
5.0000 5.2556
5.0000 5.9721
5.0000 4.9993
5.0000 5.2058
5.0000 4.9459
5.0000 5.7762
5.0000 5.2976
5.0000 6.2609
5.0000 6.5798
5.0000 6.0816
5.0000 5.2399
5.0000 5.2481
5.0000 4.6528
5.0000 5.3528
5.0000 5.5429
5.0000 5.9964
5.0000 4.1937
5.0000 6.2933
5.0000 6.4426
5.0000 5.1602
5.0000 5.3671
5.0000 5.4430
5.0000 6.0351
5.0000 4.8231
5.0000 6.3842
5.0000 5.0714
5.0000 6.5102
5.0000 6.0017
5.0000 5.7298
5.0000 5.5621
5.0000 6.2297
5.0000 5.4879
5.0000 4.8746
5.0000 5.2058
5.0000 4.7577
5.0000 5.9338
5.0000 6.1005
5.0000 5.8838
5.0000 5.8259
5.0000 6.0815
5.0000 4.9758
5.0000 5.3732
5.0000 5.6719
5.0000 6.5997
5.0000 5.5018
5.0000 5.6670
5.0000 6.0261
5.0000 5.1199
5.0000 5.6940
5.0000 6.3374
5.0000 4.9508
5.0000 6.3793
5.0000 5.8595
5.0000 5.6062
5.0000 5.4078
5.0000 4.8049
5.0000 4.8217
5.0000 5.6500
5.0000 5.8870
5.0000 5.9785
5.0000 5.1327
5.0000 4.8647
5.0000 5.7974
5.0000 5.6652
5.0000 5.2343
5.0000 5.2916
5.0000 5.1642
5.0000 5.8540
5.0000 5.1950
5.0000 5.1746
5.0000 5.8109
5.0000 5.5507
5.0000 5.9418
5.0000 6.2924
5.0000 5.0899
5.0000 5.9896
5.0000 4.1821
5.0000 5.0085
5.0000 5.6572
5.0000 5.0215
5.0000 5.5363
5.0000 5.0113
5.0000 6.0471
5.0000 5.7021
5.0000 5.6061
5.0000 5.9101
5.0000 6.7402
5.0000 5.6067
5.0000 6.4289
5.0000 5.9054
5.0000 5.3884
5.0000 6.8062
5.0000 5.9946
5.0000 6.1963
5.0000 6.3147
5.0000 4.9335
5.0000 5.6313
5.0000 5.4717
5.0000 5.1626
5.0000 6.4247
5.0000 5.1647
5.0000 5.9602
5.0000 6.1444
5.0000 5.2150
5.0000 4.5589
5.0000 5.5596
5.0000 5.9282
5.0000 6.3444
5.0000 5.6195
5.0000 5.0440
5.0000 5.4732
5.0000 5.5795
5.0000 5.4803
5.0000 5.5157
5.0000 5.4125
5.0000 5.7464
5.0000 4.7714
5.0000 5.9591
5.0000 5.0536
5.0000 5.1504
5.0000 5.8272
5.0000 5.8539
5.0000 6.0354
5.0000 5.7359
5.0000 5.0571
5.0000 6.5132
5.0000 6.1886
5.0000 6.9441
5.0000 6.3719
5.0000 5.8753
5.0000 5.5765
5.0000 4.8426
5.0000 5.3070
5.0000 6.5691
5.0000 5.7587
5.0000 4.5597
5.0000 6.3450
5.0000 5.6829
5.0000 6.0969
5.0000 4.5550
5.0000 5.7058
5.0000 5.8148
5.0000 5.3531
5.0000 7.1957
5.0000 6.2508
5.0000 5.4238
5.0000 5.2633
5.0000 6.1404
5.0000 5.6537
5.0000 5.6827
5.0000 5.3157
5.0000 5.1251
5.0000 6.5761
5.0000 5.7601
5.0000 4.7424
5.0000 6.5039
5.0000 5.7102
5.0000 5.4646
5.0000 5.5450
5.0000 5.2510
5.0000 5.9568
5.0000 5.3893
5.0000 6.2343
5.0000 6.1270
5.0000 6.4211
5.0000 5.1673
5.0000 5.3191
5.0000 5.6035
5.0000 4.7503
5.0000 5.3012
5.0000 5.8886
5.0000 5.8984
5.0000 4.7361
5.0000 5.5163
5.0000 5.9652
5.0000 5.5053
5.0000 6.6598
5.0000 5.4538
5.0000 6.1357
5.0000 5.8126
5.0000 4.9466
5.0000 5.5660
5.0000 5.1719
5.0000 5.2775
5.0000 5.2395
5.0000 5.3148
5.0000 5.6941
5.0000 5.7881
5.0000 5.8504
5.0000 6.9135
5.0000 6.3637
5.0000 5.3627
5.0000 5.1135
5.0000 5.4435
5.0000 5.0483
5.0000 5.4047
5.0000 6.8866
5.0000 5.0052
5.0000 6.2160
5.0000 5.5410
5.0000 5.1688
5.0000 6.3516
5.0000 6.0781
5.0000 6.6866
5.0000 5.5223
5.0000 4.7002
5.0000 4.8717
5.0000 5.6859
5.0000 5.2042
5.0000 5.7265
5.0000 4.6213
5.0000 6.1301
5.0000 5.4854
5.0000 5.6914
5.0000 5.5309
5.0000 7.0520
5.0000 5.4070
5.0000 4.3109
5.0000 6.8181
5.0000 5.5972
5.0000 5.3901
5.0000 5.4675
5.0000 5.3859
5.0000 6.0009
5.0000 5.8446
5.0000 5.3863
5.0000 5.1032
5.0000 5.9247
5.0000 5.4000
5.0000 4.9697
5.0000 5.6267
5.0000 4.6297
5.0000 5.7442
5.0000 5.6789
5.0000 4.4589
5.0000 5.4564
5.0000 5.5898
5.0000 5.2152
5.0000 5.3116
5.0000 5.3422
5.0000 4.4657
5.0000 5.3693
5.0000 5.2148
5.0000 5.7759
5.0000 6.4992
5.0000 4.4472
5.0000 5.4785
5.0000 5.9692
5.0000 6.7016
5.0000 5.6211
5.0000 5.4617
5.0000 5.3850
5.0000 6.0464
5.0000 5.1651
5.0000 5.7226
5.0000 5.2104
5.0000 5.6177
5.0000 4.7844
5.0000 6.0939
5.0000 5.3276
5.0000 5.9100
5.0000 6.5896
5.0000 5.1848
5.0000 5.4372
5.0000 6.0141
5.0000 5.4339
5.0000 5.8981
5.0000 5.4826
5.0000 5.3383
5.0000 6.3110
5.0000 4.9921
5.0000 6.6301
5.0000 5.9338
5.0000 6.2723
5.0000 5.4349
5.0000 5.2808
5.0000 5.3671
5.0000 6.5207
5.0000 5.6734
5.0000 5.5591
5.0000 5.6158
5.0000 6.8326
5.0000 4.7929
5.0000 5.8645
5.0000 5.3504
5.0000 5.8971
5.0000 5.9492
5.0000 5.7023
5.0000 5.7880
5.0000 5.9365
5.0000 5.0868
5.0000 5.6147
5.0000 5.4002
5.0000 5.7168
5.0000 6.2922
5.0000 5.6095
5.0000 5.5906
5.0000 5.4526
5.0000 4.9591
5.0000 6.3120
5.0000 6.2705
5.0000 5.1822
5.0000 5.1314
5.0000 6.4419
5.0000 5.2619
5.0000 4.9947
5.0000 5.5109
5.0000 5.5746
5.0000 6.3490
5.0000 5.7589
5.0000 5.2497
5.0000 4.4551
5.0000 5.4673
5.0000 5.8827
5.0000 5.3396
5.0000 6.0615
5.0000 5.9161
5.0000 5.7769
5.0000 4.8550
5.0000 5.5358
5.0000 5.8248
5.0000 5.6240
5.0000 6.8591
5.0000 5.3861
5.0000 4.9442
5.0000 5.6753
5.0000 5.7608
5.0000 5.6298
5.0000 5.6357
5.0000 5.7727
5.0000 5.2514
5.0000 5.1060
5.0000 5.3817
5.0000 5.1745
5.0000 5.7255
5.0000 5.3790
5.0000 5.5337
5.0000 5.2096
5.0000 5.2904
5.0000 4.9400
5.0000 5.8905
5.0000 6.5350
5.0000 5.4765
5.0000 5.3208
5.0000 6.8202
5.0000 5.7557
5.0000 5.6035
5.0000 5.3493
5.0000 5.4948
5.0000 6.2518
5.0000 4.8824
5.0000 6.1467
5.0000 6.0746
5.0000 5.4426
5.0000 5.6683
5.0000 6.0147
5.0000 5.3461
5.0000 6.8631
5.0000 5.4509
5.0000 5.3280
5.0000 6.4200
5.0000 6.2519
5.0000 5.5309
5.0000 4.8302
5.0000 5.5836
5.0000 5.5414
5.0000 5.3145
5.0000 5.5611
5.0000 5.7953
5.0000 5.3498
5.0000 6.3492
5.0000 5.9229
5.0000 5.1417
5.0000 4.9043
5.0000 4.9713
5.0000 6.0935
5.0000 6.1382
5.0000 5.4477
5.0000 4.9572
5.0000 5.4772
5.0000 5.5024
5.0000 6.2366
5.0000 4.3116
5.0000 6.0127
5.0000 5.4823
5.0000 6.2887
5.0000 6.0401
5.0000 5.9727
5.0000 6.6773
5.0000 4.9622
5.0000 4.8339
5.0000 5.7168
5.0000 5.5836
5.0000 6.0853
5.0000 5.8733
5.0000 5.5272
5.0000 4.7215
5.0000 6.2669
5.0000 5.8326
5.0000 6.1171
5.0000 5.8310
5.0000 5.8325
5.0000 5.6548
5.0000 4.9210
5.0000 5.4081
5.0000 5.4189
5.0000 5.3737
5.0000 5.8326
5.0000 4.5608
5.0000 5.0583
5.0000 4.7685
5.0000 5.4603
5.0000 5.1164
5.0000 6.4753
5.0000 6.0399
5.0000 5.5985
5.0000 6.2031
5.0000 5.3932
5.0000 6.0946
5.0000 5.5735
5.0000 5.7292
5.0000 5.7009
5.0000 5.7810
5.0000 5.3866
5.0000 6.1711
5.0000 5.8543
5.0000 6.1541
5.0000 5.4308
5.0000 5.6960
5.0000 6.3206
5.0000 5.4709
5.0000 5.8060
5.0000 5.6212
5.0000 5.5519
5.0000 5.7915
5.0000 5.5541
5.0000 6.4593
5.0000 6.1186
5.0000 5.7257
5.0000 5.0425
5.0000 6.3226
5.0000 5.7504
5.0000 5.9469
5.0000 6.2035
5.0000 5.4795
5.0000 5.7380
5.0000 6.0793
5.0000 6.2355
5.0000 5.9631
5.0000 5.7407
5.0000 5.4309
5.0000 5.3363
5.0000 5.8681
5.0000 6.5209
5.0000 6.1620
5.0000 6.0672
5.0000 5.3080
5.0000 5.2036
5.0000 5.9726
5.0000 4.7581
5.0000 5.7357
5.0000 5.2037
5.0000 5.6296
5.0000 5.9906
5.0000 4.9407
5.0000 4.9711
5.0000 6.2196
5.0000 5.2612
5.0000 5.7461
5.0000 5.3994
5.0000 5.3203
5.0000 4.9344
5.0000 5.9460
5.0000 6.0811
5.0000 6.3979
5.0000 6.2510
5.0000 5.3837
5.0000 5.6584
5.0000 5.5687
5.0000 5.2971
5.0000 6.2593
5.0000 5.8210
5.0000 5.4004
5.0000 5.5739
5.0000 5.7294
5.0000 5.5125
5.0000 5.9456
5.0000 6.0173
5.0000 6.2733
5.0000 5.5419
5.0000 6.2025
5.0000 5.8470
5.0000 5.2001
5.0000 5.4055
5.0000 5.2713
5.0000 5.3737
5.0000 5.1055
5.0000 5.8166
5.0000 5.3848
5.0000 4.7309
5.0000 5.8424
5.0000 6.0260
5.0000 4.4573
5.0000 5.2770
5.0000 5.3881
5.0000 5.8778
5.0000 5.1251
5.0000 4.8090
5.0000 5.8681
5.0000 5.6134
5.0000 5.7457
5.0000 5.5365
5.0000 6.3924
5.0000 5.7174
5.0000 5.8878
5.0000 6.6471
5.0000 4.9825
5.0000 6.2403
5.0000 5.9653
5.0000 5.9276
5.0000 5.0789
5.0000 5.5829
5.0000 6.0773
5.0000 5.6103
5.0000 5.2971
5.0000 6.2514
5.0000 5.4265
5.0000 5.5258
5.0000 5.5958
5.0000 7.1219
5.0000 6.4973
5.0000 4.9530
5.0000 5.6179
5.0000 6.2524
5.0000 6.6255
5.0000 5.4386
5.0000 6.2136
5.0000 5.8354
5.0000 5.3716
5.0000 5.5555
5.0000 5.1879
5.0000 5.7426
5.0000 4.7245
5.0000 5.1848
5.0000 6.7411
5.0000 5.3327
5.0000 6.3236
5.0000 5.6014
5.0000 6.3164
5.0000 5.2659
5.0000 5.1443
5.0000 5.6579
5.0000 5.9469
5.0000 4.8659
5.0000 6.3013
5.0000 5.7863
5.0000 5.1669
5.0000 5.1530
5.0000 5.6186
5.0000 6.3560
5.0000 5.0936
5.0000 6.3598
5.0000 6.1475
5.0000 4.6687
5.0000 5.2780
5.0000 5.3606
5.0000 6.3711
5.0000 5.4070
5.0000 5.3116
5.0000 7.1630
5.0000 6.9879
5.0000 5.2519
5.0000 6.5501
5.0000 5.5971
5.0000 4.5510
5.0000 6.1629
5.0000 5.8032
5.0000 5.1191
5.0000 5.3473
5.0000 6.1448
5.0000 5.2530
5.0000 5.2421
5.0000 5.3862
5.0000 5.4350
5.0000 5.0623
5.0000 5.3339
5.0000 6.4392
5.0000 5.9852
5.0000 6.0569
5.0000 5.5259
5.0000 5.1256
5.0000 4.5372
5.0000 4.7631
5.0000 6.1758
5.0000 6.4054
5.0000 5.8916
5.0000 5.5346
5.0000 6.0646
5.0000 5.8335
5.0000 5.4867
5.0000 5.3695
5.0000 5.7665
5.0000 5.1472
5.0000 5.1616
5.0000 5.4363
5.0000 6.1204
5.0000 5.7427
5.0000 6.0962
5.0000 5.7946
5.0000 5.0984
5.0000 5.3698
5.0000 6.4641
5.0000 4.3408
5.0000 5.5036
5.0000 5.1739
5.0000 4.0646
5.0000 5.3649
5.0000 5.8711
5.0000 5.8416
5.0000 5.7735
5.0000 5.3966
5.0000 5.7799
5.0000 6.3886
5.0000 6.1638
5.0000 5.8515
5.0000 5.5038
5.0000 6.0731
5.0000 5.4908
5.0000 6.5704
5.0000 5.8547
5.0000 5.4708
5.0000 5.3848
5.0000 4.5146
5.0000 4.7951
5.0000 6.4303
5.0000 5.5409
5.0000 5.0480
5.0000 5.8978
5.0000 4.4876
5.0000 6.1914
5.0000 5.0921
5.0000 4.6008
5.0000 5.2357
5.0000 4.5344
5.0000 6.5318
5.0000 5.7110
5.0000 5.6779
5.0000 5.1372
5.0000 5.1286
5.0000 5.7849
5.0000 5.3666
5.0000 5.5189
5.0000 6.0189
5.0000 5.8714
5.0000 4.8871
5.0000 5.7462
5.0000 5.2439
5.0000 5.6596
5.0000 5.4683
5.0000 5.8995
5.0000 4.8972
5.0000 4.9869
5.0000 5.7183
5.0000 6.5822
5.0000 5.9451
5.0000 6.2236
5.0000 5.3099
5.0000 6.1031
5.0000 4.9727
5.0000 6.0907
5.0000 5.1880
5.0000 5.6428
5.0000 6.1737
5.0000 5.7555
5.0000 6.7124
5.0000 5.7944
5.0000 5.5614
5.0000 6.4587
5.0000 4.8508
5.0000 5.5820
5.0000 5.0641
5.0000 6.3230
5.0000 5.2809
5.0000 5.4070
5.0000 6.1318
5.0000 4.1217
5.0000 4.9088
5.0000 5.9830
5.0000 6.5998
5.0000 5.9526
5.0000 5.4202
5.0000 5.0437
5.0000 6.3215
5.0000 5.2882
5.0000 4.9757
5.0000 5.4081
5.0000 5.6714
5.0000 5.9138
5.0000 6.3784
5.0000 5.7016
5.0000 5.0177
5.0000 5.9309
5.0000 5.7918
5.0000 4.7983
5.0000 4.9812
5.0000 4.8283
5.0000 5.8676
5.0000 5.5560
5.0000 4.4738
5.0000 5.1692
5.0000 5.3334
5.0000 5.9964
5.0000 5.1125
5.0000 5.7711
5.0000 4.5079
5.0000 4.8916
5.0000 5.0012
5.0000 5.5832
5.0000 5.5296
5.0000 5.5047
5.0000 5.6151
5.0000 5.3468
5.0000 4.3524
5.0000 5.7613
5.0000 6.7453
5.0000 5.3790
5.0000 6.0481
5.0000 5.5863
5.0000 5.8082
5.0000 5.7362
5.0000 6.7295
5.0000 5.3566
5.0000 5.0333
5.0000 5.4925
5.0000 5.1320
5.0000 5.2298
5.0000 5.8559
5.0000 5.1204
5.0000 6.4485
5.0000 5.7446
5.0000 6.5446
5.0000 4.6275
5.0000 5.1222
5.0000 5.9990
5.0000 6.0349
5.0000 5.5882
5.0000 5.0276
5.0000 4.5223
5.0000 6.1395
5.0000 6.0134
5.0000 5.6920
5.0000 4.8864
5.0000 5.7748
5.0000 6.0143
5.0000 4.8067
5.0000 5.5141
5.0000 6.1103
5.0000 5.9314
5.0000 5.4558
5.0000 6.3904
5.0000 4.6325
5.0000 5.1337
5.0000 5.9654
5.0000 5.6905
5.0000 5.4015
5.0000 5.5860
5.0000 5.0075
5.0000 5.7499
5.0000 5.3278
5.0000 5.8686
5.0000 5.4588
5.0000 5.5912
5.0000 6.0012
5.0000 5.6403
5.0000 5.8946
5.0000 5.3430
5.0000 5.3207
5.0000 6.3384
5.0000 4.7815
5.0000 5.7449
5.0000 5.6482
5.0000 5.7735
5.0000 5.5072
5.0000 5.6472
5.0000 5.3292
5.0000 5.8903
5.0000 5.2164
5.0000 5.2715
5.0000 5.7199
5.0000 5.2986
5.0000 4.4965
5.0000 4.3791
5.0000 5.8692
5.0000 5.7521
5.0000 5.0871
5.0000 5.9249
5.0000 6.1333
5.0000 5.2932
5.0000 6.5079
5.0000 5.8090
5.0000 5.0757
5.0000 4.6218
5.0000 5.7984
5.0000 6.0381
5.0000 5.0437
5.0000 5.6163
5.0000 5.8155
5.0000 5.9854
5.0000 6.4772
5.0000 5.6508
5.0000 5.0196
5.0000 5.1530
5.0000 6.4597
5.0000 5.5910
5.0000 5.5009
5.0000 5.7117
5.0000 4.7665
5.0000 4.8976
5.0000 5.7823
5.0000 7.1744
5.0000 5.5281
5.0000 5.3496
5.0000 5.4348
5.0000 5.1860
5.0000 6.1821
5.0000 5.6796
5.0000 5.8593
5.0000 5.9889
5.0000 5.5940
5.0000 5.4828
5.0000 6.2651
5.0000 6.2804
5.0000 6.3002
5.0000 5.3541
5.0000 6.7176
5.0000 6.0772
5.0000 5.4446
5.0000 6.0326
5.0000 6.2081
5.0000 6.4776
5.0000 6.4627
5.0000 5.1385
5.0000 5.6161
5.0000 4.7181
5.0000 5.5286
5.0000 4.8553
5.0000 5.9977
5.0000 5.1987
5.0000 6.8304
5.0000 5.1803
5.0000 4.4559
5.0000 5.7880
5.0000 5.3212
5.0000 6.2851
5.0000 5.4379
5.0000 5.9654
5.0000 6.5114
5.0000 6.3577
5.0000 5.6847
5.0000 6.9049
5.0000 5.2049
5.0000 5.8451
5.0000 5.5961
5.0000 6.2287
5.0000 6.8840
5.0000 4.7541
5.0000 6.6962
5.0000 5.3053
5.0000 5.8376
5.0000 5.4612
5.0000 5.6602
5.0000 5.3343
5.0000 5.4707
5.0000 5.4836
5.0000 5.1523
5.0000 5.9380
5.0000 5.6347
5.0000 5.7882
5.0000 5.1307
5.0000 6.3694
5.0000 5.5631
5.0000 4.8870
5.0000 5.8928
5.0000 5.1908
5.0000 5.6149
5.0000 5.5156
5.0000 5.3679
5.0000 5.9417
5.0000 5.1769
5.0000 6.2730
5.0000 5.3224
5.0000 5.8589
5.0000 5.8466
5.0000 6.1479
5.0000 6.2156
5.0000 5.3179
5.0000 5.8044
5.0000 5.0793
5.0000 5.7448
5.0000 5.7102
5.0000 5.6731
5.0000 4.9707
5.0000 6.4084
5.0000 5.9246
5.0000 5.5672
5.0000 5.7084
5.0000 6.4404
5.0000 5.1380
5.0000 6.6225
5.0000 6.4092
5.0000 5.3252
5.0000 5.7775
5.0000 5.8965
5.0000 5.8032
5.0000 5.5688
5.0000 5.6399
5.0000 6.1799
5.0000 5.9906
5.0000 6.0117
5.0000 5.9514
5.0000 5.3030
5.0000 6.0693
5.0000 6.7400
5.0000 4.6281
5.0000 5.4658
5.0000 5.5730
5.0000 5.6817
5.0000 5.3895
5.0000 6.5591
5.0000 6.1696
5.0000 5.9587
5.0000 6.1848
5.0000 5.2206
5.0000 6.2614
5.0000 6.2826
5.0000 6.2427
5.0000 5.3261
5.0000 6.2801
5.0000 5.7412
5.0000 6.3355
5.0000 6.0753
5.0000 5.7517
5.0000 5.2545
5.0000 6.3374
5.0000 5.8477
5.0000 5.6368
5.0000 5.4406
5.0000 5.6246
5.0000 6.1202
5.0000 5.4367
5.0000 6.3549
5.0000 6.2860
5.0000 6.1385
5.0000 5.6968
5.0000 5.3699
5.0000 4.9122
5.0000 6.0515
5.0000 5.0801
5.0000 5.9649
5.0000 5.6939
5.0000 6.3765
5.0000 5.4619
5.0000 5.6047
5.0000 5.6554
5.0000 5.3692
5.0000 5.0064
5.0000 5.2746
5.0000 5.7419
5.0000 5.6778
5.0000 6.5048
5.0000 5.9139
5.0000 5.4322
5.0000 6.1670
5.0000 5.3431
5.0000 5.5512
5.0000 4.6523
5.0000 5.5362
5.0000 6.3763
5.0000 5.3953
5.0000 5.3697
5.0000 5.4571
5.0000 5.5408
5.0000 4.9613
5.0000 4.8762
5.0000 6.5542
5.0000 5.2118
5.0000 6.0988
5.0000 4.8145
5.0000 5.7809
5.0000 5.7805
5.0000 6.4363
5.0000 5.1172
5.0000 4.8139
5.0000 4.8378
5.0000 6.1498
5.0000 6.5008
5.0000 6.2318
5.0000 5.7216
5.0000 5.8276
5.0000 4.9281
5.0000 5.9165
5.0000 5.7983
5.0000 6.3931
5.0000 7.2239
5.0000 6.4379
5.0000 6.0205
5.0000 5.7170
5.0000 4.9008
5.0000 5.2572
5.0000 5.8428
5.0000 4.9656
5.0000 5.4766
5.0000 6.0301
5.0000 6.1273
5.0000 5.8544
5.0000 5.8370
5.0000 6.6644
5.0000 5.6060
5.0000 5.6597
5.0000 5.9535
5.0000 5.4221
5.0000 5.0960
5.0000 6.1278
5.0000 5.6001
5.0000 4.5716
5.0000 5.5102
5.0000 5.8144
5.0000 5.2001
5.0000 6.1592
5.0000 6.5428
5.0000 6.2096
5.0000 5.9850
5.0000 5.2587
5.0000 5.5684
5.0000 4.6051
5.0000 5.8031
5.0000 6.0648
5.0000 4.8378
5.0000 6.3413
5.0000 5.4879
5.0000 6.0324
5.0000 6.0348
5.0000 5.8778
5.0000 5.8822
5.0000 5.8567
5.0000 6.4859
5.0000 5.6303
5.0000 6.7370
5.0000 5.6171
5.0000 5.5336
5.0000 5.0738
5.0000 5.4359
5.0000 4.6271
5.0000 5.5333
5.0000 6.6713
5.0000 4.8051
5.0000 5.8942
5.0000 5.3762
5.0000 5.4523
5.0000 4.9134
5.0000 5.5320
5.0000 5.4589
5.0000 6.8453
5.0000 5.3013
5.0000 5.9056
5.0000 6.4738
5.0000 5.2147
5.0000 5.9745
5.0000 5.8034
5.0000 6.2385
5.0000 4.8223
5.0000 5.7925
5.0000 7.2023
5.0000 5.5250
5.0000 6.4616
5.0000 5.6355
5.0000 6.0832
5.0000 4.7734
5.0000 6.0280
5.0000 5.3259
5.0000 4.3803
5.0000 6.1236
5.0000 4.4756
5.0000 5.8296
5.0000 5.9770
5.0000 4.7140
5.0000 4.5252
5.0000 4.9522
5.0000 5.7736
5.0000 6.2312
5.0000 5.4092
5.0000 5.4115
5.0000 6.2531
5.0000 6.1219
5.0000 5.2841
5.0000 5.3015
5.0000 5.0156
5.0000 5.6377
5.0000 5.8398
5.0000 5.7373
5.0000 5.4770
5.0000 5.4011
5.0000 5.6005
5.0000 6.5072
5.0000 5.5751
5.0000 5.5622
5.0000 6.1041
5.0000 6.2770
5.0000 6.5724
5.0000 6.0233
5.0000 5.4391
5.0000 5.4075
5.0000 6.0825
5.0000 5.0111
5.0000 5.4080
5.0000 5.8320
5.0000 5.0987
5.0000 6.1756
5.0000 5.5185
5.0000 6.0357
5.0000 6.0530
5.0000 4.9459
5.0000 6.1210
5.0000 5.6572
5.0000 5.5301
5.0000 5.3691
5.0000 6.2095
5.0000 4.9244
5.0000 6.0162
5.0000 6.0913
5.0000 5.4221
5.0000 5.1809
5.0000 5.9073
5.0000 4.8468
5.0000 6.1844
5.0000 5.6937
5.0000 5.0581
5.0000 5.2690
5.0000 5.8652
5.0000 6.2157
5.0000 5.3131
5.0000 6.0857
5.0000 5.4385
5.0000 6.5312
5.0000 5.0737
5.0000 5.1135
5.0000 5.8189
5.0000 6.6288
5.0000 6.3108
5.0000 5.9285
5.0000 5.9364
5.0000 4.8407
5.0000 5.7377
5.0000 5.2315
5.0000 4.8254
5.0000 6.5979
5.0000 6.0305
5.0000 5.7757
5.0000 6.1752
5.0000 5.9734
5.0000 4.7759
5.0000 6.1005
5.0000 5.5750
5.0000 4.8328
5.0000 5.7779
5.0000 5.8963
5.0000 6.6010
5.0000 6.0184
5.0000 5.0128
5.0000 5.3798
5.0000 6.5928
5.0000 6.3047
5.0000 5.7759
5.0000 3.9800
5.0000 5.9251
5.0000 5.9385
5.0000 5.3255
5.0000 6.7927
5.0000 6.3957
5.0000 5.0859
5.0000 5.7285
5.0000 6.6309
5.0000 5.8785
5.0000 5.9889
5.0000 5.8811
5.0000 6.3353
5.0000 6.0648
5.0000 5.5241
5.0000 5.7312
5.0000 6.0183
5.0000 5.5767
5.0000 4.5889
5.0000 6.2990
5.0000 5.7655
5.0000 5.1158
5.0000 5.6715
5.0000 5.5940
5.0000 3.9787
5.0000 5.3421
5.0000 6.2022
5.0000 6.1498
5.0000 5.7613
5.0000 5.2750
5.0000 4.4782
5.0000 6.9529
5.0000 6.3219
5.0000 4.3254
5.0000 5.7350
5.0000 6.2598
5.0000 5.9434
5.0000 6.0877
5.0000 6.2225
5.0000 4.7105
5.0000 5.7382
5.0000 5.1736
5.0000 5.6913
5.0000 5.2659
5.0000 5.3676
5.0000 5.9786
5.0000 5.3366
5.0000 5.7076
5.0000 5.7872
5.0000 5.4594
5.0000 4.9449
5.0000 5.2746
5.0000 5.5891
5.0000 6.4708
5.0000 6.7578
5.0000 6.8000
5.0000 5.2016
5.0000 5.2989
5.0000 5.8340
5.0000 6.5003
5.0000 5.9643
5.0000 5.4902
5.0000 6.1312
5.0000 5.5613
5.0000 6.5693
5.0000 7.0223
5.0000 5.4607
5.0000 5.4947
5.0000 5.7538
5.0000 5.4763
5.0000 5.4360
5.0000 5.0414
5.0000 5.7605
5.0000 5.9582
5.0000 4.9935
5.0000 5.9475
5.0000 6.7582
5.0000 6.8343
5.0000 5.4577
5.0000 5.8975
5.0000 5.2273
5.0000 5.0662
5.0000 5.4976
5.0000 6.2022
5.0000 5.1629
5.0000 5.6681
5.0000 5.6690
5.0000 6.0304
5.0000 5.8704
5.0000 5.3317
5.0000 5.8042
5.0000 6.1025
5.0000 5.4318
5.0000 5.4921
5.0000 4.7495
5.0000 6.1306
5.0000 5.8610
5.0000 5.0372
5.0000 5.7134
5.0000 5.5892
5.0000 6.3257
5.0000 5.5464
5.0000 4.9695
5.0000 6.3157
5.0000 5.3166
5.0000 5.4932
5.0000 5.4757
5.0000 5.5911
5.0000 6.2157
5.0000 5.7533
5.0000 5.2707
5.0000 6.2022
5.0000 6.2276
5.0000 5.9181
5.0000 5.7043
5.0000 5.4004
5.0000 5.1910
5.0000 4.9523
5.0000 6.8507
5.0000 4.7050
5.0000 5.5828
5.0000 5.3835
5.0000 5.6101
5.0000 5.7420
5.0000 5.5840
5.0000 5.7001
5.0000 4.8170
5.0000 5.9497
5.0000 6.0823
5.0000 5.0044
5.0000 5.1697
5.0000 5.5657
5.0000 5.4587
5.0000 5.8350
5.0000 5.7804
5.0000 5.0631
5.0000 5.1632
5.0000 5.8305
5.0000 5.4844
5.0000 5.7894
5.0000 5.6121
5.0000 5.4034
5.0000 5.1393
5.0000 5.3200
5.0000 5.9721
5.0000 6.2784
5.0000 4.6621
5.0000 5.9398
5.0000 5.3404
5.0000 4.8469
5.0000 5.3487
5.0000 5.9183
5.0000 6.0431
5.0000 6.5456
5.0000 5.4404
5.0000 5.0743
5.0000 5.8633
5.0000 5.8277
5.0000 5.7928
5.0000 6.1321
5.0000 4.8506
5.0000 5.1842
5.0000 5.9686
5.0000 5.9728
5.0000 5.0965
5.0000 5.6207
5.0000 5.2192
5.0000 6.7055
5.0000 5.7084
5.0000 6.5702
5.0000 5.5992
5.0000 5.6216
5.0000 6.2497
5.0000 5.7919
5.0000 5.3571
5.0000 4.6331
5.0000 5.7143
5.0000 4.8557
5.0000 6.2836
5.0000 5.4080
5.0000 5.5159
5.0000 5.0387
5.0000 5.7947
5.0000 4.4255
5.0000 5.1847
5.0000 5.1128
5.0000 5.4508
5.0000 6.0048
5.0000 6.2620
5.0000 6.2833
5.0000 5.7627
5.0000 5.1237
5.0000 6.3217
5.0000 5.1980
5.0000 5.4659
5.0000 5.8832
5.0000 6.0804
5.0000 5.3964
5.0000 5.0171
5.0000 5.9323
5.0000 5.3509
5.0000 6.4266
5.0000 5.6107
5.0000 5.3953
5.0000 6.7325
5.0000 5.3878
5.0000 5.6786
5.0000 5.2971
5.0000 5.7628
5.0000 6.0635
5.0000 6.3683
5.0000 6.1607
5.0000 5.5471
5.0000 5.6634
5.0000 6.6067
5.0000 5.1577
5.0000 5.8589
5.0000 5.6114
5.0000 5.7468
5.0000 6.5444
5.0000 6.0819
5.0000 5.3212
5.0000 6.1850
5.0000 6.0180
5.0000 5.5460
5.0000 6.8182
5.0000 5.5622
5.0000 4.7839
5.0000 5.5115
5.0000 5.6262
5.0000 4.6809
5.0000 5.2967
5.0000 6.2815
5.0000 5.3138
5.0000 6.1906
5.0000 5.2029
5.0000 6.1897
5.0000 5.8292
5.0000 5.9869
5.0000 5.9573
5.0000 5.4743
5.0000 5.7073
5.0000 4.9978
5.0000 5.9779
5.0000 5.2269
5.0000 5.8388
5.0000 5.2938
5.0000 5.7071
5.0000 5.1321
5.0000 5.2154
5.0000 5.9336
5.0000 5.4130
5.0000 6.0747
5.0000 5.0320
5.0000 6.5362
5.0000 5.9551
5.0000 6.3894
5.0000 5.6166
5.0000 5.3314
5.0000 5.5524
5.0000 5.3132
5.0000 5.8110
5.0000 4.8847
5.0000 5.3656
5.0000 5.1118
5.0000 5.5799
5.0000 6.1574
5.0000 4.3839
5.0000 5.9674
5.0000 6.9017
5.0000 5.4821
5.0000 5.4880
5.0000 5.8148
5.0000 5.1410
5.0000 6.2904
5.0000 5.9204
5.0000 6.1279
5.0000 5.2473
5.0000 6.1503
5.0000 5.4490
5.0000 5.4789
5.0000 5.2136
5.0000 6.1423
5.0000 6.8512
5.0000 5.7598
5.0000 6.0250
5.0000 6.8501
5.0000 5.7534
5.0000 6.0321
5.0000 6.1525
5.0000 6.8048
5.0000 5.1916
5.0000 4.9467
5.0000 5.8131
5.0000 5.7974
5.0000 5.7350
5.0000 6.8926
5.0000 6.0786
5.0000 6.1365
5.0000 4.9739
5.0000 5.6917
5.0000 4.7744
5.0000 5.2255
5.0000 5.6914
5.0000 5.5919
5.0000 5.8099
5.0000 5.6168
5.0000 5.1974
5.0000 6.0281
5.0000 6.2907
5.0000 4.6329
5.0000 5.0692
5.0000 5.7945
5.0000 5.3254
5.0000 5.6854
5.0000 5.3179
5.0000 5.6010
5.0000 5.5366
5.0000 6.2092
5.0000 5.0888
5.0000 6.0191
5.0000 6.5487
5.0000 5.3797
5.0000 5.5192
5.0000 6.4896
5.0000 6.6374
5.0000 5.7902
5.0000 5.5620
5.0000 5.8912
5.0000 5.5692
5.0000 5.0502
5.0000 6.9231
5.0000 5.4712
5.0000 6.4311
5.0000 6.2135
5.0000 6.3219
5.0000 4.8851
5.0000 5.1565
5.0000 5.8491
5.0000 6.1879
5.0000 6.0521
5.0000 5.2863
5.0000 6.3130
5.0000 6.1704
5.0000 5.2124
5.0000 6.1004
5.0000 6.5221
5.0000 5.1115
5.0000 6.1741
5.0000 5.7682
5.0000 6.1543
5.0000 6.1035
5.0000 5.6434
5.0000 6.4947
5.0000 5.2722
5.0000 6.0418
5.0000 5.8295
5.0000 5.5090
5.0000 5.9364
5.0000 6.2505
5.0000 5.6267
5.0000 5.4278
5.0000 5.7286
5.0000 5.1375
5.0000 5.0093
5.0000 6.1202
5.0000 6.9303
5.0000 6.5277
5.0000 5.0757
5.0000 5.7625
5.0000 4.9656
5.0000 5.6114
5.0000 5.3244
5.0000 5.8048
5.0000 5.3698
5.0000 3.9189
5.0000 5.9966
5.0000 6.0774
5.0000 5.5487
5.0000 4.8869
5.0000 5.6656
5.0000 6.4315
5.0000 4.3493
5.0000 4.7342
5.0000 7.1260
5.0000 5.5266
5.0000 5.6599
5.0000 4.8186
5.0000 5.5350
5.0000 5.2070
5.0000 5.3416
5.0000 5.1741
5.0000 6.7023
5.0000 4.5648
5.0000 5.8376
5.0000 5.7451
5.0000 5.2433
5.0000 5.6335
5.0000 6.0143
5.0000 5.9711
5.0000 6.2704
5.0000 6.5556
5.0000 5.2518
5.0000 5.6683
5.0000 6.3118
5.0000 5.1051
5.0000 5.6670
5.0000 4.7489
5.0000 5.1882
5.0000 5.6358
5.0000 6.1217
5.0000 4.7421
5.0000 5.2449
5.0000 5.8310
5.0000 6.0906
5.0000 4.7713
5.0000 4.8466
5.0000 5.5827
5.0000 5.2735
5.0000 5.1026
5.0000 5.5321
5.0000 5.9931
5.0000 5.0173
5.0000 5.4216
5.0000 4.8161
5.0000 6.0301
5.0000 5.1840
5.0000 6.1606
5.0000 5.7899
5.0000 5.2148
5.0000 6.2244
5.0000 6.3123
5.0000 5.6724
5.0000 5.6668
5.0000 6.2246
5.0000 5.7292
5.0000 5.6678
5.0000 4.6784
5.0000 6.1596
5.0000 5.7515
5.0000 5.7716
5.0000 4.8942
5.0000 5.8473
5.0000 5.4348
5.0000 6.6564
5.0000 5.7342
5.0000 5.8775
5.0000 5.4601
5.0000 5.0823
5.0000 5.4130
5.0000 6.0765
5.0000 5.3501
5.0000 5.8341
5.0000 5.3155
5.0000 5.6158
5.0000 6.4990
5.0000 5.2152
5.0000 4.5508
5.0000 5.8938
5.0000 5.7885
5.0000 6.0165
5.0000 5.4514
5.0000 5.4255
5.0000 6.0295
5.0000 5.4854
5.0000 5.6523
5.0000 4.3385
5.0000 5.3930
5.0000 6.0337
5.0000 6.5164
5.0000 5.2177
5.0000 6.2686
5.0000 5.3655
5.0000 5.6938
5.0000 5.3464
5.0000 5.8063
5.0000 5.8191
5.0000 5.8735
5.0000 5.6332
5.0000 4.6618
5.0000 5.9920
5.0000 6.2509
5.0000 6.9859
5.0000 5.9811
5.0000 6.0446
5.0000 5.4108
5.0000 5.3567
5.0000 5.7028
5.0000 5.3586
5.0000 5.9216
5.0000 5.3854
5.0000 5.6504
5.0000 6.7205
5.0000 6.3517
5.0000 5.7050
5.0000 5.4465
5.0000 5.0033
5.0000 5.3669
5.0000 6.3514
5.0000 5.3407
5.0000 5.8182
5.0000 6.3745
5.0000 5.0883
5.0000 5.9995
5.0000 5.0455
5.0000 4.7055
5.0000 5.4184
5.0000 6.6314
5.0000 5.2423
5.0000 5.3057
5.0000 5.4590
5.0000 5.5389
5.0000 5.3190
5.0000 6.5468
5.0000 6.0426
5.0000 5.8359
5.0000 5.4820
5.0000 5.4139
5.0000 4.8438
5.0000 6.2613
5.0000 5.5553
5.0000 7.3522
5.0000 5.9642
5.0000 5.2509
5.0000 4.5970
5.0000 5.3992
5.0000 6.1653
5.0000 6.1432
5.0000 5.8595
5.0000 5.4234
5.0000 4.7336
5.0000 5.7141
5.0000 6.4010
5.0000 5.9927
5.0000 5.8017
5.0000 5.0568
5.0000 5.5105
5.0000 5.5892
5.0000 5.0591
5.0000 5.1463
5.0000 5.4517
5.0000 5.4460
5.0000 5.6242
5.0000 5.3828
5.0000 6.8030
5.0000 5.5739
5.0000 5.5611
5.0000 5.7201
5.0000 5.7284
5.0000 6.0274
5.0000 5.5001
5.0000 5.9574
5.0000 6.3798
5.0000 5.1092
5.0000 6.4299
5.0000 5.4178
5.0000 5.6725
5.0000 6.3418
5.0000 4.7732
5.0000 6.1952
5.0000 6.1245
5.0000 5.8950
5.0000 5.9745
5.0000 5.9159
5.0000 4.8530
5.0000 5.7573
5.0000 5.7275
5.0000 5.7158
5.0000 6.2102
5.0000 5.7879
5.0000 5.4283
5.0000 5.8787
5.0000 5.6102
5.0000 5.2377
5.0000 5.9853
5.0000 5.5398
5.0000 6.5958
5.0000 5.4342
5.0000 5.5844
5.0000 6.4627
5.0000 6.0774
5.0000 6.6682
5.0000 5.5385
5.0000 6.1508
5.0000 5.8090
5.0000 5.9459
5.0000 5.9429
5.0000 5.6939
5.0000 5.4729
5.0000 6.1491
5.0000 6.1889
5.0000 4.7876
5.0000 5.6271
5.0000 5.3887
5.0000 5.9492
5.0000 4.6987
5.0000 5.8255
5.0000 6.2821
5.0000 6.0957
5.0000 5.4268
5.0000 6.0121
5.0000 5.4347
5.0000 5.6446
5.0000 5.8925
5.0000 4.4457
5.0000 7.0106
5.0000 5.8167
5.0000 5.7049
5.0000 5.3634
5.0000 5.6892
5.0000 5.7478
5.0000 4.7596
5.0000 5.1370
5.0000 6.2031
5.0000 6.2091
5.0000 5.3649
5.0000 6.0684
5.0000 5.6805
5.0000 5.1326
5.0000 4.9735
5.0000 4.8769
5.0000 5.6197
5.0000 4.6967
5.0000 6.3556
5.0000 5.5022
5.0000 4.3214
5.0000 5.6726
5.0000 6.2663
5.0000 5.2658
5.0000 5.8103
5.0000 4.9830
5.0000 5.5160
5.0000 5.9268
5.0000 5.8579
5.0000 5.0348
5.0000 6.3454
5.0000 5.6950
5.0000 5.0560
5.0000 5.8874
5.0000 5.4408
5.0000 5.5676
5.0000 5.2664
5.0000 5.9991
5.0000 5.7997
5.0000 6.1074
5.0000 6.0189
5.0000 6.4801
5.0000 6.2226
5.0000 5.2845
5.0000 5.8280
5.0000 6.6082
5.0000 5.2408
5.0000 6.2128
5.0000 6.2486
5.0000 6.7024
5.0000 5.7307
5.0000 5.5324
5.0000 5.6407
5.0000 5.7426
5.0000 5.2080
5.0000 5.2534
5.0000 6.0534
5.0000 5.3420
5.0000 5.5997
5.0000 5.5371
5.0000 5.2155
5.0000 4.9554
5.0000 5.6130
5.0000 5.3507
5.0000 5.0056
5.0000 6.0855
5.0000 6.2240
5.0000 5.9563
5.0000 5.6480
5.0000 5.9229
5.0000 6.3780
5.0000 5.0531
5.0000 5.2011
5.0000 5.5126
5.0000 5.7113
5.0000 5.3212
5.0000 5.0192
5.0000 6.3258
5.0000 5.2919
5.0000 6.0645
5.0000 5.6238
5.0000 6.1869
5.0000 5.2641
5.0000 4.6454
5.0000 5.7109
5.0000 5.4466
5.0000 5.1259
5.0000 5.3384
5.0000 5.4114
5.0000 5.4956
5.0000 5.0522
5.0000 4.7574
5.0000 5.8267
5.0000 5.9263
5.0000 5.1573
5.0000 6.0798
5.0000 5.8081
5.0000 5.9017
5.0000 5.1732
5.0000 6.0772
5.0000 5.7618
5.0000 5.9410
5.0000 5.3431
5.0000 6.9064
5.0000 5.5653
5.0000 5.7095
5.0000 5.7746
5.0000 5.6282
5.0000 5.0553
5.0000 6.0327
5.0000 5.6863
5.0000 5.4450
5.0000 5.3471
5.0000 5.5524
5.0000 4.5961
5.0000 5.6529
5.0000 6.0149
5.0000 5.4440
5.0000 4.8449
5.0000 5.7853
5.0000 5.7823
5.0000 5.1790
5.0000 5.0276
5.0000 5.3745
5.0000 5.6349
5.0000 5.3787
5.0000 4.8339
5.0000 6.6893
5.0000 6.5340
5.0000 5.1766
5.0000 5.8966
5.0000 5.4766
5.0000 6.3532
5.0000 4.5934
5.0000 5.8420
5.0000 5.9857
5.0000 5.7880
5.0000 4.6584
5.0000 4.9712
5.0000 6.4923
5.0000 5.7640
5.0000 5.2625
5.0000 5.2667
5.0000 5.9649
5.0000 5.2549
5.0000 5.5651
5.0000 5.4617
5.0000 6.1139
5.0000 5.9418
5.0000 4.9940
5.0000 5.6470
5.0000 5.2189
5.0000 5.0508
5.0000 5.6287
5.0000 5.3522
5.0000 5.9018
5.0000 5.9368
5.0000 5.6173
5.0000 6.8920
5.0000 5.8666
5.0000 5.4379
5.0000 4.4281
5.0000 6.2440
5.0000 5.9180
5.0000 5.7064
5.0000 5.7102
5.0000 5.9397
5.0000 5.2047
5.0000 5.0418
5.0000 5.2151
5.0000 6.8501
5.0000 5.5153
5.0000 5.7238
5.0000 6.1754
5.0000 5.5292
5.0000 5.9318
5.0000 6.3364
5.0000 5.9261
5.0000 5.3839
5.0000 5.7346
5.0000 5.7327
5.0000 5.5043
5.0000 6.0568
5.0000 4.4638
5.0000 5.9398
5.0000 5.9965
5.0000 5.5544
5.0000 5.4596
5.0000 5.4517
5.0000 5.2343
5.0000 5.4481
5.0000 5.7340
5.0000 5.8484
5.0000 6.6682
5.0000 5.7584
5.0000 5.1257
5.0000 6.1891
5.0000 5.1455
5.0000 6.3465
5.0000 6.0118
5.0000 5.3146
5.0000 5.6718
5.0000 5.7312
5.0000 6.2522
5.0000 6.5312
5.0000 5.2413
5.0000 5.1417
5.0000 6.7270
5.0000 6.3292
5.0000 6.0930
5.0000 5.5512
5.0000 5.2081
5.0000 6.2438
