10.0000 9.8325
10.0000 9.7848
10.0000 10.1905
10.0000 10.6346
10.0000 10.2789
10.0000 10.0053
10.0000 11.1155
10.0000 10.4933
10.0000 10.5944
10.0000 10.5207
10.0000 9.9234
10.0000 10.9856
10.0000 10.0405
10.0000 10.9230
10.0000 10.3929
10.0000 10.1206
10.0000 9.9588
10.0000 10.0897
10.0000 10.2659
10.0000 10.0987
10.0000 9.9166
10.0000 10.4133
10.0000 10.9917
10.0000 10.5426
10.0000 9.5248
10.0000 10.3176
10.0000 9.7521
10.0000 9.7181
10.0000 10.0529
10.0000 10.9173
10.0000 10.6710
10.0000 11.3983
10.0000 10.7262
10.0000 10.7583
10.0000 10.5106
10.0000 10.4679
10.0000 10.4998
10.0000 11.3143
10.0000 10.9327
10.0000 9.5396
10.0000 10.8380
10.0000 9.6636
10.0000 9.9893
10.0000 10.2543
10.0000 10.4904
10.0000 9.9297
10.0000 10.1486
10.0000 10.1201
10.0000 10.3251
10.0000 9.2974
10.0000 9.8447
10.0000 11.0897
10.0000 9.7393
10.0000 10.1134
10.0000 10.8647
10.0000 10.5900
10.0000 10.5173
10.0000 11.3944
10.0000 9.9183
10.0000 10.0347
10.0000 10.6336
10.0000 10.1229
10.0000 9.9006
10.0000 10.2903
10.0000 9.5807
10.0000 10.3364
10.0000 10.3294
10.0000 10.1837
10.0000 10.4209
10.0000 9.3347
10.0000 10.7187
10.0000 11.1288
10.0000 9.4562
10.0000 10.0935
10.0000 10.6783
10.0000 10.5226
10.0000 10.1968
10.0000 9.8557
10.0000 9.9335
10.0000 9.6602
10.0000 10.1362
10.0000 10.2950
10.0000 9.2042
10.0000 10.0404
10.0000 10.2668
10.0000 9.7891
10.0000 10.9008
10.0000 11.2233
10.0000 9.8874
10.0000 10.4969
10.0000 10.3826
10.0000 10.8725
10.0000 10.5532
10.0000 9.9633
10.0000 10.1346
10.0000 10.5449
10.0000 9.9188
10.0000 10.1013
10.0000 10.4092
10.0000 9.7399
10.0000 10.2847
10.0000 10.2886
10.0000 11.3265
10.0000 10.2024
10.0000 9.9242
10.0000 9.5027
10.0000 9.4925
10.0000 10.4396
10.0000 10.4423
10.0000 10.5153
10.0000 10.8106
10.0000 9.3603
10.0000 10.3352
10.0000 10.4196
10.0000 11.0801
10.0000 10.7197
10.0000 10.9927
10.0000 9.7855
10.0000 9.7990
10.0000 10.0847
10.0000 9.9413
10.0000 10.3739
10.0000 9.1254
10.0000 9.0144
10.0000 10.5525
10.0000 10.8104
10.0000 10.4322
10.0000 9.9022
10.0000 10.5300
10.0000 9.9271
10.0000 9.2609
10.0000 9.9649
10.0000 10.6607
10.0000 10.5327
10.0000 10.7975
10.0000 9.8320
10.0000 10.3061
10.0000 10.1292
10.0000 9.8072
10.0000 9.8283
10.0000 9.8119
10.0000 11.0994
10.0000 10.6689
10.0000 10.3106
10.0000 10.5593
10.0000 9.9922
10.0000 10.2103
10.0000 10.4294
10.0000 10.5926
10.0000 10.1917
10.0000 10.1317
10.0000 10.7064
10.0000 9.8520
10.0000 10.0058
10.0000 11.1077
10.0000 11.0240
10.0000 10.2180
10.0000 10.5638
10.0000 10.7071
10.0000 11.0259
10.0000 10.5948
10.0000 10.2058
10.0000 10.7250
10.0000 9.2231
10.0000 11.2387
10.0000 10.4270
10.0000 10.1479
10.0000 10.6680
10.0000 10.1729
10.0000 10.0584
10.0000 10.9195
10.0000 10.0475
10.0000 10.6862
10.0000 11.3359
10.0000 10.2431
10.0000 10.1752
10.0000 11.3565
10.0000 9.1885
10.0000 10.0789
10.0000 9.6408
10.0000 10.1395
10.0000 10.9667
10.0000 9.8133
10.0000 9.8527
10.0000 10.6666
10.0000 9.6519
10.0000 9.9999
10.0000 9.3321
10.0000 11.0100
10.0000 9.8201
10.0000 10.5290
10.0000 9.8204
10.0000 9.1761
10.0000 10.1941
10.0000 10.8144
10.0000 10.8749
10.0000 10.6734
10.0000 9.6249
10.0000 10.8903
10.0000 10.0225
10.0000 10.5586
10.0000 10.0345
10.0000 10.0942
10.0000 10.5043
10.0000 9.6129
10.0000 10.2733
10.0000 10.7267
10.0000 10.1750
10.0000 10.3897
10.0000 10.5996
10.0000 10.2813
10.0000 10.0387
10.0000 10.6716
10.0000 10.3604
10.0000 10.4789
10.0000 9.6944
10.0000 9.7911
10.0000 9.5850
10.0000 10.9512
10.0000 10.2043
10.0000 9.7767
10.0000 10.8370
10.0000 10.5538
10.0000 10.0637
10.0000 10.4429
10.0000 9.9452
10.0000 10.5348
10.0000 9.7818
10.0000 10.3818
10.0000 10.4987
10.0000 10.8298
10.0000 10.2320
10.0000 10.6751
10.0000 9.6019
10.0000 9.8719
10.0000 10.5624
10.0000 9.8767
10.0000 9.9216
10.0000 11.2397
10.0000 10.7085
10.0000 11.0216
10.0000 10.1066
10.0000 9.7065
10.0000 10.1619
10.0000 11.0644
10.0000 9.3492
10.0000 9.6488
10.0000 11.3711
10.0000 10.0769
10.0000 10.6962
10.0000 9.5203
10.0000 9.5213
10.0000 10.8327
10.0000 10.5626
10.0000 10.0387
10.0000 9.3581
10.0000 10.0508
10.0000 9.2887
10.0000 9.8676
10.0000 9.9942
10.0000 10.8096
10.0000 9.7565
10.0000 10.4845
10.0000 9.7278
10.0000 9.9209
10.0000 10.3211
10.0000 10.1726
10.0000 10.5326
10.0000 10.2360
10.0000 10.4574
10.0000 9.6953
10.0000 10.2838
10.0000 9.5322
10.0000 9.5314
10.0000 11.0837
10.0000 10.3856
10.0000 10.0578
10.0000 10.8014
10.0000 10.2046
10.0000 10.7141
10.0000 10.5934
10.0000 10.1942
10.0000 10.6302
10.0000 9.5180
10.0000 11.0027
10.0000 9.5954
10.0000 9.7556
10.0000 9.3840
10.0000 10.8701
10.0000 9.8248
10.0000 11.9641
10.0000 10.5020
10.0000 9.9927
10.0000 9.2612
10.0000 10.0489
10.0000 11.2856
10.0000 10.5184
10.0000 11.2859
10.0000 10.3972
10.0000 9.4511
10.0000 10.4662
10.0000 10.0564
10.0000 9.7972
10.0000 11.1265
10.0000 9.7957
10.0000 10.6580
10.0000 9.9438
10.0000 10.0510
10.0000 10.0316
10.0000 8.8243
10.0000 9.7112
10.0000 10.6061
10.0000 10.8816
10.0000 10.2169
10.0000 10.3456
10.0000 10.0992
10.0000 10.3940
10.0000 10.3341
10.0000 10.4665
10.0000 9.7656
10.0000 10.0469
10.0000 10.6041
10.0000 10.8804
10.0000 9.8733
10.0000 10.5748
10.0000 10.0608
10.0000 9.6690
10.0000 9.8608
10.0000 9.9478
10.0000 10.6200
10.0000 8.9712
10.0000 11.1401
10.0000 10.2605
10.0000 10.8642
10.0000 9.4343
10.0000 9.6467
10.0000 10.3622
10.0000 10.1436
10.0000 10.5506
10.0000 10.5134
10.0000 11.1247
10.0000 10.3223
10.0000 10.3154
10.0000 10.0222
10.0000 10.5246
10.0000 10.6056
10.0000 10.3811
10.0000 10.0903
10.0000 10.9372
10.0000 10.6482
10.0000 9.9929
10.0000 10.2722
10.0000 9.8527
10.0000 9.6990
10.0000 10.7361
10.0000 10.4540
10.0000 9.7184
10.0000 10.6914
10.0000 10.3311
10.0000 10.6365
10.0000 9.5030
10.0000 10.4782
10.0000 10.1728
10.0000 10.6278
10.0000 9.9965
10.0000 10.4184
10.0000 10.9373
10.0000 10.0671
10.0000 9.5172
10.0000 11.1760
10.0000 10.2849
10.0000 10.6348
10.0000 10.0437
10.0000 10.7278
10.0000 9.7698
10.0000 9.7227
10.0000 10.8215
10.0000 9.6290
10.0000 11.0324
10.0000 9.2448
10.0000 10.3752
10.0000 10.7417
10.0000 10.0461
10.0000 10.2048
10.0000 10.1389
10.0000 10.1713
10.0000 10.6487
10.0000 10.1620
10.0000 9.1859
10.0000 9.7125
10.0000 10.7440
10.0000 8.8645
10.0000 10.8407
10.0000 9.7767
10.0000 10.5664
10.0000 10.5732
10.0000 9.6470
10.0000 10.3688
10.0000 9.8413
10.0000 10.5556
10.0000 10.6455
10.0000 10.2570
10.0000 10.6904
10.0000 10.4157
10.0000 10.5392
10.0000 9.7697
10.0000 9.9738
10.0000 9.8902
10.0000 10.2094
10.0000 9.9594
10.0000 10.5099
10.0000 9.4175
10.0000 10.4700
10.0000 9.8038
10.0000 11.3001
10.0000 10.9014
10.0000 9.4755
10.0000 10.2672
10.0000 10.0919
10.0000 10.4611
10.0000 10.7939
10.0000 10.1694
10.0000 10.3646
10.0000 10.4837
10.0000 10.3492
10.0000 10.4841
10.0000 9.6401
10.0000 9.8479
10.0000 9.9207
10.0000 10.9751
10.0000 10.1042
10.0000 10.4657
10.0000 11.4854
10.0000 9.7685
10.0000 10.5940
10.0000 10.7583
10.0000 10.6537
10.0000 9.6344
10.0000 10.2249
10.0000 10.0699
10.0000 10.7532
10.0000 9.9133
10.0000 9.9545
10.0000 10.7268
10.0000 10.0899
10.0000 9.8050
10.0000 10.5122
10.0000 9.5927
10.0000 10.2600
10.0000 11.0816
10.0000 10.3230
10.0000 10.7395
10.0000 10.2081
10.0000 10.5316
10.0000 10.5252
10.0000 10.8412
10.0000 10.5002
10.0000 9.7915
10.0000 10.3199
10.0000 10.3706
10.0000 9.9725
10.0000 11.2082
10.0000 10.6003
10.0000 10.9882
10.0000 10.2581
10.0000 10.0117
10.0000 10.0242
10.0000 9.9241
10.0000 11.4354
10.0000 10.0933
10.0000 10.8034
10.0000 10.2516
10.0000 10.1916
10.0000 10.7979
10.0000 9.8021
10.0000 10.1397
10.0000 10.6302
10.0000 10.5655
10.0000 10.6798
10.0000 9.3523
10.0000 10.8696
10.0000 10.4233
10.0000 10.1595
10.0000 10.6731
10.0000 9.9248
10.0000 9.9905
10.0000 9.7738
10.0000 10.8057
10.0000 10.8650
10.0000 10.4151
10.0000 10.0894
10.0000 10.2017
10.0000 10.4790
10.0000 9.5483
10.0000 9.6773
10.0000 10.5816
10.0000 9.8127
10.0000 9.1625
10.0000 9.5379
10.0000 10.0788
10.0000 10.4385
10.0000 10.7676
10.0000 9.5825
10.0000 10.1616
10.0000 9.8107
10.0000 9.8092
10.0000 9.0943
10.0000 9.8990
10.0000 9.9327
10.0000 10.4826
10.0000 10.5563
10.0000 9.7456
10.0000 10.8321
10.0000 11.3894
10.0000 10.4636
10.0000 9.7309
10.0000 10.8882
10.0000 10.1425
10.0000 10.4470
10.0000 10.3612
10.0000 10.7913
10.0000 9.5076
10.0000 9.2031
10.0000 9.5025
10.0000 9.9913
10.0000 11.2290
10.0000 11.3922
10.0000 9.5889
10.0000 9.0660
10.0000 11.2159
10.0000 10.0414
10.0000 10.0855
10.0000 9.2470
10.0000 10.4266
10.0000 10.9390
10.0000 10.0872
10.0000 10.1938
10.0000 10.0428
10.0000 10.0296
10.0000 9.8001
10.0000 9.9663
10.0000 11.1107
10.0000 10.6042
10.0000 10.7050
10.0000 10.4180
10.0000 10.3200
10.0000 10.0473
10.0000 10.5254
10.0000 10.7753
10.0000 10.2965
10.0000 10.0696
10.0000 9.5720
10.0000 10.1379
10.0000 10.2771
10.0000 10.4780
10.0000 10.3172
10.0000 11.0399
10.0000 10.2827
10.0000 9.5625
10.0000 10.7804
10.0000 10.7916
10.0000 9.9973
10.0000 10.9692
10.0000 9.9729
10.0000 9.9382
10.0000 10.4521
10.0000 10.2286
10.0000 11.0522
10.0000 10.3935
10.0000 10.1459
10.0000 11.3581
10.0000 9.7564
10.0000 10.8482
10.0000 10.4224
10.0000 8.8689
10.0000 9.6599
10.0000 10.2053
10.0000 10.5178
10.0000 10.3032
10.0000 10.2926
10.0000 10.7358
10.0000 9.8954
10.0000 10.3878
10.0000 10.2120
10.0000 10.5274
10.0000 9.7876
10.0000 10.3048
10.0000 10.2475
10.0000 9.5084
10.0000 8.8688
10.0000 10.0636
10.0000 9.8253
10.0000 9.8167
10.0000 9.8384
10.0000 10.3080
10.0000 9.5235
10.0000 10.0438
10.0000 10.1510
10.0000 10.6335
10.0000 10.3465
10.0000 10.1063
10.0000 10.0733
10.0000 11.3732
10.0000 11.1334
10.0000 10.9180
10.0000 10.3514
10.0000 10.2927
10.0000 10.9779
10.0000 8.9001
10.0000 10.2078
10.0000 9.6386
10.0000 10.5654
10.0000 10.3900
10.0000 10.3631
10.0000 10.2561
10.0000 10.1435
10.0000 10.4912
10.0000 10.9089
10.0000 10.4478
10.0000 10.6483
10.0000 11.0314
10.0000 9.6002
10.0000 10.9132
10.0000 11.4678
10.0000 9.9246
10.0000 9.7518
10.0000 9.5575
10.0000 9.6012
10.0000 10.8957
10.0000 9.1598
10.0000 11.0558
10.0000 10.9276
10.0000 9.7878
10.0000 10.9825
10.0000 9.8612
10.0000 10.7304
10.0000 9.5718
10.0000 9.5006
10.0000 10.6095
10.0000 9.7058
10.0000 10.5328
10.0000 10.8183
10.0000 10.8718
10.0000 10.8194
10.0000 9.5040
10.0000 10.9677
10.0000 11.3034
10.0000 10.2688
10.0000 9.5878
10.0000 9.7243
10.0000 10.6057
10.0000 10.6081
10.0000 10.4438
10.0000 8.7001
10.0000 10.7928
10.0000 10.3514
10.0000 11.9054
10.0000 10.3951
10.0000 10.8989
10.0000 10.2878
10.0000 10.4883
10.0000 9.9966
10.0000 9.9558
10.0000 10.7631
10.0000 10.1580
10.0000 9.9882
10.0000 11.3640
10.0000 10.3012
10.0000 10.6714
10.0000 11.2460
10.0000 10.5551
10.0000 10.5802
10.0000 11.0081
10.0000 9.6492
10.0000 10.3058
10.0000 9.5061
10.0000 10.2935
10.0000 10.6426
10.0000 9.6399
10.0000 10.3249
10.0000 9.4950
10.0000 9.8761
10.0000 11.2726
10.0000 10.1068
10.0000 10.5198
10.0000 10.6340
10.0000 9.8080
10.0000 9.6552
10.0000 10.2611
10.0000 9.5781
10.0000 9.0821
10.0000 10.5649
10.0000 9.8348
10.0000 9.8141
10.0000 10.4127
10.0000 9.7137
10.0000 9.5913
10.0000 10.4351
10.0000 10.2232
10.0000 9.1738
10.0000 10.8166
10.0000 9.8961
10.0000 11.5019
10.0000 10.7001
10.0000 9.7076
10.0000 9.5870
10.0000 9.8785
10.0000 10.4430
10.0000 10.5322
10.0000 11.0230
10.0000 10.1317
10.0000 9.8273
10.0000 10.7825
10.0000 9.3710
10.0000 10.3084
10.0000 10.5703
10.0000 11.2366
10.0000 11.2467
10.0000 10.2014
10.0000 10.0518
10.0000 10.2462
10.0000 9.7244
10.0000 10.8459
10.0000 10.3103
10.0000 10.2823
10.0000 10.9472
10.0000 10.5902
10.0000 10.9759
10.0000 9.5873
10.0000 10.5266
10.0000 9.9630
10.0000 9.7492
10.0000 10.2232
10.0000 11.2393
10.0000 9.7094
10.0000 9.7998
10.0000 9.2370
10.0000 10.1826
10.0000 10.3547
10.0000 10.3577
10.0000 10.8384
10.0000 11.2044
10.0000 10.8742
10.0000 10.0240
10.0000 10.3937
10.0000 10.5997
10.0000 10.4396
10.0000 10.4245
10.0000 10.6052
10.0000 10.4375
10.0000 10.4868
10.0000 10.1075
10.0000 9.9822
10.0000 9.5776
10.0000 10.1810
10.0000 10.2049
10.0000 9.5150
10.0000 10.5414
10.0000 10.2311
10.0000 10.1179
10.0000 10.9778
10.0000 10.3960
10.0000 10.8556
10.0000 11.1210
10.0000 9.2782
10.0000 10.6522
10.0000 11.1131
10.0000 10.2177
10.0000 10.5312
10.0000 9.5851
10.0000 10.2539
10.0000 10.1786
10.0000 9.8325
10.0000 10.6294
10.0000 11.0801
10.0000 11.2513
10.0000 10.1402
10.0000 9.3011
10.0000 9.8243
10.0000 9.9143
10.0000 10.1760
10.0000 10.5045
10.0000 10.0329
10.0000 9.4383
10.0000 9.5494
10.0000 11.0878
10.0000 9.9521
10.0000 10.2999
10.0000 10.8025
10.0000 10.3764
10.0000 9.2929
10.0000 9.7266
10.0000 10.4103
10.0000 9.8904
10.0000 10.4032
10.0000 10.5476
10.0000 10.1912
10.0000 9.8054
10.0000 9.7790
10.0000 10.3803
10.0000 10.0317
10.0000 9.6484
10.0000 10.5732
10.0000 10.3396
10.0000 9.5799
10.0000 9.8623
10.0000 9.5234
10.0000 10.2083
10.0000 11.3687
10.0000 10.5261
10.0000 11.2204
10.0000 9.7321
10.0000 10.7389
10.0000 10.5831
10.0000 10.2266
10.0000 9.6096
10.0000 10.6870
10.0000 9.9570
10.0000 10.7042
10.0000 10.7355
10.0000 11.3336
10.0000 9.2649
10.0000 10.5450
10.0000 10.1614
10.0000 10.0258
10.0000 10.9592
10.0000 9.9076
10.0000 10.3627
10.0000 9.9151
10.0000 10.9421
10.0000 10.4157
10.0000 10.4804
10.0000 9.6044
10.0000 9.0229
10.0000 9.7248
10.0000 10.8319
10.0000 10.3925
10.0000 9.8305
10.0000 9.9579
10.0000 10.5810
10.0000 10.4427
10.0000 10.0677
10.0000 10.0651
10.0000 10.2356
10.0000 11.4212
10.0000 8.6970
10.0000 10.6028
10.0000 10.2419
10.0000 10.5407
10.0000 10.1013
10.0000 10.1319
10.0000 9.9564
10.0000 10.9466
10.0000 10.8035
10.0000 9.7706
10.0000 11.4446
10.0000 10.1802
10.0000 10.5076
10.0000 10.1299
10.0000 10.8107
10.0000 9.7593
10.0000 9.6524
10.0000 9.7516
10.0000 10.3107
10.0000 10.4798
10.0000 10.2962
10.0000 9.6827
10.0000 10.5058
10.0000 9.5454
10.0000 10.5367
10.0000 11.0616
10.0000 11.5891
10.0000 9.6520
10.0000 10.3984
10.0000 9.9482
10.0000 10.1097
10.0000 9.8060
10.0000 10.5225
10.0000 10.1056
10.0000 10.4367
10.0000 10.7287
10.0000 10.6027
10.0000 10.3094
10.0000 10.0551
10.0000 9.6598
10.0000 10.2733
10.0000 10.4302
10.0000 10.0346
10.0000 9.6711
10.0000 9.6225
10.0000 10.1185
10.0000 10.8380
10.0000 11.3660
10.0000 11.0716
10.0000 10.8395
10.0000 9.6119
10.0000 10.0212
10.0000 9.8656
10.0000 9.9223
10.0000 10.9381
10.0000 9.8282
10.0000 10.3810
10.0000 9.5736
10.0000 10.0478
10.0000 9.8584
10.0000 9.0822
10.0000 9.6912
10.0000 10.1459
10.0000 10.4041
10.0000 9.2224
10.0000 10.1207
10.0000 10.1922
10.0000 10.3624
10.0000 10.6281
10.0000 10.4732
10.0000 10.6830
10.0000 10.4189
10.0000 10.6522
10.0000 9.3884
10.0000 9.5957
10.0000 9.9619
10.0000 9.9985
10.0000 10.6676
10.0000 10.6583
10.0000 10.2235
10.0000 9.9213
10.0000 10.4621
10.0000 9.6968
10.0000 10.1390
10.0000 10.8597
10.0000 9.8104
10.0000 10.5151
10.0000 10.1174
10.0000 10.6024
10.0000 10.3250
10.0000 9.8865
10.0000 10.7840
10.0000 9.6608
10.0000 10.8772
10.0000 9.6396
10.0000 10.4226
10.0000 10.3203
10.0000 10.9493
10.0000 10.2827
10.0000 9.6639
10.0000 8.6390
10.0000 10.5789
10.0000 9.5640
10.0000 10.2317
10.0000 11.4290
10.0000 10.8437
10.0000 9.7128
10.0000 10.0561
10.0000 10.2082
10.0000 10.4288
10.0000 9.6295
10.0000 9.5387
10.0000 11.0861
10.0000 9.9775
10.0000 9.8359
10.0000 10.6199
10.0000 10.6936
10.0000 10.5605
10.0000 10.2834
10.0000 9.9894
10.0000 9.8317
10.0000 9.9521
10.0000 11.0063
10.0000 10.0685
10.0000 10.9880
10.0000 10.8506
10.0000 11.1434
10.0000 10.7602
10.0000 9.2747
10.0000 10.4556
10.0000 9.6854
10.0000 10.3196
10.0000 10.2974
10.0000 10.1643
10.0000 10.9376
10.0000 9.9632
10.0000 10.5426
10.0000 10.4224
10.0000 9.7950
10.0000 10.9238
10.0000 10.3011
10.0000 10.8397
10.0000 9.7382
10.0000 10.0295
10.0000 10.5739
10.0000 9.0833
10.0000 11.1264
10.0000 10.5340
10.0000 10.8080
10.0000 10.4065
10.0000 10.9911
10.0000 10.5301
10.0000 10.8569
10.0000 10.3350
10.0000 10.6586
10.0000 9.7410
10.0000 9.6966
10.0000 10.1329
10.0000 10.0041
10.0000 9.1337
10.0000 9.8973
10.0000 11.2358
10.0000 9.8318
10.0000 10.8432
10.0000 10.3240
10.0000 9.8878
10.0000 9.3457
10.0000 10.1761
10.0000 10.5727
10.0000 9.9460
10.0000 9.6940
10.0000 10.6581
10.0000 10.1390
10.0000 10.7240
10.0000 10.7851
10.0000 10.4401
10.0000 10.6107
10.0000 10.7668
10.0000 10.8278
10.0000 10.3985
10.0000 11.1564
10.0000 9.9814
10.0000 10.6676
10.0000 10.6198
10.0000 9.2845
10.0000 11.0107
10.0000 10.1984
10.0000 9.5840
10.0000 10.0603
10.0000 10.3525
10.0000 9.0916
10.0000 9.8180
10.0000 10.2309
10.0000 10.6238
10.0000 10.0900
10.0000 9.8596
10.0000 10.1983
10.0000 10.8362
10.0000 9.4929
10.0000 11.5583
10.0000 10.5835
10.0000 10.4204
10.0000 10.1732
10.0000 10.8182
10.0000 10.6541
10.0000 10.2158
10.0000 9.9437
10.0000 10.0438
10.0000 9.9307
10.0000 10.2973
10.0000 9.4002
10.0000 10.0752
10.0000 11.4078
10.0000 10.6639
10.0000 10.3021
10.0000 9.9894
10.0000 9.4590
10.0000 10.4809
10.0000 10.4531
10.0000 9.0695
10.0000 10.3929
10.0000 10.7249
10.0000 10.4318
10.0000 9.7218
10.0000 9.9753
10.0000 10.6241
10.0000 11.0334
10.0000 10.4809
10.0000 9.8926
10.0000 9.7021
10.0000 9.6665
10.0000 11.0565
10.0000 9.9943
10.0000 9.1564
10.0000 10.6396
10.0000 9.6336
10.0000 10.5696
10.0000 10.1587
10.0000 10.1876
10.0000 10.8067
10.0000 9.8246
10.0000 10.0275
10.0000 10.6900
10.0000 9.1505
10.0000 10.2498
10.0000 9.9216
10.0000 10.3603
10.0000 11.0014
10.0000 10.6530
10.0000 10.1190
10.0000 11.0161
10.0000 9.7167
10.0000 9.5173
10.0000 9.6732
10.0000 9.9753
10.0000 9.8869
10.0000 10.3025
10.0000 9.8462
10.0000 10.6286
10.0000 10.9268
10.0000 10.2077
10.0000 10.8392
10.0000 10.5840
10.0000 9.5914
10.0000 11.4621
10.0000 9.5380
10.0000 9.9316
10.0000 9.3048
10.0000 10.4528
10.0000 9.4744
10.0000 9.7199
10.0000 9.7302
10.0000 9.8908
10.0000 9.8366
10.0000 11.0488
10.0000 10.0268
10.0000 10.6493
10.0000 10.2498
10.0000 9.8844
10.0000 10.3280
10.0000 9.8208
10.0000 11.0302
10.0000 10.4188
10.0000 10.5954
10.0000 9.5926
10.0000 9.7666
10.0000 9.5872
10.0000 11.0674
10.0000 9.5020
10.0000 9.8096
10.0000 11.5576
10.0000 10.9033
10.0000 10.2923
10.0000 10.1431
10.0000 9.4881
10.0000 9.9162
10.0000 9.9686
10.0000 10.8856
10.0000 9.8085
10.0000 10.0287
10.0000 9.8549
10.0000 11.0239
10.0000 10.2688
10.0000 10.2590
10.0000 9.8200
10.0000 10.7915
10.0000 10.0804
10.0000 11.3737
10.0000 9.3008
10.0000 10.0168
10.0000 10.7020
10.0000 9.2162
10.0000 9.9734
10.0000 11.5713
10.0000 9.3749
10.0000 10.0581
10.0000 11.3871
10.0000 11.2220
10.0000 10.4175
10.0000 9.3326
10.0000 9.6978
10.0000 10.0889
10.0000 9.8773
10.0000 10.0134
10.0000 10.1730
10.0000 9.5245
10.0000 9.8135
10.0000 10.2350
10.0000 11.1245
10.0000 9.9060
10.0000 11.0866
10.0000 10.4164
10.0000 9.7453
10.0000 8.9641
10.0000 10.1836
10.0000 10.5233
10.0000 10.6029
10.0000 9.8340
10.0000 11.3427
10.0000 9.9350
10.0000 10.3984
10.0000 9.4418
10.0000 10.0231
10.0000 10.0993
10.0000 9.5343
10.0000 9.2401
10.0000 10.5588
10.0000 10.5801
10.0000 10.4842
10.0000 9.7840
10.0000 10.4519
10.0000 11.4490
10.0000 9.6945
10.0000 10.4934
10.0000 10.6815
10.0000 10.9402
10.0000 9.7050
10.0000 10.5922
10.0000 10.9765
10.0000 9.8694
10.0000 11.1148
10.0000 10.6698
10.0000 9.2492
10.0000 10.3862
10.0000 9.7519
10.0000 10.4089
10.0000 10.3247
10.0000 10.2828
10.0000 10.0926
10.0000 8.9727
10.0000 10.4130
10.0000 9.9339
10.0000 9.9970
10.0000 9.7697
10.0000 9.8409
10.0000 9.9630
10.0000 10.1062
10.0000 9.9640
10.0000 10.6578
10.0000 10.0714
10.0000 10.4996
10.0000 10.7196
10.0000 11.1170
10.0000 10.9056
10.0000 10.4651
10.0000 9.3782
10.0000 10.3985
10.0000 9.8962
10.0000 10.1390
10.0000 10.2536
10.0000 10.5827
10.0000 9.6612
10.0000 9.0263
10.0000 9.9148
10.0000 10.5450
10.0000 10.3446
10.0000 10.2687
10.0000 9.8678
10.0000 9.4052
10.0000 10.3172
10.0000 10.1594
10.0000 10.6133
10.0000 10.9044
10.0000 10.0667
10.0000 9.7825
10.0000 10.2601
10.0000 10.0882
10.0000 9.7766
10.0000 9.9714
10.0000 9.6592
10.0000 9.8968
10.0000 10.2105
10.0000 9.9656
10.0000 10.3763
10.0000 11.4843
10.0000 10.2158
10.0000 9.9819
10.0000 9.6832
10.0000 9.6942
10.0000 11.1196
10.0000 9.4684
10.0000 10.6948
10.0000 10.1532
10.0000 9.7725
10.0000 9.8045
10.0000 9.6827
10.0000 10.1679
10.0000 10.2621
10.0000 9.5213
10.0000 10.2294
10.0000 10.5623
10.0000 9.9158
10.0000 9.4070
10.0000 9.8949
10.0000 10.0387
10.0000 10.4999
10.0000 10.4064
10.0000 9.6987
10.0000 10.3619
10.0000 9.6014
10.0000 10.9637
10.0000 10.4565
10.0000 10.3165
10.0000 11.1829
10.0000 9.5856
10.0000 10.7653
10.0000 10.3937
10.0000 9.6248
10.0000 10.0846
10.0000 11.2389
10.0000 9.5366
10.0000 9.8857
10.0000 11.1069
10.0000 9.2247
10.0000 9.2975
10.0000 10.4068
10.0000 10.2545
10.0000 9.2794
10.0000 10.4285
10.0000 11.4686
10.0000 10.7248
10.0000 11.3149
10.0000 10.1664
10.0000 10.6455
10.0000 10.7173
10.0000 10.0271
10.0000 11.1213
10.0000 10.7166
10.0000 9.9715
10.0000 9.6843
10.0000 10.3731
10.0000 10.2331
10.0000 9.9378
10.0000 10.5961
10.0000 9.9455
10.0000 10.2249
10.0000 10.7282
10.0000 10.9260
10.0000 10.9192
10.0000 10.8268
10.0000 11.1260
10.0000 10.8381
10.0000 9.4077
10.0000 10.8646
10.0000 10.0791
10.0000 9.8913
10.0000 10.6680
10.0000 11.6191
10.0000 10.1087
10.0000 10.5269
10.0000 9.7161
10.0000 10.6937
10.0000 10.0626
10.0000 9.8631
10.0000 10.0394
10.0000 10.6628
10.0000 10.4675
10.0000 10.3664
10.0000 11.7251
10.0000 9.8176
10.0000 9.4863
10.0000 10.0824
10.0000 11.8633
10.0000 10.5085
10.0000 10.4322
10.0000 9.8572
10.0000 10.2314
10.0000 10.9334
10.0000 10.2283
10.0000 10.1988
10.0000 10.7253
10.0000 9.4536
10.0000 10.7603
10.0000 11.0498
10.0000 10.7369
10.0000 10.1956
10.0000 10.1216
10.0000 10.3001
10.0000 9.6777
10.0000 10.4940
10.0000 10.4535
10.0000 9.9058
10.0000 9.6548
10.0000 10.4432
10.0000 10.2412
10.0000 9.2677
10.0000 10.2329
10.0000 9.8073
10.0000 9.7248
10.0000 10.9391
10.0000 9.4214
10.0000 10.4399
10.0000 10.2232
10.0000 11.5582
10.0000 11.0183
10.0000 11.3136
10.0000 10.3682
10.0000 10.5782
10.0000 10.8244
10.0000 11.2452
10.0000 10.3067
10.0000 9.2851
10.0000 9.9734
10.0000 9.8103
10.0000 10.6991
10.0000 9.9736
10.0000 10.3721
10.0000 10.2537
10.0000 10.8703
10.0000 10.3166
10.0000 9.7722
10.0000 10.6374
10.0000 10.3234
10.0000 11.3493
10.0000 9.8832
10.0000 10.7306
10.0000 9.5869
10.0000 10.6264
10.0000 9.5326
10.0000 10.3348
10.0000 10.9377
10.0000 9.5188
10.0000 9.7010
10.0000 10.2412
10.0000 11.5960
10.0000 10.8720
10.0000 9.9650
10.0000 10.4745
10.0000 10.4173
10.0000 10.5463
10.0000 9.6837
10.0000 9.8890
10.0000 9.7516
10.0000 10.1281
10.0000 9.7658
10.0000 10.3340
10.0000 11.4064
10.0000 10.0120
10.0000 10.2292
10.0000 11.5127
10.0000 9.5268
10.0000 9.8758
10.0000 10.6190
10.0000 9.9781
10.0000 10.1615
10.0000 11.1131
10.0000 11.1906
10.0000 11.2223
10.0000 9.8742
10.0000 11.4722
10.0000 10.3057
10.0000 10.2336
10.0000 10.2296
10.0000 10.6188
10.0000 10.3876
10.0000 10.2029
10.0000 10.4279
10.0000 9.3087
10.0000 10.5782
10.0000 10.6776
10.0000 9.0933
10.0000 9.4673
10.0000 10.6023
10.0000 9.6694
10.0000 9.7433
10.0000 10.0572
10.0000 10.2321
10.0000 10.5383
10.0000 10.4024
10.0000 10.5414
10.0000 10.1709
10.0000 11.9911
10.0000 9.4546
10.0000 10.4541
10.0000 10.7183
10.0000 10.5306
10.0000 9.7077
10.0000 10.9574
10.0000 9.6771
10.0000 11.3302
10.0000 10.3911
10.0000 10.6628
10.0000 9.5657
10.0000 11.3014
10.0000 10.6314
10.0000 10.4746
10.0000 11.2865
10.0000 10.5340
10.0000 10.6571
10.0000 9.9288
10.0000 10.8013
10.0000 9.8317
10.0000 10.3678
10.0000 10.8643
10.0000 9.7080
10.0000 9.6513
10.0000 9.8575
10.0000 10.2666
10.0000 9.8334
10.0000 10.3171
10.0000 10.5093
10.0000 10.6000
10.0000 9.5677
10.0000 10.4802
10.0000 10.6512
10.0000 9.8800
10.0000 10.0230
10.0000 10.0129
10.0000 10.2742
10.0000 10.2567
10.0000 9.9184
10.0000 10.4197
10.0000 10.1643
10.0000 9.9414
10.0000 10.0263
10.0000 10.3461
10.0000 9.9742
10.0000 10.8491
10.0000 10.4615
10.0000 10.7463
10.0000 10.0593
10.0000 10.4302
10.0000 10.3627
10.0000 10.4861
10.0000 9.5279
10.0000 11.3998
10.0000 10.0595
10.0000 9.6840
10.0000 10.3079
10.0000 10.1675
10.0000 9.7439
10.0000 10.0300
10.0000 10.5085
10.0000 10.4111
10.0000 9.8398
10.0000 9.8734
10.0000 10.6889
10.0000 10.2104
10.0000 10.7913
10.0000 11.0206
10.0000 10.2842
10.0000 11.3198
10.0000 9.7331
10.0000 10.4971
10.0000 9.4984
10.0000 10.0390
10.0000 10.1053
10.0000 10.2823
10.0000 9.7922
10.0000 9.4351
10.0000 10.1251
10.0000 10.9709
10.0000 10.6475
10.0000 10.5023
10.0000 10.2391
10.0000 9.9258
10.0000 10.4544
10.0000 10.5235
10.0000 10.8296
10.0000 9.8169
10.0000 9.3169
10.0000 10.0916
10.0000 10.0006
10.0000 10.5111
10.0000 9.9910
10.0000 10.6565
10.0000 10.4794
10.0000 10.1657
10.0000 10.2105
10.0000 9.8230
10.0000 10.2991
10.0000 10.4685
10.0000 9.4663
10.0000 10.6475
10.0000 10.0843
10.0000 9.5651
10.0000 11.1611
10.0000 10.8920
10.0000 8.9697
10.0000 10.5792
10.0000 10.6189
10.0000 10.4547
10.0000 10.0949
10.0000 10.5806
10.0000 9.9639
10.0000 10.5908
10.0000 10.7534
10.0000 10.0459
10.0000 9.0643
10.0000 10.1977
10.0000 10.0495
10.0000 9.4830
10.0000 9.9468
10.0000 9.8490
10.0000 9.9543
10.0000 10.2136
10.0000 10.4104
10.0000 10.3616
10.0000 10.3737
10.0000 10.2256
10.0000 10.1094
10.0000 9.3470
10.0000 11.3838
10.0000 10.1657
10.0000 9.0997
10.0000 10.5956
10.0000 10.7623
10.0000 10.0939
10.0000 10.0135
10.0000 10.3596
10.0000 11.4700
10.0000 11.2355
10.0000 11.6982
10.0000 10.1791
10.0000 10.4392
10.0000 10.3453
10.0000 9.8850
10.0000 10.6350
10.0000 10.4413
10.0000 11.2479
10.0000 9.8117
10.0000 10.2589
10.0000 10.8047
10.0000 10.0114
10.0000 11.1639
10.0000 10.4428
10.0000 9.9951
10.0000 10.4423
10.0000 10.2108
10.0000 10.7580
10.0000 10.6247
10.0000 10.7153
10.0000 9.8152
10.0000 9.7841
10.0000 10.8868
10.0000 11.1196
10.0000 10.1984
10.0000 10.4263
10.0000 9.9981
10.0000 11.0275
10.0000 10.7336
10.0000 10.6263
10.0000 10.4430
10.0000 9.9034
10.0000 10.6933
10.0000 10.3839
10.0000 10.0549
10.0000 9.7353
10.0000 10.0826
10.0000 10.4573
10.0000 9.4584
10.0000 10.3508
10.0000 10.6463
10.0000 10.3206
10.0000 9.6600
10.0000 10.1497
10.0000 10.5513
10.0000 9.1967
10.0000 9.7536
10.0000 9.9570
10.0000 9.9175
10.0000 10.3108
10.0000 10.2447
10.0000 10.9269
10.0000 10.4151
10.0000 11.2196
10.0000 9.6693
10.0000 11.3650
10.0000 10.7413
10.0000 10.8050
10.0000 10.5468
10.0000 9.2434
10.0000 10.0616
10.0000 11.0119
10.0000 10.6627
10.0000 9.9972
10.0000 10.4995
10.0000 10.4136
10.0000 10.6143
10.0000 10.1198
10.0000 10.2943
10.0000 10.1234
10.0000 10.8260
10.0000 10.2182
10.0000 10.6428
10.0000 9.8323
10.0000 9.4368
10.0000 10.0738
10.0000 10.7935
10.0000 11.6305
10.0000 10.5908
10.0000 9.4145
10.0000 11.1365
10.0000 10.0091
10.0000 10.9407
10.0000 10.3002
10.0000 10.3195
10.0000 10.5475
10.0000 10.3582
10.0000 10.9148
10.0000 10.5310
10.0000 9.7983
10.0000 10.5555
10.0000 9.6945
10.0000 9.9397
10.0000 9.0721
10.0000 10.9914
10.0000 10.6488
10.0000 9.9988
10.0000 10.4703
10.0000 10.4790
10.0000 9.8330
10.0000 10.0706
10.0000 10.1473
10.0000 9.8215
10.0000 9.8709
10.0000 9.5642
10.0000 10.3953
10.0000 10.4864
10.0000 10.0225
10.0000 11.1517
10.0000 10.1121
10.0000 10.2982
10.0000 10.9099
10.0000 10.5616
10.0000 10.1139
10.0000 10.7891
10.0000 11.0227
10.0000 9.6588
10.0000 10.1531
10.0000 9.9171
10.0000 11.2671
10.0000 9.8779
10.0000 10.3072
10.0000 10.1294
10.0000 9.6046
10.0000 9.9379
10.0000 9.7154
10.0000 10.2502
10.0000 9.8365
10.0000 9.9828
10.0000 8.4112
10.0000 10.1045
10.0000 10.7126
10.0000 10.5882
10.0000 10.0469
10.0000 10.3553
10.0000 9.5907
10.0000 9.3827
10.0000 9.9845
10.0000 10.3927
10.0000 10.5201
10.0000 10.4320
10.0000 9.8608
10.0000 9.3018
10.0000 11.3876
10.0000 10.5555
10.0000 10.1671
10.0000 11.3940
10.0000 9.3583
10.0000 9.6323
10.0000 10.5382
10.0000 10.6390
10.0000 10.3027
10.0000 9.9506
10.0000 9.9283
10.0000 10.2521
10.0000 9.9052
10.0000 9.0315
10.0000 10.6664
10.0000 10.9125
10.0000 10.3335
10.0000 10.1256
10.0000 10.7700
10.0000 9.4991
10.0000 10.4981
10.0000 10.9623
10.0000 9.8012
10.0000 10.5778
10.0000 10.9055
10.0000 11.3907
10.0000 10.6022
10.0000 10.8292
10.0000 9.2056
10.0000 11.0052
10.0000 10.1126
10.0000 9.9385
10.0000 10.2204
10.0000 10.0136
10.0000 10.8359
10.0000 10.3350
10.0000 9.4660
10.0000 10.2263
10.0000 10.0793
10.0000 10.6143
10.0000 9.8291
10.0000 10.5678
10.0000 10.1810
10.0000 10.1339
10.0000 10.9370
10.0000 9.4416
10.0000 9.4544
10.0000 10.2574
10.0000 10.8019
10.0000 9.9109
10.0000 10.7248
10.0000 9.8277
10.0000 9.0049
10.0000 10.4346
10.0000 10.5386
10.0000 10.6415
10.0000 9.8792
10.0000 10.2758
10.0000 10.0524
10.0000 10.2897
10.0000 10.5655
10.0000 10.9939
10.0000 10.6145
10.0000 10.8154
10.0000 10.0216
10.0000 10.1475
10.0000 9.7763
10.0000 9.5300
10.0000 10.2463
10.0000 10.3582
10.0000 10.4172
10.0000 10.4266
10.0000 10.5958
10.0000 10.0405
10.0000 10.4679
10.0000 10.7854
10.0000 10.3367
10.0000 10.1048
10.0000 9.3553
10.0000 10.6477
10.0000 10.9552
10.0000 10.7924
10.0000 9.9791
10.0000 9.5468
10.0000 10.0952
10.0000 10.8664
10.0000 9.6457
10.0000 9.5084
10.0000 9.5915
10.0000 10.4163
10.0000 9.2931
10.0000 9.9860
10.0000 10.5356
10.0000 10.9708
10.0000 9.5917
10.0000 9.3153
10.0000 10.4090
10.0000 9.5085
10.0000 10.5934
10.0000 10.3841
10.0000 11.2154
10.0000 10.1107
10.0000 9.5625
10.0000 10.8836
10.0000 10.3244
10.0000 10.2153
10.0000 10.4085
10.0000 10.7258
10.0000 11.3154
10.0000 10.7513
10.0000 10.8744
10.0000 9.7401
10.0000 10.2751
10.0000 9.1030
10.0000 9.9726
10.0000 10.5823
10.0000 9.8005
10.0000 10.0403
10.0000 10.8020
10.0000 8.9310
10.0000 10.3413
10.0000 10.0545
10.0000 9.5169
10.0000 10.5570
10.0000 9.0735
10.0000 11.0761
10.0000 10.0617
10.0000 11.4946
10.0000 10.5202
10.0000 10.7265
10.0000 10.4702
10.0000 10.0387
10.0000 10.5137
10.0000 10.4602
10.0000 9.5028
10.0000 11.0406
10.0000 9.7115
10.0000 10.0539
10.0000 9.5837
10.0000 9.3966
10.0000 10.2722
10.0000 10.7264
10.0000 11.8775
10.0000 10.1975
10.0000 10.7584
10.0000 10.6403
10.0000 10.2508
10.0000 9.3478
10.0000 9.6466
10.0000 11.3053
10.0000 10.6413
10.0000 9.7548
10.0000 10.7570
10.0000 9.9523
10.0000 10.2799
10.0000 10.4037
10.0000 9.0531
10.0000 10.8472
10.0000 9.8504
10.0000 10.1022
10.0000 9.2527
10.0000 10.0057
10.0000 10.4581
10.0000 10.2138
10.0000 11.0165
10.0000 9.7981
10.0000 10.6365
10.0000 10.1562
10.0000 9.6161
10.0000 10.3313
10.0000 10.1701
10.0000 10.5100
10.0000 10.2876
10.0000 11.1346
10.0000 10.6422
10.0000 10.0922
10.0000 10.5185
10.0000 10.0871
10.0000 10.3082
10.0000 10.7437
10.0000 10.7971
10.0000 10.5663
10.0000 10.7784
10.0000 10.1455
10.0000 9.4158
10.0000 9.4709
10.0000 9.4440
10.0000 9.9964
10.0000 9.5571
10.0000 11.3781
10.0000 10.7777
10.0000 9.8266
10.0000 10.3991
10.0000 9.3228
10.0000 10.3894
10.0000 10.0363
10.0000 10.0118
10.0000 10.4349
10.0000 10.4070
10.0000 10.9268
10.0000 10.2529
10.0000 11.0504
10.0000 10.2388
10.0000 10.6930
10.0000 10.8432
10.0000 9.7212
10.0000 9.8175
10.0000 10.8182
10.0000 10.3863
10.0000 10.9611
10.0000 10.1343
10.0000 9.8293
10.0000 10.3188
10.0000 10.2294
10.0000 11.0426
10.0000 10.4932
10.0000 9.8629
10.0000 10.8005
10.0000 10.6075
10.0000 10.8118
10.0000 10.5453
10.0000 9.6538
10.0000 9.8968
10.0000 10.5974
10.0000 9.4277
10.0000 10.6506
10.0000 10.3898
10.0000 10.1653
10.0000 10.4005
10.0000 10.2642
10.0000 11.2361
10.0000 10.9952
10.0000 10.6473
10.0000 10.1467
10.0000 9.6697
10.0000 10.9709
10.0000 10.6012
10.0000 9.2954
10.0000 9.7354
10.0000 10.0300
10.0000 10.9584
10.0000 10.9689
10.0000 10.2965
10.0000 10.4382
10.0000 9.6800
10.0000 10.5172
10.0000 9.4479
10.0000 10.3464
10.0000 9.9570
10.0000 10.4785
10.0000 9.6305
10.0000 10.0885
10.0000 9.6703
10.0000 9.9098
10.0000 9.9016
10.0000 9.9267
10.0000 11.4783
10.0000 9.0281
10.0000 10.2823
10.0000 10.2648
10.0000 10.8301
10.0000 10.1103
10.0000 9.8252
10.0000 9.2873
10.0000 10.5534
10.0000 11.1063
10.0000 10.5282
10.0000 11.0373
10.0000 10.3163
10.0000 9.8188
10.0000 9.9073
10.0000 11.0917
10.0000 10.0806
10.0000 10.2450
10.0000 10.0827
10.0000 9.5089
10.0000 10.3267
10.0000 11.1401
10.0000 9.5597
10.0000 9.9550
10.0000 10.0987
10.0000 10.4686
10.0000 9.9768
10.0000 9.9799
10.0000 9.6173
10.0000 9.5734
10.0000 10.4019
10.0000 10.7565
10.0000 11.9101
10.0000 9.8898
10.0000 10.5559
10.0000 10.3073
10.0000 11.0500
10.0000 10.6018
10.0000 10.4764
10.0000 10.8243
10.0000 10.4370
10.0000 11.1451
10.0000 10.4782
10.0000 10.8687
10.0000 9.9974
10.0000 10.4583
10.0000 10.1138
10.0000 10.1198
10.0000 9.9758
10.0000 10.0779
10.0000 9.2895
10.0000 9.6398
10.0000 10.4858
10.0000 8.7100
10.0000 9.8376
10.0000 9.7400
10.0000 9.3424
10.0000 10.1204
10.0000 10.1858
10.0000 11.6724
10.0000 10.0181
10.0000 10.6023
10.0000 9.9345
10.0000 9.9338
10.0000 10.8531
10.0000 10.2347
10.0000 9.5135
10.0000 10.6896
10.0000 10.6567
10.0000 10.0680
10.0000 10.7826
10.0000 10.1040
10.0000 10.6354
10.0000 9.4029
10.0000 10.0366
10.0000 9.3194
10.0000 10.0594
10.0000 10.6326
10.0000 10.6943
10.0000 10.5739
10.0000 9.8104
10.0000 10.6160
10.0000 9.9982
10.0000 10.2272
10.0000 9.4758
10.0000 11.7334
10.0000 9.4274
10.0000 11.1680
10.0000 10.6924
10.0000 9.7474
10.0000 9.7556
10.0000 10.8213
10.0000 10.6245
10.0000 10.6549
10.0000 10.5279
10.0000 9.9025
10.0000 10.7194
10.0000 10.1586
10.0000 9.8691
10.0000 10.1484
10.0000 10.3271
10.0000 10.5042
10.0000 11.2910
10.0000 10.8821
10.0000 10.7017
10.0000 9.5892
10.0000 11.1108
10.0000 10.5318
10.0000 9.8982
10.0000 9.5958
10.0000 11.0739
10.0000 10.8482
10.0000 10.6931
10.0000 10.1197
10.0000 10.3512
10.0000 10.3924
10.0000 9.3962
10.0000 10.2170
10.0000 10.4560
10.0000 10.2052
10.0000 10.9990
10.0000 10.2225
10.0000 9.7793
10.0000 10.5468
10.0000 10.2657
10.0000 9.6619
10.0000 11.3293
10.0000 10.4114
10.0000 11.0502
10.0000 10.1467
10.0000 10.8043
10.0000 10.7996
10.0000 9.4820
10.0000 10.9711
10.0000 10.3581
10.0000 10.1441
10.0000 10.2132
10.0000 9.5408
10.0000 10.5524
10.0000 10.4518
10.0000 10.2682
10.0000 10.6018
10.0000 10.5977
10.0000 10.5548
10.0000 11.5035
10.0000 10.6107
10.0000 11.0269
10.0000 9.8319
10.0000 10.8044
10.0000 10.6599
10.0000 10.0744
10.0000 10.0927
10.0000 10.5543
10.0000 10.3678
10.0000 10.7034
10.0000 9.9607
10.0000 11.1688
10.0000 10.6777
10.0000 10.7631
10.0000 10.0161
10.0000 10.2326
10.0000 9.6023
10.0000 12.0028
10.0000 10.5861
10.0000 10.0572
10.0000 10.5022
10.0000 10.1762
10.0000 10.4442
10.0000 10.0381
10.0000 11.4143
10.0000 9.6705
10.0000 10.6734
10.0000 9.1722
10.0000 10.5683
10.0000 9.2716
10.0000 10.5187
10.0000 10.3338
10.0000 9.7611
10.0000 9.4283
10.0000 10.5974
10.0000 10.3550
10.0000 10.1330
10.0000 11.5466
10.0000 10.7657
10.0000 10.4736
10.0000 11.6039
10.0000 10.9439
10.0000 10.6372
10.0000 10.1721
10.0000 9.9153
10.0000 10.3836
10.0000 11.0553
10.0000 11.1326
10.0000 10.4466
10.0000 10.0035
10.0000 9.6793
10.0000 10.2120
10.0000 10.0373
10.0000 9.7020
10.0000 9.8149
10.0000 9.5276
10.0000 10.1183
10.0000 9.9329
10.0000 10.4566
10.0000 10.2648
10.0000 10.3380
10.0000 10.1839
10.0000 10.4155
10.0000 10.2211
10.0000 10.3328
10.0000 10.1157
10.0000 9.5147
10.0000 9.6286
10.0000 9.8291
10.0000 9.9050
10.0000 10.9831
10.0000 7.9357
10.0000 10.4216
10.0000 10.8476
10.0000 11.0387
10.0000 9.5081
10.0000 10.6944
10.0000 10.0117
10.0000 10.5578
10.0000 9.5327
10.0000 9.6626
10.0000 10.6806
10.0000 10.9815
10.0000 10.3037
10.0000 10.7060
10.0000 9.4312
10.0000 10.3716
10.0000 10.1033
10.0000 9.8576
10.0000 9.9813
10.0000 9.5587
10.0000 9.6078
10.0000 9.9338
10.0000 10.2617
10.0000 9.8882
10.0000 10.3459
10.0000 10.4082
10.0000 10.2057
10.0000 9.3905
10.0000 9.9318
10.0000 11.2181
10.0000 9.5731
10.0000 10.5885
10.0000 10.2539
10.0000 9.6255
10.0000 11.0277
10.0000 10.6999
10.0000 10.0812
10.0000 9.7662
10.0000 10.5674
10.0000 9.8070
10.0000 10.6134
10.0000 10.4266
10.0000 9.6780
10.0000 9.8862
10.0000 10.0402
10.0000 10.7112
10.0000 11.0749
10.0000 10.9928
10.0000 9.7291
10.0000 10.1896
10.0000 9.9540
10.0000 9.1630
10.0000 10.2068
10.0000 9.7348
10.0000 10.1419
10.0000 9.5859
10.0000 9.7374
10.0000 10.2262
10.0000 10.5099
10.0000 9.2325
10.0000 10.2420
10.0000 9.6626
10.0000 10.7180
10.0000 11.0187
10.0000 10.4030
10.0000 11.4148
10.0000 10.2144
10.0000 9.9142
10.0000 9.9524
10.0000 10.4893
10.0000 9.8966
10.0000 10.0198
10.0000 10.0053
10.0000 10.3453
10.0000 9.8752
10.0000 10.0383
10.0000 9.8393
10.0000 10.4748
10.0000 9.9722
10.0000 10.7113
10.0000 10.8883
10.0000 10.2109
10.0000 9.8971
10.0000 10.5687
10.0000 9.5648
10.0000 10.2212
10.0000 9.9854
10.0000 9.5917
10.0000 10.4325
10.0000 11.1167
10.0000 9.8345
10.0000 9.4152
10.0000 9.0064
10.0000 10.3577
10.0000 8.9076
10.0000 10.5765
10.0000 9.9048
10.0000 10.7582
10.0000 9.6544
10.0000 10.1821
10.0000 10.0370
10.0000 11.2580
10.0000 9.9501
10.0000 9.9869
10.0000 9.6687
10.0000 10.4296
10.0000 10.1966
10.0000 9.5471
10.0000 10.6674
10.0000 10.2922
10.0000 10.6495
10.0000 11.1770
10.0000 11.0963
10.0000 9.7025
10.0000 10.7750
10.0000 11.5363
10.0000 9.8882
10.0000 9.7384
10.0000 10.6832
10.0000 10.0057
10.0000 9.7658
10.0000 9.9398
10.0000 9.3372
10.0000 10.1500
10.0000 9.7754
10.0000 11.2172
10.0000 9.1959
10.0000 11.3788
10.0000 11.2608
10.0000 10.6933
10.0000 10.7833
10.0000 10.0093
10.0000 9.5292
10.0000 9.9834
10.0000 9.8567
10.0000 9.9561
10.0000 10.3407
10.0000 9.1196
10.0000 9.5800
10.0000 10.9724
10.0000 9.8947
10.0000 9.2833
10.0000 10.6371
10.0000 10.8092
10.0000 10.4636
10.0000 10.8890
10.0000 9.7063
10.0000 9.9106
10.0000 10.9448
10.0000 9.8298
10.0000 10.2112
10.0000 10.0033
10.0000 10.3410
10.0000 9.9393
10.0000 10.4931
10.0000 9.9837
10.0000 10.5976
10.0000 9.8515
10.0000 10.0118
10.0000 11.3664
10.0000 10.5072
10.0000 9.3269
10.0000 9.6521
10.0000 9.2876
10.0000 9.9866
10.0000 10.5086
10.0000 10.6625
10.0000 9.9807
10.0000 10.4623
10.0000 11.1699
10.0000 10.9690
10.0000 10.4687
10.0000 9.7951
10.0000 10.3563
10.0000 10.1347
10.0000 10.8464
10.0000 10.7168
10.0000 11.4242
10.0000 11.0036
10.0000 9.8814
10.0000 9.7612
10.0000 9.2441
10.0000 10.1356
10.0000 10.5964
10.0000 10.8734
10.0000 9.6678
10.0000 10.4291
10.0000 9.8064
10.0000 10.0056
10.0000 9.7714
10.0000 9.8721
10.0000 9.9982
10.0000 10.4684
10.0000 9.9590
10.0000 10.1891
10.0000 10.7780
10.0000 10.7274
10.0000 10.0056
10.0000 9.9641
10.0000 10.4910
10.0000 10.2925
10.0000 9.0799
10.0000 10.3905
10.0000 10.0494
10.0000 10.0196
10.0000 9.6403
10.0000 11.0108
10.0000 9.9414
10.0000 11.1521
10.0000 10.1395
10.0000 10.1407
10.0000 11.1576
10.0000 9.1393
10.0000 10.1423
10.0000 10.3864
10.0000 10.6466
10.0000 10.0028
10.0000 11.4327
10.0000 10.5824
10.0000 10.2210
10.0000 10.4491
10.0000 9.5640
10.0000 10.1961
10.0000 9.6066
10.0000 10.6416
10.0000 9.6950
10.0000 10.1057
10.0000 9.7758
10.0000 11.3806
10.0000 10.3585
10.0000 10.3699
10.0000 11.1491
10.0000 10.2337
10.0000 9.9426
10.0000 10.6104
10.0000 9.9773
10.0000 10.2346
10.0000 10.4677
10.0000 9.2271
10.0000 10.7931
10.0000 9.7271
10.0000 9.6176
10.0000 10.2592
10.0000 9.6546
10.0000 10.3168
10.0000 10.4368
10.0000 11.2793
10.0000 10.4651
10.0000 9.8849
10.0000 9.5655
10.0000 10.6888
10.0000 9.8338
10.0000 9.9480
10.0000 9.4349
10.0000 11.3639
10.0000 9.9522
10.0000 9.9345
10.0000 10.3408
10.0000 10.0233
10.0000 10.1860
10.0000 10.3582
10.0000 9.7941
10.0000 10.0696
10.0000 9.9455
10.0000 10.4412
10.0000 9.6458
10.0000 11.1138
10.0000 11.0063
10.0000 10.4301
10.0000 9.7510
10.0000 11.2760
10.0000 11.4623
10.0000 11.5623
10.0000 9.9851
10.0000 10.6843
10.0000 10.6655
10.0000 10.6674
10.0000 8.6748
10.0000 9.0481
10.0000 10.6404
10.0000 10.6338
10.0000 11.0675
10.0000 10.7565
10.0000 9.7240
10.0000 10.5181
10.0000 10.0650
10.0000 9.8920
10.0000 10.0372
10.0000 10.1217
