11.0000 10.7497
11.0000 10.1468
11.0000 11.5729
11.0000 12.1570
11.0000 11.2321
11.0000 11.4860
11.0000 10.6961
11.0000 10.6629
11.0000 10.9291
11.0000 11.5174
11.0000 11.4988
11.0000 10.8470
11.0000 10.7142
11.0000 11.9286
11.0000 11.0803
11.0000 10.5898
11.0000 11.1519
11.0000 11.3355
11.0000 10.9270
11.0000 11.3262
11.0000 11.5193
11.0000 11.2973
11.0000 12.4598
11.0000 11.7042
11.0000 11.4367
11.0000 11.4820
11.0000 11.3063
11.0000 11.2408
11.0000 11.0956
11.0000 11.5111
11.0000 11.4984
11.0000 11.3366
11.0000 10.5862
11.0000 11.9067
11.0000 10.6883
11.0000 11.9397
11.0000 11.4735
11.0000 11.9012
11.0000 11.9089
11.0000 11.4703
11.0000 11.4773
11.0000 11.4505
11.0000 10.7136
11.0000 11.4510
11.0000 10.8888
11.0000 13.2127
11.0000 11.3729
11.0000 11.3288
11.0000 10.2104
11.0000 11.0898
11.0000 10.8715
11.0000 11.4608
11.0000 12.1354
11.0000 10.8573
11.0000 10.8674
11.0000 11.8947
11.0000 10.2913
11.0000 11.6954
11.0000 10.5391
11.0000 11.7246
11.0000 11.2445
11.0000 12.2825
11.0000 11.7102
11.0000 11.3087
11.0000 11.1127
11.0000 11.4302
11.0000 11.1714
11.0000 10.5049
11.0000 10.6991
11.0000 11.6110
11.0000 12.1245
11.0000 10.6900
11.0000 10.3250
11.0000 11.8158
11.0000 10.8751
11.0000 11.5191
11.0000 11.1871
11.0000 11.5913
11.0000 11.0411
11.0000 11.2964
11.0000 10.9920
11.0000 11.0888
11.0000 11.1851
11.0000 10.6286
11.0000 11.3672
11.0000 10.8837
11.0000 9.8238
11.0000 11.5617
11.0000 12.9812
11.0000 11.4123
11.0000 11.2709
11.0000 11.2653
11.0000 10.1649
11.0000 11.5474
11.0000 11.1317
11.0000 11.3948
11.0000 11.6916
11.0000 10.7560
11.0000 11.6925
11.0000 10.7260
11.0000 10.2537
11.0000 12.1589
11.0000 11.5048
11.0000 10.6333
11.0000 10.9941
11.0000 11.5020
11.0000 10.0244
11.0000 11.0236
11.0000 12.1779
11.0000 10.9982
11.0000 10.7896
11.0000 11.5106
11.0000 11.1257
11.0000 11.6603
11.0000 11.5740
11.0000 11.8728
11.0000 11.4874
11.0000 11.1287
11.0000 11.2838
11.0000 12.5522
11.0000 11.1277
11.0000 10.8391
11.0000 11.1707
11.0000 11.2920
11.0000 11.4097
11.0000 12.2186
11.0000 10.9172
11.0000 11.2924
11.0000 11.3050
11.0000 11.5925
11.0000 10.0843
11.0000 11.8540
11.0000 11.9022
11.0000 11.9836
11.0000 12.0483
11.0000 11.7533
11.0000 11.2996
11.0000 10.9585
11.0000 11.8011
11.0000 10.8005
11.0000 12.0667
11.0000 11.7086
11.0000 10.8789
11.0000 10.6005
11.0000 10.7625
11.0000 11.0774
11.0000 10.9724
11.0000 10.8903
11.0000 10.5899
11.0000 10.5991
11.0000 10.9251
11.0000 11.1309
11.0000 10.8104
11.0000 11.4324
11.0000 11.8012
11.0000 11.2624
11.0000 10.4755
11.0000 11.5538
11.0000 11.2672
11.0000 11.0990
11.0000 11.1668
11.0000 10.8236
11.0000 10.9249
11.0000 11.1126
11.0000 10.7847
11.0000 11.1924
11.0000 11.0268
11.0000 10.9422
11.0000 11.1580
11.0000 11.4946
11.0000 11.3679
11.0000 10.8918
11.0000 10.9823
11.0000 9.9968
11.0000 10.9382
11.0000 11.8864
11.0000 10.1627
11.0000 10.2592
11.0000 11.4240
11.0000 11.8945
11.0000 11.0175
11.0000 10.9072
11.0000 11.5534
11.0000 10.4417
11.0000 11.8233
11.0000 11.8073
11.0000 10.8751
11.0000 11.6931
11.0000 11.3038
11.0000 10.4240
11.0000 11.5808
11.0000 10.4416
11.0000 11.8783
11.0000 10.7666
11.0000 10.7013
11.0000 12.3893
11.0000 10.2217
11.0000 12.0384
11.0000 11.3469
11.0000 10.7099
11.0000 10.9515
11.0000 10.8107
11.0000 10.5790
11.0000 11.1994
11.0000 11.4154
11.0000 10.7235
11.0000 10.9320
11.0000 10.8299
11.0000 10.8590
11.0000 11.3548
11.0000 11.0171
11.0000 10.8988
11.0000 10.8737
11.0000 11.4158
11.0000 11.9308
11.0000 10.3013
11.0000 11.1594
11.0000 11.3603
11.0000 10.5701
11.0000 11.6506
11.0000 11.5314
11.0000 11.0587
11.0000 11.6184
11.0000 11.4185
11.0000 12.4533
11.0000 10.7047
11.0000 10.8231
11.0000 11.2289
11.0000 10.9697
11.0000 12.4134
11.0000 11.3608
11.0000 10.9512
11.0000 11.6315
11.0000 11.7335
11.0000 10.9620
11.0000 11.1051
11.0000 11.6577
11.0000 11.5248
11.0000 11.6027
11.0000 11.5439
11.0000 11.0299
11.0000 10.9386
11.0000 11.8755
11.0000 11.4829
11.0000 12.0922
11.0000 11.0503
11.0000 11.0930
11.0000 11.1482
11.0000 11.5837
11.0000 10.3325
11.0000 10.9345
11.0000 12.4476
11.0000 11.8110
11.0000 11.0194
11.0000 11.6186
11.0000 10.7621
11.0000 10.4470
11.0000 12.1719
11.0000 11.4362
11.0000 11.6182
11.0000 11.9029
11.0000 11.0741
11.0000 11.5261
11.0000 11.0757
11.0000 11.1400
11.0000 11.7904
11.0000 11.7502
11.0000 11.8741
11.0000 12.1989
11.0000 11.7251
11.0000 11.6945
11.0000 10.8699
11.0000 11.0589
11.0000 11.5205
11.0000 10.5384
11.0000 11.0166
11.0000 11.4071
11.0000 11.7763
11.0000 11.1227
11.0000 11.9638
11.0000 11.4739
11.0000 11.9812
11.0000 12.0168
11.0000 11.3675
11.0000 11.6489
11.0000 11.5809
11.0000 11.5166
11.0000 11.0487
11.0000 11.4967
11.0000 12.2810
11.0000 11.4312
11.0000 11.3635
11.0000 10.8177
11.0000 11.4495
11.0000 11.3624
11.0000 10.8258
11.0000 10.7672
11.0000 11.5568
11.0000 11.0633
11.0000 11.3166
11.0000 11.0901
11.0000 10.4903
11.0000 10.9639
11.0000 11.2349
11.0000 11.3603
11.0000 11.7957
11.0000 11.1898
11.0000 11.2466
11.0000 11.7032
11.0000 11.1690
11.0000 11.5588
11.0000 11.2458
11.0000 10.7209
11.0000 10.8211
11.0000 11.5674
11.0000 10.8390
11.0000 10.5429
11.0000 11.9702
11.0000 10.7673
11.0000 10.6656
11.0000 10.7934
11.0000 10.9945
11.0000 11.3462
11.0000 11.8826
11.0000 11.0515
11.0000 11.8563
11.0000 11.3157
11.0000 11.6794
11.0000 11.2272
11.0000 12.5515
11.0000 10.9307
11.0000 11.5575
11.0000 11.7390
11.0000 11.5500
11.0000 10.3930
11.0000 11.6974
11.0000 11.3194
11.0000 11.2878
11.0000 10.6931
11.0000 11.3406
11.0000 10.6161
11.0000 10.5848
11.0000 11.0238
11.0000 10.0307
11.0000 11.2977
11.0000 11.3785
11.0000 10.5041
11.0000 11.9568
11.0000 12.0040
11.0000 11.2759
11.0000 11.8438
11.0000 11.9894
11.0000 11.8881
11.0000 11.5236
11.0000 11.3385
11.0000 11.8328
11.0000 11.5674
11.0000 11.7363
11.0000 11.6792
11.0000 10.0592
11.0000 11.3451
11.0000 11.3640
11.0000 12.4706
11.0000 10.5605
11.0000 11.7115
11.0000 11.7913
11.0000 11.3878
11.0000 11.5859
11.0000 10.9047
11.0000 11.1671
11.0000 10.8257
11.0000 11.0499
11.0000 11.5831
11.0000 10.9854
11.0000 10.8031
11.0000 11.6848
11.0000 10.9939
11.0000 11.9257
11.0000 13.0363
11.0000 11.3991
11.0000 10.6503
11.0000 10.6631
11.0000 10.8690
11.0000 11.2730
11.0000 10.9270
11.0000 10.7960
11.0000 10.6866
11.0000 10.8794
11.0000 10.8006
11.0000 10.3310
11.0000 10.9500
11.0000 12.0704
11.0000 11.0492
11.0000 11.4991
11.0000 11.1792
11.0000 10.5757
11.0000 11.3656
11.0000 11.1193
11.0000 11.7441
11.0000 11.2508
11.0000 11.7326
11.0000 11.0641
11.0000 11.2339
11.0000 10.9955
11.0000 10.8666
11.0000 10.7891
11.0000 11.3979
11.0000 11.1825
11.0000 10.7476
11.0000 10.6274
11.0000 11.1434
11.0000 10.7866
11.0000 11.7611
11.0000 11.2742
11.0000 11.4647
11.0000 10.9076
11.0000 11.1183
11.0000 11.3236
11.0000 10.9396
11.0000 10.9365
11.0000 11.3099
11.0000 11.4421
11.0000 11.1961
11.0000 10.8530
11.0000 11.3331
11.0000 11.3184
11.0000 11.5058
11.0000 10.5015
11.0000 11.6523
11.0000 12.1564
11.0000 9.9450
11.0000 11.1965
11.0000 11.1180
11.0000 10.9615
11.0000 10.3951
11.0000 11.9008
11.0000 11.0555
11.0000 10.5124
11.0000 10.7023
11.0000 10.7226
11.0000 11.0111
11.0000 11.3283
11.0000 10.6880
11.0000 11.2812
11.0000 10.2573
11.0000 10.5307
11.0000 11.8670
11.0000 10.2287
11.0000 10.2074
11.0000 11.0733
11.0000 11.3111
11.0000 11.8531
11.0000 11.1989
11.0000 11.1732
11.0000 11.2261
11.0000 11.2832
11.0000 11.1581
11.0000 10.6050
11.0000 11.0929
11.0000 11.5996
11.0000 11.4208
11.0000 10.4358
11.0000 10.9189
11.0000 11.9136
11.0000 11.5197
11.0000 11.1218
11.0000 10.5169
11.0000 11.1989
11.0000 11.3439
11.0000 10.8203
11.0000 12.3299
11.0000 11.0460
11.0000 11.5914
11.0000 10.8996
11.0000 10.7970
11.0000 11.1271
11.0000 10.9452
11.0000 11.1180
11.0000 11.0560
11.0000 11.1045
11.0000 12.0725
11.0000 11.1856
11.0000 11.8881
11.0000 10.1483
11.0000 12.5576
11.0000 11.7300
11.0000 11.2685
11.0000 11.7270
11.0000 10.5134
11.0000 11.1250
11.0000 10.8935
11.0000 10.8669
11.0000 10.9511
11.0000 10.5010
11.0000 11.0439
11.0000 11.1512
11.0000 12.2552
11.0000 11.0898
11.0000 11.0059
11.0000 11.6975
11.0000 11.3955
11.0000 11.1630
11.0000 10.6093
11.0000 11.2666
11.0000 11.6246
11.0000 10.7542
11.0000 11.4327
11.0000 11.0420
11.0000 10.6837
11.0000 11.1484
11.0000 11.1877
11.0000 10.0856
11.0000 11.0965
11.0000 11.5567
11.0000 11.1312
11.0000 11.5428
11.0000 10.8913
11.0000 11.6663
11.0000 12.3032
11.0000 12.0958
11.0000 11.4945
11.0000 11.1327
11.0000 12.0458
11.0000 11.9113
11.0000 10.9551
11.0000 11.9645
11.0000 10.9625
11.0000 12.1859
11.0000 11.4653
11.0000 10.8678
11.0000 11.8138
11.0000 11.1500
11.0000 11.9416
11.0000 11.2330
11.0000 11.0224
11.0000 12.2293
11.0000 11.4930
11.0000 10.5209
11.0000 11.0478
11.0000 10.7389
11.0000 9.9513
11.0000 11.1096
11.0000 11.8206
11.0000 11.5295
11.0000 10.8700
11.0000 10.7230
11.0000 11.8122
11.0000 11.8583
11.0000 11.5199
11.0000 11.1823
11.0000 10.8873
11.0000 10.9417
11.0000 11.6568
11.0000 12.0060
11.0000 11.0368
11.0000 12.0584
11.0000 11.6239
11.0000 11.3276
11.0000 11.9924
11.0000 11.9991
11.0000 10.4258
11.0000 10.2276
11.0000 12.0716
11.0000 11.5177
11.0000 11.1290
11.0000 10.6267
11.0000 11.3647
11.0000 10.5681
11.0000 11.8459
11.0000 11.4526
11.0000 11.5606
11.0000 11.2012
11.0000 11.0947
11.0000 10.9088
11.0000 10.9939
11.0000 11.6030
11.0000 11.9013
11.0000 12.6464
11.0000 10.7878
11.0000 10.9052
11.0000 11.8084
11.0000 10.7742
11.0000 10.9371
11.0000 11.8039
11.0000 11.0072
11.0000 11.3257
11.0000 10.9588
11.0000 10.2994
11.0000 12.0340
11.0000 11.5397
11.0000 10.3594
11.0000 11.3085
11.0000 11.2035
11.0000 11.2009
11.0000 12.1709
11.0000 11.2713
11.0000 11.0009
11.0000 11.6988
11.0000 11.1211
11.0000 10.9524
11.0000 11.6568
11.0000 11.8100
11.0000 12.0059
11.0000 10.1431
11.0000 11.4504
11.0000 10.5655
11.0000 9.8813
11.0000 10.9558
11.0000 11.2775
11.0000 11.1565
11.0000 10.4243
11.0000 10.7505
11.0000 11.7742
11.0000 10.6949
11.0000 10.1856
11.0000 10.7888
11.0000 10.6719
11.0000 10.9134
11.0000 10.4209
11.0000 11.7044
11.0000 12.0910
11.0000 10.0243
11.0000 11.4610
11.0000 12.0158
11.0000 10.6119
11.0000 12.1787
11.0000 10.6524
11.0000 10.4068
11.0000 11.4263
11.0000 11.3020
11.0000 11.3074
11.0000 10.6773
11.0000 11.8583
11.0000 11.0834
11.0000 10.6062
11.0000 11.2072
11.0000 11.7760
11.0000 11.9475
11.0000 10.8984
11.0000 11.4876
11.0000 11.5833
11.0000 11.3389
11.0000 11.0361
11.0000 11.3313
11.0000 11.2864
11.0000 11.6441
11.0000 10.7698
11.0000 11.7711
11.0000 10.6637
11.0000 11.1151
11.0000 11.9448
11.0000 11.4236
11.0000 11.1312
11.0000 11.5699
11.0000 10.5348
11.0000 11.0813
11.0000 12.3131
11.0000 10.3015
11.0000 11.5655
11.0000 10.9821
11.0000 10.8085
11.0000 11.5811
11.0000 11.3015
11.0000 11.1480
11.0000 11.1770
11.0000 10.9280
11.0000 11.2942
11.0000 11.4993
11.0000 10.6219
11.0000 11.3280
11.0000 10.6208
11.0000 11.8484
11.0000 10.7217
11.0000 10.9811
11.0000 11.7604
11.0000 10.7501
11.0000 9.9791
11.0000 10.8983
11.0000 11.7252
11.0000 10.8126
11.0000 11.1034
11.0000 11.1739
11.0000 11.1689
11.0000 11.1447
11.0000 10.8141
11.0000 11.0365
11.0000 11.3925
11.0000 10.8620
11.0000 11.3330
11.0000 10.4800
11.0000 10.5489
11.0000 11.8370
11.0000 11.7868
11.0000 12.2535
11.0000 11.8901
11.0000 11.2553
11.0000 11.5011
11.0000 11.5777
11.0000 11.6957
11.0000 11.2506
11.0000 10.5944
11.0000 10.8770
11.0000 11.6456
11.0000 11.9370
11.0000 10.7504
11.0000 11.8680
11.0000 11.9746
11.0000 11.0854
11.0000 11.4954
11.0000 10.1373
11.0000 11.4022
11.0000 11.4172
11.0000 10.9288
11.0000 11.2096
11.0000 12.0804
11.0000 12.2255
11.0000 11.0191
11.0000 11.2541
11.0000 12.0624
11.0000 11.8248
11.0000 10.3265
11.0000 11.3684
11.0000 11.3516
11.0000 10.9334
11.0000 10.9910
11.0000 10.8495
11.0000 11.9825
11.0000 11.0175
11.0000 10.5855
11.0000 12.3955
11.0000 10.2608
11.0000 10.6729
11.0000 10.9822
11.0000 10.7002
11.0000 10.9462
11.0000 11.1597
11.0000 11.5913
11.0000 11.6513
11.0000 9.8722
11.0000 11.2470
11.0000 11.2079
11.0000 11.5450
11.0000 11.4985
11.0000 11.0699
11.0000 11.6357
11.0000 10.3576
11.0000 11.3871
11.0000 10.8022
11.0000 11.0699
11.0000 10.2359
11.0000 10.9583
11.0000 11.3567
11.0000 10.5349
11.0000 11.2334
11.0000 9.8734
11.0000 10.2158
11.0000 10.3219
11.0000 11.7336
11.0000 10.8581
11.0000 11.6234
11.0000 11.3389
11.0000 11.2266
11.0000 11.4911
11.0000 11.2668
11.0000 10.7978
11.0000 11.1969
11.0000 12.5075
11.0000 12.0878
11.0000 11.8959
11.0000 9.6494
11.0000 9.9096
11.0000 10.9512
11.0000 11.1554
11.0000 11.4873
11.0000 11.3577
11.0000 11.4409
11.0000 11.8128
11.0000 11.2940
11.0000 10.7821
11.0000 10.6205
11.0000 10.9901
11.0000 11.4832
11.0000 11.4272
11.0000 11.5878
11.0000 11.4412
11.0000 11.0926
11.0000 11.2674
11.0000 10.3855
11.0000 12.0499
11.0000 11.4080
11.0000 11.0917
11.0000 10.9183
11.0000 11.3465
11.0000 10.1183
11.0000 11.4902
11.0000 12.2577
11.0000 11.3423
11.0000 12.0650
11.0000 10.6736
11.0000 10.8513
11.0000 11.5801
11.0000 11.3330
11.0000 9.8069
11.0000 11.3240
11.0000 11.9137
11.0000 10.8546
11.0000 10.9101
11.0000 10.7884
11.0000 10.9929
11.0000 10.9400
11.0000 10.2659
11.0000 11.2082
11.0000 12.0262
11.0000 11.4962
11.0000 11.3010
11.0000 11.0341
11.0000 12.2362
11.0000 11.5194
11.0000 11.4362
11.0000 12.3014
11.0000 11.3951
11.0000 11.9037
11.0000 10.5457
11.0000 11.2294
11.0000 12.2376
11.0000 11.2509
11.0000 11.3162
11.0000 11.4613
11.0000 11.9772
11.0000 11.0112
11.0000 11.7582
11.0000 11.3589
11.0000 10.6430
11.0000 11.7319
11.0000 10.3073
11.0000 11.6476
11.0000 11.7802
11.0000 11.1981
11.0000 10.3771
11.0000 11.7202
11.0000 11.3206
11.0000 10.9746
11.0000 10.4910
11.0000 11.2805
11.0000 11.3816
11.0000 11.9115
11.0000 10.9083
11.0000 10.8146
11.0000 11.4785
11.0000 11.5605
11.0000 10.8036
11.0000 11.5316
11.0000 12.2748
11.0000 10.5782
11.0000 11.3472
11.0000 11.7325
11.0000 11.4124
11.0000 11.6922
11.0000 11.8303
11.0000 11.6189
11.0000 10.5331
11.0000 11.0988
11.0000 11.2778
11.0000 11.7116
11.0000 10.5601
11.0000 10.9568
11.0000 10.5295
11.0000 11.8132
11.0000 12.3171
11.0000 12.0563
11.0000 11.3457
11.0000 12.5472
11.0000 11.5304
11.0000 10.8004
11.0000 11.9360
11.0000 11.1260
11.0000 11.1746
11.0000 12.3452
11.0000 10.4126
11.0000 11.0896
11.0000 10.9197
11.0000 10.4299
11.0000 10.7766
11.0000 10.7775
11.0000 12.0837
11.0000 12.5400
11.0000 11.5617
11.0000 11.1116
11.0000 11.2868
11.0000 10.7022
11.0000 11.9629
11.0000 11.0906
11.0000 12.5613
11.0000 11.3124
11.0000 12.1057
11.0000 11.5638
11.0000 11.0008
11.0000 10.7509
11.0000 11.5859
11.0000 10.9148
11.0000 10.7981
11.0000 11.1646
11.0000 10.8187
11.0000 11.6689
11.0000 11.4312
11.0000 11.6639
11.0000 10.5745
11.0000 11.5912
11.0000 10.4055
11.0000 11.4222
11.0000 11.9262
11.0000 10.9971
11.0000 11.3812
11.0000 12.2001
11.0000 11.6432
11.0000 10.8106
11.0000 11.2519
11.0000 10.7114
11.0000 11.2420
11.0000 11.8710
11.0000 11.2176
11.0000 11.3997
11.0000 11.7761
11.0000 12.0867
11.0000 11.9943
11.0000 10.0192
11.0000 12.0092
11.0000 10.4985
11.0000 11.1549
11.0000 11.1347
11.0000 11.6159
11.0000 11.0504
11.0000 11.0038
11.0000 11.2848
11.0000 11.4705
11.0000 10.6605
11.0000 11.1420
11.0000 10.8995
11.0000 10.1754
11.0000 10.1796
11.0000 11.8723
11.0000 12.0564
11.0000 10.0974
11.0000 10.6918
11.0000 10.5380
11.0000 10.9522
11.0000 11.7114
11.0000 11.2176
11.0000 10.9094
11.0000 11.0663
11.0000 11.3269
11.0000 11.8024
11.0000 10.9424
11.0000 11.1624
11.0000 10.3240
11.0000 11.3770
11.0000 11.1587
11.0000 10.9488
11.0000 10.8424
11.0000 11.5501
11.0000 11.4057
11.0000 10.9295
11.0000 10.7730
11.0000 11.2542
11.0000 10.5229
11.0000 12.3617
11.0000 11.5653
11.0000 11.3315
11.0000 11.5645
11.0000 11.0090
11.0000 11.2816
11.0000 11.9444
11.0000 10.6241
11.0000 10.5448
11.0000 10.1107
11.0000 11.4872
11.0000 11.6738
11.0000 10.5592
11.0000 11.1348
11.0000 10.5498
11.0000 10.7253
11.0000 11.9719
11.0000 11.4611
11.0000 9.7854
11.0000 11.5920
11.0000 11.3498
11.0000 11.3587
11.0000 11.7260
11.0000 11.6412
11.0000 10.8859
11.0000 10.6057
11.0000 11.8493
11.0000 11.3825
11.0000 10.7427
11.0000 11.5757
11.0000 11.1588
11.0000 10.9049
11.0000 10.9678
11.0000 11.9728
11.0000 12.2787
11.0000 11.6610
11.0000 11.2020
11.0000 11.1662
11.0000 11.0801
11.0000 11.2973
11.0000 11.2761
11.0000 10.7919
11.0000 11.0285
11.0000 10.9132
11.0000 12.1363
11.0000 11.3925
11.0000 11.2814
11.0000 12.0059
11.0000 10.2852
11.0000 11.8053
11.0000 10.8103
11.0000 10.8384
11.0000 11.6355
11.0000 10.7866
11.0000 11.8899
11.0000 11.3465
11.0000 11.6674
11.0000 12.4571
11.0000 11.7395
11.0000 11.6332
11.0000 11.5164
11.0000 11.3446
11.0000 11.1031
11.0000 10.1328
11.0000 11.9604
11.0000 11.6965
11.0000 11.1807
11.0000 10.9031
11.0000 11.4869
11.0000 11.6775
11.0000 11.0593
11.0000 10.5618
11.0000 11.6557
11.0000 10.8331
11.0000 10.3142
11.0000 11.4466
11.0000 11.4509
11.0000 11.2561
11.0000 12.0409
11.0000 11.4159
11.0000 11.1474
11.0000 10.6421
11.0000 11.1814
11.0000 11.9944
11.0000 11.1208
11.0000 11.4068
11.0000 10.1050
11.0000 10.6549
11.0000 11.3978
11.0000 11.1301
11.0000 11.9519
11.0000 11.8565
11.0000 10.9796
11.0000 10.9470
11.0000 10.8983
11.0000 10.0091
11.0000 9.8865
11.0000 10.9236
11.0000 12.6231
11.0000 11.0079
11.0000 11.5645
11.0000 11.8769
11.0000 10.2866
11.0000 11.4970
11.0000 10.9882
11.0000 11.4989
11.0000 11.2353
11.0000 11.3160
11.0000 11.1861
11.0000 12.2897
11.0000 10.9958
11.0000 10.0373
11.0000 10.4163
11.0000 11.1307
11.0000 11.4644
11.0000 11.8614
11.0000 10.9039
11.0000 10.7255
11.0000 11.7682
11.0000 11.6731
11.0000 10.6777
11.0000 12.0268
11.0000 11.5916
11.0000 11.9590
11.0000 10.9917
11.0000 11.5700
11.0000 10.8509
11.0000 12.0255
11.0000 12.8754
11.0000 10.8506
11.0000 12.0292
11.0000 11.2978
11.0000 11.0741
11.0000 11.8397
11.0000 11.0855
11.0000 11.3132
11.0000 10.6518
11.0000 11.4224
11.0000 12.0307
11.0000 10.8517
11.0000 11.3159
11.0000 11.7459
11.0000 10.9663
11.0000 10.0272
11.0000 11.8100
11.0000 10.8085
11.0000 11.8740
11.0000 11.5299
11.0000 11.8625
11.0000 11.1406
11.0000 11.1839
11.0000 10.9547
11.0000 11.4894
11.0000 11.2725
11.0000 11.3553
11.0000 11.7153
11.0000 11.2228
11.0000 10.9631
11.0000 11.0559
11.0000 11.6661
11.0000 11.5198
11.0000 11.1043
11.0000 11.9309
11.0000 10.8555
11.0000 10.4619
11.0000 10.8702
11.0000 11.1317
11.0000 11.9743
11.0000 11.7054
11.0000 12.2019
11.0000 10.5422
11.0000 11.4036
11.0000 10.2320
11.0000 11.2964
11.0000 10.4752
11.0000 11.6762
11.0000 11.6256
11.0000 10.5235
11.0000 10.6993
11.0000 10.7671
11.0000 10.9322
11.0000 11.6088
11.0000 10.8409
11.0000 11.6916
11.0000 10.9870
11.0000 11.2650
11.0000 11.2144
11.0000 10.7447
11.0000 11.0818
11.0000 10.8528
11.0000 10.3280
11.0000 11.6485
11.0000 11.6946
11.0000 11.9377
11.0000 10.1726
11.0000 10.8531
11.0000 11.2937
11.0000 11.6665
11.0000 10.7932
11.0000 11.2446
11.0000 10.7814
11.0000 10.8235
11.0000 11.7244
11.0000 11.0461
11.0000 11.6932
11.0000 12.0647
11.0000 12.0957
11.0000 10.5259
11.0000 11.2533
11.0000 11.7928
11.0000 11.1649
11.0000 10.4304
11.0000 11.3870
11.0000 11.3088
11.0000 10.8904
11.0000 11.7414
11.0000 11.8424
11.0000 11.5578
11.0000 10.6741
11.0000 11.5432
11.0000 10.0067
11.0000 11.5540
11.0000 11.3227
11.0000 11.5196
11.0000 11.5859
11.0000 10.6470
11.0000 10.9699
11.0000 10.6849
11.0000 11.3645
11.0000 11.0105
11.0000 10.6876
11.0000 10.6842
11.0000 10.9109
11.0000 11.2045
11.0000 11.5292
11.0000 11.2205
11.0000 10.8745
11.0000 11.4133
11.0000 10.3974
11.0000 10.2896
11.0000 10.8754
11.0000 11.7281
11.0000 11.6107
11.0000 10.4063
11.0000 10.9158
11.0000 11.2595
11.0000 11.9924
11.0000 11.5928
11.0000 11.2622
11.0000 12.1523
11.0000 11.3804
11.0000 11.4901
11.0000 11.2242
11.0000 10.2599
11.0000 11.2621
11.0000 11.6038
11.0000 11.7966
11.0000 11.3904
11.0000 11.5920
11.0000 11.0647
11.0000 11.3706
11.0000 10.9133
11.0000 11.2599
11.0000 12.2276
11.0000 12.2873
11.0000 10.6559
11.0000 10.4401
11.0000 12.0257
11.0000 12.1985
11.0000 11.4109
11.0000 11.2016
11.0000 11.7158
11.0000 11.1064
11.0000 11.4883
11.0000 10.9279
11.0000 11.4303
11.0000 12.4658
11.0000 11.8833
11.0000 12.2095
11.0000 11.1551
11.0000 10.8839
11.0000 10.6228
11.0000 11.5109
11.0000 11.0636
11.0000 11.4878
11.0000 11.1537
11.0000 11.8770
11.0000 10.2132
11.0000 11.0679
11.0000 11.3714
11.0000 10.2819
11.0000 10.9093
11.0000 11.2181
11.0000 11.7957
11.0000 10.6189
11.0000 10.5561
11.0000 11.2931
11.0000 10.5618
11.0000 11.0490
11.0000 10.1888
11.0000 11.6035
11.0000 10.9032
11.0000 11.9824
11.0000 11.5992
11.0000 10.2834
11.0000 10.6270
11.0000 9.8194
11.0000 11.0849
11.0000 11.1413
11.0000 10.6708
11.0000 11.0932
11.0000 11.9468
11.0000 11.3055
11.0000 10.8389
11.0000 10.8128
11.0000 10.3257
11.0000 10.8598
11.0000 10.8729
11.0000 10.4114
11.0000 11.5299
11.0000 11.0979
11.0000 11.1256
11.0000 12.1420
11.0000 9.9920
11.0000 11.3129
11.0000 10.3884
11.0000 10.4326
11.0000 11.8929
11.0000 10.8719
11.0000 10.6827
11.0000 11.3548
11.0000 10.9986
11.0000 11.1289
11.0000 11.5259
11.0000 10.7863
11.0000 11.3254
11.0000 10.7377
11.0000 11.2067
11.0000 10.7501
11.0000 9.8312
11.0000 11.4853
11.0000 10.7061
11.0000 11.2544
11.0000 12.2073
11.0000 11.5396
11.0000 11.2969
11.0000 11.4903
11.0000 11.1408
11.0000 10.9446
11.0000 11.3162
11.0000 11.4809
11.0000 11.7147
11.0000 10.5353
11.0000 11.6173
11.0000 10.9697
11.0000 10.7429
11.0000 11.0716
11.0000 11.0994
11.0000 10.6888
11.0000 11.9618
11.0000 11.3797
11.0000 11.4569
11.0000 11.3088
11.0000 11.3921
11.0000 11.2504
11.0000 11.0913
11.0000 10.5824
11.0000 11.8849
11.0000 10.8379
11.0000 11.4946
11.0000 12.1654
11.0000 10.7136
11.0000 11.9500
11.0000 12.3353
11.0000 10.7851
11.0000 11.1203
11.0000 10.3315
11.0000 11.0159
11.0000 10.6320
11.0000 11.3772
11.0000 11.8930
11.0000 11.2120
11.0000 11.5204
11.0000 10.1907
11.0000 10.8577
11.0000 10.9989
11.0000 10.8472
11.0000 10.3492
11.0000 12.4305
11.0000 11.7315
11.0000 11.1168
11.0000 10.3916
11.0000 10.4042
11.0000 10.8601
11.0000 11.6022
11.0000 11.3049
11.0000 11.2262
11.0000 11.4990
11.0000 11.4257
11.0000 12.1662
11.0000 11.7696
11.0000 9.9096
11.0000 11.2180
11.0000 10.8416
11.0000 11.3238
11.0000 11.7174
11.0000 11.1219
11.0000 10.7853
11.0000 12.3280
11.0000 11.5234
11.0000 11.7240
11.0000 11.2884
11.0000 11.8026
11.0000 11.5001
11.0000 11.3386
11.0000 12.0416
11.0000 11.3180
11.0000 11.0403
11.0000 11.9684
11.0000 10.2597
11.0000 11.3532
11.0000 11.9136
11.0000 11.1979
11.0000 10.8467
11.0000 11.7605
11.0000 10.9631
11.0000 10.1310
11.0000 11.2077
11.0000 10.2624
11.0000 10.9399
11.0000 11.0542
11.0000 10.4830
11.0000 10.0438
11.0000 11.3305
11.0000 10.4897
11.0000 11.0120
11.0000 10.8172
11.0000 10.2087
11.0000 11.3616
11.0000 10.8010
11.0000 10.5135
11.0000 11.5944
11.0000 10.8563
11.0000 11.5862
11.0000 11.3015
11.0000 11.7037
11.0000 10.7750
11.0000 11.4914
11.0000 10.9131
11.0000 11.8020
11.0000 11.7825
11.0000 11.8633
11.0000 11.1174
11.0000 11.1963
11.0000 10.9554
11.0000 11.5770
11.0000 10.9734
11.0000 10.5151
11.0000 11.5510
11.0000 11.6697
11.0000 11.0466
11.0000 10.5335
11.0000 11.8101
11.0000 11.2646
11.0000 11.2099
11.0000 11.4919
11.0000 12.2010
11.0000 10.9695
11.0000 11.0970
11.0000 9.8915
11.0000 10.0539
11.0000 10.8381
11.0000 10.9341
11.0000 11.7228
11.0000 11.2563
11.0000 10.6314
11.0000 11.6291
11.0000 11.6807
11.0000 11.5798
11.0000 10.9236
11.0000 12.3412
11.0000 11.8884
11.0000 10.8888
11.0000 11.5072
11.0000 11.0352
11.0000 11.0020
11.0000 10.4933
11.0000 11.2557
11.0000 11.5422
11.0000 11.7930
11.0000 11.1383
11.0000 11.1259
11.0000 11.4168
11.0000 10.3759
11.0000 10.5057
11.0000 11.2662
11.0000 11.0091
11.0000 11.5701
11.0000 10.8669
11.0000 11.1783
11.0000 10.9834
11.0000 11.3095
11.0000 10.3624
11.0000 11.1076
11.0000 11.0477
11.0000 11.5717
11.0000 11.3618
11.0000 11.1798
11.0000 11.0709
11.0000 11.5954
11.0000 11.4532
11.0000 11.2709
11.0000 10.6844
11.0000 10.8922
11.0000 10.9993
11.0000 10.9753
11.0000 11.1035
11.0000 11.7658
11.0000 11.3150
11.0000 11.4689
11.0000 10.0770
11.0000 10.9927
11.0000 11.9368
11.0000 11.6040
11.0000 10.8392
11.0000 10.6234
11.0000 10.9315
11.0000 10.2525
11.0000 10.5323
11.0000 10.9588
11.0000 11.6830
11.0000 11.4282
11.0000 11.3684
11.0000 10.9422
11.0000 12.2093
11.0000 12.2248
11.0000 11.1942
11.0000 11.4197
11.0000 12.0479
11.0000 11.3811
11.0000 11.2350
11.0000 11.6122
11.0000 10.6280
11.0000 12.0352
11.0000 11.6719
11.0000 10.4145
11.0000 10.8453
11.0000 11.1186
11.0000 11.3998
11.0000 11.4718
11.0000 10.5650
11.0000 11.0379
11.0000 11.0567
11.0000 11.2360
11.0000 11.7565
11.0000 11.2502
11.0000 11.5806
11.0000 11.3872
11.0000 10.7955
11.0000 11.2525
11.0000 12.1206
11.0000 10.8313
11.0000 11.8185
11.0000 10.8518
11.0000 11.4005
11.0000 10.7458
11.0000 10.7184
11.0000 10.8058
11.0000 11.5636
11.0000 10.1864
11.0000 11.8279
11.0000 11.3319
11.0000 11.0175
11.0000 10.8954
11.0000 10.8937
11.0000 11.2995
11.0000 12.1843
11.0000 11.2659
11.0000 11.6542
11.0000 11.5503
11.0000 12.0114
11.0000 11.0352
11.0000 11.5697
11.0000 11.2764
11.0000 10.4046
11.0000 11.2733
11.0000 10.6835
11.0000 10.6119
11.0000 10.7834
11.0000 12.0921
11.0000 10.6661
11.0000 11.4469
11.0000 10.8821
11.0000 11.0873
11.0000 11.3917
11.0000 10.7470
11.0000 12.0670
11.0000 10.9961
11.0000 10.7986
11.0000 11.2674
11.0000 10.6563
11.0000 10.7470
11.0000 10.4168
11.0000 11.8415
11.0000 11.1681
11.0000 12.1258
11.0000 11.3507
11.0000 11.2055
11.0000 10.6360
11.0000 10.7593
11.0000 11.0961
11.0000 10.8431
11.0000 10.4083
11.0000 11.3104
11.0000 11.8693
11.0000 11.6473
11.0000 11.7559
11.0000 11.4256
11.0000 12.6059
11.0000 11.0070
11.0000 11.7510
11.0000 11.2267
11.0000 11.3347
11.0000 10.8016
11.0000 11.6123
11.0000 11.3565
11.0000 11.5944
11.0000 10.2037
11.0000 11.5506
11.0000 10.7987
11.0000 10.3537
11.0000 11.2672
11.0000 10.7623
11.0000 11.0076
11.0000 11.0471
11.0000 11.2273
11.0000 11.9163
11.0000 10.5801
11.0000 11.2169
11.0000 11.2305
11.0000 11.5056
11.0000 10.9709
11.0000 11.3491
11.0000 10.1683
11.0000 11.5675
11.0000 11.6484
11.0000 11.7911
11.0000 10.8195
11.0000 11.7010
11.0000 11.0254
11.0000 11.4791
11.0000 11.6437
11.0000 11.5473
11.0000 12.0168
11.0000 10.7352
11.0000 10.8204
11.0000 11.0272
11.0000 10.7296
11.0000 11.1154
11.0000 11.4334
11.0000 12.4453
11.0000 10.1652
11.0000 10.5743
11.0000 11.2322
11.0000 11.9505
11.0000 11.6362
11.0000 11.8601
11.0000 10.9405
11.0000 11.2336
11.0000 11.5527
11.0000 10.2261
11.0000 10.6980
11.0000 11.0009
11.0000 11.1241
11.0000 11.1083
11.0000 11.6688
11.0000 11.2435
11.0000 11.4230
11.0000 11.6218
11.0000 11.1742
11.0000 11.4653
11.0000 10.8628
11.0000 10.4333
11.0000 11.1188
11.0000 11.3372
11.0000 12.1838
11.0000 11.4128
11.0000 11.3340
11.0000 10.9864
11.0000 11.7241
11.0000 11.2024
11.0000 10.5090
11.0000 10.4065
11.0000 11.2708
11.0000 11.0549
11.0000 10.8985
11.0000 11.6476
11.0000 12.4251
11.0000 10.4800
11.0000 11.5577
11.0000 11.4320
11.0000 11.5034
11.0000 10.9561
11.0000 11.5108
11.0000 12.0187
11.0000 10.9399
11.0000 11.0506
11.0000 11.5106
11.0000 11.8959
11.0000 11.4854
11.0000 11.3148
11.0000 10.0007
11.0000 11.1799
11.0000 9.9383
11.0000 10.7326
11.0000 11.5948
11.0000 11.6342
11.0000 10.7288
11.0000 11.7656
11.0000 10.9557
11.0000 11.1362
11.0000 10.9449
11.0000 10.4241
11.0000 11.4895
11.0000 12.0372
11.0000 11.0233
11.0000 11.1103
11.0000 10.7920
11.0000 12.1107
11.0000 11.0095
11.0000 11.2512
11.0000 11.3833
11.0000 11.7788
11.0000 12.2946
11.0000 11.0911
11.0000 10.6463
11.0000 11.4088
11.0000 10.3734
11.0000 11.5277
11.0000 12.1345
11.0000 10.3090
11.0000 10.7909
11.0000 10.9141
11.0000 10.9476
11.0000 11.4554
11.0000 12.0257
11.0000 11.5513
11.0000 11.3521
11.0000 9.8935
11.0000 11.0139
11.0000 10.4936
11.0000 10.6336
11.0000 11.2084
11.0000 11.4006
11.0000 10.5765
11.0000 11.8406
11.0000 10.6414
11.0000 10.7918
11.0000 11.8277
11.0000 12.2096
11.0000 11.5429
11.0000 10.2620
11.0000 10.5898
11.0000 11.7854
11.0000 11.3248
11.0000 10.2677
11.0000 11.0246
11.0000 11.8596
11.0000 11.2006
11.0000 12.7727
11.0000 11.9750
11.0000 10.8015
11.0000 11.3864
11.0000 11.7386
11.0000 10.2837
11.0000 11.4745
11.0000 11.3219
11.0000 11.6888
11.0000 10.4142
11.0000 11.1300
11.0000 12.0793
11.0000 10.9021
11.0000 11.1476
11.0000 11.3179
11.0000 10.0764
11.0000 11.7037
11.0000 12.1739
11.0000 11.5633
11.0000 11.2689
11.0000 11.4984
11.0000 10.1812
11.0000 11.1682
11.0000 11.4055
11.0000 11.3500
11.0000 10.4656
11.0000 11.0696
11.0000 9.7909
11.0000 11.8910
11.0000 11.5460
11.0000 10.6274
11.0000 11.6548
11.0000 11.8542
11.0000 11.3561
11.0000 10.3510
11.0000 10.6141
11.0000 11.3568
11.0000 10.8448
11.0000 10.5075
11.0000 10.9776
11.0000 11.5628
11.0000 11.5877
11.0000 12.4015
11.0000 11.6123
11.0000 12.2168
11.0000 12.3113
11.0000 11.5647
11.0000 11.9238
11.0000 11.1092
11.0000 12.0417
11.0000 11.6028
11.0000 10.8777
11.0000 11.0961
11.0000 12.0030
11.0000 11.0344
11.0000 11.2377
11.0000 12.3352
11.0000 11.0185
11.0000 10.7653
11.0000 11.2400
11.0000 11.1189
11.0000 11.3068
11.0000 11.0019
11.0000 11.0420
11.0000 10.9109
11.0000 11.0907
11.0000 11.2265
11.0000 10.6016
11.0000 11.0326
11.0000 11.2553
11.0000 11.1055
11.0000 10.8926
11.0000 11.5308
11.0000 10.9934
11.0000 11.8232
11.0000 11.7907
11.0000 11.2909
11.0000 11.7186
11.0000 11.7985
11.0000 11.8490
11.0000 11.1347
11.0000 11.7847
11.0000 11.4762
11.0000 10.8361
11.0000 10.4669
11.0000 11.1359
11.0000 10.5659
11.0000 11.7768
11.0000 11.1288
11.0000 10.9349
11.0000 11.6672
11.0000 11.1929
11.0000 11.6530
11.0000 9.9035
11.0000 12.2372
11.0000 10.9316
11.0000 11.0221
11.0000 10.4707
11.0000 11.8043
11.0000 11.2051
11.0000 11.3424
11.0000 10.4811
11.0000 10.6201
11.0000 11.5061
11.0000 11.2116
11.0000 10.4586
11.0000 10.9570
11.0000 10.8026
11.0000 11.0298
11.0000 10.4328
11.0000 10.7473
11.0000 10.6540
11.0000 10.9671
11.0000 10.0633
11.0000 10.4780
11.0000 11.6386
11.0000 11.9723
11.0000 11.0091
11.0000 11.5379
11.0000 11.4839
11.0000 11.6301
11.0000 11.2882
11.0000 10.1619
11.0000 11.1085
11.0000 11.0365
11.0000 11.2326
11.0000 11.1981
11.0000 11.8449
11.0000 10.8000
11.0000 10.8620
11.0000 12.0218
11.0000 11.9216
11.0000 11.5340
11.0000 10.7556
11.0000 10.2173
11.0000 11.4011
11.0000 10.9962
11.0000 10.8184
11.0000 11.5223
11.0000 11.1606
11.0000 11.1542
11.0000 11.2569
11.0000 10.7934
11.0000 11.3001
11.0000 11.4608
11.0000 11.3113
11.0000 11.3689
11.0000 12.0948
11.0000 12.0165
11.0000 11.5353
11.0000 12.4267
11.0000 10.7255
11.0000 10.4306
11.0000 11.9025
11.0000 11.0236
11.0000 12.5715
11.0000 11.1184
11.0000 12.0165
11.0000 11.4848
11.0000 11.0169
11.0000 11.2661
11.0000 11.2648
11.0000 10.7123
11.0000 10.7750
11.0000 10.8584
11.0000 11.3797
11.0000 12.4822
11.0000 10.9235
11.0000 11.2011
11.0000 10.7306
11.0000 11.8328
11.0000 11.0906
11.0000 10.8650
11.0000 10.5165
11.0000 10.8083
11.0000 10.9131
11.0000 10.6497
11.0000 11.1842
11.0000 10.8646
11.0000 12.0146
11.0000 10.8046
11.0000 11.1031
11.0000 10.8886
11.0000 11.3545
11.0000 11.2234
11.0000 10.7108
11.0000 11.7789
11.0000 11.1212
11.0000 11.2276
11.0000 10.8454
11.0000 11.9671
11.0000 11.7879
11.0000 11.6058
11.0000 10.9845
11.0000 10.9891
11.0000 10.9814
11.0000 11.1694
11.0000 11.5600
11.0000 11.6940
11.0000 10.9385
11.0000 11.3517
11.0000 10.5089
11.0000 11.6198
11.0000 11.5725
11.0000 10.6448
11.0000 11.5451
11.0000 11.2925
11.0000 11.2275
11.0000 11.7080
11.0000 11.7889
11.0000 11.8034
11.0000 11.0596
11.0000 12.0496
11.0000 11.1165
11.0000 10.1203
11.0000 10.4673
11.0000 11.6845
11.0000 10.4629
11.0000 11.4251
11.0000 11.8517
11.0000 11.6617
11.0000 11.5552
11.0000 11.1261
11.0000 11.0451
11.0000 11.2527
11.0000 10.8130
11.0000 11.1766
11.0000 11.1995
11.0000 10.4895
11.0000 10.4783
11.0000 10.3049
11.0000 10.7870
11.0000 11.5074
11.0000 10.6373
11.0000 10.7112
11.0000 11.6832
11.0000 10.5066
11.0000 11.4160
11.0000 10.6875
11.0000 11.1502
11.0000 12.3797
11.0000 11.2963
11.0000 11.0634
11.0000 11.1327
11.0000 11.6676
11.0000 10.8039
11.0000 11.7869
11.0000 12.0438
11.0000 10.8736
11.0000 11.4004
11.0000 11.6249
11.0000 11.1137
11.0000 11.1315
11.0000 11.4130
11.0000 10.7924
11.0000 12.3473
11.0000 11.5210
11.0000 10.6285
11.0000 10.9942
11.0000 10.3803
11.0000 11.5136
11.0000 11.5607
11.0000 12.1292
11.0000 11.5686
11.0000 11.1070
11.0000 10.8686
11.0000 11.5015
11.0000 10.4791
11.0000 10.6931
11.0000 11.8334
11.0000 11.7230
11.0000 10.9571
11.0000 10.5918
11.0000 11.8666
11.0000 11.2881
11.0000 11.3952
11.0000 12.8410
11.0000 11.3108
11.0000 11.5320
11.0000 11.0069
11.0000 10.9227
11.0000 11.6562
11.0000 11.8124
11.0000 9.7654
11.0000 12.0544
11.0000 11.2125
11.0000 10.7788
11.0000 11.3745
11.0000 10.7859
11.0000 11.5885
11.0000 11.0778
11.0000 12.8289
11.0000 11.3214
11.0000 11.4165
11.0000 12.2955
11.0000 11.0459
11.0000 10.8619
11.0000 11.2268
11.0000 10.4050
11.0000 11.8091
11.0000 11.1522
11.0000 10.4429
11.0000 10.6861
11.0000 10.5119
11.0000 11.7129
11.0000 11.4122
11.0000 11.7023
11.0000 11.1301
11.0000 11.5897
11.0000 11.8249
11.0000 10.4248
11.0000 10.6676
11.0000 11.2151
11.0000 10.8698
11.0000 12.3946
11.0000 11.3267
11.0000 12.0888
11.0000 11.6371
11.0000 10.1349
11.0000 9.9947
11.0000 10.0993
11.0000 11.9259
11.0000 11.1237
11.0000 11.2845
11.0000 11.6194
11.0000 10.4467
11.0000 11.1640
11.0000 10.8579
11.0000 10.9324
11.0000 11.9307
11.0000 11.1213
11.0000 12.1794
11.0000 11.5245
11.0000 10.9261
11.0000 12.4316
11.0000 11.2827
11.0000 10.8765
11.0000 11.1046
11.0000 11.8651
11.0000 11.0784
11.0000 10.9817
11.0000 11.8965
11.0000 11.5914
11.0000 11.0551
11.0000 11.1217
11.0000 11.4384
11.0000 10.6320
11.0000 11.3157
11.0000 11.4856
11.0000 11.5393
11.0000 11.3200
11.0000 11.7367
11.0000 11.4135
11.0000 11.4566
11.0000 10.6546
11.0000 11.3363
11.0000 10.5885
11.0000 11.0542
11.0000 10.4469
11.0000 11.4387
11.0000 11.4243
11.0000 11.1650
11.0000 11.8314
11.0000 11.0480
11.0000 11.2242
11.0000 11.5262
11.0000 11.0366
11.0000 11.1919
11.0000 11.5752
11.0000 11.3268
11.0000 11.9264
11.0000 12.0503
11.0000 11.7273
11.0000 11.1535
11.0000 11.4520
11.0000 11.5007
11.0000 10.9670
11.0000 11.5281
11.0000 10.7128
11.0000 11.1226
11.0000 12.3070
11.0000 11.5525
11.0000 10.9231
11.0000 11.5495
11.0000 11.3935
11.0000 11.9524
11.0000 11.3839
11.0000 11.7302
11.0000 11.5607
11.0000 11.9549
11.0000 11.4779
11.0000 12.0841
11.0000 12.0103
11.0000 10.6201
11.0000 10.5816
11.0000 12.0034
11.0000 11.3533
11.0000 11.4894
11.0000 11.1000
11.0000 10.9042
11.0000 12.2078
11.0000 10.5355
11.0000 10.7603
11.0000 9.8933
11.0000 11.1949
11.0000 11.4368
11.0000 11.3695
11.0000 11.4499
11.0000 10.6010
11.0000 11.6576
11.0000 10.1294
11.0000 11.8287
11.0000 10.2642
11.0000 11.1434
11.0000 11.1377
11.0000 11.5245
11.0000 10.2137
11.0000 10.8279
11.0000 11.2973
11.0000 11.0043
11.0000 11.6928
11.0000 11.1595
11.0000 11.6895
11.0000 11.3103
11.0000 11.0231
11.0000 11.3291
11.0000 11.6334
11.0000 11.2203
11.0000 10.0302
11.0000 10.7695
11.0000 11.2565
11.0000 10.6530
11.0000 10.3726
11.0000 10.7045
11.0000 11.2143
11.0000 11.6319
11.0000 10.7711
11.0000 11.1188
11.0000 10.9053
11.0000 11.6542
11.0000 11.7224
11.0000 12.0587
11.0000 11.4955
11.0000 11.3276
11.0000 11.3982
11.0000 11.3622
11.0000 11.0324
11.0000 11.5935
11.0000 11.5533
11.0000 11.3581
11.0000 10.7177
11.0000 11.1265
11.0000 10.7616
11.0000 10.6605
11.0000 10.7251
11.0000 10.6490
11.0000 11.1187
11.0000 11.5005
11.0000 11.2696
11.0000 10.3709
11.0000 12.0204
11.0000 11.1909
11.0000 11.1071
11.0000 10.0792
11.0000 11.4681
11.0000 11.4082
11.0000 10.6882
11.0000 13.0694
11.0000 11.1523
11.0000 10.9267
11.0000 11.5245
11.0000 12.1055
11.0000 11.5526
11.0000 10.9466
11.0000 11.1011
11.0000 11.0531
11.0000 11.3397
11.0000 10.8492
11.0000 10.5775
11.0000 10.5295
11.0000 11.2368
11.0000 11.6441
11.0000 10.0515
11.0000 10.9514
11.0000 9.7016
11.0000 11.2242
11.0000 10.9196
11.0000 10.6223
11.0000 10.7111
11.0000 10.8666
11.0000 11.7605
11.0000 11.3328
11.0000 11.5990
11.0000 11.4564
11.0000 10.7967
11.0000 11.0316
11.0000 11.6053
11.0000 10.4228
11.0000 10.0382
11.0000 10.6457
11.0000 11.7831
11.0000 11.0214
11.0000 11.6648
11.0000 12.0713
11.0000 10.2927
11.0000 10.8486
11.0000 11.3402
11.0000 11.9162
11.0000 11.6227
11.0000 11.7214
11.0000 10.5486
11.0000 11.5552
11.0000 11.2554
11.0000 10.8590
11.0000 10.5007
11.0000 11.2655
11.0000 11.9155
11.0000 10.5054
11.0000 10.8030
11.0000 10.7346
11.0000 10.8626
11.0000 10.3249
11.0000 11.0840
11.0000 11.1436
11.0000 10.5642
11.0000 10.4177
11.0000 10.3724
11.0000 10.9877
11.0000 11.5703
11.0000 11.7545
11.0000 10.3900
11.0000 11.5158
11.0000 10.7059
11.0000 11.0631
11.0000 12.8548
11.0000 11.2224
11.0000 11.2420
11.0000 11.5602
11.0000 12.3689
11.0000 11.8421
11.0000 11.2851
11.0000 11.0368
11.0000 9.2962
11.0000 10.6542
11.0000 11.2750
11.0000 11.4068
11.0000 10.6091
11.0000 11.4661
11.0000 11.0153
11.0000 11.2272
11.0000 12.3071
11.0000 11.7270
11.0000 10.8054
11.0000 11.0508
11.0000 10.7247
11.0000 11.7647
11.0000 11.6012
11.0000 11.3754
11.0000 10.4277
11.0000 11.0861
11.0000 11.1114
11.0000 11.7164
11.0000 11.8816
11.0000 12.1326
11.0000 11.2104
11.0000 10.7074
11.0000 12.6994
11.0000 10.6091
11.0000 11.8594
11.0000 10.9184
11.0000 10.6923
11.0000 10.8210
11.0000 11.2748
11.0000 11.8714
11.0000 11.9614
11.0000 11.0209
11.0000 11.6025
11.0000 11.6068
11.0000 12.2024
11.0000 11.4736
11.0000 10.1185
11.0000 10.5239
11.0000 11.8905
11.0000 10.7925
11.0000 11.4537
11.0000 11.7376
11.0000 10.6048
11.0000 11.5186
11.0000 11.9916
11.0000 10.8479
11.0000 10.8633
11.0000 11.0836
11.0000 11.2833
11.0000 10.6411
11.0000 10.6322
11.0000 12.2603
11.0000 11.2529
11.0000 11.8499
11.0000 11.1105
11.0000 11.6289
11.0000 10.6153
11.0000 10.6293
11.0000 11.3132
11.0000 11.8849
11.0000 11.2307
11.0000 11.5986
11.0000 11.5433
11.0000 10.5524
11.0000 11.3826
11.0000 12.3401
11.0000 10.9097
11.0000 11.5483
11.0000 10.9120
11.0000 12.1096
11.0000 11.5877
11.0000 11.2612
11.0000 11.0710
11.0000 10.7132
11.0000 10.5109
11.0000 11.8614
11.0000 11.0615
11.0000 11.0218
11.0000 11.7798
11.0000 10.0253
11.0000 10.8585
11.0000 10.3585
11.0000 10.9520
11.0000 11.8344
11.0000 10.6846
11.0000 11.5006
11.0000 10.3356
11.0000 11.0169
11.0000 10.8407
11.0000 9.9959
11.0000 11.4169
11.0000 11.8634
11.0000 11.8069
11.0000 11.0655
11.0000 11.1738
11.0000 11.3918
11.0000 11.5610
11.0000 11.8398
11.0000 10.6753
11.0000 11.4042
11.0000 10.8241
11.0000 11.0633
11.0000 11.4143
11.0000 10.8102
11.0000 11.7306
11.0000 10.0075
11.0000 10.7122
11.0000 10.6276
11.0000 11.7810
11.0000 10.9995
11.0000 13.0029
11.0000 10.8074
11.0000 10.0428
11.0000 11.2873
11.0000 11.6593
11.0000 11.2058
11.0000 10.8925
11.0000 11.1422
11.0000 11.8381
11.0000 11.9517
11.0000 12.1608
11.0000 10.7526
11.0000 11.0664
11.0000 11.3961
11.0000 11.3435
11.0000 10.9362
11.0000 11.0408
11.0000 11.4735
11.0000 10.8984
11.0000 11.7606
11.0000 11.1501
11.0000 11.0303
11.0000 11.4970
11.0000 11.2863
11.0000 10.5862
11.0000 11.7114
11.0000 11.1893
11.0000 11.4734
11.0000 10.7041
11.0000 11.0543
11.0000 11.4181
11.0000 10.6758
11.0000 11.0847
11.0000 11.7830
11.0000 11.5331
11.0000 11.3392
11.0000 11.0980
11.0000 10.7833
11.0000 11.1840
11.0000 11.5473
11.0000 11.8416
11.0000 10.9525
11.0000 10.8327
11.0000 11.9734
11.0000 11.1496
11.0000 11.6435
11.0000 10.7141
11.0000 10.2782
11.0000 10.6604
11.0000 10.7773
11.0000 10.9972
11.0000 11.0467
11.0000 11.7477
11.0000 10.4309
11.0000 11.6803
11.0000 11.7715
11.0000 11.4654
11.0000 11.1358
11.0000 11.8206
11.0000 10.8745
11.0000 11.4582
11.0000 11.2576
11.0000 10.7689
11.0000 11.1062
11.0000 11.4846
11.0000 11.4341
11.0000 11.9135
11.0000 10.8415
11.0000 12.1080
11.0000 11.7245
11.0000 11.3898
11.0000 11.5768
11.0000 10.7042
11.0000 11.8306
11.0000 11.1273
11.0000 10.7314
11.0000 10.7063
11.0000 11.2109
11.0000 11.9735
11.0000 10.9077
11.0000 12.7052
11.0000 10.9875
11.0000 12.2541
11.0000 12.1126
11.0000 11.4985
11.0000 11.2349
11.0000 11.4216
11.0000 10.7238
11.0000 11.0628
11.0000 10.6890
11.0000 11.8267
11.0000 11.3263
11.0000 10.9101
11.0000 11.3555
11.0000 11.2240
11.0000 11.5526
11.0000 10.6711
11.0000 11.2393
11.0000 12.1966
11.0000 10.3867
11.0000 10.8027
11.0000 10.8329
11.0000 10.6221
11.0000 11.3357
11.0000 11.3546
11.0000 11.1124
11.0000 10.7616
11.0000 11.2587
11.0000 10.7033
11.0000 12.1807
11.0000 11.3228
11.0000 10.0136
11.0000 11.9287
