16.0000 15.9506
16.0000 16.1058
16.0000 15.9257
16.0000 16.3650
16.0000 15.7510
16.0000 15.6256
16.0000 14.8593
16.0000 15.4199
16.0000 15.8862
16.0000 15.9194
16.0000 15.2256
16.0000 16.9135
16.0000 15.8762
16.0000 15.5330
16.0000 16.2128
16.0000 15.5538
16.0000 16.0681
16.0000 15.4910
16.0000 15.6474
16.0000 14.2990
16.0000 15.9106
16.0000 16.9078
16.0000 16.2921
16.0000 16.0110
16.0000 14.7835
16.0000 15.9420
16.0000 15.9331
16.0000 16.5435
16.0000 15.8127
16.0000 15.6123
16.0000 15.6006
16.0000 15.7763
16.0000 16.1198
16.0000 16.6889
16.0000 15.9618
16.0000 14.9466
16.0000 16.6100
16.0000 15.7453
16.0000 16.1535
16.0000 16.7965
16.0000 15.7810
16.0000 15.8690
16.0000 15.8047
16.0000 15.6575
16.0000 15.9826
16.0000 15.6900
16.0000 15.8380
16.0000 16.0540
16.0000 16.1689
16.0000 16.2639
16.0000 15.5213
16.0000 16.6294
16.0000 16.4429
16.0000 15.8662
16.0000 16.4810
16.0000 15.6202
16.0000 15.3345
16.0000 15.1726
16.0000 16.5918
16.0000 15.2413
16.0000 15.9605
16.0000 16.4437
16.0000 15.4318
16.0000 16.0841
16.0000 15.0446
16.0000 15.7851
16.0000 15.1943
16.0000 16.2181
16.0000 15.2594
16.0000 15.5640
16.0000 15.0784
16.0000 17.4175
16.0000 15.7843
16.0000 16.6318
16.0000 16.0616
16.0000 15.8422
16.0000 15.3670
16.0000 15.3883
16.0000 16.0909
16.0000 15.0346
16.0000 16.1273
16.0000 15.5405
16.0000 16.7503
16.0000 16.1323
16.0000 16.4708
16.0000 16.9113
16.0000 15.9692
16.0000 15.7774
16.0000 15.7593
16.0000 15.4651
16.0000 16.5860
16.0000 16.2519
16.0000 15.7198
16.0000 16.5082
16.0000 16.1239
16.0000 16.9549
16.0000 15.8595
16.0000 17.1273
16.0000 15.5083
16.0000 16.0438
16.0000 15.5617
16.0000 16.4115
16.0000 14.8487
16.0000 15.7083
16.0000 15.4940
16.0000 15.8550
16.0000 15.5936
16.0000 16.8222
16.0000 15.8245
16.0000 14.9481
16.0000 15.2974
16.0000 14.8917
16.0000 16.5607
16.0000 17.2130
16.0000 16.3252
16.0000 14.9246
16.0000 15.9553
16.0000 16.1325
16.0000 16.6687
16.0000 15.9953
16.0000 15.7324
16.0000 15.9493
16.0000 16.2028
16.0000 15.7892
16.0000 15.7480
16.0000 15.1162
16.0000 15.0235
16.0000 15.2548
16.0000 16.0035
16.0000 14.8130
16.0000 15.7159
16.0000 16.0189
16.0000 16.7589
16.0000 15.7740
16.0000 15.6228
16.0000 16.5082
16.0000 15.7579
16.0000 14.7987
16.0000 15.3779
16.0000 16.0221
16.0000 16.3769
16.0000 15.6031
16.0000 16.4317
16.0000 15.6927
16.0000 16.7256
16.0000 17.0070
16.0000 15.8654
16.0000 15.9235
16.0000 15.5688
16.0000 15.4108
16.0000 16.1799
16.0000 15.3395
16.0000 16.4987
16.0000 16.0869
16.0000 15.6490
16.0000 16.4090
16.0000 14.7471
16.0000 14.1656
16.0000 15.8458
16.0000 15.9187
16.0000 14.7831
16.0000 15.1663
16.0000 16.6032
16.0000 15.9297
16.0000 16.5190
16.0000 15.3918
16.0000 16.0335
16.0000 17.1937
16.0000 15.5061
16.0000 16.3815
16.0000 15.9681
16.0000 15.7627
16.0000 16.8911
16.0000 15.9979
16.0000 16.7963
16.0000 15.3544
16.0000 15.0933
16.0000 15.5298
16.0000 16.6339
16.0000 15.5859
16.0000 16.1644
16.0000 16.3947
16.0000 16.0324
16.0000 15.9473
16.0000 15.4268
16.0000 16.0635
16.0000 15.7195
16.0000 15.6220
16.0000 16.8413
16.0000 15.9589
16.0000 16.5964
16.0000 16.5059
16.0000 16.4778
16.0000 15.9373
16.0000 15.4354
16.0000 16.5077
16.0000 15.6918
16.0000 15.5766
16.0000 15.5079
16.0000 16.2206
16.0000 16.2605
16.0000 14.9733
16.0000 16.0985
16.0000 15.7944
16.0000 15.4092
16.0000 14.8468
16.0000 16.0853
16.0000 16.5033
16.0000 15.3362
16.0000 15.7025
16.0000 15.7727
16.0000 16.2011
16.0000 16.5697
16.0000 15.5853
16.0000 16.2931
16.0000 15.2714
16.0000 16.3572
16.0000 15.9417
16.0000 15.0111
16.0000 16.2650
16.0000 16.2703
16.0000 15.5714
16.0000 15.7650
16.0000 15.4000
16.0000 15.3607
16.0000 16.0865
16.0000 16.4957
16.0000 15.4389
16.0000 16.2980
16.0000 15.2122
16.0000 14.9903
16.0000 14.6367
16.0000 15.9221
16.0000 16.3438
16.0000 15.4873
16.0000 15.5115
16.0000 15.2778
16.0000 15.7699
16.0000 16.7233
16.0000 15.7317
16.0000 16.2131
16.0000 15.1947
16.0000 16.0838
16.0000 15.9659
16.0000 15.2426
16.0000 15.6074
16.0000 16.4793
16.0000 16.3191
16.0000 15.7260
16.0000 15.4957
16.0000 17.2274
16.0000 14.4871
16.0000 16.4538
16.0000 16.2040
16.0000 15.4340
16.0000 16.2162
16.0000 15.9928
16.0000 15.3841
16.0000 15.3419
16.0000 15.7971
16.0000 14.5482
16.0000 16.1550
16.0000 15.8526
16.0000 15.8609
16.0000 15.9235
16.0000 16.7644
16.0000 15.0312
16.0000 16.8257
16.0000 15.4548
16.0000 15.2659
16.0000 15.6342
16.0000 16.0318
16.0000 15.7997
16.0000 15.8766
16.0000 16.2968
16.0000 15.7688
16.0000 16.5111
16.0000 16.2854
16.0000 16.2037
16.0000 15.7545
16.0000 16.2179
16.0000 15.4972
16.0000 15.7503
16.0000 15.8762
16.0000 15.9891
16.0000 16.1723
16.0000 16.0958
16.0000 15.7798
16.0000 16.4017
16.0000 16.3033
16.0000 15.5735
16.0000 15.6934
16.0000 15.1367
16.0000 15.2180
16.0000 16.7171
16.0000 15.8039
16.0000 15.4838
16.0000 15.5894
16.0000 15.3145
16.0000 14.8990
16.0000 15.3321
16.0000 16.3220
16.0000 16.5364
16.0000 15.3032
16.0000 15.4494
16.0000 16.0706
16.0000 16.0774
16.0000 15.7529
16.0000 15.4634
16.0000 16.5066
16.0000 15.3911
16.0000 16.2803
16.0000 16.5306
16.0000 16.5397
16.0000 17.3128
16.0000 14.7192
16.0000 16.2353
16.0000 14.7991
16.0000 16.0221
16.0000 15.0307
16.0000 15.4633
16.0000 16.0130
16.0000 16.1782
16.0000 16.3856
16.0000 16.4202
16.0000 14.7892
16.0000 15.3732
16.0000 15.4371
16.0000 16.0881
16.0000 15.8634
16.0000 16.3165
16.0000 15.3818
16.0000 16.0769
16.0000 15.1613
16.0000 15.4556
16.0000 15.6675
16.0000 15.4259
16.0000 15.7044
16.0000 15.9899
16.0000 15.3794
16.0000 15.9037
16.0000 16.5052
16.0000 15.6294
16.0000 15.1662
16.0000 15.6624
16.0000 15.2013
16.0000 15.4375
16.0000 15.5716
16.0000 15.6890
16.0000 15.1863
16.0000 15.8649
16.0000 15.7301
16.0000 16.4595
16.0000 15.5417
16.0000 16.1639
16.0000 16.4243
16.0000 15.8744
16.0000 16.7617
16.0000 16.9036
16.0000 15.6324
16.0000 14.6691
16.0000 16.7051
16.0000 15.2969
16.0000 16.1221
16.0000 16.3912
16.0000 16.0821
16.0000 15.7916
16.0000 15.7734
16.0000 15.2373
16.0000 16.3041
16.0000 16.7149
16.0000 16.5171
16.0000 16.2665
16.0000 15.6705
16.0000 16.4025
16.0000 14.7411
16.0000 15.5701
16.0000 15.7888
16.0000 15.6164
16.0000 15.5864
16.0000 14.6766
16.0000 16.2506
16.0000 15.6735
16.0000 16.2998
16.0000 16.4947
16.0000 16.8377
16.0000 15.2694
16.0000 16.3856
16.0000 17.0845
16.0000 16.8014
16.0000 15.2818
16.0000 16.7522
16.0000 15.8324
16.0000 15.6165
16.0000 17.0475
16.0000 15.3371
16.0000 15.4695
16.0000 16.9542
16.0000 16.6180
16.0000 16.3287
16.0000 15.8548
16.0000 15.4678
16.0000 15.2825
16.0000 15.1330
16.0000 16.3962
16.0000 16.2776
16.0000 16.3709
16.0000 15.2097
16.0000 16.7445
16.0000 15.7264
16.0000 15.2940
16.0000 15.2965
16.0000 16.1684
16.0000 16.7672
16.0000 15.7690
16.0000 15.1384
16.0000 15.6627
16.0000 16.8466
16.0000 17.4395
16.0000 16.7256
16.0000 16.3021
16.0000 15.0591
16.0000 16.2147
16.0000 15.3611
16.0000 16.1039
16.0000 15.3251
16.0000 16.0991
16.0000 16.2110
16.0000 16.5140
16.0000 15.7934
16.0000 17.1161
16.0000 15.8323
16.0000 15.0089
16.0000 15.2594
16.0000 16.3700
16.0000 15.9047
16.0000 16.2228
16.0000 16.0708
16.0000 15.7285
16.0000 16.3406
16.0000 16.3324
16.0000 15.8882
16.0000 15.3606
16.0000 15.7399
16.0000 14.9638
16.0000 15.7567
16.0000 15.5857
16.0000 15.9019
16.0000 16.1660
16.0000 16.1954
16.0000 16.7316
16.0000 16.4238
16.0000 15.6490
16.0000 15.0896
16.0000 16.4039
16.0000 17.5928
16.0000 16.0400
16.0000 16.3551
16.0000 15.7115
16.0000 15.9364
16.0000 16.1805
16.0000 14.9376
16.0000 16.1136
16.0000 15.9896
16.0000 15.8763
16.0000 15.4072
16.0000 16.4081
16.0000 15.4324
16.0000 15.9638
16.0000 16.2714
16.0000 15.3738
16.0000 16.3540
16.0000 15.2563
16.0000 15.8440
16.0000 14.6835
16.0000 16.4459
16.0000 16.4605
16.0000 15.7478
16.0000 15.0809
16.0000 16.1005
16.0000 16.7216
16.0000 16.1961
16.0000 15.8422
16.0000 15.8324
16.0000 16.0806
16.0000 15.9898
16.0000 15.4037
16.0000 15.6272
16.0000 15.4151
16.0000 15.8164
16.0000 15.2036
16.0000 15.1431
16.0000 15.9555
16.0000 14.6867
16.0000 16.4319
16.0000 16.4259
16.0000 15.7034
16.0000 15.4940
16.0000 15.7225
16.0000 15.0743
16.0000 15.5308
16.0000 15.3642
16.0000 15.5006
16.0000 15.5566
16.0000 16.0795
16.0000 15.7487
16.0000 16.5733
16.0000 16.8099
16.0000 15.9339
16.0000 15.6699
16.0000 16.7556
16.0000 16.2021
16.0000 14.8292
16.0000 16.4956
16.0000 16.1017
16.0000 16.4223
16.0000 16.0544
16.0000 16.4736
16.0000 15.6077
16.0000 15.8984
16.0000 16.0997
16.0000 16.3562
16.0000 15.6801
16.0000 15.8867
16.0000 15.2988
16.0000 16.1450
16.0000 15.7598
16.0000 17.5347
16.0000 15.9828
16.0000 16.4702
16.0000 15.8622
16.0000 17.1711
16.0000 14.9753
16.0000 16.1342
16.0000 16.3849
16.0000 14.9339
16.0000 16.0965
16.0000 15.9434
16.0000 16.1710
16.0000 16.7807
16.0000 16.1450
16.0000 16.3773
16.0000 16.0508
16.0000 15.7169
16.0000 16.0825
16.0000 16.7064
16.0000 16.2054
16.0000 15.9186
16.0000 15.1940
16.0000 15.6694
16.0000 15.6761
16.0000 15.4202
16.0000 15.4107
16.0000 15.6731
16.0000 15.9637
16.0000 15.8620
16.0000 16.5894
16.0000 14.7982
16.0000 16.1506
16.0000 15.8104
16.0000 15.8580
16.0000 15.7523
16.0000 16.8135
16.0000 16.2239
16.0000 15.5376
16.0000 16.5880
16.0000 16.2416
16.0000 16.0940
16.0000 15.9439
16.0000 15.7614
16.0000 14.4602
16.0000 15.4695
16.0000 17.3797
16.0000 15.6157
16.0000 14.4816
16.0000 16.3530
16.0000 16.2963
16.0000 15.8799
16.0000 16.0748
16.0000 17.3557
16.0000 15.9591
16.0000 16.6715
16.0000 16.0354
16.0000 15.7388
16.0000 15.8601
16.0000 16.7880
16.0000 16.3247
16.0000 15.9810
16.0000 15.7895
16.0000 16.2071
16.0000 15.4739
16.0000 15.2980
16.0000 15.6304
16.0000 16.2617
16.0000 16.4618
16.0000 15.9247
16.0000 15.4441
16.0000 15.6669
16.0000 16.0410
16.0000 16.5470
16.0000 15.3542
16.0000 15.3886
16.0000 15.2499
16.0000 16.7439
16.0000 14.8912
16.0000 16.0438
16.0000 15.9069
16.0000 16.2730
16.0000 16.6408
16.0000 16.2465
16.0000 16.5316
16.0000 16.5394
16.0000 16.2309
16.0000 14.7530
16.0000 17.4894
16.0000 14.9236
16.0000 16.3117
16.0000 16.0878
16.0000 15.6534
16.0000 16.8253
16.0000 15.9214
16.0000 15.9369
16.0000 15.9711
16.0000 15.9336
16.0000 15.3411
16.0000 16.2640
16.0000 15.7806
16.0000 14.7241
16.0000 16.1113
16.0000 16.1102
16.0000 15.4209
16.0000 14.5526
16.0000 14.6044
16.0000 15.4107
16.0000 16.3250
16.0000 15.3970
16.0000 16.7122
16.0000 16.8405
16.0000 15.4311
16.0000 15.5028
16.0000 15.3448
16.0000 15.7598
16.0000 15.3827
16.0000 15.7728
16.0000 15.9897
16.0000 15.6538
16.0000 15.6857
16.0000 15.9166
16.0000 15.9574
16.0000 15.7316
16.0000 15.9316
16.0000 16.2887
16.0000 15.5694
16.0000 15.1355
16.0000 15.5349
16.0000 15.8226
16.0000 16.4961
16.0000 15.0322
16.0000 15.9656
16.0000 14.9882
16.0000 15.7102
16.0000 15.3424
16.0000 16.0217
16.0000 15.8832
16.0000 16.4072
16.0000 15.7720
16.0000 16.0426
16.0000 15.4875
16.0000 15.2486
16.0000 15.6937
16.0000 16.0406
16.0000 15.3379
16.0000 15.4264
16.0000 16.1297
16.0000 16.5256
16.0000 15.3497
16.0000 15.5886
16.0000 14.3849
16.0000 16.6108
16.0000 16.0969
16.0000 15.8506
16.0000 16.4507
16.0000 16.1652
16.0000 16.3067
16.0000 16.5424
16.0000 15.7246
16.0000 16.2564
16.0000 15.2486
16.0000 15.1967
16.0000 15.5097
16.0000 15.9370
16.0000 17.0549
16.0000 15.0942
16.0000 15.4414
16.0000 16.5099
16.0000 14.8240
16.0000 15.8096
16.0000 14.9691
16.0000 15.4811
16.0000 15.4415
16.0000 16.3629
16.0000 15.1787
16.0000 15.8116
16.0000 15.4388
16.0000 15.7279
16.0000 15.7828
16.0000 15.4824
16.0000 15.4892
16.0000 15.0614
16.0000 15.5947
16.0000 16.3818
16.0000 14.9831
16.0000 16.0278
16.0000 16.7378
16.0000 15.3309
16.0000 16.0633
16.0000 17.3530
16.0000 15.6676
16.0000 16.3447
16.0000 16.3784
16.0000 16.3756
16.0000 16.4310
16.0000 17.3616
16.0000 16.5195
16.0000 15.3635
16.0000 15.8929
16.0000 16.4979
16.0000 17.2419
16.0000 15.3000
16.0000 16.6129
16.0000 16.1052
16.0000 16.1063
16.0000 15.5580
16.0000 16.1484
16.0000 15.7464
16.0000 15.5079
16.0000 16.0962
16.0000 16.8312
16.0000 16.8084
16.0000 15.5406
16.0000 14.6514
16.0000 16.2729
16.0000 14.7770
16.0000 15.8873
16.0000 16.1277
16.0000 15.4611
16.0000 16.4634
16.0000 14.8344
16.0000 16.2128
16.0000 16.4773
16.0000 15.7257
16.0000 15.9061
16.0000 15.2364
16.0000 15.5640
16.0000 16.3248
16.0000 16.3285
16.0000 15.7266
16.0000 16.6793
16.0000 15.1781
16.0000 15.1385
16.0000 15.9484
16.0000 16.8798
16.0000 15.5868
16.0000 16.0384
16.0000 16.3957
16.0000 15.0198
16.0000 16.2736
16.0000 15.6961
16.0000 15.8146
16.0000 16.9927
16.0000 15.8914
16.0000 14.6659
16.0000 16.4985
16.0000 16.4499
16.0000 16.0359
16.0000 16.6890
16.0000 16.0862
16.0000 15.9137
16.0000 15.6766
16.0000 16.5552
16.0000 15.4696
16.0000 15.1958
16.0000 16.0702
16.0000 16.0598
16.0000 16.5722
16.0000 16.0109
16.0000 15.4581
16.0000 15.1336
16.0000 15.8944
16.0000 15.7216
16.0000 17.0407
16.0000 15.4739
16.0000 15.0871
16.0000 16.0413
16.0000 15.8093
16.0000 14.7011
16.0000 16.1114
16.0000 17.0648
16.0000 15.5511
16.0000 15.8944
16.0000 16.1533
16.0000 17.1445
16.0000 16.7926
16.0000 15.7463
16.0000 15.6668
16.0000 15.7467
16.0000 15.7041
16.0000 16.5518
16.0000 16.1238
16.0000 15.8142
16.0000 16.0128
16.0000 16.2843
16.0000 15.9754
16.0000 15.9874
16.0000 16.1795
16.0000 15.7529
16.0000 15.6189
16.0000 15.0668
16.0000 16.3964
16.0000 15.7206
16.0000 15.9228
16.0000 15.3686
16.0000 15.4930
16.0000 15.7920
16.0000 16.3049
16.0000 16.2734
16.0000 15.2564
16.0000 16.1201
16.0000 15.9161
16.0000 15.1155
16.0000 15.4060
16.0000 16.3811
16.0000 16.5721
16.0000 16.4059
16.0000 16.6650
16.0000 15.6104
16.0000 15.2708
16.0000 16.9353
16.0000 16.6269
16.0000 16.0629
16.0000 16.7651
16.0000 15.6456
16.0000 16.0421
16.0000 16.0424
16.0000 15.6188
16.0000 16.3938
16.0000 15.8132
16.0000 15.7688
16.0000 15.9375
16.0000 15.9963
16.0000 16.2521
16.0000 15.6804
16.0000 15.1603
16.0000 16.8421
16.0000 15.6133
16.0000 15.8980
16.0000 15.7016
16.0000 15.2544
16.0000 15.6000
16.0000 15.0755
16.0000 15.9470
16.0000 14.8208
16.0000 15.0666
16.0000 15.8317
16.0000 15.9268
16.0000 16.3682
16.0000 15.8359
16.0000 15.8724
16.0000 15.8994
16.0000 15.8242
16.0000 16.6881
16.0000 15.9162
16.0000 15.6231
16.0000 16.1577
16.0000 15.3821
16.0000 16.0871
16.0000 17.2987
16.0000 15.3244
16.0000 15.4998
16.0000 16.1835
16.0000 16.4625
16.0000 16.4831
16.0000 15.7600
16.0000 15.9114
16.0000 15.1538
16.0000 15.4767
16.0000 14.2341
16.0000 15.6391
16.0000 15.6279
16.0000 16.3991
16.0000 15.5607
16.0000 15.4651
16.0000 15.5366
16.0000 15.9333
16.0000 17.1237
16.0000 16.0376
16.0000 16.5442
16.0000 17.7562
16.0000 15.2020
16.0000 15.9859
16.0000 15.9689
16.0000 14.9154
16.0000 17.2553
16.0000 15.7751
16.0000 15.6230
16.0000 15.6475
16.0000 15.9421
16.0000 16.2938
16.0000 14.8788
16.0000 16.1877
16.0000 16.0779
16.0000 15.4026
16.0000 16.1485
16.0000 16.0260
16.0000 14.7135
16.0000 15.8488
16.0000 16.0695
16.0000 15.5480
16.0000 15.4573
16.0000 16.8010
16.0000 15.0832
16.0000 15.0322
16.0000 15.8524
16.0000 14.6565
16.0000 15.9837
16.0000 13.7698
16.0000 15.5916
16.0000 16.0218
16.0000 15.6487
16.0000 16.0381
16.0000 15.4062
16.0000 14.8099
16.0000 16.0826
16.0000 15.5904
16.0000 15.8735
16.0000 15.3995
16.0000 15.8205
16.0000 16.1276
16.0000 15.7185
16.0000 15.6936
16.0000 15.1509
16.0000 16.1820
16.0000 15.4274
16.0000 16.0236
16.0000 15.5749
16.0000 15.3124
16.0000 16.4933
16.0000 15.2514
16.0000 15.8599
16.0000 16.7384
16.0000 14.5979
16.0000 15.4418
16.0000 15.9857
16.0000 16.3209
16.0000 15.9266
16.0000 16.1863
16.0000 16.0077
16.0000 15.9656
16.0000 15.7852
16.0000 15.4708
16.0000 16.6247
16.0000 16.7148
16.0000 16.2529
16.0000 15.4562
16.0000 16.5633
16.0000 15.4134
16.0000 17.4227
16.0000 15.9690
16.0000 15.8052
16.0000 16.1012
16.0000 15.8644
16.0000 15.6634
16.0000 15.7826
16.0000 15.8446
16.0000 16.0725
16.0000 15.2368
16.0000 14.4640
16.0000 17.1480
16.0000 16.4476
16.0000 16.5817
16.0000 15.3185
16.0000 16.3783
16.0000 16.0272
16.0000 15.9947
16.0000 16.2169
16.0000 15.0240
16.0000 15.5162
16.0000 15.7755
16.0000 15.5154
16.0000 15.8762
16.0000 15.4937
16.0000 15.7738
16.0000 15.1038
16.0000 15.8885
16.0000 15.8196
16.0000 15.5241
16.0000 16.1200
16.0000 15.6143
16.0000 15.6062
16.0000 15.3137
16.0000 16.0523
16.0000 16.2163
16.0000 15.7388
16.0000 16.1475
16.0000 15.3091
16.0000 16.0771
16.0000 15.3013
16.0000 15.9682
16.0000 15.6680
16.0000 17.2217
16.0000 15.9545
16.0000 16.8064
16.0000 16.6255
16.0000 16.5874
16.0000 15.2738
16.0000 17.1571
16.0000 15.4353
16.0000 16.4790
16.0000 16.9214
16.0000 16.0046
16.0000 15.6961
16.0000 16.2997
16.0000 16.8658
16.0000 16.5629
16.0000 15.0134
16.0000 15.0807
16.0000 15.9094
16.0000 15.8135
16.0000 16.4106
16.0000 16.7775
16.0000 16.2220
16.0000 16.2781
16.0000 15.9148
16.0000 15.3620
16.0000 15.9347
16.0000 16.3295
16.0000 16.7168
16.0000 16.3054
16.0000 16.1989
16.0000 15.8173
16.0000 15.5206
16.0000 16.7844
16.0000 16.7218
16.0000 15.6310
16.0000 16.3269
16.0000 16.2467
16.0000 15.2571
16.0000 16.0146
16.0000 16.1374
16.0000 16.0038
16.0000 14.9572
16.0000 15.6640
16.0000 15.7052
16.0000 15.5018
16.0000 15.5655
16.0000 16.3865
16.0000 16.5723
16.0000 15.8642
16.0000 15.7138
16.0000 15.1974
16.0000 15.7638
16.0000 16.0974
16.0000 15.7496
16.0000 15.5694
16.0000 16.9826
16.0000 16.2939
16.0000 17.0582
16.0000 15.9548
16.0000 16.0240
16.0000 15.1923
16.0000 15.1169
16.0000 15.5492
16.0000 16.4076
16.0000 16.2145
16.0000 15.4764
16.0000 15.8613
16.0000 15.5896
16.0000 15.4233
16.0000 15.9947
16.0000 16.0694
16.0000 16.2127
16.0000 15.8557
16.0000 15.8931
16.0000 15.4658
16.0000 15.5622
16.0000 16.9774
16.0000 15.3467
16.0000 16.3273
16.0000 14.5902
16.0000 16.2802
16.0000 16.3224
16.0000 15.7556
16.0000 15.6170
16.0000 17.0451
16.0000 17.0854
16.0000 16.3172
16.0000 15.0145
16.0000 15.0175
16.0000 15.5928
16.0000 16.5349
16.0000 15.9102
16.0000 16.1706
16.0000 15.2719
16.0000 15.9178
16.0000 16.3858
16.0000 15.8884
16.0000 17.2329
16.0000 15.0973
16.0000 15.6080
16.0000 16.2199
16.0000 15.8262
16.0000 15.2173
16.0000 15.7452
16.0000 16.6273
16.0000 15.3370
16.0000 16.5609
16.0000 16.0361
16.0000 16.4056
16.0000 15.6541
16.0000 15.8654
16.0000 15.8178
16.0000 15.0951
16.0000 15.5471
16.0000 16.4844
16.0000 15.8045
16.0000 15.4613
16.0000 15.3421
16.0000 16.4391
16.0000 15.7474
16.0000 15.5002
16.0000 16.8760
16.0000 15.4006
16.0000 15.9242
16.0000 15.4155
16.0000 14.8271
16.0000 15.9035
16.0000 16.3890
16.0000 15.8766
16.0000 16.3425
16.0000 15.7800
16.0000 16.3068
16.0000 16.3103
16.0000 16.4190
16.0000 15.8797
16.0000 15.6646
16.0000 16.0045
16.0000 15.6423
16.0000 15.7504
16.0000 16.0877
16.0000 16.1933
16.0000 16.7878
16.0000 16.4298
16.0000 15.7665
16.0000 15.0798
16.0000 15.2784
16.0000 15.1484
16.0000 16.1515
16.0000 15.6911
16.0000 17.0328
16.0000 16.4744
16.0000 16.6091
16.0000 15.2871
16.0000 14.6484
16.0000 15.9528
16.0000 15.4903
16.0000 15.3784
16.0000 15.7649
16.0000 16.9623
16.0000 14.9523
16.0000 16.4582
16.0000 15.4830
16.0000 15.2543
16.0000 16.1001
16.0000 16.5957
16.0000 16.1370
16.0000 16.1555
16.0000 15.5656
16.0000 16.1458
16.0000 16.9873
16.0000 15.5513
16.0000 15.9965
16.0000 15.8242
16.0000 16.5206
16.0000 16.6118
16.0000 15.8400
16.0000 15.5892
16.0000 16.1447
16.0000 15.7686
16.0000 16.4623
16.0000 16.8085
16.0000 14.5886
16.0000 15.8223
16.0000 15.3787
16.0000 16.2326
16.0000 15.2301
16.0000 16.8103
16.0000 15.1997
16.0000 15.9436
16.0000 15.4811
16.0000 15.9319
16.0000 16.6537
16.0000 15.5570
16.0000 15.4917
16.0000 16.4057
16.0000 16.3882
16.0000 15.4068
16.0000 16.4970
16.0000 16.3374
16.0000 15.8776
16.0000 15.6091
16.0000 16.0623
16.0000 15.7148
16.0000 16.2381
16.0000 16.4602
16.0000 16.9447
16.0000 15.4246
16.0000 15.3337
16.0000 16.1689
16.0000 17.2709
16.0000 15.7363
16.0000 16.1959
16.0000 16.3475
16.0000 15.7098
16.0000 15.4198
16.0000 17.0370
16.0000 15.9598
16.0000 15.3095
16.0000 16.3688
16.0000 15.5180
16.0000 15.4165
16.0000 16.4878
16.0000 15.9585
16.0000 17.0262
16.0000 15.7771
16.0000 15.2358
16.0000 15.2364
16.0000 17.2140
16.0000 16.4713
16.0000 16.4155
16.0000 14.3792
16.0000 15.7327
16.0000 15.4225
16.0000 17.6249
16.0000 16.2907
16.0000 16.4448
16.0000 15.1073
16.0000 15.8647
16.0000 15.2754
16.0000 16.2038
16.0000 15.0926
16.0000 15.5151
16.0000 16.6792
16.0000 15.2708
16.0000 15.8904
16.0000 16.3118
16.0000 16.6370
16.0000 15.8013
16.0000 14.9359
16.0000 16.6188
16.0000 16.8753
16.0000 16.1969
16.0000 16.0369
16.0000 16.0580
16.0000 15.7365
16.0000 15.5762
16.0000 15.7920
16.0000 14.4731
16.0000 16.3508
16.0000 16.3883
16.0000 16.6135
16.0000 15.3791
16.0000 15.4413
16.0000 16.1406
16.0000 15.8277
16.0000 16.1047
16.0000 15.0845
16.0000 16.6149
16.0000 14.9000
16.0000 16.0378
16.0000 17.0680
16.0000 15.7814
16.0000 15.9451
16.0000 16.2146
16.0000 15.3980
16.0000 14.8847
16.0000 15.4659
16.0000 15.7209
16.0000 17.2850
16.0000 16.2859
16.0000 15.8779
16.0000 15.9610
16.0000 16.0743
16.0000 15.4400
16.0000 16.2221
16.0000 16.6406
16.0000 17.6630
16.0000 15.9932
16.0000 15.8054
16.0000 15.7338
16.0000 16.5867
16.0000 16.5601
16.0000 15.2871
16.0000 15.6592
16.0000 15.8981
16.0000 15.2810
16.0000 15.3761
16.0000 16.2114
16.0000 15.7273
16.0000 16.0732
16.0000 14.9467
16.0000 15.6138
16.0000 15.4943
16.0000 16.7227
16.0000 15.6875
16.0000 15.7268
16.0000 15.4513
16.0000 15.1388
16.0000 15.8310
16.0000 16.5006
16.0000 15.5951
16.0000 16.2131
16.0000 16.3159
16.0000 15.5343
16.0000 15.9260
16.0000 15.9652
16.0000 15.7152
16.0000 16.4375
16.0000 16.0146
16.0000 15.6887
16.0000 14.8984
16.0000 15.4916
16.0000 16.7837
16.0000 15.8572
16.0000 16.1724
16.0000 15.5584
16.0000 16.3403
16.0000 16.6450
16.0000 16.1888
16.0000 14.4541
16.0000 14.3678
16.0000 14.7695
16.0000 15.6147
16.0000 15.1803
16.0000 15.7843
16.0000 17.1431
16.0000 16.3552
16.0000 15.7521
16.0000 16.4673
16.0000 17.5244
16.0000 16.4915
16.0000 15.6250
16.0000 15.4540
16.0000 14.7627
16.0000 16.1617
16.0000 16.7304
16.0000 14.9360
16.0000 16.6646
16.0000 16.5479
16.0000 16.7365
16.0000 16.1021
16.0000 15.6720
16.0000 16.4309
16.0000 16.5467
16.0000 16.1318
16.0000 16.3718
16.0000 15.6205
16.0000 15.7789
16.0000 15.8107
16.0000 16.2500
16.0000 15.4411
16.0000 15.1410
16.0000 16.0470
16.0000 15.8647
16.0000 16.4862
16.0000 17.0361
16.0000 16.2405
16.0000 15.7215
16.0000 15.2667
16.0000 16.2957
16.0000 15.7638
16.0000 16.6978
16.0000 16.6688
16.0000 16.3582
16.0000 16.1176
16.0000 15.5568
16.0000 16.7844
16.0000 16.9199
16.0000 15.1834
16.0000 16.0377
16.0000 16.2962
16.0000 16.0040
16.0000 16.0665
16.0000 15.2031
16.0000 16.0063
16.0000 16.6546
16.0000 15.6488
16.0000 14.6343
16.0000 15.9236
16.0000 16.4768
16.0000 15.7426
16.0000 15.0185
16.0000 16.5041
16.0000 16.1695
16.0000 15.6440
16.0000 16.1687
16.0000 15.8147
16.0000 16.0014
16.0000 14.9733
16.0000 16.8316
16.0000 15.5861
16.0000 16.2478
16.0000 16.1414
16.0000 14.6554
16.0000 16.3732
16.0000 15.4645
16.0000 15.4043
16.0000 16.2974
16.0000 16.1879
16.0000 15.3822
16.0000 15.6739
16.0000 16.4231
16.0000 16.1586
16.0000 16.0055
16.0000 16.0286
16.0000 16.9827
16.0000 15.8089
16.0000 16.2851
16.0000 16.3767
16.0000 15.7062
16.0000 16.5844
16.0000 15.9575
16.0000 17.3553
16.0000 15.1764
16.0000 16.8280
16.0000 15.8694
16.0000 15.8749
16.0000 15.6201
16.0000 15.8249
16.0000 15.0464
16.0000 15.8330
16.0000 16.5385
16.0000 15.8910
16.0000 14.5731
16.0000 15.9819
16.0000 16.1619
16.0000 16.0226
16.0000 16.2467
16.0000 15.4091
16.0000 16.5551
16.0000 15.8291
16.0000 16.1575
16.0000 15.6449
16.0000 16.0890
16.0000 15.5203
16.0000 16.7692
16.0000 15.6243
16.0000 15.6502
16.0000 16.6369
16.0000 16.4924
16.0000 15.0651
16.0000 16.0014
16.0000 15.6233
16.0000 15.8996
16.0000 16.5745
16.0000 15.9516
16.0000 16.4462
16.0000 16.2413
16.0000 16.2551
16.0000 16.0626
16.0000 16.2453
16.0000 16.0672
16.0000 16.3929
16.0000 15.4202
16.0000 15.8072
16.0000 15.3703
16.0000 17.6590
16.0000 15.9621
16.0000 15.3099
16.0000 16.1443
16.0000 16.3185
16.0000 15.5560
16.0000 15.9658
16.0000 15.4715
16.0000 16.1920
16.0000 16.4467
16.0000 14.9486
16.0000 16.2437
16.0000 16.1565
16.0000 15.1435
16.0000 14.7012
16.0000 15.7467
16.0000 14.8581
16.0000 16.2074
16.0000 15.8619
16.0000 16.0915
16.0000 16.0742
16.0000 17.2481
16.0000 15.2941
16.0000 15.2867
16.0000 15.2681
16.0000 14.7486
16.0000 15.6829
16.0000 15.8766
16.0000 16.2742
16.0000 15.6875
16.0000 15.4923
16.0000 15.7573
16.0000 16.4479
16.0000 15.8537
16.0000 16.3536
16.0000 14.6472
16.0000 16.5417
16.0000 16.2128
16.0000 16.3279
16.0000 15.7954
16.0000 15.1905
16.0000 15.4184
16.0000 16.1858
16.0000 15.9254
16.0000 15.4152
16.0000 15.1748
16.0000 16.5054
16.0000 15.8319
16.0000 15.9535
16.0000 16.9559
16.0000 15.2968
16.0000 15.8212
16.0000 15.6851
16.0000 16.1379
16.0000 15.4815
16.0000 16.0040
16.0000 16.8285
16.0000 15.6910
16.0000 15.5741
16.0000 15.4682
16.0000 15.9023
16.0000 14.9622
16.0000 15.8887
16.0000 15.3797
16.0000 15.4741
16.0000 15.5636
16.0000 16.1588
16.0000 16.1402
16.0000 15.8296
16.0000 16.7731
16.0000 16.0551
16.0000 16.3264
16.0000 16.9291
16.0000 15.2460
16.0000 14.8824
16.0000 16.0959
16.0000 16.0763
16.0000 16.5021
16.0000 15.9515
16.0000 16.5526
16.0000 16.6780
16.0000 16.8627
16.0000 17.1175
16.0000 15.9539
16.0000 16.0076
16.0000 14.5881
16.0000 15.8372
16.0000 16.1528
16.0000 15.8746
16.0000 15.9990
16.0000 16.3582
16.0000 16.2789
16.0000 16.0706
16.0000 16.3125
16.0000 16.3738
16.0000 16.3510
16.0000 16.1962
16.0000 16.1938
16.0000 16.2510
16.0000 16.3517
16.0000 15.5395
16.0000 15.5200
16.0000 15.9317
16.0000 16.5481
16.0000 15.8731
16.0000 16.1774
16.0000 15.2213
16.0000 15.9220
16.0000 15.4619
16.0000 15.9584
16.0000 15.4802
16.0000 16.1010
16.0000 16.2076
16.0000 15.6782
16.0000 16.7627
16.0000 16.0932
16.0000 15.9291
16.0000 16.2188
16.0000 14.9711
16.0000 16.0802
16.0000 16.1176
16.0000 15.8593
16.0000 16.0254
16.0000 15.7232
16.0000 16.0310
16.0000 15.9246
16.0000 16.1446
16.0000 15.3455
16.0000 15.9560
16.0000 15.8453
16.0000 16.8706
16.0000 15.9206
16.0000 15.7942
16.0000 15.9007
16.0000 16.1999
16.0000 15.8402
16.0000 15.7403
16.0000 15.9286
16.0000 14.7749
16.0000 15.6193
16.0000 15.5558
16.0000 15.6332
16.0000 14.6813
16.0000 16.1409
16.0000 14.8917
16.0000 15.1211
16.0000 16.7230
16.0000 16.0008
16.0000 15.4957
16.0000 16.3693
16.0000 17.0364
16.0000 15.9208
16.0000 15.6127
16.0000 15.7388
16.0000 15.7219
16.0000 15.2851
16.0000 16.6189
16.0000 16.3984
16.0000 15.7856
16.0000 16.6016
16.0000 15.9083
16.0000 15.3899
16.0000 15.4511
16.0000 16.1802
16.0000 15.5034
16.0000 16.0861
16.0000 16.5956
16.0000 16.1105
16.0000 14.6803
16.0000 15.3763
16.0000 15.7615
16.0000 15.8973
16.0000 16.0101
16.0000 16.4428
16.0000 15.9576
16.0000 15.6492
16.0000 15.6439
16.0000 15.0991
16.0000 15.3100
16.0000 15.7258
16.0000 15.0645
16.0000 15.7100
16.0000 15.3077
16.0000 15.3440
16.0000 15.4889
16.0000 16.0986
16.0000 16.9546
16.0000 15.9937
16.0000 16.6440
16.0000 15.3979
16.0000 15.8777
16.0000 16.1307
16.0000 15.5155
16.0000 16.5349
16.0000 15.6644
16.0000 15.9915
16.0000 16.8961
16.0000 14.8542
16.0000 15.7873
16.0000 15.7404
16.0000 15.7022
16.0000 16.8228
16.0000 15.6176
16.0000 15.4985
16.0000 16.4197
16.0000 16.0667
16.0000 16.0168
16.0000 15.9728
16.0000 15.7861
16.0000 15.8309
16.0000 16.1641
16.0000 16.5825
16.0000 15.0642
16.0000 16.3112
16.0000 15.9337
16.0000 16.5743
16.0000 15.8232
16.0000 15.5330
16.0000 16.0188
16.0000 16.5358
16.0000 15.4208
16.0000 15.6808
16.0000 15.8673
16.0000 16.2477
16.0000 15.8190
16.0000 14.4666
16.0000 15.7599
16.0000 14.8902
16.0000 16.0063
16.0000 16.4716
16.0000 16.3736
16.0000 16.4614
16.0000 16.4079
16.0000 16.3056
16.0000 15.5401
16.0000 15.3201
16.0000 15.2139
16.0000 16.6668
16.0000 16.8903
16.0000 15.0441
16.0000 15.5245
16.0000 15.7794
16.0000 16.2958
16.0000 15.4749
16.0000 15.9859
16.0000 16.1530
16.0000 16.3920
16.0000 15.1443
16.0000 17.4335
16.0000 15.7950
16.0000 16.4789
16.0000 15.9067
16.0000 16.3166
16.0000 15.6379
16.0000 16.2357
16.0000 16.0708
16.0000 15.8447
16.0000 16.4127
16.0000 16.8018
16.0000 15.4704
16.0000 16.5650
16.0000 15.6719
16.0000 15.3121
16.0000 15.6039
16.0000 16.8073
16.0000 16.5735
16.0000 15.5909
16.0000 15.5642
16.0000 16.2792
16.0000 16.0469
16.0000 15.7611
16.0000 14.3647
16.0000 15.8531
16.0000 15.7856
16.0000 16.9479
16.0000 15.5518
16.0000 15.9780
16.0000 14.8448
16.0000 16.4779
16.0000 16.1374
16.0000 15.7687
16.0000 15.4896
16.0000 16.6732
16.0000 16.4704
16.0000 16.2253
16.0000 16.8939
16.0000 15.9077
16.0000 15.7746
16.0000 15.1263
16.0000 15.1621
16.0000 16.2144
16.0000 15.5940
16.0000 15.4417
16.0000 16.2154
16.0000 16.2873
16.0000 15.6460
16.0000 16.1568
16.0000 16.1061
16.0000 15.7918
16.0000 15.2730
16.0000 15.7212
16.0000 15.5476
16.0000 16.4431
16.0000 15.0311
16.0000 16.2002
16.0000 16.3581
16.0000 14.9639
16.0000 15.5870
16.0000 15.2621
16.0000 15.8906
16.0000 15.9535
16.0000 15.1468
16.0000 15.8749
16.0000 16.9679
16.0000 16.1975
16.0000 16.0870
16.0000 16.4153
16.0000 15.4388
16.0000 16.8545
16.0000 15.0341
16.0000 14.5303
16.0000 15.5109
16.0000 15.1163
16.0000 16.2724
16.0000 15.4866
16.0000 15.4629
16.0000 16.8622
16.0000 16.2353
16.0000 15.5805
16.0000 15.5080
16.0000 16.8427
16.0000 15.9086
16.0000 16.3260
16.0000 16.9944
16.0000 15.5779
16.0000 15.9448
16.0000 15.5085
16.0000 14.4292
16.0000 16.0988
16.0000 15.6676
16.0000 16.3884
16.0000 16.7226
16.0000 16.6535
16.0000 16.2939
16.0000 16.6103
16.0000 16.1136
16.0000 15.9654
16.0000 16.0547
16.0000 15.3054
16.0000 16.2411
16.0000 15.2837
16.0000 14.7294
16.0000 15.5501
16.0000 15.7090
16.0000 15.7761
16.0000 15.4531
16.0000 16.1266
16.0000 15.7204
16.0000 15.4862
16.0000 16.1334
16.0000 16.1748
16.0000 16.2409
16.0000 15.9618
16.0000 16.4258
16.0000 15.5697
16.0000 15.0113
16.0000 16.5162
16.0000 15.7961
16.0000 17.5729
16.0000 15.7340
16.0000 16.0384
16.0000 15.6342
16.0000 15.1748
16.0000 16.3245
16.0000 14.8535
16.0000 16.0350
16.0000 16.6018
16.0000 14.9688
16.0000 15.9582
16.0000 16.8848
16.0000 15.4339
16.0000 16.0305
16.0000 15.8290
16.0000 16.5586
16.0000 14.6814
16.0000 15.7867
16.0000 16.1907
16.0000 16.3049
16.0000 15.9354
16.0000 16.0486
16.0000 15.3071
16.0000 16.4867
16.0000 16.8296
16.0000 16.0565
16.0000 15.3834
16.0000 15.2721
16.0000 16.2766
16.0000 16.3446
16.0000 16.4771
16.0000 16.4361
16.0000 16.7708
16.0000 16.3160
16.0000 15.8693
16.0000 16.2859
16.0000 14.3273
16.0000 16.5786
16.0000 15.8226
16.0000 15.1565
16.0000 16.1293
16.0000 15.6292
16.0000 16.8092
16.0000 16.2190
16.0000 15.4810
16.0000 16.7308
16.0000 16.2067
16.0000 17.3220
16.0000 16.1914
16.0000 16.5300
16.0000 15.5265
16.0000 15.6823
16.0000 15.8281
16.0000 15.5754
16.0000 14.7055
16.0000 16.2565
16.0000 15.0748
16.0000 16.4615
16.0000 15.2390
16.0000 15.3032
16.0000 16.6430
16.0000 15.2499
16.0000 15.8463
16.0000 15.2545
16.0000 16.1598
16.0000 16.1962
16.0000 15.1886
16.0000 15.8983
16.0000 15.2420
16.0000 15.7567
16.0000 16.4486
16.0000 16.2106
16.0000 15.8328
16.0000 15.6208
16.0000 15.8666
16.0000 16.0439
16.0000 16.3570
16.0000 15.5411
16.0000 15.0915
16.0000 15.8192
16.0000 16.7961
16.0000 16.1529
16.0000 16.9364
16.0000 16.8286
16.0000 16.1476
16.0000 15.6914
16.0000 16.0121
16.0000 15.6676
16.0000 15.5243
16.0000 16.2064
16.0000 15.5655
16.0000 15.9202
16.0000 15.4485
16.0000 15.5633
16.0000 15.5246
16.0000 16.4730
16.0000 15.4561
16.0000 16.4715
16.0000 15.2455
16.0000 15.2876
16.0000 15.6872
16.0000 16.0398
16.0000 15.1256
16.0000 16.3112
16.0000 16.7578
16.0000 15.4304
16.0000 16.0372
16.0000 16.5321
16.0000 15.7600
16.0000 16.3581
16.0000 16.3560
16.0000 15.9562
16.0000 15.7772
16.0000 16.3974
16.0000 15.4641
16.0000 15.8509
16.0000 16.3652
16.0000 15.9146
16.0000 16.3013
16.0000 15.8406
16.0000 16.0184
16.0000 15.7600
16.0000 16.8978
16.0000 15.4965
16.0000 15.3417
16.0000 15.6915
16.0000 16.0603
16.0000 15.5786
16.0000 14.9753
16.0000 15.1123
16.0000 15.8291
16.0000 15.8542
16.0000 16.2122
16.0000 15.8235
16.0000 15.5033
16.0000 14.9314
16.0000 16.2258
16.0000 15.9360
16.0000 15.0111
16.0000 15.7020
16.0000 15.8055
16.0000 15.7696
16.0000 15.9342
16.0000 16.0520
16.0000 15.4572
16.0000 15.0103
16.0000 14.6252
16.0000 16.8300
16.0000 15.9984
16.0000 15.4168
16.0000 14.8425
16.0000 16.1453
16.0000 15.3874
16.0000 16.3786
16.0000 14.9748
16.0000 16.1117
16.0000 15.2751
16.0000 15.9263
16.0000 16.6824
16.0000 15.4434
16.0000 15.8989
16.0000 14.7948
16.0000 14.4747
16.0000 17.2989
16.0000 16.5326
16.0000 15.9146
16.0000 16.5191
16.0000 15.0215
16.0000 15.9981
16.0000 15.2848
16.0000 14.5631
16.0000 16.2251
16.0000 16.1481
16.0000 15.1077
16.0000 15.5053
16.0000 15.5575
16.0000 16.0538
16.0000 16.1852
16.0000 15.7857
16.0000 15.5162
16.0000 15.6191
16.0000 15.8510
16.0000 14.8939
16.0000 16.1663
16.0000 15.6639
16.0000 16.1553
16.0000 16.4831
16.0000 16.7143
16.0000 15.9505
16.0000 16.7500
16.0000 16.4055
16.0000 15.2069
16.0000 16.5499
16.0000 15.2574
16.0000 15.7641
16.0000 16.1122
16.0000 15.0655
16.0000 15.5522
16.0000 16.0143
16.0000 16.5768
16.0000 16.6630
16.0000 16.8140
16.0000 16.3911
16.0000 15.9153
16.0000 16.4627
16.0000 15.2981
16.0000 16.6302
16.0000 15.4964
16.0000 15.8265
16.0000 15.4719
16.0000 16.0821
16.0000 16.3066
16.0000 16.2613
16.0000 16.2955
16.0000 16.2591
16.0000 15.7118
16.0000 16.0358
16.0000 15.3712
16.0000 15.6457
16.0000 14.6621
16.0000 14.8809
16.0000 15.1796
16.0000 15.9077
16.0000 16.2602
16.0000 16.1060
16.0000 16.4891
16.0000 15.4747
16.0000 15.3749
16.0000 15.8466
16.0000 16.3614
16.0000 15.5038
16.0000 17.4663
16.0000 16.3561
16.0000 16.1470
16.0000 15.4413
16.0000 16.8985
16.0000 15.4204
16.0000 15.4620
16.0000 15.7352
16.0000 15.6517
16.0000 16.6263
16.0000 15.8247
16.0000 15.7107
16.0000 16.1599
16.0000 16.0440
16.0000 14.5690
16.0000 16.6710
16.0000 15.8419
16.0000 15.6714
16.0000 15.0402
16.0000 15.9481
16.0000 15.7555
16.0000 15.8561
16.0000 16.4065
16.0000 15.8925
16.0000 15.6275
16.0000 15.9867
16.0000 15.3920
16.0000 14.9866
16.0000 15.8367
16.0000 16.6399
16.0000 16.1127
16.0000 15.8034
16.0000 16.5348
16.0000 16.2903
16.0000 15.9148
16.0000 16.9431
16.0000 16.4666
16.0000 15.3512
16.0000 15.9791
16.0000 16.3610
16.0000 15.3137
16.0000 15.2619
16.0000 15.3352
16.0000 15.1276
16.0000 16.3434
16.0000 16.0597
16.0000 15.5992
16.0000 15.4926
16.0000 16.2075
16.0000 16.0102
16.0000 16.6503
16.0000 16.3584
16.0000 15.8259
16.0000 16.7543
16.0000 14.9818
16.0000 16.3784
16.0000 15.7607
16.0000 16.8585
16.0000 15.8403
16.0000 16.3850
16.0000 14.6691
16.0000 16.3674
16.0000 16.0048
16.0000 15.3869
16.0000 15.1356
16.0000 16.1955
16.0000 15.5503
16.0000 15.6833
16.0000 15.4209
16.0000 16.3407
16.0000 16.1547
16.0000 15.4484
16.0000 15.1963
16.0000 15.0338
16.0000 15.5310
16.0000 15.4650
16.0000 15.6801
16.0000 15.7208
16.0000 16.4103
16.0000 15.2096
16.0000 15.4179
16.0000 16.7835
16.0000 16.3392
16.0000 16.2674
16.0000 16.2880
16.0000 15.7728
16.0000 15.6712
16.0000 15.4433
16.0000 15.2789
16.0000 15.8332
16.0000 16.2563
16.0000 16.3634
16.0000 15.7984
16.0000 16.1105
16.0000 15.4630
16.0000 15.9991
16.0000 15.4858
16.0000 15.9393
16.0000 15.7416
16.0000 16.4792
16.0000 16.1990
16.0000 16.0476
16.0000 16.1526
16.0000 15.9552
16.0000 16.5141
16.0000 16.6930
16.0000 15.8783
16.0000 16.8142
16.0000 16.1004
16.0000 16.0010
16.0000 15.6326
16.0000 15.6841
16.0000 16.3751
16.0000 16.0973
16.0000 16.4192
16.0000 15.2540
16.0000 15.8942
16.0000 16.4669
16.0000 16.0025
16.0000 15.3510
16.0000 16.9499
16.0000 15.8406
16.0000 16.6945
16.0000 16.5487
16.0000 16.0431
16.0000 16.5123
16.0000 16.0544
16.0000 16.0897
16.0000 16.2423
16.0000 15.7710
16.0000 17.3259
16.0000 16.9776
16.0000 15.2860
16.0000 15.9176
16.0000 16.8947
16.0000 15.8937
16.0000 15.6265
16.0000 15.0473
16.0000 14.7914
16.0000 17.0575
16.0000 15.2871
16.0000 16.1323
16.0000 15.8287
16.0000 16.1774
16.0000 16.9630
16.0000 16.5025
16.0000 16.8027
16.0000 15.6089
16.0000 15.6178
16.0000 15.9704
16.0000 16.0905
16.0000 15.4142
16.0000 15.8073
16.0000 15.9738
16.0000 16.6882
16.0000 15.6043
16.0000 15.9940
16.0000 16.3244
16.0000 14.6979
16.0000 16.4541
16.0000 16.8761
16.0000 15.9807
16.0000 14.8833
16.0000 16.0155
16.0000 16.4048
16.0000 16.5855
16.0000 15.4236
16.0000 14.9336
16.0000 14.4423
16.0000 16.1267
16.0000 16.1843
16.0000 16.1078
16.0000 15.5064
16.0000 15.0305
16.0000 16.4501
16.0000 16.5098
16.0000 16.2477
16.0000 15.6941
16.0000 15.8777
16.0000 15.1906
16.0000 16.5259
16.0000 15.3503
16.0000 15.4394
16.0000 16.1449
16.0000 15.7538
16.0000 15.6684
16.0000 15.3916
16.0000 16.1250
16.0000 16.2520
16.0000 16.3166
16.0000 16.4260
16.0000 15.3075
16.0000 15.7287
16.0000 16.4125
16.0000 16.0397
16.0000 15.4579
16.0000 15.4254
16.0000 15.6486
16.0000 16.1008
16.0000 16.2935
16.0000 16.1153
16.0000 16.8145
16.0000 15.6128
16.0000 15.8002
16.0000 15.8707
16.0000 15.5955
16.0000 15.7594
16.0000 15.3191
16.0000 16.6205
16.0000 16.4015
16.0000 15.5050
16.0000 15.4231
16.0000 15.7934
16.0000 15.9750
16.0000 15.9596
16.0000 15.8018
16.0000 15.7262
16.0000 15.3129
16.0000 15.8128
16.0000 16.4543
16.0000 14.9981
16.0000 15.6114
16.0000 16.7880
16.0000 15.5508
16.0000 15.7791
16.0000 16.0443
16.0000 15.2546
16.0000 14.6801
16.0000 17.0799
16.0000 15.9571
16.0000 15.5213
16.0000 15.8878
16.0000 15.8639
16.0000 16.1335
16.0000 16.4677
16.0000 15.3947
16.0000 16.6342
16.0000 15.7405
16.0000 16.1973
16.0000 16.5932
16.0000 16.0680
16.0000 15.3303
16.0000 17.0828
16.0000 16.9935
16.0000 15.8837
16.0000 16.3035
16.0000 15.6364
16.0000 15.3950
16.0000 15.5594
16.0000 16.8937
16.0000 16.4306
16.0000 16.1069
16.0000 15.7753
16.0000 16.1663
16.0000 16.9567
16.0000 15.8262
16.0000 17.0662
16.0000 16.2739
16.0000 15.9590
16.0000 15.5535
16.0000 15.0536
16.0000 14.7972
16.0000 16.3631
16.0000 15.4041
16.0000 15.6926
16.0000 14.8997
16.0000 14.9594
16.0000 16.0625
16.0000 15.3241
16.0000 15.0669
16.0000 14.3149
16.0000 15.0572
16.0000 16.3489
16.0000 16.7110
16.0000 15.1907
16.0000 16.1634
16.0000 15.5407
16.0000 16.3954
16.0000 16.2326
16.0000 15.9101
16.0000 16.5023
16.0000 16.3895
16.0000 16.1306
16.0000 16.3297
16.0000 15.2374
16.0000 15.9930
16.0000 15.3645
16.0000 16.1001
16.0000 14.8385
16.0000 15.5896
16.0000 14.9895
16.0000 15.7824
16.0000 15.0247
16.0000 16.3396
16.0000 15.6988
16.0000 15.4686
16.0000 16.3757
16.0000 16.8824
16.0000 15.8359
16.0000 14.7763
16.0000 15.8140
16.0000 15.5341
16.0000 16.6707
