21.0000 20.1270
21.0000 21.2793
21.0000 21.1983
21.0000 21.0392
21.0000 21.0895
21.0000 21.1231
21.0000 20.6053
21.0000 19.7456
21.0000 22.2322
21.0000 20.7867
21.0000 20.6655
21.0000 20.1485
21.0000 19.6760
21.0000 21.4332
21.0000 21.0260
21.0000 20.7523
21.0000 22.0585
21.0000 21.8715
21.0000 20.4138
21.0000 19.8868
21.0000 20.5604
21.0000 21.4565
21.0000 20.2545
21.0000 20.6676
21.0000 20.9177
21.0000 20.9272
21.0000 20.4351
21.0000 21.2013
21.0000 21.5318
21.0000 20.6700
21.0000 20.6141
21.0000 20.4892
21.0000 21.7664
21.0000 21.0303
21.0000 21.0544
21.0000 19.8580
21.0000 20.9453
21.0000 20.7243
21.0000 20.9622
21.0000 21.3414
21.0000 20.3314
21.0000 21.6814
21.0000 22.0982
21.0000 20.9949
21.0000 19.7841
21.0000 21.4078
21.0000 21.1233
21.0000 20.8247
21.0000 21.0915
21.0000 20.6286
21.0000 21.0113
21.0000 20.8006
21.0000 21.1074
21.0000 20.7719
21.0000 20.2751
21.0000 20.8308
21.0000 21.3923
21.0000 20.8262
21.0000 21.3759
21.0000 19.1525
21.0000 19.1054
21.0000 21.3069
21.0000 20.9134
21.0000 20.2781
21.0000 21.2232
21.0000 20.7653
21.0000 20.8193
21.0000 20.7309
21.0000 20.6375
21.0000 19.9579
21.0000 21.3296
21.0000 20.0374
21.0000 21.2701
21.0000 20.7714
21.0000 20.5453
21.0000 21.0426
21.0000 20.6611
21.0000 21.5282
21.0000 20.1776
21.0000 20.6519
21.0000 20.6482
21.0000 20.9748
21.0000 21.0381
21.0000 20.2340
21.0000 21.1175
21.0000 20.2129
21.0000 21.6216
21.0000 19.7641
21.0000 21.0800
21.0000 21.7574
21.0000 19.9596
21.0000 21.8912
21.0000 21.3987
21.0000 20.8388
21.0000 20.8167
21.0000 20.7552
21.0000 21.1072
21.0000 20.3662
21.0000 20.8064
21.0000 21.4272
21.0000 20.8430
21.0000 20.8113
21.0000 21.4208
21.0000 22.0727
21.0000 19.7507
21.0000 20.7942
21.0000 21.5734
21.0000 20.6214
21.0000 20.9109
21.0000 21.0371
21.0000 21.5386
21.0000 21.6816
21.0000 19.2916
21.0000 20.0627
21.0000 20.7910
21.0000 20.4173
21.0000 21.4118
21.0000 20.8303
21.0000 19.9240
21.0000 20.4422
21.0000 21.1817
21.0000 20.1061
21.0000 21.2791
21.0000 20.3969
21.0000 21.1609
21.0000 20.9736
21.0000 20.3127
21.0000 20.4899
21.0000 20.7815
21.0000 21.4143
21.0000 20.6086
21.0000 22.0914
21.0000 20.9488
21.0000 20.1758
21.0000 21.2076
21.0000 20.7327
21.0000 20.4598
21.0000 20.9448
21.0000 21.4281
21.0000 20.5893
21.0000 21.4619
21.0000 20.3907
21.0000 20.1139
21.0000 20.5570
21.0000 21.1693
21.0000 20.9835
21.0000 20.3535
21.0000 20.1638
21.0000 21.0874
21.0000 20.5954
21.0000 20.0464
21.0000 20.7087
21.0000 21.4553
21.0000 20.0026
21.0000 19.9670
21.0000 21.6485
21.0000 21.1521
21.0000 19.5948
21.0000 21.4812
21.0000 21.3830
21.0000 20.8195
21.0000 20.7959
21.0000 19.3704
21.0000 21.1836
21.0000 20.7398
21.0000 20.9213
21.0000 20.2983
21.0000 20.9932
21.0000 21.4188
21.0000 20.4252
21.0000 21.3993
21.0000 19.9066
21.0000 21.4441
21.0000 21.8383
21.0000 20.7182
21.0000 19.6587
21.0000 20.5006
21.0000 20.7497
21.0000 20.8391
21.0000 20.1163
21.0000 21.0336
21.0000 20.3424
21.0000 21.3133
21.0000 21.1557
21.0000 21.1926
21.0000 20.1503
21.0000 20.9233
21.0000 21.1401
21.0000 20.8798
21.0000 21.8054
21.0000 21.1787
21.0000 21.5051
21.0000 20.9986
21.0000 19.9040
21.0000 20.1164
21.0000 21.5986
21.0000 20.2367
21.0000 20.2746
21.0000 20.8638
21.0000 21.1639
21.0000 20.3702
21.0000 20.5250
21.0000 21.3248
21.0000 20.2800
21.0000 21.0188
21.0000 21.4105
21.0000 20.7598
21.0000 21.2245
21.0000 20.4716
21.0000 20.4078
21.0000 19.8637
21.0000 20.6597
21.0000 20.1808
21.0000 20.7760
21.0000 21.6801
21.0000 20.4003
21.0000 20.9544
21.0000 19.4543
21.0000 20.6466
21.0000 21.5188
21.0000 20.1975
21.0000 21.2667
21.0000 20.7557
21.0000 19.7853
21.0000 21.0956
21.0000 21.4224
21.0000 20.5833
21.0000 21.1384
21.0000 20.3055
21.0000 21.0183
21.0000 20.4649
21.0000 19.6907
21.0000 21.0233
21.0000 20.1800
21.0000 20.6646
21.0000 21.8396
21.0000 22.1454
21.0000 21.1952
21.0000 20.4682
21.0000 21.4763
21.0000 21.6609
21.0000 19.8489
21.0000 20.6264
21.0000 20.7912
21.0000 20.9314
21.0000 21.4872
21.0000 21.0182
21.0000 20.8694
21.0000 22.2552
21.0000 21.1819
21.0000 20.6575
21.0000 21.3404
21.0000 21.1810
21.0000 21.7585
21.0000 19.5388
21.0000 21.2925
21.0000 21.6588
21.0000 21.2424
21.0000 21.2021
21.0000 21.7806
21.0000 21.6844
21.0000 21.9602
21.0000 20.3676
21.0000 20.8054
21.0000 20.8869
21.0000 20.1537
21.0000 21.0283
21.0000 21.3118
21.0000 20.0619
21.0000 19.8748
21.0000 20.6303
21.0000 21.4677
21.0000 20.7254
21.0000 21.0843
21.0000 20.9041
21.0000 21.2508
21.0000 20.8719
21.0000 20.2839
21.0000 20.9124
21.0000 21.2483
21.0000 21.9747
21.0000 20.8559
21.0000 21.0508
21.0000 21.3533
21.0000 21.1260
21.0000 21.3222
21.0000 20.5084
21.0000 21.8458
21.0000 20.5230
21.0000 20.5795
21.0000 20.8892
21.0000 20.4149
21.0000 20.5051
21.0000 21.4222
21.0000 21.4456
21.0000 20.7508
21.0000 21.3065
21.0000 19.7364
21.0000 20.5049
21.0000 20.9571
21.0000 20.9240
21.0000 21.5843
21.0000 21.1991
21.0000 20.3819
21.0000 20.2769
21.0000 20.0729
21.0000 20.7587
21.0000 21.6956
21.0000 21.1746
21.0000 20.1364
21.0000 21.6863
21.0000 20.5415
21.0000 21.2015
21.0000 20.6677
21.0000 21.1048
21.0000 20.3358
21.0000 21.5946
21.0000 20.2358
21.0000 21.5294
21.0000 20.9113
21.0000 20.9057
21.0000 20.0752
21.0000 19.4041
21.0000 20.7754
21.0000 20.6987
21.0000 20.9755
21.0000 21.4687
21.0000 19.1804
21.0000 21.7100
21.0000 20.9178
21.0000 20.4795
21.0000 20.0714
21.0000 21.2640
21.0000 21.1510
21.0000 21.8040
21.0000 21.1526
21.0000 20.3878
21.0000 21.0497
21.0000 21.5509
21.0000 19.7223
21.0000 20.8969
21.0000 20.1376
21.0000 21.5789
21.0000 22.4342
21.0000 20.8311
21.0000 20.7160
21.0000 20.9229
21.0000 21.8491
21.0000 19.9774
21.0000 21.3821
21.0000 21.2309
21.0000 20.4278
21.0000 21.2257
21.0000 21.7623
21.0000 20.0965
21.0000 21.9459
21.0000 20.7367
21.0000 21.3667
21.0000 20.2402
21.0000 21.8218
21.0000 20.3583
21.0000 20.8287
21.0000 20.5585
21.0000 20.6260
21.0000 20.2172
21.0000 21.6538
21.0000 19.9086
21.0000 20.9622
21.0000 20.8746
21.0000 20.6652
21.0000 20.4339
21.0000 20.6168
21.0000 20.6940
21.0000 19.9391
21.0000 21.3138
21.0000 21.3337
21.0000 20.1649
21.0000 20.9462
21.0000 20.6548
21.0000 21.0510
21.0000 20.6439
21.0000 20.6951
21.0000 20.1922
21.0000 20.8925
21.0000 21.2508
21.0000 20.8147
21.0000 20.6660
21.0000 21.2342
21.0000 21.1600
21.0000 21.3539
21.0000 20.6774
21.0000 21.1495
21.0000 20.8358
21.0000 20.3283
21.0000 21.6920
21.0000 20.9348
21.0000 20.9730
21.0000 21.0068
21.0000 20.0139
21.0000 21.0306
21.0000 20.5763
21.0000 21.3070
21.0000 20.6959
21.0000 19.9050
21.0000 20.7217
21.0000 20.8350
21.0000 21.5939
21.0000 21.0636
21.0000 20.9272
21.0000 20.7038
21.0000 22.2494
21.0000 20.1324
21.0000 20.8219
21.0000 20.8661
21.0000 20.0657
21.0000 21.9677
21.0000 20.0355
21.0000 20.8723
21.0000 20.3646
21.0000 20.8646
21.0000 21.3675
21.0000 21.3258
21.0000 21.1814
21.0000 21.2307
21.0000 20.4505
21.0000 21.0423
21.0000 20.0130
21.0000 20.0439
21.0000 21.9232
21.0000 20.1593
21.0000 21.3843
21.0000 21.3221
21.0000 20.0275
21.0000 21.4604
21.0000 21.0497
21.0000 20.9903
21.0000 20.9160
21.0000 20.1554
21.0000 21.4922
21.0000 20.9608
21.0000 20.3510
21.0000 20.8187
21.0000 20.0536
21.0000 22.1225
21.0000 21.5931
21.0000 20.2959
21.0000 19.7423
21.0000 21.0385
21.0000 21.2682
21.0000 20.9414
21.0000 21.5860
21.0000 21.5674
21.0000 21.3520
21.0000 20.5961
21.0000 20.2939
21.0000 21.7401
21.0000 21.1434
21.0000 20.9385
21.0000 21.3326
21.0000 20.7684
21.0000 20.4288
21.0000 21.0299
21.0000 21.3098
21.0000 19.4986
21.0000 20.2207
21.0000 19.5035
21.0000 21.5189
21.0000 20.8481
21.0000 20.8314
21.0000 20.6690
21.0000 20.9168
21.0000 21.5129
21.0000 20.0046
21.0000 20.3875
21.0000 21.3136
21.0000 21.0705
21.0000 20.6209
21.0000 19.9757
21.0000 20.2899
21.0000 21.4771
21.0000 21.2983
21.0000 20.7737
21.0000 20.1337
21.0000 20.3614
21.0000 20.6950
21.0000 22.0316
21.0000 20.4459
21.0000 20.8544
21.0000 20.6082
21.0000 20.8387
21.0000 21.7644
21.0000 20.9660
21.0000 21.1195
21.0000 21.0567
21.0000 21.2055
21.0000 20.9408
21.0000 20.0988
21.0000 21.4472
21.0000 21.6726
21.0000 20.7809
21.0000 21.2819
21.0000 20.9257
21.0000 21.2297
21.0000 21.3203
21.0000 21.2933
21.0000 21.2971
21.0000 21.2735
21.0000 21.8915
21.0000 21.1395
21.0000 20.8042
21.0000 20.6497
21.0000 21.1424
21.0000 20.6514
21.0000 21.2630
21.0000 21.4613
21.0000 21.2376
21.0000 20.4619
21.0000 21.4134
21.0000 21.1063
21.0000 20.9735
21.0000 19.8672
21.0000 20.3797
21.0000 20.6758
21.0000 21.2519
21.0000 21.6055
21.0000 21.0912
21.0000 19.6250
21.0000 21.5296
21.0000 20.0486
21.0000 21.8165
21.0000 21.2144
21.0000 20.6943
21.0000 20.8562
21.0000 20.7336
21.0000 20.2381
21.0000 20.0938
21.0000 19.9237
21.0000 20.8927
21.0000 20.3994
21.0000 19.8624
21.0000 21.1086
21.0000 19.7367
21.0000 20.5477
21.0000 21.1645
21.0000 21.0582
21.0000 20.9492
21.0000 20.5477
21.0000 19.9800
21.0000 20.0939
21.0000 20.9576
21.0000 20.9684
21.0000 20.8227
21.0000 20.3139
21.0000 20.7940
21.0000 20.1921
21.0000 21.1910
21.0000 20.8040
21.0000 20.8446
21.0000 20.0563
21.0000 21.5822
21.0000 20.9420
21.0000 22.1077
21.0000 20.7423
21.0000 20.4730
21.0000 20.5199
21.0000 21.3335
21.0000 20.6852
21.0000 21.0496
21.0000 20.7905
21.0000 19.8459
21.0000 20.9909
21.0000 21.3332
21.0000 21.5776
21.0000 21.4119
21.0000 19.9102
21.0000 20.5923
21.0000 20.6639
21.0000 19.5804
21.0000 21.2868
21.0000 20.4726
21.0000 21.6939
21.0000 20.8238
21.0000 20.1633
21.0000 20.4298
21.0000 20.6000
21.0000 20.8535
21.0000 20.6206
21.0000 21.0711
21.0000 20.5707
21.0000 21.9989
21.0000 19.8906
21.0000 20.0387
21.0000 20.1739
21.0000 21.2151
21.0000 20.9840
21.0000 21.3404
21.0000 20.9506
21.0000 21.1792
21.0000 19.9755
21.0000 21.2478
21.0000 20.3077
21.0000 20.2368
21.0000 20.8431
21.0000 20.6408
21.0000 19.7807
21.0000 20.3177
21.0000 21.1198
21.0000 19.5665
21.0000 21.0052
21.0000 20.7161
21.0000 21.4985
21.0000 21.3452
21.0000 20.9863
21.0000 21.6808
21.0000 21.1529
21.0000 20.8715
21.0000 21.3433
21.0000 20.5951
21.0000 20.8257
21.0000 20.8694
21.0000 20.6831
21.0000 21.0265
21.0000 20.5913
21.0000 21.3078
21.0000 20.0752
21.0000 21.6063
21.0000 20.8311
21.0000 21.6102
21.0000 21.0401
21.0000 20.3236
21.0000 21.9819
21.0000 21.4515
21.0000 20.1032
21.0000 21.6496
21.0000 20.9843
21.0000 21.8083
21.0000 20.9890
21.0000 20.2442
21.0000 20.3724
21.0000 20.1064
21.0000 20.6419
21.0000 21.1710
21.0000 20.1250
21.0000 19.8172
21.0000 20.7533
21.0000 20.8231
21.0000 21.4117
21.0000 20.4939
21.0000 20.2236
21.0000 21.5794
21.0000 21.7290
21.0000 20.4365
21.0000 20.4925
21.0000 20.9666
21.0000 20.5149
21.0000 19.1781
21.0000 20.4601
21.0000 20.5363
21.0000 21.6712
21.0000 20.5850
21.0000 20.2279
21.0000 20.8930
21.0000 20.4107
21.0000 20.2527
21.0000 20.7168
21.0000 20.6926
21.0000 21.0001
21.0000 20.5527
21.0000 21.3991
21.0000 22.1318
21.0000 22.0049
21.0000 21.5597
21.0000 20.4237
21.0000 20.1418
21.0000 21.5202
21.0000 20.4818
21.0000 21.2976
21.0000 21.2137
21.0000 21.1028
21.0000 20.5501
21.0000 20.9595
21.0000 21.2001
21.0000 21.3137
21.0000 20.0763
21.0000 20.3756
21.0000 21.2256
21.0000 20.8764
21.0000 20.8545
21.0000 20.8066
21.0000 20.3734
21.0000 19.9023
21.0000 21.1239
21.0000 19.3292
21.0000 20.1515
21.0000 20.8587
21.0000 20.3628
21.0000 21.6549
21.0000 20.4948
21.0000 20.0448
21.0000 21.1734
21.0000 21.2533
21.0000 21.2601
21.0000 20.2423
21.0000 20.8318
21.0000 20.4985
21.0000 20.4082
21.0000 21.0033
21.0000 20.7436
21.0000 21.0047
21.0000 21.2463
21.0000 20.8147
21.0000 20.6808
21.0000 20.1816
21.0000 20.4668
21.0000 20.3081
21.0000 19.9392
21.0000 20.7963
21.0000 20.6588
21.0000 20.9731
21.0000 20.4065
21.0000 21.2093
21.0000 20.2003
21.0000 22.0934
21.0000 21.0038
21.0000 21.0890
21.0000 19.5622
21.0000 20.6139
21.0000 22.0831
21.0000 22.0876
21.0000 21.9239
21.0000 21.7429
21.0000 20.5782
21.0000 21.0031
21.0000 21.2899
21.0000 20.5559
21.0000 20.5709
21.0000 20.8913
21.0000 20.3086
21.0000 20.5032
21.0000 21.0486
21.0000 20.7412
21.0000 19.2816
21.0000 20.9459
21.0000 21.3914
21.0000 19.9807
21.0000 20.2773
21.0000 19.9297
21.0000 22.1973
21.0000 20.9165
21.0000 20.3473
21.0000 20.6582
21.0000 21.0240
21.0000 21.6272
21.0000 19.8071
21.0000 19.9415
21.0000 21.4242
21.0000 20.1192
21.0000 20.6243
21.0000 20.7738
21.0000 22.1799
21.0000 21.3708
21.0000 20.4521
21.0000 21.3250
21.0000 21.6879
21.0000 21.0601
21.0000 21.2063
21.0000 20.3952
21.0000 21.0748
21.0000 21.5165
21.0000 20.4225
21.0000 19.9686
21.0000 18.9900
21.0000 20.9638
21.0000 21.0194
21.0000 19.8876
21.0000 20.3891
21.0000 19.6002
21.0000 20.0944
21.0000 19.6303
21.0000 21.3979
21.0000 20.3417
21.0000 20.6071
21.0000 21.1492
21.0000 20.7136
21.0000 21.2906
21.0000 20.9566
21.0000 20.6403
21.0000 19.6900
21.0000 20.9539
21.0000 20.9941
21.0000 20.8283
21.0000 20.7221
21.0000 21.6756
21.0000 21.2609
21.0000 20.0013
21.0000 19.8970
21.0000 21.0692
21.0000 20.9270
21.0000 20.0872
21.0000 20.7256
21.0000 19.7995
21.0000 21.8221
21.0000 21.2653
21.0000 22.3089
21.0000 20.9900
21.0000 21.1796
21.0000 20.9210
21.0000 21.6646
21.0000 21.1550
21.0000 20.6118
21.0000 21.3920
21.0000 21.4164
21.0000 20.9884
21.0000 21.3579
21.0000 19.3913
21.0000 19.9695
21.0000 20.1653
21.0000 21.2797
21.0000 21.0131
21.0000 19.8316
21.0000 20.6159
21.0000 20.0096
21.0000 21.0118
21.0000 20.0517
21.0000 20.4036
21.0000 21.1907
21.0000 20.3708
21.0000 20.9849
21.0000 22.0422
21.0000 20.4102
21.0000 21.1487
21.0000 20.6570
21.0000 20.5037
21.0000 20.1709
21.0000 21.8653
21.0000 20.7492
21.0000 21.1395
21.0000 20.7663
21.0000 20.2345
21.0000 20.1626
21.0000 21.9572
21.0000 20.2913
21.0000 20.8171
21.0000 20.2675
21.0000 20.9951
21.0000 21.7143
21.0000 20.9638
21.0000 21.6584
21.0000 22.6559
21.0000 21.0414
21.0000 20.9018
21.0000 20.3405
21.0000 20.6860
21.0000 21.8609
21.0000 21.1567
21.0000 22.8038
21.0000 20.8192
21.0000 20.0708
21.0000 21.6924
21.0000 20.4767
21.0000 20.7890
21.0000 20.1833
21.0000 20.3633
21.0000 21.2192
21.0000 21.7224
21.0000 21.3374
21.0000 21.8399
21.0000 21.5227
21.0000 21.1337
21.0000 20.8404
21.0000 21.1508
21.0000 20.5946
21.0000 20.8368
21.0000 21.3105
21.0000 20.7707
21.0000 20.7231
21.0000 20.5076
21.0000 20.7509
21.0000 21.2821
21.0000 21.1419
21.0000 21.3941
21.0000 21.7456
21.0000 21.1225
21.0000 21.3792
21.0000 20.6429
21.0000 20.6031
21.0000 21.2165
21.0000 20.5259
21.0000 20.8037
21.0000 21.4511
21.0000 19.7969
21.0000 20.8379
21.0000 21.2359
21.0000 21.5725
21.0000 20.6933
21.0000 20.8736
21.0000 20.9360
21.0000 21.2591
21.0000 20.9835
21.0000 20.4483
21.0000 20.9824
21.0000 21.3555
21.0000 19.8346
21.0000 21.1610
21.0000 21.1168
21.0000 21.0724
21.0000 21.4945
21.0000 19.8088
21.0000 21.7993
21.0000 20.2854
21.0000 21.2804
21.0000 22.0908
21.0000 21.9882
21.0000 21.5188
21.0000 20.6662
21.0000 20.7892
21.0000 19.7765
21.0000 20.7093
21.0000 20.5145
21.0000 21.2779
21.0000 21.1575
21.0000 21.0860
21.0000 20.9236
21.0000 20.7698
21.0000 21.4440
21.0000 20.4596
21.0000 20.2647
21.0000 21.2077
21.0000 20.3585
21.0000 19.7350
21.0000 19.9286
21.0000 20.9260
21.0000 21.2656
21.0000 20.1454
21.0000 21.0682
21.0000 21.2768
21.0000 19.5655
21.0000 21.5266
21.0000 20.9629
21.0000 20.4905
21.0000 20.7878
21.0000 20.1696
21.0000 21.7588
21.0000 20.5251
21.0000 21.6869
21.0000 21.1211
21.0000 20.6060
21.0000 19.8326
21.0000 21.1246
21.0000 20.8677
21.0000 20.9985
21.0000 20.3213
21.0000 19.8255
21.0000 20.9942
21.0000 20.8350
21.0000 21.1141
21.0000 20.9724
21.0000 20.9275
21.0000 21.4110
21.0000 20.7360
21.0000 20.7619
21.0000 21.6069
21.0000 20.2813
21.0000 20.5388
21.0000 20.2557
21.0000 21.0264
21.0000 20.8061
21.0000 21.0934
21.0000 21.1521
21.0000 21.0937
21.0000 20.6870
21.0000 20.6947
21.0000 22.1018
21.0000 20.6052
21.0000 20.6316
21.0000 20.8126
21.0000 20.7981
21.0000 19.8031
21.0000 20.8291
21.0000 19.7819
21.0000 20.9846
21.0000 21.8209
21.0000 20.5918
21.0000 20.5041
21.0000 21.0483
21.0000 20.7236
21.0000 20.5999
21.0000 20.9566
21.0000 20.7326
21.0000 20.9405
21.0000 20.8449
21.0000 20.5679
21.0000 20.6087
21.0000 20.4134
21.0000 22.4704
21.0000 20.5281
21.0000 20.9939
21.0000 20.4114
21.0000 21.1896
21.0000 21.4509
21.0000 20.6346
21.0000 20.7458
21.0000 21.2247
21.0000 20.7435
21.0000 20.8123
21.0000 20.3770
21.0000 20.7034
21.0000 21.0755
21.0000 20.8634
21.0000 21.3412
21.0000 22.2643
21.0000 21.7552
21.0000 20.8468
21.0000 20.9113
21.0000 21.1186
21.0000 20.6397
21.0000 21.6039
21.0000 21.2389
21.0000 21.6799
21.0000 20.6193
21.0000 21.2647
21.0000 20.5120
21.0000 21.2813
21.0000 20.1177
21.0000 21.2675
21.0000 20.7251
21.0000 21.6856
21.0000 20.4864
21.0000 21.1528
21.0000 21.2998
21.0000 20.0504
21.0000 20.9662
21.0000 21.9684
21.0000 21.2383
21.0000 21.2401
21.0000 20.1032
21.0000 20.6327
21.0000 21.0189
21.0000 19.6323
21.0000 20.5868
21.0000 21.1530
21.0000 20.0498
21.0000 20.9426
21.0000 21.2819
21.0000 20.7401
21.0000 20.9542
21.0000 22.4038
21.0000 20.8489
21.0000 20.5122
21.0000 20.3911
21.0000 20.7946
21.0000 21.1207
21.0000 20.4351
21.0000 21.2441
21.0000 20.2900
21.0000 21.0753
21.0000 20.4164
21.0000 21.0168
21.0000 21.7319
21.0000 21.1922
21.0000 21.1079
21.0000 21.0319
21.0000 19.8423
21.0000 21.2749
21.0000 21.0320
21.0000 20.5219
21.0000 21.5481
21.0000 20.3408
21.0000 19.5709
21.0000 20.9937
21.0000 21.3560
21.0000 21.3654
21.0000 21.7198
21.0000 20.6605
21.0000 21.1265
21.0000 21.0884
21.0000 20.0835
21.0000 20.7279
21.0000 21.2063
21.0000 20.6551
21.0000 20.6009
21.0000 19.7223
21.0000 20.5318
21.0000 21.4389
21.0000 20.5760
21.0000 20.8211
21.0000 20.9703
21.0000 20.7437
21.0000 21.3534
21.0000 20.6052
21.0000 21.1664
21.0000 20.3949
21.0000 21.2065
21.0000 20.8560
21.0000 20.2863
21.0000 20.9479
21.0000 21.3580
21.0000 21.4526
21.0000 21.9587
21.0000 20.7734
21.0000 21.5356
21.0000 20.3933
21.0000 21.1259
21.0000 20.7441
21.0000 21.6450
21.0000 21.2848
21.0000 20.9318
21.0000 20.9203
21.0000 20.7657
21.0000 21.0226
21.0000 20.3115
21.0000 20.4608
21.0000 21.0404
21.0000 20.8551
21.0000 21.5198
21.0000 20.8966
21.0000 20.4750
21.0000 21.0418
21.0000 20.4575
21.0000 20.2140
21.0000 20.8173
21.0000 20.6978
21.0000 20.6831
21.0000 20.4743
21.0000 20.3090
21.0000 21.2196
21.0000 20.6607
21.0000 20.7904
21.0000 21.1939
21.0000 21.2712
21.0000 20.8586
21.0000 20.8815
21.0000 21.5506
21.0000 21.1962
21.0000 20.8512
21.0000 21.2083
21.0000 19.9160
21.0000 20.5867
21.0000 21.5051
21.0000 20.4731
21.0000 20.2384
21.0000 21.9613
21.0000 21.8388
21.0000 20.9051
21.0000 20.9218
21.0000 20.4354
21.0000 21.1631
21.0000 20.3741
21.0000 20.6821
21.0000 20.4296
21.0000 20.5149
21.0000 20.5803
21.0000 20.9836
21.0000 20.4681
21.0000 20.7994
21.0000 20.4953
21.0000 20.7649
21.0000 21.6239
21.0000 20.3361
21.0000 20.9274
21.0000 20.5852
21.0000 20.7811
21.0000 21.4779
21.0000 20.8268
21.0000 20.7110
21.0000 21.9977
21.0000 21.6713
21.0000 20.5978
21.0000 20.3757
21.0000 20.6840
21.0000 20.3291
21.0000 20.3383
21.0000 20.9916
21.0000 20.2889
21.0000 20.6995
21.0000 20.8599
21.0000 20.7287
21.0000 21.0442
21.0000 21.5087
21.0000 21.5129
21.0000 21.5063
21.0000 20.8374
21.0000 20.9208
21.0000 21.9206
21.0000 19.9092
21.0000 19.7980
21.0000 20.0408
21.0000 21.5300
21.0000 21.4893
21.0000 20.9414
21.0000 20.7313
21.0000 19.6844
21.0000 20.3366
21.0000 20.5089
21.0000 21.0957
21.0000 20.3147
21.0000 20.8454
21.0000 20.4764
21.0000 20.4698
21.0000 21.8735
21.0000 20.6840
21.0000 20.7965
21.0000 20.5089
21.0000 21.2340
21.0000 21.0939
21.0000 20.1731
21.0000 21.0678
21.0000 21.2919
21.0000 21.2569
21.0000 20.0886
21.0000 21.8040
21.0000 21.2169
21.0000 21.1536
21.0000 20.1853
21.0000 21.2468
21.0000 20.9893
21.0000 21.2942
21.0000 20.9126
21.0000 21.3468
21.0000 20.6745
21.0000 21.7687
21.0000 20.9285
21.0000 21.0050
21.0000 21.3701
21.0000 20.2889
21.0000 20.1878
21.0000 20.6762
21.0000 20.8117
21.0000 20.2032
21.0000 20.2514
21.0000 20.4402
21.0000 20.8384
21.0000 19.5776
21.0000 20.7694
21.0000 21.3244
21.0000 21.1608
21.0000 21.3829
21.0000 19.7290
21.0000 21.5398
21.0000 20.7799
21.0000 20.7901
21.0000 21.5227
21.0000 21.1194
21.0000 21.5732
21.0000 20.9431
21.0000 21.6230
21.0000 21.1378
21.0000 21.4415
21.0000 19.3863
21.0000 21.3866
21.0000 21.2074
21.0000 20.7163
21.0000 20.7882
21.0000 20.9434
21.0000 20.5558
21.0000 21.0113
21.0000 21.6203
21.0000 19.8446
21.0000 20.9846
21.0000 21.9820
21.0000 20.4895
21.0000 20.0031
21.0000 20.3905
21.0000 20.8891
21.0000 20.9381
21.0000 21.8199
21.0000 21.7025
21.0000 21.5857
21.0000 21.8036
21.0000 21.2133
21.0000 20.8771
21.0000 21.6466
21.0000 20.9960
21.0000 20.9602
21.0000 21.3231
21.0000 21.3503
21.0000 20.7989
21.0000 21.2884
21.0000 19.9788
21.0000 19.8163
21.0000 21.0211
21.0000 20.3725
21.0000 20.2533
21.0000 21.6808
21.0000 21.6134
21.0000 20.4770
21.0000 20.1315
21.0000 20.0989
21.0000 21.3651
21.0000 20.8186
21.0000 20.7346
21.0000 20.0903
21.0000 20.6038
21.0000 21.4297
21.0000 19.8412
21.0000 20.2765
21.0000 21.3061
21.0000 20.6274
21.0000 21.1751
21.0000 20.4468
21.0000 20.5726
21.0000 20.6533
21.0000 21.3171
21.0000 21.4657
21.0000 21.4745
21.0000 21.3949
21.0000 21.4541
21.0000 20.0069
21.0000 20.7572
21.0000 21.3363
21.0000 21.5609
21.0000 19.7388
21.0000 20.0441
21.0000 21.2347
21.0000 20.6036
21.0000 20.3199
21.0000 21.5578
21.0000 21.2984
21.0000 19.8565
21.0000 20.1940
21.0000 19.9142
21.0000 21.1249
21.0000 19.1323
21.0000 20.6158
21.0000 20.5572
21.0000 20.9640
21.0000 20.8168
21.0000 20.9264
21.0000 21.6965
21.0000 20.8050
21.0000 19.9265
21.0000 20.8419
21.0000 20.5926
21.0000 20.4279
21.0000 21.5998
21.0000 20.7011
21.0000 20.2158
21.0000 21.3580
21.0000 20.3260
21.0000 22.3592
21.0000 19.8200
21.0000 21.4312
21.0000 21.2285
21.0000 20.4836
21.0000 20.2549
21.0000 21.2028
21.0000 20.4741
21.0000 21.0454
21.0000 22.3696
21.0000 21.6165
21.0000 20.3023
21.0000 20.3348
21.0000 21.1030
21.0000 20.6006
21.0000 20.6842
21.0000 20.6077
21.0000 20.9907
21.0000 21.4633
21.0000 20.9630
21.0000 20.4350
21.0000 20.4910
21.0000 21.0741
21.0000 20.6902
21.0000 21.3374
21.0000 20.2901
21.0000 20.3805
21.0000 21.3364
21.0000 20.0456
21.0000 20.6232
21.0000 21.0268
21.0000 20.9407
21.0000 20.2950
21.0000 21.5148
21.0000 20.7703
21.0000 20.3206
21.0000 20.8751
21.0000 20.2892
21.0000 20.5823
21.0000 20.8627
21.0000 20.8974
21.0000 21.1785
21.0000 21.2726
21.0000 21.7781
21.0000 20.2331
21.0000 21.0900
21.0000 21.3287
21.0000 20.9550
21.0000 21.1392
21.0000 19.9845
21.0000 20.6051
21.0000 20.9719
21.0000 20.6417
21.0000 21.1032
21.0000 20.4237
21.0000 20.3605
21.0000 21.1357
21.0000 19.7053
21.0000 21.3354
21.0000 19.7120
21.0000 21.5724
21.0000 20.2551
21.0000 20.8080
21.0000 19.9996
21.0000 20.6834
21.0000 20.1022
21.0000 20.9970
21.0000 22.0853
21.0000 21.3641
21.0000 20.4385
21.0000 21.0290
21.0000 20.4150
21.0000 20.4600
21.0000 20.1298
21.0000 20.5383
21.0000 21.0165
21.0000 21.3795
21.0000 21.3548
21.0000 20.6846
21.0000 20.5246
21.0000 21.8262
21.0000 20.8068
21.0000 20.6145
21.0000 20.5858
21.0000 21.1327
21.0000 19.8061
21.0000 20.7667
21.0000 20.6019
21.0000 19.9569
21.0000 21.0818
21.0000 21.9229
21.0000 20.1774
21.0000 20.1777
21.0000 20.2754
21.0000 21.0205
21.0000 20.5979
21.0000 21.2230
21.0000 20.9327
21.0000 20.8786
21.0000 20.5312
21.0000 20.5629
21.0000 20.8951
21.0000 20.7134
21.0000 21.2633
21.0000 20.5260
21.0000 21.4500
21.0000 20.4099
21.0000 20.0683
21.0000 21.1350
21.0000 20.0205
21.0000 20.2695
21.0000 21.3191
21.0000 21.0096
21.0000 20.4889
21.0000 20.3283
21.0000 19.7680
21.0000 20.9327
21.0000 19.5876
21.0000 20.1797
21.0000 21.6425
21.0000 19.9194
21.0000 20.8410
21.0000 20.7303
21.0000 21.3997
21.0000 20.8157
21.0000 20.8375
21.0000 20.7754
21.0000 20.8486
21.0000 20.6069
21.0000 21.3248
21.0000 20.9904
21.0000 21.4789
21.0000 20.6835
21.0000 21.1570
21.0000 21.2025
21.0000 20.6701
21.0000 19.8739
21.0000 20.2245
21.0000 21.2940
21.0000 22.7207
21.0000 20.5208
21.0000 21.2043
21.0000 20.4429
21.0000 20.6607
21.0000 20.2477
21.0000 20.9372
21.0000 21.0526
21.0000 20.7840
21.0000 20.9554
21.0000 21.1337
21.0000 21.0177
21.0000 19.5757
21.0000 19.9991
21.0000 20.5842
21.0000 20.1988
21.0000 21.3022
21.0000 20.2413
21.0000 21.2496
21.0000 21.1855
21.0000 21.7269
21.0000 21.0959
21.0000 21.1947
21.0000 20.9036
21.0000 20.2528
21.0000 20.3533
21.0000 20.5414
21.0000 21.4719
21.0000 21.0049
21.0000 20.8788
21.0000 20.7655
21.0000 21.5008
21.0000 20.6240
21.0000 21.3649
21.0000 20.9933
21.0000 21.3099
21.0000 21.5489
21.0000 21.6026
21.0000 20.8984
21.0000 20.7729
21.0000 20.9983
21.0000 19.7962
21.0000 19.8602
21.0000 21.7478
21.0000 20.9394
21.0000 20.4035
21.0000 20.8850
21.0000 21.4750
21.0000 20.6990
21.0000 21.1141
21.0000 20.2545
21.0000 19.9638
21.0000 20.0839
21.0000 20.7792
21.0000 20.1315
21.0000 20.2228
21.0000 20.8692
21.0000 21.1725
21.0000 20.6965
21.0000 22.0400
21.0000 20.6620
21.0000 20.7228
21.0000 21.1768
21.0000 20.3845
21.0000 21.0728
21.0000 20.6465
21.0000 21.8870
21.0000 20.5618
21.0000 20.6871
21.0000 21.8045
21.0000 21.7047
21.0000 20.3599
21.0000 21.9319
21.0000 21.0282
21.0000 21.1705
21.0000 22.0264
21.0000 19.3910
21.0000 21.3075
21.0000 21.3000
21.0000 21.0190
21.0000 20.6286
21.0000 20.6005
21.0000 21.0069
21.0000 20.4839
21.0000 19.6996
21.0000 21.5400
21.0000 20.8608
21.0000 19.6876
21.0000 20.1293
21.0000 20.4695
21.0000 20.3343
21.0000 20.7168
21.0000 20.9772
21.0000 20.9531
21.0000 21.7826
21.0000 20.5281
21.0000 21.7239
21.0000 20.9985
21.0000 20.8522
21.0000 21.3759
21.0000 21.1064
21.0000 20.5788
21.0000 20.6315
21.0000 20.0746
21.0000 21.5021
21.0000 21.9089
21.0000 21.8642
21.0000 20.9199
21.0000 20.7024
21.0000 21.4560
21.0000 21.4193
21.0000 20.6320
21.0000 21.7505
21.0000 20.3720
21.0000 21.4126
21.0000 19.6726
21.0000 20.5618
21.0000 20.9839
21.0000 21.4912
21.0000 20.9560
21.0000 21.0067
21.0000 20.5694
21.0000 21.6984
21.0000 21.1202
21.0000 20.6241
21.0000 20.3408
21.0000 21.3970
21.0000 21.4890
21.0000 20.0366
21.0000 20.8302
21.0000 21.6283
21.0000 20.6901
21.0000 19.6589
21.0000 21.1419
21.0000 21.7571
21.0000 20.9230
21.0000 20.6031
21.0000 20.3452
21.0000 20.4475
21.0000 20.2918
21.0000 19.9595
21.0000 19.6737
21.0000 20.3732
21.0000 20.2420
21.0000 20.6498
21.0000 21.0367
21.0000 21.0858
21.0000 20.6727
21.0000 21.2851
21.0000 21.0484
21.0000 20.0508
21.0000 20.8422
21.0000 20.4338
21.0000 20.6377
21.0000 20.2984
21.0000 21.2446
21.0000 21.5390
21.0000 21.0377
21.0000 21.1371
21.0000 20.4485
21.0000 20.2521
21.0000 19.6201
21.0000 21.4316
21.0000 20.5242
21.0000 20.6920
21.0000 21.2377
21.0000 20.1371
21.0000 21.0385
21.0000 20.7647
21.0000 21.3588
21.0000 20.7977
21.0000 21.0411
21.0000 21.2745
21.0000 20.0054
21.0000 21.0123
21.0000 21.8306
21.0000 21.3893
21.0000 21.4567
21.0000 20.9476
21.0000 20.9879
21.0000 21.2780
21.0000 20.7743
21.0000 21.2793
21.0000 20.0301
21.0000 20.9244
21.0000 20.1829
21.0000 19.9480
21.0000 20.9018
21.0000 19.4612
21.0000 20.4679
21.0000 19.4388
21.0000 20.7029
21.0000 21.4483
21.0000 21.7197
21.0000 21.1120
21.0000 20.4004
21.0000 20.8750
21.0000 21.2057
21.0000 21.8166
21.0000 20.1506
21.0000 20.1112
21.0000 21.0101
21.0000 21.0415
21.0000 20.9430
21.0000 20.3646
21.0000 20.0190
21.0000 21.0287
21.0000 21.3096
21.0000 20.3105
21.0000 21.4777
21.0000 21.0560
21.0000 21.6097
21.0000 21.5257
21.0000 20.8302
21.0000 20.9571
21.0000 19.9593
21.0000 20.9644
21.0000 20.9257
21.0000 20.0560
21.0000 20.0146
21.0000 20.9303
21.0000 20.5511
21.0000 22.3517
21.0000 21.4737
21.0000 20.6034
21.0000 20.6487
21.0000 20.2091
21.0000 21.4612
21.0000 21.5272
21.0000 20.4035
21.0000 21.1778
21.0000 20.3961
21.0000 20.0441
21.0000 20.1786
21.0000 21.3382
21.0000 20.8284
21.0000 20.8171
21.0000 21.4215
21.0000 20.9207
21.0000 20.7747
21.0000 20.4031
21.0000 20.5029
21.0000 21.1057
21.0000 19.0944
21.0000 21.0976
21.0000 20.3462
21.0000 21.6935
21.0000 21.5370
21.0000 22.0573
21.0000 20.2453
21.0000 20.3367
21.0000 21.4382
21.0000 19.8238
21.0000 21.1231
21.0000 22.0584
21.0000 19.9468
21.0000 20.7096
21.0000 20.5452
21.0000 20.6841
21.0000 20.3750
21.0000 19.1821
21.0000 19.8169
21.0000 20.6860
21.0000 20.4270
21.0000 20.1342
21.0000 19.6972
21.0000 20.8049
21.0000 21.6673
21.0000 20.9199
21.0000 19.9614
21.0000 21.3765
21.0000 20.7930
21.0000 21.1045
21.0000 21.0331
21.0000 20.7190
21.0000 21.8114
21.0000 21.3313
21.0000 20.6513
21.0000 21.5848
21.0000 22.3114
21.0000 21.1691
21.0000 21.2706
21.0000 20.8685
21.0000 20.9667
21.0000 21.8212
21.0000 20.8463
21.0000 19.9892
21.0000 21.8534
21.0000 21.7277
21.0000 20.4637
21.0000 20.6422
21.0000 21.2625
21.0000 20.8007
21.0000 20.2010
21.0000 19.6337
21.0000 21.7683
21.0000 19.7466
21.0000 21.5370
21.0000 20.8632
21.0000 21.4939
21.0000 21.0319
21.0000 21.1016
21.0000 21.5125
21.0000 21.9434
21.0000 19.7569
21.0000 20.6384
21.0000 21.2898
21.0000 20.5038
21.0000 20.5827
21.0000 20.9682
21.0000 21.2611
21.0000 20.4692
21.0000 20.3443
21.0000 21.4147
21.0000 19.5586
21.0000 20.8981
21.0000 21.2882
21.0000 21.2672
21.0000 20.0270
21.0000 20.1827
21.0000 21.2909
21.0000 20.5295
21.0000 21.6459
21.0000 20.9702
21.0000 21.1880
21.0000 20.8750
21.0000 20.9480
21.0000 21.2419
21.0000 19.9599
21.0000 21.2508
21.0000 21.4687
21.0000 20.9515
21.0000 20.3982
21.0000 20.6120
21.0000 20.8236
21.0000 20.6634
21.0000 20.7005
21.0000 21.5203
21.0000 20.8578
21.0000 20.4255
21.0000 20.4736
21.0000 20.5694
21.0000 21.0843
21.0000 20.3473
21.0000 20.0961
21.0000 21.1411
21.0000 20.5076
21.0000 20.3844
21.0000 20.8591
21.0000 20.1182
21.0000 21.1399
21.0000 20.4376
21.0000 21.0835
21.0000 21.9734
21.0000 21.5282
21.0000 21.1789
21.0000 21.3769
21.0000 21.1361
21.0000 20.8222
21.0000 20.3397
21.0000 20.5311
21.0000 21.4889
21.0000 20.4959
21.0000 20.3832
21.0000 20.4030
21.0000 21.9388
21.0000 19.9048
21.0000 20.7340
21.0000 21.7829
21.0000 19.4860
21.0000 20.7101
21.0000 20.5138
21.0000 20.9625
21.0000 21.2295
21.0000 21.1453
21.0000 20.1365
21.0000 20.9113
21.0000 20.0874
21.0000 21.4547
21.0000 20.1494
21.0000 20.8719
21.0000 20.9619
21.0000 20.8782
21.0000 20.5315
21.0000 19.9073
21.0000 20.9151
21.0000 20.8910
21.0000 20.3974
21.0000 19.5793
21.0000 20.2966
21.0000 19.9482
21.0000 21.2002
21.0000 21.0525
21.0000 20.6542
21.0000 21.6748
21.0000 21.8103
21.0000 21.0881
21.0000 20.3751
21.0000 19.9841
21.0000 19.8862
21.0000 20.5453
21.0000 20.9705
21.0000 21.1949
21.0000 20.6619
21.0000 19.2805
21.0000 20.8438
21.0000 20.8026
21.0000 20.9869
21.0000 21.1945
21.0000 19.9899
21.0000 19.8081
21.0000 21.0949
21.0000 21.8693
21.0000 20.5046
21.0000 21.3686
21.0000 21.7176
21.0000 20.3139
21.0000 22.0687
21.0000 20.5567
21.0000 20.8039
21.0000 21.4601
21.0000 21.4766
21.0000 21.2918
21.0000 20.3242
21.0000 21.9556
21.0000 20.3861
21.0000 21.2097
21.0000 20.7403
21.0000 21.1300
21.0000 20.6049
21.0000 20.5705
21.0000 21.0700
21.0000 21.5182
21.0000 20.2136
21.0000 20.6536
21.0000 21.3779
21.0000 20.7594
21.0000 21.3028
21.0000 21.3942
21.0000 21.1505
21.0000 20.4479
21.0000 20.2972
21.0000 21.4111
21.0000 20.5151
21.0000 21.4710
21.0000 20.8214
21.0000 20.7462
21.0000 20.6782
21.0000 20.8575
21.0000 21.2702
21.0000 20.6904
21.0000 21.2176
21.0000 21.1402
21.0000 21.3575
21.0000 20.4721
21.0000 19.9446
21.0000 20.9817
21.0000 21.2739
21.0000 20.8918
21.0000 20.5077
21.0000 21.5412
21.0000 22.0196
21.0000 21.3474
21.0000 19.9648
21.0000 21.0734
21.0000 20.8631
21.0000 20.4602
21.0000 20.3623
21.0000 20.8350
21.0000 21.2193
21.0000 21.4342
21.0000 20.4395
21.0000 21.9043
21.0000 20.3050
21.0000 20.9590
21.0000 21.0057
21.0000 20.0516
21.0000 20.5200
21.0000 20.8552
21.0000 20.4508
21.0000 20.5581
21.0000 20.7157
21.0000 21.4077
21.0000 20.9744
21.0000 21.3879
21.0000 20.4763
21.0000 21.1680
21.0000 21.5197
21.0000 20.1911
21.0000 20.6167
21.0000 20.4781
21.0000 20.8425
21.0000 20.4767
21.0000 20.8205
21.0000 21.1017
21.0000 21.4384
21.0000 21.4237
21.0000 19.6361
21.0000 20.8627
21.0000 20.7442
21.0000 21.6098
21.0000 20.5473
21.0000 20.9440
21.0000 21.1448
21.0000 21.1091
21.0000 20.6310
21.0000 20.7483
21.0000 20.6701
21.0000 20.8437
21.0000 21.0301
21.0000 21.3684
21.0000 20.7116
21.0000 20.4224
21.0000 20.8087
21.0000 21.3699
21.0000 20.9305
21.0000 21.2157
21.0000 20.3152
21.0000 20.7035
21.0000 20.7250
21.0000 21.8647
21.0000 20.1229
21.0000 20.2817
21.0000 20.3899
21.0000 20.4413
21.0000 20.4101
21.0000 21.5414
21.0000 20.8686
21.0000 20.2809
21.0000 20.2306
21.0000 20.4545
21.0000 20.6717
21.0000 19.9923
21.0000 20.7152
21.0000 20.8752
21.0000 21.1072
21.0000 20.3797
21.0000 21.8699
21.0000 21.1245
21.0000 21.4062
21.0000 20.2395
21.0000 20.3191
21.0000 21.0312
21.0000 20.6307
21.0000 21.0602
21.0000 21.0751
21.0000 21.4198
21.0000 20.4236
21.0000 20.4919
21.0000 20.0574
21.0000 21.5401
21.0000 20.7052
21.0000 20.9411
21.0000 21.5105
21.0000 20.4203
21.0000 20.8885
21.0000 22.0073
21.0000 20.7830
21.0000 21.4758
21.0000 20.4634
21.0000 20.4139
21.0000 20.8821
21.0000 21.0934
21.0000 20.5240
21.0000 19.9265
21.0000 21.3547
21.0000 20.9108
21.0000 21.0339
21.0000 21.3183
21.0000 20.9390
21.0000 21.0201
21.0000 21.0730
21.0000 21.0117
21.0000 21.3969
21.0000 20.7222
21.0000 20.9060
21.0000 20.6545
21.0000 20.6579
21.0000 20.2738
21.0000 21.4114
21.0000 19.4968
21.0000 20.1454
21.0000 21.2502
21.0000 20.6448
21.0000 20.0840
21.0000 21.0502
21.0000 20.3039
21.0000 21.6236
21.0000 21.3270
21.0000 20.1836
21.0000 20.0148
21.0000 21.0517
21.0000 20.7963
21.0000 21.5429
21.0000 21.1118
21.0000 22.0206
21.0000 21.5169
21.0000 19.8111
21.0000 21.9549
21.0000 21.3647
21.0000 21.2345
21.0000 20.9504
21.0000 21.0203
21.0000 20.7470
21.0000 20.2686
21.0000 21.4601
21.0000 21.8315
21.0000 20.1630
21.0000 21.2670
21.0000 21.1472
21.0000 20.5867
21.0000 20.8214
21.0000 20.3515
21.0000 21.1200
21.0000 20.7415
21.0000 19.7663
21.0000 21.7507
21.0000 20.1719
21.0000 20.8366
21.0000 20.8976
21.0000 21.2721
21.0000 19.0981
21.0000 21.3497
21.0000 20.9227
21.0000 20.9707
21.0000 20.8739
21.0000 21.5294
21.0000 21.4881
21.0000 20.9060
21.0000 20.4820
21.0000 21.2495
21.0000 19.9286
21.0000 19.9958
21.0000 20.6794
21.0000 20.2608
21.0000 20.3663
21.0000 20.5409
21.0000 19.8649
21.0000 20.0944
21.0000 20.2794
21.0000 21.0150
21.0000 21.0029
21.0000 20.9779
21.0000 20.3594
21.0000 21.2854
21.0000 20.1019
21.0000 21.0703
21.0000 19.7457
21.0000 21.2779
21.0000 21.0118
21.0000 20.1074
21.0000 20.2533
21.0000 20.7973
21.0000 20.1088
21.0000 20.4817
21.0000 21.1775
21.0000 20.4138
21.0000 20.8134
21.0000 21.1259
21.0000 20.6968
21.0000 21.5895
21.0000 21.3760
21.0000 21.4555
21.0000 21.4944
21.0000 20.4712
21.0000 21.4005
21.0000 21.4098
21.0000 21.3910
21.0000 20.1734
21.0000 20.1548
21.0000 21.3513
21.0000 20.1934
21.0000 21.6937
21.0000 21.5299
21.0000 20.8871
21.0000 20.4223
21.0000 21.5832
21.0000 21.6826
21.0000 20.2654
21.0000 22.3740
21.0000 20.6964
21.0000 20.2074
21.0000 21.1075
21.0000 20.8771
21.0000 20.8074
21.0000 20.6994
21.0000 21.3632
21.0000 21.0327
21.0000 20.0583
21.0000 21.1421
21.0000 20.8717
21.0000 21.0556
21.0000 20.1343
21.0000 20.5243
21.0000 20.5477
21.0000 20.5393
21.0000 21.6456
21.0000 21.6233
21.0000 22.2611
21.0000 21.8750
21.0000 20.9579
21.0000 20.4658
21.0000 21.3626
21.0000 21.6762
21.0000 20.2139
21.0000 21.2887
21.0000 20.5287
21.0000 19.8163
21.0000 20.0829
21.0000 21.0992
21.0000 21.0339
21.0000 21.0367
21.0000 21.3043
21.0000 21.1182
21.0000 20.9632
21.0000 20.9014
21.0000 20.7408
21.0000 21.5167
21.0000 20.9273
21.0000 20.6610
21.0000 19.8735
21.0000 20.6772
21.0000 20.9650
21.0000 21.2436
21.0000 19.8654
21.0000 20.4282
21.0000 21.9473
21.0000 20.0522
21.0000 21.2723
21.0000 20.8468
21.0000 19.9095
21.0000 20.1410
21.0000 20.7900
21.0000 20.9474
21.0000 20.0986
21.0000 20.1029
21.0000 20.1084
21.0000 20.1546
21.0000 19.7364
21.0000 20.2916
21.0000 20.8857
21.0000 20.5645
21.0000 20.6063
21.0000 19.4743
21.0000 21.1906
21.0000 20.0433
21.0000 20.4555
21.0000 21.7669
21.0000 20.2448
21.0000 20.5728
21.0000 20.9710
21.0000 21.5902
21.0000 21.4262
21.0000 21.8948
21.0000 20.3105
21.0000 21.2652
21.0000 19.6284
21.0000 20.7356
21.0000 21.6547
21.0000 21.5079
21.0000 21.3584
21.0000 21.2940
21.0000 21.3241
21.0000 20.6810
21.0000 20.2644
21.0000 20.1658
21.0000 20.7550
21.0000 20.8787
21.0000 20.5809
21.0000 21.3816
21.0000 21.3013
21.0000 21.8225
21.0000 21.0705
21.0000 20.6508
21.0000 20.1039
21.0000 21.5247
21.0000 20.5884
21.0000 20.3599
21.0000 20.8674
21.0000 21.0753
21.0000 21.2652
21.0000 21.9529
21.0000 20.4307
21.0000 21.7582
21.0000 20.8407
21.0000 20.3342
21.0000 21.3607
21.0000 20.4694
21.0000 20.3768
21.0000 21.0706
21.0000 21.1101
21.0000 20.6311
21.0000 21.2483
21.0000 19.9360
21.0000 20.9443
21.0000 20.6844
21.0000 20.6000
21.0000 20.5180
21.0000 20.3556
21.0000 21.6655
21.0000 19.4462
21.0000 20.3315
21.0000 19.9250
21.0000 20.7190
21.0000 20.4283
21.0000 20.5623
21.0000 20.3302
21.0000 21.3963
21.0000 20.7680
21.0000 21.1868
21.0000 19.6029
21.0000 20.6425
21.0000 20.4459
21.0000 20.6884
21.0000 21.9079
21.0000 21.2733
21.0000 21.4026
21.0000 21.0506
21.0000 20.4482
21.0000 20.7929
21.0000 21.1462
21.0000 20.7593
21.0000 21.8397
21.0000 19.7992
21.0000 20.7049
21.0000 21.5177
21.0000 21.0557
21.0000 20.1596
21.0000 20.3924
21.0000 21.0684
21.0000 19.9853
21.0000 21.0360
21.0000 21.0161
21.0000 20.7179
21.0000 21.7057
21.0000 20.7128
21.0000 21.3900
21.0000 20.8528
21.0000 20.3116
21.0000 20.3368
21.0000 21.5097
21.0000 21.2162
21.0000 20.9495
21.0000 20.7655
21.0000 20.5011
21.0000 21.3406
21.0000 20.8273
21.0000 21.0515
21.0000 20.3875
21.0000 20.8570
21.0000 20.9211
21.0000 20.8668
21.0000 20.3820
21.0000 19.8058
21.0000 20.3644
21.0000 20.5916
21.0000 20.7324
21.0000 20.4591
21.0000 21.7078
21.0000 20.6034
21.0000 20.1432
21.0000 20.7890
21.0000 19.7675
21.0000 20.2285
21.0000 20.6734
21.0000 21.5293
21.0000 21.0596
21.0000 19.8745
21.0000 20.3745
21.0000 19.4638
21.0000 20.4455
21.0000 20.6876
21.0000 20.6192
21.0000 21.5176
21.0000 20.8089
21.0000 20.7578
21.0000 21.1159
21.0000 20.3993
21.0000 21.3687
21.0000 20.3862
21.0000 20.1311
21.0000 21.6425
21.0000 20.3276
21.0000 21.8069
21.0000 21.2871
21.0000 21.2959
21.0000 21.1610
21.0000 20.7327
21.0000 20.7741
21.0000 20.5105
21.0000 22.3065
21.0000 19.2853
21.0000 19.9336
21.0000 21.5858
21.0000 20.7424
21.0000 19.7749
21.0000 20.9342
21.0000 21.6494
21.0000 20.3144
21.0000 20.5114
21.0000 21.3327
21.0000 20.4408
21.0000 21.0990
21.0000 21.7187
21.0000 20.3734
21.0000 21.1021
21.0000 20.5243
21.0000 21.4272
21.0000 19.9122
21.0000 20.5432
21.0000 20.0016
21.0000 20.1240
21.0000 20.7463
21.0000 20.2180
21.0000 21.2720
21.0000 21.7274
21.0000 20.2912
21.0000 21.6735
21.0000 20.8112
21.0000 21.0692
21.0000 21.0110
21.0000 20.6740
21.0000 21.2055
21.0000 21.1443
21.0000 21.1491
21.0000 20.4978
21.0000 20.8959
21.0000 21.1985
21.0000 21.0156
21.0000 20.6512
21.0000 20.9836
21.0000 21.3305
21.0000 21.1900
21.0000 21.2845
21.0000 21.4053
21.0000 20.9533
21.0000 21.2753
21.0000 20.5369
21.0000 20.1064
21.0000 22.1467
21.0000 20.5853
21.0000 21.3896
21.0000 20.4691
21.0000 21.1912
21.0000 21.2715
21.0000 20.5164
21.0000 21.1861
21.0000 20.8079
21.0000 20.9534
21.0000 20.3015
21.0000 21.2697
21.0000 21.2062
21.0000 21.7794
21.0000 21.1577
21.0000 19.6910
21.0000 21.7105
21.0000 20.5293
21.0000 20.6999
21.0000 20.9540
21.0000 21.4210
21.0000 21.3442
21.0000 20.8617
21.0000 19.8757
21.0000 19.8156
21.0000 21.0250
21.0000 20.7263
21.0000 21.5187
21.0000 20.3356
21.0000 20.2327
21.0000 20.9281
21.0000 20.3713
21.0000 21.5297
21.0000 20.0021
21.0000 20.5245
21.0000 21.4118
21.0000 20.5982
21.0000 20.1981
21.0000 21.0705
21.0000 20.7342
21.0000 21.0425
21.0000 21.3053
21.0000 20.7562
21.0000 21.1059
21.0000 20.7220
21.0000 20.4066
21.0000 20.7471
21.0000 20.2037
21.0000 21.3922
21.0000 21.4448
21.0000 21.5059
21.0000 21.5064
21.0000 20.7900
21.0000 20.7971
21.0000 20.1936
21.0000 20.1886
21.0000 20.8073
21.0000 20.7796
21.0000 21.0720
21.0000 21.4110
21.0000 19.5576
21.0000 20.0559
21.0000 20.7262
21.0000 20.9752
21.0000 21.0606
21.0000 21.3256
21.0000 21.4367
21.0000 21.1914
21.0000 20.9983
21.0000 21.6503
21.0000 21.9312
21.0000 20.1806
21.0000 19.9624
21.0000 20.7307
21.0000 21.2654
21.0000 20.6199
21.0000 21.3120
21.0000 19.7869
21.0000 20.0365
21.0000 20.3664
21.0000 20.5728
21.0000 20.6516
21.0000 21.1143
21.0000 21.1337
