23.0000 23.1295
23.0000 22.7043
23.0000 23.0844
23.0000 23.7055
23.0000 22.2674
23.0000 22.9997
23.0000 23.5669
23.0000 23.5041
23.0000 23.0374
23.0000 23.5796
23.0000 22.7658
23.0000 22.8395
23.0000 22.9846
23.0000 24.1818
23.0000 22.3399
23.0000 22.3039
23.0000 22.7966
23.0000 23.2728
23.0000 23.2343
23.0000 23.2841
23.0000 22.7931
23.0000 22.9134
23.0000 23.6096
23.0000 23.7429
23.0000 23.8816
23.0000 23.3863
23.0000 22.4018
23.0000 23.5227
23.0000 23.3418
23.0000 22.6711
23.0000 23.5751
23.0000 22.6034
23.0000 22.8995
23.0000 23.1428
23.0000 23.1484
23.0000 23.9419
23.0000 23.4133
23.0000 23.5171
23.0000 23.7092
23.0000 23.8824
23.0000 24.0815
23.0000 23.3772
23.0000 23.5321
23.0000 22.8862
23.0000 22.3966
23.0000 23.0539
23.0000 22.7506
23.0000 22.5806
23.0000 22.3069
23.0000 23.1086
23.0000 23.5541
23.0000 23.2298
23.0000 22.3100
23.0000 22.6016
23.0000 23.0677
23.0000 22.6030
23.0000 23.3641
23.0000 23.9507
23.0000 22.5524
23.0000 23.5649
23.0000 23.1104
23.0000 23.1658
23.0000 23.3699
23.0000 23.5249
23.0000 23.8800
23.0000 22.7979
23.0000 23.9155
23.0000 22.2659
23.0000 22.3371
23.0000 23.0870
23.0000 23.3020
23.0000 22.5704
23.0000 23.7627
23.0000 22.4792
23.0000 23.8588
23.0000 22.8917
23.0000 23.3375
23.0000 23.5269
23.0000 23.1196
23.0000 23.4090
23.0000 23.1556
23.0000 23.0736
23.0000 23.0559
23.0000 21.9386
23.0000 24.1046
23.0000 22.3535
23.0000 22.7469
23.0000 22.8169
23.0000 23.4830
23.0000 22.5786
23.0000 23.4039
23.0000 22.6010
23.0000 22.9178
23.0000 23.0396
23.0000 23.2842
23.0000 22.9397
23.0000 23.8235
23.0000 23.7052
23.0000 23.9995
23.0000 23.0507
23.0000 23.1267
23.0000 21.9479
23.0000 21.8431
23.0000 24.0517
23.0000 23.8349
23.0000 23.4608
23.0000 22.5628
23.0000 22.4013
23.0000 23.4381
23.0000 23.8606
23.0000 22.7657
23.0000 23.9579
23.0000 21.8687
23.0000 23.2682
23.0000 22.7194
23.0000 23.7103
23.0000 24.0967
23.0000 22.0354
23.0000 22.0152
23.0000 22.4194
23.0000 22.5745
23.0000 23.5515
23.0000 22.6847
23.0000 24.0666
23.0000 23.2456
23.0000 23.0321
23.0000 23.4972
23.0000 23.3965
23.0000 22.8726
23.0000 23.9303
23.0000 23.2017
23.0000 22.6972
23.0000 22.8517
23.0000 23.3047
23.0000 22.8009
23.0000 22.6743
23.0000 21.6680
23.0000 23.7802
23.0000 23.3364
23.0000 24.2068
23.0000 23.9279
23.0000 22.3908
23.0000 22.2258
23.0000 22.4377
23.0000 23.5568
23.0000 23.0959
23.0000 23.3848
23.0000 23.5891
23.0000 22.7645
23.0000 22.8658
23.0000 23.1350
23.0000 23.7018
23.0000 23.1993
23.0000 23.0539
23.0000 22.7499
23.0000 22.7390
23.0000 22.8466
23.0000 22.0191
23.0000 23.7685
23.0000 22.9641
23.0000 23.2861
23.0000 23.3170
23.0000 22.9043
23.0000 23.7429
23.0000 22.7950
23.0000 23.5388
23.0000 24.2795
23.0000 22.9820
23.0000 22.6327
23.0000 23.2714
23.0000 21.9464
23.0000 23.0570
23.0000 23.2249
23.0000 22.4974
23.0000 22.7022
23.0000 23.0493
23.0000 22.9558
23.0000 23.1659
23.0000 23.5724
23.0000 24.3366
23.0000 21.9485
23.0000 22.5209
23.0000 23.3326
23.0000 23.4718
23.0000 23.6028
23.0000 22.8895
23.0000 23.1520
23.0000 23.1748
23.0000 22.4930
23.0000 23.3596
23.0000 23.8696
23.0000 22.5773
23.0000 22.9588
23.0000 22.6732
23.0000 23.2726
23.0000 22.4853
23.0000 24.1485
23.0000 24.4179
23.0000 22.0958
23.0000 24.4164
23.0000 24.3128
23.0000 23.2935
23.0000 22.6132
23.0000 23.4263
23.0000 22.7449
23.0000 23.7866
23.0000 23.1493
23.0000 23.3625
23.0000 22.3047
23.0000 22.7470
23.0000 24.1907
23.0000 23.0040
23.0000 23.1207
23.0000 24.2986
23.0000 22.1910
23.0000 22.6777
23.0000 23.4271
23.0000 23.4020
23.0000 22.6973
23.0000 23.7948
23.0000 23.7708
23.0000 23.6293
23.0000 22.8432
23.0000 22.4466
23.0000 22.5123
23.0000 23.6360
23.0000 22.0027
23.0000 21.8847
23.0000 23.5556
23.0000 23.6277
23.0000 22.9136
23.0000 22.1840
23.0000 22.5729
23.0000 23.8257
23.0000 23.1349
23.0000 23.6846
23.0000 23.3480
23.0000 22.4903
23.0000 23.5623
23.0000 24.0997
23.0000 23.9932
23.0000 22.4857
23.0000 22.9402
23.0000 23.7253
23.0000 23.2914
23.0000 22.1551
23.0000 22.7301
23.0000 23.2370
23.0000 22.5685
23.0000 22.0970
23.0000 23.7384
23.0000 23.2549
23.0000 22.6068
23.0000 23.1409
23.0000 22.9599
23.0000 23.5045
23.0000 23.3462
23.0000 22.9274
23.0000 24.2875
23.0000 24.4798
23.0000 23.2794
23.0000 23.9094
23.0000 23.1298
23.0000 22.5867
23.0000 22.9779
23.0000 22.8955
23.0000 22.5960
23.0000 22.8594
23.0000 23.3267
23.0000 22.5815
23.0000 22.7761
23.0000 23.3979
23.0000 23.1595
23.0000 24.5290
23.0000 22.4909
23.0000 22.6168
23.0000 23.0554
23.0000 23.6467
23.0000 22.4148
23.0000 22.2145
23.0000 21.6814
23.0000 23.3436
23.0000 22.8713
23.0000 23.9731
23.0000 23.4986
23.0000 22.1073
23.0000 22.3402
23.0000 23.6044
23.0000 23.6856
23.0000 22.4913
23.0000 24.2031
23.0000 23.7224
23.0000 23.0571
23.0000 24.6825
23.0000 23.4977
23.0000 23.0170
23.0000 22.4660
23.0000 23.8352
23.0000 23.4080
23.0000 22.8608
23.0000 23.0496
23.0000 22.3571
23.0000 23.1590
23.0000 22.9529
23.0000 23.5438
23.0000 23.6212
23.0000 23.5401
23.0000 23.4399
23.0000 24.2569
23.0000 22.9307
23.0000 24.4015
23.0000 23.8457
23.0000 23.0221
23.0000 22.6573
23.0000 23.0628
23.0000 22.9574
23.0000 23.4097
23.0000 23.9503
23.0000 23.1172
23.0000 22.7273
23.0000 22.9169
23.0000 22.8464
23.0000 23.0408
23.0000 23.1395
23.0000 22.5958
23.0000 23.4138
23.0000 22.5332
23.0000 23.0396
23.0000 22.9249
23.0000 22.9127
23.0000 23.0766
23.0000 23.7494
23.0000 23.5569
23.0000 24.1900
23.0000 23.6040
23.0000 23.1691
23.0000 23.2594
23.0000 22.3515
23.0000 23.5709
23.0000 23.6668
23.0000 22.8376
23.0000 23.5949
23.0000 22.7395
23.0000 23.1313
23.0000 23.1423
23.0000 22.7143
23.0000 22.5465
23.0000 22.4004
23.0000 22.4419
23.0000 23.0239
23.0000 22.3956
23.0000 23.4667
23.0000 23.4229
23.0000 22.7367
23.0000 23.4249
23.0000 24.7219
23.0000 23.4888
23.0000 23.7485
23.0000 23.9791
23.0000 23.2182
23.0000 23.6167
23.0000 22.9546
23.0000 21.9772
23.0000 22.7911
23.0000 22.9889
23.0000 23.1346
23.0000 22.6610
23.0000 22.8137
23.0000 23.1287
23.0000 22.9252
23.0000 22.4693
23.0000 23.0405
23.0000 23.6862
23.0000 23.2053
23.0000 23.0923
23.0000 22.9160
23.0000 23.0506
23.0000 21.9746
23.0000 23.2907
23.0000 23.5486
23.0000 23.2026
23.0000 23.3623
23.0000 22.4583
23.0000 23.1537
23.0000 23.9213
23.0000 23.6995
23.0000 22.5063
23.0000 23.3799
23.0000 23.8439
23.0000 22.8820
23.0000 23.0798
23.0000 22.1984
23.0000 22.7187
23.0000 22.8341
23.0000 23.3704
23.0000 23.1026
23.0000 22.3977
23.0000 23.9715
23.0000 22.8125
23.0000 22.5068
23.0000 22.6514
23.0000 22.3451
23.0000 23.3540
23.0000 22.7355
23.0000 22.9628
23.0000 22.6894
23.0000 23.1901
23.0000 24.0325
23.0000 23.7137
23.0000 22.6374
23.0000 23.1491
23.0000 22.0870
23.0000 23.3511
23.0000 22.5077
23.0000 24.6124
23.0000 22.6280
23.0000 22.8574
23.0000 23.5201
23.0000 23.4884
23.0000 23.5045
23.0000 23.4506
23.0000 23.2870
23.0000 23.0111
23.0000 23.1969
23.0000 22.3159
23.0000 24.2223
23.0000 22.3616
23.0000 22.5695
23.0000 22.0851
23.0000 23.5734
23.0000 22.5164
23.0000 22.2675
23.0000 23.5323
23.0000 24.1731
23.0000 22.9812
23.0000 22.7729
23.0000 23.4918
23.0000 23.5043
23.0000 22.8662
23.0000 23.1418
23.0000 23.2969
23.0000 23.2716
23.0000 23.9866
23.0000 23.2887
23.0000 22.5972
23.0000 23.0441
23.0000 23.5412
23.0000 22.5698
23.0000 23.8275
23.0000 22.5044
23.0000 23.1846
23.0000 23.2753
23.0000 23.1312
23.0000 23.5633
23.0000 23.1787
23.0000 22.8198
23.0000 23.1738
23.0000 23.1620
23.0000 23.9964
23.0000 23.1801
23.0000 23.4126
23.0000 23.8132
23.0000 23.6594
23.0000 23.0760
23.0000 21.4783
23.0000 22.4768
23.0000 22.8249
23.0000 22.6865
23.0000 22.1499
23.0000 23.5901
23.0000 22.7632
23.0000 24.2071
23.0000 24.1196
23.0000 23.3475
23.0000 21.9129
23.0000 23.1124
23.0000 22.9631
23.0000 22.2496
23.0000 23.3984
23.0000 23.8366
23.0000 23.3649
23.0000 22.3765
23.0000 22.9184
23.0000 23.0852
23.0000 22.0449
23.0000 22.4828
23.0000 23.2397
23.0000 23.1360
23.0000 23.0743
23.0000 22.5111
23.0000 23.7078
23.0000 24.2565
23.0000 23.4988
23.0000 23.9601
23.0000 23.0544
23.0000 22.9742
23.0000 22.7223
23.0000 22.9352
23.0000 23.8433
23.0000 22.9753
23.0000 23.0884
23.0000 22.9338
23.0000 21.8910
23.0000 21.9047
23.0000 23.0566
23.0000 23.8046
23.0000 23.6965
23.0000 23.2582
23.0000 22.4915
23.0000 23.0554
23.0000 23.2678
23.0000 23.4313
23.0000 23.5165
23.0000 22.7223
23.0000 24.5033
23.0000 23.4639
23.0000 23.2440
23.0000 23.2551
23.0000 23.3268
23.0000 22.7491
23.0000 24.6831
23.0000 22.6083
23.0000 23.2189
23.0000 22.7587
23.0000 23.0394
23.0000 23.3364
23.0000 22.5583
23.0000 23.9271
23.0000 23.5909
23.0000 22.9804
23.0000 23.0695
23.0000 22.9895
23.0000 23.1228
23.0000 23.6876
23.0000 23.0502
23.0000 22.8922
23.0000 22.7929
23.0000 23.4371
23.0000 23.4668
23.0000 24.0823
23.0000 23.9178
23.0000 21.9375
23.0000 23.0930
23.0000 22.5084
23.0000 22.8952
23.0000 23.0163
23.0000 22.6481
23.0000 23.4199
23.0000 23.3446
23.0000 22.3848
23.0000 22.9038
23.0000 22.3646
23.0000 23.5297
23.0000 22.7580
23.0000 23.4373
23.0000 23.4241
23.0000 23.0899
23.0000 23.6826
23.0000 22.1664
23.0000 23.0307
23.0000 22.6282
23.0000 23.4392
23.0000 21.9365
23.0000 22.9085
23.0000 23.2900
23.0000 23.9064
23.0000 23.3433
23.0000 22.3615
23.0000 23.4194
23.0000 22.4383
23.0000 23.4804
23.0000 22.7692
23.0000 23.6880
23.0000 23.3370
23.0000 23.0590
23.0000 23.2497
23.0000 22.7515
23.0000 24.1205
23.0000 22.2961
23.0000 23.4932
23.0000 23.1434
23.0000 23.6336
23.0000 23.7355
23.0000 23.1449
23.0000 24.0884
23.0000 23.3956
23.0000 23.6551
23.0000 22.5108
23.0000 23.8212
23.0000 22.5568
23.0000 23.7547
23.0000 23.8286
23.0000 23.1056
23.0000 23.3605
23.0000 22.8097
23.0000 23.0243
23.0000 22.8455
23.0000 22.8354
23.0000 22.5153
23.0000 22.3682
23.0000 22.2206
23.0000 22.7209
23.0000 22.8210
23.0000 22.6565
23.0000 23.2877
23.0000 23.0203
23.0000 23.1134
23.0000 23.7221
23.0000 22.5428
23.0000 22.5548
23.0000 21.7572
23.0000 24.3978
23.0000 22.2353
23.0000 23.1241
23.0000 23.4369
23.0000 22.2607
23.0000 23.0080
23.0000 23.4810
23.0000 22.2160
23.0000 23.7375
23.0000 23.0098
23.0000 23.2175
23.0000 23.2106
23.0000 23.3509
23.0000 23.1859
23.0000 23.9916
23.0000 23.6077
23.0000 22.6736
23.0000 22.8928
23.0000 23.7329
23.0000 22.4999
23.0000 22.6253
23.0000 23.3335
23.0000 22.6241
23.0000 23.6872
23.0000 23.3013
23.0000 22.5105
23.0000 23.1906
23.0000 23.5320
23.0000 23.4570
23.0000 22.8302
23.0000 23.4059
23.0000 23.4727
23.0000 21.8708
23.0000 23.0144
23.0000 22.6307
23.0000 22.6403
23.0000 22.3193
23.0000 24.3642
23.0000 23.3168
23.0000 23.2868
23.0000 23.4967
23.0000 22.9613
23.0000 23.1897
23.0000 24.4747
23.0000 23.4244
23.0000 23.0578
23.0000 23.4706
23.0000 23.8644
23.0000 22.5506
23.0000 24.0301
23.0000 23.2194
23.0000 23.4840
23.0000 22.4806
23.0000 23.8181
23.0000 23.6617
23.0000 23.7007
23.0000 22.7444
23.0000 23.2698
23.0000 22.8428
23.0000 22.3924
23.0000 24.2903
23.0000 23.6460
23.0000 23.2503
23.0000 23.8039
23.0000 23.2134
23.0000 23.4955
23.0000 21.9403
23.0000 22.5729
23.0000 23.9715
23.0000 23.3306
23.0000 22.7289
23.0000 22.4936
23.0000 23.2074
23.0000 23.2876
23.0000 23.3376
23.0000 22.5195
23.0000 22.0636
23.0000 23.3388
23.0000 23.1814
23.0000 22.2815
23.0000 23.2146
23.0000 23.0878
23.0000 22.8815
23.0000 23.0669
23.0000 22.8828
23.0000 23.9453
23.0000 22.5610
23.0000 23.0317
23.0000 21.9198
23.0000 23.6049
23.0000 23.5250
23.0000 22.7822
23.0000 22.9448
23.0000 23.6786
23.0000 23.3876
23.0000 23.4423
23.0000 23.8752
23.0000 23.4482
23.0000 23.0499
23.0000 23.7305
23.0000 23.1449
23.0000 23.6346
23.0000 22.6530
23.0000 22.0217
23.0000 23.3061
23.0000 23.2376
23.0000 23.3222
23.0000 22.6813
23.0000 22.8322
23.0000 22.5255
23.0000 23.0964
23.0000 23.6415
23.0000 22.5233
23.0000 22.6320
23.0000 23.4140
23.0000 22.4433
23.0000 22.8787
23.0000 22.3980
23.0000 22.8085
23.0000 22.4098
23.0000 23.5303
23.0000 24.3227
23.0000 22.2957
23.0000 22.3124
23.0000 22.9456
23.0000 23.0161
23.0000 23.3535
23.0000 22.9290
23.0000 22.8991
23.0000 22.1849
23.0000 21.9490
23.0000 23.3409
23.0000 22.9430
23.0000 23.1636
23.0000 23.9106
23.0000 23.2022
23.0000 22.9231
23.0000 22.5000
23.0000 22.7056
23.0000 22.3902
23.0000 23.1063
23.0000 22.8878
23.0000 22.2907
23.0000 22.7574
23.0000 23.1026
23.0000 23.2595
23.0000 22.0441
23.0000 23.5285
23.0000 23.6420
23.0000 23.5046
23.0000 22.5852
23.0000 22.7258
23.0000 23.0032
23.0000 22.8309
23.0000 23.1138
23.0000 22.6499
23.0000 22.8136
23.0000 22.6149
23.0000 23.4249
23.0000 23.6351
23.0000 23.2140
23.0000 23.1476
23.0000 22.3957
23.0000 23.3040
23.0000 23.0528
23.0000 22.4032
23.0000 22.7119
23.0000 23.7444
23.0000 22.5861
23.0000 21.8089
23.0000 23.0380
23.0000 23.6904
23.0000 21.8226
23.0000 23.2066
23.0000 23.2808
23.0000 22.0810
23.0000 24.1496
23.0000 23.2371
23.0000 23.7793
23.0000 23.2995
23.0000 23.5012
23.0000 23.1143
23.0000 22.9368
23.0000 22.6235
23.0000 22.2837
23.0000 23.1201
23.0000 22.7069
23.0000 22.7335
23.0000 23.2078
23.0000 23.7280
23.0000 22.7465
23.0000 23.0466
23.0000 23.8463
23.0000 23.2395
23.0000 23.9437
23.0000 22.3632
23.0000 22.0336
23.0000 23.9149
23.0000 23.0212
23.0000 22.4597
23.0000 22.6528
23.0000 23.0369
23.0000 22.7711
23.0000 22.8151
23.0000 23.4090
23.0000 23.5555
23.0000 23.4618
23.0000 22.7563
23.0000 22.9673
23.0000 23.1923
23.0000 23.0125
23.0000 23.1520
23.0000 23.7626
23.0000 23.4321
23.0000 22.7570
23.0000 23.7474
23.0000 22.2153
23.0000 23.6784
23.0000 23.4996
23.0000 22.5118
23.0000 23.0417
23.0000 22.5356
23.0000 23.6148
23.0000 22.5555
23.0000 23.2980
23.0000 24.6946
23.0000 22.1542
23.0000 23.0691
23.0000 22.1993
23.0000 22.7399
23.0000 22.8322
23.0000 23.2067
23.0000 23.6260
23.0000 23.9557
23.0000 22.9699
23.0000 23.6036
23.0000 23.9419
23.0000 23.1901
23.0000 22.3169
23.0000 22.4210
23.0000 22.4837
23.0000 22.4845
23.0000 24.6546
23.0000 23.2665
23.0000 22.6914
23.0000 23.6803
23.0000 22.0361
23.0000 23.7268
23.0000 23.3277
23.0000 23.2922
23.0000 23.4217
23.0000 23.0361
23.0000 23.2562
23.0000 23.2023
23.0000 22.4901
23.0000 22.2688
23.0000 23.9356
23.0000 23.2132
23.0000 22.6696
23.0000 22.8985
23.0000 23.1174
23.0000 23.2594
23.0000 23.0241
23.0000 23.2257
23.0000 23.9164
23.0000 23.5679
23.0000 23.0097
23.0000 23.0957
23.0000 23.3124
23.0000 23.1581
23.0000 22.6525
23.0000 22.6571
23.0000 23.4306
23.0000 23.4446
23.0000 23.0057
23.0000 23.4529
23.0000 23.9703
23.0000 23.3344
23.0000 22.9870
23.0000 23.7560
23.0000 23.8017
23.0000 22.4791
23.0000 23.7232
23.0000 23.4821
23.0000 23.3847
23.0000 23.0453
23.0000 23.2107
23.0000 23.7926
23.0000 21.7342
23.0000 24.2512
23.0000 24.0627
23.0000 23.5535
23.0000 22.3936
23.0000 22.5599
23.0000 22.6901
23.0000 23.3726
23.0000 23.1039
23.0000 22.0284
23.0000 22.8317
23.0000 23.4769
23.0000 23.3231
23.0000 22.9878
23.0000 22.7828
23.0000 22.1679
23.0000 24.1801
23.0000 23.7930
23.0000 22.9644
23.0000 23.4251
23.0000 22.8589
23.0000 23.4847
23.0000 24.4534
23.0000 23.6177
23.0000 24.0706
23.0000 23.6776
23.0000 23.4423
23.0000 24.1068
23.0000 23.2812
23.0000 23.6520
23.0000 22.3716
23.0000 22.4333
23.0000 22.7814
23.0000 23.2889
23.0000 23.3151
23.0000 23.6942
23.0000 23.7455
23.0000 22.9817
23.0000 23.5564
23.0000 23.0438
23.0000 23.5344
23.0000 23.2510
23.0000 22.6142
23.0000 22.4734
23.0000 23.7442
23.0000 22.5341
23.0000 22.9132
23.0000 23.2543
23.0000 23.1886
23.0000 21.5179
23.0000 22.2168
23.0000 23.0519
23.0000 22.8226
23.0000 23.4319
23.0000 23.0159
23.0000 23.4025
23.0000 22.3847
23.0000 22.5161
23.0000 22.1422
23.0000 22.3564
23.0000 22.8066
23.0000 23.5664
23.0000 23.1705
23.0000 22.9797
23.0000 22.9379
23.0000 24.2181
23.0000 23.6958
23.0000 23.4035
23.0000 22.5154
23.0000 22.4553
23.0000 22.2538
23.0000 22.0747
23.0000 23.5377
23.0000 22.4671
23.0000 24.1288
23.0000 23.4185
23.0000 22.2798
23.0000 23.1064
23.0000 22.2228
23.0000 22.4926
23.0000 23.5026
23.0000 23.8341
23.0000 23.2595
23.0000 23.1038
23.0000 23.5743
23.0000 22.0899
23.0000 23.1627
23.0000 22.8560
23.0000 23.2050
23.0000 23.8811
23.0000 23.5442
23.0000 22.9474
23.0000 22.6746
23.0000 23.2177
23.0000 23.3337
23.0000 22.9627
23.0000 23.3613
23.0000 23.0614
23.0000 22.7486
23.0000 22.8555
23.0000 22.5476
23.0000 21.9623
23.0000 23.1933
23.0000 23.4393
23.0000 23.5458
23.0000 23.3734
23.0000 22.8231
23.0000 22.8532
23.0000 23.1826
23.0000 22.6754
23.0000 23.8953
23.0000 23.8301
23.0000 23.3722
23.0000 23.1344
23.0000 21.6969
23.0000 21.8751
23.0000 23.4202
23.0000 23.4439
23.0000 23.8602
23.0000 23.1519
23.0000 22.9039
23.0000 23.4113
23.0000 22.5782
23.0000 23.8886
23.0000 22.9802
23.0000 23.6930
23.0000 22.3824
23.0000 23.3382
23.0000 23.7440
23.0000 22.5824
23.0000 23.1735
23.0000 22.4796
23.0000 23.7145
23.0000 23.1082
23.0000 22.7288
23.0000 22.4821
23.0000 21.3257
23.0000 23.2123
23.0000 22.2697
23.0000 23.6391
23.0000 23.0308
23.0000 23.0847
23.0000 22.2081
23.0000 23.1911
23.0000 22.5492
23.0000 22.0551
23.0000 23.1342
23.0000 23.1390
23.0000 23.2941
23.0000 22.4268
23.0000 22.6339
23.0000 23.2468
23.0000 23.6107
23.0000 22.7805
23.0000 22.8015
23.0000 23.9221
23.0000 24.3212
23.0000 23.8577
23.0000 24.0359
23.0000 22.4649
23.0000 22.1515
23.0000 23.4512
23.0000 23.2701
23.0000 22.9490
23.0000 22.8761
23.0000 23.3253
23.0000 23.7773
23.0000 23.7072
23.0000 24.1253
23.0000 22.9332
23.0000 23.1232
23.0000 24.0390
23.0000 24.6326
23.0000 23.7073
23.0000 23.3264
23.0000 23.3966
23.0000 22.6122
23.0000 23.8541
23.0000 23.9361
23.0000 22.8504
23.0000 23.2069
23.0000 23.1056
23.0000 22.4133
23.0000 23.3681
23.0000 23.1451
23.0000 24.1139
23.0000 23.0567
23.0000 22.6354
23.0000 23.6787
23.0000 23.9426
23.0000 24.1157
23.0000 22.3425
23.0000 22.8213
23.0000 23.3068
23.0000 23.6587
23.0000 23.7596
23.0000 22.8532
23.0000 23.1177
23.0000 23.0589
23.0000 23.6905
23.0000 22.2951
23.0000 23.5894
23.0000 23.8406
23.0000 22.3393
23.0000 22.1580
23.0000 23.3989
23.0000 22.6908
23.0000 23.1890
23.0000 23.1568
23.0000 22.7781
23.0000 24.1594
23.0000 23.2319
23.0000 22.3563
23.0000 22.6484
23.0000 22.0999
23.0000 23.2588
23.0000 23.9454
23.0000 23.1391
23.0000 23.2126
23.0000 22.7633
23.0000 22.8823
23.0000 23.2790
23.0000 22.3304
23.0000 22.2936
23.0000 22.7571
23.0000 23.6652
23.0000 22.4474
23.0000 22.8312
23.0000 23.8948
23.0000 22.9966
23.0000 23.1140
23.0000 23.9020
23.0000 22.3990
23.0000 22.3064
23.0000 23.2784
23.0000 22.6170
23.0000 23.1923
23.0000 22.9483
23.0000 23.6108
23.0000 23.6094
23.0000 23.3600
23.0000 22.3571
23.0000 23.3455
23.0000 23.1538
23.0000 23.1501
23.0000 22.7383
23.0000 22.4078
23.0000 23.5062
23.0000 23.2786
23.0000 23.0267
23.0000 23.5197
23.0000 23.2636
23.0000 22.3197
23.0000 24.6757
23.0000 23.6716
23.0000 24.7116
23.0000 23.0076
23.0000 22.8730
23.0000 22.4299
23.0000 22.8243
23.0000 24.2348
23.0000 23.0526
23.0000 23.1577
23.0000 23.6651
23.0000 22.7870
23.0000 23.9437
23.0000 23.6061
23.0000 23.0015
23.0000 23.1582
23.0000 22.6976
23.0000 23.6557
23.0000 24.1222
23.0000 23.7838
23.0000 23.4347
23.0000 22.8149
23.0000 22.3801
23.0000 23.3871
23.0000 22.9855
23.0000 23.6957
23.0000 23.1428
23.0000 23.2462
23.0000 23.0007
23.0000 23.9322
23.0000 21.9379
23.0000 22.6715
23.0000 23.4368
23.0000 23.7346
23.0000 24.5789
23.0000 23.0433
23.0000 23.0825
23.0000 23.3190
23.0000 22.7265
23.0000 22.5974
23.0000 22.6416
23.0000 23.3999
23.0000 23.2346
23.0000 23.7383
23.0000 23.1496
23.0000 22.5623
23.0000 24.0745
23.0000 23.6565
23.0000 23.3279
23.0000 23.2724
23.0000 22.9043
23.0000 23.7326
23.0000 22.8981
23.0000 24.0805
23.0000 22.3069
23.0000 23.7095
23.0000 24.0225
23.0000 23.3682
23.0000 22.1791
23.0000 21.7379
23.0000 22.3979
23.0000 22.5228
23.0000 23.0985
23.0000 22.7872
23.0000 22.2400
23.0000 23.3196
23.0000 22.2999
23.0000 23.5897
23.0000 22.9514
23.0000 23.2205
23.0000 23.0903
23.0000 23.5716
23.0000 22.4586
23.0000 22.5594
23.0000 22.8790
23.0000 22.7141
23.0000 23.8719
23.0000 23.6525
23.0000 23.5472
23.0000 22.6020
23.0000 23.4672
23.0000 22.7785
23.0000 23.4028
23.0000 23.2582
23.0000 22.8607
23.0000 23.7547
23.0000 23.3454
23.0000 22.3585
23.0000 22.7932
23.0000 24.2526
23.0000 22.8112
23.0000 23.7308
23.0000 23.0676
23.0000 22.2320
23.0000 22.3132
23.0000 22.6842
23.0000 22.9699
23.0000 22.1430
23.0000 21.7431
23.0000 23.1074
23.0000 23.9605
23.0000 22.9124
23.0000 24.0027
23.0000 22.8225
23.0000 23.1064
23.0000 23.2066
23.0000 23.4886
23.0000 23.1852
23.0000 22.4613
23.0000 23.2025
23.0000 22.6531
23.0000 23.4882
23.0000 22.7521
23.0000 23.3166
23.0000 24.0412
23.0000 23.8315
23.0000 23.0628
23.0000 22.7453
23.0000 23.2670
23.0000 23.2117
23.0000 22.2833
23.0000 24.1132
23.0000 23.4990
23.0000 22.9236
23.0000 23.2591
23.0000 23.2567
23.0000 22.6159
23.0000 22.8036
23.0000 24.5127
23.0000 23.0790
23.0000 23.3173
23.0000 23.7259
23.0000 23.3539
23.0000 22.9035
23.0000 23.9126
23.0000 23.1348
23.0000 24.3185
23.0000 23.0834
23.0000 22.2201
23.0000 23.3500
23.0000 22.8888
23.0000 23.1078
23.0000 23.0884
23.0000 23.2776
23.0000 24.2890
23.0000 23.9085
23.0000 23.5161
23.0000 22.6459
23.0000 23.3381
23.0000 23.2188
23.0000 23.3096
23.0000 23.1724
23.0000 23.7696
23.0000 22.6339
23.0000 22.6434
23.0000 22.9815
23.0000 22.9980
23.0000 24.2058
23.0000 22.4665
23.0000 23.3901
23.0000 23.3291
23.0000 22.7027
23.0000 23.5963
23.0000 23.1947
23.0000 23.4892
23.0000 23.0982
23.0000 23.0444
23.0000 22.2758
23.0000 24.1804
23.0000 23.4385
23.0000 24.0201
23.0000 22.7846
23.0000 23.3963
23.0000 23.8014
23.0000 23.5816
23.0000 23.9808
23.0000 22.5169
23.0000 21.6313
23.0000 23.7782
23.0000 23.6059
23.0000 23.3879
23.0000 22.9929
23.0000 22.5188
23.0000 23.1070
23.0000 23.4102
23.0000 22.3257
23.0000 22.5156
23.0000 21.8427
23.0000 22.7276
23.0000 23.7452
23.0000 24.2105
23.0000 22.3007
23.0000 23.9579
23.0000 23.1483
23.0000 22.9673
23.0000 22.7368
23.0000 22.7197
23.0000 23.3882
23.0000 22.6797
23.0000 21.8325
23.0000 23.6468
23.0000 23.1995
23.0000 22.7822
23.0000 22.9497
23.0000 22.5577
23.0000 22.1059
23.0000 22.6465
23.0000 23.0429
23.0000 24.4118
23.0000 23.8498
23.0000 23.4932
23.0000 22.3806
23.0000 24.5439
23.0000 22.4636
23.0000 23.0442
23.0000 23.2033
23.0000 24.0855
23.0000 23.8841
23.0000 23.5782
23.0000 21.7246
23.0000 23.7045
23.0000 23.9515
23.0000 23.5136
23.0000 23.2681
23.0000 23.2953
23.0000 23.3392
23.0000 23.4184
23.0000 23.3367
23.0000 23.3124
23.0000 22.8080
23.0000 24.0748
23.0000 23.0647
23.0000 24.2750
23.0000 22.1329
23.0000 22.6015
23.0000 24.1945
23.0000 24.3133
23.0000 23.7775
23.0000 22.4132
23.0000 23.6009
23.0000 22.2543
23.0000 22.8806
23.0000 23.0034
23.0000 22.8077
23.0000 23.9672
23.0000 23.8056
23.0000 22.6863
23.0000 22.9149
23.0000 22.1037
23.0000 24.5804
23.0000 22.6250
23.0000 22.4815
23.0000 23.2855
23.0000 24.0034
23.0000 22.8740
23.0000 23.3015
23.0000 23.3485
23.0000 23.3254
23.0000 22.4726
23.0000 21.8969
23.0000 23.1534
23.0000 23.1820
23.0000 23.2018
23.0000 22.2229
23.0000 23.6560
23.0000 23.1652
23.0000 23.4647
23.0000 23.2527
23.0000 22.2699
23.0000 23.0725
23.0000 23.2580
23.0000 23.2550
23.0000 22.9498
23.0000 23.2165
23.0000 23.7300
23.0000 22.1606
23.0000 23.1292
23.0000 22.3527
23.0000 23.7892
23.0000 23.6299
23.0000 23.5510
23.0000 23.0334
23.0000 23.8771
23.0000 22.4444
23.0000 22.7943
23.0000 22.3853
23.0000 22.8984
23.0000 23.7531
23.0000 23.7814
23.0000 23.0497
23.0000 23.8573
23.0000 23.0281
23.0000 23.4788
23.0000 23.7407
23.0000 23.2644
23.0000 23.1182
23.0000 22.2515
23.0000 22.8644
23.0000 23.7808
23.0000 23.4578
23.0000 23.9311
23.0000 23.0978
23.0000 23.2003
23.0000 23.2777
23.0000 24.0677
23.0000 24.3795
23.0000 22.8307
23.0000 23.9516
23.0000 23.6075
23.0000 22.9148
23.0000 23.5144
23.0000 23.6509
23.0000 23.1858
23.0000 22.5581
23.0000 22.8340
23.0000 22.3859
23.0000 22.4814
23.0000 24.0924
23.0000 24.0693
23.0000 23.4821
23.0000 23.5225
23.0000 22.7142
23.0000 21.8754
23.0000 22.3707
23.0000 24.9605
23.0000 23.1117
23.0000 23.3296
23.0000 22.7345
23.0000 23.6665
23.0000 23.8379
23.0000 23.4627
23.0000 22.8874
23.0000 22.1437
23.0000 22.8893
23.0000 23.6270
23.0000 22.2503
23.0000 23.2758
23.0000 24.3446
23.0000 22.7054
23.0000 23.6475
23.0000 21.9458
23.0000 21.7349
23.0000 23.1944
23.0000 23.1238
23.0000 22.8833
23.0000 22.9079
23.0000 23.4890
23.0000 23.4353
23.0000 23.8795
23.0000 23.0843
23.0000 23.3947
23.0000 23.3894
23.0000 23.2867
23.0000 22.6444
23.0000 22.7704
23.0000 24.0655
23.0000 23.2481
23.0000 22.6884
23.0000 23.0950
23.0000 23.1111
23.0000 22.4857
23.0000 23.8993
23.0000 22.2261
23.0000 23.4253
23.0000 22.2670
23.0000 23.3405
23.0000 23.1687
23.0000 23.7410
23.0000 22.6572
23.0000 22.0458
23.0000 24.0098
23.0000 23.3379
23.0000 22.6314
23.0000 22.4560
23.0000 22.3750
23.0000 21.8946
23.0000 22.5066
23.0000 22.9266
23.0000 23.7292
23.0000 22.6214
23.0000 22.7656
23.0000 23.3534
23.0000 23.0316
23.0000 23.3701
23.0000 22.3327
23.0000 23.7753
23.0000 22.7473
23.0000 22.8100
23.0000 22.8573
23.0000 23.2254
23.0000 22.5195
23.0000 22.9641
23.0000 22.9332
23.0000 22.6507
23.0000 23.4730
23.0000 24.0005
23.0000 23.3998
23.0000 23.6136
23.0000 22.4608
23.0000 23.4803
23.0000 23.9428
23.0000 23.5601
23.0000 23.4411
23.0000 23.1559
23.0000 23.0434
23.0000 22.7138
23.0000 22.7513
23.0000 22.9499
23.0000 23.8500
23.0000 23.4251
23.0000 22.2958
23.0000 23.3475
23.0000 22.5535
23.0000 23.0801
23.0000 22.8835
23.0000 23.5658
23.0000 21.8058
23.0000 21.9199
23.0000 23.4811
23.0000 23.1775
23.0000 22.2600
23.0000 22.1613
23.0000 22.4627
23.0000 22.7418
23.0000 23.5499
23.0000 24.3382
23.0000 23.9861
23.0000 23.2039
23.0000 23.6560
23.0000 22.4367
23.0000 22.8231
23.0000 23.5137
23.0000 23.0538
23.0000 23.6857
23.0000 23.4517
23.0000 23.0576
23.0000 23.2307
23.0000 24.2809
23.0000 23.5846
23.0000 23.8770
23.0000 22.3382
23.0000 23.1717
23.0000 24.0926
23.0000 23.0831
23.0000 23.1328
23.0000 24.1755
23.0000 22.3950
23.0000 22.5855
23.0000 22.6198
23.0000 23.3447
23.0000 22.0711
23.0000 23.0072
23.0000 24.0780
23.0000 22.2086
23.0000 24.1078
23.0000 22.8829
23.0000 22.9361
23.0000 21.7199
23.0000 23.3762
23.0000 22.7911
23.0000 23.2235
23.0000 23.4923
23.0000 22.2719
23.0000 22.4654
23.0000 23.4920
23.0000 22.2921
23.0000 23.3798
23.0000 23.0993
23.0000 23.3399
23.0000 22.1774
23.0000 23.4422
23.0000 22.8272
23.0000 24.3808
23.0000 23.7549
23.0000 23.8091
23.0000 24.6147
23.0000 22.1968
23.0000 23.2664
23.0000 23.8459
23.0000 23.6398
23.0000 23.1819
23.0000 21.7884
23.0000 23.0306
23.0000 22.8139
23.0000 22.6772
23.0000 23.1343
23.0000 23.7835
23.0000 22.8563
23.0000 22.9910
23.0000 22.7804
23.0000 24.4912
23.0000 23.0432
23.0000 24.1710
23.0000 22.8633
23.0000 23.0483
23.0000 23.2852
23.0000 22.8918
23.0000 22.3182
23.0000 22.6040
23.0000 23.6347
23.0000 22.4284
23.0000 22.7006
23.0000 21.9224
23.0000 23.1869
23.0000 23.2994
23.0000 23.0425
23.0000 22.5049
23.0000 23.4928
23.0000 23.6228
23.0000 23.4587
23.0000 23.6056
23.0000 23.2492
23.0000 22.3348
23.0000 22.2705
23.0000 22.4290
23.0000 22.2583
23.0000 22.3521
23.0000 22.8639
23.0000 23.6991
23.0000 23.5184
23.0000 21.2188
23.0000 22.8191
23.0000 22.7305
23.0000 22.6499
23.0000 22.5625
23.0000 22.6371
23.0000 22.9513
23.0000 23.0338
23.0000 23.5860
23.0000 23.4681
23.0000 23.0503
23.0000 22.9115
23.0000 23.7150
23.0000 23.1142
23.0000 23.1528
23.0000 22.3952
23.0000 22.4607
23.0000 23.6546
23.0000 24.1340
23.0000 22.8862
23.0000 23.3605
23.0000 22.4095
23.0000 22.6754
23.0000 23.5018
23.0000 24.0758
23.0000 23.9432
23.0000 23.1499
23.0000 23.5739
23.0000 23.9271
23.0000 24.3645
23.0000 22.5591
23.0000 23.0683
23.0000 23.3418
23.0000 22.2625
23.0000 22.2216
23.0000 23.2955
23.0000 23.1293
23.0000 23.8566
23.0000 24.0860
23.0000 24.7668
23.0000 22.4527
23.0000 23.3919
23.0000 22.9733
23.0000 22.9488
23.0000 23.7378
23.0000 22.4666
23.0000 23.2319
23.0000 22.3225
23.0000 22.7916
23.0000 23.5832
23.0000 22.4285
23.0000 23.0128
23.0000 23.4569
23.0000 22.3508
23.0000 23.0295
23.0000 22.5994
23.0000 23.1880
23.0000 23.0150
23.0000 22.9739
23.0000 22.3074
23.0000 22.4616
23.0000 23.0095
23.0000 23.4683
23.0000 23.2187
23.0000 22.9597
23.0000 22.3575
23.0000 22.9433
23.0000 22.9337
23.0000 23.3848
23.0000 22.3221
23.0000 22.7146
23.0000 23.5692
23.0000 23.0574
23.0000 23.4439
23.0000 22.8170
23.0000 23.5852
23.0000 23.9125
23.0000 21.8059
23.0000 22.2068
23.0000 23.1560
23.0000 23.3131
23.0000 23.7297
23.0000 22.4421
23.0000 22.0539
23.0000 22.5698
23.0000 23.7960
23.0000 23.3668
23.0000 22.4706
23.0000 22.3130
23.0000 23.6127
23.0000 23.3602
23.0000 23.5383
23.0000 22.4710
23.0000 22.8044
23.0000 22.8751
23.0000 22.3293
23.0000 23.0054
23.0000 22.6723
23.0000 23.0557
23.0000 23.5739
23.0000 23.2304
23.0000 23.2085
23.0000 22.5574
23.0000 23.5993
23.0000 23.2039
23.0000 22.7184
23.0000 22.3532
23.0000 23.0020
23.0000 23.5912
23.0000 23.2229
23.0000 24.0178
23.0000 22.4731
23.0000 23.1102
23.0000 23.7131
23.0000 23.6641
23.0000 22.8377
23.0000 23.3144
23.0000 23.8585
23.0000 23.6601
23.0000 22.7813
23.0000 22.5343
23.0000 23.6840
23.0000 23.9522
23.0000 23.5944
23.0000 22.5888
23.0000 23.9890
23.0000 23.0538
23.0000 22.8540
23.0000 23.9213
23.0000 22.4361
23.0000 23.7443
23.0000 23.2406
23.0000 23.1941
23.0000 21.8028
23.0000 22.7158
23.0000 21.5668
23.0000 23.1292
23.0000 22.5352
23.0000 22.6529
23.0000 23.9122
23.0000 23.6598
23.0000 23.1232
23.0000 24.2932
23.0000 22.7014
23.0000 23.4588
23.0000 23.3318
23.0000 22.5463
23.0000 22.8120
23.0000 23.5006
23.0000 22.3835
23.0000 23.9371
23.0000 22.3715
23.0000 23.2854
23.0000 24.0381
23.0000 21.7645
23.0000 22.5436
23.0000 22.6636
23.0000 23.0203
23.0000 23.3527
23.0000 23.8929
23.0000 23.3549
23.0000 23.8233
23.0000 22.4223
23.0000 23.3124
23.0000 23.1598
23.0000 21.9177
23.0000 22.4391
23.0000 23.4034
23.0000 23.6646
23.0000 22.6461
23.0000 22.7743
23.0000 23.2451
23.0000 23.0358
23.0000 22.0809
23.0000 23.4966
23.0000 23.6986
23.0000 23.1094
23.0000 21.5396
23.0000 23.7341
23.0000 23.5158
23.0000 24.8418
23.0000 22.7389
23.0000 23.2118
23.0000 22.4069
23.0000 23.9629
23.0000 22.0960
23.0000 22.9090
23.0000 22.2200
23.0000 22.4829
23.0000 22.5078
23.0000 22.9385
23.0000 22.5764
23.0000 22.6692
23.0000 23.8214
23.0000 22.4680
23.0000 23.3836
23.0000 23.4226
23.0000 22.4552
23.0000 21.8929
23.0000 22.9344
23.0000 22.7401
23.0000 23.0131
23.0000 22.5235
23.0000 23.0590
23.0000 23.7309
23.0000 23.7811
23.0000 23.8453
23.0000 22.9847
23.0000 22.7388
23.0000 23.7863
23.0000 22.4969
23.0000 23.2372
23.0000 23.4829
23.0000 23.2224
23.0000 23.1472
23.0000 22.8081
23.0000 23.6549
23.0000 23.7013
23.0000 23.2694
23.0000 22.5234
23.0000 22.4411
23.0000 23.3870
23.0000 22.4834
23.0000 22.2457
23.0000 23.1264
23.0000 23.4399
23.0000 22.7824
23.0000 23.7004
23.0000 21.6342
23.0000 23.0371
23.0000 23.0049
23.0000 23.5632
23.0000 23.8090
23.0000 22.3928
23.0000 23.6758
23.0000 22.8450
23.0000 22.5005
23.0000 22.3941
23.0000 22.6709
23.0000 22.4347
23.0000 23.6634
23.0000 22.8362
23.0000 22.8764
23.0000 23.4559
23.0000 24.4339
23.0000 22.9153
23.0000 22.8792
23.0000 22.7297
23.0000 22.6146
23.0000 23.4699
23.0000 21.9566
23.0000 22.6280
23.0000 22.7837
23.0000 23.0505
23.0000 23.3085
23.0000 22.3329
23.0000 23.9996
23.0000 23.1038
23.0000 23.5524
23.0000 22.7977
23.0000 23.2022
23.0000 23.1658
23.0000 22.6549
23.0000 23.8243
23.0000 23.5060
23.0000 22.5294
23.0000 23.0954
23.0000 22.5936
23.0000 22.7336
23.0000 22.4902
23.0000 23.2222
23.0000 23.8193
23.0000 22.8452
23.0000 22.7567
23.0000 23.4762
23.0000 24.5961
23.0000 23.3624
23.0000 22.6289
23.0000 23.1897
23.0000 23.7908
23.0000 22.8902
23.0000 24.2652
23.0000 23.3083
23.0000 23.6915
23.0000 23.7309
23.0000 23.2670
23.0000 22.8880
23.0000 23.1982
23.0000 24.5342
23.0000 23.8249
23.0000 23.9789
23.0000 23.0064
23.0000 23.3638
23.0000 22.2251
23.0000 22.9030
23.0000 21.8021
23.0000 21.6732
23.0000 22.2737
23.0000 23.6332
23.0000 22.8394
23.0000 23.0612
23.0000 23.8384
23.0000 23.3359
23.0000 23.2137
23.0000 22.8696
23.0000 23.0616
23.0000 23.6528
23.0000 22.0842
23.0000 24.4789
23.0000 23.2905
23.0000 23.2088
23.0000 23.4040
23.0000 22.9011
23.0000 22.8522
23.0000 23.4483
23.0000 22.1755
23.0000 24.0785
23.0000 22.4181
23.0000 23.4952
23.0000 22.5570
23.0000 22.9619
23.0000 24.0004
23.0000 22.7958
23.0000 24.3440
23.0000 23.4274
23.0000 22.6548
23.0000 22.2665
23.0000 23.2789
23.0000 23.2739
23.0000 23.4423
23.0000 23.2999
23.0000 22.4841
23.0000 22.9065
23.0000 24.4366
23.0000 22.6334
23.0000 22.6552
23.0000 23.1286
23.0000 23.1773
23.0000 22.5877
23.0000 22.2530
23.0000 23.0864
23.0000 23.1516
23.0000 23.9722
23.0000 22.7459
23.0000 22.1569
23.0000 23.2912
23.0000 23.8777
23.0000 22.6449
23.0000 22.6688
23.0000 22.7829
23.0000 23.8031
23.0000 22.7266
23.0000 22.7573
23.0000 22.7986
23.0000 23.2355
23.0000 22.7361
23.0000 23.9325
23.0000 22.2905
23.0000 22.4658
23.0000 23.3957
23.0000 23.8783
23.0000 22.3291
23.0000 23.7198
23.0000 22.9099
23.0000 23.5380
23.0000 23.4526
23.0000 24.2810
23.0000 23.0815
23.0000 23.9474
23.0000 22.7914
23.0000 22.4662
23.0000 23.5336
23.0000 22.7840
23.0000 23.1245
23.0000 22.5747
23.0000 22.5657
23.0000 23.2389
23.0000 23.2316
23.0000 22.1174
23.0000 23.1064
23.0000 22.9884
23.0000 22.4202
23.0000 22.0034
23.0000 23.5241
23.0000 23.3443
23.0000 24.1533
23.0000 23.4398
23.0000 23.2248
23.0000 21.2658
23.0000 22.5990
23.0000 23.5566
23.0000 23.5154
23.0000 22.9704
23.0000 23.9313
23.0000 23.3377
23.0000 23.3778
23.0000 23.4479
23.0000 22.2682
23.0000 23.5239
23.0000 23.1460
23.0000 23.3417
23.0000 23.3959
23.0000 23.9011
23.0000 22.7776
23.0000 23.6837
23.0000 22.6387
23.0000 22.6224
23.0000 23.4542
23.0000 23.8580
23.0000 24.0193
23.0000 22.4846
23.0000 22.5263
23.0000 22.5987
23.0000 23.3241
23.0000 23.9154
23.0000 22.7622
23.0000 23.8145
23.0000 23.3940
23.0000 22.6921
23.0000 23.2222
23.0000 23.5205
23.0000 22.4024
23.0000 22.3062
23.0000 22.6240
23.0000 23.2294
23.0000 23.6192
23.0000 23.7494
23.0000 23.9584
23.0000 23.8003
23.0000 22.6290
23.0000 23.1845
23.0000 23.4231
23.0000 22.1762
23.0000 23.3616
23.0000 23.5880
23.0000 22.9297
23.0000 22.8374
23.0000 24.2749
23.0000 22.5647
23.0000 23.2324
23.0000 22.6639
23.0000 23.1369
23.0000 23.3382
23.0000 21.9686
23.0000 23.5474
23.0000 23.5562
23.0000 23.6840
23.0000 22.2900
23.0000 23.4105
23.0000 22.6614
23.0000 22.9795
23.0000 23.5812
23.0000 23.3451
23.0000 22.4557
23.0000 22.4885
23.0000 23.5921
23.0000 22.7334
23.0000 22.8316
23.0000 22.8896
23.0000 22.3475
23.0000 23.3676
23.0000 22.5233
23.0000 23.6186
23.0000 23.5191
23.0000 23.8967
23.0000 23.1855
23.0000 22.6123
23.0000 23.2448
23.0000 23.1213
23.0000 23.5924
23.0000 23.4300
23.0000 22.5555
23.0000 23.3448
23.0000 23.0987
23.0000 23.1327
23.0000 22.9186
23.0000 23.2193
23.0000 23.0048
23.0000 23.2424
23.0000 23.6371
23.0000 23.2184
23.0000 22.9959
23.0000 24.1459
23.0000 23.1379
23.0000 23.1395
23.0000 23.0064
23.0000 22.5921
23.0000 23.5232
23.0000 23.1007
23.0000 22.8679
23.0000 23.3774
23.0000 23.8912
23.0000 23.6948
23.0000 22.2156
23.0000 22.9123
23.0000 23.6063
23.0000 24.3051
23.0000 23.6491
23.0000 22.9853
23.0000 23.9659
23.0000 24.5143
23.0000 23.0446
23.0000 23.0857
23.0000 22.4042
23.0000 23.6947
23.0000 23.6252
23.0000 22.6284
23.0000 22.9323
23.0000 23.0186
23.0000 23.3234
23.0000 22.9575
23.0000 22.0136
23.0000 22.8304
23.0000 23.5248
23.0000 21.9985
23.0000 23.1966
23.0000 22.1016
23.0000 23.3576
23.0000 22.6452
23.0000 23.0070
23.0000 24.3161
23.0000 24.2559
23.0000 22.8867
23.0000 21.7548
23.0000 23.4847
23.0000 23.7696
23.0000 23.2798
23.0000 23.4171
23.0000 22.6454
23.0000 23.6411
23.0000 23.4468
23.0000 23.0081
23.0000 22.7184
23.0000 24.1029
23.0000 23.1077
23.0000 22.2175
23.0000 23.8060
23.0000 22.4093
23.0000 23.9184
23.0000 23.2383
23.0000 22.6297
23.0000 22.6535
23.0000 22.2853
23.0000 23.4120
23.0000 23.0056
23.0000 22.7555
23.0000 23.4117
23.0000 22.7462
23.0000 23.0972
23.0000 23.7025
23.0000 23.2359
23.0000 23.3355
23.0000 23.5295
23.0000 22.6338
23.0000 22.3605
23.0000 22.3642
23.0000 22.8232
23.0000 23.1390
23.0000 22.8802
23.0000 23.7522
23.0000 23.2418
23.0000 24.4869
23.0000 23.0310
23.0000 23.2211
23.0000 23.7337
23.0000 23.9727
23.0000 23.5053
23.0000 22.1467
23.0000 22.7520
23.0000 23.3832
23.0000 22.4292
23.0000 23.5243
23.0000 22.2063
23.0000 22.5921
23.0000 23.9259
23.0000 23.0982
23.0000 22.8483
23.0000 22.7694
23.0000 23.7700
23.0000 24.0621
23.0000 23.6938
23.0000 22.4095
23.0000 22.8915
23.0000 23.1098
23.0000 23.5781
23.0000 23.0245
23.0000 23.7874
23.0000 22.5708
23.0000 23.1960
23.0000 23.7031
23.0000 23.0900
23.0000 23.3407
23.0000 23.0990
23.0000 23.4100
23.0000 22.0486
23.0000 22.8120
23.0000 24.2355
23.0000 22.9134
23.0000 23.6528
23.0000 23.9083
23.0000 23.4411
23.0000 22.3106
23.0000 22.7672
23.0000 22.5652
23.0000 23.2367
23.0000 23.0665
23.0000 22.9963
23.0000 22.8734
23.0000 23.6162
23.0000 22.7029
23.0000 23.3637
23.0000 23.1057
23.0000 23.1074
23.0000 23.6701
23.0000 22.3207
23.0000 22.9870
23.0000 21.8705
23.0000 23.5654
23.0000 22.3865
23.0000 23.0046
23.0000 22.8698
23.0000 22.8087
23.0000 22.7798
23.0000 23.3617
23.0000 24.0934
23.0000 22.3119
23.0000 24.4044
23.0000 22.7944
23.0000 22.9022
23.0000 23.4829
23.0000 23.7833
23.0000 22.2844
23.0000 23.4981
23.0000 24.2468
23.0000 22.8695
23.0000 23.0645
23.0000 22.9405
23.0000 23.3379
23.0000 23.4242
23.0000 23.7231
23.0000 23.7068
23.0000 22.7507
23.0000 22.6452
23.0000 23.4325
23.0000 23.8830
23.0000 23.5536
23.0000 23.2297
23.0000 22.5945
23.0000 23.0004
23.0000 22.7645
23.0000 23.5928
23.0000 24.1247
23.0000 22.7077
23.0000 24.0949
23.0000 22.8679
23.0000 22.9474
23.0000 23.3934
23.0000 23.1850
23.0000 23.7161
23.0000 22.5437
23.0000 23.4713
23.0000 22.9136
23.0000 22.3769
23.0000 23.6272
23.0000 23.1787
23.0000 23.1466
23.0000 24.3362
23.0000 22.4980
23.0000 23.6994
23.0000 23.4984
23.0000 23.2105
23.0000 22.6838
23.0000 23.5770
23.0000 22.6118
23.0000 22.9731
23.0000 23.7536
23.0000 23.1059
23.0000 22.7848
23.0000 23.0351
23.0000 22.8043
23.0000 23.5235
23.0000 23.3672
23.0000 23.8447
23.0000 22.9476
23.0000 23.0179
23.0000 23.2534
23.0000 22.9932
23.0000 23.2671
23.0000 23.7689
23.0000 23.5660
23.0000 22.4764
23.0000 23.8908
23.0000 23.3192
23.0000 22.7939
23.0000 23.4149
23.0000 23.4543
23.0000 22.3126
23.0000 23.3125
23.0000 23.4190
23.0000 23.0313
23.0000 23.9013
23.0000 22.8320
23.0000 22.7543
23.0000 23.4506
23.0000 23.2859
23.0000 23.1424
23.0000 22.7396
23.0000 22.7553
23.0000 22.7879
23.0000 22.8937
23.0000 23.0177
23.0000 22.8677
23.0000 23.3604
23.0000 22.4424
23.0000 23.0667
23.0000 22.5167
23.0000 22.7458
23.0000 23.5598
23.0000 24.2676
23.0000 24.1773
23.0000 22.3467
23.0000 22.8881
23.0000 24.0850
23.0000 22.6430
23.0000 23.9865
23.0000 23.2111
23.0000 23.4524
23.0000 23.3529
23.0000 23.4662
23.0000 22.4544
23.0000 23.2051
23.0000 22.7798
23.0000 23.6050
23.0000 23.7034
23.0000 23.4024
23.0000 23.0213
23.0000 22.1643
23.0000 23.7578
23.0000 23.4470
23.0000 23.7406
23.0000 22.7853
23.0000 22.5174
23.0000 22.6520
23.0000 24.0386
23.0000 23.4173
23.0000 23.3483
23.0000 23.6462
23.0000 22.5644
23.0000 24.2385
23.0000 23.8024
23.0000 23.8150
23.0000 24.0855
23.0000 23.5878
23.0000 22.8115
23.0000 22.8751
23.0000 21.4950
23.0000 23.3335
23.0000 22.8287
23.0000 22.5197
23.0000 24.4867
23.0000 23.4089
23.0000 23.1672
23.0000 24.2251
23.0000 23.9425
23.0000 22.6670
23.0000 23.7617
23.0000 22.9377
23.0000 22.7365
23.0000 24.2275
23.0000 23.1624
23.0000 23.2916
23.0000 22.8165
23.0000 22.7787
23.0000 24.0529
23.0000 23.6316
23.0000 23.4314
23.0000 23.5036
23.0000 23.0953
23.0000 22.7954
23.0000 23.6002
23.0000 23.1242
23.0000 22.3717
23.0000 22.7899
23.0000 23.6174
23.0000 22.1213
23.0000 23.1972
23.0000 22.9789
23.0000 23.7048
23.0000 23.6369
23.0000 23.2989
23.0000 23.2605
23.0000 23.7578
23.0000 22.4471
23.0000 22.5035
23.0000 23.3128
23.0000 23.1798
23.0000 22.5211
23.0000 23.4436
23.0000 24.3080
23.0000 23.3117
23.0000 24.0683
23.0000 22.5363
23.0000 23.2177
23.0000 23.0226
23.0000 22.3110
23.0000 22.3751
23.0000 22.3984
23.0000 22.7474
23.0000 23.4898
23.0000 23.5119
23.0000 22.7697
23.0000 24.3018
23.0000 22.6834
23.0000 22.3519
23.0000 24.0853
23.0000 24.0432
23.0000 23.5788
23.0000 22.1874
23.0000 21.9387
23.0000 23.2764
23.0000 22.5414
23.0000 22.4432
23.0000 22.8749
23.0000 22.5161
23.0000 23.2089
23.0000 23.4902
23.0000 22.3258
23.0000 22.9907
23.0000 22.9494
