25.0000 24.7479
25.0000 25.2458
25.0000 25.4002
25.0000 25.3135
25.0000 24.6706
25.0000 25.5274
25.0000 24.9440
25.0000 25.5640
25.0000 24.7343
25.0000 24.9809
25.0000 24.5867
25.0000 24.9909
25.0000 25.4410
25.0000 24.1615
25.0000 25.8173
25.0000 24.7275
25.0000 24.6653
25.0000 24.3875
25.0000 25.1450
25.0000 23.9665
25.0000 24.6243
25.0000 25.1550
25.0000 24.4582
25.0000 24.4499
25.0000 24.1303
25.0000 25.0238
25.0000 25.0087
25.0000 23.8011
25.0000 24.4586
25.0000 25.5771
25.0000 25.7910
25.0000 25.4220
25.0000 24.9163
25.0000 24.7320
25.0000 24.3110
25.0000 25.2541
25.0000 24.3735
25.0000 24.1748
25.0000 25.3590
25.0000 24.4463
25.0000 24.2795
25.0000 25.4162
25.0000 25.5854
25.0000 24.4359
25.0000 24.9889
25.0000 25.2734
25.0000 24.0860
25.0000 24.0769
25.0000 25.4681
25.0000 24.9678
25.0000 25.1516
25.0000 24.9352
25.0000 24.8745
25.0000 24.9001
25.0000 24.2284
25.0000 24.9053
25.0000 25.3033
25.0000 25.3724
25.0000 25.3824
25.0000 24.6199
25.0000 25.5977
25.0000 24.6784
25.0000 24.3153
25.0000 24.5096
25.0000 25.0434
25.0000 24.3519
25.0000 24.5335
25.0000 25.2500
25.0000 25.0937
25.0000 25.3096
25.0000 25.1650
25.0000 25.0683
25.0000 25.0822
25.0000 25.0889
25.0000 24.7709
25.0000 24.3102
25.0000 23.8410
25.0000 23.3860
25.0000 24.3278
25.0000 24.4570
25.0000 25.3006
25.0000 24.8739
25.0000 25.1083
25.0000 25.5981
25.0000 25.1901
25.0000 24.6619
25.0000 24.1367
25.0000 23.7931
25.0000 25.1165
25.0000 24.7053
25.0000 24.4640
25.0000 24.6317
25.0000 25.4788
25.0000 24.3798
25.0000 24.2940
25.0000 24.5509
25.0000 25.7176
25.0000 25.3890
25.0000 25.4424
25.0000 25.3709
25.0000 24.8733
25.0000 25.0163
25.0000 24.6538
25.0000 24.4027
25.0000 24.6354
25.0000 24.4409
25.0000 24.3211
25.0000 24.3331
25.0000 24.7581
25.0000 24.8533
25.0000 25.4013
25.0000 24.2161
25.0000 26.3139
25.0000 24.6428
25.0000 24.5763
25.0000 24.8383
25.0000 23.5759
25.0000 25.4043
25.0000 24.1353
25.0000 24.2916
25.0000 25.0815
25.0000 24.9673
25.0000 25.1704
25.0000 25.4212
25.0000 25.4182
25.0000 25.5028
25.0000 24.7042
25.0000 24.5995
25.0000 25.0206
25.0000 25.0377
25.0000 25.3822
25.0000 24.6858
25.0000 24.7207
25.0000 24.4483
25.0000 25.0586
25.0000 25.0712
25.0000 24.8064
25.0000 25.0297
25.0000 25.5978
25.0000 24.7278
25.0000 24.4286
25.0000 24.6506
25.0000 24.3723
25.0000 24.8339
25.0000 24.6333
25.0000 24.8450
25.0000 24.9628
25.0000 25.7147
25.0000 25.0320
25.0000 25.2269
25.0000 24.8043
25.0000 25.9993
25.0000 24.1560
25.0000 24.5082
25.0000 25.1738
25.0000 24.8049
25.0000 24.9230
25.0000 24.3483
25.0000 24.9877
25.0000 25.1221
25.0000 26.1344
25.0000 25.4724
25.0000 25.7557
25.0000 24.9259
25.0000 25.0056
25.0000 24.9586
25.0000 25.5702
25.0000 24.4840
25.0000 24.6393
25.0000 25.1508
25.0000 25.6397
25.0000 24.5509
25.0000 25.5689
25.0000 24.5023
25.0000 24.8412
25.0000 24.9112
25.0000 25.3757
25.0000 24.3376
25.0000 25.0617
25.0000 24.9601
25.0000 25.3860
25.0000 24.0935
25.0000 24.9361
25.0000 23.7669
25.0000 25.2476
25.0000 24.8847
25.0000 24.7498
25.0000 24.6693
25.0000 24.5241
25.0000 24.2573
25.0000 25.3390
25.0000 24.8704
25.0000 25.4131
25.0000 25.3620
25.0000 25.3125
25.0000 25.0872
25.0000 26.1126
25.0000 24.5616
25.0000 25.1873
25.0000 25.1879
25.0000 24.9215
25.0000 24.7686
25.0000 24.8232
25.0000 24.1184
25.0000 24.2717
25.0000 25.0005
25.0000 24.3756
25.0000 24.8732
25.0000 25.6082
25.0000 25.4021
25.0000 24.7709
25.0000 24.2026
25.0000 24.5661
25.0000 25.4479
25.0000 24.3843
25.0000 25.8192
25.0000 25.8330
25.0000 25.1949
25.0000 24.2088
25.0000 24.7662
25.0000 25.7927
25.0000 24.6172
25.0000 25.3069
25.0000 23.9755
25.0000 24.6214
25.0000 24.7159
25.0000 25.6247
25.0000 25.7233
25.0000 25.4667
25.0000 24.5290
25.0000 24.5883
25.0000 24.0010
25.0000 24.5970
25.0000 24.8418
25.0000 25.3381
25.0000 25.6365
25.0000 26.2329
25.0000 25.4389
25.0000 24.0560
25.0000 24.7403
25.0000 24.8749
25.0000 24.9459
25.0000 24.3534
25.0000 25.3749
25.0000 26.1204
25.0000 25.1981
25.0000 25.2389
25.0000 24.0019
25.0000 25.0347
25.0000 25.2360
25.0000 24.0069
25.0000 25.7034
25.0000 24.6433
25.0000 25.2650
25.0000 25.6206
25.0000 24.6683
25.0000 24.5026
25.0000 24.9366
25.0000 25.0293
25.0000 24.6377
25.0000 24.7398
25.0000 25.8397
25.0000 24.8853
25.0000 25.2988
25.0000 24.4685
25.0000 25.5236
25.0000 24.6487
25.0000 24.4654
25.0000 24.1627
25.0000 25.1394
25.0000 24.9080
25.0000 23.7904
25.0000 24.0432
25.0000 24.5675
25.0000 24.0103
25.0000 25.5956
25.0000 25.4330
25.0000 24.4689
25.0000 24.9553
25.0000 25.1940
25.0000 25.0806
25.0000 24.3280
25.0000 24.9061
25.0000 24.3848
25.0000 25.0097
25.0000 24.7300
25.0000 24.9279
25.0000 23.9210
25.0000 25.3371
25.0000 24.5369
25.0000 24.6550
25.0000 24.6877
25.0000 25.3466
25.0000 25.2592
25.0000 25.0628
25.0000 26.7326
25.0000 24.9743
25.0000 25.0845
25.0000 25.2662
25.0000 25.3736
25.0000 25.0590
25.0000 25.6359
25.0000 24.6915
25.0000 24.8801
25.0000 24.3642
25.0000 24.7761
25.0000 24.2731
25.0000 24.1195
25.0000 24.5453
25.0000 25.2660
25.0000 25.0167
25.0000 24.7527
25.0000 24.9570
25.0000 25.0237
25.0000 25.0659
25.0000 24.5105
25.0000 25.0393
25.0000 24.7450
25.0000 25.9906
25.0000 25.1476
25.0000 24.5584
25.0000 25.5760
25.0000 25.3683
25.0000 24.7648
25.0000 24.5563
25.0000 24.0080
25.0000 24.4899
25.0000 24.6919
25.0000 25.3963
25.0000 24.9702
25.0000 24.8230
25.0000 24.9196
25.0000 25.7493
25.0000 24.8245
25.0000 25.1917
25.0000 25.2093
25.0000 24.7617
25.0000 26.2323
25.0000 25.1455
25.0000 25.4644
25.0000 23.9326
25.0000 25.2315
25.0000 24.5725
25.0000 24.5676
25.0000 26.1246
25.0000 24.5982
25.0000 23.8306
25.0000 24.9153
25.0000 24.2429
25.0000 25.2773
25.0000 25.3221
25.0000 25.0097
25.0000 24.9796
25.0000 24.4227
25.0000 24.8926
25.0000 25.2834
25.0000 24.7341
25.0000 25.1373
25.0000 23.5659
25.0000 24.4930
25.0000 26.0236
25.0000 25.0215
25.0000 24.7864
25.0000 25.2331
25.0000 23.8760
25.0000 25.3301
25.0000 25.1684
25.0000 25.7679
25.0000 24.7147
25.0000 25.5115
25.0000 24.7804
25.0000 24.5073
25.0000 25.0111
25.0000 23.7770
25.0000 24.4745
25.0000 24.5588
25.0000 25.2954
25.0000 24.8735
25.0000 24.8002
25.0000 24.7637
25.0000 24.8144
25.0000 25.5253
25.0000 24.6650
25.0000 25.3583
25.0000 24.9976
25.0000 25.0079
25.0000 25.3134
25.0000 25.0143
25.0000 25.6415
25.0000 25.1923
25.0000 25.3536
25.0000 24.8731
25.0000 25.0039
25.0000 25.4828
25.0000 25.3796
25.0000 25.3352
25.0000 25.6472
25.0000 25.5981
25.0000 25.1560
25.0000 25.2779
25.0000 24.0569
25.0000 24.6537
25.0000 25.2377
25.0000 24.5455
25.0000 26.1610
25.0000 25.1686
25.0000 25.1985
25.0000 24.7214
25.0000 24.8515
25.0000 25.4599
25.0000 25.2105
25.0000 24.3853
25.0000 24.4702
25.0000 24.6595
25.0000 25.2507
25.0000 25.6679
25.0000 24.5765
25.0000 23.6633
25.0000 24.8484
25.0000 25.8609
25.0000 24.3961
25.0000 24.7279
25.0000 24.4923
25.0000 25.0836
25.0000 25.3516
25.0000 25.1451
25.0000 24.8884
25.0000 24.3379
25.0000 24.2551
25.0000 24.3958
25.0000 26.2136
25.0000 24.0042
25.0000 26.0195
25.0000 25.8078
25.0000 25.2036
25.0000 25.1579
25.0000 23.3536
25.0000 23.7366
25.0000 23.4211
25.0000 25.8816
25.0000 24.1454
25.0000 24.4915
25.0000 24.7131
25.0000 24.9673
25.0000 24.7666
25.0000 25.8063
25.0000 24.6030
25.0000 25.8522
25.0000 26.3615
25.0000 25.3745
25.0000 24.7429
25.0000 24.9526
25.0000 24.5971
25.0000 25.6809
25.0000 25.3916
25.0000 24.2837
25.0000 24.7895
25.0000 24.9488
25.0000 25.4595
25.0000 24.8488
25.0000 24.0287
25.0000 25.2104
25.0000 24.7699
25.0000 24.7367
25.0000 23.7921
25.0000 25.4946
25.0000 25.7430
25.0000 24.6836
25.0000 25.6043
25.0000 24.2778
25.0000 24.3077
25.0000 25.4989
25.0000 25.1616
25.0000 24.6822
25.0000 25.1111
25.0000 24.9040
25.0000 24.9583
25.0000 24.0156
25.0000 24.2976
25.0000 24.5533
25.0000 24.8985
25.0000 24.2186
25.0000 24.4525
25.0000 24.2299
25.0000 25.8980
25.0000 24.9504
25.0000 24.7567
25.0000 24.5897
25.0000 24.7279
25.0000 25.0675
25.0000 24.5570
25.0000 25.6925
25.0000 26.0905
25.0000 24.5529
25.0000 24.4472
25.0000 26.1743
25.0000 24.6601
25.0000 24.9192
25.0000 25.3904
25.0000 24.8321
25.0000 24.1785
25.0000 24.4978
25.0000 25.3675
25.0000 25.7351
25.0000 25.3687
25.0000 25.5449
25.0000 24.6575
25.0000 25.1102
25.0000 25.0978
25.0000 24.7087
25.0000 24.8500
25.0000 25.6324
25.0000 24.0736
25.0000 24.2961
25.0000 24.1045
25.0000 24.4627
25.0000 24.3113
25.0000 23.8721
25.0000 24.0939
25.0000 25.5700
25.0000 24.8713
25.0000 24.1101
25.0000 24.4167
25.0000 24.8119
25.0000 24.3847
25.0000 24.7030
25.0000 23.7007
25.0000 25.0787
25.0000 25.4352
25.0000 24.5912
25.0000 24.8802
25.0000 23.5927
25.0000 24.6236
25.0000 25.5498
25.0000 24.9488
25.0000 24.6227
25.0000 24.1333
25.0000 25.0410
25.0000 25.0103
25.0000 24.7027
25.0000 25.7635
25.0000 23.6382
25.0000 24.7771
25.0000 25.1557
25.0000 24.0775
25.0000 24.8602
25.0000 24.7184
25.0000 24.4914
25.0000 24.2991
25.0000 24.9325
25.0000 25.2858
25.0000 24.6939
25.0000 25.0120
25.0000 25.3178
25.0000 24.5357
25.0000 24.2492
25.0000 25.5811
25.0000 26.0951
25.0000 24.3892
25.0000 24.9013
25.0000 24.3209
25.0000 25.8348
25.0000 25.0999
25.0000 24.4896
25.0000 25.2036
25.0000 25.3751
25.0000 24.7826
25.0000 24.4312
25.0000 24.8654
25.0000 25.0293
25.0000 24.8561
25.0000 24.6230
25.0000 25.5689
25.0000 25.6495
25.0000 24.3988
25.0000 24.8980
25.0000 25.0317
25.0000 25.4664
25.0000 25.2176
25.0000 25.8728
25.0000 24.8784
25.0000 25.0686
25.0000 25.4924
25.0000 24.4435
25.0000 24.1396
25.0000 25.0908
25.0000 23.7439
25.0000 24.2302
25.0000 24.9563
25.0000 23.8880
25.0000 24.7843
25.0000 24.4937
25.0000 25.0280
25.0000 24.0251
25.0000 24.6355
25.0000 24.6942
25.0000 24.6520
25.0000 24.0773
25.0000 23.5652
25.0000 24.9858
25.0000 24.2793
25.0000 25.1630
25.0000 24.1632
25.0000 25.1810
25.0000 25.0032
25.0000 25.3094
25.0000 24.9550
25.0000 24.8392
25.0000 24.7955
25.0000 25.0851
25.0000 25.5741
25.0000 24.7099
25.0000 24.2932
25.0000 25.5378
25.0000 24.0965
25.0000 25.1114
25.0000 25.0184
25.0000 25.5172
25.0000 24.0717
25.0000 24.6893
25.0000 25.0975
25.0000 25.0906
25.0000 25.1717
25.0000 24.5546
25.0000 24.4036
25.0000 24.3346
25.0000 25.4615
25.0000 24.4895
25.0000 25.4474
25.0000 24.6667
25.0000 25.2872
25.0000 25.9962
25.0000 24.7693
25.0000 24.5459
25.0000 25.1569
25.0000 25.0883
25.0000 25.4809
25.0000 24.3995
25.0000 24.9326
25.0000 24.8875
25.0000 24.8085
25.0000 25.8855
25.0000 24.8122
25.0000 24.1970
25.0000 23.9412
25.0000 24.8966
25.0000 25.6262
25.0000 24.7559
25.0000 25.2548
25.0000 25.3332
25.0000 24.8571
25.0000 25.6768
25.0000 24.9100
25.0000 24.5879
25.0000 25.0572
25.0000 24.5328
25.0000 25.4333
25.0000 23.9335
25.0000 24.5753
25.0000 24.9247
25.0000 23.6024
25.0000 24.8388
25.0000 25.4844
25.0000 24.4925
25.0000 24.0898
25.0000 24.9894
25.0000 24.7056
25.0000 26.0900
25.0000 25.4284
25.0000 25.0296
25.0000 24.1110
25.0000 25.1433
25.0000 25.6668
25.0000 24.6186
25.0000 24.6707
25.0000 24.3625
25.0000 25.5304
25.0000 24.2897
25.0000 24.1320
25.0000 25.3576
25.0000 26.0504
25.0000 24.9930
25.0000 25.7143
25.0000 25.2827
25.0000 24.7282
25.0000 25.8062
25.0000 24.0419
25.0000 25.4083
25.0000 25.4702
25.0000 24.5278
25.0000 24.6786
25.0000 23.9461
25.0000 25.1364
25.0000 24.9353
25.0000 25.2428
25.0000 26.1187
25.0000 24.9255
25.0000 24.2191
25.0000 24.3508
25.0000 24.5254
25.0000 24.0856
25.0000 24.2530
25.0000 25.4263
25.0000 24.9985
25.0000 23.7469
25.0000 25.4822
25.0000 24.3612
25.0000 24.5557
25.0000 24.4285
25.0000 24.5589
25.0000 24.3331
25.0000 26.2026
25.0000 25.2899
25.0000 24.9493
25.0000 25.1001
25.0000 24.7748
25.0000 24.0783
25.0000 25.4864
25.0000 25.3142
25.0000 25.1978
25.0000 24.0384
25.0000 24.4104
25.0000 24.7794
25.0000 24.7496
25.0000 24.9241
25.0000 24.7352
25.0000 24.2655
25.0000 25.1502
25.0000 25.6784
25.0000 24.1715
25.0000 25.2766
25.0000 25.6582
25.0000 25.1483
25.0000 24.1959
25.0000 24.1186
25.0000 25.1983
25.0000 24.6491
25.0000 24.4461
25.0000 25.0315
25.0000 24.9261
25.0000 24.5454
25.0000 24.0954
25.0000 25.3054
25.0000 24.9875
25.0000 24.7959
25.0000 25.1134
25.0000 24.2908
25.0000 24.7089
25.0000 24.7958
25.0000 23.8427
25.0000 25.0435
25.0000 24.7463
25.0000 24.7484
25.0000 25.4764
25.0000 23.8923
25.0000 24.4859
25.0000 24.7547
25.0000 23.7244
25.0000 25.7196
25.0000 24.4899
25.0000 24.1076
25.0000 24.8367
25.0000 24.5087
25.0000 25.0276
25.0000 24.9743
25.0000 24.1201
25.0000 24.6667
25.0000 24.7263
25.0000 24.7850
25.0000 25.0827
25.0000 24.7157
25.0000 25.0548
25.0000 24.8660
25.0000 24.1306
25.0000 24.6011
25.0000 24.6955
25.0000 24.4212
25.0000 25.7956
25.0000 25.3995
25.0000 24.8154
25.0000 24.6139
25.0000 24.3915
25.0000 24.6106
25.0000 25.5244
25.0000 24.3534
25.0000 24.9935
25.0000 24.5141
25.0000 24.7542
25.0000 25.4717
25.0000 24.4355
25.0000 25.3492
25.0000 24.6510
25.0000 24.4830
25.0000 24.1194
25.0000 25.2102
25.0000 24.6568
25.0000 24.2282
25.0000 25.1452
25.0000 25.5707
25.0000 24.9175
25.0000 25.2759
25.0000 25.0773
25.0000 25.1963
25.0000 23.8547
25.0000 25.1923
25.0000 24.6678
25.0000 24.9754
25.0000 24.9907
25.0000 23.8845
25.0000 25.4036
25.0000 24.9564
25.0000 24.1378
25.0000 25.1193
25.0000 23.9775
25.0000 24.8350
25.0000 24.7030
25.0000 24.8201
25.0000 24.1275
25.0000 24.6128
25.0000 25.2129
25.0000 25.9783
25.0000 24.9921
25.0000 24.5305
25.0000 25.1851
25.0000 25.3905
25.0000 25.0199
25.0000 25.3498
25.0000 25.4759
25.0000 25.3964
25.0000 25.6949
25.0000 25.7077
25.0000 26.0172
25.0000 25.2921
25.0000 24.6000
25.0000 25.1349
25.0000 23.5618
25.0000 24.2496
25.0000 24.2256
25.0000 23.9270
25.0000 25.2057
25.0000 25.6261
25.0000 24.5433
25.0000 24.3245
25.0000 25.0367
25.0000 25.8830
25.0000 24.5388
25.0000 24.2716
25.0000 24.8069
25.0000 24.4531
25.0000 25.0888
25.0000 24.3026
25.0000 23.9666
25.0000 24.7581
25.0000 24.7143
25.0000 25.4151
25.0000 25.4619
25.0000 24.6764
25.0000 24.6166
25.0000 24.4764
25.0000 25.0384
25.0000 25.6144
25.0000 25.9304
25.0000 24.0197
25.0000 24.9921
25.0000 25.5003
25.0000 23.7179
25.0000 24.7088
25.0000 24.4718
25.0000 24.7744
25.0000 23.9674
25.0000 25.4550
25.0000 24.4869
25.0000 24.2786
25.0000 24.9821
25.0000 25.5524
25.0000 25.2963
25.0000 25.8148
25.0000 24.8058
25.0000 24.8651
25.0000 24.7367
25.0000 23.8601
25.0000 25.4811
25.0000 24.4720
25.0000 25.1051
25.0000 24.8831
25.0000 24.1856
25.0000 24.2371
25.0000 24.9823
25.0000 24.8976
25.0000 24.6935
25.0000 24.0708
25.0000 24.3450
25.0000 25.6226
25.0000 24.9366
25.0000 24.7179
25.0000 25.6292
25.0000 24.5137
25.0000 25.4569
25.0000 25.5765
25.0000 24.6547
25.0000 24.1525
25.0000 25.7906
25.0000 24.9294
25.0000 24.7132
25.0000 23.9351
25.0000 24.3184
25.0000 24.1603
25.0000 24.7747
25.0000 25.2062
25.0000 24.2246
25.0000 25.3191
25.0000 23.9950
25.0000 25.7415
25.0000 24.2862
25.0000 25.1938
25.0000 24.7947
25.0000 24.5961
25.0000 25.3676
25.0000 24.6244
25.0000 24.3938
25.0000 25.2820
25.0000 25.5318
25.0000 25.0905
25.0000 24.6294
25.0000 25.0533
25.0000 24.4415
25.0000 24.4511
25.0000 23.9032
25.0000 24.6397
25.0000 25.2988
25.0000 26.2495
25.0000 24.9226
25.0000 24.9587
25.0000 25.1086
25.0000 24.9094
25.0000 24.5467
25.0000 25.2880
25.0000 25.3833
25.0000 24.9743
25.0000 24.8607
25.0000 24.7991
25.0000 25.1717
25.0000 25.3783
25.0000 25.0216
25.0000 24.2867
25.0000 23.2833
25.0000 23.9127
25.0000 24.2269
25.0000 25.3900
25.0000 24.4352
25.0000 25.8600
25.0000 25.0109
25.0000 25.8267
25.0000 24.5962
25.0000 24.4421
25.0000 26.0885
25.0000 24.8565
25.0000 24.6720
25.0000 25.3103
25.0000 24.1988
25.0000 24.7483
25.0000 24.1249
25.0000 25.5792
25.0000 25.0837
25.0000 25.0142
25.0000 25.3139
25.0000 25.9173
25.0000 24.9640
25.0000 25.0450
25.0000 25.7328
25.0000 25.0114
25.0000 25.6582
25.0000 24.5258
25.0000 24.3089
25.0000 25.0400
25.0000 24.8547
25.0000 23.6686
25.0000 24.4352
25.0000 24.7174
25.0000 25.2301
25.0000 24.3505
25.0000 25.1947
25.0000 24.6200
25.0000 25.0046
25.0000 23.6542
25.0000 24.6511
25.0000 25.4470
25.0000 25.6019
25.0000 24.2162
25.0000 24.6149
25.0000 24.4509
25.0000 24.8883
25.0000 24.8837
25.0000 24.6214
25.0000 24.3553
25.0000 26.5500
25.0000 25.1351
25.0000 24.6083
25.0000 25.0918
25.0000 24.8593
25.0000 24.3456
25.0000 24.9696
25.0000 25.0779
25.0000 24.9320
25.0000 24.2915
25.0000 25.2046
25.0000 24.4847
25.0000 25.4096
25.0000 24.7854
25.0000 25.2254
25.0000 25.3778
25.0000 24.6067
25.0000 24.4128
25.0000 25.5380
25.0000 24.4539
25.0000 25.1956
25.0000 25.8764
25.0000 24.4441
25.0000 25.0056
25.0000 24.8866
25.0000 25.9664
25.0000 24.9051
25.0000 25.8837
25.0000 25.0184
25.0000 24.7091
25.0000 24.5097
25.0000 25.4481
25.0000 24.3280
25.0000 24.6319
25.0000 24.7625
25.0000 25.0231
25.0000 25.0155
25.0000 25.8783
25.0000 24.5736
25.0000 25.2180
25.0000 24.1638
25.0000 25.2737
25.0000 25.1060
25.0000 25.0777
25.0000 25.0353
25.0000 24.5111
25.0000 25.5114
25.0000 25.0161
25.0000 23.9342
25.0000 24.4580
25.0000 25.0474
25.0000 25.1322
25.0000 25.0581
25.0000 25.1040
25.0000 25.5243
25.0000 25.7574
25.0000 25.1352
25.0000 24.5751
25.0000 24.3959
25.0000 24.4352
25.0000 24.4768
25.0000 24.7010
25.0000 24.3320
25.0000 23.7557
25.0000 24.7456
25.0000 24.8061
25.0000 25.0144
25.0000 25.3878
25.0000 24.6277
25.0000 24.3640
25.0000 25.0031
25.0000 24.7518
25.0000 24.7581
25.0000 24.4313
25.0000 24.0604
25.0000 25.0058
25.0000 24.9193
25.0000 25.8888
25.0000 24.6868
25.0000 24.4715
25.0000 24.6384
25.0000 24.5127
25.0000 24.3944
25.0000 25.1462
25.0000 24.3259
25.0000 24.1761
25.0000 24.1489
25.0000 24.6643
25.0000 24.1148
25.0000 24.5246
25.0000 25.1250
25.0000 25.1272
25.0000 24.5365
25.0000 24.5465
25.0000 23.6376
25.0000 24.7375
25.0000 24.9559
25.0000 24.9573
25.0000 24.3071
25.0000 25.6803
25.0000 25.5736
25.0000 24.7662
25.0000 25.6227
25.0000 25.2189
25.0000 25.1207
25.0000 24.6515
25.0000 24.7073
25.0000 25.1260
25.0000 25.3648
25.0000 25.1672
25.0000 25.1838
25.0000 25.3680
25.0000 25.3551
25.0000 25.5165
25.0000 25.1069
25.0000 25.4725
25.0000 24.9493
25.0000 24.7538
25.0000 24.7518
25.0000 24.8723
25.0000 25.8725
25.0000 24.2235
25.0000 23.8958
25.0000 23.3157
25.0000 25.3541
25.0000 24.9784
25.0000 24.1486
25.0000 24.6443
25.0000 25.3474
25.0000 25.4076
25.0000 25.4821
25.0000 23.6810
25.0000 25.2811
25.0000 24.4477
25.0000 25.0617
25.0000 24.8545
25.0000 25.6989
25.0000 24.5797
25.0000 24.8011
25.0000 26.0298
25.0000 23.9501
25.0000 25.6392
25.0000 25.0428
25.0000 25.1020
25.0000 24.3135
25.0000 25.4585
25.0000 24.8918
25.0000 24.5017
25.0000 25.2781
25.0000 25.4876
25.0000 24.7316
25.0000 25.7988
25.0000 24.5785
25.0000 24.7784
25.0000 25.4502
25.0000 25.2039
25.0000 26.1980
25.0000 24.9562
25.0000 24.8579
25.0000 24.9923
25.0000 25.0276
25.0000 24.9744
25.0000 25.2690
25.0000 24.8277
25.0000 24.4921
25.0000 25.3865
25.0000 24.9110
25.0000 24.6504
25.0000 24.0615
25.0000 25.3061
25.0000 25.9418
25.0000 25.0396
25.0000 24.9186
25.0000 24.9287
25.0000 25.0171
25.0000 23.8843
25.0000 26.4147
25.0000 24.2509
25.0000 24.8324
25.0000 25.1735
25.0000 24.7321
25.0000 24.7620
25.0000 25.5385
25.0000 24.2563
25.0000 24.6593
25.0000 24.2831
25.0000 25.0875
25.0000 25.6044
25.0000 24.3319
25.0000 25.5146
25.0000 25.3593
25.0000 24.4037
25.0000 25.1496
25.0000 24.9613
25.0000 24.7020
25.0000 25.5567
25.0000 24.7954
25.0000 24.3674
25.0000 25.0116
25.0000 24.0478
25.0000 25.2147
25.0000 25.5416
25.0000 24.5873
25.0000 24.6004
25.0000 24.5286
25.0000 24.8686
25.0000 24.7906
25.0000 24.7455
25.0000 25.0008
25.0000 24.8469
25.0000 25.2108
25.0000 24.5270
25.0000 24.2521
25.0000 25.3100
25.0000 24.6659
25.0000 24.5222
25.0000 26.0598
25.0000 24.3733
25.0000 25.0175
25.0000 24.4876
25.0000 24.6827
25.0000 25.2668
25.0000 24.2429
25.0000 24.4489
25.0000 25.3678
25.0000 24.7490
25.0000 25.0419
25.0000 24.8785
25.0000 25.4236
25.0000 24.9157
25.0000 25.6394
25.0000 24.8739
25.0000 24.3651
25.0000 24.2417
25.0000 24.1336
25.0000 24.4760
25.0000 24.6097
25.0000 25.0849
25.0000 24.3816
25.0000 25.2676
25.0000 24.3643
25.0000 24.9985
25.0000 24.3416
25.0000 24.9451
25.0000 25.5780
25.0000 24.5851
25.0000 24.6034
25.0000 25.1063
25.0000 25.0806
25.0000 25.0618
25.0000 25.2141
25.0000 25.5164
25.0000 25.2950
25.0000 24.1169
25.0000 24.8274
25.0000 25.3729
25.0000 24.8248
25.0000 24.7935
25.0000 25.2336
25.0000 24.8672
25.0000 23.8013
25.0000 24.2469
25.0000 25.2142
25.0000 26.0303
25.0000 25.5935
25.0000 25.0460
25.0000 24.2925
25.0000 24.9297
25.0000 23.9983
25.0000 25.1370
25.0000 25.1557
25.0000 25.8440
25.0000 25.0246
25.0000 24.4735
25.0000 24.3249
25.0000 24.6584
25.0000 24.4007
25.0000 25.5451
25.0000 25.0947
25.0000 25.1517
25.0000 24.1654
25.0000 25.1177
25.0000 25.3158
25.0000 24.7111
25.0000 24.6565
25.0000 24.3277
25.0000 23.9378
25.0000 25.5099
25.0000 24.9019
25.0000 24.7845
25.0000 25.5874
25.0000 26.2408
25.0000 23.9816
25.0000 24.6667
25.0000 23.8036
25.0000 24.1593
25.0000 25.3260
25.0000 25.0893
25.0000 24.9036
25.0000 25.6599
25.0000 24.1734
25.0000 24.7923
25.0000 24.4660
25.0000 24.0438
25.0000 24.7564
25.0000 26.0412
25.0000 25.8130
25.0000 25.2248
25.0000 25.3893
25.0000 24.1745
25.0000 24.4343
25.0000 25.5786
25.0000 25.4678
25.0000 24.1991
25.0000 25.4883
25.0000 25.2663
25.0000 25.6237
25.0000 25.0148
25.0000 24.3277
25.0000 25.2022
25.0000 26.2354
25.0000 25.0711
25.0000 23.8552
25.0000 24.0923
25.0000 23.8361
25.0000 24.6035
25.0000 24.4948
25.0000 23.8986
25.0000 23.3370
25.0000 25.4429
25.0000 24.9343
25.0000 25.4208
25.0000 24.7419
25.0000 23.9143
25.0000 25.2729
25.0000 24.5768
25.0000 24.3678
25.0000 25.3358
25.0000 24.6949
25.0000 24.4847
25.0000 25.0245
25.0000 25.6172
25.0000 25.8835
25.0000 25.1314
25.0000 24.7792
25.0000 24.9681
25.0000 24.6930
25.0000 24.8939
25.0000 24.8645
25.0000 24.6888
25.0000 24.4105
25.0000 24.7506
25.0000 24.9537
25.0000 25.3433
25.0000 25.9416
25.0000 24.9518
25.0000 24.4515
25.0000 25.1343
25.0000 24.6205
25.0000 24.3085
25.0000 25.4913
25.0000 25.1534
25.0000 24.6302
25.0000 24.7887
25.0000 25.5721
25.0000 24.3816
25.0000 24.8175
25.0000 25.6335
25.0000 24.7361
25.0000 24.1494
25.0000 24.5227
25.0000 24.6274
25.0000 24.1560
25.0000 24.2265
25.0000 23.7863
25.0000 24.5628
25.0000 24.5501
25.0000 25.3513
25.0000 24.7412
25.0000 24.8751
25.0000 24.2628
25.0000 24.1348
25.0000 24.3905
25.0000 25.6503
25.0000 24.8092
25.0000 25.1397
25.0000 24.6478
25.0000 25.5423
25.0000 24.9878
25.0000 25.3138
25.0000 25.8144
25.0000 25.8412
25.0000 25.0257
25.0000 24.7466
25.0000 25.1791
25.0000 24.6386
25.0000 24.0955
25.0000 25.8646
25.0000 25.0414
25.0000 24.4226
25.0000 25.6759
25.0000 25.1640
25.0000 24.6881
25.0000 23.8806
25.0000 25.2029
25.0000 24.5602
25.0000 24.2054
25.0000 24.5549
25.0000 24.2725
25.0000 25.0579
25.0000 26.1586
25.0000 24.5387
25.0000 25.2149
25.0000 25.3381
25.0000 24.3856
25.0000 24.5659
25.0000 24.7630
25.0000 24.8076
25.0000 25.6375
25.0000 24.3074
25.0000 24.9435
25.0000 24.6266
25.0000 25.4843
25.0000 24.2826
25.0000 24.6439
25.0000 25.4246
25.0000 24.5850
25.0000 24.5102
25.0000 24.8440
25.0000 25.1739
25.0000 24.7011
25.0000 24.7128
25.0000 25.2617
25.0000 24.3273
25.0000 25.8654
25.0000 24.1541
25.0000 24.7029
25.0000 24.8482
25.0000 23.9261
25.0000 25.5991
25.0000 24.2861
25.0000 24.7319
25.0000 24.9901
25.0000 25.3336
25.0000 24.1718
25.0000 24.5702
25.0000 24.5681
25.0000 24.9285
25.0000 24.8325
25.0000 24.8291
25.0000 25.2762
25.0000 25.0012
25.0000 24.1272
25.0000 25.1723
25.0000 24.6867
25.0000 25.1147
25.0000 24.6727
25.0000 25.0377
25.0000 25.6438
25.0000 24.5892
25.0000 25.2806
25.0000 24.4354
25.0000 24.5985
25.0000 24.2523
25.0000 24.1484
25.0000 24.4702
25.0000 24.7084
25.0000 24.6877
25.0000 25.3411
25.0000 25.2350
25.0000 25.1391
25.0000 24.3267
25.0000 25.1669
25.0000 24.1771
25.0000 26.1185
25.0000 24.8649
25.0000 24.3374
25.0000 25.0950
25.0000 24.2987
25.0000 24.8270
25.0000 25.3193
25.0000 25.5000
25.0000 25.2501
25.0000 24.1981
25.0000 24.7538
25.0000 24.9731
25.0000 24.3131
25.0000 24.6104
25.0000 24.4563
25.0000 24.5519
25.0000 25.1858
25.0000 24.9473
25.0000 24.5059
25.0000 25.2183
25.0000 24.6992
25.0000 24.7581
25.0000 25.2493
25.0000 24.6159
25.0000 24.8299
25.0000 25.2707
25.0000 25.1607
25.0000 24.2726
25.0000 24.3149
25.0000 24.6175
25.0000 24.0382
25.0000 24.6499
25.0000 25.3685
25.0000 25.3582
25.0000 24.1816
25.0000 24.2287
25.0000 25.1498
25.0000 24.5829
25.0000 24.1719
25.0000 24.7784
25.0000 25.1009
25.0000 25.0295
25.0000 25.1699
25.0000 25.7006
25.0000 25.0656
25.0000 24.8393
25.0000 24.3494
25.0000 24.9740
25.0000 24.6085
25.0000 25.1856
25.0000 24.5965
25.0000 24.3730
25.0000 25.2179
25.0000 24.4931
25.0000 25.7437
25.0000 24.9367
25.0000 24.8411
25.0000 25.0501
25.0000 24.6154
25.0000 25.4116
25.0000 24.9917
25.0000 24.7963
25.0000 24.1966
25.0000 24.7406
25.0000 24.4255
25.0000 23.4505
25.0000 24.1821
25.0000 26.0557
25.0000 24.5481
25.0000 25.0874
25.0000 25.5823
25.0000 25.0315
25.0000 24.1074
25.0000 24.3963
25.0000 25.1233
25.0000 24.6300
25.0000 23.9709
25.0000 24.7492
25.0000 24.5639
25.0000 24.5029
25.0000 25.8590
25.0000 25.6952
25.0000 25.3541
25.0000 25.0330
25.0000 25.9322
25.0000 24.6117
25.0000 24.6527
25.0000 24.6020
25.0000 25.1783
25.0000 25.1193
25.0000 24.7290
25.0000 24.2517
25.0000 23.9119
25.0000 25.0567
25.0000 25.5551
25.0000 25.4546
25.0000 24.9791
25.0000 25.4096
25.0000 23.9181
25.0000 24.0257
25.0000 24.7019
25.0000 25.2016
25.0000 25.1026
25.0000 23.9825
25.0000 25.3095
25.0000 25.8002
25.0000 25.1931
25.0000 24.5505
25.0000 24.7133
25.0000 24.0380
25.0000 24.7883
25.0000 25.9785
25.0000 24.4898
25.0000 24.1596
25.0000 24.9910
25.0000 25.9707
25.0000 24.9190
25.0000 23.9487
25.0000 25.4937
25.0000 24.7901
25.0000 25.0864
25.0000 24.5444
25.0000 25.4886
25.0000 24.3053
25.0000 24.3325
25.0000 24.6451
25.0000 24.8790
25.0000 24.6554
25.0000 25.8572
25.0000 25.0205
25.0000 25.0851
25.0000 24.9305
25.0000 24.7227
25.0000 24.6852
25.0000 23.9018
25.0000 24.9825
25.0000 24.9123
25.0000 25.4719
25.0000 25.6079
25.0000 25.6528
25.0000 25.3620
25.0000 24.9019
25.0000 25.0414
25.0000 24.3531
25.0000 24.2870
25.0000 24.5699
25.0000 24.9249
25.0000 24.7714
25.0000 24.3047
25.0000 25.2138
25.0000 24.5310
25.0000 24.9590
25.0000 25.0258
25.0000 25.5830
25.0000 23.9906
25.0000 24.5652
25.0000 24.5676
25.0000 24.7635
25.0000 24.0635
25.0000 25.2867
25.0000 25.5429
25.0000 24.7188
25.0000 24.0351
25.0000 23.7715
25.0000 25.3472
25.0000 24.4829
25.0000 24.8888
25.0000 25.1464
25.0000 24.4529
25.0000 25.1473
25.0000 24.1717
25.0000 24.1807
25.0000 24.3880
25.0000 23.7346
25.0000 23.8367
25.0000 25.2033
25.0000 24.4602
25.0000 24.3891
25.0000 25.7284
25.0000 24.9289
25.0000 24.3236
25.0000 24.8188
25.0000 24.3302
25.0000 24.4415
25.0000 25.0800
25.0000 25.9832
25.0000 23.9535
25.0000 24.9247
25.0000 25.0511
25.0000 24.2831
25.0000 24.7413
25.0000 24.6694
25.0000 25.0293
25.0000 25.3373
25.0000 23.8668
25.0000 24.9394
25.0000 25.0750
25.0000 25.5753
25.0000 25.3625
25.0000 24.3768
25.0000 24.8954
25.0000 25.0697
25.0000 23.8089
25.0000 25.0444
25.0000 24.4251
25.0000 24.8176
25.0000 24.2199
25.0000 24.8730
25.0000 24.6383
25.0000 24.6059
25.0000 24.9270
25.0000 24.5736
25.0000 24.9347
25.0000 24.4542
25.0000 24.6295
25.0000 24.8480
25.0000 25.1054
25.0000 24.7900
25.0000 24.6923
25.0000 25.2246
25.0000 23.8870
25.0000 24.6245
25.0000 24.2137
25.0000 25.1830
25.0000 24.7543
25.0000 24.4268
25.0000 24.7135
25.0000 25.0553
25.0000 24.4513
25.0000 25.9629
25.0000 24.6639
25.0000 24.2954
25.0000 26.0014
25.0000 24.7353
25.0000 24.3321
25.0000 25.1194
25.0000 25.1637
25.0000 23.9229
25.0000 25.0915
25.0000 24.3728
25.0000 24.8898
25.0000 23.8336
25.0000 25.0107
25.0000 23.9421
25.0000 24.0980
25.0000 24.1775
25.0000 25.4482
25.0000 24.4670
25.0000 25.0773
25.0000 24.8720
25.0000 25.2792
25.0000 25.3146
25.0000 25.2097
25.0000 25.3317
25.0000 26.0902
25.0000 24.6712
25.0000 25.2275
25.0000 25.4155
25.0000 24.1513
25.0000 24.4685
25.0000 24.7047
25.0000 25.6472
25.0000 25.6078
25.0000 24.9863
25.0000 24.9900
25.0000 25.7868
25.0000 25.7131
25.0000 24.5775
25.0000 24.4223
25.0000 25.1930
25.0000 24.4708
25.0000 24.2273
25.0000 25.5223
25.0000 24.9468
25.0000 24.3774
25.0000 24.2132
25.0000 24.7343
25.0000 24.4022
25.0000 24.1170
25.0000 25.5069
25.0000 24.1805
25.0000 24.2544
25.0000 24.6307
25.0000 25.1673
25.0000 25.2589
25.0000 25.5107
25.0000 25.3558
25.0000 24.9806
25.0000 25.3476
25.0000 26.3283
25.0000 25.2709
25.0000 24.3833
25.0000 25.3825
25.0000 23.8770
25.0000 25.4946
25.0000 24.0734
25.0000 23.7843
25.0000 25.7479
25.0000 24.7404
25.0000 24.1288
25.0000 24.8462
25.0000 25.5934
25.0000 25.4364
25.0000 25.0366
25.0000 25.1369
25.0000 25.2608
25.0000 24.6289
25.0000 24.5924
25.0000 24.3991
25.0000 24.0398
25.0000 25.0852
25.0000 24.3848
25.0000 24.9675
25.0000 25.4391
25.0000 23.7317
25.0000 24.7630
25.0000 24.4278
25.0000 24.4475
25.0000 24.7871
25.0000 25.1591
25.0000 25.2594
25.0000 24.8480
25.0000 25.9103
25.0000 25.5261
25.0000 25.3718
25.0000 24.8087
25.0000 24.7916
25.0000 25.1299
25.0000 25.3910
25.0000 23.6900
25.0000 25.3463
25.0000 23.9776
25.0000 24.3467
25.0000 24.7794
25.0000 24.6823
25.0000 24.9741
25.0000 24.5068
25.0000 25.0923
25.0000 25.3234
25.0000 24.7353
25.0000 25.7822
25.0000 24.4716
25.0000 25.0255
25.0000 24.7405
25.0000 25.4829
25.0000 24.8012
25.0000 25.1490
25.0000 23.8615
25.0000 24.2635
25.0000 25.3121
25.0000 25.5231
25.0000 25.4676
25.0000 25.3381
25.0000 24.8316
25.0000 24.8059
25.0000 24.7929
25.0000 25.4583
25.0000 24.7562
25.0000 25.1287
25.0000 25.6456
25.0000 25.1754
25.0000 24.1412
25.0000 24.1933
25.0000 25.6489
25.0000 24.3011
25.0000 25.1364
25.0000 24.8107
25.0000 25.0548
25.0000 24.2824
25.0000 24.9122
25.0000 24.9479
25.0000 26.0659
25.0000 25.2804
25.0000 26.0137
25.0000 24.2212
25.0000 24.7642
25.0000 24.7059
25.0000 24.4088
25.0000 24.4226
25.0000 26.0774
25.0000 25.3464
25.0000 24.0874
25.0000 24.9705
25.0000 24.7783
25.0000 24.0790
25.0000 24.3216
25.0000 24.1054
25.0000 25.4426
25.0000 25.6036
25.0000 24.5280
25.0000 25.0999
25.0000 25.0320
25.0000 24.6122
25.0000 24.9549
25.0000 25.0607
25.0000 25.3899
25.0000 24.9064
25.0000 25.5272
25.0000 24.8952
25.0000 25.5858
25.0000 25.2348
25.0000 24.3451
25.0000 23.7333
25.0000 23.6081
25.0000 25.0828
25.0000 25.0282
25.0000 24.9343
25.0000 25.1902
25.0000 25.3259
25.0000 25.9367
25.0000 25.1282
25.0000 23.8274
25.0000 24.7387
25.0000 25.4672
25.0000 25.6487
25.0000 24.3999
25.0000 24.2607
25.0000 25.4775
25.0000 25.4283
25.0000 25.3263
25.0000 24.0361
25.0000 25.2767
25.0000 25.0533
25.0000 24.4895
25.0000 24.6363
25.0000 25.2686
25.0000 25.3497
25.0000 25.6160
25.0000 24.8177
25.0000 25.2168
25.0000 25.9837
25.0000 26.2353
25.0000 25.0162
25.0000 25.4276
25.0000 25.6733
25.0000 25.2371
25.0000 24.8043
25.0000 25.2538
25.0000 24.7220
25.0000 25.4695
25.0000 23.8318
25.0000 24.0927
25.0000 24.9525
25.0000 24.4302
25.0000 24.8035
25.0000 25.2103
25.0000 24.4016
25.0000 24.6574
25.0000 24.8032
25.0000 25.4216
25.0000 24.5305
25.0000 24.9052
25.0000 24.1741
25.0000 24.7398
25.0000 25.3864
25.0000 24.9274
25.0000 25.6960
25.0000 24.7915
25.0000 24.5917
25.0000 24.7499
25.0000 25.4593
25.0000 24.8462
25.0000 24.9053
25.0000 25.8132
25.0000 24.3946
25.0000 25.1205
25.0000 25.5233
25.0000 24.5528
25.0000 23.9718
25.0000 24.9165
25.0000 24.7877
25.0000 24.8855
25.0000 24.4572
25.0000 24.1376
25.0000 25.5088
25.0000 25.1113
25.0000 24.8983
25.0000 24.6339
25.0000 25.8954
25.0000 24.9437
25.0000 25.2279
25.0000 24.4384
25.0000 24.6823
25.0000 24.1883
25.0000 24.9191
25.0000 25.8178
25.0000 24.8141
25.0000 25.6045
25.0000 24.4460
25.0000 24.4720
25.0000 25.2996
25.0000 24.8732
25.0000 25.6524
25.0000 24.2631
25.0000 24.9012
25.0000 25.1029
25.0000 24.2651
25.0000 24.9329
25.0000 24.3779
25.0000 24.9174
25.0000 25.0621
25.0000 23.9672
25.0000 24.3650
25.0000 24.7750
25.0000 24.1536
25.0000 24.8643
25.0000 24.5619
25.0000 24.2603
25.0000 24.5508
25.0000 24.4579
25.0000 24.6378
25.0000 24.3699
25.0000 25.4928
25.0000 24.3717
25.0000 24.9026
25.0000 24.9299
25.0000 24.9438
25.0000 24.3747
25.0000 24.4326
25.0000 25.3181
25.0000 24.4382
25.0000 25.8252
25.0000 24.6622
25.0000 25.2481
25.0000 24.9788
25.0000 25.9087
25.0000 25.2387
25.0000 24.5400
25.0000 25.0191
25.0000 24.2086
25.0000 25.1432
25.0000 25.3627
25.0000 25.4170
25.0000 25.5402
25.0000 24.3765
25.0000 25.0877
25.0000 24.3920
25.0000 24.7291
25.0000 23.9158
25.0000 25.0216
25.0000 24.6551
25.0000 25.5222
25.0000 24.5254
25.0000 25.3787
25.0000 24.9427
25.0000 25.4055
25.0000 24.2352
25.0000 24.4717
25.0000 24.7860
25.0000 24.4809
25.0000 24.7604
25.0000 25.2368
25.0000 24.6365
25.0000 24.6513
25.0000 24.4553
25.0000 24.9373
25.0000 24.6847
25.0000 24.7213
25.0000 24.4133
25.0000 23.7383
25.0000 24.8659
25.0000 24.9707
25.0000 25.2112
25.0000 24.2577
25.0000 24.9250
25.0000 24.6782
25.0000 24.2258
25.0000 24.9548
25.0000 24.8612
25.0000 24.5900
25.0000 25.2366
25.0000 24.5168
25.0000 24.2286
25.0000 24.6530
25.0000 24.1648
25.0000 25.0291
25.0000 25.3732
25.0000 24.9196
25.0000 25.1818
25.0000 24.3841
25.0000 24.0218
25.0000 24.3478
25.0000 24.3574
25.0000 25.2657
25.0000 24.2227
25.0000 25.7510
25.0000 25.3031
25.0000 25.0960
25.0000 23.9779
25.0000 24.6782
25.0000 25.8914
25.0000 24.8034
25.0000 24.0565
25.0000 24.7353
25.0000 24.8888
25.0000 24.2123
25.0000 25.4293
25.0000 25.4018
25.0000 25.9130
25.0000 24.6073
25.0000 23.8301
25.0000 24.8152
25.0000 25.1353
25.0000 24.9076
25.0000 24.8337
25.0000 24.3997
25.0000 23.9572
25.0000 24.9441
25.0000 25.0850
25.0000 24.8694
25.0000 25.2662
25.0000 24.7588
25.0000 24.7558
25.0000 24.7748
25.0000 24.7297
25.0000 24.8518
25.0000 25.5869
25.0000 25.4770
25.0000 25.8204
25.0000 25.2014
25.0000 24.0808
25.0000 25.8252
25.0000 25.2337
25.0000 24.9695
25.0000 25.3715
25.0000 24.9583
25.0000 24.4536
25.0000 23.8472
25.0000 25.8722
25.0000 24.2057
25.0000 24.3952
25.0000 25.0587
25.0000 25.8092
25.0000 24.8135
25.0000 24.8104
25.0000 23.8810
25.0000 23.8078
25.0000 24.2900
25.0000 24.8989
25.0000 24.8442
25.0000 25.5828
25.0000 24.7009
25.0000 25.3311
25.0000 25.3295
25.0000 24.5115
25.0000 24.4920
25.0000 23.7967
25.0000 24.3179
25.0000 24.0148
25.0000 24.7755
25.0000 25.1505
25.0000 25.1234
25.0000 25.1310
25.0000 25.1962
25.0000 25.0380
25.0000 25.8308
25.0000 24.5985
25.0000 24.4982
25.0000 24.0794
25.0000 24.6588
25.0000 24.3897
25.0000 25.5081
25.0000 25.2241
25.0000 25.1578
25.0000 24.7704
25.0000 25.0916
25.0000 24.8587
25.0000 24.4001
25.0000 24.9868
25.0000 24.8295
25.0000 25.4086
25.0000 24.9966
25.0000 25.5148
25.0000 24.4976
25.0000 25.0088
25.0000 24.7697
25.0000 24.3713
25.0000 24.5158
25.0000 24.3342
25.0000 24.1755
25.0000 25.4670
25.0000 25.2464
25.0000 25.3534
25.0000 24.8366
25.0000 23.9316
25.0000 25.1798
25.0000 24.7341
25.0000 24.6529
25.0000 24.8379
25.0000 24.7267
25.0000 25.1178
25.0000 24.3183
25.0000 25.0706
25.0000 25.3218
25.0000 25.3263
25.0000 24.9388
25.0000 24.6903
25.0000 23.9440
25.0000 24.7410
25.0000 24.7226
25.0000 25.0711
25.0000 24.6403
25.0000 25.1913
25.0000 25.2105
25.0000 25.4632
25.0000 25.1307
25.0000 25.3156
25.0000 23.5765
25.0000 24.8103
25.0000 25.8636
25.0000 24.8315
25.0000 24.7984
25.0000 24.8699
25.0000 24.6028
25.0000 25.5105
25.0000 26.1227
25.0000 25.1171
25.0000 24.6919
25.0000 25.2073
25.0000 26.2212
25.0000 24.4736
25.0000 25.0031
25.0000 24.8265
25.0000 25.2338
25.0000 23.8522
25.0000 25.0227
25.0000 24.2941
25.0000 24.0880
25.0000 24.5457
25.0000 24.7511
25.0000 24.9368
25.0000 25.0780
25.0000 25.1420
25.0000 24.9302
25.0000 24.5800
25.0000 25.0189
25.0000 24.5535
25.0000 24.4734
25.0000 24.7399
25.0000 24.9083
25.0000 25.1913
25.0000 25.5327
25.0000 25.6205
25.0000 25.2012
25.0000 25.0355
25.0000 25.6216
25.0000 25.0256
25.0000 24.7703
25.0000 25.4924
25.0000 25.5561
25.0000 24.3544
25.0000 25.0733
25.0000 24.4891
25.0000 24.9301
25.0000 24.1839
25.0000 24.6796
25.0000 24.9170
25.0000 24.3142
25.0000 24.9109
25.0000 24.4016
25.0000 26.0229
25.0000 25.3660
25.0000 24.3921
25.0000 24.1433
25.0000 23.7981
25.0000 25.2680
25.0000 25.0235
25.0000 25.2950
25.0000 24.7322
25.0000 24.7887
25.0000 24.8167
25.0000 24.6281
25.0000 25.0345
25.0000 24.9791
25.0000 25.7445
25.0000 24.0442
25.0000 24.9678
25.0000 24.8930
25.0000 24.5595
25.0000 24.5156
25.0000 25.5169
25.0000 25.2248
25.0000 24.1957
25.0000 25.4380
25.0000 24.9827
25.0000 24.5709
25.0000 25.5091
25.0000 24.6934
25.0000 24.6018
25.0000 24.9079
25.0000 23.9362
25.0000 24.4424
25.0000 25.6341
25.0000 25.7328
25.0000 25.0850
25.0000 26.0741
25.0000 24.1251
25.0000 24.4243
25.0000 24.5327
25.0000 24.7145
25.0000 24.7610
25.0000 24.4093
25.0000 25.0247
25.0000 25.0376
25.0000 24.7407
25.0000 25.0287
25.0000 25.2574
25.0000 25.4191
25.0000 24.3175
25.0000 24.5630
25.0000 25.2827
25.0000 24.8388
25.0000 24.4950
25.0000 23.5426
25.0000 25.1782
25.0000 25.1028
25.0000 25.3721
25.0000 25.4122
25.0000 24.6262
25.0000 24.5335
25.0000 26.0719
25.0000 23.9634
25.0000 25.0722
25.0000 25.4811
25.0000 24.1047
25.0000 24.1700
25.0000 25.8283
25.0000 24.5594
25.0000 24.7211
25.0000 24.6224
25.0000 25.7373
25.0000 25.3363
25.0000 24.9766
25.0000 25.0507
25.0000 24.9637
25.0000 24.6088
25.0000 25.0851
25.0000 24.8537
25.0000 25.0934
25.0000 24.6750
25.0000 24.3867
25.0000 25.5221
25.0000 24.5637
25.0000 25.3544
25.0000 25.6857
25.0000 25.3453
25.0000 24.9331
25.0000 25.7691
25.0000 24.3645
25.0000 24.9646
25.0000 24.6494
25.0000 24.2408
25.0000 24.7384
25.0000 24.8447
25.0000 23.7786
25.0000 25.0880
25.0000 24.0153
25.0000 24.8378
25.0000 25.7533
25.0000 24.9309
25.0000 25.3893
25.0000 24.1914
25.0000 24.9542
25.0000 25.2035
25.0000 23.9124
25.0000 24.5950
25.0000 26.2008
25.0000 24.8663
25.0000 24.4364
25.0000 25.0582
25.0000 24.2826
25.0000 25.2338
25.0000 25.3337
25.0000 25.2795
25.0000 23.9215
25.0000 25.0991
25.0000 25.1404
25.0000 24.3420
25.0000 24.4628
25.0000 25.0219
25.0000 26.0065
25.0000 24.1089
25.0000 24.1232
25.0000 24.7143
25.0000 24.6200
25.0000 24.5624
25.0000 24.8175
25.0000 24.9417
25.0000 24.8439
25.0000 23.7938
25.0000 24.1655
25.0000 25.4120
25.0000 25.7420
25.0000 25.2532
25.0000 25.1278
25.0000 24.7456
25.0000 24.3676
25.0000 24.7733
25.0000 24.8940
25.0000 24.6037
25.0000 24.4599
25.0000 24.9903
25.0000 24.6447
25.0000 25.2049
25.0000 24.4432
25.0000 24.2506
25.0000 25.3711
25.0000 26.4260
25.0000 24.6251
25.0000 24.9159
25.0000 24.4999
25.0000 25.2345
25.0000 25.4757
25.0000 25.7658
25.0000 24.5471
25.0000 24.3945
25.0000 24.7636
25.0000 24.8387
25.0000 24.5312
25.0000 24.1447
25.0000 25.2254
25.0000 24.5253
25.0000 24.8107
25.0000 25.2960
25.0000 25.7342
25.0000 25.0820
25.0000 24.6520
25.0000 24.5904
25.0000 24.8734
25.0000 24.6295
25.0000 24.8397
25.0000 25.5994
25.0000 24.9571
25.0000 25.3482
25.0000 24.4827
25.0000 25.0238
25.0000 23.6292
25.0000 25.0550
25.0000 25.1224
25.0000 25.1530
25.0000 24.7930
25.0000 24.3062
25.0000 24.2543
25.0000 25.0976
25.0000 26.0570
25.0000 24.9061
25.0000 24.9097
25.0000 25.5041
25.0000 26.4740
25.0000 25.5207
25.0000 25.0115
25.0000 23.6611
25.0000 24.6852
25.0000 26.4080
25.0000 24.9713
25.0000 24.6816
25.0000 25.0180
25.0000 25.2214
25.0000 24.6145
25.0000 25.6466
25.0000 24.2095
25.0000 24.8722
25.0000 24.8541
25.0000 24.7707
25.0000 24.4723
25.0000 24.2731
25.0000 24.4772
25.0000 24.7881
25.0000 25.3854
25.0000 23.9579
25.0000 25.2630
25.0000 24.1400
25.0000 24.3552
25.0000 24.6935
25.0000 24.4027
25.0000 25.0511
25.0000 24.3710
25.0000 24.7347
25.0000 25.0722
25.0000 25.9164
25.0000 24.0287
25.0000 24.3505
25.0000 25.2826
25.0000 24.5263
25.0000 25.4037
25.0000 24.0648
25.0000 24.3416
25.0000 25.0572
25.0000 24.9253
25.0000 24.4434
25.0000 24.7864
25.0000 24.5345
25.0000 24.8589
25.0000 25.3753
25.0000 26.5765
25.0000 25.0755
25.0000 24.1427
25.0000 25.0626
25.0000 24.2520
25.0000 26.7270
25.0000 25.4310
25.0000 24.9361
25.0000 24.7064
25.0000 25.8057
25.0000 24.9748
25.0000 24.3915
25.0000 24.0255
25.0000 24.3247
25.0000 24.5247
25.0000 24.4004
25.0000 24.3373
25.0000 24.6852
25.0000 23.7124
25.0000 24.3285
25.0000 24.8240
25.0000 24.2125
25.0000 24.7705
25.0000 24.6502
25.0000 24.3635
25.0000 25.5535
25.0000 25.1582
25.0000 24.0355
25.0000 24.8819
25.0000 25.0974
25.0000 24.8872
25.0000 26.1349
25.0000 24.7042
25.0000 25.3592
25.0000 25.4194
25.0000 25.3510
25.0000 25.8821
25.0000 24.9140
