4.0000 5.0642
4.0000 4.6264
4.0000 4.8212
4.0000 4.8711
4.0000 4.5429
4.0000 4.8268
4.0000 5.0407
4.0000 4.7870
4.0000 5.3267
4.0000 4.7337
4.0000 4.0965
4.0000 3.8699
4.0000 4.1853
4.0000 3.9315
4.0000 3.9553
4.0000 4.1779
4.0000 5.2277
4.0000 3.9244
4.0000 5.6401
4.0000 5.1719
4.0000 4.9913
4.0000 5.5285
4.0000 5.0311
4.0000 5.0627
4.0000 4.8844
4.0000 3.9594
4.0000 5.5078
4.0000 5.6494
4.0000 3.8642
4.0000 4.5140
4.0000 4.8003
4.0000 4.4854
4.0000 4.1335
4.0000 4.3925
4.0000 3.7100
4.0000 4.3092
4.0000 5.0249
4.0000 4.7204
4.0000 4.7849
4.0000 3.7431
4.0000 5.1253
4.0000 3.8172
4.0000 4.8372
4.0000 4.8033
4.0000 5.0025
4.0000 4.6349
4.0000 4.9914
4.0000 3.9727
4.0000 4.6009
4.0000 4.8617
4.0000 5.3218
4.0000 3.6740
4.0000 5.1001
4.0000 4.4724
4.0000 4.9995
4.0000 5.7051
4.0000 5.3583
4.0000 4.0251
4.0000 4.9522
4.0000 4.0804
4.0000 4.7858
4.0000 5.2205
4.0000 4.7948
4.0000 5.1637
4.0000 5.0160
4.0000 4.9611
4.0000 4.6157
4.0000 4.7067
4.0000 5.0582
4.0000 4.4763
4.0000 4.1522
4.0000 4.7581
4.0000 5.0779
4.0000 3.9735
4.0000 3.9295
4.0000 5.2836
4.0000 4.9798
4.0000 4.8036
4.0000 5.0676
4.0000 5.1470
4.0000 5.1364
4.0000 5.2666
4.0000 4.3648
4.0000 4.7727
4.0000 3.7075
4.0000 4.9912
4.0000 4.4367
4.0000 4.3299
4.0000 4.7979
4.0000 4.4692
4.0000 4.4640
4.0000 4.0704
4.0000 4.9482
4.0000 4.1444
4.0000 4.7659
4.0000 3.8892
4.0000 5.2680
4.0000 4.9705
4.0000 4.2613
4.0000 4.1604
4.0000 5.1380
4.0000 6.2318
4.0000 5.0730
4.0000 4.7884
4.0000 3.4066
4.0000 4.6613
4.0000 5.0480
4.0000 3.8493
4.0000 5.7525
4.0000 4.8470
4.0000 4.8666
4.0000 4.5867
4.0000 4.9596
4.0000 5.6515
4.0000 4.7373
4.0000 4.0311
4.0000 5.2199
4.0000 3.9273
4.0000 4.7222
4.0000 3.2902
4.0000 4.5557
4.0000 4.2702
4.0000 4.8786
4.0000 5.2779
4.0000 4.9863
4.0000 4.1203
4.0000 4.9922
4.0000 4.3171
4.0000 4.7175
4.0000 5.3098
4.0000 3.6535
4.0000 4.7178
4.0000 3.8357
4.0000 4.2930
4.0000 5.0371
4.0000 5.1261
4.0000 5.9345
4.0000 5.3180
4.0000 6.5595
4.0000 4.8272
4.0000 5.1961
4.0000 4.3715
4.0000 5.1905
4.0000 4.1337
4.0000 5.1461
4.0000 4.4332
4.0000 4.4459
4.0000 3.2398
4.0000 5.3570
4.0000 4.7049
4.0000 4.5842
4.0000 4.6166
4.0000 3.7452
4.0000 4.3047
4.0000 5.2429
4.0000 4.6447
4.0000 4.6986
4.0000 4.6063
4.0000 4.1660
4.0000 4.2796
4.0000 4.2886
4.0000 4.2070
4.0000 4.3467
4.0000 4.0535
4.0000 5.1312
4.0000 4.9854
4.0000 4.3569
4.0000 5.4173
4.0000 4.2497
4.0000 4.4895
4.0000 4.3391
4.0000 4.8990
4.0000 4.9720
4.0000 4.6611
4.0000 4.4917
4.0000 4.8965
4.0000 4.4692
4.0000 4.8475
4.0000 4.8359
4.0000 5.9943
4.0000 4.9518
4.0000 4.6385
4.0000 4.9508
4.0000 4.6330
4.0000 4.3831
4.0000 5.9182
4.0000 4.7436
4.0000 4.3601
4.0000 5.2783
4.0000 4.6663
4.0000 5.2741
4.0000 5.3040
4.0000 4.6362
4.0000 5.0915
4.0000 4.8083
4.0000 5.5839
4.0000 4.1636
4.0000 4.2383
4.0000 4.7128
4.0000 4.9396
4.0000 4.4194
4.0000 4.6321
4.0000 4.6330
4.0000 4.4372
4.0000 4.7498
4.0000 4.1515
4.0000 5.1956
4.0000 5.2795
4.0000 4.2907
4.0000 3.5305
4.0000 4.4972
4.0000 4.6722
4.0000 4.5642
4.0000 5.1606
4.0000 4.1680
4.0000 4.5075
4.0000 4.4661
4.0000 5.4717
4.0000 3.8852
4.0000 4.7681
4.0000 3.9799
4.0000 4.8436
4.0000 4.4757
4.0000 4.3256
4.0000 4.5857
4.0000 5.4718
4.0000 4.0589
4.0000 5.5444
4.0000 3.9911
4.0000 3.7302
4.0000 4.3480
4.0000 4.8657
4.0000 5.1807
4.0000 4.5557
4.0000 4.0832
4.0000 4.3639
4.0000 4.0962
4.0000 4.9108
4.0000 3.8573
4.0000 4.6342
4.0000 4.1785
4.0000 4.8781
4.0000 4.4225
4.0000 4.6398
4.0000 5.1269
4.0000 4.5659
4.0000 4.8514
4.0000 4.9386
4.0000 4.9590
4.0000 5.0093
4.0000 3.7709
4.0000 5.8629
4.0000 3.2084
4.0000 4.8319
4.0000 5.5789
4.0000 4.0757
4.0000 4.3506
4.0000 5.1229
4.0000 5.1809
4.0000 3.9116
4.0000 4.5296
4.0000 4.0168
4.0000 4.6921
4.0000 4.4256
4.0000 4.5706
4.0000 4.2034
4.0000 5.6573
4.0000 4.2662
4.0000 4.3804
4.0000 4.9883
4.0000 4.6019
4.0000 3.6744
4.0000 4.7645
4.0000 5.1314
4.0000 4.5121
4.0000 4.5061
4.0000 5.2179
4.0000 5.4231
4.0000 5.1470
4.0000 4.5315
4.0000 4.5787
4.0000 4.2622
4.0000 4.9248
4.0000 4.6951
4.0000 4.3359
4.0000 4.5948
4.0000 3.9443
4.0000 3.9826
4.0000 5.2226
4.0000 4.0731
4.0000 5.5768
4.0000 4.8955
4.0000 5.2384
4.0000 4.9045
4.0000 4.7547
4.0000 5.8986
4.0000 5.1191
4.0000 5.8590
4.0000 4.5882
4.0000 4.9107
4.0000 4.8444
4.0000 4.6819
4.0000 5.2756
4.0000 5.4702
4.0000 4.2936
4.0000 4.6201
4.0000 4.7348
4.0000 5.5812
4.0000 3.6466
4.0000 4.4585
4.0000 3.6037
4.0000 4.2422
4.0000 5.1770
4.0000 4.8150
4.0000 5.7009
4.0000 5.0224
4.0000 4.7120
4.0000 4.6817
4.0000 4.9261
4.0000 4.7238
4.0000 4.7907
4.0000 4.5512
4.0000 5.1150
4.0000 4.7467
4.0000 4.0542
4.0000 4.7081
4.0000 5.2445
4.0000 4.0094
4.0000 5.5150
4.0000 4.0841
4.0000 5.1710
4.0000 4.1670
4.0000 4.1678
4.0000 4.1684
4.0000 5.3436
4.0000 4.0239
4.0000 5.7726
4.0000 5.3178
4.0000 4.2052
4.0000 5.0680
4.0000 4.2414
4.0000 4.8828
4.0000 6.0772
4.0000 5.2066
4.0000 4.2188
4.0000 4.2330
4.0000 4.4480
4.0000 5.5890
4.0000 4.7015
4.0000 5.0557
4.0000 5.0005
4.0000 4.6551
4.0000 4.9873
4.0000 4.4682
4.0000 4.9836
4.0000 5.4100
4.0000 4.9460
4.0000 4.5206
4.0000 4.3538
4.0000 5.2664
4.0000 4.5241
4.0000 4.6099
4.0000 4.7549
4.0000 4.4696
4.0000 4.5166
4.0000 4.8322
4.0000 4.8627
4.0000 4.9317
4.0000 4.1151
4.0000 4.5737
4.0000 5.1391
4.0000 4.1388
4.0000 4.2522
4.0000 5.2003
4.0000 4.7682
4.0000 5.1095
4.0000 5.0141
4.0000 5.8590
4.0000 4.6790
4.0000 3.8011
4.0000 4.6070
4.0000 4.5629
4.0000 5.8686
4.0000 3.6438
4.0000 3.8374
4.0000 5.3802
4.0000 4.7649
4.0000 4.7115
4.0000 5.4651
4.0000 4.9553
4.0000 3.9884
4.0000 5.0372
4.0000 4.8886
4.0000 4.6199
4.0000 4.5850
4.0000 5.1513
4.0000 4.5410
4.0000 4.8901
4.0000 4.1784
4.0000 4.5579
4.0000 5.1289
4.0000 4.9096
4.0000 4.2528
4.0000 5.3351
4.0000 4.8286
4.0000 4.5606
4.0000 4.7744
4.0000 4.6536
4.0000 4.3676
4.0000 5.0755
4.0000 4.9001
4.0000 4.6050
4.0000 3.9938
4.0000 5.5185
4.0000 4.6542
4.0000 4.1172
4.0000 4.7306
4.0000 5.9293
4.0000 3.9153
4.0000 4.6274
4.0000 4.0919
4.0000 4.6117
4.0000 4.9766
4.0000 4.0350
4.0000 4.8308
4.0000 4.9566
4.0000 5.2148
4.0000 5.0101
4.0000 5.4251
4.0000 5.0509
4.0000 4.4487
4.0000 4.7959
4.0000 4.4011
4.0000 4.7401
4.0000 4.4711
4.0000 4.8962
4.0000 4.4220
4.0000 4.4510
4.0000 5.0535
4.0000 5.0000
4.0000 3.8588
4.0000 4.8894
4.0000 4.1104
4.0000 4.5498
4.0000 5.7745
4.0000 4.9400
4.0000 5.1978
4.0000 3.9765
4.0000 5.2112
4.0000 4.3110
4.0000 6.1880
4.0000 4.2507
4.0000 4.7437
4.0000 4.8870
4.0000 4.2566
4.0000 3.9533
4.0000 4.5749
4.0000 5.5582
4.0000 3.5023
4.0000 5.0831
4.0000 3.9967
4.0000 4.6242
4.0000 4.3097
4.0000 5.5115
4.0000 4.7907
4.0000 4.3803
4.0000 4.4604
4.0000 5.6386
4.0000 4.8280
4.0000 4.9092
4.0000 4.7961
4.0000 4.1862
4.0000 4.4024
4.0000 4.3797
4.0000 4.8386
4.0000 4.0602
4.0000 5.0162
4.0000 4.2519
4.0000 3.4347
4.0000 4.8478
4.0000 4.5819
4.0000 4.4933
4.0000 4.3168
4.0000 4.0401
4.0000 4.6237
4.0000 4.2157
4.0000 3.9545
4.0000 5.8104
4.0000 4.6057
4.0000 4.6104
4.0000 5.1857
4.0000 4.8116
4.0000 4.2879
4.0000 4.5577
4.0000 4.3801
4.0000 5.4108
4.0000 5.5114
4.0000 4.8839
4.0000 4.9160
4.0000 3.8795
4.0000 4.3057
4.0000 4.4715
4.0000 4.8069
4.0000 4.7627
4.0000 3.9688
4.0000 4.2746
4.0000 3.9783
4.0000 4.8781
4.0000 5.2349
4.0000 5.2218
4.0000 3.9509
4.0000 4.5904
4.0000 4.7141
4.0000 4.5785
4.0000 4.2483
4.0000 3.9749
4.0000 4.7159
4.0000 5.0299
4.0000 4.4465
4.0000 4.0698
4.0000 5.7001
4.0000 4.4112
4.0000 4.2593
4.0000 4.2270
4.0000 4.1268
4.0000 4.7121
4.0000 4.2978
4.0000 4.3303
4.0000 5.7529
4.0000 4.9042
4.0000 5.0399
4.0000 3.4208
4.0000 4.2169
4.0000 4.8815
4.0000 3.9172
4.0000 5.2573
4.0000 4.1699
4.0000 4.6528
4.0000 4.9584
4.0000 4.3759
4.0000 3.6391
4.0000 4.1178
4.0000 4.8420
4.0000 4.7300
4.0000 4.3875
4.0000 4.7582
4.0000 4.6884
4.0000 5.2047
4.0000 4.1319
4.0000 4.1323
4.0000 4.2567
4.0000 4.0401
4.0000 4.6831
4.0000 4.9688
4.0000 5.6018
4.0000 4.3800
4.0000 4.6889
4.0000 4.7971
4.0000 4.3576
4.0000 4.9269
4.0000 3.9871
4.0000 4.2891
4.0000 5.3522
4.0000 5.3072
4.0000 4.4814
4.0000 5.0042
4.0000 5.3783
4.0000 4.3384
4.0000 4.6333
4.0000 3.9225
4.0000 3.5701
4.0000 5.4873
4.0000 4.8080
4.0000 5.5301
4.0000 4.6306
4.0000 5.1489
4.0000 5.2842
4.0000 4.0069
4.0000 4.2910
4.0000 5.7515
4.0000 4.7473
4.0000 4.1094
4.0000 4.8161
4.0000 4.2955
4.0000 3.6825
4.0000 5.7737
4.0000 4.0514
4.0000 4.5445
4.0000 5.0963
4.0000 4.6878
4.0000 4.3255
4.0000 4.3470
4.0000 3.6679
4.0000 5.8892
4.0000 4.0849
4.0000 4.2927
4.0000 4.6866
4.0000 4.2545
4.0000 5.4953
4.0000 4.7572
4.0000 4.5477
4.0000 4.6058
4.0000 4.4937
4.0000 5.2849
4.0000 5.1340
4.0000 4.9933
4.0000 4.6554
4.0000 4.4121
4.0000 4.5672
4.0000 5.6034
4.0000 5.0749
4.0000 5.4802
4.0000 4.9770
4.0000 4.9547
4.0000 4.4907
4.0000 4.9284
4.0000 4.8986
4.0000 4.4744
4.0000 4.2907
4.0000 5.1606
4.0000 4.7995
4.0000 4.9844
4.0000 5.8004
4.0000 4.6136
4.0000 4.7664
4.0000 4.7147
4.0000 4.1789
4.0000 5.7619
4.0000 4.8488
4.0000 5.0744
4.0000 4.1727
4.0000 4.7945
4.0000 4.6255
4.0000 4.2442
4.0000 4.1948
4.0000 4.9136
4.0000 4.8913
4.0000 4.4856
4.0000 5.2502
4.0000 5.9815
4.0000 4.7115
4.0000 4.7422
4.0000 4.3809
4.0000 4.6579
4.0000 4.0140
4.0000 5.0357
4.0000 4.2174
4.0000 3.6128
4.0000 5.1513
4.0000 5.0742
4.0000 5.6918
4.0000 4.7327
4.0000 4.3265
4.0000 5.0065
4.0000 5.2944
4.0000 3.8732
4.0000 4.0810
4.0000 5.6685
4.0000 4.5428
4.0000 4.9613
4.0000 3.9670
4.0000 5.3225
4.0000 5.2124
4.0000 3.9988
4.0000 4.6118
4.0000 5.1753
4.0000 4.7867
4.0000 5.2551
4.0000 4.7084
4.0000 5.2589
4.0000 4.5415
4.0000 4.8983
4.0000 4.6481
4.0000 5.9518
4.0000 4.7613
4.0000 4.2639
4.0000 3.8406
4.0000 3.9964
4.0000 4.1862
4.0000 4.5503
4.0000 4.1597
4.0000 5.7321
4.0000 5.4221
4.0000 5.3782
4.0000 4.7527
4.0000 4.6070
4.0000 4.6372
4.0000 5.8341
4.0000 4.2544
4.0000 4.7264
4.0000 5.0341
4.0000 4.9572
4.0000 5.4766
4.0000 5.0744
4.0000 5.7117
4.0000 5.3914
4.0000 4.6942
4.0000 4.1762
4.0000 4.2095
4.0000 4.9513
4.0000 5.0262
4.0000 3.6387
4.0000 5.2162
4.0000 5.0900
4.0000 5.2835
4.0000 4.7998
4.0000 4.8175
4.0000 5.4827
4.0000 4.3066
4.0000 3.6440
4.0000 4.4945
4.0000 5.2055
4.0000 5.3327
4.0000 4.9850
4.0000 4.4514
4.0000 4.3028
4.0000 4.8971
4.0000 3.6730
4.0000 4.5560
4.0000 4.6009
4.0000 5.7727
4.0000 4.5015
4.0000 5.7809
4.0000 5.3495
4.0000 5.0753
4.0000 4.3525
4.0000 4.0270
4.0000 5.4500
4.0000 4.1502
4.0000 4.7916
4.0000 4.1879
4.0000 4.7941
4.0000 4.2332
4.0000 4.3594
4.0000 5.0025
4.0000 5.0593
4.0000 5.0025
4.0000 4.4922
4.0000 3.7980
4.0000 4.4217
4.0000 4.3922
4.0000 4.2980
4.0000 4.6319
4.0000 5.0362
4.0000 5.1026
4.0000 5.1409
4.0000 4.4378
4.0000 3.4514
4.0000 4.6347
4.0000 4.9566
4.0000 3.6096
4.0000 4.8335
4.0000 5.3857
4.0000 4.5139
4.0000 4.4467
4.0000 5.3317
4.0000 4.5346
4.0000 5.2010
4.0000 4.6852
4.0000 4.6190
4.0000 4.9007
4.0000 4.6277
4.0000 5.4557
4.0000 4.6594
4.0000 5.1837
4.0000 4.4929
4.0000 5.3755
4.0000 5.2959
4.0000 4.9545
4.0000 4.2744
4.0000 4.4227
4.0000 4.5975
4.0000 5.1159
4.0000 4.7113
4.0000 5.3474
4.0000 4.5039
4.0000 5.4105
4.0000 5.3254
4.0000 4.7129
4.0000 4.3747
4.0000 5.0750
4.0000 4.2895
4.0000 4.3020
4.0000 5.2817
4.0000 5.1961
4.0000 4.7818
4.0000 3.3997
4.0000 4.8324
4.0000 4.5864
4.0000 4.2978
4.0000 4.9826
4.0000 4.2520
4.0000 4.6485
4.0000 5.1788
4.0000 5.6486
4.0000 4.9911
4.0000 4.6843
4.0000 3.8386
4.0000 4.2783
4.0000 5.1758
4.0000 5.6490
4.0000 4.5981
4.0000 4.8254
4.0000 4.6914
4.0000 4.7283
4.0000 3.7186
4.0000 4.2356
4.0000 4.6531
4.0000 3.8994
4.0000 5.0969
4.0000 5.3810
4.0000 4.6082
4.0000 4.6974
4.0000 3.3328
4.0000 5.7995
4.0000 5.7951
4.0000 5.4960
4.0000 5.5251
4.0000 4.7096
4.0000 4.9763
4.0000 5.0765
4.0000 4.2709
4.0000 4.2297
4.0000 4.8510
4.0000 3.3213
4.0000 6.0308
4.0000 4.1551
4.0000 4.6849
4.0000 4.4602
4.0000 5.0609
4.0000 4.3724
4.0000 5.1574
4.0000 5.1992
4.0000 4.5393
4.0000 3.4437
4.0000 4.4979
4.0000 3.3411
4.0000 3.8410
4.0000 3.9364
4.0000 4.8151
4.0000 3.7363
4.0000 4.4509
4.0000 4.2103
4.0000 4.4263
4.0000 4.8439
4.0000 4.2495
4.0000 4.5363
4.0000 5.0419
4.0000 5.9293
4.0000 4.5402
4.0000 4.9246
4.0000 4.5505
4.0000 4.5088
4.0000 5.7217
4.0000 3.7082
4.0000 5.6730
4.0000 5.2854
4.0000 4.2102
4.0000 4.5480
4.0000 4.7428
4.0000 4.8379
4.0000 4.6871
4.0000 4.4782
4.0000 4.5100
4.0000 4.2731
4.0000 4.7964
4.0000 5.2217
4.0000 4.7803
4.0000 4.2107
4.0000 4.3704
4.0000 4.0702
4.0000 5.2072
4.0000 4.2944
4.0000 4.4267
4.0000 5.3003
4.0000 4.7870
4.0000 4.8057
4.0000 4.9977
4.0000 5.3433
4.0000 4.8255
4.0000 4.2328
4.0000 5.6383
4.0000 4.5987
4.0000 4.7400
4.0000 4.5555
4.0000 4.0352
4.0000 4.6062
4.0000 4.4954
4.0000 5.3127
4.0000 4.8648
4.0000 4.6658
4.0000 4.6941
4.0000 4.1717
4.0000 4.3914
4.0000 3.8197
4.0000 4.7274
4.0000 5.6383
4.0000 4.3908
4.0000 4.6563
4.0000 3.4986
4.0000 4.2768
4.0000 4.4439
4.0000 5.0560
4.0000 4.6125
4.0000 5.5019
4.0000 4.2274
4.0000 4.3605
4.0000 4.1971
4.0000 4.2581
4.0000 4.9034
4.0000 4.5058
4.0000 4.5209
4.0000 4.5165
4.0000 4.9662
4.0000 5.3234
4.0000 3.6013
4.0000 4.4138
4.0000 4.8139
4.0000 6.3315
4.0000 4.4496
4.0000 5.6016
4.0000 5.0682
4.0000 4.5212
4.0000 5.0739
4.0000 4.3188
4.0000 5.1156
4.0000 5.3153
4.0000 5.1817
4.0000 5.3651
4.0000 3.8532
4.0000 4.2400
4.0000 5.1560
4.0000 4.6885
4.0000 4.7716
4.0000 4.5156
4.0000 4.7964
4.0000 5.2377
4.0000 3.9144
4.0000 4.2304
4.0000 5.3718
4.0000 4.8140
4.0000 4.5902
4.0000 4.2580
4.0000 6.6849
4.0000 5.8192
4.0000 5.4011
4.0000 5.5521
4.0000 4.1376
4.0000 4.8310
4.0000 4.1050
4.0000 5.1887
4.0000 4.1469
4.0000 4.7326
4.0000 4.0226
4.0000 4.1253
4.0000 4.9998
4.0000 4.7614
4.0000 5.7284
4.0000 5.6965
4.0000 4.9300
4.0000 4.6100
4.0000 4.7651
4.0000 4.6739
4.0000 5.1691
4.0000 4.9990
4.0000 5.1776
4.0000 4.4539
4.0000 4.7140
4.0000 4.5080
4.0000 4.0774
4.0000 5.1448
4.0000 5.2818
4.0000 4.4722
4.0000 4.5046
4.0000 4.9291
4.0000 5.8309
4.0000 4.7039
4.0000 4.7826
4.0000 4.8951
4.0000 5.1769
4.0000 4.7972
4.0000 3.9401
4.0000 3.7258
4.0000 4.9652
4.0000 5.3832
4.0000 4.0561
4.0000 4.8095
4.0000 4.9560
4.0000 4.5109
4.0000 4.1989
4.0000 5.0189
4.0000 5.0368
4.0000 4.7058
4.0000 4.7570
4.0000 4.9246
4.0000 4.8983
4.0000 4.6799
4.0000 4.8899
4.0000 5.2173
4.0000 4.2492
4.0000 5.5606
4.0000 5.2150
4.0000 4.6261
4.0000 4.2568
4.0000 5.2774
4.0000 3.8519
4.0000 3.8161
4.0000 5.2506
4.0000 4.9179
4.0000 3.9771
4.0000 4.6601
4.0000 4.7260
4.0000 4.5789
4.0000 5.0054
4.0000 4.8009
4.0000 4.8688
4.0000 3.7886
4.0000 4.2827
4.0000 4.6652
4.0000 4.7005
4.0000 4.9701
4.0000 4.4484
4.0000 4.4071
4.0000 5.6117
4.0000 4.8296
4.0000 4.4009
4.0000 4.3642
4.0000 4.5218
4.0000 4.6011
4.0000 5.0593
4.0000 2.9135
4.0000 4.0692
4.0000 4.3371
4.0000 4.3221
4.0000 4.6702
4.0000 4.3779
4.0000 4.0809
4.0000 4.4846
4.0000 4.6787
4.0000 4.5854
4.0000 4.9922
4.0000 3.5982
4.0000 4.1109
4.0000 5.0407
4.0000 4.7326
4.0000 3.9986
4.0000 3.9175
4.0000 5.1717
4.0000 4.0763
4.0000 3.6231
4.0000 4.6974
4.0000 4.0313
4.0000 5.8491
4.0000 5.0092
4.0000 5.4993
4.0000 5.0630
4.0000 5.4866
4.0000 4.8535
4.0000 5.3764
4.0000 3.8808
4.0000 3.7361
4.0000 4.4967
4.0000 5.0069
4.0000 5.0719
4.0000 4.0877
4.0000 4.9431
4.0000 5.5032
4.0000 5.3345
4.0000 4.8986
4.0000 4.1445
4.0000 5.0812
4.0000 4.5393
4.0000 4.7122
4.0000 5.3284
4.0000 5.0905
4.0000 4.9593
4.0000 5.2905
4.0000 5.0807
4.0000 4.9260
4.0000 5.7139
4.0000 5.7371
4.0000 3.8299
4.0000 4.8540
4.0000 5.9103
4.0000 4.8883
4.0000 4.2058
4.0000 4.7111
4.0000 5.3848
4.0000 5.0304
4.0000 5.7225
4.0000 5.4950
4.0000 4.3223
4.0000 5.0173
4.0000 4.2197
4.0000 4.0039
4.0000 4.3038
4.0000 4.5452
4.0000 4.1739
4.0000 4.3621
4.0000 4.6975
4.0000 5.8485
4.0000 4.0235
4.0000 4.5525
4.0000 5.1807
4.0000 4.3335
4.0000 4.3231
4.0000 5.0706
4.0000 4.4153
4.0000 4.8905
4.0000 4.0234
4.0000 4.7958
4.0000 4.0689
4.0000 5.1373
4.0000 3.7185
4.0000 3.7533
4.0000 5.2181
4.0000 4.1009
4.0000 4.7855
4.0000 4.6680
4.0000 4.5477
4.0000 5.3950
4.0000 4.8944
4.0000 5.1052
4.0000 5.1263
4.0000 4.4575
4.0000 4.7325
4.0000 4.9192
4.0000 4.6996
4.0000 5.2320
4.0000 4.6157
4.0000 5.2644
4.0000 4.1933
4.0000 4.7468
4.0000 5.8209
4.0000 4.8895
4.0000 4.0172
4.0000 5.0526
4.0000 4.1711
4.0000 4.4096
4.0000 3.7991
4.0000 4.0002
4.0000 4.4535
4.0000 4.9599
4.0000 5.3333
4.0000 5.2018
4.0000 4.7679
4.0000 4.8345
4.0000 4.4589
4.0000 4.6639
4.0000 4.3277
4.0000 5.1068
4.0000 5.4442
4.0000 4.9467
4.0000 4.6809
4.0000 4.0926
4.0000 4.1991
4.0000 4.0068
4.0000 5.2008
4.0000 4.6994
4.0000 5.1399
4.0000 4.5212
4.0000 4.4027
4.0000 4.5685
4.0000 4.6381
4.0000 4.7343
4.0000 5.1553
4.0000 3.5848
4.0000 5.2460
4.0000 4.8523
4.0000 4.0223
4.0000 6.4748
4.0000 5.4240
4.0000 5.5398
4.0000 5.1409
4.0000 4.8696
4.0000 5.5270
4.0000 4.5073
4.0000 4.7842
4.0000 3.8775
4.0000 4.9849
4.0000 4.7149
4.0000 4.8953
4.0000 4.3305
4.0000 4.3680
4.0000 4.6404
4.0000 5.0519
4.0000 3.6089
4.0000 5.2940
4.0000 3.8679
4.0000 5.6417
4.0000 4.8973
4.0000 5.4222
4.0000 2.9334
4.0000 4.2654
4.0000 5.3702
4.0000 5.7613
4.0000 4.5159
4.0000 4.3348
4.0000 4.8952
4.0000 3.8381
4.0000 5.4448
4.0000 3.9326
4.0000 4.3570
4.0000 4.4329
4.0000 4.6293
4.0000 4.8174
4.0000 3.8549
4.0000 5.0384
4.0000 4.8746
4.0000 4.8999
4.0000 4.1584
4.0000 3.6699
4.0000 5.2524
4.0000 5.1665
4.0000 5.8678
4.0000 4.9352
4.0000 3.7988
4.0000 4.1797
4.0000 4.5373
4.0000 5.0671
4.0000 4.5504
4.0000 5.0079
4.0000 4.3190
4.0000 4.5791
4.0000 5.1772
4.0000 5.8086
4.0000 4.6328
4.0000 4.2791
4.0000 4.1573
4.0000 4.0519
4.0000 5.0369
4.0000 4.2212
4.0000 4.3097
4.0000 5.2339
4.0000 5.6575
4.0000 3.8932
4.0000 4.5524
4.0000 4.6555
4.0000 5.0603
4.0000 5.1194
4.0000 5.1588
4.0000 4.1764
4.0000 4.8810
4.0000 4.1045
4.0000 4.7151
4.0000 5.4716
4.0000 4.7525
4.0000 3.9176
4.0000 4.5012
4.0000 6.3285
4.0000 5.1507
4.0000 3.7135
4.0000 4.7341
4.0000 5.7897
4.0000 4.7921
4.0000 5.1660
4.0000 5.8683
4.0000 3.9186
4.0000 3.1471
4.0000 4.7547
4.0000 4.5025
4.0000 4.6530
4.0000 5.6198
4.0000 4.0346
4.0000 4.4273
4.0000 4.3136
4.0000 3.6382
4.0000 4.0270
4.0000 3.0392
4.0000 4.2229
4.0000 4.3242
4.0000 4.1867
4.0000 3.9669
4.0000 4.9502
4.0000 4.3393
4.0000 5.4577
4.0000 4.9995
4.0000 4.1333
4.0000 5.0119
4.0000 5.7368
4.0000 4.2400
4.0000 4.0276
4.0000 3.9366
4.0000 5.3303
4.0000 5.9085
4.0000 4.5576
4.0000 6.0953
4.0000 4.8231
4.0000 4.7979
4.0000 3.8116
4.0000 4.8732
4.0000 3.8631
4.0000 5.0557
4.0000 4.8066
4.0000 4.6979
4.0000 4.1007
4.0000 5.1222
4.0000 4.5109
4.0000 4.6790
4.0000 4.6806
4.0000 4.5264
4.0000 5.4703
4.0000 5.8067
4.0000 4.6237
4.0000 5.7953
4.0000 4.5137
4.0000 4.4658
4.0000 4.5466
4.0000 4.8407
4.0000 3.9374
4.0000 4.6915
4.0000 5.2962
4.0000 4.4348
4.0000 4.8922
4.0000 4.1956
4.0000 4.1571
4.0000 5.2204
4.0000 4.4568
4.0000 4.2020
4.0000 5.7900
4.0000 3.9885
4.0000 4.9970
4.0000 4.3073
4.0000 5.3680
4.0000 3.2187
4.0000 4.7397
4.0000 4.1280
4.0000 4.9144
4.0000 4.7860
4.0000 4.9126
4.0000 4.2149
4.0000 3.2244
4.0000 5.0331
4.0000 4.9278
4.0000 5.2934
4.0000 5.7679
4.0000 4.4559
4.0000 4.3608
4.0000 4.4362
4.0000 4.7428
4.0000 5.5596
4.0000 4.0615
4.0000 4.7617
4.0000 3.7387
4.0000 4.7990
4.0000 5.5796
4.0000 5.5113
4.0000 5.0496
4.0000 4.6816
4.0000 5.1639
4.0000 3.7880
4.0000 4.5771
4.0000 4.0839
4.0000 6.1816
4.0000 6.2515
4.0000 4.3277
4.0000 4.3549
4.0000 4.0779
4.0000 3.8487
4.0000 5.1698
4.0000 4.2023
4.0000 4.7221
4.0000 6.6911
4.0000 5.7898
4.0000 4.3139
4.0000 5.0991
4.0000 4.6551
4.0000 4.8842
4.0000 4.3906
4.0000 4.0957
4.0000 5.1266
4.0000 5.2007
4.0000 5.2239
4.0000 5.3785
4.0000 5.1978
4.0000 5.1323
4.0000 3.7896
4.0000 5.0295
4.0000 4.9065
4.0000 4.9913
4.0000 5.3973
4.0000 4.4352
4.0000 5.6702
4.0000 4.2475
4.0000 4.8948
4.0000 5.8280
4.0000 3.5472
4.0000 4.8121
4.0000 4.9524
4.0000 5.3314
4.0000 4.2619
4.0000 4.4977
4.0000 4.2231
4.0000 4.5666
4.0000 4.5729
4.0000 4.1138
4.0000 5.2105
4.0000 4.3337
4.0000 4.9437
4.0000 4.4050
4.0000 4.8213
4.0000 5.0106
4.0000 4.1124
4.0000 3.9604
4.0000 5.4614
4.0000 4.8520
4.0000 5.7805
4.0000 4.8485
4.0000 3.7215
4.0000 5.6153
4.0000 4.9423
4.0000 5.2730
4.0000 3.9202
4.0000 4.3692
4.0000 4.2413
4.0000 4.7407
4.0000 5.4059
4.0000 4.9787
4.0000 5.4156
4.0000 4.3585
4.0000 4.8524
4.0000 4.5355
4.0000 3.9351
4.0000 5.1496
4.0000 5.9443
4.0000 4.4003
4.0000 3.0221
4.0000 4.6866
4.0000 3.9584
4.0000 4.0086
4.0000 4.7499
4.0000 4.5892
4.0000 3.8556
4.0000 4.0020
4.0000 3.2085
4.0000 4.6752
4.0000 4.5832
4.0000 4.5701
4.0000 4.8336
4.0000 5.2163
4.0000 4.9266
4.0000 5.6040
4.0000 4.0727
4.0000 4.3017
4.0000 4.8066
4.0000 5.3884
4.0000 4.7154
4.0000 5.8036
4.0000 4.1290
4.0000 4.4090
4.0000 4.8797
4.0000 5.4798
4.0000 4.6598
4.0000 5.0226
4.0000 4.8204
4.0000 4.6213
4.0000 4.5825
4.0000 4.6892
4.0000 4.6939
4.0000 5.0658
4.0000 5.7902
4.0000 4.1494
4.0000 5.4099
4.0000 4.7308
4.0000 3.9711
4.0000 4.3282
4.0000 5.1123
4.0000 5.1977
4.0000 4.8577
4.0000 6.2065
4.0000 5.1403
4.0000 4.9027
4.0000 4.7371
4.0000 4.7749
4.0000 4.8445
4.0000 4.9416
4.0000 3.9341
4.0000 5.0200
4.0000 5.2860
4.0000 4.1435
4.0000 5.1893
4.0000 4.9698
4.0000 4.9634
4.0000 4.6745
4.0000 4.3310
4.0000 4.5612
4.0000 5.2608
4.0000 6.0790
4.0000 4.7165
4.0000 4.3980
4.0000 5.4206
4.0000 4.9114
4.0000 4.5308
4.0000 4.7182
4.0000 4.6699
4.0000 4.3217
4.0000 4.8670
4.0000 5.0242
4.0000 5.7128
4.0000 4.6469
4.0000 5.0604
4.0000 4.2672
4.0000 5.2620
4.0000 5.1233
4.0000 5.7130
4.0000 5.6143
4.0000 4.6610
4.0000 5.5112
4.0000 5.9489
4.0000 3.9221
4.0000 5.4874
4.0000 5.5243
4.0000 5.1278
4.0000 5.2520
4.0000 4.9133
4.0000 4.8981
4.0000 4.6644
4.0000 3.4327
4.0000 5.4176
4.0000 3.9033
4.0000 5.6753
4.0000 4.4760
4.0000 4.5099
4.0000 4.6876
4.0000 5.0548
4.0000 4.6430
4.0000 4.9099
4.0000 4.7130
4.0000 4.9057
4.0000 5.2365
4.0000 3.2465
4.0000 4.7596
4.0000 3.7594
4.0000 5.5875
4.0000 4.9827
4.0000 4.6995
4.0000 4.9090
4.0000 4.0922
4.0000 4.3913
4.0000 5.3449
4.0000 3.8383
4.0000 4.8078
4.0000 5.1944
4.0000 5.1828
4.0000 5.2393
4.0000 4.2369
4.0000 3.2789
4.0000 5.0044
4.0000 4.9088
4.0000 5.2205
4.0000 4.3391
4.0000 4.5344
4.0000 5.0249
4.0000 4.2695
4.0000 4.2652
4.0000 4.6508
4.0000 3.9434
4.0000 5.0930
4.0000 3.5427
4.0000 4.5131
4.0000 5.1398
4.0000 4.8781
4.0000 5.5820
4.0000 4.7922
4.0000 4.7310
4.0000 5.0583
4.0000 4.8821
4.0000 5.5127
4.0000 5.0690
4.0000 4.6796
4.0000 4.0879
4.0000 5.1212
4.0000 3.5108
4.0000 4.7343
4.0000 4.2981
4.0000 4.3232
4.0000 4.1095
4.0000 4.8910
4.0000 3.7284
4.0000 4.1740
4.0000 4.9058
4.0000 4.2627
4.0000 5.3518
4.0000 5.4499
4.0000 4.4591
4.0000 4.3116
4.0000 5.5183
4.0000 5.5337
4.0000 4.7534
4.0000 4.7430
4.0000 5.1418
4.0000 5.0694
4.0000 3.9251
4.0000 4.8256
4.0000 5.2292
4.0000 5.3347
4.0000 4.4754
4.0000 5.3987
4.0000 4.5971
4.0000 5.0364
4.0000 5.1406
4.0000 5.4540
4.0000 3.7407
4.0000 4.9572
4.0000 3.9309
4.0000 4.7617
4.0000 4.9322
4.0000 4.9116
4.0000 5.0309
4.0000 5.4450
4.0000 5.5119
4.0000 5.0203
4.0000 4.1653
4.0000 4.0687
4.0000 5.5568
4.0000 3.6513
4.0000 4.5769
4.0000 4.8727
4.0000 5.5585
4.0000 5.0377
4.0000 4.2671
4.0000 5.0632
4.0000 4.2637
4.0000 3.7555
4.0000 3.5008
4.0000 5.2134
4.0000 4.9207
4.0000 5.1930
4.0000 4.3083
4.0000 5.0318
4.0000 4.3796
4.0000 5.2217
4.0000 4.1046
4.0000 5.0853
4.0000 5.4136
4.0000 4.4414
4.0000 5.8733
4.0000 5.8508
4.0000 4.6010
4.0000 5.3434
4.0000 5.5864
4.0000 4.5653
4.0000 5.3852
4.0000 4.6559
4.0000 3.7942
4.0000 4.5884
4.0000 4.8279
4.0000 5.3839
4.0000 4.3922
4.0000 3.8200
4.0000 4.3000
4.0000 3.7376
4.0000 3.8985
4.0000 3.7834
4.0000 5.1859
4.0000 4.8895
4.0000 4.4867
4.0000 4.7285
4.0000 5.1355
4.0000 3.8065
4.0000 5.1614
4.0000 5.2220
4.0000 4.7618
4.0000 4.7764
4.0000 4.1689
4.0000 5.2460
4.0000 4.2398
4.0000 5.2775
4.0000 4.5935
4.0000 4.1440
4.0000 4.4653
4.0000 4.6453
4.0000 4.5193
4.0000 4.5990
4.0000 5.0088
4.0000 3.9659
4.0000 4.7817
4.0000 4.4991
4.0000 4.6428
4.0000 4.0902
4.0000 4.3871
4.0000 4.7596
4.0000 4.3609
4.0000 4.3875
4.0000 4.9022
4.0000 5.0820
4.0000 4.7850
4.0000 4.9066
4.0000 4.9398
4.0000 4.9333
4.0000 5.1610
4.0000 4.5707
4.0000 4.6999
4.0000 4.5866
4.0000 5.0515
4.0000 4.1930
4.0000 5.0343
4.0000 5.6490
4.0000 4.9489
4.0000 3.5612
4.0000 4.6249
4.0000 4.6291
4.0000 4.6252
4.0000 4.1422
4.0000 4.2084
4.0000 4.9987
4.0000 5.0226
4.0000 4.6341
4.0000 5.1742
4.0000 4.9669
4.0000 5.4611
4.0000 4.3636
4.0000 4.4547
4.0000 5.5689
4.0000 4.0706
4.0000 5.8411
4.0000 4.3800
4.0000 4.4289
4.0000 4.6347
4.0000 4.7725
4.0000 4.6943
4.0000 3.7076
4.0000 4.2959
4.0000 5.0499
4.0000 4.3368
4.0000 3.8813
4.0000 4.1873
4.0000 4.0499
4.0000 5.2810
4.0000 4.6345
4.0000 3.5066
4.0000 4.0554
4.0000 4.7038
4.0000 5.5367
4.0000 5.2397
4.0000 4.2992
4.0000 5.8847
4.0000 5.0541
4.0000 5.4546
4.0000 4.1643
4.0000 5.4385
4.0000 4.9172
4.0000 5.8034
4.0000 5.5684
4.0000 4.3598
4.0000 5.0306
4.0000 4.8366
4.0000 5.6935
4.0000 4.2182
4.0000 5.2934
4.0000 4.7263
4.0000 4.6458
4.0000 5.3178
4.0000 4.6112
4.0000 4.9448
4.0000 5.1166
4.0000 4.8266
4.0000 5.4995
4.0000 5.5083
4.0000 5.0727
4.0000 4.0091
4.0000 4.7308
4.0000 4.6692
4.0000 5.5884
4.0000 4.2820
4.0000 4.8864
4.0000 4.2933
4.0000 5.2294
4.0000 4.0036
4.0000 3.6525
4.0000 5.5767
4.0000 4.4453
4.0000 5.2485
4.0000 4.8240
4.0000 4.7520
4.0000 5.2940
4.0000 4.6764
4.0000 3.3367
4.0000 4.3211
4.0000 4.0720
4.0000 4.1710
4.0000 5.1014
4.0000 4.6505
4.0000 5.1525
4.0000 4.4479
4.0000 5.1018
4.0000 4.7451
4.0000 4.8226
4.0000 5.1115
4.0000 4.4815
4.0000 4.4849
4.0000 4.6448
4.0000 4.1331
4.0000 4.2307
4.0000 4.2538
4.0000 3.5635
4.0000 5.7463
4.0000 5.1019
4.0000 4.0740
4.0000 4.1451
4.0000 4.8110
4.0000 5.4559
4.0000 4.6216
4.0000 4.1234
4.0000 4.0351
4.0000 4.1025
4.0000 5.4216
4.0000 5.1734
4.0000 5.0031
4.0000 5.1684
4.0000 5.1062
4.0000 4.4885
4.0000 4.2889
4.0000 4.9826
4.0000 4.4575
4.0000 5.0913
4.0000 4.7688
4.0000 5.3378
4.0000 4.8956
4.0000 4.3039
4.0000 4.4807
4.0000 5.8025
4.0000 4.0775
4.0000 5.4023
4.0000 4.9525
4.0000 5.2702
4.0000 4.8577
4.0000 4.2426
4.0000 5.1750
4.0000 5.0989
4.0000 4.9680
4.0000 4.8672
4.0000 4.6551
4.0000 4.4260
4.0000 5.1654
4.0000 5.2426
4.0000 5.0658
4.0000 5.3247
4.0000 4.1768
4.0000 5.2729
4.0000 5.1539
4.0000 5.0057
4.0000 5.6538
4.0000 4.7225
4.0000 5.6351
4.0000 3.2720
4.0000 5.6626
4.0000 4.1803
4.0000 5.2842
4.0000 4.9951
4.0000 5.6229
4.0000 5.7096
4.0000 4.7472
4.0000 4.2749
4.0000 4.8053
4.0000 4.5644
4.0000 4.8771
4.0000 3.9888
4.0000 4.4252
4.0000 4.3060
4.0000 4.5975
4.0000 4.9943
4.0000 5.5749
4.0000 5.4035
4.0000 5.6895
4.0000 4.7821
4.0000 4.6891
4.0000 4.2048
4.0000 4.5059
4.0000 5.0230
4.0000 4.6520
4.0000 3.7363
4.0000 3.9060
4.0000 4.3553
4.0000 3.7668
4.0000 4.2800
4.0000 3.6298
4.0000 5.3833
4.0000 3.6258
4.0000 3.9127
4.0000 5.3585
4.0000 4.4334
4.0000 4.0734
4.0000 4.3680
4.0000 4.7533
4.0000 5.8263
4.0000 4.5943
4.0000 4.6416
4.0000 5.0119
4.0000 5.2646
4.0000 4.4229
4.0000 4.1405
4.0000 4.6515
4.0000 5.0942
4.0000 4.5045
4.0000 4.9245
4.0000 4.4983
4.0000 5.0919
4.0000 5.3960
4.0000 5.0475
4.0000 5.3932
4.0000 5.0847
4.0000 5.6557
4.0000 5.2827
4.0000 4.4940
4.0000 4.4299
4.0000 4.9030
4.0000 4.2308
4.0000 4.1949
4.0000 3.3840
4.0000 5.1491
4.0000 4.4832
4.0000 5.1658
4.0000 4.6362
4.0000 5.0847
4.0000 5.7701
4.0000 4.2029
4.0000 4.2078
4.0000 4.6712
4.0000 4.4291
4.0000 4.1589
4.0000 4.6069
4.0000 4.8474
4.0000 4.3557
4.0000 5.0203
4.0000 3.9901
4.0000 5.0484
4.0000 4.3326
4.0000 4.1325
4.0000 4.6543
4.0000 4.7660
4.0000 4.7079
4.0000 4.7376
4.0000 5.5478
4.0000 5.0619
4.0000 5.0891
4.0000 4.0371
4.0000 4.4649
4.0000 3.6069
4.0000 3.9187
4.0000 4.9475
4.0000 4.8885
4.0000 4.3453
4.0000 3.7852
4.0000 5.5137
4.0000 4.3269
4.0000 5.1761
4.0000 4.5211
4.0000 5.3573
4.0000 4.6853
4.0000 4.3823
4.0000 3.5813
4.0000 4.1730
4.0000 4.6091
4.0000 4.4949
4.0000 4.0987
4.0000 4.0250
4.0000 4.7598
4.0000 4.6781
4.0000 3.7852
4.0000 5.3583
4.0000 3.9836
4.0000 3.7352
4.0000 4.1382
4.0000 4.5931
4.0000 4.6747
4.0000 5.0755
4.0000 4.5263
4.0000 4.6601
4.0000 4.5622
4.0000 4.1745
4.0000 4.5242
4.0000 5.3370
4.0000 5.1512
4.0000 5.7262
4.0000 4.7949
4.0000 5.6366
4.0000 4.9584
4.0000 4.1142
4.0000 4.5544
4.0000 4.5102
4.0000 4.8750
4.0000 4.7417
4.0000 4.6167
4.0000 4.9169
4.0000 4.8910
4.0000 4.3801
4.0000 3.8153
4.0000 5.3360
4.0000 4.3154
4.0000 5.8714
4.0000 5.2294
4.0000 4.0320
4.0000 4.8186
4.0000 3.5547
4.0000 4.3224
4.0000 5.0534
4.0000 4.0661
4.0000 4.7581
4.0000 4.6927
4.0000 5.9241
4.0000 4.8580
4.0000 4.8637
4.0000 4.3334
4.0000 4.6643
4.0000 5.1363
4.0000 5.5720
4.0000 4.3151
4.0000 4.5012
4.0000 5.2538
4.0000 4.0313
4.0000 5.0373
4.0000 4.3383
4.0000 5.6084
4.0000 5.0159
4.0000 4.4904
4.0000 4.9900
4.0000 5.2443
4.0000 4.2381
4.0000 4.9632
4.0000 5.1796
4.0000 5.2689
4.0000 4.5251
4.0000 4.9646
4.0000 5.5547
4.0000 5.3677
4.0000 4.0260
4.0000 5.6938
4.0000 4.4811
4.0000 5.5727
4.0000 4.8022
4.0000 4.5415
4.0000 4.2064
4.0000 5.3876
4.0000 3.9164
4.0000 5.0318
4.0000 4.9853
4.0000 4.8577
4.0000 5.4691
4.0000 4.7018
4.0000 4.8550
4.0000 4.8953
4.0000 5.0839
4.0000 4.7626
4.0000 3.6801
4.0000 4.8153
4.0000 4.6964
4.0000 5.2874
4.0000 3.8929
4.0000 5.2602
4.0000 4.4962
4.0000 4.2938
4.0000 5.4350
4.0000 4.5761
4.0000 4.5467
4.0000 3.9038
4.0000 5.1050
4.0000 6.2737
4.0000 3.7849
4.0000 4.0836
4.0000 3.7204
4.0000 5.1036
4.0000 4.5765
4.0000 4.5056
4.0000 4.4857
4.0000 4.6197
4.0000 4.6709
4.0000 4.6409
4.0000 4.0859
4.0000 4.7354
4.0000 4.7182
4.0000 4.9026
4.0000 3.2244
4.0000 4.2418
4.0000 3.9780
4.0000 5.0746
4.0000 5.4234
4.0000 4.2813
4.0000 5.1403
4.0000 4.2483
4.0000 5.1207
4.0000 5.7134
4.0000 4.2848
4.0000 4.1661
4.0000 4.9585
4.0000 6.0237
4.0000 4.6756
4.0000 4.5446
4.0000 4.8486
4.0000 5.2912
4.0000 4.7185
4.0000 4.9714
4.0000 4.4451
4.0000 4.5023
4.0000 4.8794
4.0000 4.6641
4.0000 3.7822
4.0000 3.4884
4.0000 4.9183
4.0000 4.1001
4.0000 5.1536
4.0000 5.3265
4.0000 4.8538
4.0000 4.2313
4.0000 4.3506
4.0000 4.5883
4.0000 4.5986
4.0000 4.0853
4.0000 5.0365
4.0000 5.0227
4.0000 4.5563
4.0000 4.1426
4.0000 4.2579
4.0000 4.9651
4.0000 5.3850
4.0000 5.0808
4.0000 4.0652
4.0000 4.2477
4.0000 5.5656
4.0000 4.6013
4.0000 3.9751
4.0000 4.6252
4.0000 4.4002
4.0000 4.6153
4.0000 4.4194
4.0000 4.2076
4.0000 4.7793
4.0000 4.8962
4.0000 4.9562
4.0000 5.1783
4.0000 4.2125
4.0000 4.4612
4.0000 4.1217
4.0000 4.2576
4.0000 5.3724
4.0000 5.0220
4.0000 5.0484
4.0000 4.2576
4.0000 4.7926
4.0000 4.7766
4.0000 4.0451
4.0000 4.8894
4.0000 5.5064
4.0000 5.1267
4.0000 3.9132
4.0000 4.8509
4.0000 3.8727
4.0000 5.7906
4.0000 4.7250
4.0000 3.8598
4.0000 3.8610
4.0000 5.0966
4.0000 5.4938
4.0000 3.8194
4.0000 5.4214
4.0000 3.9387
4.0000 4.5138
4.0000 5.1180
4.0000 4.4445
4.0000 4.5818
4.0000 5.6328
4.0000 4.2852
4.0000 5.7908
4.0000 5.0614
4.0000 4.0137
4.0000 4.7158
4.0000 4.8782
4.0000 4.3678
4.0000 3.4754
4.0000 4.5214
4.0000 5.1911
4.0000 4.8281
4.0000 4.9721
4.0000 4.9975
4.0000 4.6778
4.0000 4.7189
4.0000 5.3205
4.0000 5.8054
4.0000 5.4540
4.0000 4.1735
4.0000 5.6050
4.0000 4.7521
4.0000 5.5310
4.0000 5.2394
4.0000 4.1700
4.0000 4.8553
4.0000 4.5916
4.0000 4.2930
4.0000 4.8631
4.0000 4.8784
4.0000 4.1145
4.0000 3.9822
4.0000 5.7768
4.0000 4.7923
4.0000 4.3737
4.0000 5.4163
4.0000 5.9572
4.0000 4.8970
4.0000 4.7178
4.0000 4.7918
4.0000 4.0233
4.0000 5.3479
4.0000 5.2682
4.0000 4.4431
4.0000 5.0957
4.0000 4.8780
4.0000 4.6978
4.0000 5.0795
4.0000 4.1950
4.0000 4.3690
4.0000 5.1670
4.0000 5.2134
4.0000 5.4402
4.0000 4.8456
4.0000 5.3547
4.0000 4.3612
4.0000 4.8539
4.0000 4.0799
4.0000 5.2107
4.0000 4.9478
4.0000 4.6305
4.0000 4.4959
4.0000 4.3192
4.0000 4.3399
4.0000 5.2894
4.0000 3.1839
4.0000 5.2132
4.0000 5.2682
4.0000 5.0596
4.0000 4.8709
4.0000 4.8200
4.0000 5.0891
4.0000 4.8305
4.0000 4.1831
4.0000 6.7305
4.0000 4.5511
4.0000 5.5801
4.0000 4.2348
4.0000 4.8342
4.0000 4.9798
4.0000 4.3178
4.0000 3.8213
4.0000 4.9726
4.0000 4.6004
4.0000 5.2392
4.0000 4.1982
4.0000 4.6642
4.0000 4.6865
4.0000 4.5964
4.0000 4.9445
4.0000 5.4162
4.0000 4.8987
4.0000 5.0309
4.0000 3.9620
4.0000 4.5618
4.0000 4.6310
4.0000 4.6725
4.0000 4.2365
4.0000 4.9060
4.0000 4.7343
4.0000 4.8832
4.0000 5.6362
4.0000 5.0480
4.0000 4.6424
4.0000 4.8788
4.0000 5.1978
4.0000 4.6883
4.0000 5.6694
4.0000 4.8991
4.0000 4.8706
4.0000 5.7055
4.0000 4.8595
4.0000 4.8854
4.0000 4.6959
4.0000 4.9139
4.0000 5.6229
4.0000 5.2172
4.0000 3.9506
4.0000 4.5246
4.0000 4.4274
4.0000 4.6733
4.0000 4.7930
4.0000 3.9656
4.0000 4.8072
4.0000 5.3014
4.0000 4.0149
4.0000 4.6959
4.0000 4.1709
4.0000 4.1460
4.0000 4.7189
4.0000 5.0544
4.0000 4.0972
4.0000 3.7452
4.0000 4.3934
4.0000 4.1341
4.0000 4.9364
4.0000 5.0719
4.0000 6.3121
4.0000 5.6039
4.0000 4.5762
4.0000 3.9903
4.0000 4.6593
4.0000 4.5105
4.0000 5.3045
4.0000 5.2128
4.0000 5.5527
4.0000 5.5904
4.0000 4.2868
4.0000 4.0588
4.0000 4.8455
4.0000 3.8830
4.0000 3.7482
4.0000 5.3448
4.0000 4.2218
4.0000 5.0349
4.0000 4.2996
4.0000 3.6742
4.0000 4.2171
4.0000 4.7304
4.0000 5.0277
4.0000 4.7418
4.0000 5.8177
4.0000 5.1553
4.0000 5.0012
4.0000 5.3866
4.0000 4.4226
4.0000 5.0484
4.0000 4.5712
4.0000 4.2711
4.0000 4.7255
4.0000 4.9323
4.0000 4.3431
4.0000 4.8144
4.0000 4.1113
4.0000 4.7299
4.0000 4.6892
4.0000 4.7811
4.0000 4.9100
4.0000 5.1902
4.0000 5.2402
4.0000 5.1968
4.0000 5.2545
4.0000 3.3586
4.0000 4.1576
4.0000 5.5439
4.0000 4.1763
4.0000 3.9064
4.0000 4.5062
4.0000 4.9955
4.0000 5.2741
4.0000 4.0375
4.0000 4.8065
4.0000 5.3544
4.0000 5.3550
4.0000 4.3358
4.0000 6.6343
4.0000 5.4770
4.0000 5.7183
4.0000 5.1563
4.0000 5.1319
4.0000 4.5709
4.0000 4.3963
4.0000 3.8761
4.0000 5.4389
4.0000 4.7392
4.0000 6.0600
4.0000 4.2072
4.0000 5.2465
4.0000 4.5688
4.0000 4.9019
4.0000 3.8437
4.0000 4.3563
4.0000 3.5910
4.0000 4.4939
4.0000 4.8327
4.0000 4.1576
4.0000 4.3405
4.0000 5.0462
4.0000 4.2507
4.0000 4.1084
4.0000 4.3272
4.0000 4.6363
4.0000 4.9499
4.0000 3.8243
4.0000 4.5811
4.0000 4.7600
4.0000 4.4902
4.0000 4.1717
4.0000 4.2519
4.0000 4.9309
4.0000 4.3012
4.0000 4.7413
4.0000 5.1156
4.0000 5.2732
4.0000 5.0071
4.0000 5.2571
4.0000 4.8995
4.0000 3.7060
4.0000 5.3614
4.0000 4.9918
4.0000 5.1639
4.0000 4.9384
4.0000 4.5967
4.0000 4.8014
4.0000 4.9254
4.0000 4.7331
4.0000 4.7528
4.0000 4.3711
4.0000 4.3064
4.0000 3.6705
4.0000 4.8295
4.0000 4.5911
4.0000 3.7555
4.0000 5.2636
4.0000 4.8517
4.0000 5.5279
4.0000 4.8741
4.0000 4.1776
4.0000 4.5796
4.0000 3.5654
4.0000 5.1889
4.0000 4.1260
4.0000 5.2938
4.0000 4.5805
4.0000 5.9186
4.0000 4.0411
4.0000 4.3463
4.0000 5.3116
4.0000 4.0713
4.0000 5.0878
4.0000 3.9210
4.0000 3.9869
4.0000 4.9647
4.0000 5.4058
4.0000 4.4379
4.0000 5.3333
4.0000 4.7822
4.0000 4.2786
4.0000 4.6722
4.0000 4.7658
4.0000 5.8669
4.0000 5.3067
4.0000 3.7024
4.0000 5.3279
4.0000 4.1699
4.0000 4.4367
4.0000 4.6922
4.0000 4.4731
4.0000 4.0773
4.0000 4.3846
4.0000 5.1533
4.0000 4.2657
4.0000 4.5186
4.0000 4.9909
4.0000 3.7035
4.0000 4.5781
4.0000 3.7474
4.0000 5.1844
4.0000 4.9108
4.0000 4.9602
4.0000 5.1620
4.0000 4.8118
4.0000 6.0145
4.0000 3.0930
4.0000 4.4131
4.0000 5.0706
4.0000 5.3040
4.0000 4.5532
4.0000 4.6543
4.0000 4.1537
4.0000 4.0643
4.0000 5.3745
4.0000 5.0592
4.0000 5.3120
4.0000 5.0133
4.0000 5.1782
4.0000 3.7516
4.0000 5.5717
4.0000 4.5716
4.0000 4.3683
4.0000 4.9525
4.0000 4.2162
4.0000 4.5255
4.0000 4.8824
4.0000 4.3240
4.0000 4.5582
4.0000 4.3318
4.0000 5.0645
4.0000 5.2246
4.0000 4.7720
4.0000 5.0807
4.0000 4.4248
4.0000 4.5286
4.0000 3.8434
4.0000 4.2180
4.0000 3.8573
4.0000 4.6991
4.0000 4.8767
4.0000 5.6256
4.0000 5.3757
4.0000 4.6605
