6.0000 7.3220
6.0000 6.8281
6.0000 6.2164
6.0000 6.1136
6.0000 5.7166
6.0000 6.2335
6.0000 6.5928
6.0000 6.6409
6.0000 6.3783
6.0000 6.7684
6.0000 5.4871
6.0000 6.7507
6.0000 7.5339
6.0000 6.1434
6.0000 7.1866
6.0000 8.1176
6.0000 5.9126
6.0000 6.4091
6.0000 6.0634
6.0000 6.6120
6.0000 5.9969
6.0000 6.1429
6.0000 7.1044
6.0000 6.7343
6.0000 7.3638
6.0000 7.8057
6.0000 6.4387
6.0000 6.3975
6.0000 6.5777
6.0000 6.9692
6.0000 6.9732
6.0000 7.5081
6.0000 6.9993
6.0000 6.6821
6.0000 4.8386
6.0000 5.8026
6.0000 5.5533
6.0000 6.0620
6.0000 6.7344
6.0000 7.4518
6.0000 5.1209
6.0000 6.8031
6.0000 5.6177
6.0000 6.6915
6.0000 7.2031
6.0000 6.6310
6.0000 6.3175
6.0000 6.9251
6.0000 6.3032
6.0000 6.7951
6.0000 5.8714
6.0000 6.3024
6.0000 5.7435
6.0000 7.2806
6.0000 6.4877
6.0000 7.1031
6.0000 5.9098
6.0000 6.5110
6.0000 6.6981
6.0000 6.1688
6.0000 6.0769
6.0000 6.0322
6.0000 8.1547
6.0000 7.0186
6.0000 5.5009
6.0000 7.0370
6.0000 6.6584
6.0000 7.0254
6.0000 6.1940
6.0000 6.3494
6.0000 5.0710
6.0000 6.3751
6.0000 6.4654
6.0000 7.2584
6.0000 6.6876
6.0000 6.8341
6.0000 5.8948
6.0000 6.3646
6.0000 5.7072
6.0000 5.7781
6.0000 6.1387
6.0000 6.9134
6.0000 6.4661
6.0000 5.9188
6.0000 7.6518
6.0000 6.0447
6.0000 7.4493
6.0000 5.8401
6.0000 6.3700
6.0000 6.9932
6.0000 5.3934
6.0000 6.0946
6.0000 5.6673
6.0000 7.1302
6.0000 6.4651
6.0000 6.5836
6.0000 6.6233
6.0000 6.5117
6.0000 7.4900
6.0000 6.8458
6.0000 6.4548
6.0000 5.6383
6.0000 7.3798
6.0000 5.9910
6.0000 5.8054
6.0000 6.4732
6.0000 6.3722
6.0000 6.8652
6.0000 6.4784
6.0000 7.8826
6.0000 7.2345
6.0000 7.3026
6.0000 6.8376
6.0000 6.5920
6.0000 6.6197
6.0000 6.3980
6.0000 5.8273
6.0000 7.1500
6.0000 6.4376
6.0000 6.7845
6.0000 6.0145
6.0000 6.9795
6.0000 6.8041
6.0000 6.5997
6.0000 6.1929
6.0000 6.8244
6.0000 7.1753
6.0000 6.7153
6.0000 6.1365
6.0000 6.7547
6.0000 6.7478
6.0000 6.0727
6.0000 7.1049
6.0000 6.4602
6.0000 6.4706
6.0000 6.6903
6.0000 7.0074
6.0000 5.8541
6.0000 8.3547
6.0000 6.9374
6.0000 7.0630
6.0000 6.3637
6.0000 6.9402
6.0000 7.8007
6.0000 7.1465
6.0000 6.4376
6.0000 7.2529
6.0000 7.0627
6.0000 6.7266
6.0000 6.5025
6.0000 8.1243
6.0000 6.9951
6.0000 6.2464
6.0000 5.6097
6.0000 6.1370
6.0000 6.3341
6.0000 6.0989
6.0000 6.2632
6.0000 6.3309
6.0000 6.9762
6.0000 6.4472
6.0000 7.4348
6.0000 8.3120
6.0000 7.3212
6.0000 7.7049
6.0000 6.4706
6.0000 5.9668
6.0000 7.1787
6.0000 6.3801
6.0000 7.2094
6.0000 6.4171
6.0000 6.2022
6.0000 7.2951
6.0000 6.6886
6.0000 7.5857
6.0000 6.8593
6.0000 6.1472
6.0000 7.0021
6.0000 6.1139
6.0000 7.1594
6.0000 6.7782
6.0000 6.5755
6.0000 6.4293
6.0000 5.9414
6.0000 6.6416
6.0000 6.3874
6.0000 6.2263
6.0000 7.0856
6.0000 6.2268
6.0000 6.7677
6.0000 6.8306
6.0000 6.4034
6.0000 5.8106
6.0000 6.2173
6.0000 7.4030
6.0000 5.3361
6.0000 6.9278
6.0000 6.9976
6.0000 6.8495
6.0000 6.8831
6.0000 5.9728
6.0000 6.2520
6.0000 5.9480
6.0000 7.8076
6.0000 6.5757
6.0000 6.0416
6.0000 7.5247
6.0000 6.1512
6.0000 5.3545
6.0000 6.8546
6.0000 6.5494
6.0000 7.0037
6.0000 7.5694
6.0000 6.2354
6.0000 6.6064
6.0000 6.7667
6.0000 6.6067
6.0000 6.7549
6.0000 7.7303
6.0000 7.7802
6.0000 6.0555
6.0000 7.3067
6.0000 6.8513
6.0000 5.5472
6.0000 6.0517
6.0000 5.9333
6.0000 7.1426
6.0000 6.4571
6.0000 7.6564
6.0000 6.3664
6.0000 6.5894
6.0000 6.1245
6.0000 5.5481
6.0000 6.5326
6.0000 6.7692
6.0000 6.1689
6.0000 6.9230
6.0000 6.3600
6.0000 5.9730
6.0000 7.9446
6.0000 6.6406
6.0000 6.1228
6.0000 5.2390
6.0000 6.4556
6.0000 6.5902
6.0000 7.0250
6.0000 6.2013
6.0000 6.7195
6.0000 6.6105
6.0000 7.7221
6.0000 5.9505
6.0000 6.5203
6.0000 6.9730
6.0000 6.7119
6.0000 6.1056
6.0000 6.6450
6.0000 6.4946
6.0000 6.1774
6.0000 6.0342
6.0000 6.6090
6.0000 6.4813
6.0000 6.5997
6.0000 6.0565
6.0000 5.8384
6.0000 6.9708
6.0000 6.7765
6.0000 7.5319
6.0000 5.9140
6.0000 6.2198
6.0000 5.2100
6.0000 6.3554
6.0000 6.7122
6.0000 7.0979
6.0000 5.9820
6.0000 6.8653
6.0000 6.6650
6.0000 6.9471
6.0000 6.8154
6.0000 6.2616
6.0000 7.2847
6.0000 7.4357
6.0000 6.0167
6.0000 6.6802
6.0000 5.4455
6.0000 5.5909
6.0000 6.4977
6.0000 6.3490
6.0000 6.3514
6.0000 6.4043
6.0000 7.5137
6.0000 6.4983
6.0000 6.8281
6.0000 6.1063
6.0000 5.9318
6.0000 6.6497
6.0000 6.7248
6.0000 6.2182
6.0000 7.0103
6.0000 6.6092
6.0000 8.2275
6.0000 6.1987
6.0000 7.8886
6.0000 5.8219
6.0000 7.1392
6.0000 6.7248
6.0000 8.2105
6.0000 5.3052
6.0000 5.1066
6.0000 5.6067
6.0000 6.8511
6.0000 6.3094
6.0000 7.1105
6.0000 5.9441
6.0000 6.8264
6.0000 6.7529
6.0000 7.2598
6.0000 6.5587
6.0000 5.8250
6.0000 6.6951
6.0000 7.0212
6.0000 7.2730
6.0000 7.0354
6.0000 5.9690
6.0000 7.1085
6.0000 6.7663
6.0000 6.6263
6.0000 7.0771
6.0000 6.2758
6.0000 6.7910
6.0000 6.6602
6.0000 6.4399
6.0000 7.6583
6.0000 5.8821
6.0000 6.6827
6.0000 6.4944
6.0000 6.6202
6.0000 6.6159
6.0000 7.4127
6.0000 6.3491
6.0000 5.8203
6.0000 6.8786
6.0000 6.5232
6.0000 6.9972
6.0000 5.2553
6.0000 5.8359
6.0000 6.8481
6.0000 6.3631
6.0000 7.1839
6.0000 6.5224
6.0000 6.0567
6.0000 5.8803
6.0000 6.2508
6.0000 6.3588
6.0000 6.6473
6.0000 5.8255
6.0000 6.6608
6.0000 6.8534
6.0000 6.8306
6.0000 6.6045
6.0000 7.0907
6.0000 6.0127
6.0000 7.2612
6.0000 6.4150
6.0000 6.8919
6.0000 7.3975
6.0000 7.1012
6.0000 6.9227
6.0000 6.6756
6.0000 6.4209
6.0000 7.3603
6.0000 6.3942
6.0000 6.9874
6.0000 5.7782
6.0000 6.4498
6.0000 5.9935
6.0000 7.0137
6.0000 5.6165
6.0000 7.3332
6.0000 6.6167
6.0000 6.9953
6.0000 7.5939
6.0000 6.7718
6.0000 6.4749
6.0000 6.9606
6.0000 5.3027
6.0000 6.0705
6.0000 6.6072
6.0000 6.0163
6.0000 6.6892
6.0000 6.3936
6.0000 6.8969
6.0000 7.5626
6.0000 7.3702
6.0000 6.4759
6.0000 6.2719
6.0000 6.7412
6.0000 6.3113
6.0000 6.3449
6.0000 6.9236
6.0000 6.2574
6.0000 4.4866
6.0000 5.6634
6.0000 6.4542
6.0000 6.4800
6.0000 6.9295
6.0000 7.0605
6.0000 6.8448
6.0000 5.9449
6.0000 7.7378
6.0000 6.1515
6.0000 6.5392
6.0000 7.1580
6.0000 7.0414
6.0000 6.4041
6.0000 6.3651
6.0000 8.0412
6.0000 5.9564
6.0000 6.4623
6.0000 7.6482
6.0000 6.3329
6.0000 7.1918
6.0000 6.6477
6.0000 6.9710
6.0000 6.9942
6.0000 6.0616
6.0000 6.3740
6.0000 6.0287
6.0000 7.4770
6.0000 5.8750
6.0000 7.3563
6.0000 6.6409
6.0000 5.8742
6.0000 7.0025
6.0000 7.1067
6.0000 6.9567
6.0000 6.3109
6.0000 7.8107
6.0000 6.9131
6.0000 6.2491
6.0000 7.0529
6.0000 6.5591
6.0000 6.3272
6.0000 7.1409
6.0000 6.4805
6.0000 5.8186
6.0000 6.9530
6.0000 6.4704
6.0000 6.3882
6.0000 6.8939
6.0000 7.0801
6.0000 7.4839
6.0000 6.7328
6.0000 6.5567
6.0000 6.0702
6.0000 6.7899
6.0000 6.1945
6.0000 6.8026
6.0000 7.2226
6.0000 6.9627
6.0000 6.8380
6.0000 6.4471
6.0000 7.5285
6.0000 5.6402
6.0000 5.8053
6.0000 6.0608
6.0000 6.2477
6.0000 6.7463
6.0000 5.7354
6.0000 7.1545
6.0000 6.7346
6.0000 5.4300
6.0000 6.1108
6.0000 6.5672
6.0000 6.1895
6.0000 7.3968
6.0000 7.1515
6.0000 6.2573
6.0000 6.5621
6.0000 6.2688
6.0000 6.9701
6.0000 6.9988
6.0000 6.4491
6.0000 6.0891
6.0000 6.9727
6.0000 6.1418
6.0000 7.6090
6.0000 6.0441
6.0000 7.7107
6.0000 6.3939
6.0000 6.7668
6.0000 5.9337
6.0000 6.2859
6.0000 6.0539
6.0000 7.5239
6.0000 6.7973
6.0000 5.1577
6.0000 6.3407
6.0000 6.6313
6.0000 6.8746
6.0000 6.3312
6.0000 6.5372
6.0000 6.7593
6.0000 6.5316
6.0000 7.4594
6.0000 6.7832
6.0000 7.3056
6.0000 6.5719
6.0000 7.4527
6.0000 7.0687
6.0000 5.8802
6.0000 6.6743
6.0000 6.2018
6.0000 7.2131
6.0000 6.2482
6.0000 6.9441
6.0000 5.9771
6.0000 6.7315
6.0000 5.2635
6.0000 5.5031
6.0000 6.4623
6.0000 6.9983
6.0000 6.9100
6.0000 7.2599
6.0000 6.4748
6.0000 6.6043
6.0000 7.7752
6.0000 6.3604
6.0000 6.5616
6.0000 6.0463
6.0000 7.4595
6.0000 6.3582
6.0000 6.4973
6.0000 7.9703
6.0000 7.5751
6.0000 5.4898
6.0000 7.2458
6.0000 6.8120
6.0000 7.0689
6.0000 7.2690
6.0000 7.1606
6.0000 6.8429
6.0000 7.4498
6.0000 6.5538
6.0000 5.9303
6.0000 5.1118
6.0000 6.5423
6.0000 7.1707
6.0000 7.3489
6.0000 6.8573
6.0000 6.4137
6.0000 5.3596
6.0000 6.7356
6.0000 6.0609
6.0000 7.6137
6.0000 7.3078
6.0000 7.2876
6.0000 6.9210
6.0000 5.5236
6.0000 7.3223
6.0000 7.0908
6.0000 6.7446
6.0000 6.4092
6.0000 6.6856
6.0000 5.5959
6.0000 5.8954
6.0000 5.4627
6.0000 6.6103
6.0000 7.7450
6.0000 7.1562
6.0000 7.0584
6.0000 6.8923
6.0000 7.0477
6.0000 7.0923
6.0000 6.5421
6.0000 6.8679
6.0000 6.5436
6.0000 6.2389
6.0000 5.7136
6.0000 7.1517
6.0000 6.0471
6.0000 7.5272
6.0000 6.0593
6.0000 7.1621
6.0000 6.4453
6.0000 5.6215
6.0000 5.7242
6.0000 7.0156
6.0000 6.7380
6.0000 6.7837
6.0000 6.6694
6.0000 5.9746
6.0000 7.0223
6.0000 6.4408
6.0000 5.4900
6.0000 6.4099
6.0000 6.1240
6.0000 6.7632
6.0000 7.1455
6.0000 5.4202
6.0000 6.7655
6.0000 6.4421
6.0000 6.2764
6.0000 6.4479
6.0000 5.9579
6.0000 5.4642
6.0000 6.3030
6.0000 6.1374
6.0000 6.1071
6.0000 6.4575
6.0000 5.9227
6.0000 6.3511
6.0000 6.5172
6.0000 6.4118
6.0000 6.9933
6.0000 5.7274
6.0000 6.7417
6.0000 6.6415
6.0000 6.5918
6.0000 6.7145
6.0000 6.4334
6.0000 6.9638
6.0000 6.4833
6.0000 6.6677
6.0000 7.7228
6.0000 6.3229
6.0000 6.8829
6.0000 6.3341
6.0000 6.5051
6.0000 6.2343
6.0000 6.9381
6.0000 7.5030
6.0000 7.4409
6.0000 7.2814
6.0000 7.4557
6.0000 5.8488
6.0000 6.0933
6.0000 5.8062
6.0000 6.3188
6.0000 7.0667
6.0000 6.7799
6.0000 6.8075
6.0000 7.8893
6.0000 7.5239
6.0000 6.5942
6.0000 6.9508
6.0000 7.5871
6.0000 8.2562
6.0000 7.2320
6.0000 6.3046
6.0000 6.3480
6.0000 7.1784
6.0000 7.1470
6.0000 5.4208
6.0000 5.8017
6.0000 6.9704
6.0000 6.9939
6.0000 6.8290
6.0000 5.6901
6.0000 6.6933
6.0000 5.9179
6.0000 6.7945
6.0000 6.6025
6.0000 6.0996
6.0000 5.4896
6.0000 6.4910
6.0000 6.7972
6.0000 6.7716
6.0000 6.7496
6.0000 6.6208
6.0000 7.1015
6.0000 6.9774
6.0000 6.8972
6.0000 5.6172
6.0000 7.1453
6.0000 6.3799
6.0000 6.5657
6.0000 6.6158
6.0000 6.9824
6.0000 6.0068
6.0000 7.5800
6.0000 7.1848
6.0000 7.3231
6.0000 6.3231
6.0000 5.4830
6.0000 6.7723
6.0000 6.3687
6.0000 6.3451
6.0000 6.9420
6.0000 6.4747
6.0000 6.6026
6.0000 6.5986
6.0000 7.8233
6.0000 6.4786
6.0000 8.3859
6.0000 6.1722
6.0000 6.5764
6.0000 6.5950
6.0000 6.6351
6.0000 6.6151
6.0000 6.2785
6.0000 5.6609
6.0000 7.1340
6.0000 6.4408
6.0000 5.8750
6.0000 5.6116
6.0000 6.8131
6.0000 6.8376
6.0000 6.0047
6.0000 7.4874
6.0000 7.7417
6.0000 6.1260
6.0000 6.4354
6.0000 6.1516
6.0000 7.3782
6.0000 5.8990
6.0000 6.7520
6.0000 6.9108
6.0000 6.6409
6.0000 6.7638
6.0000 5.2425
6.0000 6.9358
6.0000 6.4867
6.0000 7.2328
6.0000 7.4171
6.0000 7.0800
6.0000 7.3628
6.0000 6.3458
6.0000 6.8118
6.0000 6.3577
6.0000 7.4135
6.0000 6.0750
6.0000 6.6663
6.0000 6.8291
6.0000 6.3278
6.0000 6.4405
6.0000 6.7153
6.0000 6.0250
6.0000 6.2988
6.0000 6.4604
6.0000 5.9272
6.0000 5.9013
6.0000 4.8564
6.0000 6.2961
6.0000 5.9956
6.0000 5.4434
6.0000 6.3894
6.0000 7.1981
6.0000 6.1090
6.0000 6.1167
6.0000 7.3860
6.0000 5.9971
6.0000 6.1064
6.0000 6.4914
6.0000 7.1995
6.0000 5.5550
6.0000 5.9445
6.0000 6.3260
6.0000 6.6308
6.0000 6.3318
6.0000 6.4838
6.0000 7.2653
6.0000 5.9301
6.0000 6.0478
6.0000 7.5654
6.0000 6.4912
6.0000 6.8923
6.0000 6.7500
6.0000 7.1391
6.0000 6.5154
6.0000 6.9586
6.0000 6.5207
6.0000 6.0458
6.0000 6.1583
6.0000 6.3041
6.0000 7.6983
6.0000 6.5589
6.0000 5.9199
6.0000 6.7371
6.0000 7.0691
6.0000 6.7411
6.0000 6.7324
6.0000 5.9529
6.0000 5.9619
6.0000 7.2475
6.0000 7.0726
6.0000 6.9701
6.0000 6.0742
6.0000 5.6031
6.0000 6.4164
6.0000 6.6291
6.0000 6.0021
6.0000 6.5675
6.0000 7.0627
6.0000 6.1069
6.0000 7.0961
6.0000 6.9745
6.0000 5.8999
6.0000 7.4048
6.0000 7.2691
6.0000 5.7196
6.0000 6.9352
6.0000 6.1512
6.0000 7.3140
6.0000 6.8416
6.0000 6.3408
6.0000 6.9322
6.0000 5.8411
6.0000 7.1854
6.0000 6.6029
6.0000 5.3439
6.0000 6.1292
6.0000 6.4282
6.0000 5.6316
6.0000 6.2164
6.0000 6.0207
6.0000 6.7739
6.0000 6.6972
6.0000 6.2623
6.0000 6.7306
6.0000 7.2158
6.0000 7.5751
6.0000 7.0662
6.0000 5.5931
6.0000 6.9418
6.0000 7.3091
6.0000 6.1469
6.0000 6.4913
6.0000 7.0651
6.0000 6.3853
6.0000 6.5533
6.0000 5.7832
6.0000 6.7660
6.0000 5.8945
6.0000 6.4080
6.0000 6.5519
6.0000 6.9714
6.0000 7.3033
6.0000 6.4556
6.0000 5.3825
6.0000 5.5056
6.0000 6.0552
6.0000 6.0868
6.0000 5.8778
6.0000 7.2942
6.0000 7.5027
6.0000 6.3775
6.0000 5.7821
6.0000 6.5667
6.0000 6.9328
6.0000 6.6531
6.0000 7.2033
6.0000 6.7865
6.0000 6.6801
6.0000 6.8999
6.0000 6.2281
6.0000 6.8812
6.0000 6.9852
6.0000 5.7103
6.0000 6.9956
6.0000 7.5358
6.0000 6.1643
6.0000 6.0829
6.0000 6.4012
6.0000 5.8310
6.0000 5.8577
6.0000 6.0970
6.0000 6.5613
6.0000 6.9173
6.0000 6.6224
6.0000 7.0113
6.0000 7.1950
6.0000 6.9160
6.0000 6.7713
6.0000 6.7398
6.0000 7.3489
6.0000 6.6304
6.0000 6.6900
6.0000 6.3617
6.0000 7.1124
6.0000 7.4996
6.0000 6.0264
6.0000 6.2380
6.0000 6.5502
6.0000 6.6351
6.0000 5.5200
6.0000 6.3827
6.0000 6.5945
6.0000 6.8070
6.0000 6.4882
6.0000 7.2335
6.0000 7.0332
6.0000 6.8256
6.0000 6.3193
6.0000 7.0747
6.0000 6.5740
6.0000 5.3197
6.0000 6.7754
6.0000 6.7149
6.0000 6.0804
6.0000 6.9648
6.0000 5.8394
6.0000 6.4734
6.0000 6.5860
6.0000 6.9900
6.0000 6.1542
6.0000 6.2975
6.0000 6.5320
6.0000 7.8845
6.0000 6.0091
6.0000 6.3054
6.0000 6.2977
6.0000 5.9090
6.0000 6.5623
6.0000 6.4003
6.0000 6.3194
6.0000 6.7245
6.0000 7.2413
6.0000 6.0472
6.0000 7.6198
6.0000 5.3262
6.0000 7.0319
6.0000 6.8700
6.0000 6.4402
6.0000 6.1967
6.0000 7.0172
6.0000 6.4528
6.0000 7.7024
6.0000 6.4501
6.0000 5.9954
6.0000 6.1985
6.0000 6.7928
6.0000 6.2097
6.0000 6.5493
6.0000 7.0546
6.0000 6.4981
6.0000 7.1034
6.0000 6.5229
6.0000 5.8634
6.0000 6.4261
6.0000 6.4336
6.0000 6.9197
6.0000 6.8907
6.0000 7.0376
6.0000 7.3689
6.0000 7.5643
6.0000 6.7040
6.0000 5.9213
6.0000 6.3433
6.0000 5.7474
6.0000 6.4846
6.0000 6.9277
6.0000 6.7414
6.0000 7.2858
6.0000 6.6994
6.0000 6.5364
6.0000 6.0666
6.0000 6.3795
6.0000 6.9815
6.0000 6.6705
6.0000 5.8706
6.0000 6.3310
6.0000 6.4527
6.0000 6.1287
6.0000 6.9833
6.0000 7.0079
6.0000 6.0464
6.0000 6.4761
6.0000 7.1309
6.0000 7.7569
6.0000 6.5784
6.0000 6.3879
6.0000 5.5695
6.0000 7.4921
6.0000 6.9516
6.0000 7.1604
6.0000 6.6750
6.0000 7.1964
6.0000 6.4769
6.0000 6.7938
6.0000 6.1371
6.0000 7.3873
6.0000 6.5428
6.0000 6.8819
6.0000 6.8769
6.0000 6.7132
6.0000 6.6959
6.0000 7.4054
6.0000 5.6889
6.0000 6.2576
6.0000 6.8431
6.0000 6.3820
6.0000 7.1110
6.0000 7.0522
6.0000 5.4757
6.0000 7.2594
6.0000 6.3509
6.0000 7.3183
6.0000 7.0213
6.0000 6.1250
6.0000 7.9691
6.0000 6.1026
6.0000 6.2347
6.0000 5.9607
6.0000 6.4904
6.0000 6.9091
6.0000 6.5641
6.0000 6.3106
6.0000 6.0029
6.0000 6.9891
6.0000 7.2576
6.0000 7.0640
6.0000 8.1808
6.0000 6.4679
6.0000 7.4993
6.0000 6.0896
6.0000 6.9936
6.0000 6.4146
6.0000 6.6698
6.0000 5.6491
6.0000 6.2475
6.0000 6.7324
6.0000 6.5237
6.0000 6.7596
6.0000 7.3473
6.0000 6.3837
6.0000 6.0391
6.0000 5.7772
6.0000 6.1099
6.0000 6.7857
6.0000 6.0108
6.0000 6.6621
6.0000 6.0853
6.0000 6.4347
6.0000 6.2176
6.0000 5.9877
6.0000 7.8989
6.0000 5.7993
6.0000 7.0138
6.0000 6.3361
6.0000 6.6445
6.0000 6.4883
6.0000 6.2572
6.0000 7.4454
6.0000 6.8320
6.0000 6.5236
6.0000 5.9252
6.0000 7.4158
6.0000 6.4356
6.0000 6.5105
6.0000 6.3646
6.0000 5.7671
6.0000 6.6567
6.0000 6.8646
6.0000 6.0657
6.0000 5.3114
6.0000 6.6370
6.0000 6.4585
6.0000 6.3059
6.0000 6.1194
6.0000 6.5138
6.0000 6.9095
6.0000 6.8091
6.0000 5.7386
6.0000 6.1095
6.0000 7.2837
6.0000 6.5672
6.0000 6.2718
6.0000 6.9316
6.0000 6.5696
6.0000 7.8117
6.0000 5.7414
6.0000 6.3706
6.0000 7.2053
6.0000 6.8071
6.0000 5.8757
6.0000 6.8084
6.0000 6.3646
6.0000 6.8365
6.0000 5.9807
6.0000 7.5265
6.0000 6.7536
6.0000 5.5048
6.0000 6.0882
6.0000 6.2954
6.0000 7.3810
6.0000 7.0019
6.0000 7.2622
6.0000 6.4443
6.0000 6.1742
6.0000 7.2488
6.0000 6.0044
6.0000 6.3479
6.0000 6.3836
6.0000 7.2126
6.0000 6.5603
6.0000 6.7218
6.0000 6.1486
6.0000 7.2496
6.0000 5.8839
6.0000 6.6916
6.0000 6.1081
6.0000 6.3809
6.0000 6.9458
6.0000 6.0665
6.0000 6.4297
6.0000 5.8676
6.0000 6.7717
6.0000 6.2330
6.0000 6.2725
6.0000 7.3600
6.0000 6.7810
6.0000 6.9570
6.0000 6.8336
6.0000 6.5212
6.0000 6.9353
6.0000 6.7001
6.0000 6.9735
6.0000 6.3062
6.0000 6.4241
6.0000 6.7178
6.0000 7.1581
6.0000 6.8062
6.0000 5.9792
6.0000 6.6997
6.0000 5.8808
6.0000 6.0884
6.0000 6.5378
6.0000 7.0320
6.0000 7.3450
6.0000 7.3850
6.0000 7.3383
6.0000 5.9271
6.0000 6.9441
6.0000 6.5503
6.0000 6.4501
6.0000 7.0131
6.0000 7.3528
6.0000 6.5663
6.0000 7.3596
6.0000 6.5861
6.0000 6.6429
6.0000 6.6692
6.0000 6.8781
6.0000 6.5078
6.0000 6.3755
6.0000 7.4757
6.0000 5.7345
6.0000 6.3939
6.0000 6.8406
6.0000 6.1435
6.0000 6.8690
6.0000 6.3361
6.0000 5.4563
6.0000 6.0245
6.0000 6.8968
6.0000 6.4126
6.0000 6.7300
6.0000 6.1677
6.0000 6.3798
6.0000 6.3545
6.0000 6.2882
6.0000 6.0971
6.0000 6.5152
6.0000 6.0520
6.0000 5.8438
6.0000 6.7854
6.0000 6.9379
6.0000 7.1938
6.0000 6.7415
6.0000 7.5456
6.0000 5.3083
6.0000 6.8952
6.0000 6.0197
6.0000 7.0105
6.0000 6.8110
6.0000 7.5906
6.0000 5.9765
6.0000 6.8638
6.0000 6.9258
6.0000 8.4341
6.0000 6.0677
6.0000 7.1981
6.0000 6.8848
6.0000 7.0644
6.0000 7.6686
6.0000 5.9622
6.0000 6.9975
6.0000 6.7310
6.0000 5.2877
6.0000 5.7040
6.0000 7.0985
6.0000 5.9124
6.0000 6.8785
6.0000 6.4419
6.0000 6.3772
6.0000 5.6861
6.0000 5.7900
6.0000 7.0594
6.0000 6.1066
6.0000 6.8177
6.0000 7.2454
6.0000 6.9306
6.0000 6.0196
6.0000 6.9480
6.0000 7.3027
6.0000 5.8407
6.0000 6.4619
6.0000 6.0869
6.0000 6.9727
6.0000 6.9476
6.0000 6.8852
6.0000 6.0039
6.0000 6.4261
6.0000 6.7569
6.0000 7.3125
6.0000 7.4037
6.0000 7.0595
6.0000 7.2612
6.0000 6.9707
6.0000 5.5087
6.0000 5.6632
6.0000 7.0647
6.0000 6.5063
6.0000 6.7391
6.0000 7.2247
6.0000 6.3473
6.0000 5.6478
6.0000 7.2580
6.0000 6.0084
6.0000 6.6890
6.0000 6.4295
6.0000 6.9540
6.0000 5.8186
6.0000 6.8874
6.0000 6.8428
6.0000 7.1801
6.0000 7.1461
6.0000 5.9417
6.0000 5.6927
6.0000 6.5422
6.0000 5.5780
6.0000 6.4239
6.0000 6.2866
6.0000 7.1374
6.0000 5.8239
6.0000 7.0128
6.0000 6.4897
6.0000 5.6252
6.0000 6.5664
6.0000 5.9769
6.0000 6.7235
6.0000 7.6269
6.0000 6.0763
6.0000 6.7162
6.0000 6.9645
6.0000 7.1577
6.0000 6.6117
6.0000 6.9914
6.0000 6.0864
6.0000 7.6193
6.0000 5.8832
6.0000 7.3676
6.0000 6.7490
6.0000 7.1685
6.0000 5.1206
6.0000 6.4299
6.0000 7.4487
6.0000 5.8273
6.0000 6.4854
6.0000 6.1763
6.0000 6.0924
6.0000 7.4867
6.0000 7.6432
6.0000 6.3872
6.0000 5.5488
6.0000 6.1498
6.0000 7.0003
6.0000 7.0585
6.0000 6.9384
6.0000 6.7757
6.0000 6.9540
6.0000 6.5554
6.0000 6.3996
6.0000 7.2048
6.0000 6.0620
6.0000 6.4959
6.0000 6.1548
6.0000 6.3175
6.0000 5.8880
6.0000 5.9321
6.0000 7.2164
6.0000 6.7655
6.0000 6.1596
6.0000 6.6997
6.0000 5.9169
6.0000 6.4029
6.0000 6.8055
6.0000 6.3809
6.0000 6.8431
6.0000 7.0077
6.0000 5.9365
6.0000 5.2947
6.0000 6.9463
6.0000 7.1921
6.0000 7.1930
6.0000 6.5077
6.0000 6.1074
6.0000 7.4342
6.0000 6.3780
6.0000 7.4687
6.0000 6.8641
6.0000 6.8639
6.0000 6.3092
6.0000 6.0597
6.0000 7.9441
6.0000 5.9665
6.0000 6.4040
6.0000 6.7134
6.0000 7.1972
6.0000 6.9302
6.0000 6.7165
6.0000 5.5282
6.0000 6.9765
6.0000 6.7329
6.0000 6.5755
6.0000 7.2374
6.0000 7.6336
6.0000 6.4683
6.0000 6.6542
6.0000 6.7592
6.0000 6.7641
6.0000 6.4317
6.0000 5.6217
6.0000 6.6119
6.0000 6.1853
6.0000 7.4643
6.0000 6.5559
6.0000 7.5662
6.0000 6.8275
6.0000 7.3625
6.0000 6.5673
6.0000 6.8776
6.0000 6.9025
6.0000 6.5522
6.0000 6.9120
6.0000 6.0142
6.0000 5.7561
6.0000 5.6774
6.0000 5.6194
6.0000 6.6246
6.0000 6.6924
6.0000 7.3649
6.0000 7.1773
6.0000 7.2947
6.0000 6.4195
6.0000 7.6601
6.0000 6.8188
6.0000 6.2373
6.0000 6.7732
6.0000 6.8410
6.0000 6.5814
6.0000 6.9417
6.0000 7.1316
6.0000 6.6236
6.0000 6.3334
6.0000 5.7646
6.0000 5.9850
6.0000 6.2478
6.0000 5.3441
6.0000 7.1601
6.0000 6.4191
6.0000 6.6271
6.0000 6.4178
6.0000 6.8585
6.0000 5.9840
6.0000 6.0447
6.0000 6.8078
6.0000 7.0250
6.0000 7.3070
6.0000 6.2019
6.0000 6.1077
6.0000 6.7416
6.0000 6.5161
6.0000 5.9920
6.0000 6.1790
6.0000 6.3726
6.0000 6.7355
6.0000 5.5967
6.0000 6.6284
6.0000 7.1240
6.0000 7.8876
6.0000 7.1961
6.0000 7.4269
6.0000 8.0399
6.0000 5.9956
6.0000 6.6816
6.0000 7.1189
6.0000 7.3817
6.0000 7.5549
6.0000 6.5441
6.0000 7.0962
6.0000 5.8932
6.0000 6.9970
6.0000 6.6015
6.0000 6.9591
6.0000 6.0362
6.0000 6.3448
6.0000 6.0707
6.0000 6.0449
6.0000 5.9873
6.0000 7.4317
6.0000 6.6373
6.0000 7.1469
6.0000 6.5063
6.0000 6.8169
6.0000 8.5150
6.0000 6.1170
6.0000 7.2179
6.0000 7.2853
6.0000 5.7295
6.0000 7.0877
6.0000 6.5751
6.0000 6.3380
6.0000 6.7301
6.0000 5.9409
6.0000 6.9319
6.0000 5.7805
6.0000 6.3461
6.0000 8.0143
6.0000 6.1353
6.0000 7.0293
6.0000 7.1457
6.0000 7.1527
6.0000 7.1291
6.0000 6.3942
6.0000 6.6106
6.0000 6.8835
6.0000 5.5474
6.0000 7.3207
6.0000 6.1138
6.0000 6.7528
6.0000 7.3872
6.0000 8.1048
6.0000 7.2654
6.0000 6.9022
6.0000 6.9292
6.0000 6.3290
6.0000 6.5968
6.0000 5.3685
6.0000 7.0522
6.0000 6.2348
6.0000 7.2219
6.0000 6.0193
6.0000 7.5079
6.0000 7.0345
6.0000 6.6211
6.0000 6.3360
6.0000 7.0838
6.0000 6.6840
6.0000 6.6242
6.0000 6.7830
6.0000 6.1712
6.0000 7.3283
6.0000 5.7848
6.0000 6.5784
6.0000 5.3630
6.0000 5.9352
6.0000 7.1031
6.0000 7.3925
6.0000 6.5817
6.0000 6.9168
6.0000 7.3029
6.0000 6.2556
6.0000 6.2399
6.0000 6.4597
6.0000 6.8636
6.0000 7.1042
6.0000 6.2038
6.0000 6.1522
6.0000 6.8437
6.0000 6.6114
6.0000 7.0276
6.0000 6.4031
6.0000 6.8861
6.0000 6.4493
6.0000 5.9297
6.0000 5.9946
6.0000 8.0375
6.0000 6.5923
6.0000 6.2018
6.0000 6.0659
6.0000 5.8426
6.0000 7.2172
6.0000 6.6873
6.0000 6.8837
6.0000 7.0475
6.0000 6.4335
6.0000 6.6091
6.0000 6.5329
6.0000 6.9160
6.0000 6.7768
6.0000 6.7250
6.0000 6.8779
6.0000 6.5911
6.0000 7.4767
6.0000 6.2210
6.0000 5.6674
6.0000 6.1908
6.0000 6.0853
6.0000 6.3575
6.0000 5.8515
6.0000 7.0328
6.0000 6.6405
6.0000 7.0827
6.0000 4.8478
6.0000 7.1754
6.0000 6.8289
6.0000 6.8678
6.0000 7.1780
6.0000 5.9756
6.0000 6.9720
6.0000 7.5925
6.0000 7.3446
6.0000 7.1835
6.0000 6.2185
6.0000 6.9492
6.0000 6.0960
6.0000 6.0270
6.0000 6.9957
6.0000 7.3696
6.0000 7.3254
6.0000 6.5286
6.0000 7.0488
6.0000 6.3808
6.0000 5.8276
6.0000 6.9977
6.0000 6.4281
6.0000 6.1182
6.0000 5.3556
6.0000 6.2243
6.0000 5.9534
6.0000 6.8514
6.0000 6.6960
6.0000 5.7311
6.0000 5.4164
6.0000 6.3366
6.0000 7.0624
6.0000 5.9026
6.0000 6.1824
6.0000 6.2097
6.0000 7.1834
6.0000 6.4893
6.0000 6.0602
6.0000 6.0410
6.0000 7.4748
6.0000 6.3669
6.0000 6.3504
6.0000 7.6856
6.0000 6.9842
6.0000 8.0134
6.0000 6.1934
6.0000 5.9002
6.0000 6.1797
6.0000 7.1058
6.0000 5.6760
6.0000 6.6191
6.0000 7.1914
6.0000 6.9057
6.0000 6.5922
6.0000 6.5602
6.0000 6.6170
6.0000 7.1401
6.0000 6.1693
6.0000 6.9783
6.0000 6.7251
6.0000 7.4472
6.0000 6.9198
6.0000 6.9767
6.0000 8.1249
6.0000 6.7613
6.0000 6.6552
6.0000 7.2187
6.0000 6.5472
6.0000 6.7517
6.0000 6.9524
6.0000 6.7450
6.0000 6.8470
6.0000 6.4950
6.0000 6.8648
6.0000 6.5893
6.0000 6.9639
6.0000 6.1102
6.0000 6.6102
6.0000 6.8039
6.0000 6.0977
6.0000 5.9565
6.0000 7.1008
6.0000 6.4448
6.0000 7.9638
6.0000 6.5079
6.0000 5.8268
6.0000 7.2008
6.0000 7.3683
6.0000 6.7278
6.0000 7.2448
6.0000 6.0917
6.0000 7.3577
6.0000 7.4709
6.0000 6.9019
6.0000 6.5540
6.0000 6.8969
6.0000 6.1154
6.0000 6.0143
6.0000 7.0315
6.0000 7.0313
6.0000 6.7605
6.0000 7.3859
6.0000 7.0503
6.0000 6.9135
6.0000 7.2568
6.0000 6.9005
6.0000 7.6104
6.0000 6.5569
6.0000 6.3674
6.0000 6.3795
6.0000 5.9892
6.0000 6.7781
6.0000 7.2557
6.0000 6.8061
6.0000 6.7964
6.0000 6.1844
6.0000 6.7704
6.0000 6.3504
6.0000 6.0893
6.0000 6.5161
6.0000 6.8149
6.0000 6.9550
6.0000 7.0937
6.0000 7.5612
6.0000 6.1365
6.0000 6.6243
6.0000 6.8363
6.0000 5.9230
6.0000 6.1283
6.0000 6.3314
6.0000 7.4695
6.0000 6.8654
6.0000 7.4318
6.0000 6.5724
6.0000 6.6285
6.0000 8.4793
6.0000 7.2969
6.0000 6.5584
6.0000 6.3094
6.0000 8.2633
6.0000 6.3407
6.0000 7.1012
6.0000 6.7318
6.0000 6.8698
6.0000 6.7972
6.0000 6.7578
6.0000 6.9408
6.0000 6.2504
6.0000 6.5380
6.0000 6.5602
6.0000 6.8156
6.0000 6.4673
6.0000 7.0794
6.0000 7.0067
6.0000 5.6270
6.0000 6.8943
6.0000 7.0720
6.0000 6.5610
6.0000 6.8980
6.0000 6.5595
6.0000 7.3472
6.0000 6.3778
6.0000 7.4460
6.0000 5.8832
6.0000 7.5561
6.0000 6.2986
6.0000 5.6777
6.0000 6.0941
6.0000 7.0914
6.0000 5.7690
6.0000 6.8695
6.0000 6.9310
6.0000 6.3582
6.0000 6.1178
6.0000 5.5650
6.0000 7.1383
6.0000 6.0435
6.0000 6.5024
6.0000 6.4176
6.0000 6.9004
6.0000 6.7509
6.0000 6.5184
6.0000 7.2823
6.0000 5.5985
6.0000 6.5730
6.0000 6.5194
6.0000 7.1962
6.0000 6.8949
6.0000 7.7086
6.0000 5.5867
6.0000 7.1146
6.0000 6.7369
6.0000 7.7890
6.0000 7.7519
6.0000 6.7379
6.0000 6.6450
6.0000 7.2427
6.0000 6.4583
6.0000 5.9139
6.0000 7.1738
6.0000 6.5157
6.0000 6.9673
6.0000 6.4783
6.0000 6.3069
6.0000 6.0348
6.0000 6.1696
6.0000 5.4936
6.0000 6.3090
6.0000 6.1173
6.0000 7.1594
6.0000 7.7192
6.0000 6.7811
6.0000 5.2584
6.0000 6.0528
6.0000 6.9845
6.0000 7.4943
6.0000 6.2715
6.0000 6.5433
6.0000 6.5027
6.0000 7.0236
6.0000 7.0293
6.0000 6.6895
6.0000 7.2237
6.0000 7.2850
6.0000 6.1034
6.0000 7.7537
6.0000 6.5706
6.0000 6.5549
6.0000 6.5908
6.0000 7.3296
6.0000 6.0890
6.0000 6.7532
6.0000 6.1435
6.0000 6.7608
6.0000 6.5069
6.0000 7.9792
6.0000 6.2403
6.0000 7.1244
6.0000 6.3588
6.0000 7.2817
6.0000 6.6868
6.0000 6.2558
6.0000 6.6085
6.0000 6.6228
6.0000 7.2684
6.0000 6.1777
6.0000 7.0653
6.0000 6.1381
6.0000 7.4034
6.0000 6.3036
6.0000 7.4147
6.0000 6.1905
6.0000 6.5185
6.0000 6.5692
6.0000 6.7911
6.0000 7.1044
6.0000 6.8280
6.0000 7.3865
6.0000 6.4340
6.0000 5.9426
6.0000 6.4022
6.0000 6.9045
6.0000 7.0528
6.0000 6.8576
6.0000 6.3190
6.0000 6.3563
6.0000 6.6622
6.0000 6.5490
6.0000 7.6294
6.0000 8.0747
6.0000 7.7846
6.0000 7.3422
6.0000 6.4937
6.0000 6.3446
6.0000 6.9174
6.0000 5.9812
6.0000 6.4763
6.0000 6.5870
6.0000 6.2924
6.0000 6.6987
6.0000 6.7176
6.0000 6.2501
6.0000 6.3359
6.0000 6.6351
6.0000 6.7139
6.0000 6.9944
6.0000 6.6184
6.0000 6.2675
6.0000 5.8229
6.0000 7.0560
6.0000 7.5766
6.0000 5.4747
6.0000 7.1449
6.0000 7.5195
6.0000 7.3692
6.0000 6.3292
6.0000 6.4935
6.0000 6.5928
6.0000 7.3047
6.0000 6.5364
6.0000 5.6838
6.0000 6.6811
6.0000 6.4380
6.0000 6.6595
6.0000 6.8897
6.0000 6.8932
6.0000 6.7760
6.0000 6.6250
6.0000 6.8906
6.0000 7.1158
6.0000 7.4618
6.0000 5.6863
6.0000 6.1487
6.0000 6.4861
6.0000 6.6137
6.0000 6.5269
6.0000 6.1963
6.0000 6.7084
6.0000 6.3537
6.0000 5.4139
6.0000 7.3886
6.0000 7.3706
6.0000 6.3672
6.0000 7.6406
6.0000 7.0983
6.0000 7.5201
6.0000 6.9461
6.0000 6.4347
6.0000 6.5843
6.0000 6.4620
6.0000 7.3397
6.0000 6.4983
6.0000 5.9727
6.0000 6.8213
6.0000 6.7572
6.0000 6.9807
6.0000 7.6229
6.0000 6.6820
6.0000 6.2641
6.0000 6.1694
6.0000 6.3213
6.0000 6.1226
6.0000 7.2333
6.0000 6.5295
6.0000 6.5167
6.0000 6.4483
6.0000 6.7623
6.0000 6.4486
6.0000 5.9676
6.0000 6.8533
6.0000 6.8880
6.0000 6.7256
6.0000 7.1578
6.0000 6.1557
6.0000 7.3517
6.0000 6.2526
6.0000 5.8647
6.0000 5.6233
6.0000 6.7863
6.0000 6.6038
6.0000 6.7124
6.0000 6.9631
6.0000 5.2484
6.0000 6.7035
6.0000 6.1030
6.0000 5.8195
6.0000 7.0983
6.0000 6.5981
6.0000 6.8081
6.0000 5.5734
6.0000 6.0100
6.0000 5.8124
6.0000 6.5216
6.0000 6.4823
6.0000 6.2571
6.0000 6.4014
6.0000 7.4624
6.0000 5.9377
6.0000 5.8770
6.0000 6.4564
6.0000 6.4349
6.0000 6.4409
6.0000 7.2900
6.0000 6.7137
6.0000 5.6762
6.0000 7.1600
6.0000 6.9766
6.0000 6.1828
6.0000 7.1348
6.0000 6.3777
6.0000 6.7614
6.0000 7.3748
6.0000 6.2115
6.0000 5.4661
6.0000 6.9987
6.0000 7.0953
6.0000 7.2278
6.0000 7.4082
6.0000 7.3438
6.0000 6.6560
6.0000 6.3311
6.0000 6.9153
6.0000 7.5149
6.0000 7.1435
6.0000 5.7424
6.0000 6.7233
6.0000 6.9563
6.0000 7.0417
6.0000 6.3938
6.0000 6.6826
6.0000 7.0912
6.0000 6.4771
6.0000 5.5867
6.0000 6.9741
6.0000 6.8793
6.0000 6.5992
6.0000 6.4714
6.0000 6.1714
6.0000 6.6817
6.0000 6.5137
6.0000 6.1677
6.0000 5.8606
6.0000 6.3675
6.0000 7.0998
6.0000 7.3089
6.0000 6.6527
6.0000 6.9693
6.0000 6.9658
6.0000 7.3255
6.0000 6.9525
6.0000 6.8970
6.0000 6.0454
6.0000 6.7601
6.0000 7.0776
6.0000 6.5879
6.0000 6.3354
6.0000 6.8805
6.0000 5.8390
6.0000 6.3215
6.0000 6.9506
6.0000 6.5001
6.0000 6.7437
6.0000 5.4551
6.0000 6.8276
6.0000 5.8586
6.0000 6.5835
6.0000 6.4660
6.0000 7.0577
6.0000 6.5259
6.0000 6.0812
6.0000 7.0181
6.0000 6.3893
6.0000 7.3469
6.0000 6.3176
6.0000 6.2282
6.0000 7.6893
6.0000 6.2925
6.0000 6.6446
6.0000 6.3692
6.0000 6.0952
6.0000 6.1946
6.0000 7.3983
6.0000 7.2064
6.0000 5.4691
6.0000 6.8475
6.0000 5.5411
6.0000 6.1054
6.0000 5.4464
6.0000 5.9106
6.0000 7.4798
6.0000 6.8310
6.0000 6.3642
6.0000 6.2034
6.0000 7.3878
6.0000 6.4282
6.0000 6.3425
6.0000 6.5304
6.0000 6.4035
6.0000 6.8188
6.0000 6.3195
6.0000 7.0511
6.0000 6.6197
6.0000 6.6877
6.0000 6.8297
6.0000 7.1951
6.0000 5.8868
6.0000 6.8969
6.0000 6.0947
6.0000 5.8031
6.0000 5.8462
6.0000 6.6352
6.0000 6.1778
6.0000 6.4301
6.0000 6.6239
6.0000 6.2867
6.0000 7.0650
6.0000 6.1962
6.0000 6.7169
6.0000 6.6052
6.0000 6.6694
6.0000 6.1357
6.0000 7.1564
6.0000 6.5234
6.0000 6.5397
6.0000 6.2345
6.0000 7.1725
6.0000 6.0709
6.0000 6.7298
6.0000 6.3550
6.0000 6.0790
6.0000 7.0767
6.0000 6.3671
6.0000 6.0243
6.0000 6.9835
6.0000 7.1132
6.0000 6.6515
6.0000 6.0607
6.0000 6.5025
6.0000 6.9216
6.0000 6.5635
6.0000 6.6285
6.0000 6.8355
6.0000 6.2190
6.0000 7.2879
6.0000 5.1621
6.0000 7.0262
6.0000 6.7180
6.0000 7.4500
6.0000 6.4019
6.0000 6.6523
6.0000 6.6674
6.0000 5.9556
6.0000 7.0616
6.0000 6.7321
6.0000 6.4984
6.0000 6.5970
6.0000 7.0971
6.0000 6.5637
6.0000 7.0091
6.0000 6.6240
6.0000 7.6296
6.0000 6.5675
6.0000 6.5871
6.0000 7.0105
6.0000 6.7959
6.0000 7.4337
6.0000 6.9024
6.0000 7.0154
6.0000 7.6770
6.0000 5.4150
6.0000 6.2666
6.0000 5.6458
6.0000 6.6217
6.0000 7.1347
6.0000 7.0850
6.0000 7.2230
6.0000 6.0198
6.0000 6.0558
6.0000 6.5084
6.0000 7.2243
6.0000 6.2060
6.0000 6.3180
6.0000 7.0309
6.0000 6.2042
6.0000 7.1516
6.0000 7.1727
6.0000 5.9781
6.0000 7.6985
6.0000 5.9341
6.0000 7.0950
6.0000 7.6016
6.0000 6.7070
6.0000 5.1713
6.0000 6.4304
6.0000 6.3103
6.0000 6.4426
6.0000 6.3155
6.0000 6.1693
6.0000 6.0512
6.0000 7.0107
6.0000 6.7659
6.0000 6.4314
6.0000 6.8213
6.0000 7.1407
6.0000 7.1679
6.0000 6.9561
6.0000 5.9267
6.0000 5.9746
6.0000 7.3421
6.0000 6.0515
6.0000 6.4379
6.0000 7.6226
6.0000 6.4863
6.0000 6.9799
6.0000 7.1764
6.0000 6.3596
6.0000 7.1660
6.0000 6.5232
6.0000 6.9537
6.0000 6.9810
6.0000 6.8834
6.0000 6.5674
6.0000 6.5870
6.0000 7.3421
6.0000 7.5093
6.0000 5.1598
6.0000 5.6361
6.0000 7.0249
6.0000 7.9320
6.0000 5.9645
6.0000 6.8152
6.0000 5.7123
6.0000 6.3061
6.0000 7.1315
6.0000 6.0000
6.0000 6.7024
6.0000 6.8495
6.0000 5.8857
6.0000 7.1750
6.0000 6.6656
6.0000 6.4182
6.0000 6.0953
6.0000 6.7350
6.0000 6.1482
6.0000 7.0880
6.0000 6.4417
6.0000 7.3277
6.0000 6.4536
6.0000 7.1480
6.0000 5.9320
6.0000 6.4283
6.0000 6.9766
6.0000 6.9799
6.0000 7.1893
6.0000 5.5538
6.0000 6.8761
6.0000 7.2723
6.0000 6.8673
6.0000 6.9797
6.0000 6.6798
6.0000 6.8173
6.0000 6.5169
6.0000 6.8430
6.0000 7.0538
6.0000 6.5518
6.0000 7.4163
6.0000 6.3066
6.0000 5.9397
6.0000 6.0998
6.0000 5.6189
6.0000 6.3582
6.0000 6.5237
6.0000 6.3451
6.0000 7.5470
6.0000 7.1365
6.0000 6.6085
6.0000 5.8158
6.0000 6.7140
6.0000 7.0427
6.0000 6.4709
6.0000 7.2160
6.0000 6.8523
6.0000 7.1751
6.0000 7.6718
6.0000 6.8106
6.0000 5.9178
6.0000 5.8816
6.0000 6.1238
6.0000 6.2215
6.0000 7.0506
6.0000 6.0481
6.0000 7.0743
6.0000 6.4962
6.0000 5.8586
6.0000 6.1008
6.0000 8.0342
6.0000 6.2825
6.0000 6.9387
6.0000 6.6514
6.0000 7.5669
6.0000 6.5588
6.0000 6.7356
6.0000 6.1067
6.0000 6.6764
6.0000 6.6739
6.0000 6.7279
6.0000 6.2528
6.0000 7.5907
6.0000 6.0170
6.0000 6.9902
6.0000 7.4977
6.0000 5.7290
6.0000 6.0716
6.0000 5.5746
6.0000 5.8718
6.0000 6.9302
6.0000 5.9386
6.0000 6.7155
6.0000 6.9413
6.0000 7.2081
6.0000 6.7544
6.0000 6.9682
6.0000 6.4022
6.0000 7.7174
6.0000 6.0402
6.0000 6.7677
6.0000 6.5919
6.0000 6.6630
6.0000 5.6348
6.0000 6.8297
6.0000 6.9793
6.0000 5.6208
6.0000 6.8812
6.0000 7.6506
6.0000 5.7931
6.0000 6.3599
6.0000 7.1971
6.0000 6.3213
6.0000 6.7844
6.0000 7.0380
6.0000 6.1074
6.0000 6.9863
6.0000 7.0441
6.0000 6.6019
6.0000 7.2507
6.0000 7.1040
6.0000 5.6609
6.0000 6.0557
6.0000 5.9446
6.0000 6.4419
6.0000 6.4107
6.0000 7.6276
6.0000 7.4210
6.0000 6.4891
6.0000 6.9741
6.0000 6.9733
6.0000 6.2789
6.0000 6.5687
6.0000 7.5016
6.0000 7.7912
6.0000 6.3063
6.0000 5.7995
6.0000 6.6462
6.0000 6.6756
6.0000 6.6350
6.0000 6.6159
6.0000 6.7508
6.0000 6.1277
6.0000 5.8591
6.0000 7.3079
6.0000 6.7542
6.0000 7.1492
6.0000 7.1480
6.0000 6.8219
6.0000 7.1392
6.0000 6.5786
6.0000 6.4658
6.0000 5.4606
6.0000 6.9876
6.0000 5.4875
6.0000 6.1320
6.0000 6.7325
6.0000 7.7319
6.0000 7.1800
6.0000 5.7797
6.0000 6.4808
6.0000 6.8879
6.0000 6.9900
6.0000 5.0715
6.0000 6.0370
6.0000 6.4701
6.0000 6.2382
6.0000 6.7551
6.0000 6.6640
6.0000 6.3157
6.0000 5.6747
6.0000 6.5414
6.0000 6.1987
6.0000 6.3182
6.0000 6.6439
6.0000 6.6382
6.0000 7.2109
6.0000 6.5647
6.0000 6.6014
6.0000 6.0789
6.0000 6.4549
6.0000 5.5573
6.0000 5.9204
6.0000 6.7547
6.0000 6.9519
6.0000 6.5285
6.0000 8.0550
6.0000 6.6757
6.0000 6.8310
6.0000 6.4330
6.0000 6.8410
6.0000 7.5994
6.0000 6.4578
6.0000 6.5043
6.0000 6.3606
6.0000 6.4666
6.0000 6.7694
6.0000 6.2824
6.0000 5.6066
6.0000 7.3720
6.0000 7.0317
6.0000 5.8530
6.0000 7.1208
6.0000 6.6921
6.0000 7.7219
6.0000 5.9829
6.0000 6.6052
6.0000 7.2845
6.0000 5.9251
6.0000 6.8442
6.0000 6.9957
6.0000 6.9554
6.0000 6.1016
6.0000 6.4200
6.0000 6.8606
6.0000 7.4916
6.0000 6.0591
6.0000 6.5279
6.0000 6.5105
6.0000 6.0092
6.0000 6.7454
6.0000 7.4010
6.0000 6.4623
6.0000 6.4790
6.0000 6.8124
6.0000 7.4185
6.0000 5.9139
6.0000 7.0808
6.0000 6.9047
6.0000 6.9067
6.0000 6.9027
6.0000 6.4938
6.0000 6.6249
6.0000 7.2788
6.0000 6.6682
6.0000 6.8765
6.0000 5.4534
6.0000 7.1112
6.0000 6.1963
6.0000 6.4338
6.0000 7.9374
6.0000 5.9385
6.0000 6.8896
6.0000 6.5995
6.0000 6.4007
6.0000 6.8934
6.0000 6.2859
6.0000 7.1120
6.0000 5.3687
6.0000 7.3365
6.0000 6.2697
6.0000 7.2002
6.0000 5.7166
6.0000 6.7786
6.0000 6.4698
6.0000 7.4907
6.0000 6.5168
6.0000 5.9719
6.0000 6.8730
6.0000 6.5734
6.0000 7.0530
6.0000 7.1580
6.0000 6.0381
6.0000 6.1582
6.0000 6.9125
6.0000 7.1199
6.0000 6.4066
6.0000 6.6642
6.0000 6.4349
6.0000 6.8181
6.0000 6.4615
6.0000 6.0810
6.0000 7.4445
6.0000 7.2533
6.0000 7.0498
6.0000 5.9914
6.0000 6.4598
6.0000 6.9400
6.0000 5.5442
6.0000 5.6909
6.0000 7.2448
6.0000 6.3990
6.0000 5.9619
6.0000 6.6380
6.0000 7.5791
6.0000 7.4866
6.0000 6.5458
6.0000 5.6188
6.0000 6.5560
6.0000 6.0140
6.0000 7.2498
6.0000 6.9851
6.0000 5.6189
6.0000 6.0524
6.0000 7.1670
6.0000 6.0010
6.0000 5.9072
6.0000 6.6174
6.0000 6.1570
6.0000 6.8267
6.0000 7.2067
6.0000 6.9919
6.0000 6.7230
6.0000 6.5073
6.0000 6.5324
6.0000 6.5186
6.0000 5.9317
6.0000 6.8011
6.0000 6.0528
6.0000 6.2153
6.0000 7.3181
6.0000 6.9862
6.0000 6.7358
6.0000 7.5100
6.0000 7.4474
6.0000 6.0675
6.0000 7.0227
6.0000 6.6003
6.0000 5.9092
6.0000 6.3346
6.0000 7.1258
6.0000 6.3741
6.0000 6.2261
6.0000 6.2722
6.0000 6.8791
6.0000 6.0828
6.0000 7.1529
6.0000 6.7268
6.0000 6.3198
6.0000 6.9546
6.0000 7.1722
6.0000 6.9706
6.0000 5.8990
6.0000 7.5515
6.0000 6.3758
6.0000 5.6088
6.0000 6.8360
6.0000 5.8023
6.0000 6.2337
6.0000 6.9478
6.0000 6.2036
6.0000 6.1868
6.0000 6.4643
6.0000 7.1035
6.0000 6.7286
6.0000 6.7255
6.0000 7.0565
6.0000 6.4207
6.0000 6.5613
6.0000 6.3033
6.0000 6.5207
6.0000 6.6257
6.0000 7.1279
6.0000 7.2767
6.0000 7.4546
6.0000 6.7083
6.0000 6.7604
6.0000 8.1284
6.0000 6.5168
6.0000 7.3657
6.0000 7.9559
6.0000 6.7681
6.0000 6.0827
6.0000 6.6391
6.0000 6.4710
6.0000 6.0939
6.0000 6.4573
6.0000 7.1153
6.0000 6.2236
6.0000 6.7837
6.0000 7.0054
6.0000 6.0955
6.0000 6.3297
6.0000 6.4447
6.0000 5.1489
6.0000 6.3288
6.0000 7.1584
6.0000 7.6347
6.0000 6.2184
6.0000 6.4316
6.0000 6.3290
