1.0000 2.1670
1.0000 1.5683
1.0000 2.1431
1.0000 1.4202
1.0000 1.7214
1.0000 0.8827
1.0000 1.3211
1.0000 2.2579
1.0000 2.2206
1.0000 1.6923
1.0000 1.0777
1.0000 0.3944
1.0000 1.3328
1.0000 1.1000
1.0000 1.8361
1.0000 1.7470
1.0000 1.4215
1.0000 2.2636
1.0000 1.5953
1.0000 1.9726
1.0000 2.1344
1.0000 1.6630
1.0000 2.0122
1.0000 1.9590
1.0000 2.8505
1.0000 1.8309
1.0000 1.5254
1.0000 3.7041
1.0000 2.7331
1.0000 1.1204
1.0000 0.7225
1.0000 2.0446
1.0000 1.7412
1.0000 1.6344
1.0000 1.7867
1.0000 1.9294
1.0000 1.3917
1.0000 2.3599
1.0000 1.7614
1.0000 2.1897
1.0000 2.8460
1.0000 1.6421
1.0000 2.1103
1.0000 1.4234
1.0000 1.8492
1.0000 2.9239
1.0000 2.7482
1.0000 2.1056
1.0000 2.6005
1.0000 1.3747
1.0000 1.7648
1.0000 1.6303
1.0000 1.8994
1.0000 1.4553
1.0000 2.0179
1.0000 2.2312
1.0000 2.6654
1.0000 1.1459
1.0000 2.0922
1.0000 2.0022
1.0000 1.7538
1.0000 1.8402
1.0000 1.9116
1.0000 1.6652
1.0000 1.8741
1.0000 2.0988
1.0000 1.5540
1.0000 1.0554
1.0000 1.1705
1.0000 1.4088
1.0000 1.5709
1.0000 2.0511
1.0000 1.7683
1.0000 2.8876
1.0000 2.3258
1.0000 1.5846
1.0000 0.8816
1.0000 2.2064
1.0000 2.3645
1.0000 0.1891
1.0000 2.5636
1.0000 2.1515
1.0000 1.6669
1.0000 1.6003
1.0000 1.4000
1.0000 2.4182
1.0000 1.7685
1.0000 1.7864
1.0000 1.6654
1.0000 2.0705
1.0000 1.8953
1.0000 0.9274
1.0000 1.5514
1.0000 1.6482
1.0000 1.0576
1.0000 2.3995
1.0000 1.0961
1.0000 2.1093
1.0000 2.3496
1.0000 1.7924
1.0000 0.8373
1.0000 1.8952
1.0000 2.2089
1.0000 0.8775
1.0000 1.5389
1.0000 1.5229
1.0000 1.9973
1.0000 1.4763
1.0000 3.0004
1.0000 1.9803
1.0000 2.4596
1.0000 2.5757
1.0000 2.2638
1.0000 1.3057
1.0000 2.5143
1.0000 1.0730
1.0000 1.2755
1.0000 1.4162
1.0000 2.7079
1.0000 2.5781
1.0000 2.0173
1.0000 1.9768
1.0000 1.5115
1.0000 1.1727
1.0000 1.5939
1.0000 1.8170
1.0000 0.4924
1.0000 1.2523
1.0000 2.7283
1.0000 2.5255
1.0000 1.3107
1.0000 1.2666
1.0000 2.0614
1.0000 2.2642
1.0000 1.5219
1.0000 1.8303
1.0000 2.2423
1.0000 2.7259
1.0000 2.4486
1.0000 0.8218
1.0000 1.7193
1.0000 1.3314
1.0000 1.4864
1.0000 1.2405
1.0000 1.3234
1.0000 1.6649
1.0000 1.8870
1.0000 1.7238
1.0000 2.5276
1.0000 1.1180
1.0000 2.0915
1.0000 1.5570
1.0000 2.6548
1.0000 0.2032
1.0000 1.4521
1.0000 0.8198
1.0000 2.2604
1.0000 1.4989
1.0000 1.8368
1.0000 2.0297
1.0000 2.0550
1.0000 2.0386
1.0000 0.9047
1.0000 2.3162
1.0000 1.3065
1.0000 1.3524
1.0000 1.8298
1.0000 2.1326
1.0000 2.8937
1.0000 2.3059
1.0000 2.1286
1.0000 0.8950
1.0000 2.1131
1.0000 2.7355
1.0000 1.0820
1.0000 0.4681
1.0000 1.3934
1.0000 2.5714
1.0000 1.9048
1.0000 1.2684
1.0000 1.5533
1.0000 1.6136
1.0000 2.4590
1.0000 1.9557
1.0000 1.4170
1.0000 2.0230
1.0000 1.9883
1.0000 1.8409
1.0000 1.2232
1.0000 1.3442
1.0000 2.3547
1.0000 1.5113
1.0000 2.8388
1.0000 0.9480
1.0000 1.2971
1.0000 1.6713
1.0000 0.9752
1.0000 1.6943
1.0000 2.8079
1.0000 2.1535
1.0000 1.8187
1.0000 1.5000
1.0000 1.8276
1.0000 0.7555
1.0000 0.8256
1.0000 1.9308
1.0000 1.7435
1.0000 2.2270
1.0000 1.9300
1.0000 1.3680
1.0000 1.9500
1.0000 1.4695
1.0000 1.9957
1.0000 1.9420
1.0000 1.8439
1.0000 1.5178
1.0000 2.5890
1.0000 2.2090
1.0000 1.4155
1.0000 1.7264
1.0000 1.9114
1.0000 3.3049
1.0000 0.5925
1.0000 1.8102
1.0000 2.7529
1.0000 1.2546
1.0000 1.6671
1.0000 2.2560
1.0000 2.7261
1.0000 1.9231
1.0000 1.3417
1.0000 1.7290
1.0000 2.5487
1.0000 1.4326
1.0000 2.2739
1.0000 2.0350
1.0000 2.4856
1.0000 0.7307
1.0000 1.8023
1.0000 2.0662
1.0000 1.3844
1.0000 1.2165
1.0000 1.3757
1.0000 1.2196
1.0000 2.4632
1.0000 1.9932
1.0000 1.3470
1.0000 1.9683
1.0000 2.5323
1.0000 0.8979
1.0000 2.6580
1.0000 2.8900
1.0000 2.4699
1.0000 2.5696
1.0000 1.3953
1.0000 3.3707
1.0000 2.0853
1.0000 1.5295
1.0000 1.1928
1.0000 1.4229
1.0000 1.6184
1.0000 2.3118
1.0000 1.5449
1.0000 2.0967
1.0000 2.3359
1.0000 1.3502
1.0000 2.5238
1.0000 1.3668
1.0000 1.1217
1.0000 1.8695
1.0000 1.9986
1.0000 1.3178
1.0000 1.6430
1.0000 2.0565
1.0000 2.0059
1.0000 2.2872
1.0000 1.4057
1.0000 1.8942
1.0000 1.0901
1.0000 0.2118
1.0000 1.7898
1.0000 1.2125
1.0000 2.6554
1.0000 1.9316
1.0000 2.2282
1.0000 2.5377
1.0000 2.7101
1.0000 2.5679
1.0000 2.0924
1.0000 1.2868
1.0000 1.5874
1.0000 1.5633
1.0000 2.5999
1.0000 1.8199
1.0000 2.1823
1.0000 2.8151
1.0000 2.7669
1.0000 1.1964
1.0000 3.1585
1.0000 2.0864
1.0000 1.6326
1.0000 1.3481
1.0000 2.9449
1.0000 1.6620
1.0000 2.0602
1.0000 1.4052
1.0000 1.8813
1.0000 2.1635
1.0000 2.3758
1.0000 2.3270
1.0000 2.0017
1.0000 2.5302
1.0000 1.8082
1.0000 1.8565
1.0000 0.9654
1.0000 1.7133
1.0000 2.0666
1.0000 1.3992
1.0000 2.7891
1.0000 1.8728
1.0000 2.1575
1.0000 2.6735
1.0000 2.8534
1.0000 1.5982
1.0000 0.9034
1.0000 2.2146
1.0000 1.7660
1.0000 0.7375
1.0000 1.4156
1.0000 1.6214
1.0000 2.1849
1.0000 2.0047
1.0000 2.2741
1.0000 1.4533
1.0000 2.8985
1.0000 0.1067
1.0000 1.1734
1.0000 1.1324
1.0000 2.4252
1.0000 1.7654
1.0000 1.6083
1.0000 2.3534
1.0000 0.8823
1.0000 1.1734
1.0000 1.1326
1.0000 2.0492
1.0000 2.7756
1.0000 0.7053
1.0000 2.2144
1.0000 2.4499
1.0000 2.4208
1.0000 1.2765
1.0000 2.6529
1.0000 1.7762
1.0000 1.5405
1.0000 1.8139
1.0000 1.7483
1.0000 2.6038
1.0000 0.9932
1.0000 1.5863
1.0000 1.8453
1.0000 2.4620
1.0000 1.9868
1.0000 2.1086
1.0000 1.0468
1.0000 2.0270
1.0000 1.0706
1.0000 1.3031
1.0000 1.8287
1.0000 1.3280
1.0000 2.7286
1.0000 1.9531
1.0000 1.2091
1.0000 2.0660
1.0000 2.8404
1.0000 1.6800
1.0000 1.6366
1.0000 1.7070
1.0000 2.0900
1.0000 1.6700
1.0000 3.4831
1.0000 1.2474
1.0000 1.9334
1.0000 2.5178
1.0000 1.3660
1.0000 2.5057
1.0000 2.0051
1.0000 2.1480
1.0000 1.8872
1.0000 1.2367
1.0000 1.3855
1.0000 0.7576
1.0000 1.1384
1.0000 1.7990
1.0000 2.3662
1.0000 1.7581
1.0000 1.5505
1.0000 1.2836
1.0000 2.2294
1.0000 2.1820
1.0000 1.5057
1.0000 1.9198
1.0000 1.6715
1.0000 1.6453
1.0000 1.1449
1.0000 1.8966
1.0000 1.4511
1.0000 1.7475
1.0000 1.3106
1.0000 1.8768
1.0000 2.1008
1.0000 2.9714
1.0000 1.8779
1.0000 2.0921
1.0000 2.3126
1.0000 1.4777
1.0000 1.5086
1.0000 1.8289
1.0000 2.4591
1.0000 2.4592
1.0000 1.6439
1.0000 1.5828
1.0000 1.5785
1.0000 2.0502
1.0000 1.3135
1.0000 0.7056
1.0000 2.0703
1.0000 1.7079
1.0000 1.9482
1.0000 2.8091
1.0000 2.4012
1.0000 1.5452
1.0000 1.5897
1.0000 0.9487
1.0000 1.9657
1.0000 1.0605
1.0000 2.4285
1.0000 1.5574
1.0000 1.6678
1.0000 2.0896
1.0000 2.3829
1.0000 2.0030
1.0000 1.7182
1.0000 1.4384
1.0000 1.5161
1.0000 1.4383
1.0000 1.9690
1.0000 1.5948
1.0000 2.1974
1.0000 0.8527
1.0000 2.0898
1.0000 1.4758
1.0000 1.5577
1.0000 2.4842
1.0000 1.6102
1.0000 1.0073
1.0000 1.2373
1.0000 2.1770
1.0000 2.4004
1.0000 1.7990
1.0000 1.4023
1.0000 2.2563
1.0000 2.0647
1.0000 2.4045
1.0000 2.2758
1.0000 2.3036
1.0000 2.1272
1.0000 1.8950
1.0000 2.6780
1.0000 2.3638
1.0000 0.7633
1.0000 1.6661
1.0000 1.6504
1.0000 0.6718
1.0000 1.9077
1.0000 2.6457
1.0000 1.1250
1.0000 1.9360
1.0000 1.7202
1.0000 1.4699
1.0000 1.9699
1.0000 1.5400
1.0000 1.5521
1.0000 1.8085
1.0000 1.9548
1.0000 2.2750
1.0000 1.4953
1.0000 2.3139
1.0000 1.8187
1.0000 1.3428
1.0000 1.4432
1.0000 2.8168
1.0000 2.1049
1.0000 2.2032
1.0000 1.9082
1.0000 1.8884
1.0000 2.2285
1.0000 2.7647
1.0000 1.2992
1.0000 2.3147
1.0000 1.1790
1.0000 1.8796
1.0000 3.1936
1.0000 2.5468
1.0000 2.1258
1.0000 1.7955
1.0000 1.4701
1.0000 1.8829
1.0000 1.3618
1.0000 2.0005
1.0000 0.7201
1.0000 1.7076
1.0000 2.8026
1.0000 1.5588
1.0000 0.7434
1.0000 2.0440
1.0000 1.9335
1.0000 1.9970
1.0000 1.7504
1.0000 2.0425
1.0000 1.3458
1.0000 1.7206
1.0000 0.8668
1.0000 2.4782
1.0000 1.7332
1.0000 1.5750
1.0000 1.5741
1.0000 1.4676
1.0000 2.4129
1.0000 2.3114
1.0000 1.9881
1.0000 2.1733
1.0000 1.5154
1.0000 1.2577
1.0000 1.4284
1.0000 2.6821
1.0000 1.3202
1.0000 1.7066
1.0000 1.4303
1.0000 2.6067
1.0000 2.3314
1.0000 2.5877
1.0000 1.7368
1.0000 1.7820
1.0000 2.8130
1.0000 1.4009
1.0000 2.7115
1.0000 2.4325
1.0000 1.2714
1.0000 2.1006
1.0000 2.6297
1.0000 1.6394
1.0000 2.8103
1.0000 1.8922
1.0000 1.6167
1.0000 2.7628
1.0000 1.9975
1.0000 2.4198
1.0000 1.8987
1.0000 1.2693
1.0000 1.8435
1.0000 1.5966
1.0000 2.3485
1.0000 2.0488
1.0000 3.2172
1.0000 1.3958
1.0000 1.8427
1.0000 2.5862
1.0000 1.6624
1.0000 1.5912
1.0000 2.8605
1.0000 1.7999
1.0000 1.5140
1.0000 2.6375
1.0000 2.4347
1.0000 2.2635
1.0000 2.7198
1.0000 0.7452
1.0000 2.5517
1.0000 2.1368
1.0000 2.4525
1.0000 2.7104
1.0000 2.2142
1.0000 1.6915
1.0000 1.5579
1.0000 2.9223
1.0000 0.9031
1.0000 1.6805
1.0000 2.5418
1.0000 2.2470
1.0000 2.2241
1.0000 0.9099
1.0000 1.4389
1.0000 1.3676
1.0000 1.8996
1.0000 1.6455
1.0000 2.3490
1.0000 2.2325
1.0000 1.0780
1.0000 2.0109
1.0000 1.4761
1.0000 1.9448
1.0000 1.3873
1.0000 1.9969
1.0000 1.6039
1.0000 0.7489
1.0000 1.9020
1.0000 0.8957
1.0000 1.7718
1.0000 2.4403
1.0000 2.6048
1.0000 2.8628
1.0000 1.4305
1.0000 2.3140
1.0000 1.7022
1.0000 1.4351
1.0000 1.5090
1.0000 2.5649
1.0000 2.8084
1.0000 2.1112
1.0000 2.6970
1.0000 0.9248
1.0000 1.2751
1.0000 1.6218
1.0000 2.4969
1.0000 2.1000
1.0000 1.6306
1.0000 2.9653
1.0000 1.1490
1.0000 0.8452
1.0000 1.5328
1.0000 1.7896
1.0000 2.1125
1.0000 2.7158
1.0000 2.0294
1.0000 2.0998
1.0000 1.0857
1.0000 0.0088
1.0000 2.4586
1.0000 2.7401
1.0000 2.4472
1.0000 1.5099
1.0000 2.3205
1.0000 2.4932
1.0000 2.0602
1.0000 0.4742
1.0000 2.1232
1.0000 2.2946
1.0000 2.3195
1.0000 1.7221
1.0000 2.4009
1.0000 1.4332
1.0000 1.2098
1.0000 2.1889
1.0000 2.5987
1.0000 1.6169
1.0000 2.0024
1.0000 1.3082
1.0000 1.8610
1.0000 1.4167
1.0000 1.4368
1.0000 1.7443
1.0000 1.5224
1.0000 0.8369
1.0000 2.3764
1.0000 0.9301
1.0000 1.4048
1.0000 1.1896
1.0000 2.1215
1.0000 1.6289
1.0000 1.4903
1.0000 1.4927
1.0000 1.4933
1.0000 2.4485
1.0000 3.2693
1.0000 2.1760
1.0000 1.9410
1.0000 1.4145
1.0000 1.4718
1.0000 1.9117
1.0000 1.0316
1.0000 2.0238
1.0000 1.1216
1.0000 0.6090
1.0000 1.8304
1.0000 1.8879
1.0000 1.0091
1.0000 2.9056
1.0000 1.4606
1.0000 1.8166
1.0000 0.6484
1.0000 2.4662
1.0000 2.6245
1.0000 1.4471
1.0000 2.1204
1.0000 1.6904
1.0000 1.2077
1.0000 1.5109
1.0000 2.1650
1.0000 2.1119
1.0000 1.7180
1.0000 1.7862
1.0000 2.5849
1.0000 1.2193
1.0000 2.0051
1.0000 1.6490
1.0000 2.4065
1.0000 2.3630
1.0000 1.7053
1.0000 1.3936
1.0000 1.9198
1.0000 2.0342
1.0000 2.5730
1.0000 2.7579
1.0000 1.0537
1.0000 2.1061
1.0000 0.7455
1.0000 2.0188
1.0000 1.9770
1.0000 1.6391
1.0000 2.5510
1.0000 0.3011
1.0000 2.9964
1.0000 2.1884
1.0000 2.7659
1.0000 2.1839
1.0000 2.3840
1.0000 2.0031
1.0000 1.2351
1.0000 2.1408
1.0000 1.5761
1.0000 1.5357
1.0000 2.6894
1.0000 2.1743
1.0000 2.7395
1.0000 2.2338
1.0000 2.2407
1.0000 1.9435
1.0000 2.0397
1.0000 1.6101
1.0000 1.6726
1.0000 2.4182
1.0000 1.3733
1.0000 1.7126
1.0000 2.8375
1.0000 1.8350
1.0000 1.8946
1.0000 1.0403
1.0000 2.5405
1.0000 1.9146
1.0000 2.8248
1.0000 1.6769
1.0000 1.6974
1.0000 2.2488
1.0000 1.7749
1.0000 2.0986
1.0000 2.5464
1.0000 1.4559
1.0000 0.9638
1.0000 1.9873
1.0000 1.5704
1.0000 2.5462
1.0000 1.6008
1.0000 3.0325
1.0000 1.4892
1.0000 1.1150
1.0000 2.1785
1.0000 1.5670
1.0000 1.5708
1.0000 1.8699
1.0000 0.5098
1.0000 1.5621
1.0000 1.6566
1.0000 2.5641
1.0000 1.1940
1.0000 1.9908
1.0000 1.7239
1.0000 2.7005
1.0000 2.5777
1.0000 1.9902
1.0000 2.3494
1.0000 0.9429
1.0000 1.7920
1.0000 2.1642
1.0000 1.0402
1.0000 1.5219
1.0000 2.4492
1.0000 2.8105
1.0000 2.7648
1.0000 2.2198
1.0000 1.8457
1.0000 2.4078
1.0000 3.1124
1.0000 2.6335
1.0000 3.2812
1.0000 2.2406
1.0000 2.1881
1.0000 1.1081
1.0000 1.4110
1.0000 1.6807
1.0000 2.2666
1.0000 0.4919
1.0000 0.9475
1.0000 1.2238
1.0000 1.4043
1.0000 2.0750
1.0000 0.9749
1.0000 1.2618
1.0000 2.0117
1.0000 1.4251
1.0000 1.0823
1.0000 2.4967
1.0000 1.1617
1.0000 2.0691
1.0000 2.4780
1.0000 1.2072
1.0000 0.9456
1.0000 2.6136
1.0000 1.1661
1.0000 0.7650
1.0000 1.0836
1.0000 2.6625
1.0000 1.6818
1.0000 2.0215
1.0000 2.8262
1.0000 2.3764
1.0000 0.7913
1.0000 2.5302
1.0000 1.5025
1.0000 1.1351
1.0000 1.1441
1.0000 1.8344
1.0000 0.8666
1.0000 3.0640
1.0000 2.0222
1.0000 1.5812
1.0000 2.0409
1.0000 2.3554
1.0000 1.3796
1.0000 1.9046
1.0000 0.9335
1.0000 1.6387
1.0000 1.4097
1.0000 1.0881
1.0000 1.6323
1.0000 1.3969
1.0000 2.3452
1.0000 2.8310
1.0000 1.6444
1.0000 2.1610
1.0000 1.7340
1.0000 2.5403
1.0000 2.4545
1.0000 0.8498
1.0000 1.5775
1.0000 2.8015
1.0000 1.4063
1.0000 2.4099
1.0000 1.8309
1.0000 1.8057
1.0000 2.1192
1.0000 2.4229
1.0000 2.2329
1.0000 2.4232
1.0000 1.7388
1.0000 1.7718
1.0000 2.1603
1.0000 2.1661
1.0000 1.9133
1.0000 1.7602
1.0000 1.5620
1.0000 2.4358
1.0000 1.8627
1.0000 0.9702
1.0000 1.5622
1.0000 1.8582
1.0000 1.8583
1.0000 1.4436
1.0000 1.1943
1.0000 1.0999
1.0000 1.7403
1.0000 1.7217
1.0000 1.8275
1.0000 1.9141
1.0000 1.5809
1.0000 1.7554
1.0000 1.1063
1.0000 1.8752
1.0000 1.7565
1.0000 1.6475
1.0000 3.0606
1.0000 2.7009
1.0000 1.5202
1.0000 1.8616
1.0000 1.5505
1.0000 1.3855
1.0000 2.1636
1.0000 2.4505
1.0000 1.8183
1.0000 1.1764
1.0000 2.3815
1.0000 1.7741
1.0000 1.8968
1.0000 1.3361
1.0000 2.1390
1.0000 1.4229
1.0000 2.4280
1.0000 3.0535
1.0000 3.6165
1.0000 2.7149
1.0000 1.0243
1.0000 1.6420
1.0000 2.3382
1.0000 1.4865
1.0000 2.2748
1.0000 1.9591
1.0000 0.7697
1.0000 2.2558
1.0000 1.7733
1.0000 2.0544
1.0000 1.4240
1.0000 2.4145
1.0000 2.2383
1.0000 1.8061
1.0000 1.6744
1.0000 2.2047
1.0000 2.6873
1.0000 2.1362
1.0000 2.5325
1.0000 1.8791
1.0000 2.1911
1.0000 1.5548
1.0000 1.6057
1.0000 1.6128
1.0000 1.4596
1.0000 0.8045
1.0000 2.0725
1.0000 1.3421
1.0000 1.6182
1.0000 2.5113
1.0000 1.5489
1.0000 1.8351
1.0000 1.2910
1.0000 1.8879
1.0000 2.5366
1.0000 2.1864
1.0000 2.1932
1.0000 1.8941
1.0000 2.5106
1.0000 1.9530
1.0000 1.6101
1.0000 1.1098
1.0000 3.0610
1.0000 1.4245
1.0000 1.9410
1.0000 2.6456
1.0000 2.2093
1.0000 2.5252
1.0000 1.3136
1.0000 0.5351
1.0000 2.3624
1.0000 1.7614
1.0000 0.8393
1.0000 2.4481
1.0000 1.8343
1.0000 2.3842
1.0000 0.8358
1.0000 1.5278
1.0000 1.5858
1.0000 1.8364
1.0000 1.5667
1.0000 1.5547
1.0000 2.4372
1.0000 1.5866
1.0000 1.8261
1.0000 1.9821
1.0000 2.2588
1.0000 1.2293
1.0000 1.8162
1.0000 1.3332
1.0000 2.2941
1.0000 1.1342
1.0000 0.7862
1.0000 2.5058
1.0000 2.2136
1.0000 1.5475
1.0000 2.4609
1.0000 1.3265
1.0000 2.1802
1.0000 1.6928
1.0000 1.1775
1.0000 2.4551
1.0000 2.0721
1.0000 2.1676
1.0000 2.5658
1.0000 2.7227
1.0000 1.0061
1.0000 2.3442
1.0000 0.9943
1.0000 1.9413
1.0000 2.4772
1.0000 1.6401
1.0000 1.9251
1.0000 1.6683
1.0000 0.8821
1.0000 1.8843
1.0000 2.6898
1.0000 1.8606
1.0000 3.1476
1.0000 2.4615
1.0000 1.6463
1.0000 2.0420
1.0000 1.1313
1.0000 2.1424
1.0000 1.2462
1.0000 1.1685
1.0000 1.0716
1.0000 1.8198
1.0000 2.0157
1.0000 1.5659
1.0000 1.4048
1.0000 2.0464
1.0000 1.5512
1.0000 1.1753
1.0000 1.8019
1.0000 2.1862
1.0000 1.3456
1.0000 1.7570
1.0000 2.0138
1.0000 1.4655
1.0000 2.2513
1.0000 0.4616
1.0000 1.3046
1.0000 2.4546
1.0000 1.3101
1.0000 1.6072
1.0000 1.6685
1.0000 2.2600
1.0000 2.1425
1.0000 1.5845
1.0000 0.9716
1.0000 1.1796
1.0000 2.0078
1.0000 2.3434
1.0000 1.6973
1.0000 1.1975
1.0000 2.1170
1.0000 2.0819
1.0000 1.3148
1.0000 2.0396
1.0000 1.8513
1.0000 1.2867
1.0000 2.8372
1.0000 2.1523
1.0000 2.3878
1.0000 1.5255
1.0000 1.1307
1.0000 1.9003
1.0000 1.3612
1.0000 3.7014
1.0000 1.5285
1.0000 1.2320
1.0000 2.7360
1.0000 1.6066
1.0000 1.9044
1.0000 0.9036
1.0000 1.3152
1.0000 1.5519
1.0000 2.1732
1.0000 0.8929
1.0000 2.3695
1.0000 1.9080
1.0000 2.3739
1.0000 1.4030
1.0000 1.3600
1.0000 1.1958
1.0000 2.2148
1.0000 1.2786
1.0000 2.7412
1.0000 1.6205
1.0000 2.0177
1.0000 1.7605
1.0000 1.1391
1.0000 2.1501
1.0000 1.6667
1.0000 2.3293
1.0000 2.9307
1.0000 1.7771
1.0000 2.1596
1.0000 2.0694
1.0000 2.3403
1.0000 0.7024
1.0000 2.4925
1.0000 1.2741
1.0000 1.3563
1.0000 1.9274
1.0000 1.4488
1.0000 1.4042
1.0000 1.8799
1.0000 1.4628
1.0000 1.9333
1.0000 2.3267
1.0000 1.0900
1.0000 1.3130
1.0000 2.4687
1.0000 2.7408
1.0000 1.7475
1.0000 1.9311
1.0000 2.2210
1.0000 2.1210
1.0000 1.5107
1.0000 2.1270
1.0000 1.7822
1.0000 1.6914
1.0000 2.1152
1.0000 2.2873
1.0000 1.3277
1.0000 1.9795
1.0000 1.2957
1.0000 2.5211
1.0000 1.3866
1.0000 1.7057
1.0000 2.1594
1.0000 2.0895
1.0000 2.1979
1.0000 0.9446
1.0000 1.3770
1.0000 1.9863
1.0000 2.0007
1.0000 2.5215
1.0000 1.8131
1.0000 1.5904
1.0000 2.6347
1.0000 2.5052
1.0000 2.0237
1.0000 2.2644
1.0000 2.1962
1.0000 2.9121
1.0000 1.8927
1.0000 2.5147
1.0000 1.7496
1.0000 2.1885
1.0000 2.6299
1.0000 1.1254
1.0000 1.2099
1.0000 2.1494
1.0000 2.2254
1.0000 2.2267
1.0000 2.5655
1.0000 1.6073
1.0000 2.2786
1.0000 1.6534
1.0000 1.2985
1.0000 1.7320
1.0000 1.5359
1.0000 0.8352
1.0000 1.4955
1.0000 1.0875
1.0000 2.0918
1.0000 2.3601
1.0000 1.9179
1.0000 1.9397
1.0000 2.6005
1.0000 2.1130
1.0000 1.3725
1.0000 1.9018
1.0000 2.0445
1.0000 1.8564
1.0000 1.0376
1.0000 2.2769
1.0000 1.3527
1.0000 2.1065
1.0000 1.6879
1.0000 1.5738
1.0000 2.8277
1.0000 0.7754
1.0000 1.9856
1.0000 2.5674
1.0000 1.1152
1.0000 2.3044
1.0000 1.9574
1.0000 2.2761
1.0000 2.3666
1.0000 2.0827
1.0000 1.3085
1.0000 1.7067
1.0000 1.7447
1.0000 2.0505
1.0000 2.3154
1.0000 2.7437
1.0000 1.8004
1.0000 2.1944
1.0000 1.2571
1.0000 1.9326
1.0000 2.1351
1.0000 1.8702
1.0000 1.6756
1.0000 1.2153
1.0000 1.4125
1.0000 1.4765
1.0000 2.1203
1.0000 1.5259
1.0000 1.3032
1.0000 1.7366
1.0000 3.6045
1.0000 2.1752
1.0000 1.2026
1.0000 2.8372
1.0000 2.4026
1.0000 1.6576
1.0000 1.2955
1.0000 1.2206
1.0000 1.4529
1.0000 1.3980
1.0000 1.2971
1.0000 1.1640
1.0000 2.0613
1.0000 1.6346
1.0000 2.2767
1.0000 2.6952
1.0000 2.9241
1.0000 2.1321
1.0000 1.2795
1.0000 3.1617
1.0000 2.5532
1.0000 2.3417
1.0000 1.3761
1.0000 2.4177
1.0000 1.2832
1.0000 2.1982
1.0000 2.0083
1.0000 2.2901
1.0000 1.0795
1.0000 1.1090
1.0000 1.4713
1.0000 0.5023
1.0000 1.2706
1.0000 2.2837
1.0000 2.7572
1.0000 2.5068
1.0000 1.7842
1.0000 2.2123
1.0000 2.6601
1.0000 1.2510
1.0000 1.5338
1.0000 1.7373
1.0000 2.0510
1.0000 1.0521
1.0000 2.1716
1.0000 1.8269
1.0000 1.4920
1.0000 1.6861
1.0000 1.3977
1.0000 1.6437
1.0000 0.8521
1.0000 1.5185
1.0000 1.4748
1.0000 1.0337
1.0000 2.3992
1.0000 1.8799
1.0000 1.0822
1.0000 1.3843
1.0000 1.6090
1.0000 1.9217
1.0000 1.8218
1.0000 2.9180
1.0000 1.3384
1.0000 1.5938
1.0000 1.6122
1.0000 2.4920
1.0000 2.4693
1.0000 1.6576
1.0000 2.6023
1.0000 1.9418
1.0000 2.0726
1.0000 1.9634
1.0000 1.6449
1.0000 1.6588
1.0000 2.2208
1.0000 2.1554
1.0000 2.1471
1.0000 1.9723
1.0000 1.5731
1.0000 1.3707
1.0000 1.7816
1.0000 1.5907
1.0000 1.1348
1.0000 1.8123
1.0000 2.0746
1.0000 1.3454
1.0000 1.2936
1.0000 1.8884
1.0000 1.9784
1.0000 1.6575
1.0000 2.7760
1.0000 1.4255
1.0000 2.1577
1.0000 2.7171
1.0000 2.6589
1.0000 1.4849
1.0000 2.6029
1.0000 1.5941
1.0000 2.5126
1.0000 1.2506
1.0000 1.9004
1.0000 1.5258
1.0000 1.9948
1.0000 1.6007
1.0000 2.3353
1.0000 3.5663
1.0000 1.3584
1.0000 1.7707
1.0000 2.2017
1.0000 1.8779
1.0000 1.3206
1.0000 2.5786
1.0000 2.8141
1.0000 1.8757
1.0000 1.1317
1.0000 1.8646
1.0000 1.7148
1.0000 1.5116
1.0000 2.8345
1.0000 2.2959
1.0000 1.1669
1.0000 2.1571
1.0000 2.0259
1.0000 2.4731
1.0000 1.3061
1.0000 1.8774
1.0000 2.0133
1.0000 0.7983
1.0000 2.6819
1.0000 1.7879
1.0000 2.2214
1.0000 2.1414
1.0000 1.9594
1.0000 2.4625
1.0000 3.1731
1.0000 2.3044
1.0000 2.1815
1.0000 2.8038
1.0000 1.2844
1.0000 1.9375
1.0000 1.2412
1.0000 2.3025
1.0000 2.1629
1.0000 1.3759
1.0000 1.6299
1.0000 1.4301
1.0000 1.6678
1.0000 0.6867
1.0000 1.7916
1.0000 2.3396
1.0000 1.1067
1.0000 1.6668
1.0000 1.3647
1.0000 0.9731
1.0000 1.5914
1.0000 1.5775
1.0000 2.4363
1.0000 1.5701
1.0000 1.6546
1.0000 1.9440
1.0000 2.2616
1.0000 1.1289
1.0000 2.7702
1.0000 2.2132
1.0000 2.6619
1.0000 1.3124
1.0000 1.6501
1.0000 1.5258
1.0000 2.2666
1.0000 1.6827
1.0000 2.3044
1.0000 1.5616
1.0000 1.5751
1.0000 2.1081
1.0000 3.1111
1.0000 1.1873
1.0000 1.5191
1.0000 1.1758
1.0000 1.3261
1.0000 0.9185
1.0000 1.5675
1.0000 1.8356
1.0000 0.9754
1.0000 2.3569
1.0000 2.3399
1.0000 2.4010
1.0000 2.0390
1.0000 0.9419
1.0000 1.2110
1.0000 1.7990
1.0000 2.7318
1.0000 1.7202
1.0000 2.0328
1.0000 1.9075
1.0000 1.2102
1.0000 1.4147
1.0000 2.0348
1.0000 1.0765
1.0000 2.4848
1.0000 1.6441
1.0000 1.2932
1.0000 3.0739
1.0000 1.1521
1.0000 2.3855
1.0000 2.6429
1.0000 2.8035
1.0000 1.4091
1.0000 1.6345
1.0000 1.2681
1.0000 1.9641
1.0000 2.1971
1.0000 1.8880
1.0000 1.5001
1.0000 1.1909
1.0000 2.6303
1.0000 1.7165
1.0000 1.2004
1.0000 2.3024
1.0000 1.7709
1.0000 1.6003
1.0000 1.7466
1.0000 0.9255
1.0000 1.8840
1.0000 0.9437
1.0000 1.5850
1.0000 2.6268
1.0000 0.9461
1.0000 0.8802
1.0000 2.0426
1.0000 2.4068
1.0000 1.5199
1.0000 1.7648
1.0000 2.5754
1.0000 0.7238
1.0000 1.6504
1.0000 1.5337
1.0000 1.7188
1.0000 1.2351
1.0000 2.5757
1.0000 1.0457
1.0000 2.3488
1.0000 3.4125
1.0000 2.1938
1.0000 1.6754
1.0000 1.9523
1.0000 2.2844
1.0000 1.8056
1.0000 2.0887
1.0000 2.2400
1.0000 2.7531
1.0000 2.1537
1.0000 1.2985
1.0000 2.1857
1.0000 2.0667
1.0000 1.0456
1.0000 1.6311
1.0000 1.0635
1.0000 3.0643
1.0000 1.5217
1.0000 1.5866
1.0000 2.5356
1.0000 0.9013
1.0000 1.6714
1.0000 1.9725
1.0000 1.9832
1.0000 3.0738
1.0000 1.2432
1.0000 1.5976
1.0000 2.5772
1.0000 0.7496
1.0000 1.1869
1.0000 2.7944
1.0000 2.6075
1.0000 1.2566
1.0000 3.0940
1.0000 0.9633
1.0000 2.2113
1.0000 1.1386
1.0000 1.9779
1.0000 1.8097
1.0000 2.7980
1.0000 2.8195
1.0000 2.6598
1.0000 2.1808
1.0000 2.3018
1.0000 1.2281
1.0000 1.4756
1.0000 2.0866
1.0000 2.1248
1.0000 2.6038
1.0000 2.1324
1.0000 1.3401
1.0000 1.7429
1.0000 1.2068
1.0000 1.8453
1.0000 2.5328
1.0000 2.8885
1.0000 2.2235
1.0000 2.5847
1.0000 0.5546
1.0000 1.2546
1.0000 0.9923
1.0000 2.1293
1.0000 2.0268
1.0000 1.4014
1.0000 2.4167
1.0000 1.2586
1.0000 1.9443
1.0000 1.0460
1.0000 2.5671
1.0000 1.8269
1.0000 1.8887
1.0000 1.4136
1.0000 2.2768
1.0000 1.4625
1.0000 1.3934
1.0000 1.9214
1.0000 1.2489
1.0000 1.4988
1.0000 2.4713
1.0000 2.7261
1.0000 1.6266
1.0000 1.7666
1.0000 2.0997
1.0000 2.5397
1.0000 2.0138
1.0000 0.0568
1.0000 2.1757
1.0000 0.8535
1.0000 2.7425
1.0000 1.2692
1.0000 2.6673
1.0000 1.5550
1.0000 2.6165
1.0000 1.5428
1.0000 2.3189
1.0000 2.2977
1.0000 1.6744
1.0000 1.7553
1.0000 1.3708
1.0000 1.6894
1.0000 2.3293
1.0000 2.6827
1.0000 2.3968
1.0000 1.4870
1.0000 1.4501
1.0000 1.7555
1.0000 1.0954
1.0000 2.4775
1.0000 2.6913
1.0000 2.6445
1.0000 2.1995
1.0000 2.1752
1.0000 1.9649
1.0000 2.0001
1.0000 1.1918
1.0000 3.0481
1.0000 2.4102
1.0000 2.2513
1.0000 1.3352
1.0000 1.9879
1.0000 1.7599
1.0000 1.6794
1.0000 2.6409
1.0000 1.7196
1.0000 2.3905
1.0000 1.7415
1.0000 1.5158
1.0000 1.7693
1.0000 1.1639
1.0000 2.7398
1.0000 1.7427
1.0000 2.1053
1.0000 2.0259
1.0000 1.3467
1.0000 2.0695
1.0000 1.9467
1.0000 1.9085
1.0000 1.1443
1.0000 1.8312
1.0000 2.6841
1.0000 0.9997
1.0000 1.1007
1.0000 2.7258
1.0000 1.3472
1.0000 1.2145
1.0000 1.8818
1.0000 2.4371
1.0000 2.2288
1.0000 1.9079
1.0000 2.4696
1.0000 2.6138
1.0000 2.2703
1.0000 1.7782
1.0000 1.0022
1.0000 1.7180
1.0000 2.4901
1.0000 2.0151
1.0000 2.1398
1.0000 1.2856
1.0000 1.8179
1.0000 3.5846
1.0000 1.8558
1.0000 1.5464
1.0000 2.4701
1.0000 1.9240
1.0000 2.3343
1.0000 2.0478
1.0000 1.0573
1.0000 2.1183
1.0000 1.0808
1.0000 1.0808
1.0000 2.1479
1.0000 2.2824
1.0000 1.5776
1.0000 2.0578
1.0000 1.0850
1.0000 1.2554
1.0000 2.0423
1.0000 2.1476
1.0000 2.9947
1.0000 1.3353
1.0000 1.7679
1.0000 1.1825
1.0000 2.0651
1.0000 2.2176
1.0000 1.2277
1.0000 2.1006
1.0000 1.7303
1.0000 1.8724
1.0000 2.3776
1.0000 2.0668
1.0000 2.8056
1.0000 1.6214
1.0000 2.3004
1.0000 2.9546
1.0000 1.4334
1.0000 1.4540
1.0000 2.0129
1.0000 1.2537
1.0000 2.0583
1.0000 1.7845
1.0000 1.3188
1.0000 1.5368
1.0000 2.2366
1.0000 1.7062
1.0000 1.3541
1.0000 2.2965
1.0000 2.0190
1.0000 1.5469
1.0000 2.6328
1.0000 1.3428
1.0000 1.5005
1.0000 1.8084
1.0000 1.5638
1.0000 1.8564
1.0000 1.7996
1.0000 1.9491
1.0000 2.0524
1.0000 1.7986
1.0000 1.5654
1.0000 1.7157
1.0000 2.3694
1.0000 1.5190
1.0000 1.6050
1.0000 1.8409
1.0000 1.7249
1.0000 1.7928
1.0000 1.7242
1.0000 1.8250
1.0000 1.8483
1.0000 1.8043
1.0000 1.5792
1.0000 3.6415
1.0000 2.0352
1.0000 2.6109
1.0000 1.7923
1.0000 1.8498
1.0000 2.8340
1.0000 1.0817
1.0000 1.5477
1.0000 0.9719
1.0000 1.5570
1.0000 1.5089
1.0000 2.2705
1.0000 1.0473
1.0000 1.5643
1.0000 2.2120
1.0000 2.6127
1.0000 2.7904
1.0000 1.6263
1.0000 1.1637
1.0000 2.2219
1.0000 2.2366
1.0000 2.3548
1.0000 2.1223
1.0000 1.0120
1.0000 1.9769
1.0000 1.4212
1.0000 2.1239
1.0000 0.5375
1.0000 1.2191
1.0000 1.9249
1.0000 1.7659
1.0000 1.8750
1.0000 1.0392
1.0000 1.5675
1.0000 2.0034
1.0000 1.2944
1.0000 1.6777
1.0000 1.8036
1.0000 1.2953
1.0000 2.8472
1.0000 1.5674
1.0000 2.1482
1.0000 2.0823
1.0000 2.1567
1.0000 2.1567
1.0000 1.3096
1.0000 2.3772
1.0000 1.2213
1.0000 1.6160
1.0000 2.3099
1.0000 1.0756
1.0000 1.5601
1.0000 0.9700
1.0000 1.1088
1.0000 2.5268
1.0000 2.4400
1.0000 3.7747
1.0000 1.2539
1.0000 2.0346
1.0000 1.7268
1.0000 1.8438
1.0000 1.4426
1.0000 1.5060
1.0000 2.0406
1.0000 1.7337
1.0000 1.6163
1.0000 1.6644
1.0000 1.9184
1.0000 1.5632
1.0000 2.7013
1.0000 1.6961
1.0000 1.8167
1.0000 1.1399
1.0000 0.8246
1.0000 2.2618
1.0000 1.5835
1.0000 3.3016
1.0000 1.2247
1.0000 2.2160
1.0000 1.3640
1.0000 1.9218
1.0000 2.0566
1.0000 2.6390
1.0000 1.1619
1.0000 2.3171
1.0000 1.5836
1.0000 0.5735
1.0000 1.0308
1.0000 2.1871
1.0000 1.6671
1.0000 1.7427
1.0000 1.7797
1.0000 1.5461
1.0000 2.0449
1.0000 2.2327
1.0000 1.9443
1.0000 2.4668
1.0000 2.7236
1.0000 2.3881
1.0000 2.1588
1.0000 1.7009
1.0000 2.1815
1.0000 1.1881
1.0000 1.4260
1.0000 2.2763
1.0000 1.3174
1.0000 1.7348
1.0000 1.7185
1.0000 1.9464
1.0000 1.3698
1.0000 1.1014
1.0000 0.7995
1.0000 1.1606
1.0000 1.6485
1.0000 2.1049
1.0000 2.2979
1.0000 3.1551
1.0000 2.7658
1.0000 1.7490
1.0000 2.3921
1.0000 1.9032
1.0000 2.6019
1.0000 2.2667
1.0000 1.4047
1.0000 1.3709
1.0000 2.7569
1.0000 2.1718
1.0000 0.9470
1.0000 1.0613
1.0000 1.8797
1.0000 2.2904
1.0000 1.5453
1.0000 1.2666
1.0000 1.6639
1.0000 1.5730
1.0000 0.7320
1.0000 2.0649
1.0000 1.3861
1.0000 1.7076
1.0000 1.5926
1.0000 1.0831
1.0000 1.8114
1.0000 0.8982
1.0000 1.7015
1.0000 2.0600
1.0000 2.3143
1.0000 1.4907
1.0000 1.1708
1.0000 2.3998
1.0000 1.6103
1.0000 2.5587
1.0000 2.8272
1.0000 2.1190
1.0000 1.6029
1.0000 2.5571
1.0000 1.7427
1.0000 2.0901
1.0000 1.6464
1.0000 1.6028
1.0000 2.6246
1.0000 1.9287
1.0000 1.2449
1.0000 2.4714
1.0000 1.5277
1.0000 2.6403
1.0000 1.3250
1.0000 1.8724
1.0000 1.6792
1.0000 2.1909
1.0000 2.8032
1.0000 1.7052
1.0000 1.2291
1.0000 1.9508
1.0000 2.5672
1.0000 0.7398
1.0000 2.1298
1.0000 1.6628
1.0000 0.5420
1.0000 1.5799
1.0000 2.3930
1.0000 1.0208
1.0000 1.0101
1.0000 1.8006
1.0000 0.6816
1.0000 1.1509
1.0000 1.5703
1.0000 1.6485
1.0000 1.7458
1.0000 1.0662
1.0000 1.1566
1.0000 2.3069
1.0000 1.8962
1.0000 2.9809
1.0000 1.3830
1.0000 1.5006
1.0000 2.1773
1.0000 2.0146
1.0000 1.1403
1.0000 1.7616
1.0000 1.8748
1.0000 1.1093
1.0000 1.6352
1.0000 1.8819
1.0000 2.4447
1.0000 2.0170
1.0000 1.8560
1.0000 0.8129
1.0000 2.3794
1.0000 0.6415
1.0000 1.7608
1.0000 1.4416
1.0000 1.4497
1.0000 2.2709
1.0000 2.0280
1.0000 1.1894
1.0000 1.4083
1.0000 2.5649
1.0000 1.6553
1.0000 1.0921
1.0000 2.4200
1.0000 1.3107
1.0000 2.4550
1.0000 1.4492
1.0000 2.3446
1.0000 2.2548
1.0000 2.2365
1.0000 1.5458
1.0000 1.5280
1.0000 2.4733
1.0000 1.2540
1.0000 1.7961
1.0000 0.9189
1.0000 1.9053
1.0000 2.7832
1.0000 2.2546
1.0000 1.5757
1.0000 2.1963
1.0000 1.7465
1.0000 2.4089
1.0000 1.8136
1.0000 2.4663
1.0000 2.2334
1.0000 2.2305
1.0000 1.7150
1.0000 2.5120
1.0000 3.5137
1.0000 1.3075
1.0000 2.3140
1.0000 2.7773
1.0000 1.8214
1.0000 1.4977
1.0000 3.0172
1.0000 2.3026
1.0000 1.9130
1.0000 2.4338
1.0000 2.1338
1.0000 2.2336
1.0000 1.3540
1.0000 2.9068
1.0000 1.6089
1.0000 2.5951
1.0000 1.9969
1.0000 1.6155
1.0000 1.6764
1.0000 1.9813
1.0000 2.6746
1.0000 2.2351
1.0000 1.2609
1.0000 0.7776
1.0000 1.5288
1.0000 2.0095
1.0000 2.3642
1.0000 2.1017
1.0000 2.0334
1.0000 1.7845
1.0000 1.8032
1.0000 1.6732
1.0000 2.0948
1.0000 2.1156
1.0000 2.3463
1.0000 1.9520
1.0000 2.4635
1.0000 1.7531
1.0000 2.4565
1.0000 1.7499
1.0000 1.0178
1.0000 1.1039
1.0000 1.4401
1.0000 2.1661
1.0000 2.4080
1.0000 1.5209
1.0000 2.3205
1.0000 1.2426
1.0000 1.4627
1.0000 1.1749
1.0000 1.2589
1.0000 1.6409
1.0000 2.0293
1.0000 2.7879
1.0000 1.4141
1.0000 1.5517
1.0000 2.9328
1.0000 1.0734
1.0000 1.7412
1.0000 1.7478
1.0000 1.6831
1.0000 2.5157
1.0000 2.3638
1.0000 2.1281
1.0000 1.8293
1.0000 1.9309
1.0000 1.1571
1.0000 1.7501
1.0000 2.1736
1.0000 2.0606
1.0000 1.8848
1.0000 1.5297
1.0000 1.5203
1.0000 1.8831
1.0000 1.5832
1.0000 1.9159
1.0000 1.8433
1.0000 1.8750
1.0000 2.3399
1.0000 1.9435
1.0000 1.8354
1.0000 2.0732
1.0000 1.7424
1.0000 2.6046
1.0000 3.0213
1.0000 1.6004
1.0000 1.8875
1.0000 1.7605
1.0000 2.5399
1.0000 1.4248
1.0000 1.3450
1.0000 2.3425
1.0000 1.4341
1.0000 1.7098
1.0000 2.2978
1.0000 2.0198
1.0000 1.7824
1.0000 1.8141
1.0000 1.4515
1.0000 2.1800
1.0000 2.1805
1.0000 2.1842
1.0000 1.3490
1.0000 -0.0129
1.0000 2.0105
1.0000 1.2524
1.0000 2.5566
1.0000 2.2119
1.0000 3.0882
1.0000 0.6709
1.0000 1.6517
1.0000 1.5088
1.0000 1.5051
1.0000 2.2186
1.0000 2.3873
1.0000 2.1733
1.0000 1.5535
1.0000 2.1053
1.0000 2.2303
1.0000 1.0264
1.0000 1.7806
1.0000 2.0059
1.0000 1.3526
1.0000 1.0281
1.0000 2.5729
1.0000 2.3819
1.0000 1.3609
1.0000 1.6267
1.0000 2.1016
1.0000 2.0918
1.0000 1.1498
1.0000 1.8442
1.0000 2.3780
1.0000 1.8826
1.0000 3.4776
1.0000 1.3063
1.0000 2.4051
1.0000 1.8131
1.0000 2.9456
1.0000 2.7054
1.0000 2.1517
1.0000 1.9625
1.0000 1.9722
1.0000 1.1749
1.0000 1.2652
1.0000 2.6782
1.0000 1.6833
1.0000 1.6522
1.0000 1.4510
1.0000 0.9227
1.0000 3.2029
1.0000 1.6685
1.0000 2.1891
1.0000 1.6875
1.0000 2.7843
1.0000 2.2408
1.0000 3.5389
1.0000 2.3712
1.0000 0.1895
1.0000 1.7008
1.0000 1.4022
1.0000 1.5716
1.0000 1.4913
1.0000 2.7075
1.0000 1.8808
1.0000 0.6951
1.0000 1.2336
1.0000 1.8148
1.0000 2.3245
1.0000 0.8291
1.0000 1.3677
1.0000 1.8687
1.0000 2.0363
1.0000 1.2445
1.0000 0.9341
1.0000 1.1510
1.0000 0.9468
1.0000 2.2232
1.0000 1.9510
1.0000 1.4863
1.0000 1.8595
1.0000 2.8597
1.0000 3.5507
1.0000 1.4394
1.0000 0.2031
1.0000 1.7943
1.0000 0.6352
1.0000 2.4940
1.0000 1.0994
1.0000 2.1937
1.0000 2.6422
1.0000 2.0238
1.0000 0.6504
1.0000 1.1232
1.0000 1.8353
1.0000 1.8791
1.0000 1.6097
1.0000 3.3925
1.0000 2.1952
1.0000 2.1861
1.0000 0.5278
1.0000 1.9771
1.0000 2.6861
1.0000 1.6730
1.0000 2.5978
1.0000 3.0592
1.0000 1.5888
1.0000 2.1709
1.0000 2.5769
1.0000 1.1772
1.0000 2.1642
1.0000 1.8269
1.0000 1.9914
1.0000 2.0450
1.0000 1.5686
1.0000 1.0875
1.0000 1.0854
1.0000 1.7747
1.0000 1.8970
1.0000 2.5183
1.0000 1.5949
1.0000 1.7722
1.0000 1.6257
1.0000 2.3808
1.0000 2.7182
1.0000 2.3061
1.0000 1.6174
1.0000 1.5964
1.0000 1.3400
1.0000 1.5576
1.0000 1.4116
1.0000 1.0837
1.0000 2.5813
1.0000 1.6475
1.0000 2.0388
1.0000 1.3132
1.0000 1.9367
1.0000 1.3761
1.0000 2.5778
1.0000 1.3452
1.0000 1.4965
1.0000 1.8165
1.0000 2.5494
1.0000 1.5421
1.0000 1.4981
1.0000 2.1230
1.0000 1.6045
1.0000 1.4721
1.0000 2.0461
1.0000 2.3219
1.0000 1.7528
1.0000 2.0625
1.0000 1.3463
1.0000 1.2120
1.0000 1.7491
1.0000 1.2375
1.0000 1.5848
1.0000 1.5772
1.0000 1.7524
1.0000 1.2240
1.0000 1.9856
1.0000 1.2124
1.0000 2.2884
1.0000 3.2151
1.0000 1.8727
1.0000 0.9037
1.0000 2.7065
1.0000 2.1425
1.0000 2.4714
1.0000 1.9579
1.0000 0.6321
1.0000 0.9521
1.0000 1.2093
1.0000 2.3117
1.0000 1.7072
1.0000 1.1716
1.0000 1.6999
1.0000 1.5682
1.0000 2.8419
1.0000 1.7431
1.0000 2.1198
1.0000 1.3126
1.0000 2.6920
1.0000 1.0285
1.0000 1.1021
1.0000 1.2869
1.0000 1.9370
1.0000 1.3487
1.0000 2.5767
1.0000 1.8389
1.0000 0.9640
1.0000 1.8377
1.0000 2.1669
1.0000 2.2636
1.0000 2.5742
1.0000 1.0607
1.0000 0.6103
1.0000 1.3734
1.0000 2.1137
1.0000 0.9865
1.0000 2.8183
1.0000 2.2149
1.0000 1.2671
1.0000 1.5353
1.0000 1.2957
1.0000 2.0202
1.0000 1.5495
1.0000 1.8717
1.0000 2.2976
1.0000 2.4327
1.0000 2.3277
1.0000 1.7559
1.0000 2.2276
1.0000 1.8789
1.0000 2.0027
1.0000 2.5496
1.0000 1.6718
1.0000 1.7423
1.0000 1.9073
1.0000 1.6957
1.0000 1.3744
1.0000 2.2364
1.0000 1.7780
1.0000 1.9714
1.0000 2.5990
1.0000 1.7336
1.0000 1.3962
1.0000 1.9815
1.0000 2.7063
1.0000 2.1759
1.0000 2.0049
1.0000 2.5958
1.0000 1.9266
1.0000 1.4002
1.0000 3.1995
1.0000 1.6549
1.0000 1.9249
1.0000 1.4222
1.0000 1.3918
1.0000 1.5729
1.0000 1.5713
1.0000 1.5560
1.0000 1.0940
1.0000 1.0545
1.0000 2.6648
1.0000 1.8636
1.0000 2.0815
1.0000 1.6709
1.0000 2.1738
1.0000 2.1687
1.0000 1.8002
1.0000 1.8212
1.0000 1.9575
1.0000 1.8955
1.0000 2.6654
1.0000 1.3347
1.0000 1.5252
1.0000 1.8046
1.0000 2.0983
1.0000 2.3445
1.0000 1.2905
1.0000 1.6636
1.0000 1.5247
1.0000 1.2223
1.0000 1.1930
1.0000 1.5114
1.0000 1.9404
1.0000 1.2510
1.0000 1.2786
1.0000 1.5814
1.0000 2.1230
1.0000 1.1284
1.0000 1.4271
1.0000 1.7163
1.0000 1.8220
1.0000 1.3690
1.0000 2.5647
1.0000 1.7378
1.0000 2.9634
1.0000 1.8614
1.0000 0.7659
1.0000 1.7925
1.0000 1.9238
1.0000 1.3856
1.0000 1.4470
1.0000 1.4735
1.0000 1.9122
1.0000 2.2583
1.0000 1.0318
1.0000 0.4564
1.0000 1.6802
1.0000 2.1242
1.0000 2.5703
1.0000 2.7661
1.0000 1.8519
1.0000 1.9290
1.0000 1.8489
1.0000 1.8261
1.0000 0.7835
1.0000 2.3455
1.0000 2.3369
1.0000 1.5866
1.0000 1.5527
1.0000 1.9275
1.0000 1.8705
1.0000 2.1170
1.0000 1.7670
1.0000 1.9703
1.0000 1.5242
1.0000 2.7741
1.0000 1.6086
1.0000 3.6745
1.0000 1.7273
1.0000 1.1421
1.0000 2.3410
1.0000 1.2703
1.0000 2.4969
1.0000 2.3224
1.0000 2.0377
1.0000 0.9553
1.0000 1.9862
1.0000 1.9798
1.0000 1.9872
1.0000 1.7501
1.0000 2.2444
1.0000 1.6411
1.0000 1.9237
1.0000 3.4386
1.0000 1.1793
1.0000 1.6324
1.0000 2.8730
1.0000 1.5342
1.0000 1.9373
1.0000 2.0002
1.0000 1.4956
1.0000 1.6169
1.0000 1.6669
1.0000 1.2021
1.0000 2.6530
1.0000 1.6206
1.0000 2.3001
1.0000 1.3383
1.0000 2.1105
1.0000 1.5706
1.0000 2.0353
1.0000 1.5216
1.0000 1.6342
1.0000 1.7647
1.0000 1.8939
1.0000 2.0413
1.0000 1.7992
1.0000 1.5205
1.0000 2.6348
1.0000 1.8781
1.0000 2.4444
1.0000 2.4832
1.0000 1.5666
1.0000 2.7112
1.0000 1.8686
1.0000 1.8369
1.0000 3.4293
1.0000 1.9165
1.0000 1.8588
1.0000 1.7949
1.0000 2.1367
1.0000 1.6193
1.0000 1.5915
1.0000 1.3959
1.0000 2.3504
1.0000 1.5546
1.0000 2.5813
1.0000 2.3730
1.0000 1.6033
1.0000 2.0805
1.0000 1.9637
1.0000 2.0487
1.0000 1.9299
1.0000 2.0411
1.0000 2.4096
1.0000 2.3978
1.0000 1.5981
1.0000 1.5779
1.0000 2.0096
1.0000 1.8934
1.0000 1.8880
1.0000 1.9198
1.0000 1.5039
1.0000 2.4708
1.0000 2.4765
1.0000 1.2143
1.0000 2.0861
1.0000 1.1872
1.0000 1.2839
1.0000 1.6019
1.0000 2.3691
1.0000 1.8993
1.0000 1.9148
1.0000 2.4569
1.0000 1.8264
1.0000 1.7333
1.0000 1.8623
1.0000 1.9053
1.0000 2.8765
1.0000 1.9360
1.0000 1.4975
1.0000 1.3743
1.0000 2.3883
1.0000 1.6445
1.0000 1.5521
1.0000 1.8150
1.0000 1.4285
1.0000 1.7598
1.0000 1.9875
1.0000 1.8925
1.0000 1.0742
1.0000 1.9729
1.0000 2.1372
1.0000 2.2387
1.0000 1.1449
1.0000 1.2028
1.0000 1.8269
1.0000 1.5489
1.0000 2.3145
1.0000 2.8717
1.0000 1.6155
1.0000 2.3953
1.0000 1.3007
1.0000 1.1200
1.0000 1.9977
1.0000 1.2485
1.0000 2.1914
1.0000 0.8113
1.0000 1.8219
1.0000 1.2751
1.0000 2.2607
1.0000 1.7357
1.0000 2.3348
1.0000 2.5674
1.0000 2.5884
1.0000 0.9281
1.0000 2.3135
1.0000 1.0356
1.0000 2.3869
1.0000 1.4054
1.0000 2.4322
1.0000 1.4068
1.0000 2.2618
1.0000 2.5321
1.0000 1.7776
1.0000 1.7830
1.0000 2.1846
1.0000 1.2297
1.0000 1.5368
1.0000 1.3024
1.0000 1.2032
1.0000 1.3159
1.0000 3.1612
1.0000 1.2578
1.0000 3.3092
1.0000 1.6031
1.0000 1.7249
1.0000 0.6910
1.0000 2.3232
1.0000 1.1690
1.0000 2.0027
1.0000 2.4263
1.0000 1.0197
1.0000 1.0323
1.0000 1.2905
1.0000 1.7681
1.0000 2.7705
1.0000 1.9534
1.0000 2.0361
1.0000 1.3842
1.0000 1.6968
1.0000 1.4101
1.0000 1.2138
1.0000 1.9132
1.0000 1.8119
