10.0000 9.8200
10.0000 8.9375
10.0000 9.9061
10.0000 10.2239
10.0000 10.5922
10.0000 9.9317
10.0000 10.5913
10.0000 10.1841
10.0000 9.0750
10.0000 10.2442
10.0000 9.8564
10.0000 11.1467
10.0000 10.6229
10.0000 9.9323
10.0000 10.6000
10.0000 10.1406
10.0000 9.9268
10.0000 9.8747
10.0000 11.3455
10.0000 9.6087
10.0000 10.1625
10.0000 10.2997
10.0000 10.2419
10.0000 9.3847
10.0000 9.3074
10.0000 10.0591
10.0000 10.0713
10.0000 9.8645
10.0000 9.9605
10.0000 10.0539
10.0000 9.7168
10.0000 10.2159
10.0000 10.2431
10.0000 9.5147
10.0000 10.4991
10.0000 10.4852
10.0000 9.3840
10.0000 10.7123
10.0000 10.0337
10.0000 10.6356
10.0000 10.8852
10.0000 10.4778
10.0000 10.4404
10.0000 11.0791
10.0000 9.8969
10.0000 10.1747
10.0000 10.3204
10.0000 10.4356
10.0000 10.3802
10.0000 10.2541
10.0000 10.9160
10.0000 9.9160
10.0000 10.7777
10.0000 10.4197
10.0000 10.5049
10.0000 9.6417
10.0000 9.6524
10.0000 10.5245
10.0000 10.9227
10.0000 10.2456
10.0000 10.8166
10.0000 10.2665
10.0000 10.5430
10.0000 8.9281
10.0000 10.2837
10.0000 10.4118
10.0000 10.8701
10.0000 10.3955
10.0000 10.3826
10.0000 9.1730
10.0000 10.3886
10.0000 10.4833
10.0000 9.7956
10.0000 10.9907
10.0000 10.6423
10.0000 10.6612
10.0000 9.7190
10.0000 9.7073
10.0000 11.0190
10.0000 10.1952
10.0000 10.4474
10.0000 9.8026
10.0000 10.1991
10.0000 10.4054
10.0000 10.1505
10.0000 10.0653
10.0000 10.8262
10.0000 9.2313
10.0000 10.0757
10.0000 10.3901
10.0000 9.9277
10.0000 10.5368
10.0000 10.6879
10.0000 10.2397
10.0000 10.1598
10.0000 10.0635
10.0000 10.8195
10.0000 9.5745
10.0000 10.9313
10.0000 10.4491
10.0000 9.6577
10.0000 10.6459
10.0000 10.5679
10.0000 9.5709
10.0000 10.8302
10.0000 10.3214
10.0000 10.2573
10.0000 9.5942
10.0000 9.9161
10.0000 10.9466
10.0000 10.4897
10.0000 9.9113
10.0000 9.2981
10.0000 10.3113
10.0000 9.9144
10.0000 9.6136
10.0000 10.1541
10.0000 10.2666
10.0000 10.6669
10.0000 10.3993
10.0000 10.3541
10.0000 9.9564
10.0000 10.1592
10.0000 9.8561
10.0000 10.2037
10.0000 9.9277
10.0000 10.6093
10.0000 10.5058
10.0000 9.7382
10.0000 9.6927
10.0000 10.4065
10.0000 10.7254
10.0000 11.1981
10.0000 9.5081
10.0000 10.1675
10.0000 10.5330
10.0000 11.0860
10.0000 10.6990
10.0000 9.7477
10.0000 9.7895
10.0000 10.6487
10.0000 10.6337
10.0000 10.1972
10.0000 10.6924
10.0000 10.3972
10.0000 10.2789
10.0000 10.4978
10.0000 10.8872
10.0000 10.4381
10.0000 9.8620
10.0000 10.7733
10.0000 9.9849
10.0000 10.9379
10.0000 10.6148
10.0000 10.0962
10.0000 9.7128
10.0000 9.9169
10.0000 10.8480
10.0000 9.8189
10.0000 10.6336
10.0000 10.0183
10.0000 10.0978
10.0000 10.3195
10.0000 9.7532
10.0000 10.5767
10.0000 10.8754
10.0000 10.2672
10.0000 10.6781
10.0000 10.0471
10.0000 9.9656
10.0000 9.6612
10.0000 9.4747
10.0000 9.8954
10.0000 10.7167
10.0000 10.8915
10.0000 9.7620
10.0000 9.3548
10.0000 10.1195
10.0000 9.4567
10.0000 10.1475
10.0000 10.2210
10.0000 10.7614
10.0000 9.8486
10.0000 10.6709
10.0000 9.6842
10.0000 10.7457
10.0000 10.3682
10.0000 10.3966
10.0000 10.1545
10.0000 9.9848
10.0000 10.0822
10.0000 10.7356
10.0000 10.7321
10.0000 10.4813
10.0000 10.3398
10.0000 10.3674
10.0000 10.1785
10.0000 9.9712
10.0000 10.0250
10.0000 11.1842
10.0000 10.8521
10.0000 10.3709
10.0000 10.0129
10.0000 9.5451
10.0000 11.3127
10.0000 9.6622
10.0000 10.3360
10.0000 10.7395
10.0000 10.4550
10.0000 10.2909
10.0000 10.6705
10.0000 10.8961
10.0000 10.6236
10.0000 10.0188
10.0000 10.8614
10.0000 10.5171
10.0000 10.0880
10.0000 10.5102
10.0000 9.5787
10.0000 10.3880
10.0000 10.9369
10.0000 10.2983
10.0000 9.5564
10.0000 10.7026
10.0000 10.3160
10.0000 10.3228
10.0000 10.0530
10.0000 11.0839
10.0000 9.9024
10.0000 11.2947
10.0000 10.7333
10.0000 9.7522
10.0000 10.9396
10.0000 10.7464
10.0000 10.5389
10.0000 10.2857
10.0000 9.6263
10.0000 9.9059
10.0000 10.4959
10.0000 11.1405
10.0000 10.1891
10.0000 10.4969
10.0000 10.9617
10.0000 9.9018
10.0000 11.0729
10.0000 10.2116
10.0000 10.3423
10.0000 9.2000
10.0000 11.4591
10.0000 11.2947
10.0000 10.2074
10.0000 8.7566
10.0000 10.6064
10.0000 10.0047
10.0000 10.2001
10.0000 9.9491
10.0000 9.5573
10.0000 10.4469
10.0000 9.5487
10.0000 9.8221
10.0000 10.3481
10.0000 9.8876
10.0000 9.7933
10.0000 9.9151
10.0000 10.5689
10.0000 10.0969
10.0000 9.9238
10.0000 10.8288
10.0000 10.3487
10.0000 9.5680
10.0000 10.8189
10.0000 10.5187
10.0000 9.6714
10.0000 9.7766
10.0000 10.1229
10.0000 10.6199
10.0000 10.6949
10.0000 10.9398
10.0000 10.2653
10.0000 9.9016
10.0000 9.1403
10.0000 9.6674
10.0000 9.4725
10.0000 10.2195
10.0000 9.3532
10.0000 10.2749
10.0000 10.0751
10.0000 10.2849
10.0000 10.8238
10.0000 10.9767
10.0000 10.3637
10.0000 10.4306
10.0000 9.9614
10.0000 10.2449
10.0000 10.3734
10.0000 10.3726
10.0000 11.4978
10.0000 10.4516
10.0000 10.1091
10.0000 9.8024
10.0000 9.4379
10.0000 10.2667
10.0000 9.4185
10.0000 10.0340
10.0000 9.9881
10.0000 9.9308
10.0000 10.4820
10.0000 10.9906
10.0000 9.4831
10.0000 10.7171
10.0000 10.6012
10.0000 9.3252
10.0000 9.9238
10.0000 9.9356
10.0000 10.2082
10.0000 10.4572
10.0000 9.8250
10.0000 10.8041
10.0000 10.0617
10.0000 10.7433
10.0000 10.3849
10.0000 10.2368
10.0000 10.4090
10.0000 9.9788
10.0000 10.0187
10.0000 10.6701
10.0000 10.1201
10.0000 10.0087
10.0000 9.8526
10.0000 10.5236
10.0000 9.5163
10.0000 10.4154
10.0000 9.0445
10.0000 10.0293
10.0000 10.2798
10.0000 10.8344
10.0000 10.1475
10.0000 10.9598
10.0000 9.5084
10.0000 10.3595
10.0000 10.5467
10.0000 9.9954
10.0000 10.7308
10.0000 10.2838
10.0000 10.5080
10.0000 9.4716
10.0000 10.5041
10.0000 10.6724
10.0000 10.1960
10.0000 10.4290
10.0000 10.6520
10.0000 10.4547
10.0000 10.7426
10.0000 9.3120
10.0000 10.9527
10.0000 10.5326
10.0000 10.0585
10.0000 9.5308
10.0000 9.9756
10.0000 10.0179
10.0000 9.4590
10.0000 9.8963
10.0000 10.4393
10.0000 9.6212
10.0000 9.3663
10.0000 10.4338
10.0000 10.2804
10.0000 10.5364
10.0000 9.8767
10.0000 10.3615
10.0000 10.1789
10.0000 10.2408
10.0000 9.9743
10.0000 10.6404
10.0000 10.6624
10.0000 9.8027
10.0000 10.6755
10.0000 9.1884
10.0000 10.2490
10.0000 9.8700
10.0000 10.3178
10.0000 9.8242
10.0000 10.4406
10.0000 9.6710
10.0000 10.8320
10.0000 9.4641
10.0000 10.2908
10.0000 10.8120
10.0000 10.8924
10.0000 9.7786
10.0000 9.0434
10.0000 10.5450
10.0000 11.0057
10.0000 10.5917
10.0000 9.8236
10.0000 10.2514
10.0000 9.1343
10.0000 10.1766
10.0000 10.5469
10.0000 9.7935
10.0000 9.5807
10.0000 10.4061
10.0000 10.2161
10.0000 10.6787
10.0000 10.1522
10.0000 9.9515
10.0000 10.1050
10.0000 10.3137
10.0000 10.2747
10.0000 10.1408
10.0000 10.6537
10.0000 10.2754
10.0000 9.5510
10.0000 11.0475
10.0000 8.9463
10.0000 9.4501
10.0000 10.3102
10.0000 10.9341
10.0000 10.5996
10.0000 10.1588
10.0000 10.3246
10.0000 11.1860
10.0000 9.9782
10.0000 10.1966
10.0000 11.0341
10.0000 10.0511
10.0000 10.5290
10.0000 10.5424
10.0000 9.2417
10.0000 10.1075
10.0000 9.6783
10.0000 9.7494
10.0000 9.7613
10.0000 10.3074
10.0000 10.6177
10.0000 10.3539
10.0000 10.3534
10.0000 9.0468
10.0000 10.1691
10.0000 10.0910
10.0000 10.6358
10.0000 10.0789
10.0000 10.8382
10.0000 10.2638
10.0000 10.7308
10.0000 10.1484
10.0000 10.8619
10.0000 9.9928
10.0000 10.3361
10.0000 9.9505
10.0000 10.1347
10.0000 11.1550
10.0000 9.9689
10.0000 10.4569
10.0000 10.4988
10.0000 10.5279
10.0000 10.3523
10.0000 10.2409
10.0000 10.6471
10.0000 9.6131
10.0000 10.3647
10.0000 10.4308
10.0000 10.5731
10.0000 9.8262
10.0000 10.4630
10.0000 10.8251
10.0000 10.0806
10.0000 10.2302
10.0000 9.9915
10.0000 9.5910
10.0000 10.5076
10.0000 10.2152
10.0000 10.6642
10.0000 9.4604
10.0000 9.8554
10.0000 11.2555
10.0000 9.7508
10.0000 9.8406
10.0000 10.3712
10.0000 10.5695
10.0000 9.7302
10.0000 9.9735
10.0000 9.8059
10.0000 10.2333
10.0000 9.7214
10.0000 9.9479
10.0000 10.1273
10.0000 10.8219
10.0000 10.0075
10.0000 10.9127
10.0000 10.0810
10.0000 9.9768
10.0000 10.3027
10.0000 10.1966
10.0000 10.2401
10.0000 10.8780
10.0000 11.0772
10.0000 10.0509
10.0000 9.8764
10.0000 11.4905
10.0000 9.3706
10.0000 8.8510
10.0000 10.0667
10.0000 10.4352
10.0000 10.2206
10.0000 10.4393
10.0000 10.2164
10.0000 10.1570
10.0000 10.5014
10.0000 9.5194
10.0000 9.4422
10.0000 9.8060
10.0000 9.3581
10.0000 9.7340
10.0000 9.8651
10.0000 10.9147
10.0000 10.3705
10.0000 9.8182
10.0000 10.1565
10.0000 10.9095
10.0000 10.8381
10.0000 10.4925
10.0000 9.7819
10.0000 10.0897
10.0000 9.2094
10.0000 10.0079
10.0000 9.8972
10.0000 9.9344
10.0000 10.4079
10.0000 10.4538
10.0000 9.2433
10.0000 9.9704
10.0000 10.5884
10.0000 9.5299
10.0000 9.6905
10.0000 9.8350
10.0000 10.5084
10.0000 10.0242
10.0000 10.0702
10.0000 10.7799
10.0000 9.9079
10.0000 9.8880
10.0000 9.6715
10.0000 10.1322
10.0000 10.2736
10.0000 11.1483
10.0000 10.0188
10.0000 10.1206
10.0000 10.6298
10.0000 10.1413
10.0000 10.0134
10.0000 9.7263
10.0000 10.5021
10.0000 10.4581
10.0000 9.5802
10.0000 10.8768
10.0000 9.9642
10.0000 10.7057
10.0000 9.9977
10.0000 9.9202
10.0000 9.7720
10.0000 11.1416
10.0000 10.6273
10.0000 10.0422
10.0000 10.3781
10.0000 10.4526
10.0000 9.7956
10.0000 9.6166
10.0000 9.5157
10.0000 9.4335
10.0000 10.7391
10.0000 10.0294
10.0000 10.0191
10.0000 10.2492
10.0000 10.1194
10.0000 10.4938
10.0000 9.9372
10.0000 10.5568
10.0000 10.0879
10.0000 10.3442
10.0000 10.3557
10.0000 9.3535
10.0000 10.5065
10.0000 9.9693
10.0000 10.0249
10.0000 9.7332
10.0000 9.6897
10.0000 11.4091
10.0000 10.0705
10.0000 9.7443
10.0000 10.1228
10.0000 9.8785
10.0000 10.8373
10.0000 9.0713
10.0000 11.3559
10.0000 10.1908
10.0000 10.0646
10.0000 10.7390
10.0000 9.8134
10.0000 11.2659
10.0000 9.5504
10.0000 10.1019
10.0000 10.6925
10.0000 10.3808
10.0000 10.3785
10.0000 10.3141
10.0000 9.7924
10.0000 10.3639
10.0000 10.1754
10.0000 9.6103
10.0000 10.8974
10.0000 9.9810
10.0000 9.5817
10.0000 10.6826
10.0000 9.6928
10.0000 11.2175
10.0000 9.7938
10.0000 10.7279
10.0000 10.7211
10.0000 10.2012
10.0000 9.6292
10.0000 10.9876
10.0000 9.1764
10.0000 10.0943
10.0000 10.5710
10.0000 9.0800
10.0000 11.7576
10.0000 10.8071
10.0000 10.2054
10.0000 10.5866
10.0000 9.3098
10.0000 9.8428
10.0000 10.0440
10.0000 10.5840
10.0000 9.9339
10.0000 9.8361
10.0000 11.4394
10.0000 9.8461
10.0000 9.9865
10.0000 9.6172
10.0000 10.6610
10.0000 11.8239
10.0000 8.8341
10.0000 9.3822
10.0000 11.3242
10.0000 11.2228
10.0000 10.3074
10.0000 10.2392
10.0000 9.4676
10.0000 10.3938
10.0000 10.7876
10.0000 10.2540
10.0000 10.0950
10.0000 10.1296
10.0000 9.3830
10.0000 11.2312
10.0000 11.2421
10.0000 9.7681
10.0000 9.9634
10.0000 10.0994
10.0000 10.9086
10.0000 11.0490
10.0000 10.5321
10.0000 10.1187
10.0000 10.3106
10.0000 10.0446
10.0000 10.1257
10.0000 9.5820
10.0000 9.7043
10.0000 9.5031
10.0000 10.8323
10.0000 10.7620
10.0000 10.7582
10.0000 10.1363
10.0000 10.5808
10.0000 11.0340
10.0000 10.3689
10.0000 10.3670
10.0000 10.3377
10.0000 10.5760
10.0000 9.8865
10.0000 9.5330
10.0000 9.7313
10.0000 10.5552
10.0000 9.9895
10.0000 10.2310
10.0000 10.1928
10.0000 10.1531
10.0000 9.3363
10.0000 10.2497
10.0000 10.6443
10.0000 10.9073
10.0000 10.6377
10.0000 10.2722
10.0000 10.5665
10.0000 10.0308
10.0000 9.3299
10.0000 10.5443
10.0000 10.7727
10.0000 10.8493
10.0000 11.5480
10.0000 10.6563
10.0000 9.6049
10.0000 9.3401
10.0000 9.4497
10.0000 10.9188
10.0000 9.9236
10.0000 9.8195
10.0000 10.7040
10.0000 9.9936
10.0000 10.0430
10.0000 9.3006
10.0000 10.4101
10.0000 9.7480
10.0000 9.8206
10.0000 9.4892
10.0000 10.9006
10.0000 9.6863
10.0000 10.7180
10.0000 9.7682
10.0000 10.0639
10.0000 9.0848
10.0000 9.4239
10.0000 11.0477
10.0000 9.9224
10.0000 9.6377
10.0000 11.0803
10.0000 9.9548
10.0000 11.5427
10.0000 9.9590
10.0000 9.7184
10.0000 10.1910
10.0000 10.5940
10.0000 11.1089
10.0000 10.5523
10.0000 10.5889
10.0000 11.2528
10.0000 10.7751
10.0000 10.2823
10.0000 10.7744
10.0000 9.7543
10.0000 9.5498
10.0000 9.1907
10.0000 10.5914
10.0000 10.2119
10.0000 10.6083
10.0000 9.2811
10.0000 10.9976
10.0000 10.6136
10.0000 9.3996
10.0000 11.0104
10.0000 10.6309
10.0000 10.1494
10.0000 10.7646
10.0000 10.3258
10.0000 11.2504
10.0000 11.7071
10.0000 10.3498
10.0000 10.4485
10.0000 10.1668
10.0000 10.1001
10.0000 10.2159
10.0000 10.2118
10.0000 10.2183
10.0000 9.5933
10.0000 10.3412
10.0000 9.8497
10.0000 10.0485
10.0000 9.6824
10.0000 10.3705
10.0000 11.2244
10.0000 10.2337
10.0000 9.9256
10.0000 9.1536
10.0000 10.6195
10.0000 10.6778
10.0000 9.7769
10.0000 10.0258
10.0000 9.9000
10.0000 9.8279
10.0000 10.3166
10.0000 9.9321
10.0000 9.1568
10.0000 10.5759
10.0000 9.9266
10.0000 10.0626
10.0000 10.9500
10.0000 10.2918
10.0000 10.6232
10.0000 9.9999
10.0000 10.3911
10.0000 11.0812
10.0000 10.9131
10.0000 9.5116
10.0000 10.8198
10.0000 10.3901
10.0000 9.7399
10.0000 9.9342
10.0000 9.9801
10.0000 9.5952
10.0000 11.3818
10.0000 10.2015
10.0000 10.2085
10.0000 8.8043
10.0000 9.3386
10.0000 10.4356
10.0000 10.4207
10.0000 10.6695
10.0000 9.6221
10.0000 8.7593
10.0000 10.5391
10.0000 9.7865
10.0000 10.2170
10.0000 9.7807
10.0000 10.1524
10.0000 10.0039
10.0000 9.0047
10.0000 10.5217
10.0000 10.2386
10.0000 10.0592
10.0000 9.9806
10.0000 10.0041
10.0000 9.9341
10.0000 10.0623
10.0000 10.0928
10.0000 9.5291
10.0000 10.4693
10.0000 9.7449
10.0000 9.9349
10.0000 10.6772
10.0000 11.1005
10.0000 10.5427
10.0000 10.6342
10.0000 9.8642
10.0000 10.2831
10.0000 10.3304
10.0000 10.5958
10.0000 10.1444
10.0000 9.5626
10.0000 9.2128
10.0000 10.6443
10.0000 10.2458
10.0000 10.8852
10.0000 10.3584
10.0000 10.2599
10.0000 10.1869
10.0000 10.8685
10.0000 10.2637
10.0000 10.6044
10.0000 10.1944
10.0000 10.1514
10.0000 10.2587
10.0000 11.0509
10.0000 10.2520
10.0000 10.3687
10.0000 9.8812
10.0000 10.0771
10.0000 10.2098
10.0000 10.2741
10.0000 10.4049
10.0000 9.7992
10.0000 10.0567
10.0000 10.5905
10.0000 9.6853
10.0000 10.7022
10.0000 10.7306
10.0000 10.1135
10.0000 10.4635
10.0000 10.8341
10.0000 10.6313
10.0000 10.3087
10.0000 8.9786
10.0000 9.9980
10.0000 9.9243
10.0000 10.6980
10.0000 9.7013
10.0000 11.3225
10.0000 9.7679
10.0000 10.1931
10.0000 10.4911
10.0000 9.3965
10.0000 9.3767
10.0000 9.6753
10.0000 10.6452
10.0000 10.9369
10.0000 9.5322
10.0000 10.4133
10.0000 9.7258
10.0000 10.3569
10.0000 10.2181
10.0000 10.0005
10.0000 11.8744
10.0000 10.1275
10.0000 10.2488
10.0000 10.1495
10.0000 10.2697
10.0000 10.7103
10.0000 9.8941
10.0000 11.0147
10.0000 10.0746
10.0000 10.5091
10.0000 10.8174
10.0000 9.5638
10.0000 9.6005
10.0000 9.7850
10.0000 10.2411
10.0000 9.7630
10.0000 9.9093
10.0000 10.2163
10.0000 10.5811
10.0000 10.0991
10.0000 10.3577
10.0000 11.0350
10.0000 9.5672
10.0000 9.8339
10.0000 10.5468
10.0000 10.8265
10.0000 10.6192
10.0000 9.8587
10.0000 10.3798
10.0000 10.3791
10.0000 10.2137
10.0000 10.3287
10.0000 9.8031
10.0000 10.2329
10.0000 10.3795
10.0000 9.8207
10.0000 9.6763
10.0000 9.3641
10.0000 10.0835
10.0000 10.4886
10.0000 9.9520
10.0000 10.3789
10.0000 9.9707
10.0000 9.0742
10.0000 10.5540
10.0000 10.9713
10.0000 9.7749
10.0000 9.9551
10.0000 10.3080
10.0000 10.9399
10.0000 10.7871
10.0000 9.4642
10.0000 10.4654
10.0000 10.2072
10.0000 9.9219
10.0000 9.8427
10.0000 9.4807
10.0000 10.0042
10.0000 10.1144
10.0000 10.2687
10.0000 10.0869
10.0000 10.6213
10.0000 10.2382
10.0000 9.4267
10.0000 10.2446
10.0000 10.5580
10.0000 10.2389
10.0000 10.3154
10.0000 10.1773
10.0000 9.9344
10.0000 9.6565
10.0000 10.6952
10.0000 10.7331
10.0000 9.4909
10.0000 10.1700
10.0000 10.7179
10.0000 10.9057
10.0000 10.7633
10.0000 9.4151
10.0000 10.4958
10.0000 9.4191
10.0000 10.5352
10.0000 10.2170
10.0000 9.1731
10.0000 9.7801
10.0000 10.7299
10.0000 10.4081
10.0000 9.6846
10.0000 10.0838
10.0000 10.7361
10.0000 10.6003
10.0000 10.4825
10.0000 9.4269
10.0000 9.6481
10.0000 10.7700
10.0000 10.4713
10.0000 10.1611
10.0000 10.6983
10.0000 10.1584
10.0000 10.9475
10.0000 10.1597
10.0000 10.3226
10.0000 10.2440
10.0000 9.4397
10.0000 9.9297
10.0000 10.7924
10.0000 10.2021
10.0000 10.6362
10.0000 8.7126
10.0000 10.5454
10.0000 10.1361
10.0000 10.8194
10.0000 9.7123
10.0000 10.3688
10.0000 9.9199
10.0000 10.0494
10.0000 10.6598
10.0000 10.1138
10.0000 9.8729
10.0000 9.6747
10.0000 10.6564
10.0000 10.0278
10.0000 9.6872
10.0000 10.7556
10.0000 10.2212
10.0000 10.6907
10.0000 11.6002
10.0000 10.8611
10.0000 9.8207
10.0000 9.6306
10.0000 11.5400
10.0000 10.3156
10.0000 10.1703
10.0000 11.0791
10.0000 10.5308
10.0000 11.1757
10.0000 10.5880
10.0000 10.2138
10.0000 10.6376
10.0000 11.1590
10.0000 10.2660
10.0000 10.5608
10.0000 10.2631
10.0000 10.6655
10.0000 9.7361
10.0000 9.9963
10.0000 9.7184
10.0000 10.2994
10.0000 10.6557
10.0000 10.3195
10.0000 10.3360
10.0000 10.4188
10.0000 10.0397
10.0000 10.3138
10.0000 10.6737
10.0000 10.0640
10.0000 10.1611
10.0000 9.8178
10.0000 10.8767
10.0000 10.5402
10.0000 9.7746
10.0000 9.1213
10.0000 9.6072
10.0000 9.6403
10.0000 9.4957
10.0000 9.9444
10.0000 8.5833
10.0000 10.2567
10.0000 9.7424
10.0000 9.7390
10.0000 9.9600
10.0000 10.7056
10.0000 10.8705
10.0000 10.3819
10.0000 9.9177
10.0000 9.7728
10.0000 9.5874
10.0000 10.1623
10.0000 10.6274
10.0000 10.4577
10.0000 11.2236
10.0000 9.8785
10.0000 10.7621
10.0000 10.5420
10.0000 10.6739
10.0000 10.5452
10.0000 10.2103
10.0000 10.3733
10.0000 10.3466
10.0000 10.6692
10.0000 9.6580
10.0000 11.0159
10.0000 9.5541
10.0000 10.8836
10.0000 10.2452
10.0000 10.0425
10.0000 10.4196
10.0000 10.4317
10.0000 10.8437
10.0000 9.8081
10.0000 10.3468
10.0000 10.4917
10.0000 11.1364
10.0000 10.5537
10.0000 9.7174
10.0000 10.3525
10.0000 10.2651
10.0000 10.5546
10.0000 9.8936
10.0000 9.5404
10.0000 10.2088
10.0000 9.8829
10.0000 10.2800
10.0000 10.1365
10.0000 10.5194
10.0000 10.0921
10.0000 9.8108
10.0000 10.0547
10.0000 10.4686
10.0000 10.6724
10.0000 10.3909
10.0000 10.3659
10.0000 10.1719
10.0000 10.7723
10.0000 10.1884
10.0000 9.5056
10.0000 10.0003
10.0000 10.3723
10.0000 9.7852
10.0000 10.6513
10.0000 9.4401
10.0000 9.0953
10.0000 10.2986
10.0000 10.6944
10.0000 10.1765
10.0000 10.0610
10.0000 9.7630
10.0000 9.4988
10.0000 10.3968
10.0000 10.1123
10.0000 10.2829
10.0000 10.4943
10.0000 9.8267
10.0000 10.6113
10.0000 10.4937
10.0000 10.1014
10.0000 10.2578
10.0000 11.0475
10.0000 10.5313
10.0000 10.0418
10.0000 10.9548
10.0000 10.2616
10.0000 10.4887
10.0000 10.1991
10.0000 10.1691
10.0000 9.5122
10.0000 10.3130
10.0000 10.3014
10.0000 10.5456
10.0000 9.3199
10.0000 10.2930
10.0000 10.1072
10.0000 10.5588
10.0000 10.2723
10.0000 10.9187
10.0000 9.5913
10.0000 10.3709
10.0000 9.8522
10.0000 10.0813
10.0000 10.6731
10.0000 9.9042
10.0000 9.1778
10.0000 10.6024
10.0000 11.5666
10.0000 10.2992
10.0000 10.4985
10.0000 9.3021
10.0000 9.5159
10.0000 10.0483
10.0000 10.2578
10.0000 10.9734
10.0000 11.4473
10.0000 9.7849
10.0000 11.7051
10.0000 9.9956
10.0000 9.6743
10.0000 10.7924
10.0000 10.0294
10.0000 10.6421
10.0000 9.6293
10.0000 10.3168
10.0000 10.4481
10.0000 9.8553
10.0000 10.1534
10.0000 10.5379
10.0000 10.4378
10.0000 10.3309
10.0000 10.1362
10.0000 9.4577
10.0000 10.8536
10.0000 10.6422
10.0000 10.4262
10.0000 10.2568
10.0000 10.3310
10.0000 10.0696
10.0000 9.6676
10.0000 10.8574
10.0000 10.5422
10.0000 10.3297
10.0000 9.8692
10.0000 9.8451
10.0000 10.3024
10.0000 10.3833
10.0000 9.9156
10.0000 11.0507
10.0000 10.5963
10.0000 10.2955
10.0000 9.9570
10.0000 11.5215
10.0000 10.1944
10.0000 9.2162
10.0000 10.5448
10.0000 10.7109
10.0000 10.5275
10.0000 10.4902
10.0000 9.7849
10.0000 10.6356
10.0000 9.9299
10.0000 10.5457
10.0000 11.5477
10.0000 9.5704
10.0000 9.0462
10.0000 10.0265
10.0000 9.7932
10.0000 11.3411
10.0000 9.6135
10.0000 11.1599
10.0000 9.9997
10.0000 10.0684
10.0000 10.2293
10.0000 11.0310
10.0000 10.3070
10.0000 9.8808
10.0000 10.6508
10.0000 9.9914
10.0000 10.5372
10.0000 10.6675
10.0000 10.4498
10.0000 10.8934
10.0000 9.6493
10.0000 10.2772
10.0000 11.1710
10.0000 9.6737
10.0000 10.0275
10.0000 11.3175
10.0000 10.4461
10.0000 9.5808
10.0000 9.4442
10.0000 9.7919
10.0000 10.5126
10.0000 10.8843
10.0000 10.5149
10.0000 10.3545
10.0000 10.5782
10.0000 10.0356
10.0000 9.0923
10.0000 9.7381
10.0000 10.4285
10.0000 9.3665
10.0000 9.8576
10.0000 10.2307
10.0000 9.7790
10.0000 11.3762
10.0000 10.0350
10.0000 10.5600
10.0000 9.7013
10.0000 10.9841
10.0000 10.3825
10.0000 10.6273
10.0000 10.5368
10.0000 10.9162
10.0000 10.1900
10.0000 10.0292
10.0000 10.1957
10.0000 10.5543
10.0000 9.7661
10.0000 10.0314
10.0000 10.8627
10.0000 10.4129
10.0000 10.4750
10.0000 10.2429
10.0000 10.0447
10.0000 10.0681
10.0000 10.2686
10.0000 9.5537
10.0000 9.8690
10.0000 9.8067
10.0000 9.9190
10.0000 10.8798
10.0000 10.4694
10.0000 10.6333
10.0000 10.2907
10.0000 10.6441
10.0000 9.6390
10.0000 9.6937
10.0000 10.3896
10.0000 11.2995
10.0000 10.4681
10.0000 10.9983
10.0000 10.7649
10.0000 9.1448
10.0000 9.5490
10.0000 9.6841
10.0000 10.4918
10.0000 10.3480
10.0000 9.4161
10.0000 9.8500
10.0000 10.2776
10.0000 9.3182
10.0000 10.4239
10.0000 10.6434
10.0000 11.1804
10.0000 10.8516
10.0000 10.2018
10.0000 11.2268
10.0000 9.6804
10.0000 10.5127
10.0000 10.3790
10.0000 9.6812
10.0000 10.6514
10.0000 10.4877
10.0000 10.3440
10.0000 10.0994
10.0000 10.0452
10.0000 10.1590
10.0000 10.7626
10.0000 9.9517
10.0000 9.6707
10.0000 10.2482
10.0000 10.0369
10.0000 10.0514
10.0000 10.0064
10.0000 9.8514
10.0000 10.8915
10.0000 10.2860
10.0000 10.4054
10.0000 9.8793
10.0000 10.3612
10.0000 11.0970
10.0000 9.7296
10.0000 10.3306
10.0000 10.2673
10.0000 10.0631
10.0000 10.4113
10.0000 9.9539
10.0000 10.3414
10.0000 10.6508
10.0000 10.9790
10.0000 10.6936
10.0000 10.4116
10.0000 9.6558
10.0000 9.8705
10.0000 10.2336
10.0000 9.8148
10.0000 10.0001
10.0000 9.7854
10.0000 10.3885
10.0000 10.5444
10.0000 9.8429
10.0000 10.8545
10.0000 11.0789
10.0000 8.7792
10.0000 10.3271
10.0000 9.9723
10.0000 9.3256
10.0000 10.7462
10.0000 11.0070
10.0000 9.2178
10.0000 9.9444
10.0000 9.5454
10.0000 10.4380
10.0000 10.0418
10.0000 10.4725
10.0000 10.9259
10.0000 10.3759
10.0000 9.4828
10.0000 10.2131
10.0000 9.8500
10.0000 9.9016
10.0000 9.6302
10.0000 9.7664
10.0000 10.8798
10.0000 9.9170
10.0000 11.0938
10.0000 10.2095
10.0000 10.3789
10.0000 10.2639
10.0000 10.8200
10.0000 10.3628
10.0000 11.0812
10.0000 11.1884
10.0000 10.7437
10.0000 10.4231
10.0000 10.5960
10.0000 10.2936
10.0000 9.8586
10.0000 11.1444
10.0000 10.3628
10.0000 10.2919
10.0000 10.1053
10.0000 10.3707
10.0000 10.7979
10.0000 10.3535
10.0000 9.9214
10.0000 10.3438
10.0000 10.8378
10.0000 10.6716
10.0000 10.5540
10.0000 10.5051
10.0000 10.9204
10.0000 10.6406
10.0000 10.1725
10.0000 11.5060
10.0000 10.1384
10.0000 10.2056
10.0000 9.6962
10.0000 9.7551
10.0000 9.8571
10.0000 10.7927
10.0000 9.5944
10.0000 11.0153
10.0000 10.4269
10.0000 10.0448
10.0000 10.6131
10.0000 9.7072
10.0000 9.9206
10.0000 9.9214
10.0000 10.3324
10.0000 10.6892
10.0000 9.8783
10.0000 10.3329
10.0000 9.6347
10.0000 10.2931
10.0000 9.7766
10.0000 9.8029
10.0000 10.2515
10.0000 10.5516
10.0000 9.3991
10.0000 10.7775
10.0000 10.7556
10.0000 9.9062
10.0000 11.3839
10.0000 10.1373
10.0000 10.3634
10.0000 9.9732
10.0000 10.5515
10.0000 10.5210
10.0000 10.1334
10.0000 10.2152
10.0000 10.4689
10.0000 8.7210
10.0000 10.7577
10.0000 10.1287
10.0000 10.5111
10.0000 9.7919
10.0000 10.4037
10.0000 9.8322
10.0000 10.5286
10.0000 9.9397
10.0000 9.7694
10.0000 9.4680
10.0000 10.8962
10.0000 9.8524
10.0000 10.1017
10.0000 10.7295
10.0000 10.7688
10.0000 10.6076
10.0000 9.5187
10.0000 9.6449
10.0000 9.8976
10.0000 10.3648
10.0000 9.7517
10.0000 11.2078
10.0000 10.1897
10.0000 10.3865
10.0000 9.9199
10.0000 10.5327
10.0000 10.0548
10.0000 9.6703
10.0000 10.0981
10.0000 10.5009
10.0000 10.4450
10.0000 10.4712
10.0000 9.8776
10.0000 10.0137
10.0000 9.6535
10.0000 9.9899
10.0000 10.1841
10.0000 10.9864
10.0000 9.8716
10.0000 10.8763
10.0000 9.7839
10.0000 10.7851
10.0000 10.5541
10.0000 10.8429
10.0000 10.0723
10.0000 10.7894
10.0000 10.5352
10.0000 10.6084
10.0000 11.0003
10.0000 11.3700
10.0000 9.8288
10.0000 10.5903
10.0000 10.0491
10.0000 10.4196
10.0000 9.0292
10.0000 10.3034
10.0000 9.8473
10.0000 10.6144
10.0000 9.9920
10.0000 10.3359
10.0000 10.8968
10.0000 10.6775
10.0000 9.6838
10.0000 9.0114
10.0000 9.8816
10.0000 9.9081
10.0000 8.9582
10.0000 9.0030
10.0000 9.7275
10.0000 10.0916
10.0000 10.4265
10.0000 10.1928
10.0000 10.1214
10.0000 9.7046
10.0000 9.5914
10.0000 10.0117
10.0000 10.3155
10.0000 10.1603
10.0000 10.4077
10.0000 9.8796
10.0000 9.7745
10.0000 10.2383
10.0000 9.5244
10.0000 10.3337
10.0000 9.9412
10.0000 9.9245
10.0000 10.8817
10.0000 10.2209
10.0000 9.6813
10.0000 9.8662
10.0000 9.1480
10.0000 11.1077
10.0000 10.9829
10.0000 10.1168
10.0000 10.3496
10.0000 9.7401
10.0000 9.6833
10.0000 9.8493
10.0000 10.5929
10.0000 10.5369
10.0000 9.8498
10.0000 10.0993
10.0000 10.5296
10.0000 10.3471
10.0000 11.0060
10.0000 10.0928
10.0000 10.8139
10.0000 9.7011
10.0000 10.3842
10.0000 9.7522
10.0000 10.3597
10.0000 9.9933
10.0000 10.6334
10.0000 10.3664
10.0000 11.4089
10.0000 10.8483
10.0000 9.7851
10.0000 9.5591
10.0000 9.9876
10.0000 11.6873
10.0000 9.9750
10.0000 10.3434
10.0000 9.8711
10.0000 10.6996
10.0000 10.8060
10.0000 11.0585
10.0000 10.7360
10.0000 11.2759
10.0000 10.0609
10.0000 10.9899
10.0000 10.2026
10.0000 10.3945
10.0000 9.6727
10.0000 10.8855
10.0000 10.9145
10.0000 10.5976
10.0000 10.2551
10.0000 10.8015
10.0000 10.6877
10.0000 10.5102
10.0000 9.5839
10.0000 9.7757
10.0000 10.0690
10.0000 10.2728
10.0000 10.3682
10.0000 10.7437
10.0000 11.0776
10.0000 10.1498
10.0000 9.6916
10.0000 9.8050
10.0000 10.2128
10.0000 10.7254
10.0000 9.8798
10.0000 10.5935
10.0000 10.8945
10.0000 10.1781
10.0000 9.7732
10.0000 10.5376
10.0000 10.4351
10.0000 9.5513
10.0000 10.2572
10.0000 9.6690
10.0000 10.1074
10.0000 9.4170
10.0000 10.7596
10.0000 10.8886
10.0000 10.0374
10.0000 9.9275
10.0000 9.6988
10.0000 10.6394
10.0000 10.2797
10.0000 10.4041
10.0000 8.7609
10.0000 10.3169
10.0000 10.1300
10.0000 11.1654
10.0000 10.4797
10.0000 10.7501
10.0000 9.8279
10.0000 9.8719
10.0000 10.5235
10.0000 11.3777
10.0000 10.4250
10.0000 10.8154
10.0000 9.8212
10.0000 10.5253
10.0000 9.9525
10.0000 9.9983
10.0000 10.4247
10.0000 9.5863
10.0000 10.8424
10.0000 10.7335
10.0000 9.6699
10.0000 10.7252
10.0000 10.8493
10.0000 10.1790
10.0000 10.6918
10.0000 9.4007
10.0000 10.8179
10.0000 10.6478
10.0000 10.2877
10.0000 10.7174
10.0000 10.4887
10.0000 10.6285
10.0000 10.9516
10.0000 9.7062
10.0000 10.1119
10.0000 9.7670
10.0000 10.6883
10.0000 9.3442
10.0000 10.1552
10.0000 10.8203
10.0000 10.8220
10.0000 9.8928
10.0000 10.7430
10.0000 10.3924
10.0000 10.6526
10.0000 9.9149
10.0000 10.3863
10.0000 10.1736
10.0000 9.7767
10.0000 10.6556
10.0000 10.7041
10.0000 10.3072
10.0000 11.1213
10.0000 9.6661
10.0000 10.7422
10.0000 10.3970
10.0000 10.6547
10.0000 10.3445
10.0000 9.8769
10.0000 11.0284
10.0000 10.6183
10.0000 9.2622
10.0000 10.4680
10.0000 9.4456
10.0000 10.1515
10.0000 10.4116
10.0000 10.9736
10.0000 9.8042
10.0000 10.9092
10.0000 9.4578
10.0000 10.1268
10.0000 10.0349
10.0000 9.5715
10.0000 11.3705
10.0000 10.1383
10.0000 9.6302
10.0000 10.4149
10.0000 10.5359
10.0000 10.4702
10.0000 9.6817
10.0000 9.8068
10.0000 9.7243
10.0000 9.4467
10.0000 10.6481
10.0000 10.5087
10.0000 10.2667
10.0000 10.7681
10.0000 9.4954
10.0000 10.8399
10.0000 10.6070
10.0000 10.3107
10.0000 10.3982
10.0000 10.7709
10.0000 9.6709
10.0000 10.0402
10.0000 9.5689
10.0000 9.8562
10.0000 9.8543
10.0000 10.3269
10.0000 10.6928
10.0000 10.5795
10.0000 10.8169
10.0000 10.6100
10.0000 10.2158
10.0000 10.5484
10.0000 10.4154
10.0000 10.5214
10.0000 9.7172
10.0000 9.9641
10.0000 10.9227
10.0000 10.9918
10.0000 10.4175
10.0000 9.7944
10.0000 9.5133
10.0000 10.9634
10.0000 10.6225
10.0000 10.3990
10.0000 10.1753
10.0000 10.1669
10.0000 11.3022
10.0000 9.3974
10.0000 9.7012
10.0000 10.8431
10.0000 10.1822
10.0000 10.5810
10.0000 9.8067
10.0000 9.4204
10.0000 10.3719
10.0000 9.8526
10.0000 10.4585
10.0000 10.9812
10.0000 10.8050
10.0000 10.1483
10.0000 9.9418
10.0000 10.6778
10.0000 10.4882
10.0000 10.0935
10.0000 10.0235
10.0000 10.2343
10.0000 10.9633
10.0000 9.8766
10.0000 10.4935
10.0000 10.0739
10.0000 10.2105
10.0000 11.1040
10.0000 10.1954
10.0000 9.7451
10.0000 10.2869
10.0000 10.3994
10.0000 10.8219
10.0000 10.4085
10.0000 11.1710
10.0000 11.0716
10.0000 10.7783
10.0000 9.9679
10.0000 9.5922
10.0000 10.5521
10.0000 9.3394
10.0000 9.7844
10.0000 10.6209
10.0000 9.8494
10.0000 10.3441
10.0000 9.9286
10.0000 10.0956
10.0000 10.9306
10.0000 10.1549
10.0000 8.9452
10.0000 10.1085
10.0000 10.3236
10.0000 11.2221
10.0000 10.3242
10.0000 9.9085
10.0000 10.2627
10.0000 11.0920
10.0000 9.6844
10.0000 10.4240
10.0000 9.8935
10.0000 9.9886
10.0000 10.7559
10.0000 10.6771
10.0000 10.4627
10.0000 10.0726
10.0000 9.1618
10.0000 10.5605
10.0000 10.1698
10.0000 10.7236
10.0000 10.9749
10.0000 10.2894
10.0000 10.1204
10.0000 10.8227
10.0000 9.9655
10.0000 10.9775
10.0000 9.8896
10.0000 11.2839
10.0000 10.8763
10.0000 10.2792
10.0000 10.4460
10.0000 9.6661
10.0000 10.1023
10.0000 10.9951
10.0000 9.6947
10.0000 10.4912
10.0000 9.5968
10.0000 9.9791
10.0000 10.2149
10.0000 10.2112
10.0000 11.1953
10.0000 10.3643
10.0000 10.0030
10.0000 9.3238
10.0000 10.2103
10.0000 10.0476
10.0000 9.6209
10.0000 11.1277
10.0000 11.1520
10.0000 10.0059
10.0000 10.6440
10.0000 9.9882
10.0000 10.4439
10.0000 11.1148
10.0000 10.0573
10.0000 10.3839
10.0000 10.5076
10.0000 10.4639
10.0000 10.4139
10.0000 9.7510
10.0000 9.9822
10.0000 10.2212
10.0000 10.3476
10.0000 10.1057
10.0000 10.6051
10.0000 11.1696
10.0000 10.7094
10.0000 10.5680
10.0000 9.5757
10.0000 9.9601
10.0000 11.0494
10.0000 10.5499
10.0000 10.2277
10.0000 9.9304
10.0000 10.4368
10.0000 9.5566
10.0000 9.2559
10.0000 10.6334
10.0000 10.5468
10.0000 10.1058
10.0000 10.4026
10.0000 9.5548
10.0000 10.1293
10.0000 10.3639
10.0000 9.6130
10.0000 10.8899
10.0000 9.8303
10.0000 10.0163
10.0000 9.9930
10.0000 9.4483
10.0000 9.8301
10.0000 10.4161
10.0000 10.8994
10.0000 10.3496
10.0000 10.7300
10.0000 10.3698
10.0000 9.9452
10.0000 10.1864
10.0000 10.4159
10.0000 11.3035
10.0000 10.2580
10.0000 10.0236
10.0000 10.3660
10.0000 10.3925
10.0000 10.0679
10.0000 10.2328
10.0000 11.1135
10.0000 10.1826
10.0000 10.2314
10.0000 9.6093
10.0000 9.9491
10.0000 10.6701
10.0000 9.8573
10.0000 10.4866
10.0000 10.6377
10.0000 10.6096
10.0000 9.6454
10.0000 9.7240
10.0000 10.0826
10.0000 10.5989
10.0000 10.1690
10.0000 9.9944
10.0000 9.4832
10.0000 10.0598
10.0000 10.9921
10.0000 10.3426
10.0000 9.7997
10.0000 10.4777
10.0000 9.9666
10.0000 10.0705
10.0000 11.1481
10.0000 9.4689
10.0000 10.1391
10.0000 10.3704
10.0000 10.2713
10.0000 10.6621
10.0000 11.1182
10.0000 10.9968
10.0000 10.2656
10.0000 10.1629
10.0000 9.8248
10.0000 10.5786
10.0000 10.8529
10.0000 10.0075
10.0000 10.2740
10.0000 10.0966
10.0000 11.1017
10.0000 10.3318
10.0000 9.8542
10.0000 10.7640
10.0000 9.9174
10.0000 10.4490
10.0000 10.4337
10.0000 10.5896
10.0000 9.5142
10.0000 10.8854
10.0000 11.3857
10.0000 9.7080
10.0000 10.1563
10.0000 10.5822
10.0000 10.3394
10.0000 10.4798
10.0000 10.4875
10.0000 11.1233
10.0000 9.7411
10.0000 9.7729
10.0000 9.8696
10.0000 11.3524
10.0000 10.7202
10.0000 10.3066
10.0000 9.9146
10.0000 10.1692
10.0000 10.3119
10.0000 9.5791
10.0000 9.6142
10.0000 10.9238
10.0000 10.0737
10.0000 10.4689
10.0000 8.8852
10.0000 10.3086
10.0000 9.8707
10.0000 10.9099
10.0000 9.7853
10.0000 10.8830
10.0000 10.8083
10.0000 9.6950
10.0000 11.8081
10.0000 11.1957
10.0000 9.4666
10.0000 9.9799
10.0000 11.0993
10.0000 10.6185
10.0000 10.2773
10.0000 9.9370
10.0000 11.2416
10.0000 9.6097
10.0000 11.0011
10.0000 10.9330
10.0000 10.9802
10.0000 10.5095
10.0000 10.8519
10.0000 10.1448
10.0000 9.7604
10.0000 10.2433
10.0000 9.1292
10.0000 11.6993
10.0000 10.6885
10.0000 10.0610
10.0000 10.6822
10.0000 9.9396
10.0000 10.7879
10.0000 10.5486
10.0000 11.2411
10.0000 9.7240
10.0000 8.9306
10.0000 10.7192
10.0000 10.3055
10.0000 9.5116
10.0000 9.6512
10.0000 9.7548
10.0000 9.7435
10.0000 9.8187
10.0000 9.9536
10.0000 10.2783
10.0000 10.4266
10.0000 11.0438
10.0000 9.8655
10.0000 10.9489
10.0000 10.7601
10.0000 11.0325
10.0000 10.7344
10.0000 10.2836
10.0000 10.3699
10.0000 9.8116
10.0000 10.5309
10.0000 10.7114
10.0000 9.8876
10.0000 10.7766
10.0000 10.4581
10.0000 11.0346
10.0000 10.0517
10.0000 10.1534
10.0000 10.4531
10.0000 9.4080
10.0000 9.8087
10.0000 10.1460
10.0000 11.1088
10.0000 10.0399
10.0000 9.7421
10.0000 9.8415
10.0000 10.6778
10.0000 9.8480
10.0000 10.1385
10.0000 10.6012
10.0000 9.9056
10.0000 10.5485
10.0000 10.3088
10.0000 9.9868
10.0000 10.1015
10.0000 10.9710
10.0000 9.7963
10.0000 10.1893
10.0000 10.2547
10.0000 10.9442
10.0000 10.4283
10.0000 10.1636
10.0000 10.4467
10.0000 9.8633
10.0000 10.4969
10.0000 10.4212
10.0000 10.1132
10.0000 10.4012
10.0000 10.4790
10.0000 10.0856
10.0000 10.5527
10.0000 10.7646
10.0000 9.9681
10.0000 10.4875
10.0000 10.8584
10.0000 10.1097
10.0000 9.4286
10.0000 10.3101
10.0000 10.7668
10.0000 10.1376
10.0000 10.2756
10.0000 11.4883
10.0000 10.1692
10.0000 9.1774
10.0000 9.6985
10.0000 9.5816
10.0000 9.9077
10.0000 10.6653
10.0000 10.3557
10.0000 10.9381
10.0000 10.3829
10.0000 11.1339
10.0000 10.2020
10.0000 10.0894
10.0000 9.9051
10.0000 9.8809
10.0000 10.1524
10.0000 10.8573
10.0000 9.7578
10.0000 11.0388
10.0000 10.5332
10.0000 9.9920
10.0000 10.5284
10.0000 10.7233
10.0000 9.7608
10.0000 11.0181
10.0000 10.1215
10.0000 10.6338
10.0000 10.2191
10.0000 10.1610
10.0000 9.8967
10.0000 10.6017
10.0000 10.6798
10.0000 9.4755
10.0000 10.4391
10.0000 10.7216
10.0000 10.1504
10.0000 9.7692
10.0000 9.5092
10.0000 10.1828
10.0000 9.5357
10.0000 10.0073
10.0000 9.9468
10.0000 9.8799
10.0000 10.6260
10.0000 9.7881
10.0000 10.7530
10.0000 9.9708
10.0000 10.1291
10.0000 10.5735
10.0000 10.9190
10.0000 10.7736
10.0000 11.0620
10.0000 11.0641
10.0000 9.7830
10.0000 10.1069
10.0000 9.9670
10.0000 10.0841
10.0000 10.2332
10.0000 11.7510
10.0000 10.8006
10.0000 10.6048
10.0000 9.3750
10.0000 10.3041
10.0000 10.3481
10.0000 10.7328
10.0000 9.5216
10.0000 11.1279
10.0000 9.9712
10.0000 9.9000
10.0000 10.2018
10.0000 11.1822
10.0000 10.9867
10.0000 10.4550
10.0000 10.2688
10.0000 9.7707
10.0000 9.5285
10.0000 10.1054
10.0000 9.9340
10.0000 10.4858
10.0000 10.5934
10.0000 9.9204
10.0000 9.2204
10.0000 11.1545
10.0000 9.6505
10.0000 10.6075
10.0000 10.5306
10.0000 11.0056
10.0000 10.0787
10.0000 10.9376
10.0000 10.0412
10.0000 10.6663
10.0000 9.9681
10.0000 9.9528
10.0000 9.8804
10.0000 9.8817
10.0000 10.0676
10.0000 9.5113
10.0000 9.7119
10.0000 9.3950
10.0000 11.5288
10.0000 10.2020
10.0000 9.2304
10.0000 10.1244
10.0000 10.6634
10.0000 10.6011
10.0000 9.4160
10.0000 11.2069
10.0000 10.6411
10.0000 9.6961
10.0000 9.6468
10.0000 10.7655
10.0000 9.6130
10.0000 9.7848
10.0000 10.6245
10.0000 10.1324
10.0000 10.4855
10.0000 10.4282
10.0000 9.0204
10.0000 11.0892
10.0000 10.7675
10.0000 10.4136
10.0000 9.7168
10.0000 10.6091
10.0000 10.4441
10.0000 10.7912
10.0000 10.3345
10.0000 9.6821
10.0000 10.0970
10.0000 9.5951
10.0000 10.6179
10.0000 9.4907
10.0000 10.1154
10.0000 8.8226
10.0000 9.7963
10.0000 10.2560
10.0000 10.3212
10.0000 9.4236
10.0000 10.1884
10.0000 9.9634
10.0000 10.1862
10.0000 10.3838
10.0000 10.4244
10.0000 10.2545
10.0000 10.3438
10.0000 9.4715
10.0000 10.5273
10.0000 9.3503
10.0000 10.4638
10.0000 10.4468
10.0000 10.6894
10.0000 10.4059
10.0000 10.7617
10.0000 10.2856
10.0000 9.8038
10.0000 9.8479
10.0000 11.3119
10.0000 10.5537
10.0000 10.5594
10.0000 10.9510
10.0000 10.5540
10.0000 10.3076
10.0000 10.0295
10.0000 8.9910
10.0000 10.8712
10.0000 9.9104
10.0000 9.8678
10.0000 10.5194
10.0000 10.0878
10.0000 9.9552
10.0000 9.6873
10.0000 9.0781
10.0000 9.3833
10.0000 9.9448
10.0000 10.6295
10.0000 10.5546
10.0000 10.6029
10.0000 10.2294
10.0000 10.1102
10.0000 10.2276
10.0000 10.8187
10.0000 9.4172
10.0000 10.0845
10.0000 11.1168
10.0000 9.6533
10.0000 10.8190
10.0000 10.8882
10.0000 10.1475
10.0000 11.2602
10.0000 10.3991
10.0000 10.9246
10.0000 9.9830
10.0000 9.9092
10.0000 9.3854
10.0000 10.0595
10.0000 9.6711
10.0000 10.0147
10.0000 9.8447
10.0000 10.9742
10.0000 9.0712
10.0000 10.4673
10.0000 10.3837
10.0000 9.9320
10.0000 10.3023
10.0000 9.5029
10.0000 10.0448
10.0000 10.3704
10.0000 9.8867
10.0000 10.0122
10.0000 9.4309
10.0000 10.5212
10.0000 11.1193
10.0000 10.0570
10.0000 9.3940
10.0000 10.0447
10.0000 9.8913
10.0000 10.0981
10.0000 9.9974
10.0000 10.2835
10.0000 9.0685
10.0000 10.0565
10.0000 9.9384
10.0000 10.7591
10.0000 9.9918
10.0000 10.0584
10.0000 10.0106
10.0000 10.0918
10.0000 11.9006
10.0000 10.0693
10.0000 10.0869
10.0000 10.9093
10.0000 9.6825
10.0000 9.6446
10.0000 10.6750
10.0000 10.0811
10.0000 10.2695
10.0000 9.8610
10.0000 10.0770
10.0000 10.9233
10.0000 10.9760
10.0000 10.9816
10.0000 10.2577
10.0000 10.4222
10.0000 10.0721
10.0000 9.7247
10.0000 10.5182
10.0000 10.3907
10.0000 8.9848
10.0000 11.4059
10.0000 10.1486
10.0000 9.4044
10.0000 11.0222
10.0000 9.8534
10.0000 10.6025
10.0000 10.3344
10.0000 10.7469
10.0000 10.0669
10.0000 10.6214
10.0000 9.9992
10.0000 10.0938
10.0000 9.8320
10.0000 10.0515
10.0000 10.1083
10.0000 10.4549
10.0000 9.9795
10.0000 10.6556
10.0000 9.9810
10.0000 10.3986
10.0000 9.8211
10.0000 10.7898
10.0000 10.5587
10.0000 10.8391
10.0000 11.7155
10.0000 10.1741
10.0000 10.9500
10.0000 10.6468
10.0000 9.6667
10.0000 11.4730
10.0000 10.9433
10.0000 9.2847
10.0000 10.0129
10.0000 9.1462
10.0000 9.5220
10.0000 10.2351
10.0000 10.3594
10.0000 9.9118
10.0000 10.4701
10.0000 9.5014
10.0000 9.4796
10.0000 9.7790
10.0000 10.3935
10.0000 10.6458
10.0000 10.8690
10.0000 10.0550
10.0000 9.8205
10.0000 11.2503
10.0000 9.4731
10.0000 10.6660
10.0000 10.0542
10.0000 9.3171
10.0000 10.3984
10.0000 10.7821
10.0000 10.1778
10.0000 10.6780
10.0000 10.2508
10.0000 10.5256
10.0000 9.8311
10.0000 10.6221
10.0000 10.0020
10.0000 10.8377
10.0000 10.5082
10.0000 9.9639
10.0000 9.3580
10.0000 10.2750
10.0000 11.3491
10.0000 10.1392
10.0000 10.4993
10.0000 11.0634
10.0000 10.9744
10.0000 10.3586
10.0000 10.7231
10.0000 10.5153
10.0000 10.6348
10.0000 11.1124
10.0000 10.4925
10.0000 10.4642
10.0000 9.6609
10.0000 9.9842
10.0000 9.5836
10.0000 10.3561
10.0000 11.1973
10.0000 9.8583
10.0000 10.4596
10.0000 10.5137
10.0000 9.6464
10.0000 10.1334
10.0000 10.3687
10.0000 9.6441
10.0000 10.5408
10.0000 9.2667
10.0000 10.7445
10.0000 9.3867
10.0000 11.0532
10.0000 9.3389
10.0000 11.7162
10.0000 10.4141
10.0000 10.5157
10.0000 9.1849
10.0000 10.4537
10.0000 10.1897
10.0000 10.4153
10.0000 11.6046
10.0000 10.5059
10.0000 9.6534
10.0000 9.3872
10.0000 10.9655
10.0000 9.6920
10.0000 9.4540
10.0000 10.5433
10.0000 9.4208
10.0000 10.3707
10.0000 9.6515
10.0000 9.6161
10.0000 10.1916
10.0000 10.2211
10.0000 10.3143
10.0000 10.1728
10.0000 10.4866
10.0000 9.7447
10.0000 9.5936
10.0000 10.0845
10.0000 10.9098
10.0000 10.2405
10.0000 9.1804
10.0000 9.5495
10.0000 10.1480
10.0000 10.6850
10.0000 10.5786
10.0000 11.1262
10.0000 11.1453
10.0000 10.0714
10.0000 10.2883
10.0000 9.8015
10.0000 10.8735
10.0000 11.3648
10.0000 10.8463
10.0000 10.9921
10.0000 10.6848
10.0000 10.3770
10.0000 10.3018
10.0000 10.4551
10.0000 10.4904
10.0000 9.9767
10.0000 10.0402
10.0000 10.6576
10.0000 9.4757
10.0000 9.0065
10.0000 10.1576
10.0000 10.9086
10.0000 10.2748
10.0000 11.8928
10.0000 11.0460
10.0000 10.5688
10.0000 9.7581
10.0000 9.7318
10.0000 11.4580
10.0000 10.1256
10.0000 10.9168
10.0000 9.5354
10.0000 9.7569
10.0000 10.1975
10.0000 10.3274
10.0000 10.4517
10.0000 10.4560
10.0000 11.7447
10.0000 9.3676
10.0000 9.3611
10.0000 11.0129
10.0000 10.1385
10.0000 10.2959
10.0000 10.2075
10.0000 10.3353
10.0000 9.8163
10.0000 9.4992
10.0000 9.5534
10.0000 9.9071
10.0000 9.7455
