17.0000 17.3788
17.0000 17.5615
17.0000 17.3703
17.0000 16.5396
17.0000 16.3979
17.0000 15.7337
17.0000 16.4825
17.0000 17.1859
17.0000 16.0060
17.0000 17.2363
17.0000 16.7997
17.0000 17.2998
17.0000 16.5582
17.0000 17.0740
17.0000 16.1712
17.0000 16.2942
17.0000 17.1657
17.0000 16.4951
17.0000 17.1527
17.0000 17.0123
17.0000 17.4179
17.0000 16.9134
17.0000 16.3235
17.0000 16.8121
17.0000 16.1312
17.0000 16.5588
17.0000 18.3320
17.0000 16.8680
17.0000 16.8783
17.0000 16.0636
17.0000 17.3092
17.0000 16.4027
17.0000 16.3799
17.0000 16.2920
17.0000 17.3152
17.0000 17.6459
17.0000 16.4966
17.0000 17.3639
17.0000 17.3925
17.0000 17.1295
17.0000 16.8018
17.0000 16.8757
17.0000 16.3393
17.0000 16.8028
17.0000 17.8590
17.0000 16.1532
17.0000 16.8617
17.0000 16.2321
17.0000 16.8001
17.0000 16.4853
17.0000 16.5815
17.0000 16.9668
17.0000 18.6107
17.0000 17.7268
17.0000 17.2249
17.0000 16.5447
17.0000 17.0810
17.0000 16.3122
17.0000 17.2566
17.0000 16.3484
17.0000 15.9042
17.0000 16.8617
17.0000 16.6784
17.0000 17.7672
17.0000 17.7616
17.0000 16.7268
17.0000 16.5318
17.0000 16.2510
17.0000 16.4292
17.0000 16.3883
17.0000 16.8662
17.0000 16.7702
17.0000 16.4599
17.0000 16.0394
17.0000 16.5865
17.0000 18.2430
17.0000 16.7596
17.0000 17.4047
17.0000 17.0793
17.0000 16.4631
17.0000 16.3072
17.0000 17.6114
17.0000 16.8052
17.0000 16.6115
17.0000 17.8985
17.0000 17.0752
17.0000 16.4075
17.0000 17.2955
17.0000 15.9376
17.0000 15.6966
17.0000 16.7632
17.0000 16.8668
17.0000 17.6552
17.0000 16.8472
17.0000 16.4320
17.0000 16.6260
17.0000 16.6604
17.0000 17.6424
17.0000 16.6588
17.0000 15.5045
17.0000 16.7415
17.0000 16.8000
17.0000 17.9318
17.0000 16.2255
17.0000 16.6848
17.0000 16.7828
17.0000 16.3991
17.0000 16.2377
17.0000 17.9357
17.0000 16.6007
17.0000 16.7793
17.0000 17.0868
17.0000 16.7583
17.0000 16.4516
17.0000 16.2161
17.0000 15.9245
17.0000 15.8060
17.0000 17.1115
17.0000 16.3961
17.0000 17.0854
17.0000 15.8146
17.0000 17.4811
17.0000 17.0121
17.0000 17.9637
17.0000 16.8151
17.0000 15.7362
17.0000 16.3746
17.0000 17.5973
17.0000 16.8269
17.0000 17.0748
17.0000 16.1742
17.0000 16.5883
17.0000 16.9388
17.0000 16.6701
17.0000 16.7061
17.0000 17.2447
17.0000 15.9948
17.0000 17.2334
17.0000 17.0672
17.0000 16.6050
17.0000 16.7096
17.0000 17.0622
17.0000 16.8056
17.0000 17.4272
17.0000 17.6810
17.0000 16.8350
17.0000 16.5201
17.0000 16.7100
17.0000 16.7593
17.0000 16.8040
17.0000 16.7505
17.0000 16.6597
17.0000 17.8339
17.0000 15.8980
17.0000 16.4576
17.0000 17.0645
17.0000 17.3370
17.0000 16.1480
17.0000 16.1285
17.0000 17.0709
17.0000 17.0526
17.0000 17.1313
17.0000 16.9444
17.0000 15.9938
17.0000 16.2988
17.0000 16.1492
17.0000 17.1524
17.0000 16.6399
17.0000 16.9607
17.0000 17.3501
17.0000 17.4661
17.0000 16.9574
17.0000 16.8719
17.0000 16.0896
17.0000 17.2181
17.0000 16.8866
17.0000 17.2425
17.0000 16.1532
17.0000 16.5042
17.0000 17.1098
17.0000 16.9314
17.0000 16.3855
17.0000 16.7251
17.0000 16.6209
17.0000 16.7989
17.0000 16.8336
17.0000 16.3875
17.0000 16.8905
17.0000 15.6572
17.0000 16.3739
17.0000 17.6287
17.0000 16.8834
17.0000 16.5614
17.0000 17.2386
17.0000 17.0372
17.0000 16.4464
17.0000 16.6240
17.0000 17.3392
17.0000 16.9645
17.0000 16.1982
17.0000 16.4027
17.0000 17.4398
17.0000 16.4458
17.0000 16.4251
17.0000 16.3173
17.0000 16.8887
17.0000 17.5623
17.0000 16.9077
17.0000 17.0997
17.0000 17.0914
17.0000 16.7826
17.0000 17.4298
17.0000 16.8980
17.0000 17.1198
17.0000 16.9082
17.0000 16.9578
17.0000 16.9110
17.0000 17.7134
17.0000 16.3275
17.0000 16.5866
17.0000 16.7197
17.0000 16.5060
17.0000 15.5901
17.0000 16.9859
17.0000 16.3968
17.0000 16.5730
17.0000 16.6680
17.0000 17.3126
17.0000 17.2746
17.0000 17.5450
17.0000 17.0157
17.0000 15.9116
17.0000 17.0335
17.0000 16.7724
17.0000 16.8396
17.0000 16.4167
17.0000 17.7040
17.0000 17.3383
17.0000 16.4848
17.0000 16.8103
17.0000 15.7710
17.0000 17.7305
17.0000 16.7738
17.0000 17.3056
17.0000 17.2963
17.0000 16.3933
17.0000 16.4268
17.0000 15.6843
17.0000 16.7155
17.0000 16.6697
17.0000 16.6374
17.0000 16.3803
17.0000 16.9083
17.0000 16.4396
17.0000 16.9904
17.0000 16.7135
17.0000 16.3991
17.0000 16.0888
17.0000 16.7437
17.0000 16.7125
17.0000 17.2676
17.0000 17.0403
17.0000 16.5998
17.0000 17.0138
17.0000 16.6673
17.0000 16.8501
17.0000 16.8016
17.0000 16.2226
17.0000 16.1551
17.0000 16.7442
17.0000 16.0556
17.0000 17.5903
17.0000 17.0941
17.0000 16.4256
17.0000 16.6637
17.0000 17.5714
17.0000 15.8668
17.0000 17.2056
17.0000 16.8108
17.0000 16.9655
17.0000 16.9141
17.0000 16.4232
17.0000 15.3560
17.0000 17.4210
17.0000 16.7612
17.0000 17.3164
17.0000 17.0223
17.0000 17.8084
17.0000 17.0455
17.0000 17.0210
17.0000 16.5079
17.0000 17.5943
17.0000 16.9052
17.0000 16.3241
17.0000 17.5319
17.0000 17.0424
17.0000 15.8079
17.0000 16.9334
17.0000 15.4512
17.0000 17.2590
17.0000 17.0640
17.0000 16.5341
17.0000 17.5384
17.0000 16.7189
17.0000 17.6429
17.0000 16.0074
17.0000 16.7981
17.0000 17.2368
17.0000 17.7727
17.0000 17.1930
17.0000 16.9649
17.0000 17.3880
17.0000 16.3586
17.0000 17.3326
17.0000 17.6459
17.0000 16.8700
17.0000 16.5800
17.0000 16.6122
17.0000 16.6493
17.0000 17.3732
17.0000 17.7410
17.0000 17.3705
17.0000 16.1705
17.0000 17.5380
17.0000 17.2511
17.0000 16.8360
17.0000 17.4024
17.0000 16.3395
17.0000 17.8062
17.0000 16.9276
17.0000 17.7373
17.0000 15.6088
17.0000 16.8983
17.0000 16.4530
17.0000 16.2675
17.0000 17.6586
17.0000 17.6398
17.0000 15.7453
17.0000 17.7107
17.0000 16.9684
17.0000 16.9258
17.0000 17.4207
17.0000 16.4944
17.0000 17.2108
17.0000 16.9444
17.0000 16.3604
17.0000 16.0909
17.0000 16.0228
17.0000 16.2133
17.0000 17.3522
17.0000 17.2225
17.0000 16.1796
17.0000 16.7033
17.0000 17.3126
17.0000 16.4203
17.0000 15.9513
17.0000 15.9690
17.0000 16.5319
17.0000 16.4209
17.0000 16.6433
17.0000 16.9714
17.0000 18.1720
17.0000 16.0816
17.0000 17.3973
17.0000 17.6798
17.0000 16.4949
17.0000 17.4772
17.0000 16.2326
17.0000 17.0409
17.0000 16.6627
17.0000 16.8807
17.0000 17.1737
17.0000 16.9842
17.0000 16.4508
17.0000 16.2429
17.0000 16.4261
17.0000 17.7024
17.0000 17.1963
17.0000 16.6026
17.0000 15.8430
17.0000 16.7507
17.0000 15.4354
17.0000 16.2251
17.0000 16.6063
17.0000 17.4919
17.0000 16.4137
17.0000 15.8249
17.0000 15.4540
17.0000 16.7643
17.0000 16.7419
17.0000 16.0920
17.0000 16.9580
17.0000 16.5529
17.0000 17.1795
17.0000 17.5300
17.0000 17.3327
17.0000 16.8380
17.0000 17.0912
17.0000 16.4962
17.0000 17.3265
17.0000 16.9487
17.0000 16.2498
17.0000 17.5309
17.0000 16.6981
17.0000 16.0239
17.0000 16.6905
17.0000 15.9794
17.0000 17.3399
17.0000 17.6263
17.0000 17.2294
17.0000 17.2111
17.0000 16.1292
17.0000 16.1555
17.0000 16.5586
17.0000 17.0024
17.0000 17.7832
17.0000 17.3037
17.0000 16.8686
17.0000 16.8223
17.0000 17.3627
17.0000 17.4605
17.0000 16.1322
17.0000 16.9866
17.0000 16.6018
17.0000 16.7058
17.0000 16.0483
17.0000 16.5035
17.0000 16.8218
17.0000 15.8300
17.0000 17.2002
17.0000 16.8894
17.0000 16.9075
17.0000 18.0672
17.0000 17.3254
17.0000 16.5966
17.0000 16.9353
17.0000 16.5669
17.0000 16.7304
17.0000 17.2277
17.0000 17.5149
17.0000 15.3968
17.0000 16.4762
17.0000 17.0388
17.0000 16.8324
17.0000 17.0264
17.0000 17.4572
17.0000 16.8620
17.0000 16.6380
17.0000 16.0418
17.0000 17.8484
17.0000 16.8052
17.0000 17.1049
17.0000 16.9960
17.0000 16.7497
17.0000 16.5372
17.0000 17.0774
17.0000 17.0504
17.0000 16.0561
17.0000 16.7579
17.0000 16.8637
17.0000 16.6901
17.0000 17.0888
17.0000 16.8974
17.0000 16.2802
17.0000 16.8869
17.0000 16.3447
17.0000 16.7152
17.0000 16.9167
17.0000 17.1464
17.0000 16.0720
17.0000 16.1084
17.0000 16.7869
17.0000 16.5812
17.0000 16.6897
17.0000 17.5661
17.0000 16.2555
17.0000 17.1689
17.0000 17.9779
17.0000 16.8856
17.0000 16.5508
17.0000 16.4183
17.0000 17.8171
17.0000 17.2201
17.0000 16.3124
17.0000 15.5582
17.0000 17.3062
17.0000 16.3542
17.0000 17.1675
17.0000 17.7071
17.0000 17.4389
17.0000 15.5943
17.0000 16.5178
17.0000 16.2259
17.0000 16.6645
17.0000 16.6534
17.0000 17.2962
17.0000 16.7973
17.0000 16.7568
17.0000 17.3621
17.0000 17.3229
17.0000 17.4701
17.0000 17.7244
17.0000 15.1308
17.0000 15.9927
17.0000 16.5984
17.0000 16.6036
17.0000 16.5738
17.0000 16.5588
17.0000 16.6795
17.0000 17.2517
17.0000 16.9189
17.0000 16.4752
17.0000 16.5864
17.0000 16.8630
17.0000 17.1322
17.0000 18.0539
17.0000 16.1035
17.0000 16.6507
17.0000 16.4530
17.0000 16.9781
17.0000 17.3127
17.0000 17.2796
17.0000 17.6416
17.0000 16.7126
17.0000 15.8763
17.0000 17.8106
17.0000 17.5717
17.0000 16.9041
17.0000 16.7528
17.0000 17.0946
17.0000 17.4023
17.0000 15.9682
17.0000 16.5707
17.0000 16.5817
17.0000 17.5520
17.0000 16.4996
17.0000 16.1097
17.0000 17.1917
17.0000 16.9541
17.0000 16.4239
17.0000 17.1711
17.0000 15.9711
17.0000 16.4124
17.0000 16.0491
17.0000 16.7896
17.0000 16.8737
17.0000 17.3538
17.0000 16.4070
17.0000 16.1055
17.0000 16.4991
17.0000 16.4394
17.0000 16.9582
17.0000 18.5291
17.0000 16.7317
17.0000 16.2816
17.0000 16.6938
17.0000 16.9404
17.0000 16.2779
17.0000 16.4450
17.0000 17.1855
17.0000 16.8503
17.0000 17.4482
17.0000 15.4606
17.0000 16.9369
17.0000 16.5222
17.0000 16.2090
17.0000 16.8331
17.0000 16.6210
17.0000 16.4946
17.0000 16.5764
17.0000 17.2493
17.0000 16.7321
17.0000 16.7882
17.0000 16.8077
17.0000 16.7373
17.0000 17.8630
17.0000 16.8032
17.0000 16.8696
17.0000 17.4101
17.0000 17.8680
17.0000 16.5947
17.0000 16.9395
17.0000 15.5909
17.0000 17.0106
17.0000 17.4130
17.0000 17.3521
17.0000 16.8200
17.0000 16.7016
17.0000 17.2636
17.0000 16.5269
17.0000 16.4197
17.0000 16.1476
17.0000 16.6856
17.0000 15.9358
17.0000 16.5935
17.0000 16.6928
17.0000 17.2365
17.0000 18.0240
17.0000 17.8390
17.0000 16.5927
17.0000 16.0408
17.0000 17.8902
17.0000 16.0302
17.0000 16.8675
17.0000 17.7738
17.0000 16.6982
17.0000 17.6183
17.0000 16.5161
17.0000 15.8394
17.0000 17.7795
17.0000 17.1530
17.0000 16.8464
17.0000 17.1869
17.0000 17.4323
17.0000 15.8354
17.0000 17.2759
17.0000 16.8227
17.0000 17.0876
17.0000 18.0629
17.0000 16.7777
17.0000 17.2295
17.0000 17.3068
17.0000 16.0659
17.0000 17.2785
17.0000 16.1910
17.0000 16.5921
17.0000 16.7433
17.0000 15.7014
17.0000 17.6091
17.0000 17.5063
17.0000 16.7745
17.0000 17.6277
17.0000 18.1211
17.0000 16.4816
17.0000 16.6197
17.0000 16.8818
17.0000 16.8136
17.0000 16.8246
17.0000 16.8595
17.0000 16.3932
17.0000 16.1574
17.0000 18.1199
17.0000 17.1693
17.0000 16.8619
17.0000 15.6508
17.0000 16.1566
17.0000 16.3576
17.0000 15.7942
17.0000 16.8904
17.0000 17.1258
17.0000 17.4116
17.0000 16.3666
17.0000 16.2016
17.0000 17.1448
17.0000 17.0120
17.0000 16.6896
17.0000 17.6387
17.0000 16.8770
17.0000 17.7403
17.0000 16.0441
17.0000 17.0529
17.0000 16.2228
17.0000 16.4033
17.0000 15.1864
17.0000 17.5079
17.0000 16.5485
17.0000 16.6619
17.0000 16.3442
17.0000 17.1037
17.0000 15.2452
17.0000 16.8431
17.0000 17.3060
17.0000 16.0220
17.0000 15.6970
17.0000 17.0374
17.0000 16.4344
17.0000 15.8784
17.0000 17.1506
17.0000 16.5551
17.0000 16.1210
17.0000 15.9889
17.0000 16.2251
17.0000 16.5412
17.0000 16.3219
17.0000 17.2494
17.0000 17.2327
17.0000 16.1159
17.0000 16.3113
17.0000 15.9875
17.0000 16.7692
17.0000 17.0772
17.0000 18.1761
17.0000 16.8070
17.0000 17.6121
17.0000 17.3527
17.0000 15.8817
17.0000 17.0327
17.0000 17.2928
17.0000 16.5323
17.0000 16.2742
17.0000 17.3740
17.0000 16.8278
17.0000 16.9939
17.0000 16.2870
17.0000 16.4923
17.0000 16.9171
17.0000 16.9444
17.0000 16.2585
17.0000 15.6688
17.0000 17.5848
17.0000 17.4832
17.0000 17.2628
17.0000 17.6189
17.0000 16.5976
17.0000 16.6060
17.0000 16.5603
17.0000 17.4292
17.0000 16.6195
17.0000 17.1449
17.0000 16.1593
17.0000 16.6814
17.0000 16.8862
17.0000 17.2574
17.0000 18.0263
17.0000 16.8969
17.0000 16.4690
17.0000 16.8920
17.0000 16.8437
17.0000 17.3569
17.0000 16.6326
17.0000 18.1870
17.0000 17.4037
17.0000 17.3747
17.0000 16.5987
17.0000 16.3078
17.0000 16.5382
17.0000 17.1200
17.0000 17.6244
17.0000 17.2845
17.0000 16.9303
17.0000 16.9500
17.0000 17.1433
17.0000 17.0499
17.0000 16.8119
17.0000 15.9566
17.0000 16.7309
17.0000 16.7571
17.0000 16.4511
17.0000 16.8514
17.0000 17.7319
17.0000 16.7445
17.0000 16.8315
17.0000 16.2238
17.0000 17.8423
17.0000 16.8569
17.0000 16.1782
17.0000 15.3689
17.0000 16.7235
17.0000 18.0568
17.0000 16.5623
17.0000 16.5299
17.0000 17.1923
17.0000 14.9815
17.0000 17.6163
17.0000 17.5843
17.0000 16.7435
17.0000 16.5971
17.0000 16.8363
17.0000 15.4549
17.0000 17.5671
17.0000 17.2391
17.0000 16.6715
17.0000 17.1002
17.0000 17.5564
17.0000 17.7846
17.0000 16.2102
17.0000 15.9933
17.0000 16.4292
17.0000 17.6035
17.0000 17.0597
17.0000 17.1291
17.0000 15.9467
17.0000 16.8494
17.0000 16.2798
17.0000 17.1200
17.0000 16.1834
17.0000 16.8045
17.0000 18.0661
17.0000 15.8864
17.0000 17.1777
17.0000 16.5206
17.0000 17.2490
17.0000 17.4574
17.0000 16.2333
17.0000 17.6948
17.0000 17.0226
17.0000 16.7112
17.0000 17.3424
17.0000 16.3808
17.0000 16.5984
17.0000 17.2880
17.0000 17.1603
17.0000 16.3196
17.0000 16.0328
17.0000 16.9756
17.0000 16.0030
17.0000 16.2704
17.0000 17.4492
17.0000 17.4440
17.0000 16.5169
17.0000 16.4051
17.0000 17.2690
17.0000 17.6577
17.0000 17.7458
17.0000 16.2905
17.0000 15.9889
17.0000 17.3349
17.0000 16.2893
17.0000 16.8009
17.0000 16.9329
17.0000 16.7258
17.0000 15.3302
17.0000 17.0288
17.0000 16.4730
17.0000 16.9845
17.0000 16.6477
17.0000 16.9663
17.0000 16.4487
17.0000 16.6531
17.0000 15.4409
17.0000 16.5489
17.0000 17.5329
17.0000 16.7550
17.0000 17.2982
17.0000 15.7916
17.0000 18.2345
17.0000 17.3420
17.0000 16.9929
17.0000 17.0172
17.0000 16.3241
17.0000 16.2012
17.0000 16.7506
17.0000 16.9863
17.0000 16.9821
17.0000 16.9790
17.0000 16.6501
17.0000 17.2595
17.0000 16.8887
17.0000 16.7983
17.0000 16.7695
17.0000 16.2631
17.0000 16.6834
17.0000 17.5446
17.0000 17.2311
17.0000 16.9483
17.0000 16.7417
17.0000 16.1597
17.0000 15.5895
17.0000 16.4486
17.0000 16.9358
17.0000 17.2034
17.0000 17.1284
17.0000 16.2296
17.0000 16.5346
17.0000 16.7041
17.0000 17.7064
17.0000 17.3413
17.0000 16.3890
17.0000 17.0387
17.0000 16.9194
17.0000 16.9331
17.0000 16.6481
17.0000 16.1254
17.0000 16.2946
17.0000 16.5845
17.0000 17.1863
17.0000 16.1901
17.0000 16.3163
17.0000 17.2519
17.0000 16.9890
17.0000 17.1652
17.0000 16.2043
17.0000 15.3172
17.0000 17.4784
17.0000 16.5428
17.0000 16.2418
17.0000 16.7561
17.0000 17.6068
17.0000 17.7976
17.0000 16.2908
17.0000 17.4219
17.0000 16.7858
17.0000 17.3135
17.0000 18.0737
17.0000 17.4572
17.0000 16.6292
17.0000 17.5052
17.0000 16.2604
17.0000 17.6689
17.0000 16.6548
17.0000 17.2625
17.0000 15.9977
17.0000 17.4061
17.0000 17.0386
17.0000 16.9459
17.0000 16.0947
17.0000 16.4285
17.0000 16.5638
17.0000 15.9091
17.0000 17.5227
17.0000 16.6378
17.0000 17.6931
17.0000 16.4126
17.0000 16.9629
17.0000 17.0306
17.0000 16.1252
17.0000 16.6332
17.0000 16.5788
17.0000 16.4424
17.0000 16.1907
17.0000 15.9971
17.0000 16.8154
17.0000 17.4389
17.0000 16.9461
17.0000 16.9509
17.0000 17.1376
17.0000 17.1480
17.0000 16.9758
17.0000 16.9785
17.0000 15.7170
17.0000 17.4572
17.0000 17.1304
17.0000 17.2616
17.0000 16.1809
17.0000 16.3155
17.0000 16.8510
17.0000 16.7332
17.0000 16.3215
17.0000 16.7945
17.0000 17.0196
17.0000 17.1598
17.0000 16.9421
17.0000 16.8433
17.0000 16.5446
17.0000 17.8040
17.0000 16.6670
17.0000 16.9511
17.0000 17.0641
17.0000 16.2659
17.0000 16.9897
17.0000 16.4534
17.0000 17.6749
17.0000 17.5256
17.0000 16.6110
17.0000 16.7662
17.0000 16.9994
17.0000 16.4680
17.0000 16.6084
17.0000 17.1928
17.0000 16.1056
17.0000 16.9257
17.0000 17.2181
17.0000 17.2625
17.0000 16.2388
17.0000 17.6475
17.0000 16.1867
17.0000 16.3820
17.0000 17.0543
17.0000 15.4554
17.0000 16.9045
17.0000 17.4350
17.0000 17.2386
17.0000 16.9560
17.0000 16.7073
17.0000 17.1916
17.0000 17.1735
17.0000 18.0928
17.0000 16.7083
17.0000 17.6825
17.0000 15.9702
17.0000 17.1230
17.0000 16.8915
17.0000 17.0112
17.0000 17.0819
17.0000 16.6144
17.0000 17.2367
17.0000 16.8510
17.0000 16.2313
17.0000 17.0374
17.0000 16.1335
17.0000 16.1333
17.0000 17.7423
17.0000 17.2974
17.0000 15.7396
17.0000 16.7062
17.0000 17.5040
17.0000 17.3035
17.0000 15.9114
17.0000 17.7558
17.0000 17.7680
17.0000 16.8618
17.0000 16.2665
17.0000 16.2970
17.0000 17.0254
17.0000 15.9889
17.0000 16.6914
17.0000 16.7651
17.0000 18.0749
17.0000 17.2466
17.0000 16.3903
17.0000 15.8807
17.0000 16.3516
17.0000 16.1090
17.0000 17.6546
17.0000 15.7221
17.0000 17.1158
17.0000 16.9335
17.0000 17.0329
17.0000 15.7361
17.0000 17.2608
17.0000 17.6818
17.0000 16.5344
17.0000 17.5948
17.0000 16.6552
17.0000 17.1594
17.0000 17.5764
17.0000 17.1393
17.0000 16.0666
17.0000 18.0451
17.0000 15.8059
17.0000 17.4119
17.0000 17.1022
17.0000 16.8874
17.0000 17.0027
17.0000 17.3829
17.0000 17.0998
17.0000 16.2738
17.0000 16.2154
17.0000 16.9173
17.0000 16.8748
17.0000 16.2917
17.0000 16.8864
17.0000 16.2080
17.0000 15.5480
17.0000 17.0950
17.0000 17.2843
17.0000 17.1257
17.0000 17.0152
17.0000 16.7919
17.0000 16.2750
17.0000 16.6063
17.0000 17.0927
17.0000 16.9714
17.0000 17.5684
17.0000 15.8452
17.0000 17.0779
17.0000 16.8082
17.0000 17.7962
17.0000 16.6705
17.0000 16.0835
17.0000 16.4993
17.0000 17.1603
17.0000 16.5453
17.0000 16.8788
17.0000 15.4133
17.0000 17.1140
17.0000 16.8516
17.0000 16.2657
17.0000 17.8316
17.0000 16.7128
17.0000 16.3210
17.0000 16.9403
17.0000 16.8841
17.0000 16.7919
17.0000 16.8408
17.0000 17.8120
17.0000 16.6886
17.0000 15.7944
17.0000 16.9723
17.0000 15.9310
17.0000 16.7251
17.0000 16.3448
17.0000 16.2050
17.0000 17.4629
17.0000 16.5607
17.0000 15.9297
17.0000 16.6466
17.0000 17.3107
17.0000 16.9634
17.0000 16.0736
17.0000 17.1476
17.0000 16.9390
17.0000 16.5736
17.0000 17.6261
17.0000 16.8178
17.0000 16.8924
17.0000 16.8195
17.0000 16.3586
17.0000 16.3109
17.0000 16.7845
17.0000 17.1768
17.0000 16.5414
17.0000 16.5518
17.0000 16.9685
17.0000 16.8574
17.0000 17.1144
17.0000 17.7574
17.0000 15.9170
17.0000 16.9514
17.0000 17.2933
17.0000 16.8024
17.0000 16.1014
17.0000 16.7008
17.0000 16.0760
17.0000 16.3888
17.0000 17.3907
17.0000 16.4115
17.0000 17.0535
17.0000 16.4200
17.0000 16.6836
17.0000 17.0547
17.0000 16.9694
17.0000 16.6975
17.0000 16.6720
17.0000 16.2680
17.0000 16.5803
17.0000 16.4943
17.0000 16.0632
17.0000 16.7260
17.0000 16.4039
17.0000 16.4091
17.0000 15.8888
17.0000 17.7911
17.0000 16.0564
17.0000 17.0516
17.0000 17.8374
17.0000 16.4058
17.0000 16.9718
17.0000 16.1427
17.0000 16.5300
17.0000 16.6395
17.0000 17.1796
17.0000 15.2774
17.0000 17.0642
17.0000 16.4720
17.0000 17.4300
17.0000 16.9675
17.0000 16.5063
17.0000 16.6004
17.0000 17.4485
17.0000 16.8859
17.0000 16.1677
17.0000 16.5265
17.0000 17.1953
17.0000 16.2049
17.0000 16.4230
17.0000 16.6634
17.0000 15.7524
17.0000 16.9865
17.0000 16.2606
17.0000 17.5017
17.0000 16.4456
17.0000 17.1786
17.0000 16.6075
17.0000 16.4238
17.0000 16.8476
17.0000 15.9899
17.0000 16.5555
17.0000 16.4049
17.0000 16.7903
17.0000 16.8712
17.0000 17.2411
17.0000 16.7258
17.0000 16.6762
17.0000 17.3922
17.0000 16.2872
17.0000 15.9943
17.0000 15.9510
17.0000 16.0434
17.0000 16.1415
17.0000 17.0541
17.0000 16.9787
17.0000 16.9271
17.0000 17.3476
17.0000 17.0689
17.0000 16.9945
17.0000 15.5266
17.0000 17.3463
17.0000 16.3439
17.0000 16.8839
17.0000 16.3805
17.0000 16.9194
17.0000 16.7771
17.0000 16.2381
17.0000 16.6304
17.0000 16.9663
17.0000 17.8955
17.0000 15.9701
17.0000 17.2179
17.0000 15.7305
17.0000 17.5717
17.0000 16.8271
17.0000 16.8517
17.0000 16.2364
17.0000 16.0908
17.0000 16.5785
17.0000 16.7686
17.0000 16.9926
17.0000 16.5235
17.0000 16.0105
17.0000 16.2398
17.0000 17.3658
17.0000 17.2327
17.0000 16.4535
17.0000 16.4219
17.0000 16.5828
17.0000 16.1278
17.0000 16.3532
17.0000 17.6097
17.0000 17.9027
17.0000 16.7682
17.0000 15.8032
17.0000 17.4685
17.0000 16.0637
17.0000 18.1745
17.0000 16.1738
17.0000 16.7714
17.0000 17.5461
17.0000 17.1162
17.0000 16.1313
17.0000 16.5675
17.0000 17.1576
17.0000 17.0262
17.0000 16.5643
17.0000 17.1650
17.0000 17.2493
17.0000 16.4447
17.0000 16.3019
17.0000 17.5036
17.0000 16.7975
17.0000 16.8229
17.0000 16.4797
17.0000 17.2043
17.0000 16.7935
17.0000 17.2129
17.0000 17.1507
17.0000 16.4292
17.0000 17.0565
17.0000 16.8603
17.0000 16.6617
17.0000 16.4155
17.0000 16.7594
17.0000 17.0883
17.0000 17.2110
17.0000 16.3509
17.0000 16.7889
17.0000 17.3100
17.0000 16.9436
17.0000 17.6074
17.0000 16.8993
17.0000 17.1156
17.0000 17.4967
17.0000 16.8897
17.0000 17.2414
17.0000 17.5164
17.0000 16.2549
17.0000 17.2546
17.0000 16.2339
17.0000 16.9192
17.0000 16.8829
17.0000 16.6450
17.0000 16.1907
17.0000 17.7359
17.0000 16.5916
17.0000 16.3526
17.0000 16.1160
17.0000 16.6847
17.0000 16.5541
17.0000 17.4371
17.0000 16.5531
17.0000 16.6155
17.0000 16.1931
17.0000 16.0219
17.0000 17.2632
17.0000 16.2638
17.0000 16.2804
17.0000 16.9261
17.0000 17.3939
17.0000 16.7147
17.0000 17.7179
17.0000 15.6478
17.0000 15.8745
17.0000 17.1244
17.0000 16.1501
17.0000 15.3603
17.0000 16.9148
17.0000 16.7596
17.0000 16.6260
17.0000 16.9635
17.0000 15.6610
17.0000 16.0606
17.0000 16.9552
17.0000 16.6286
17.0000 17.1059
17.0000 17.0516
17.0000 15.7133
17.0000 16.7930
17.0000 16.8788
17.0000 15.8589
17.0000 17.4404
17.0000 17.1197
17.0000 17.3436
17.0000 16.6121
17.0000 16.1599
17.0000 16.9020
17.0000 17.1260
17.0000 17.7641
17.0000 16.2558
17.0000 17.8420
17.0000 16.5883
17.0000 17.1806
17.0000 16.6795
17.0000 16.6814
17.0000 16.3892
17.0000 16.8780
17.0000 16.7210
17.0000 16.2545
17.0000 16.9801
17.0000 16.7135
17.0000 16.2672
17.0000 16.7887
17.0000 17.1862
17.0000 16.6164
17.0000 16.1714
17.0000 17.4223
17.0000 16.7934
17.0000 16.3644
17.0000 17.2432
17.0000 15.8914
17.0000 17.3247
17.0000 16.5927
17.0000 17.8599
17.0000 17.0873
17.0000 17.3013
17.0000 16.8155
17.0000 16.4605
17.0000 16.1841
17.0000 16.2866
17.0000 16.5859
17.0000 15.8375
17.0000 17.5075
17.0000 16.7203
17.0000 16.5319
17.0000 17.6908
17.0000 16.6897
17.0000 17.0772
17.0000 17.0372
17.0000 16.9932
17.0000 17.1731
17.0000 16.9897
17.0000 16.4781
17.0000 16.3588
17.0000 16.8994
17.0000 16.7291
17.0000 15.3282
17.0000 17.3772
17.0000 17.3375
17.0000 17.0069
17.0000 16.8568
17.0000 17.1777
17.0000 16.6243
17.0000 17.1246
17.0000 17.0256
17.0000 17.0124
17.0000 16.5965
17.0000 16.6117
17.0000 17.3294
17.0000 17.0154
17.0000 16.5559
17.0000 17.1450
17.0000 16.9530
17.0000 17.2162
17.0000 17.9564
17.0000 17.1531
17.0000 16.9302
17.0000 17.0727
17.0000 17.1699
17.0000 16.3769
17.0000 16.9112
17.0000 17.2632
17.0000 15.5196
17.0000 16.9197
17.0000 16.3137
17.0000 16.6462
17.0000 16.8458
17.0000 17.7680
17.0000 17.7140
17.0000 17.2363
17.0000 16.0519
17.0000 17.5661
17.0000 16.7787
17.0000 16.2155
17.0000 16.8000
17.0000 16.8477
17.0000 17.3145
17.0000 16.5469
17.0000 16.7202
17.0000 17.6250
17.0000 16.9455
17.0000 17.3305
17.0000 16.8049
17.0000 17.3131
17.0000 17.7565
17.0000 16.2568
17.0000 17.9756
17.0000 16.6549
17.0000 16.6155
17.0000 16.8800
17.0000 16.8214
17.0000 16.2028
17.0000 17.0082
17.0000 16.5789
17.0000 17.3330
17.0000 16.7929
17.0000 16.9460
17.0000 16.8850
17.0000 17.0681
17.0000 16.1852
17.0000 17.4942
17.0000 16.9693
17.0000 16.2933
17.0000 16.9418
17.0000 17.2613
17.0000 15.8260
17.0000 16.4749
17.0000 16.3442
17.0000 16.7669
17.0000 17.1551
17.0000 16.4452
17.0000 18.4381
17.0000 16.5087
17.0000 16.6197
17.0000 16.5891
17.0000 17.3337
17.0000 17.6222
17.0000 16.9049
17.0000 17.7134
17.0000 16.4542
17.0000 15.6738
17.0000 17.4648
17.0000 17.2955
17.0000 16.6268
17.0000 15.8539
17.0000 17.0871
17.0000 17.5581
17.0000 17.6173
17.0000 16.5507
17.0000 17.1599
17.0000 15.4492
17.0000 17.1221
17.0000 16.6466
17.0000 16.7055
17.0000 16.8274
17.0000 16.1630
17.0000 16.8186
17.0000 16.3175
17.0000 16.1610
17.0000 15.8434
17.0000 17.6235
17.0000 17.7652
17.0000 17.0949
17.0000 17.0590
17.0000 17.1778
17.0000 16.8322
17.0000 17.3281
17.0000 17.4666
17.0000 16.3620
17.0000 16.7882
17.0000 16.1221
17.0000 16.7500
17.0000 17.0254
17.0000 16.6930
17.0000 16.9925
17.0000 16.3787
17.0000 15.6315
17.0000 16.0752
17.0000 16.9080
17.0000 16.5520
17.0000 16.0153
17.0000 16.3899
17.0000 16.4140
17.0000 17.4258
17.0000 16.7865
17.0000 16.5733
17.0000 16.7021
17.0000 17.8427
17.0000 16.5316
17.0000 16.9511
17.0000 16.9876
17.0000 16.9861
17.0000 16.0464
17.0000 16.5660
17.0000 16.7656
17.0000 16.8495
17.0000 17.3592
17.0000 17.0899
17.0000 17.1709
17.0000 16.8206
17.0000 16.0981
17.0000 17.2885
17.0000 16.1521
17.0000 16.2025
17.0000 16.9689
17.0000 16.7511
17.0000 16.5252
17.0000 16.0140
17.0000 16.9208
17.0000 17.0358
17.0000 17.1580
17.0000 17.8720
17.0000 17.3161
17.0000 16.9948
17.0000 16.6934
17.0000 17.0681
17.0000 16.7846
17.0000 16.5678
17.0000 16.7721
17.0000 17.4020
17.0000 17.2131
17.0000 16.9059
17.0000 17.0839
17.0000 16.3616
17.0000 16.8157
17.0000 18.2882
17.0000 16.7459
17.0000 16.2036
17.0000 16.4697
17.0000 16.9744
17.0000 17.6030
17.0000 17.7707
17.0000 15.5687
17.0000 16.8984
17.0000 16.1412
17.0000 17.3970
17.0000 15.8315
17.0000 16.4471
17.0000 17.1507
17.0000 17.1531
17.0000 17.0409
17.0000 16.9634
17.0000 17.5598
17.0000 17.0230
17.0000 16.7766
17.0000 16.2827
17.0000 17.0402
17.0000 16.5350
17.0000 16.5492
17.0000 16.5408
17.0000 15.3761
17.0000 16.4940
17.0000 18.4006
17.0000 16.4247
17.0000 17.9047
17.0000 17.6500
17.0000 16.3302
17.0000 16.5815
17.0000 17.5362
17.0000 17.0694
17.0000 16.1857
17.0000 16.8783
17.0000 16.0435
17.0000 17.4018
17.0000 17.1979
17.0000 16.7405
17.0000 17.1211
17.0000 16.5477
17.0000 16.4635
17.0000 17.4371
17.0000 16.6045
17.0000 16.7682
17.0000 16.2570
17.0000 17.6504
17.0000 16.6091
17.0000 16.7175
17.0000 16.8714
17.0000 16.6695
17.0000 17.6009
17.0000 16.4113
17.0000 17.4583
17.0000 16.9791
17.0000 16.1279
17.0000 16.1247
17.0000 16.6081
17.0000 16.8828
17.0000 16.0044
17.0000 17.3024
17.0000 16.3306
17.0000 17.7059
17.0000 17.2792
17.0000 16.4131
17.0000 17.2136
17.0000 17.1243
17.0000 16.1898
17.0000 16.6600
17.0000 16.4665
17.0000 16.9397
17.0000 16.6892
17.0000 16.5666
17.0000 17.0239
17.0000 17.5199
17.0000 17.2064
17.0000 16.3797
17.0000 17.9058
17.0000 16.2865
17.0000 16.8715
17.0000 16.8310
17.0000 17.3494
17.0000 17.1169
17.0000 16.8255
17.0000 17.2237
17.0000 16.2264
17.0000 16.1125
17.0000 17.0070
17.0000 16.6098
17.0000 17.2612
17.0000 17.0133
17.0000 16.6124
17.0000 17.8856
17.0000 17.0652
17.0000 16.9933
17.0000 17.4078
17.0000 16.1922
17.0000 17.2730
17.0000 17.9629
17.0000 16.4848
17.0000 17.3749
17.0000 16.5303
17.0000 16.7877
17.0000 16.6804
17.0000 17.4489
17.0000 17.1088
17.0000 17.1148
17.0000 16.1520
17.0000 17.8684
17.0000 17.2471
17.0000 17.7874
17.0000 17.3897
17.0000 16.5562
17.0000 17.0886
17.0000 16.0241
17.0000 17.2158
17.0000 16.8153
17.0000 16.8282
17.0000 16.8096
17.0000 17.3344
17.0000 16.3435
17.0000 17.0610
17.0000 17.0144
17.0000 16.6964
17.0000 17.8008
17.0000 16.5095
17.0000 16.7148
17.0000 16.1357
17.0000 17.5733
17.0000 16.8494
17.0000 17.0381
17.0000 16.9443
17.0000 16.6000
17.0000 16.0314
17.0000 16.5443
17.0000 16.4065
17.0000 16.7403
17.0000 17.0141
17.0000 17.8078
17.0000 16.5224
17.0000 16.1637
17.0000 15.9641
17.0000 17.0935
17.0000 17.2325
17.0000 18.1056
17.0000 16.5373
17.0000 16.9917
17.0000 17.4274
17.0000 16.1250
17.0000 16.2906
17.0000 17.2530
17.0000 16.3640
17.0000 16.2103
17.0000 17.0975
17.0000 16.3199
17.0000 16.0880
17.0000 17.0353
17.0000 16.6926
17.0000 16.1101
17.0000 16.7380
17.0000 16.4008
17.0000 16.7309
17.0000 16.7186
17.0000 17.4163
17.0000 17.1259
17.0000 16.3360
17.0000 17.4745
17.0000 16.8175
17.0000 16.8406
17.0000 16.0249
17.0000 16.6641
17.0000 17.1395
17.0000 17.4435
17.0000 16.5915
17.0000 16.9306
17.0000 16.3256
17.0000 17.1549
17.0000 15.9507
17.0000 16.8850
17.0000 16.9878
17.0000 17.5004
17.0000 17.5196
17.0000 16.2324
17.0000 16.9672
17.0000 17.1893
17.0000 16.5641
17.0000 17.0256
17.0000 17.3438
17.0000 17.0834
17.0000 16.4374
17.0000 16.6853
17.0000 17.3766
17.0000 17.5076
17.0000 17.0603
17.0000 16.6533
17.0000 16.2824
17.0000 17.7111
17.0000 16.3231
17.0000 16.9666
17.0000 17.4512
17.0000 16.6983
17.0000 17.1927
17.0000 17.3812
17.0000 17.3999
17.0000 16.4498
17.0000 17.0476
17.0000 16.7310
17.0000 17.0968
17.0000 16.6515
17.0000 17.1971
17.0000 17.6679
17.0000 15.9329
17.0000 17.0196
17.0000 16.1029
17.0000 16.5781
17.0000 17.1286
17.0000 16.7792
17.0000 16.9103
17.0000 17.1190
17.0000 16.6754
17.0000 15.9684
17.0000 16.2162
17.0000 16.1921
17.0000 16.6176
17.0000 16.7086
17.0000 17.1558
17.0000 16.8153
17.0000 16.4040
17.0000 17.6089
17.0000 16.9787
17.0000 16.6604
17.0000 16.8575
17.0000 16.7266
17.0000 17.1373
17.0000 16.2409
17.0000 17.0684
17.0000 17.0312
17.0000 17.2770
17.0000 16.7598
17.0000 16.2306
17.0000 17.1787
17.0000 16.6926
17.0000 15.9190
17.0000 17.3699
17.0000 16.6376
17.0000 16.0113
17.0000 17.0976
17.0000 16.8749
17.0000 16.3298
17.0000 16.7319
17.0000 16.5870
17.0000 16.3309
17.0000 15.9595
17.0000 16.4107
17.0000 17.1942
17.0000 17.4961
17.0000 16.4182
17.0000 16.3244
17.0000 17.4338
17.0000 16.8322
17.0000 17.1247
17.0000 17.9621
17.0000 17.0429
17.0000 15.9402
17.0000 16.9297
17.0000 15.7743
17.0000 16.2584
17.0000 16.7415
17.0000 16.4561
17.0000 17.0392
17.0000 15.4957
17.0000 16.4182
17.0000 16.5892
17.0000 16.1371
17.0000 16.4604
17.0000 17.5968
17.0000 16.4472
17.0000 16.9527
17.0000 16.2321
17.0000 17.2041
17.0000 16.8810
17.0000 16.5319
17.0000 17.1457
17.0000 15.7275
17.0000 16.8822
17.0000 16.2370
17.0000 16.8652
17.0000 15.9674
17.0000 17.0446
17.0000 16.8417
17.0000 15.5941
17.0000 16.2865
17.0000 17.3819
17.0000 17.3501
17.0000 16.9356
17.0000 17.3553
17.0000 16.8870
17.0000 16.6737
17.0000 17.6120
17.0000 15.5790
17.0000 17.3709
17.0000 18.8525
17.0000 16.7259
17.0000 16.8849
17.0000 16.3134
17.0000 17.0481
17.0000 16.9674
17.0000 16.3855
17.0000 16.6206
17.0000 17.1324
17.0000 17.0295
17.0000 16.1680
17.0000 16.4386
17.0000 16.9831
17.0000 17.4763
17.0000 15.9066
17.0000 16.8720
17.0000 17.6711
17.0000 16.8762
17.0000 18.0907
17.0000 17.1408
17.0000 16.9862
17.0000 16.7846
17.0000 15.7864
17.0000 16.7264
17.0000 16.4591
17.0000 17.0758
17.0000 17.4075
17.0000 15.4221
17.0000 16.8366
17.0000 17.7705
17.0000 16.4873
17.0000 17.2830
17.0000 17.4329
17.0000 16.7940
17.0000 16.3834
17.0000 15.8677
17.0000 16.4051
17.0000 15.9577
17.0000 16.1422
17.0000 16.5961
17.0000 18.2597
17.0000 16.4930
17.0000 16.9390
17.0000 15.9788
17.0000 16.4902
17.0000 16.6344
17.0000 17.5047
17.0000 17.1210
17.0000 17.4487
17.0000 16.5797
17.0000 16.6891
17.0000 17.1817
17.0000 16.5687
17.0000 17.6592
17.0000 16.7303
17.0000 15.6162
17.0000 16.0287
17.0000 16.7669
17.0000 16.5687
17.0000 17.1637
17.0000 16.5123
17.0000 16.9428
17.0000 16.7965
17.0000 17.1987
17.0000 16.0149
17.0000 16.9288
17.0000 16.0865
17.0000 16.3622
17.0000 16.8757
17.0000 16.2089
17.0000 17.1770
17.0000 16.7905
17.0000 17.2791
17.0000 16.6922
17.0000 16.4490
17.0000 16.7377
17.0000 16.8811
17.0000 16.8775
17.0000 17.7298
17.0000 17.3029
17.0000 16.4493
17.0000 15.7342
17.0000 16.6383
17.0000 16.1595
17.0000 17.2204
17.0000 16.3413
17.0000 16.3811
17.0000 16.7547
17.0000 17.8765
17.0000 16.8034
17.0000 17.0550
17.0000 16.1190
17.0000 17.6642
17.0000 16.8700
17.0000 16.6727
17.0000 16.8778
17.0000 17.0599
17.0000 17.7589
17.0000 16.3442
17.0000 16.7425
17.0000 16.9395
17.0000 16.1162
17.0000 16.5243
17.0000 16.6096
17.0000 18.1080
17.0000 17.6142
17.0000 17.4937
17.0000 16.6587
17.0000 17.2363
17.0000 16.8949
17.0000 16.0991
17.0000 17.1175
17.0000 16.5992
17.0000 15.6131
17.0000 17.4831
17.0000 17.5806
17.0000 17.1353
17.0000 16.7701
17.0000 16.8571
17.0000 15.6061
17.0000 17.0242
17.0000 16.2811
17.0000 17.4261
17.0000 17.2525
17.0000 16.8838
17.0000 17.1708
17.0000 16.3482
17.0000 17.0654
17.0000 17.2215
17.0000 16.6333
17.0000 15.8949
17.0000 17.1307
17.0000 16.3240
17.0000 16.6778
17.0000 16.1212
17.0000 16.9175
17.0000 17.3366
17.0000 17.2656
17.0000 17.0266
17.0000 16.7240
17.0000 16.4522
17.0000 16.4985
17.0000 17.1896
17.0000 17.4717
17.0000 16.6954
17.0000 16.0594
17.0000 17.1042
17.0000 17.2272
17.0000 17.5657
17.0000 17.0840
17.0000 16.4782
17.0000 16.6063
17.0000 16.2728
17.0000 17.4373
17.0000 16.6670
17.0000 16.3850
17.0000 16.4714
17.0000 16.7582
17.0000 16.4822
17.0000 17.0721
17.0000 17.0680
17.0000 17.2769
17.0000 17.0160
17.0000 17.5567
17.0000 16.3914
17.0000 17.0206
17.0000 17.5824
17.0000 16.9585
17.0000 16.3643
17.0000 16.5598
17.0000 17.4337
17.0000 16.5080
17.0000 17.3574
17.0000 17.6877
17.0000 16.5697
17.0000 16.3177
17.0000 16.9345
17.0000 16.4423
17.0000 16.1507
17.0000 16.2599
17.0000 16.6759
17.0000 17.2220
17.0000 16.7727
17.0000 16.6314
17.0000 16.4910
17.0000 16.9946
17.0000 17.0803
17.0000 17.0065
17.0000 17.5562
17.0000 16.7152
17.0000 18.0031
17.0000 16.8328
17.0000 16.4660
17.0000 16.8696
17.0000 17.2353
17.0000 17.0956
17.0000 16.5533
17.0000 16.7589
17.0000 17.0905
17.0000 15.6426
17.0000 17.4530
17.0000 16.2201
17.0000 16.2828
17.0000 16.5502
17.0000 16.2426
17.0000 17.4044
17.0000 16.5645
17.0000 17.3203
17.0000 16.0707
17.0000 17.4066
17.0000 17.1107
17.0000 17.0939
17.0000 15.7414
17.0000 17.1777
17.0000 17.4052
17.0000 17.4708
17.0000 16.5605
17.0000 16.9437
17.0000 17.3615
17.0000 17.3321
17.0000 16.9601
17.0000 17.6724
17.0000 16.6300
17.0000 16.3990
17.0000 16.7452
17.0000 16.0915
17.0000 16.9832
17.0000 18.0875
17.0000 16.5801
17.0000 17.5745
17.0000 15.7319
17.0000 16.4389
17.0000 16.9094
17.0000 16.6570
17.0000 17.1408
17.0000 16.7751
17.0000 16.4683
17.0000 16.9870
17.0000 16.5542
17.0000 17.3854
17.0000 17.1280
17.0000 15.9330
17.0000 16.7275
17.0000 16.5107
17.0000 16.5506
17.0000 16.4619
17.0000 17.3408
17.0000 17.7596
17.0000 16.4252
17.0000 17.2380
17.0000 17.7126
17.0000 16.7395
17.0000 18.1001
17.0000 16.9767
17.0000 16.4936
17.0000 18.2015
17.0000 17.0255
17.0000 16.9872
17.0000 17.0066
17.0000 18.3429
17.0000 17.0745
17.0000 16.3965
17.0000 16.6967
17.0000 16.8276
17.0000 16.6654
17.0000 16.8047
17.0000 16.5742
17.0000 16.8042
17.0000 16.9086
17.0000 16.9971
17.0000 17.1339
17.0000 16.7144
17.0000 16.5666
17.0000 17.2374
17.0000 16.9035
17.0000 16.6924
17.0000 17.1210
17.0000 17.1268
17.0000 17.2084
17.0000 17.2162
17.0000 17.6199
17.0000 16.6813
17.0000 17.1838
17.0000 16.5626
17.0000 16.4559
17.0000 16.6742
17.0000 16.8682
17.0000 16.6956
17.0000 16.5003
17.0000 17.1385
17.0000 17.3425
17.0000 15.9500
17.0000 16.8659
17.0000 16.9367
17.0000 16.5533
17.0000 17.3213
17.0000 16.9025
17.0000 17.6071
17.0000 16.2686
17.0000 16.8163
17.0000 16.5454
17.0000 16.6670
17.0000 15.7235
17.0000 17.0663
17.0000 17.1595
17.0000 16.8499
17.0000 17.0179
17.0000 17.1979
17.0000 16.6135
17.0000 17.4369
17.0000 17.8121
17.0000 15.9194
17.0000 17.0268
17.0000 17.0352
17.0000 17.2766
17.0000 16.8750
17.0000 15.6931
17.0000 16.8838
17.0000 17.3288
17.0000 16.4216
17.0000 17.6685
17.0000 17.2071
17.0000 17.9730
17.0000 16.9080
17.0000 16.4988
17.0000 17.4661
17.0000 15.6851
17.0000 16.6337
17.0000 16.3494
17.0000 17.3490
17.0000 16.1179
17.0000 17.0961
17.0000 15.9831
17.0000 16.9917
17.0000 16.7750
17.0000 17.3453
17.0000 17.3553
17.0000 16.3653
17.0000 16.4245
17.0000 16.0229
17.0000 17.4363
17.0000 16.3539
17.0000 16.7664
17.0000 18.3977
17.0000 16.5018
17.0000 17.6141
17.0000 17.5879
17.0000 16.7957
17.0000 16.5865
17.0000 15.7248
17.0000 16.8163
17.0000 16.8133
17.0000 16.9966
17.0000 17.8179
17.0000 16.3579
17.0000 16.4622
17.0000 17.2416
17.0000 16.6805
17.0000 16.3087
17.0000 16.9039
17.0000 17.7973
17.0000 16.4051
17.0000 16.8525
17.0000 16.8303
17.0000 17.0792
17.0000 17.4556
17.0000 16.5030
17.0000 16.6650
17.0000 16.6431
17.0000 17.2662
17.0000 17.2177
17.0000 15.9393
17.0000 17.2315
17.0000 16.2564
17.0000 15.2481
17.0000 16.9852
17.0000 17.3900
17.0000 16.6956
17.0000 16.7504
17.0000 17.5250
17.0000 18.3853
17.0000 17.7411
17.0000 17.0167
17.0000 17.7125
17.0000 16.3183
17.0000 17.0663
17.0000 16.9504
17.0000 17.1946
17.0000 17.1179
17.0000 16.8366
17.0000 17.7439
17.0000 17.1781
17.0000 16.8503
17.0000 16.7073
17.0000 16.8228
17.0000 16.1204
17.0000 16.4941
17.0000 16.4928
17.0000 17.2178
17.0000 17.3094
17.0000 16.7192
17.0000 17.5325
17.0000 17.2843
17.0000 16.8049
17.0000 15.7098
17.0000 16.5768
17.0000 16.3555
17.0000 16.9987
17.0000 16.9914
17.0000 17.4164
17.0000 17.5978
17.0000 16.9577
17.0000 16.6698
17.0000 17.2255
17.0000 16.3946
17.0000 16.3524
17.0000 17.3074
17.0000 16.5634
17.0000 17.5647
17.0000 16.3326
17.0000 17.5757
17.0000 16.7289
17.0000 16.6128
17.0000 16.9172
17.0000 16.9117
17.0000 17.0168
17.0000 16.9682
17.0000 16.7390
17.0000 16.8048
17.0000 16.0824
17.0000 16.5047
17.0000 18.0487
17.0000 16.5509
17.0000 16.9427
17.0000 16.0634
17.0000 16.9903
17.0000 17.1365
17.0000 16.5979
17.0000 16.9884
17.0000 17.4434
17.0000 16.7505
17.0000 16.1258
17.0000 16.1791
17.0000 15.9939
17.0000 16.3947
17.0000 16.7959
17.0000 16.5912
17.0000 16.5646
17.0000 16.6653
17.0000 16.9213
17.0000 17.0313
17.0000 15.6306
17.0000 17.2879
17.0000 17.2216
17.0000 17.4867
17.0000 17.0500
17.0000 17.6504
17.0000 16.4538
17.0000 17.2150
17.0000 15.9481
17.0000 15.5926
17.0000 18.3838
17.0000 16.5551
17.0000 15.8187
17.0000 16.5651
17.0000 17.2818
17.0000 17.2306
17.0000 16.8104
17.0000 17.2746
17.0000 16.9445
17.0000 16.9097
17.0000 17.5183
17.0000 16.6610
17.0000 16.1997
17.0000 16.9192
17.0000 16.1272
17.0000 16.5141
17.0000 16.1922
17.0000 17.3817
17.0000 16.9870
17.0000 16.8666
17.0000 16.7555
17.0000 16.8179
17.0000 17.0794
17.0000 15.9297
17.0000 17.6470
17.0000 17.2940
17.0000 16.9167
17.0000 16.5511
17.0000 15.7902
17.0000 17.5378
17.0000 17.8346
17.0000 16.6154
17.0000 17.1383
17.0000 16.5509
17.0000 16.2510
17.0000 16.7647
17.0000 16.6314
17.0000 16.9950
17.0000 16.2423
17.0000 17.0786
17.0000 15.7306
17.0000 16.3703
17.0000 16.6975
17.0000 16.7418
17.0000 16.5562
17.0000 17.1082
17.0000 16.6854
17.0000 17.1105
17.0000 17.0416
17.0000 17.0203
17.0000 16.8506
17.0000 16.4576
17.0000 16.2482
17.0000 16.8365
17.0000 17.0482
17.0000 16.7135
17.0000 16.8977
17.0000 16.4296
17.0000 15.8765
17.0000 16.8619
17.0000 16.9947
17.0000 16.5443
17.0000 16.6721
17.0000 16.4527
17.0000 16.3782
17.0000 16.7927
17.0000 17.1861
17.0000 17.7422
17.0000 16.6623
17.0000 16.8952
17.0000 16.9886
17.0000 17.4654
17.0000 16.3346
17.0000 16.5839
17.0000 17.4906
17.0000 16.7871
17.0000 16.4039
17.0000 16.7687
17.0000 16.7161
17.0000 16.8269
17.0000 17.1105
17.0000 16.6356
17.0000 16.6188
17.0000 16.9046
17.0000 16.0039
17.0000 16.6192
17.0000 16.4943
17.0000 16.7118
17.0000 16.5306
17.0000 17.0733
17.0000 16.4546
17.0000 16.9397
17.0000 16.8597
17.0000 16.2943
17.0000 15.9839
17.0000 17.4914
17.0000 16.8077
17.0000 17.0503
17.0000 16.4034
17.0000 15.3433
17.0000 15.8462
17.0000 17.8820
17.0000 16.8641
17.0000 16.6961
17.0000 15.9509
17.0000 16.0749
17.0000 16.6240
17.0000 16.9426
17.0000 16.7924
17.0000 17.2284
17.0000 17.0319
17.0000 17.4045
17.0000 16.6149
17.0000 16.4794
17.0000 16.9292
17.0000 17.1136
17.0000 17.0656
17.0000 16.2595
17.0000 16.5653
17.0000 16.3151
17.0000 16.7102
17.0000 17.1333
17.0000 17.7608
17.0000 16.5048
17.0000 17.2624
17.0000 18.0330
17.0000 16.4265
17.0000 16.8368
17.0000 16.0869
17.0000 16.3274
17.0000 15.7240
17.0000 17.0660
17.0000 16.2193
17.0000 17.2940
17.0000 17.1414
17.0000 15.9567
17.0000 16.3480
17.0000 16.7965
17.0000 17.8289
17.0000 16.9147
17.0000 16.6242
17.0000 16.7317
17.0000 17.8085
17.0000 16.6707
17.0000 17.3855
17.0000 16.4113
17.0000 17.4317
17.0000 16.7964
17.0000 17.3007
17.0000 15.6144
17.0000 16.5962
17.0000 15.6131
17.0000 17.6129
17.0000 16.4701
17.0000 17.8426
17.0000 16.5979
17.0000 16.6243
17.0000 16.7054
17.0000 17.0701
17.0000 16.0031
17.0000 16.6784
17.0000 15.8751
17.0000 17.2788
17.0000 16.9422
17.0000 17.2554
17.0000 17.5993
17.0000 17.0640
17.0000 16.8257
17.0000 16.0045
17.0000 16.4157
17.0000 17.0601
17.0000 17.4279
17.0000 16.5259
17.0000 16.6057
17.0000 16.4557
17.0000 17.2915
17.0000 16.3016
17.0000 17.6707
17.0000 16.7545
17.0000 17.4471
17.0000 17.2892
17.0000 17.0072
17.0000 15.8365
17.0000 17.8263
17.0000 17.7451
17.0000 17.0672
17.0000 16.3955
17.0000 17.2782
17.0000 16.9611
17.0000 17.0109
17.0000 17.1592
17.0000 17.4763
17.0000 16.5348
17.0000 16.3565
17.0000 16.5896
17.0000 16.7190
17.0000 16.3204
17.0000 16.4635
17.0000 18.2504
17.0000 16.2154
17.0000 16.6017
17.0000 17.0990
17.0000 16.1289
17.0000 16.7287
