18.0000 18.4163
18.0000 17.2890
18.0000 17.3407
18.0000 17.9221
18.0000 16.8457
18.0000 17.6154
18.0000 18.3035
18.0000 17.1064
18.0000 17.4663
18.0000 17.7036
18.0000 18.1701
18.0000 17.0668
18.0000 17.8124
18.0000 18.0476
18.0000 17.9272
18.0000 16.9641
18.0000 17.6903
18.0000 17.6558
18.0000 18.4122
18.0000 17.4186
18.0000 18.0499
18.0000 16.5866
18.0000 17.9209
18.0000 17.5081
18.0000 19.3835
18.0000 17.8100
18.0000 18.2097
18.0000 17.1684
18.0000 17.0301
18.0000 18.0668
18.0000 18.4505
18.0000 17.3912
18.0000 18.5554
18.0000 18.9372
18.0000 17.4840
18.0000 18.4473
18.0000 18.0752
18.0000 18.1260
18.0000 18.2003
18.0000 17.7155
18.0000 16.7939
18.0000 18.1507
18.0000 17.9423
18.0000 18.1825
18.0000 18.0707
18.0000 18.9613
18.0000 17.9000
18.0000 18.9709
18.0000 17.1841
18.0000 18.4358
18.0000 18.0713
18.0000 18.6465
18.0000 17.3498
18.0000 17.6273
18.0000 17.7045
18.0000 17.8806
18.0000 17.6268
18.0000 17.3706
18.0000 17.5947
18.0000 18.9783
18.0000 17.1208
18.0000 18.1528
18.0000 18.1765
18.0000 18.7151
18.0000 17.9038
18.0000 17.7656
18.0000 17.2032
18.0000 18.0662
18.0000 17.7218
18.0000 17.6058
18.0000 17.6908
18.0000 17.3008
18.0000 18.0868
18.0000 17.9332
18.0000 17.7771
18.0000 19.0516
18.0000 18.9630
18.0000 17.5642
18.0000 17.2254
18.0000 18.5486
18.0000 17.9360
18.0000 17.7936
18.0000 17.7519
18.0000 17.5973
18.0000 17.4889
18.0000 17.4416
18.0000 17.4043
18.0000 17.9149
18.0000 17.5312
18.0000 18.4543
18.0000 18.6839
18.0000 17.8701
18.0000 17.0075
18.0000 18.2176
18.0000 17.8446
18.0000 17.7495
18.0000 16.9324
18.0000 18.0355
18.0000 18.0419
18.0000 17.7318
18.0000 18.4618
18.0000 17.7250
18.0000 17.8445
18.0000 17.1392
18.0000 18.3110
18.0000 16.5941
18.0000 17.2914
18.0000 18.2344
18.0000 18.4285
18.0000 18.2567
18.0000 17.3743
18.0000 17.4557
18.0000 17.8189
18.0000 17.3831
18.0000 17.3775
18.0000 18.5013
18.0000 17.5889
18.0000 18.8950
18.0000 17.6014
18.0000 17.7138
18.0000 18.3954
18.0000 17.3397
18.0000 18.0714
18.0000 17.6871
18.0000 18.2256
18.0000 17.0281
18.0000 17.3491
18.0000 17.8725
18.0000 18.1851
18.0000 17.8254
18.0000 17.6857
18.0000 18.0961
18.0000 17.4913
18.0000 18.2104
18.0000 17.7439
18.0000 17.9288
18.0000 16.9525
18.0000 17.7802
18.0000 17.1395
18.0000 18.4475
18.0000 18.4003
18.0000 18.2202
18.0000 18.9042
18.0000 17.9499
18.0000 16.7832
18.0000 17.9255
18.0000 18.0862
18.0000 17.7419
18.0000 18.0688
18.0000 18.9759
18.0000 18.9492
18.0000 18.5170
18.0000 17.9176
18.0000 17.9917
18.0000 17.2802
18.0000 17.9917
18.0000 18.8023
18.0000 17.1768
18.0000 17.3185
18.0000 18.3199
18.0000 18.2797
18.0000 17.0527
18.0000 18.1534
18.0000 18.1688
18.0000 17.9386
18.0000 17.3122
18.0000 18.1173
18.0000 17.7355
18.0000 17.8848
18.0000 17.5418
18.0000 17.5750
18.0000 18.7413
18.0000 17.6249
18.0000 19.0312
18.0000 17.8087
18.0000 18.2607
18.0000 17.4052
18.0000 17.3866
18.0000 18.3898
18.0000 18.0478
18.0000 18.1483
18.0000 17.3161
18.0000 17.6866
18.0000 18.3088
18.0000 18.3215
18.0000 18.1679
18.0000 17.6195
18.0000 17.0408
18.0000 18.2077
18.0000 17.9738
18.0000 17.3403
18.0000 18.8222
18.0000 18.4761
18.0000 18.2093
18.0000 18.4272
18.0000 17.6175
18.0000 18.1356
18.0000 17.8080
18.0000 17.3901
18.0000 18.0685
18.0000 17.8833
18.0000 17.9241
18.0000 17.6818
18.0000 17.5676
18.0000 17.4028
18.0000 18.3449
18.0000 17.7525
18.0000 18.4942
18.0000 18.1086
18.0000 19.4142
18.0000 16.4321
18.0000 17.2427
18.0000 17.1186
18.0000 17.1189
18.0000 17.3218
18.0000 16.7758
18.0000 18.1357
18.0000 17.6282
18.0000 17.5909
18.0000 18.5913
18.0000 17.1270
18.0000 17.1538
18.0000 17.2865
18.0000 18.3600
18.0000 18.0324
18.0000 17.6343
18.0000 17.8962
18.0000 16.8607
18.0000 17.2928
18.0000 17.7884
18.0000 17.8781
18.0000 18.3524
18.0000 18.2032
18.0000 17.6593
18.0000 16.6861
18.0000 17.2301
18.0000 16.6571
18.0000 17.6952
18.0000 18.2708
18.0000 18.0112
18.0000 18.1240
18.0000 18.2142
18.0000 17.3863
18.0000 17.4639
18.0000 17.3772
18.0000 17.8781
18.0000 17.6918
18.0000 17.9546
18.0000 19.0509
18.0000 18.0886
18.0000 16.9825
18.0000 17.3095
18.0000 17.0766
18.0000 18.2210
18.0000 17.6044
18.0000 18.7119
18.0000 18.2337
18.0000 17.6694
18.0000 18.3873
18.0000 17.5480
18.0000 17.5492
18.0000 17.8447
18.0000 17.9044
18.0000 17.2065
18.0000 17.6858
18.0000 17.5479
18.0000 17.4465
18.0000 17.9397
18.0000 17.2739
18.0000 17.6641
18.0000 18.2037
18.0000 17.7566
18.0000 17.9998
18.0000 17.3728
18.0000 18.3283
18.0000 17.6433
18.0000 18.2916
18.0000 16.6999
18.0000 18.0182
18.0000 17.7111
18.0000 18.3788
18.0000 18.3331
18.0000 17.9153
18.0000 17.8267
18.0000 18.0027
18.0000 18.2684
18.0000 18.1988
18.0000 16.9142
18.0000 18.1645
18.0000 18.9484
18.0000 17.0023
18.0000 17.5041
18.0000 18.8941
18.0000 18.1296
18.0000 16.8877
18.0000 17.2312
18.0000 18.0740
18.0000 18.4450
18.0000 17.8349
18.0000 17.5177
18.0000 18.2205
18.0000 16.7477
18.0000 18.2810
18.0000 17.6473
18.0000 18.1195
18.0000 17.7537
18.0000 18.0526
18.0000 18.1540
18.0000 17.8743
18.0000 17.6453
18.0000 16.8383
18.0000 17.9112
18.0000 18.2781
18.0000 17.8842
18.0000 17.0827
18.0000 17.2303
18.0000 18.1075
18.0000 18.4721
18.0000 18.4991
18.0000 16.9984
18.0000 17.9424
18.0000 17.6602
18.0000 18.4717
18.0000 17.7085
18.0000 17.6644
18.0000 18.4265
18.0000 18.5739
18.0000 18.7992
18.0000 17.9624
18.0000 18.3015
18.0000 17.3720
18.0000 17.8140
18.0000 17.9188
18.0000 18.0262
18.0000 18.6153
18.0000 18.3309
18.0000 17.7080
18.0000 18.0192
18.0000 17.7880
18.0000 17.7275
18.0000 17.4030
18.0000 17.7085
18.0000 18.1822
18.0000 18.0002
18.0000 17.2424
18.0000 17.4940
18.0000 18.3097
18.0000 18.0074
18.0000 18.1443
18.0000 18.4551
18.0000 17.2040
18.0000 17.7158
18.0000 17.0350
18.0000 17.6617
18.0000 17.9987
18.0000 18.5340
18.0000 15.9392
18.0000 18.2281
18.0000 17.5306
18.0000 17.9582
18.0000 17.4039
18.0000 17.5102
18.0000 17.3898
18.0000 17.6683
18.0000 17.9099
18.0000 17.8105
18.0000 18.4386
18.0000 17.3029
18.0000 18.4799
18.0000 17.8058
18.0000 17.6924
18.0000 17.7789
18.0000 17.3176
18.0000 17.1896
18.0000 17.5333
18.0000 17.1725
18.0000 18.1696
18.0000 18.3902
18.0000 18.9813
18.0000 17.6225
18.0000 18.2706
18.0000 18.4067
18.0000 17.0612
18.0000 17.4248
18.0000 17.7477
18.0000 18.1791
18.0000 17.5957
18.0000 18.0164
18.0000 17.5484
18.0000 18.0938
18.0000 17.9333
18.0000 17.4412
18.0000 16.7365
18.0000 18.3755
18.0000 18.2607
18.0000 16.9615
18.0000 17.9654
18.0000 17.5960
18.0000 17.3744
18.0000 17.6739
18.0000 17.3172
18.0000 17.7001
18.0000 17.0386
18.0000 17.8444
18.0000 17.1218
18.0000 17.5604
18.0000 17.2536
18.0000 18.0273
18.0000 18.8489
18.0000 17.9977
18.0000 17.2195
18.0000 17.4193
18.0000 18.0488
18.0000 17.7547
18.0000 18.1079
18.0000 16.8954
18.0000 17.5109
18.0000 18.4515
18.0000 17.4183
18.0000 17.6053
18.0000 17.6774
18.0000 17.4352
18.0000 18.7746
18.0000 17.8158
18.0000 17.1537
18.0000 18.9085
18.0000 18.4499
18.0000 17.5383
18.0000 17.1638
18.0000 17.6670
18.0000 18.1625
18.0000 17.3673
18.0000 17.3438
18.0000 17.7475
18.0000 18.0123
18.0000 16.9727
18.0000 16.7227
18.0000 17.3307
18.0000 17.0396
18.0000 17.6582
18.0000 16.3909
18.0000 17.5444
18.0000 17.6860
18.0000 18.5393
18.0000 18.3492
18.0000 17.7121
18.0000 18.0305
18.0000 17.1354
18.0000 18.4084
18.0000 17.1709
18.0000 17.7879
18.0000 18.7345
18.0000 17.9580
18.0000 18.2033
18.0000 17.9369
18.0000 17.8813
18.0000 18.1933
18.0000 17.3440
18.0000 16.8851
18.0000 17.2509
18.0000 17.3666
18.0000 18.3140
18.0000 17.3910
18.0000 17.7944
18.0000 17.0360
18.0000 17.6792
18.0000 17.7954
18.0000 17.6139
18.0000 17.6775
18.0000 18.3465
18.0000 18.2864
18.0000 17.2754
18.0000 17.7834
18.0000 17.2613
18.0000 17.8120
18.0000 16.9685
18.0000 16.6190
18.0000 17.6199
18.0000 17.2662
18.0000 17.9786
18.0000 18.3818
18.0000 18.2548
18.0000 18.6820
18.0000 18.2133
18.0000 18.2141
18.0000 17.4659
18.0000 18.5466
18.0000 17.9938
18.0000 17.9276
18.0000 17.3979
18.0000 18.1168
18.0000 18.3853
18.0000 17.9003
18.0000 18.4302
18.0000 17.4115
18.0000 18.2392
18.0000 17.9574
18.0000 17.4438
18.0000 17.9783
18.0000 18.3070
18.0000 18.7427
18.0000 18.9632
18.0000 17.9093
18.0000 17.4975
18.0000 17.2922
18.0000 17.8739
18.0000 18.7500
18.0000 16.8570
18.0000 17.6981
18.0000 17.2948
18.0000 17.7421
18.0000 18.2030
18.0000 17.0900
18.0000 18.4624
18.0000 17.4300
18.0000 17.9476
18.0000 17.0837
18.0000 18.1542
18.0000 17.5433
18.0000 18.7744
18.0000 18.5430
18.0000 17.5252
18.0000 17.6506
18.0000 16.2321
18.0000 17.2786
18.0000 17.7764
18.0000 16.9894
18.0000 18.4210
18.0000 17.6740
18.0000 16.9851
18.0000 18.1785
18.0000 17.8220
18.0000 17.9803
18.0000 18.3996
18.0000 18.2451
18.0000 18.2856
18.0000 17.7688
18.0000 17.7176
18.0000 18.4129
18.0000 17.3820
18.0000 17.2793
18.0000 17.5234
18.0000 17.7110
18.0000 17.7848
18.0000 18.1509
18.0000 17.2364
18.0000 18.1288
18.0000 17.3921
18.0000 17.2526
18.0000 16.6367
18.0000 17.2578
18.0000 17.5539
18.0000 17.3252
18.0000 17.6277
18.0000 18.1729
18.0000 18.1735
18.0000 18.1124
18.0000 17.7868
18.0000 17.3212
18.0000 17.8931
18.0000 16.7372
18.0000 18.0593
18.0000 18.0929
18.0000 17.6289
18.0000 17.4326
18.0000 18.1717
18.0000 17.1811
18.0000 17.1977
18.0000 18.3265
18.0000 16.9418
18.0000 17.9133
18.0000 17.1015
18.0000 18.3710
18.0000 16.9483
18.0000 16.7234
18.0000 18.6047
18.0000 17.9894
18.0000 17.9015
18.0000 18.6488
18.0000 17.8942
18.0000 17.8471
18.0000 17.9242
18.0000 18.5347
18.0000 17.4477
18.0000 17.8738
18.0000 17.8382
18.0000 17.6304
18.0000 17.6349
18.0000 17.1017
18.0000 17.6246
18.0000 18.3187
18.0000 18.5952
18.0000 18.1650
18.0000 17.9893
18.0000 17.1563
18.0000 18.4353
18.0000 17.3653
18.0000 18.7096
18.0000 17.3973
18.0000 17.2694
18.0000 17.8514
18.0000 18.7743
18.0000 17.9231
18.0000 18.6581
18.0000 17.5679
18.0000 17.6618
18.0000 18.2048
18.0000 18.0436
18.0000 17.8679
18.0000 17.9558
18.0000 18.6756
18.0000 18.0651
18.0000 17.5527
18.0000 17.7722
18.0000 17.8646
18.0000 17.2313
18.0000 17.9967
18.0000 18.5576
18.0000 17.4977
18.0000 18.9886
18.0000 17.7539
18.0000 18.1477
18.0000 17.9434
18.0000 19.0440
18.0000 19.1835
18.0000 17.4635
18.0000 17.7617
18.0000 18.9122
18.0000 17.6747
18.0000 17.6057
18.0000 17.3935
18.0000 18.1265
18.0000 16.7494
18.0000 18.3632
18.0000 17.9132
18.0000 17.8773
18.0000 17.3688
18.0000 16.9885
18.0000 16.7328
18.0000 17.5861
18.0000 18.3727
18.0000 17.9441
18.0000 18.1390
18.0000 18.4399
18.0000 17.8343
18.0000 17.0548
18.0000 17.9117
18.0000 18.1600
18.0000 17.4902
18.0000 18.2065
18.0000 19.0047
18.0000 16.8030
18.0000 18.0548
18.0000 18.5661
18.0000 17.9227
18.0000 18.0192
18.0000 18.4771
18.0000 17.7158
18.0000 17.6647
18.0000 16.2260
18.0000 17.2787
18.0000 17.2834
18.0000 17.6776
18.0000 17.1462
18.0000 17.6567
18.0000 17.4755
18.0000 16.8539
18.0000 17.7858
18.0000 18.7152
18.0000 17.1984
18.0000 18.3921
18.0000 18.7870
18.0000 17.1130
18.0000 17.7252
18.0000 17.2695
18.0000 17.8559
18.0000 18.5299
18.0000 17.1261
18.0000 18.0274
18.0000 17.0893
18.0000 17.4592
18.0000 17.2865
18.0000 18.4049
18.0000 18.3475
18.0000 17.8857
18.0000 18.0792
18.0000 17.0337
18.0000 18.7316
18.0000 18.1412
18.0000 17.8219
18.0000 17.9432
18.0000 17.6457
18.0000 17.5158
18.0000 18.0833
18.0000 17.1215
18.0000 18.3692
18.0000 17.4500
18.0000 18.4350
18.0000 17.9029
18.0000 17.0265
18.0000 18.2503
18.0000 17.9492
18.0000 18.0942
18.0000 17.1915
18.0000 16.5122
18.0000 18.0080
18.0000 17.7156
18.0000 17.0525
18.0000 18.1703
18.0000 17.7577
18.0000 17.4412
18.0000 17.8462
18.0000 18.4589
18.0000 17.1562
18.0000 17.6326
18.0000 17.4953
18.0000 17.4480
18.0000 18.4934
18.0000 18.4929
18.0000 18.2168
18.0000 17.7969
18.0000 17.5527
18.0000 16.5726
18.0000 18.6852
18.0000 18.2993
18.0000 18.4585
18.0000 17.8538
18.0000 17.3864
18.0000 18.1144
18.0000 17.9453
18.0000 17.8159
18.0000 18.1249
18.0000 18.1823
18.0000 17.7151
18.0000 18.3204
18.0000 17.4872
18.0000 17.5178
18.0000 17.3515
18.0000 18.0444
18.0000 17.8130
18.0000 18.4942
18.0000 17.0232
18.0000 16.6062
18.0000 18.2224
18.0000 18.2921
18.0000 17.9164
18.0000 17.9408
18.0000 18.1012
18.0000 19.0590
18.0000 17.4147
18.0000 18.0830
18.0000 17.6589
18.0000 17.4284
18.0000 17.5902
18.0000 18.2293
18.0000 17.7591
18.0000 16.0996
18.0000 18.8103
18.0000 17.4120
18.0000 17.1027
18.0000 17.4233
18.0000 17.6812
18.0000 18.0939
18.0000 17.8395
18.0000 17.6385
18.0000 18.3371
18.0000 18.0159
18.0000 17.9205
18.0000 17.5648
18.0000 18.0952
18.0000 18.0234
18.0000 17.8690
18.0000 17.8909
18.0000 18.0930
18.0000 17.6171
18.0000 17.6300
18.0000 18.8452
18.0000 17.7159
18.0000 18.7613
18.0000 17.3736
18.0000 17.9305
18.0000 17.4879
18.0000 17.9502
18.0000 18.5644
18.0000 17.6852
18.0000 16.9825
18.0000 17.5624
18.0000 17.4935
18.0000 17.5773
18.0000 18.0941
18.0000 17.2437
18.0000 17.3106
18.0000 17.1644
18.0000 17.6942
18.0000 18.1160
18.0000 17.8739
18.0000 17.3720
18.0000 18.0813
18.0000 17.1276
18.0000 17.5838
18.0000 17.4275
18.0000 17.7417
18.0000 16.6421
18.0000 17.4403
18.0000 17.4656
18.0000 18.3365
18.0000 16.8788
18.0000 17.9441
18.0000 18.1961
18.0000 15.9410
18.0000 17.3705
18.0000 17.6369
18.0000 17.7893
18.0000 16.7891
18.0000 17.0010
18.0000 17.7483
18.0000 17.9129
18.0000 17.0254
18.0000 16.8740
18.0000 17.6354
18.0000 17.9028
18.0000 17.4709
18.0000 17.9996
18.0000 17.0620
18.0000 18.1586
18.0000 17.5646
18.0000 17.0258
18.0000 17.1192
18.0000 17.4111
18.0000 17.6891
18.0000 18.7263
18.0000 17.7624
18.0000 17.4753
18.0000 17.6301
18.0000 16.8160
18.0000 16.9545
18.0000 17.5452
18.0000 17.7452
18.0000 18.4348
18.0000 18.3856
18.0000 17.8932
18.0000 18.7506
18.0000 17.8692
18.0000 18.5184
18.0000 17.5482
18.0000 18.0909
18.0000 17.3456
18.0000 18.4112
18.0000 17.6233
18.0000 17.6447
18.0000 17.6324
18.0000 17.1726
18.0000 17.5413
18.0000 17.7550
18.0000 17.5131
18.0000 17.5647
18.0000 17.7790
18.0000 17.1957
18.0000 18.1820
18.0000 17.9533
18.0000 16.9272
18.0000 16.3176
18.0000 17.4646
18.0000 17.6052
18.0000 18.5316
18.0000 16.8694
18.0000 17.2631
18.0000 18.8296
18.0000 17.1575
18.0000 17.4693
18.0000 18.2078
18.0000 17.5758
18.0000 17.5434
18.0000 17.8694
18.0000 17.9381
18.0000 17.7474
18.0000 18.3070
18.0000 17.7162
18.0000 17.3529
18.0000 18.9148
18.0000 18.4968
18.0000 17.4589
18.0000 17.4279
18.0000 18.7105
18.0000 17.3914
18.0000 18.1690
18.0000 17.4900
18.0000 17.5806
18.0000 17.7893
18.0000 16.7800
18.0000 17.2100
18.0000 17.4219
18.0000 18.0129
18.0000 18.6172
18.0000 17.7992
18.0000 17.0911
18.0000 18.1293
18.0000 17.6682
18.0000 18.1938
18.0000 17.8416
18.0000 18.3537
18.0000 17.4008
18.0000 17.4737
18.0000 16.9663
18.0000 17.0951
18.0000 17.8330
18.0000 17.4482
18.0000 17.9040
18.0000 18.3932
18.0000 17.5254
18.0000 18.1258
18.0000 18.3707
18.0000 18.2783
18.0000 17.8160
18.0000 16.9517
18.0000 17.9324
18.0000 17.9196
18.0000 17.7618
18.0000 17.9574
18.0000 17.1662
18.0000 17.9502
18.0000 17.3546
18.0000 16.8223
18.0000 16.2715
18.0000 17.2052
18.0000 18.0131
18.0000 17.8088
18.0000 18.3264
18.0000 17.7305
18.0000 16.4594
18.0000 16.6369
18.0000 18.6460
18.0000 17.9052
18.0000 18.7521
18.0000 17.4882
18.0000 17.4680
18.0000 19.3041
18.0000 18.5549
18.0000 17.5835
18.0000 18.2813
18.0000 17.5445
18.0000 16.9401
18.0000 16.9988
18.0000 18.2591
18.0000 17.3379
18.0000 18.3436
18.0000 17.9727
18.0000 17.3638
18.0000 17.6439
18.0000 18.2168
18.0000 17.2142
18.0000 18.0398
18.0000 18.0999
18.0000 17.2747
18.0000 17.5226
18.0000 18.2171
18.0000 17.4969
18.0000 17.1183
18.0000 17.4605
18.0000 18.4128
18.0000 17.6729
18.0000 18.1302
18.0000 17.5758
18.0000 16.9651
18.0000 18.3930
18.0000 17.7316
18.0000 17.9824
18.0000 18.1823
18.0000 18.2346
18.0000 18.7491
18.0000 17.7011
18.0000 17.8848
18.0000 17.1857
18.0000 17.7375
18.0000 17.3174
18.0000 18.0514
18.0000 18.5006
18.0000 17.8709
18.0000 18.0521
18.0000 18.1400
18.0000 17.6596
18.0000 18.5078
18.0000 18.1148
18.0000 17.0336
18.0000 17.2683
18.0000 17.4255
18.0000 18.6020
18.0000 17.6739
18.0000 17.2637
18.0000 16.8120
18.0000 17.6363
18.0000 18.0398
18.0000 17.8732
18.0000 18.4886
18.0000 18.4907
18.0000 18.2425
18.0000 16.5916
18.0000 18.0615
18.0000 17.4844
18.0000 17.9821
18.0000 18.1290
18.0000 17.9008
18.0000 17.6560
18.0000 16.7907
18.0000 16.8717
18.0000 16.9948
18.0000 17.7396
18.0000 18.0445
18.0000 17.4162
18.0000 18.8263
18.0000 17.8453
18.0000 17.9010
18.0000 17.7026
18.0000 17.7026
18.0000 17.1033
18.0000 17.6740
18.0000 18.1211
18.0000 18.3038
18.0000 17.8103
18.0000 17.6758
18.0000 17.6529
18.0000 17.0146
18.0000 17.6841
18.0000 16.6002
18.0000 18.0081
18.0000 17.7077
18.0000 17.8101
18.0000 17.8242
18.0000 17.7019
18.0000 16.5542
18.0000 17.7558
18.0000 17.5821
18.0000 17.9873
18.0000 17.6729
18.0000 17.0551
18.0000 16.8476
18.0000 16.8937
18.0000 18.0526
18.0000 17.6506
18.0000 18.0607
18.0000 17.3053
18.0000 18.3259
18.0000 17.1146
18.0000 17.6258
18.0000 17.6651
18.0000 18.0161
18.0000 17.1834
18.0000 18.1536
18.0000 16.8021
18.0000 16.6562
18.0000 18.0741
18.0000 18.8390
18.0000 18.0420
18.0000 17.2284
18.0000 17.0151
18.0000 18.6424
18.0000 19.0138
18.0000 17.8085
18.0000 18.1254
18.0000 17.7693
18.0000 18.1757
18.0000 16.9942
18.0000 17.0704
18.0000 18.4253
18.0000 17.5807
18.0000 18.0228
18.0000 18.0788
18.0000 18.1871
18.0000 19.2376
18.0000 17.7986
18.0000 18.6806
18.0000 17.8960
18.0000 17.6414
18.0000 17.5706
18.0000 17.2025
18.0000 18.1639
18.0000 18.0030
18.0000 18.1042
18.0000 18.0004
18.0000 17.6801
18.0000 17.9907
18.0000 17.5440
18.0000 17.9694
18.0000 18.3654
18.0000 17.2663
18.0000 17.6594
18.0000 17.7652
18.0000 17.9985
18.0000 17.6833
18.0000 17.6447
18.0000 18.3713
18.0000 17.7605
18.0000 17.5914
18.0000 17.5986
18.0000 17.6616
18.0000 18.7979
18.0000 18.0444
18.0000 17.0619
18.0000 18.3676
18.0000 17.7097
18.0000 18.0537
18.0000 17.6942
18.0000 17.8343
18.0000 18.2027
18.0000 17.5262
18.0000 17.0401
18.0000 17.9674
18.0000 16.9842
18.0000 18.6186
18.0000 17.6628
18.0000 16.9006
18.0000 18.5603
18.0000 17.8064
18.0000 18.2051
18.0000 17.9180
18.0000 17.7796
18.0000 17.4259
18.0000 18.4294
18.0000 18.2102
18.0000 18.3187
18.0000 17.9297
18.0000 17.3211
18.0000 17.6699
18.0000 18.1078
18.0000 18.4368
18.0000 17.8239
18.0000 17.2628
18.0000 18.3442
18.0000 17.5885
18.0000 17.8907
18.0000 18.0252
18.0000 18.0589
18.0000 17.8633
18.0000 17.9755
18.0000 17.0117
18.0000 18.9210
18.0000 17.5316
18.0000 17.1843
18.0000 17.6779
18.0000 17.7010
18.0000 17.3971
18.0000 18.4197
18.0000 17.7746
18.0000 16.7414
18.0000 18.1845
18.0000 18.4602
18.0000 17.9221
18.0000 18.2516
18.0000 17.8895
18.0000 17.0314
18.0000 19.2518
18.0000 17.8634
18.0000 19.1496
18.0000 18.1542
18.0000 19.2231
18.0000 19.1922
18.0000 18.0203
18.0000 17.5318
18.0000 17.9732
18.0000 17.6546
18.0000 16.8216
18.0000 17.4416
18.0000 16.4655
18.0000 17.3381
18.0000 17.2744
18.0000 17.2290
18.0000 17.9018
18.0000 17.4780
18.0000 17.6019
18.0000 17.5870
18.0000 17.7923
18.0000 17.3661
18.0000 17.6431
18.0000 18.1812
18.0000 17.7994
18.0000 17.9450
18.0000 17.4220
18.0000 17.5334
18.0000 16.8346
18.0000 17.9564
18.0000 18.1255
18.0000 16.6375
18.0000 17.3537
18.0000 18.4153
18.0000 18.1629
18.0000 18.4005
18.0000 17.9357
18.0000 17.5975
18.0000 18.1090
18.0000 17.7810
18.0000 17.7823
18.0000 17.6297
18.0000 18.1712
18.0000 17.2967
18.0000 17.1962
18.0000 17.8451
18.0000 18.8892
18.0000 17.5206
18.0000 17.5850
18.0000 17.4733
18.0000 17.1503
18.0000 17.6729
18.0000 18.3546
18.0000 18.2651
18.0000 17.8636
18.0000 18.3778
18.0000 17.1834
18.0000 18.5611
18.0000 17.0197
18.0000 17.7068
18.0000 17.5228
18.0000 17.8889
18.0000 18.0587
18.0000 17.4957
18.0000 18.0442
18.0000 17.6269
18.0000 19.0328
18.0000 17.0337
18.0000 17.8421
18.0000 16.9248
18.0000 18.5663
18.0000 18.0996
18.0000 17.4113
18.0000 18.3507
18.0000 18.0899
18.0000 17.2122
18.0000 17.5914
18.0000 17.7841
18.0000 17.8084
18.0000 18.7674
18.0000 18.1433
18.0000 17.6833
18.0000 16.9782
18.0000 17.5100
18.0000 18.2902
18.0000 17.5958
18.0000 17.3933
18.0000 18.4507
18.0000 18.5326
18.0000 18.6724
18.0000 17.8429
18.0000 17.9060
18.0000 17.2448
18.0000 18.2641
18.0000 17.7522
18.0000 17.6149
18.0000 17.6330
18.0000 17.9128
18.0000 17.3946
18.0000 19.2999
18.0000 18.1943
18.0000 17.8025
18.0000 18.0532
18.0000 16.9513
18.0000 18.2958
18.0000 17.4448
18.0000 17.9918
18.0000 17.5901
18.0000 18.5639
18.0000 17.8138
18.0000 17.2987
18.0000 17.5083
18.0000 18.0752
18.0000 17.5129
18.0000 18.7624
18.0000 17.8166
18.0000 17.5707
18.0000 17.1541
18.0000 17.6850
18.0000 17.3998
18.0000 17.9477
18.0000 17.6058
18.0000 16.8359
18.0000 19.6320
18.0000 16.6970
18.0000 18.1535
18.0000 18.0015
18.0000 17.9418
18.0000 17.5462
18.0000 17.6176
18.0000 17.7799
18.0000 18.0704
18.0000 17.8449
18.0000 18.4722
18.0000 18.2974
18.0000 17.4069
18.0000 18.4478
18.0000 17.9162
18.0000 17.7372
18.0000 17.7835
18.0000 18.4756
18.0000 17.3674
18.0000 18.4650
18.0000 17.7061
18.0000 17.8271
18.0000 18.3205
18.0000 17.9832
18.0000 18.2408
18.0000 17.5933
18.0000 17.2879
18.0000 18.1636
18.0000 17.8072
18.0000 17.7056
18.0000 16.9430
18.0000 16.9569
18.0000 17.0232
18.0000 17.2531
18.0000 17.5338
18.0000 18.5078
18.0000 17.7552
18.0000 18.4804
18.0000 17.7838
18.0000 17.9565
18.0000 18.2819
18.0000 17.6651
18.0000 17.9740
18.0000 18.1083
18.0000 18.3423
18.0000 17.1859
18.0000 18.0835
18.0000 16.8827
18.0000 17.7783
18.0000 19.1050
18.0000 18.1885
18.0000 17.2750
18.0000 18.0720
18.0000 18.7869
18.0000 17.1856
18.0000 18.1820
18.0000 18.7583
18.0000 17.9280
18.0000 17.7828
18.0000 17.9771
18.0000 17.5893
18.0000 18.3027
18.0000 16.7676
18.0000 17.4050
18.0000 18.1818
18.0000 18.0529
18.0000 17.8627
18.0000 17.7791
18.0000 18.0209
18.0000 18.1138
18.0000 17.5848
18.0000 17.7753
18.0000 18.5239
18.0000 17.1481
18.0000 18.1616
18.0000 18.7441
18.0000 18.8549
18.0000 17.0928
18.0000 18.4820
18.0000 17.7482
18.0000 18.3548
18.0000 17.4248
18.0000 18.5660
18.0000 17.4342
18.0000 17.4013
18.0000 17.2338
18.0000 18.1767
18.0000 17.3773
18.0000 17.8353
18.0000 17.7711
18.0000 17.7432
18.0000 17.8588
18.0000 17.2687
18.0000 17.2285
18.0000 18.1791
18.0000 17.9403
18.0000 18.2038
18.0000 16.9470
18.0000 17.2942
18.0000 17.3491
18.0000 18.2484
18.0000 17.3211
18.0000 18.6039
18.0000 16.9639
18.0000 17.4662
18.0000 17.7056
18.0000 18.2777
18.0000 17.8623
18.0000 17.8024
18.0000 18.4608
18.0000 18.2746
18.0000 17.8413
18.0000 18.2634
18.0000 17.4935
18.0000 18.0657
18.0000 17.7700
18.0000 17.0054
18.0000 17.7084
18.0000 17.9687
18.0000 17.4066
18.0000 17.7594
18.0000 17.9125
18.0000 18.6040
18.0000 17.1542
18.0000 18.2510
18.0000 17.8379
18.0000 18.2075
18.0000 15.9437
18.0000 17.0976
18.0000 16.9822
18.0000 17.3863
18.0000 18.0260
18.0000 18.0661
18.0000 17.5333
18.0000 18.1532
18.0000 17.4136
18.0000 16.9811
18.0000 18.1540
18.0000 17.0654
18.0000 17.6599
18.0000 18.5829
18.0000 17.3657
18.0000 17.5111
18.0000 18.0924
18.0000 16.9991
18.0000 18.0350
18.0000 17.8555
18.0000 17.9333
18.0000 17.4287
18.0000 17.3905
18.0000 17.9820
18.0000 18.9167
18.0000 17.2225
18.0000 17.7268
18.0000 17.3199
18.0000 16.6947
18.0000 17.1035
18.0000 16.7925
18.0000 18.6634
18.0000 17.0958
18.0000 18.4558
18.0000 18.3486
18.0000 17.2086
18.0000 16.3072
18.0000 18.1202
18.0000 17.6135
18.0000 17.6954
18.0000 17.3937
18.0000 18.0368
18.0000 17.1702
18.0000 17.8553
18.0000 18.6281
18.0000 17.1938
18.0000 17.7491
18.0000 18.3967
18.0000 17.9731
18.0000 17.0977
18.0000 17.3577
18.0000 18.2197
18.0000 17.8362
18.0000 17.8553
18.0000 18.5658
18.0000 17.8830
18.0000 17.3479
18.0000 17.2992
18.0000 18.8461
18.0000 17.6661
18.0000 18.4629
18.0000 17.7819
18.0000 17.1408
18.0000 18.2194
18.0000 18.3094
18.0000 17.6962
18.0000 16.2163
18.0000 17.8718
18.0000 17.8485
18.0000 17.4285
18.0000 16.6544
18.0000 18.4621
18.0000 18.5949
18.0000 18.0410
18.0000 17.8686
18.0000 17.5658
18.0000 17.1130
18.0000 16.8462
18.0000 16.9996
18.0000 17.3735
18.0000 17.8794
18.0000 17.4198
18.0000 17.4306
18.0000 17.2244
18.0000 17.2630
18.0000 17.1377
18.0000 17.8265
18.0000 18.0906
18.0000 18.0183
18.0000 17.5075
18.0000 18.5361
18.0000 17.8612
18.0000 17.6617
18.0000 18.7400
18.0000 17.0970
18.0000 18.0410
18.0000 18.2535
18.0000 18.9573
18.0000 18.1283
18.0000 18.1196
18.0000 17.8297
18.0000 18.1321
18.0000 17.4151
18.0000 18.1454
18.0000 18.1528
18.0000 17.5021
18.0000 18.6797
18.0000 17.8441
18.0000 18.0697
18.0000 17.8870
18.0000 17.5024
18.0000 17.4030
18.0000 17.7274
18.0000 17.7805
18.0000 18.1171
18.0000 17.4313
18.0000 18.0748
18.0000 16.9802
18.0000 16.7459
18.0000 17.5878
18.0000 17.8369
18.0000 19.4335
18.0000 17.3130
18.0000 17.1046
18.0000 17.6840
18.0000 17.6656
18.0000 17.7780
18.0000 18.2093
18.0000 18.5276
18.0000 18.1307
18.0000 17.2391
18.0000 18.2810
18.0000 18.2622
18.0000 18.7021
18.0000 17.7219
18.0000 17.7555
18.0000 18.2226
18.0000 17.7987
18.0000 18.6448
18.0000 17.1847
18.0000 17.3113
18.0000 18.0340
18.0000 18.4757
18.0000 16.8352
18.0000 17.9042
18.0000 17.3461
18.0000 17.2357
18.0000 18.0389
18.0000 17.5787
18.0000 18.0503
18.0000 18.0079
18.0000 17.5057
18.0000 18.0332
18.0000 18.5666
18.0000 18.2644
18.0000 17.5489
18.0000 17.7822
18.0000 17.7450
18.0000 17.8992
18.0000 16.9998
18.0000 17.7624
18.0000 17.8208
18.0000 17.9865
18.0000 17.8850
18.0000 16.7339
18.0000 17.7616
18.0000 17.7058
18.0000 17.6476
18.0000 17.1462
18.0000 18.6600
18.0000 18.5574
18.0000 16.7754
18.0000 16.9184
18.0000 18.0268
18.0000 17.8719
18.0000 18.8232
18.0000 17.3976
18.0000 18.4597
18.0000 16.9121
18.0000 17.4849
18.0000 17.4495
18.0000 18.2802
18.0000 16.7802
18.0000 17.0421
18.0000 18.4105
18.0000 18.2714
18.0000 18.3276
18.0000 16.6847
18.0000 18.8073
18.0000 17.2848
18.0000 18.0890
18.0000 17.6846
18.0000 17.4041
18.0000 18.3163
18.0000 18.2736
18.0000 18.1775
18.0000 18.8604
18.0000 17.6928
18.0000 17.5548
18.0000 17.2835
18.0000 18.6595
18.0000 18.3848
18.0000 17.9794
18.0000 18.0293
18.0000 18.2265
18.0000 17.7704
18.0000 17.6663
18.0000 17.9330
18.0000 17.7321
18.0000 18.4022
18.0000 17.3255
18.0000 17.8484
18.0000 18.0508
18.0000 17.2362
18.0000 17.4913
18.0000 18.3271
18.0000 17.6218
18.0000 18.4157
18.0000 17.3441
18.0000 17.7542
18.0000 18.0032
18.0000 18.2126
18.0000 17.0027
18.0000 18.2043
18.0000 17.6070
18.0000 16.7245
18.0000 18.1171
18.0000 16.8067
18.0000 18.2867
18.0000 18.0517
18.0000 17.4359
18.0000 18.3778
18.0000 18.2609
18.0000 18.0465
18.0000 17.0095
18.0000 18.7427
18.0000 17.4389
18.0000 17.6477
18.0000 17.9830
18.0000 17.0031
18.0000 18.0230
18.0000 16.4098
18.0000 17.3847
18.0000 17.3866
18.0000 18.1518
18.0000 17.4847
18.0000 17.7142
18.0000 17.7775
18.0000 17.4415
18.0000 18.8131
18.0000 18.9420
18.0000 18.4439
18.0000 17.1513
18.0000 18.6286
18.0000 17.2023
18.0000 17.4204
18.0000 17.4503
18.0000 16.7175
18.0000 17.0931
18.0000 17.7926
18.0000 17.6086
18.0000 18.8688
18.0000 18.2217
18.0000 18.3703
18.0000 18.6329
18.0000 17.6550
18.0000 18.1299
18.0000 17.3944
18.0000 17.9146
18.0000 17.6180
18.0000 18.8592
18.0000 17.7281
18.0000 17.7834
18.0000 17.6694
18.0000 17.8110
18.0000 18.0447
18.0000 17.4779
18.0000 18.3554
18.0000 18.2798
18.0000 17.8558
18.0000 17.0488
18.0000 17.9409
18.0000 17.9602
18.0000 17.4751
18.0000 18.6531
18.0000 17.3977
18.0000 18.1844
18.0000 17.7565
18.0000 18.5998
18.0000 17.3038
18.0000 17.6894
18.0000 17.3627
18.0000 17.1172
18.0000 17.8937
18.0000 17.7775
18.0000 17.6860
18.0000 17.1036
18.0000 18.4407
18.0000 18.1768
18.0000 16.9625
18.0000 18.2259
18.0000 17.6326
18.0000 17.1603
18.0000 17.5008
18.0000 17.3922
18.0000 17.6073
18.0000 17.8389
18.0000 17.9827
18.0000 18.2098
18.0000 17.1600
18.0000 18.0378
18.0000 18.4928
18.0000 17.3406
18.0000 17.4792
18.0000 17.2702
18.0000 18.6113
18.0000 17.4239
18.0000 17.8370
18.0000 17.6817
18.0000 17.7019
18.0000 17.8388
18.0000 17.4759
18.0000 16.7328
18.0000 17.5606
18.0000 17.7515
18.0000 16.7841
18.0000 17.4384
18.0000 17.1703
18.0000 16.5445
18.0000 18.8080
18.0000 19.0411
18.0000 18.0541
18.0000 17.5590
18.0000 18.2240
18.0000 18.4301
18.0000 17.3414
18.0000 17.1814
18.0000 17.8949
18.0000 18.7316
18.0000 17.7128
18.0000 17.4440
18.0000 18.5336
18.0000 17.4570
18.0000 17.0481
18.0000 18.5566
18.0000 17.7855
18.0000 17.9119
18.0000 17.0809
18.0000 19.0057
18.0000 17.6948
18.0000 17.9428
18.0000 18.0673
18.0000 17.4640
18.0000 18.4800
18.0000 17.3971
18.0000 18.0460
18.0000 17.6541
18.0000 17.8468
18.0000 17.9242
18.0000 17.6954
18.0000 18.3898
18.0000 17.5394
18.0000 17.0791
18.0000 17.1929
18.0000 17.9237
18.0000 17.6065
18.0000 18.4893
18.0000 18.1342
18.0000 18.4877
18.0000 18.6547
18.0000 17.6492
18.0000 17.4781
18.0000 18.2510
18.0000 17.9869
18.0000 17.6661
18.0000 18.1511
18.0000 17.5987
18.0000 17.5143
18.0000 18.0882
18.0000 18.2673
18.0000 17.6667
18.0000 17.2975
18.0000 17.7194
18.0000 17.8628
18.0000 18.3168
18.0000 17.8513
18.0000 16.1903
18.0000 17.6203
18.0000 18.6170
18.0000 18.3599
18.0000 17.9665
18.0000 16.5586
18.0000 17.7126
18.0000 18.2721
18.0000 17.8284
18.0000 17.6082
18.0000 17.6417
18.0000 17.3022
18.0000 18.6748
18.0000 17.1280
18.0000 18.4010
18.0000 18.2958
18.0000 17.8525
18.0000 18.6545
18.0000 17.8530
18.0000 18.3276
18.0000 17.6459
18.0000 17.9632
18.0000 17.7630
18.0000 19.0237
18.0000 18.0370
18.0000 17.2193
18.0000 17.6628
18.0000 18.1634
18.0000 17.1926
18.0000 17.2267
18.0000 17.2740
18.0000 18.9230
18.0000 18.4705
18.0000 18.0509
18.0000 17.3537
18.0000 18.4066
18.0000 17.8292
18.0000 18.1986
18.0000 17.2962
18.0000 17.3490
18.0000 18.0797
18.0000 17.5282
18.0000 17.4453
18.0000 17.0728
18.0000 17.7135
18.0000 17.3536
18.0000 17.2502
18.0000 16.9282
18.0000 18.3617
18.0000 18.0431
18.0000 16.4962
18.0000 17.6238
18.0000 18.4640
18.0000 18.5024
18.0000 17.7023
18.0000 17.6037
18.0000 18.5516
18.0000 17.7746
18.0000 18.3300
18.0000 17.8609
18.0000 17.6886
18.0000 18.4984
18.0000 17.7888
18.0000 18.8181
18.0000 17.9295
18.0000 16.9702
18.0000 18.0311
18.0000 17.8140
18.0000 17.9720
18.0000 17.9461
18.0000 17.9333
18.0000 18.2835
18.0000 17.5248
18.0000 18.3024
18.0000 17.2168
18.0000 17.8274
18.0000 17.9547
18.0000 17.8587
18.0000 17.7925
18.0000 17.8599
18.0000 17.5524
18.0000 17.7030
18.0000 18.8986
18.0000 17.4397
18.0000 17.5866
18.0000 18.2584
18.0000 17.7044
18.0000 18.5718
18.0000 17.6569
18.0000 17.4024
18.0000 17.9680
18.0000 18.2178
18.0000 17.4018
18.0000 18.2094
18.0000 17.5655
18.0000 18.0195
18.0000 18.2875
18.0000 17.7572
18.0000 18.6665
18.0000 17.4214
18.0000 17.8998
18.0000 17.6363
18.0000 17.1955
18.0000 18.6841
18.0000 18.3751
18.0000 18.3368
18.0000 17.6644
18.0000 17.0745
18.0000 18.1810
18.0000 17.6876
18.0000 17.7729
18.0000 17.4211
18.0000 17.8819
18.0000 17.6053
18.0000 17.9874
18.0000 18.1723
18.0000 17.3857
18.0000 17.4490
18.0000 17.4364
18.0000 17.6773
18.0000 18.0476
18.0000 16.4140
18.0000 17.4897
18.0000 16.3592
18.0000 18.2165
18.0000 17.0156
18.0000 17.4605
18.0000 17.2325
18.0000 17.6188
18.0000 17.4114
18.0000 18.9870
18.0000 17.8333
18.0000 17.9693
18.0000 18.0552
18.0000 17.8219
18.0000 17.2142
18.0000 16.6106
18.0000 18.2664
18.0000 18.6913
18.0000 17.6524
18.0000 17.8046
18.0000 17.2006
18.0000 16.8978
18.0000 17.6514
18.0000 18.1365
18.0000 18.2535
18.0000 17.3666
18.0000 17.6293
18.0000 18.3962
18.0000 17.5782
18.0000 17.2023
18.0000 17.3305
18.0000 16.8811
18.0000 18.1882
18.0000 17.2026
18.0000 17.2578
18.0000 17.5730
18.0000 17.0385
18.0000 18.1152
18.0000 17.5085
18.0000 18.2651
18.0000 17.4308
18.0000 18.0219
18.0000 17.5843
18.0000 17.5260
18.0000 18.2823
18.0000 17.3852
18.0000 17.6898
18.0000 18.5865
18.0000 17.9399
18.0000 18.1403
18.0000 19.0864
18.0000 17.2881
18.0000 17.2363
18.0000 17.6390
18.0000 18.2641
18.0000 17.2637
18.0000 17.0415
18.0000 17.3675
18.0000 16.9808
18.0000 17.2668
18.0000 17.5492
18.0000 17.6583
18.0000 18.3617
18.0000 17.6653
18.0000 18.7482
18.0000 17.5052
18.0000 17.9293
18.0000 17.3145
18.0000 17.0556
18.0000 18.0354
18.0000 18.7824
18.0000 18.4846
18.0000 17.2583
18.0000 17.8564
18.0000 17.6444
18.0000 18.4786
18.0000 18.5035
18.0000 17.6571
18.0000 17.5854
18.0000 17.4638
18.0000 16.9219
18.0000 17.6374
18.0000 17.0189
18.0000 17.4413
18.0000 18.1512
18.0000 17.6388
18.0000 17.4368
18.0000 18.6880
18.0000 18.4098
18.0000 16.7445
18.0000 19.0330
18.0000 18.0337
18.0000 17.2726
18.0000 17.5120
18.0000 18.1663
18.0000 17.7794
18.0000 17.9796
18.0000 18.0562
18.0000 17.6773
18.0000 17.6746
18.0000 18.7422
18.0000 16.7832
18.0000 17.9058
18.0000 17.7861
18.0000 18.0863
18.0000 18.4881
18.0000 17.4555
18.0000 17.0922
18.0000 16.5496
18.0000 17.2822
18.0000 17.3525
18.0000 18.2204
18.0000 18.4508
18.0000 19.0827
18.0000 17.9683
18.0000 17.3422
18.0000 18.6849
18.0000 18.4735
18.0000 18.3382
18.0000 18.3353
18.0000 17.3813
18.0000 17.3562
18.0000 16.2878
18.0000 17.8247
18.0000 17.3638
18.0000 17.9773
18.0000 16.8348
18.0000 18.7789
18.0000 17.5476
18.0000 17.0978
18.0000 17.7440
18.0000 17.8546
18.0000 17.3176
18.0000 17.5131
18.0000 17.3705
18.0000 17.8996
18.0000 18.0864
18.0000 17.9207
18.0000 17.5890
18.0000 17.8357
18.0000 17.5831
18.0000 17.3815
18.0000 17.1598
18.0000 16.2942
18.0000 17.3554
18.0000 18.9829
18.0000 18.3167
18.0000 17.8227
18.0000 16.7965
18.0000 17.2860
18.0000 17.9679
18.0000 17.9402
18.0000 17.4828
18.0000 18.3014
18.0000 18.0361
18.0000 17.7378
18.0000 17.3333
18.0000 18.2573
18.0000 17.7861
18.0000 18.0690
18.0000 17.5679
18.0000 17.2498
18.0000 18.7477
18.0000 17.8160
18.0000 17.2566
18.0000 17.8673
18.0000 17.4288
18.0000 16.7797
18.0000 16.6903
18.0000 17.6154
18.0000 18.2344
18.0000 18.3992
18.0000 17.3131
18.0000 18.2331
18.0000 17.1177
18.0000 17.7383
18.0000 19.4170
18.0000 17.9615
18.0000 18.6028
18.0000 18.6668
18.0000 17.2028
18.0000 17.5997
18.0000 18.5834
18.0000 17.3849
18.0000 17.5960
18.0000 18.3077
18.0000 17.8702
18.0000 18.8445
18.0000 17.4301
18.0000 17.4213
18.0000 17.4029
18.0000 18.4799
18.0000 18.0747
18.0000 18.1298
18.0000 17.8914
18.0000 17.8253
18.0000 18.1044
18.0000 17.8873
18.0000 17.6467
18.0000 17.7825
18.0000 17.6928
18.0000 18.0188
18.0000 17.7656
18.0000 18.5898
18.0000 18.8152
18.0000 17.7762
18.0000 18.1475
18.0000 18.0155
18.0000 17.8842
18.0000 18.9620
18.0000 17.9673
18.0000 18.2072
18.0000 17.9608
18.0000 17.8294
18.0000 18.5652
18.0000 17.9627
18.0000 17.0799
18.0000 17.4385
18.0000 18.3477
18.0000 17.3321
18.0000 17.7987
18.0000 18.6273
18.0000 18.2975
18.0000 17.5313
18.0000 18.2286
18.0000 17.9990
18.0000 17.9107
18.0000 17.5352
18.0000 17.8809
18.0000 17.7200
18.0000 17.3533
18.0000 18.0754
18.0000 17.8352
18.0000 18.6554
18.0000 18.5931
18.0000 16.8476
18.0000 18.1767
18.0000 18.3511
18.0000 16.9326
18.0000 17.3839
18.0000 17.5000
18.0000 18.2490
18.0000 18.2573
18.0000 18.0104
18.0000 17.4105
18.0000 17.3785
18.0000 17.4861
18.0000 17.5020
18.0000 17.6558
18.0000 17.6792
18.0000 17.9104
18.0000 17.7438
18.0000 17.4181
18.0000 18.4496
18.0000 18.5288
18.0000 17.5441
18.0000 18.7063
18.0000 17.3096
18.0000 17.8174
18.0000 16.9383
18.0000 17.7022
18.0000 17.3256
18.0000 18.0065
18.0000 17.6856
18.0000 17.9873
18.0000 16.8773
18.0000 17.9085
18.0000 17.4413
18.0000 17.8457
18.0000 17.6737
18.0000 18.1580
18.0000 18.0431
18.0000 18.3693
18.0000 18.6516
18.0000 18.0330
18.0000 17.6732
18.0000 18.2835
18.0000 17.9903
18.0000 18.1478
18.0000 17.9092
18.0000 17.1144
18.0000 17.9828
18.0000 16.4985
18.0000 16.6386
18.0000 17.7595
18.0000 18.6337
18.0000 19.3919
18.0000 17.6974
18.0000 17.0058
18.0000 17.6537
18.0000 18.3634
18.0000 17.5772
18.0000 17.4384
18.0000 17.8558
18.0000 18.6767
18.0000 18.1495
18.0000 18.2129
18.0000 18.0264
18.0000 17.5717
18.0000 17.7267
18.0000 17.8058
18.0000 17.6466
18.0000 17.4852
18.0000 17.8167
18.0000 17.8271
18.0000 18.0676
18.0000 17.8203
18.0000 17.6629
18.0000 18.3967
18.0000 17.6072
18.0000 17.4963
18.0000 17.6683
18.0000 17.9087
18.0000 18.7391
18.0000 16.6439
18.0000 18.8125
18.0000 18.1574
18.0000 18.3048
18.0000 18.4464
18.0000 17.2657
18.0000 17.5165
18.0000 17.8029
18.0000 17.7871
18.0000 17.5632
18.0000 17.9365
18.0000 17.6798
18.0000 17.4206
18.0000 17.5697
18.0000 17.7765
18.0000 17.3171
18.0000 16.9671
18.0000 17.5319
18.0000 17.7369
18.0000 17.8294
18.0000 16.9696
18.0000 18.4790
18.0000 17.2693
18.0000 17.5049
18.0000 17.6015
18.0000 18.0732
18.0000 17.4443
18.0000 17.7961
18.0000 17.5757
18.0000 18.3333
18.0000 18.1248
18.0000 17.3902
18.0000 17.2828
18.0000 18.3016
18.0000 17.6686
18.0000 17.6992
18.0000 17.6668
18.0000 18.1898
18.0000 17.9885
18.0000 17.4575
18.0000 18.2371
18.0000 17.2642
18.0000 17.7345
18.0000 17.5344
18.0000 17.2436
18.0000 17.5931
18.0000 17.9461
18.0000 17.1997
18.0000 17.4587
18.0000 17.7964
18.0000 16.9425
18.0000 17.8416
18.0000 18.4850
18.0000 17.8845
18.0000 18.2227
18.0000 18.2826
18.0000 17.6976
18.0000 18.8627
18.0000 17.4616
18.0000 17.0146
18.0000 17.9219
18.0000 17.3383
18.0000 18.6707
18.0000 18.4032
18.0000 17.8968
18.0000 17.1058
18.0000 17.7453
18.0000 16.9176
18.0000 17.0420
18.0000 17.8845
18.0000 17.9022
18.0000 17.7637
18.0000 18.0928
18.0000 19.3686
18.0000 16.9395
18.0000 18.1666
18.0000 17.1521
18.0000 17.9374
18.0000 17.9456
18.0000 17.4857
18.0000 16.6061
18.0000 18.4677
18.0000 17.7075
18.0000 17.7030
18.0000 17.8905
18.0000 17.1673
18.0000 17.1426
18.0000 17.4424
18.0000 17.5735
18.0000 17.4375
18.0000 18.1563
18.0000 17.6594
18.0000 17.3137
18.0000 17.2912
18.0000 18.0360
18.0000 16.3243
18.0000 18.0196
18.0000 17.9859
18.0000 19.0443
18.0000 18.0969
18.0000 17.1225
18.0000 17.5459
18.0000 17.9973
18.0000 17.3835
18.0000 18.1508
18.0000 17.6792
18.0000 18.0769
18.0000 17.0615
18.0000 18.1701
18.0000 18.3105
18.0000 17.2812
18.0000 17.3620
18.0000 17.2287
18.0000 17.4414
18.0000 17.8003
18.0000 18.5154
18.0000 18.1971
18.0000 17.8768
18.0000 18.0538
18.0000 17.6324
18.0000 16.6735
18.0000 17.3424
18.0000 17.6700
18.0000 18.1003
18.0000 18.5943
18.0000 16.5100
18.0000 17.7768
18.0000 17.0036
18.0000 17.8698
18.0000 17.5514
18.0000 17.9748
18.0000 17.4534
18.0000 17.3935
18.0000 17.1912
18.0000 18.6043
18.0000 17.1721
18.0000 18.0256
18.0000 18.1789
18.0000 18.2231
18.0000 16.8057
18.0000 17.4437
18.0000 16.9399
18.0000 17.2771
18.0000 17.6465
18.0000 17.5805
18.0000 17.1215
18.0000 18.4633
18.0000 16.5245
18.0000 17.4443
18.0000 19.3006
18.0000 17.6913
18.0000 17.4960
18.0000 16.8423
18.0000 17.3436
18.0000 17.5735
18.0000 18.4528
18.0000 17.0521
18.0000 17.1552
18.0000 17.7459
18.0000 17.1921
18.0000 17.8109
18.0000 17.0542
18.0000 17.8003
18.0000 17.9269
18.0000 18.7275
18.0000 17.8364
18.0000 18.9507
18.0000 16.5192
18.0000 18.7887
18.0000 17.6842
18.0000 18.3155
18.0000 17.8954
18.0000 17.3489
18.0000 17.2391
18.0000 17.3481
18.0000 18.7404
18.0000 17.1678
18.0000 17.8062
18.0000 18.0789
18.0000 17.8970
18.0000 18.4471
18.0000 18.3385
18.0000 17.8607
18.0000 19.1247
18.0000 17.3040
18.0000 16.9260
18.0000 17.4262
18.0000 17.4450
18.0000 18.6534
18.0000 16.8938
18.0000 17.7502
18.0000 17.7808
18.0000 18.4081
18.0000 17.9777
18.0000 17.9264
18.0000 18.1934
18.0000 17.7057
18.0000 17.3147
18.0000 17.8985
18.0000 17.6918
18.0000 17.8081
18.0000 17.9340
18.0000 18.5081
18.0000 17.5338
18.0000 17.6886
18.0000 18.3998
18.0000 17.4428
18.0000 18.1618
18.0000 17.2663
18.0000 18.2251
18.0000 17.2640
18.0000 17.9009
18.0000 18.3116
18.0000 17.9854
18.0000 17.2759
18.0000 18.4482
18.0000 18.6059
18.0000 18.1588
18.0000 18.4015
18.0000 17.4387
18.0000 17.4449
18.0000 18.3418
18.0000 17.1621
18.0000 16.9788
18.0000 18.0383
18.0000 17.5275
18.0000 17.0710
18.0000 17.4729
18.0000 17.7073
18.0000 18.2445
18.0000 18.2502
18.0000 17.5594
18.0000 17.6224
18.0000 17.4632
18.0000 17.3604
18.0000 17.7596
18.0000 18.1559
18.0000 16.8190
18.0000 18.1092
18.0000 17.9971
18.0000 18.3336
18.0000 17.3558
18.0000 18.2440
18.0000 17.7311
18.0000 17.5332
18.0000 17.3579
18.0000 17.4130
18.0000 17.3005
18.0000 17.1576
18.0000 18.5978
18.0000 17.5374
18.0000 18.6130
18.0000 18.3328
18.0000 17.3453
18.0000 17.2873
18.0000 17.2626
18.0000 18.6141
18.0000 17.5371
18.0000 18.1798
18.0000 17.7552
18.0000 18.0726
18.0000 17.6293
18.0000 17.8168
18.0000 17.3752
18.0000 19.9348
18.0000 17.4096
18.0000 17.2753
18.0000 17.6816
18.0000 16.9209
18.0000 18.5477
18.0000 18.1122
18.0000 17.2370
18.0000 17.5510
18.0000 17.9995
18.0000 17.8185
18.0000 18.1950
18.0000 17.8969
18.0000 17.0553
18.0000 18.3315
18.0000 17.7853
