2.0000 1.7608
2.0000 1.4005
2.0000 3.2439
2.0000 3.5301
2.0000 2.6741
2.0000 3.0737
2.0000 2.3341
2.0000 2.1772
2.0000 3.8528
2.0000 1.9920
2.0000 2.6710
2.0000 3.1634
2.0000 2.8432
2.0000 2.8699
2.0000 2.6318
2.0000 2.4132
2.0000 2.5830
2.0000 3.3273
2.0000 3.0373
2.0000 2.9213
2.0000 2.9508
2.0000 2.7665
2.0000 2.8465
2.0000 4.5870
2.0000 3.4709
2.0000 2.5751
2.0000 2.7652
2.0000 2.9651
2.0000 3.9288
2.0000 2.9131
2.0000 3.3122
2.0000 2.9068
2.0000 1.7674
2.0000 2.7758
2.0000 2.8613
2.0000 1.6453
2.0000 2.9135
2.0000 3.0448
2.0000 2.3204
2.0000 3.0222
2.0000 3.0048
2.0000 2.4742
2.0000 2.5113
2.0000 2.3585
2.0000 2.7689
2.0000 3.9712
2.0000 4.4800
2.0000 3.1705
2.0000 1.8006
2.0000 2.7169
2.0000 2.9299
2.0000 2.2878
2.0000 3.1151
2.0000 2.1164
2.0000 2.5745
2.0000 3.2031
2.0000 2.9921
2.0000 1.6999
2.0000 3.1282
2.0000 2.9214
2.0000 2.5014
2.0000 2.6560
2.0000 3.0592
2.0000 3.5123
2.0000 3.1997
2.0000 3.3355
2.0000 2.7305
2.0000 1.8996
2.0000 1.7411
2.0000 2.8673
2.0000 1.9457
2.0000 1.8338
2.0000 2.9217
2.0000 4.0177
2.0000 2.8659
2.0000 3.0661
2.0000 3.3575
2.0000 2.9719
2.0000 3.0683
2.0000 3.5352
2.0000 2.3646
2.0000 2.1326
2.0000 4.0719
2.0000 3.3211
2.0000 2.4118
2.0000 2.8089
2.0000 3.9144
2.0000 4.4428
2.0000 3.2958
2.0000 2.7700
2.0000 2.3012
2.0000 2.3212
2.0000 3.0958
2.0000 2.0575
2.0000 2.7921
2.0000 2.6038
2.0000 2.9831
2.0000 2.4496
2.0000 2.7272
2.0000 3.2050
2.0000 3.2093
2.0000 1.9103
2.0000 3.4790
2.0000 3.7512
2.0000 2.5631
2.0000 1.8893
2.0000 3.1428
2.0000 2.7636
2.0000 2.8656
2.0000 3.2886
2.0000 1.9084
2.0000 3.4449
2.0000 2.8331
2.0000 2.8499
2.0000 2.4678
2.0000 3.0787
2.0000 2.4706
2.0000 2.1814
2.0000 2.6529
2.0000 3.8053
2.0000 2.9317
2.0000 3.7911
2.0000 2.8834
2.0000 1.6474
2.0000 2.7879
2.0000 1.8726
2.0000 3.1519
2.0000 3.2041
2.0000 1.6943
2.0000 2.9173
2.0000 3.0909
2.0000 2.0132
2.0000 1.9426
2.0000 2.4227
2.0000 2.5537
2.0000 2.4398
2.0000 1.9033
2.0000 3.1590
2.0000 2.4085
2.0000 3.2340
2.0000 2.2805
2.0000 2.3767
2.0000 3.2088
2.0000 3.5072
2.0000 3.0083
2.0000 3.1123
2.0000 3.4357
2.0000 2.8080
2.0000 3.2418
2.0000 3.7016
2.0000 2.4006
2.0000 1.6270
2.0000 2.9746
2.0000 2.3797
2.0000 2.9911
2.0000 2.0300
2.0000 3.8210
2.0000 1.8611
2.0000 2.8287
2.0000 3.3401
2.0000 3.3958
2.0000 3.0527
2.0000 3.4062
2.0000 3.1414
2.0000 2.5096
2.0000 3.1111
2.0000 2.9573
2.0000 3.5932
2.0000 2.6472
2.0000 2.8262
2.0000 3.9063
2.0000 1.6007
2.0000 2.4904
2.0000 3.2875
2.0000 1.7113
2.0000 2.4106
2.0000 2.6356
2.0000 2.9671
2.0000 2.9667
2.0000 2.3997
2.0000 1.8955
2.0000 3.0359
2.0000 3.2152
2.0000 2.7296
2.0000 2.8409
2.0000 3.2696
2.0000 2.5992
2.0000 3.2508
2.0000 3.0576
2.0000 2.4464
2.0000 3.4690
2.0000 2.4859
2.0000 2.6824
2.0000 2.2873
2.0000 3.3147
2.0000 3.1090
2.0000 1.9596
2.0000 2.7486
2.0000 2.3253
2.0000 2.3855
2.0000 3.2858
2.0000 2.3112
2.0000 2.6596
2.0000 2.4101
2.0000 2.1874
2.0000 2.8222
2.0000 2.7132
2.0000 2.6218
2.0000 2.3946
2.0000 2.8334
2.0000 3.6582
2.0000 3.3563
2.0000 2.4293
2.0000 2.6220
2.0000 2.6757
2.0000 2.2443
2.0000 3.4359
2.0000 2.4156
2.0000 3.6293
2.0000 2.1304
2.0000 2.7625
2.0000 2.7860
2.0000 2.6756
2.0000 2.6105
2.0000 3.7072
2.0000 3.3362
2.0000 2.2050
2.0000 3.1034
2.0000 3.9241
2.0000 3.4684
2.0000 3.5308
2.0000 2.2973
2.0000 3.3664
2.0000 2.2179
2.0000 2.2357
2.0000 2.6477
2.0000 1.8190
2.0000 2.1713
2.0000 1.7990
2.0000 2.7064
2.0000 1.9028
2.0000 2.0110
2.0000 2.1348
2.0000 3.4934
2.0000 3.1730
2.0000 1.9287
2.0000 2.9323
2.0000 4.3652
2.0000 2.9835
2.0000 3.6498
2.0000 2.4684
2.0000 2.4325
2.0000 3.0462
2.0000 2.4502
2.0000 3.3144
2.0000 2.1710
2.0000 3.5287
2.0000 2.0683
2.0000 3.3554
2.0000 3.3085
2.0000 2.8860
2.0000 3.1563
2.0000 3.1164
2.0000 2.9128
2.0000 3.0421
2.0000 2.7346
2.0000 2.8265
2.0000 2.9287
2.0000 3.0072
2.0000 2.2844
2.0000 2.5755
2.0000 2.3065
2.0000 2.4069
2.0000 1.9515
2.0000 2.4326
2.0000 3.0616
2.0000 2.7249
2.0000 2.5455
2.0000 1.5452
2.0000 3.1718
2.0000 3.4862
2.0000 2.9608
2.0000 2.9165
2.0000 2.4377
2.0000 3.8357
2.0000 2.8476
2.0000 3.2770
2.0000 2.4767
2.0000 3.0825
2.0000 4.0495
2.0000 3.5390
2.0000 3.5440
2.0000 3.8759
2.0000 2.9608
2.0000 3.5324
2.0000 2.2353
2.0000 3.0435
2.0000 2.5436
2.0000 3.5676
2.0000 1.9180
2.0000 2.9287
2.0000 2.7800
2.0000 2.7653
2.0000 2.4415
2.0000 3.5422
2.0000 2.7861
2.0000 3.4399
2.0000 3.2152
2.0000 2.4660
2.0000 3.2038
2.0000 2.4091
2.0000 2.8349
2.0000 1.9225
2.0000 3.2229
2.0000 2.8001
2.0000 2.5161
2.0000 3.0219
2.0000 2.5758
2.0000 3.3878
2.0000 2.1224
2.0000 1.9633
2.0000 3.7393
2.0000 3.0263
2.0000 2.4592
2.0000 1.8088
2.0000 1.8502
2.0000 2.7158
2.0000 2.6120
2.0000 2.9169
2.0000 1.8162
2.0000 1.7684
2.0000 2.8573
2.0000 2.0988
2.0000 2.5399
2.0000 2.9878
2.0000 2.6284
2.0000 2.6682
2.0000 2.1740
2.0000 2.4834
2.0000 2.4332
2.0000 2.8131
2.0000 2.9259
2.0000 2.9903
2.0000 2.1877
2.0000 3.7375
2.0000 2.5297
2.0000 2.4869
2.0000 3.3083
2.0000 2.7581
2.0000 3.0130
2.0000 2.2854
2.0000 2.5060
2.0000 2.6055
2.0000 2.7038
2.0000 3.3308
2.0000 3.2282
2.0000 2.6625
2.0000 1.9719
2.0000 2.8994
2.0000 1.8592
2.0000 2.6565
2.0000 2.8746
2.0000 3.0218
2.0000 2.2039
2.0000 2.7110
2.0000 2.2940
2.0000 3.6450
2.0000 2.5129
2.0000 3.1684
2.0000 2.9427
2.0000 2.8298
2.0000 2.2224
2.0000 2.1093
2.0000 3.0852
2.0000 2.3833
2.0000 2.7547
2.0000 1.5389
2.0000 3.4549
2.0000 2.2448
2.0000 2.2974
2.0000 2.7537
2.0000 2.6959
2.0000 3.9861
2.0000 2.4562
2.0000 2.2343
2.0000 2.7384
2.0000 1.9155
2.0000 2.9665
2.0000 3.3659
2.0000 2.9396
2.0000 2.3917
2.0000 2.7289
2.0000 2.4583
2.0000 1.9780
2.0000 2.8942
2.0000 2.5471
2.0000 2.7995
2.0000 3.3496
2.0000 3.7771
2.0000 3.1257
2.0000 3.2181
2.0000 2.9481
2.0000 3.2838
2.0000 3.2669
2.0000 4.0239
2.0000 2.6626
2.0000 3.2415
2.0000 3.5528
2.0000 2.8176
2.0000 3.6692
2.0000 2.6431
2.0000 2.8765
2.0000 2.8963
2.0000 2.8377
2.0000 2.6025
2.0000 2.3611
2.0000 3.5694
2.0000 2.3028
2.0000 3.1861
2.0000 3.4540
2.0000 2.3865
2.0000 2.3560
2.0000 2.3504
2.0000 2.8533
2.0000 2.6375
2.0000 2.6881
2.0000 3.0934
2.0000 2.3351
2.0000 2.4661
2.0000 2.4956
2.0000 2.2208
2.0000 2.6669
2.0000 2.6095
2.0000 2.6133
2.0000 2.8706
2.0000 2.7501
2.0000 2.7097
2.0000 2.3922
2.0000 3.4530
2.0000 2.5651
2.0000 2.5271
2.0000 3.6891
2.0000 2.3863
2.0000 3.3214
2.0000 2.1867
2.0000 3.0256
2.0000 2.1003
2.0000 3.2532
2.0000 3.7952
2.0000 3.0961
2.0000 1.9445
2.0000 2.9747
2.0000 2.3018
2.0000 2.7072
2.0000 2.4234
2.0000 2.0466
2.0000 2.4047
2.0000 2.3712
2.0000 3.4309
2.0000 3.5101
2.0000 2.9117
2.0000 2.3967
2.0000 2.6388
2.0000 2.9011
2.0000 2.1519
2.0000 3.3339
2.0000 2.4433
2.0000 3.0073
2.0000 3.3063
2.0000 3.6635
2.0000 2.8253
2.0000 2.2960
2.0000 2.5124
2.0000 2.3307
2.0000 2.2460
2.0000 1.9231
2.0000 2.7586
2.0000 3.4462
2.0000 3.2357
2.0000 2.9106
2.0000 3.5810
2.0000 2.3874
2.0000 3.1883
2.0000 3.0139
2.0000 3.8898
2.0000 2.0496
2.0000 2.8644
2.0000 3.1887
2.0000 2.6510
2.0000 2.0483
2.0000 2.5847
2.0000 2.2647
2.0000 3.7832
2.0000 1.7764
2.0000 2.1912
2.0000 2.4807
2.0000 2.8958
2.0000 2.3454
2.0000 3.2466
2.0000 3.0928
2.0000 2.5944
2.0000 2.6943
2.0000 1.9392
2.0000 2.3987
2.0000 3.2992
2.0000 3.2023
2.0000 2.9505
2.0000 3.2404
2.0000 2.2305
2.0000 3.0304
2.0000 2.5010
2.0000 2.7162
2.0000 3.2569
2.0000 3.1471
2.0000 3.0603
2.0000 2.5074
2.0000 2.1340
2.0000 3.0958
2.0000 2.6022
2.0000 3.1626
2.0000 3.0645
2.0000 3.1175
2.0000 3.4643
2.0000 3.1268
2.0000 4.0376
2.0000 2.9830
2.0000 1.8135
2.0000 3.0898
2.0000 4.2059
2.0000 2.4938
2.0000 2.3623
2.0000 3.0434
2.0000 3.5254
2.0000 3.3078
2.0000 3.0690
2.0000 3.1946
2.0000 2.4309
2.0000 2.1947
2.0000 3.5103
2.0000 3.0671
2.0000 2.0150
2.0000 3.1017
2.0000 2.3622
2.0000 2.1933
2.0000 2.8342
2.0000 3.4351
2.0000 3.0315
2.0000 3.5234
2.0000 1.8139
2.0000 2.7371
2.0000 1.8575
2.0000 3.0036
2.0000 1.2293
2.0000 3.3065
2.0000 2.9172
2.0000 3.0982
2.0000 1.7241
2.0000 1.5034
2.0000 2.3954
2.0000 1.9974
2.0000 2.5299
2.0000 2.7157
2.0000 3.7390
2.0000 3.0109
2.0000 3.0333
2.0000 3.8158
2.0000 2.7748
2.0000 2.6418
2.0000 2.7332
2.0000 2.9300
2.0000 4.4045
2.0000 3.8265
2.0000 3.3603
2.0000 2.2755
2.0000 3.8212
2.0000 2.5205
2.0000 2.5918
2.0000 2.7777
2.0000 3.7097
2.0000 2.7142
2.0000 2.5411
2.0000 2.9139
2.0000 3.1473
2.0000 2.8803
2.0000 3.1125
2.0000 4.1840
2.0000 2.3838
2.0000 3.2346
2.0000 3.0630
2.0000 3.3018
2.0000 2.8971
2.0000 3.1279
2.0000 4.1751
2.0000 3.1312
2.0000 2.4512
2.0000 2.6225
2.0000 2.9007
2.0000 2.5089
2.0000 3.1756
2.0000 2.3042
2.0000 3.9161
2.0000 2.7004
2.0000 2.4923
2.0000 2.9077
2.0000 2.3057
2.0000 2.9484
2.0000 2.5669
2.0000 3.1331
2.0000 3.1837
2.0000 3.9615
2.0000 3.1202
2.0000 2.9715
2.0000 2.7869
2.0000 3.2124
2.0000 2.1573
2.0000 3.3484
2.0000 2.1516
2.0000 2.6736
2.0000 3.3694
2.0000 3.3200
2.0000 2.8009
2.0000 2.4595
2.0000 2.6933
2.0000 3.7348
2.0000 3.3631
2.0000 2.6288
2.0000 2.1184
2.0000 1.7228
2.0000 2.1264
2.0000 3.6032
2.0000 3.0311
2.0000 3.2593
2.0000 2.4098
2.0000 2.3541
2.0000 2.7525
2.0000 2.9299
2.0000 3.2938
2.0000 2.6632
2.0000 3.4255
2.0000 3.3202
2.0000 2.1786
2.0000 3.2757
2.0000 3.2482
2.0000 2.3565
2.0000 3.4801
2.0000 2.4382
2.0000 3.0950
2.0000 1.9530
2.0000 3.2313
2.0000 3.4810
2.0000 2.3615
2.0000 2.5058
2.0000 1.3478
2.0000 3.7869
2.0000 2.6998
2.0000 2.7233
2.0000 1.9368
2.0000 3.7995
2.0000 3.6383
2.0000 2.9647
2.0000 2.3129
2.0000 3.3936
2.0000 3.3094
2.0000 3.0972
2.0000 2.8240
2.0000 3.2566
2.0000 2.9961
2.0000 2.9182
2.0000 2.5568
2.0000 3.3870
2.0000 3.9688
2.0000 3.1103
2.0000 2.5473
2.0000 2.7164
2.0000 2.5668
2.0000 3.6114
2.0000 2.4966
2.0000 2.8869
2.0000 3.0766
2.0000 3.0033
2.0000 2.4566
2.0000 2.3497
2.0000 2.4434
2.0000 1.8836
2.0000 3.1480
2.0000 2.2371
2.0000 2.7506
2.0000 2.5597
2.0000 3.0292
2.0000 2.5330
2.0000 2.3559
2.0000 2.8461
2.0000 2.5176
2.0000 2.2947
2.0000 3.1483
2.0000 3.0475
2.0000 2.8785
2.0000 2.4234
2.0000 3.7873
2.0000 3.3187
2.0000 2.8655
2.0000 4.1839
2.0000 3.1582
2.0000 2.4853
2.0000 2.8476
2.0000 2.8238
2.0000 3.3858
2.0000 3.6427
2.0000 2.9465
2.0000 3.5229
2.0000 2.3978
2.0000 1.5474
2.0000 2.4183
2.0000 3.3618
2.0000 3.2764
2.0000 3.0263
2.0000 3.0290
2.0000 3.7020
2.0000 2.6092
2.0000 2.9507
2.0000 2.3092
2.0000 2.8881
2.0000 3.0911
2.0000 2.8620
2.0000 2.1329
2.0000 2.9493
2.0000 2.2617
2.0000 2.9294
2.0000 2.9580
2.0000 2.3056
2.0000 3.0260
2.0000 2.9992
2.0000 2.8903
2.0000 3.3163
2.0000 2.8119
2.0000 3.3019
2.0000 3.0779
2.0000 3.0921
2.0000 2.6484
2.0000 2.9566
2.0000 3.1758
2.0000 1.9990
2.0000 3.1802
2.0000 2.7764
2.0000 3.4547
2.0000 2.7037
2.0000 3.2588
2.0000 3.5025
2.0000 2.8316
2.0000 2.3683
2.0000 2.5275
2.0000 3.3341
2.0000 2.7267
2.0000 3.8302
2.0000 2.5694
2.0000 2.9906
2.0000 3.2643
2.0000 2.1508
2.0000 3.5766
2.0000 2.8906
2.0000 2.7215
2.0000 1.8775
2.0000 2.9242
2.0000 2.9503
2.0000 1.8677
2.0000 1.9603
2.0000 3.6096
2.0000 3.6452
2.0000 2.8897
2.0000 2.0404
2.0000 2.2968
2.0000 3.6450
2.0000 2.5450
2.0000 2.1586
2.0000 2.4307
2.0000 2.8870
2.0000 2.7839
2.0000 1.7058
2.0000 3.9910
2.0000 3.0987
2.0000 1.2908
2.0000 3.4801
2.0000 2.2191
2.0000 3.4088
2.0000 3.0828
2.0000 2.6481
2.0000 2.0990
2.0000 2.1664
2.0000 3.4445
2.0000 2.3680
2.0000 2.4998
2.0000 1.9846
2.0000 2.4121
2.0000 3.1604
2.0000 2.1521
2.0000 2.0074
2.0000 2.9367
2.0000 2.3715
2.0000 2.7976
2.0000 3.6283
2.0000 1.2427
2.0000 3.3046
2.0000 2.9317
2.0000 2.2725
2.0000 3.1202
2.0000 2.5911
2.0000 3.0228
2.0000 2.3988
2.0000 1.6219
2.0000 3.2230
2.0000 3.3694
2.0000 2.6334
2.0000 3.1349
2.0000 2.5525
2.0000 2.5797
2.0000 3.3452
2.0000 3.7112
2.0000 4.0427
2.0000 2.7671
2.0000 3.0578
2.0000 2.1942
2.0000 3.7908
2.0000 2.6978
2.0000 2.6313
2.0000 2.4356
2.0000 2.0078
2.0000 1.5546
2.0000 2.4321
2.0000 2.4133
2.0000 1.4339
2.0000 2.5144
2.0000 2.6699
2.0000 2.0886
2.0000 2.3660
2.0000 2.0614
2.0000 2.8767
2.0000 2.6677
2.0000 3.8325
2.0000 3.5129
2.0000 3.1930
2.0000 2.4424
2.0000 2.8984
2.0000 3.0198
2.0000 2.2723
2.0000 2.1481
2.0000 2.4365
2.0000 2.0902
2.0000 2.7630
2.0000 3.0243
2.0000 3.7749
2.0000 3.2577
2.0000 3.3196
2.0000 3.4807
2.0000 2.9410
2.0000 1.9830
2.0000 2.2781
2.0000 3.0477
2.0000 2.6551
2.0000 3.2668
2.0000 1.6676
2.0000 3.2988
2.0000 2.9419
2.0000 2.6091
2.0000 2.4246
2.0000 2.9685
2.0000 2.4501
2.0000 3.0150
2.0000 1.9624
2.0000 3.4628
2.0000 2.4870
2.0000 3.0237
2.0000 2.7349
2.0000 2.1882
2.0000 3.5433
2.0000 4.2370
2.0000 2.7947
2.0000 3.5470
2.0000 3.0295
2.0000 1.6983
2.0000 2.0653
2.0000 1.9539
2.0000 2.6999
2.0000 3.6342
2.0000 2.5538
2.0000 3.7000
2.0000 2.4764
2.0000 3.3412
2.0000 2.1294
2.0000 2.6715
2.0000 3.0978
2.0000 3.1408
2.0000 2.7331
2.0000 2.4827
2.0000 2.6656
2.0000 1.8501
2.0000 4.0023
2.0000 3.3755
2.0000 3.1954
2.0000 4.1363
2.0000 2.2055
2.0000 2.0597
2.0000 3.1572
2.0000 3.4857
2.0000 2.3532
2.0000 3.4108
2.0000 3.0565
2.0000 2.4587
2.0000 2.2278
2.0000 3.1612
2.0000 1.8654
2.0000 2.9720
2.0000 2.4292
2.0000 3.1946
2.0000 2.5515
2.0000 3.3292
2.0000 3.2737
2.0000 2.8070
2.0000 3.4266
2.0000 2.8995
2.0000 2.7150
2.0000 2.5688
2.0000 2.3656
2.0000 2.1813
2.0000 2.4944
2.0000 2.3918
2.0000 3.0677
2.0000 2.7796
2.0000 2.4471
2.0000 3.1300
2.0000 3.6619
2.0000 3.1925
2.0000 3.2775
2.0000 3.0750
2.0000 3.1423
2.0000 2.9979
2.0000 2.6247
2.0000 2.3982
2.0000 2.8910
2.0000 2.2929
2.0000 2.4924
2.0000 3.4615
2.0000 2.9158
2.0000 2.5735
2.0000 3.9987
2.0000 2.5586
2.0000 3.5885
2.0000 2.2738
2.0000 2.2869
2.0000 2.6829
2.0000 2.8464
2.0000 2.5611
2.0000 2.4974
2.0000 3.0632
2.0000 2.9320
2.0000 3.4633
2.0000 3.1838
2.0000 2.5010
2.0000 3.4024
2.0000 3.1499
2.0000 3.6057
2.0000 3.0587
2.0000 2.7775
2.0000 3.2320
2.0000 2.4596
2.0000 3.2662
2.0000 3.0422
2.0000 2.7544
2.0000 3.6305
2.0000 2.2235
2.0000 3.0486
2.0000 2.0440
2.0000 3.1078
2.0000 3.2733
2.0000 2.9654
2.0000 3.3535
2.0000 2.0874
2.0000 2.3778
2.0000 3.4295
2.0000 2.8501
2.0000 3.2034
2.0000 2.8904
2.0000 2.1650
2.0000 2.3272
2.0000 2.7984
2.0000 3.1975
2.0000 2.7827
2.0000 2.0854
2.0000 2.9265
2.0000 4.5587
2.0000 2.6344
2.0000 2.2862
2.0000 2.7507
2.0000 2.7859
2.0000 2.7923
2.0000 1.8550
2.0000 2.7961
2.0000 3.0306
2.0000 3.6936
2.0000 3.4795
2.0000 1.8707
2.0000 2.4736
2.0000 3.0117
2.0000 2.5124
2.0000 1.9717
2.0000 4.1429
2.0000 3.0793
2.0000 3.2083
2.0000 3.7440
2.0000 2.7938
2.0000 2.3285
2.0000 2.7120
2.0000 3.8870
2.0000 2.2064
2.0000 2.5502
2.0000 2.5151
2.0000 3.4233
2.0000 1.9876
2.0000 2.6075
2.0000 2.5739
2.0000 2.5900
2.0000 3.3385
2.0000 2.7662
2.0000 2.6439
2.0000 2.7066
2.0000 2.1721
2.0000 2.5897
2.0000 2.7678
2.0000 2.7041
2.0000 2.3585
2.0000 3.5285
2.0000 2.5666
2.0000 2.8913
2.0000 2.4129
2.0000 3.1674
2.0000 2.3363
2.0000 3.8632
2.0000 2.6465
2.0000 1.8006
2.0000 2.7887
2.0000 2.2598
2.0000 3.2763
2.0000 3.2361
2.0000 2.6821
2.0000 3.5912
2.0000 2.7031
2.0000 3.0406
2.0000 3.3852
2.0000 2.7180
2.0000 2.4968
2.0000 2.6504
2.0000 1.4971
2.0000 3.6942
2.0000 2.2386
2.0000 2.9925
2.0000 2.8144
2.0000 3.2838
2.0000 3.1859
2.0000 3.1879
2.0000 2.4081
2.0000 2.2180
2.0000 3.7616
2.0000 1.9539
2.0000 1.8657
2.0000 2.7831
2.0000 2.5978
2.0000 2.7460
2.0000 2.8503
2.0000 1.9677
2.0000 2.3507
2.0000 2.9553
2.0000 2.7437
2.0000 2.8260
2.0000 3.2278
2.0000 2.6862
2.0000 3.6606
2.0000 2.7513
2.0000 3.1763
2.0000 3.2166
2.0000 2.8156
2.0000 3.3425
2.0000 3.0748
2.0000 2.2399
2.0000 2.9821
2.0000 2.8525
2.0000 1.9469
2.0000 3.7958
2.0000 2.6429
2.0000 2.1664
2.0000 2.6191
2.0000 2.9463
2.0000 2.7093
2.0000 3.8619
2.0000 2.5609
2.0000 2.4665
2.0000 1.9276
2.0000 2.9277
2.0000 2.7251
2.0000 3.1654
2.0000 2.8694
2.0000 3.0973
2.0000 2.6959
2.0000 2.7222
2.0000 2.3963
2.0000 3.4892
2.0000 3.5858
2.0000 3.0034
2.0000 2.9299
2.0000 2.8575
2.0000 2.9663
2.0000 2.5695
2.0000 3.2250
2.0000 2.3457
2.0000 3.0314
2.0000 3.6953
2.0000 3.1825
2.0000 3.1804
2.0000 2.0650
2.0000 3.0783
2.0000 2.0760
2.0000 2.1618
2.0000 3.3928
2.0000 2.7946
2.0000 3.1224
2.0000 2.8233
2.0000 2.8288
2.0000 2.0712
2.0000 3.1541
2.0000 2.3719
2.0000 2.1646
2.0000 2.3031
2.0000 2.8381
2.0000 2.3389
2.0000 3.3973
2.0000 3.1102
2.0000 3.6242
2.0000 2.2686
2.0000 2.9781
2.0000 2.4009
2.0000 3.0821
2.0000 2.5250
2.0000 3.5444
2.0000 3.1891
2.0000 3.4631
2.0000 4.0885
2.0000 3.2851
2.0000 2.7792
2.0000 2.0547
2.0000 2.5098
2.0000 2.7854
2.0000 2.4729
2.0000 2.9576
2.0000 3.3611
2.0000 2.0935
2.0000 2.7104
2.0000 2.0109
2.0000 2.5279
2.0000 2.4508
2.0000 2.7817
2.0000 2.9121
2.0000 3.4578
2.0000 2.1581
2.0000 2.8924
2.0000 3.0587
2.0000 1.9930
2.0000 3.7142
2.0000 3.6613
2.0000 1.8349
2.0000 2.8666
2.0000 3.0203
2.0000 3.3542
2.0000 2.8034
2.0000 1.9178
2.0000 2.7008
2.0000 2.9320
2.0000 3.0002
2.0000 1.6041
2.0000 2.2989
2.0000 2.8431
2.0000 3.0511
2.0000 2.9865
2.0000 1.9574
2.0000 3.6181
2.0000 3.4554
2.0000 2.6608
2.0000 4.0437
2.0000 2.8761
2.0000 2.4302
2.0000 3.1314
2.0000 2.8675
2.0000 2.3685
2.0000 4.0012
2.0000 1.6088
2.0000 2.9478
2.0000 2.8763
2.0000 2.7146
2.0000 2.2650
2.0000 4.4126
2.0000 2.3655
2.0000 3.1041
2.0000 3.5835
2.0000 2.5281
2.0000 3.1559
2.0000 2.2919
2.0000 3.3361
2.0000 2.2607
2.0000 3.1005
2.0000 2.5042
2.0000 2.5880
2.0000 2.5351
2.0000 3.5911
2.0000 3.2080
2.0000 3.5970
2.0000 2.6801
2.0000 2.6386
2.0000 3.4191
2.0000 2.8385
2.0000 2.2579
2.0000 3.1433
2.0000 2.2590
2.0000 2.3701
2.0000 1.4883
2.0000 1.9798
2.0000 2.3569
2.0000 2.3001
2.0000 3.0135
2.0000 2.3777
2.0000 2.3839
2.0000 3.3270
2.0000 3.9457
2.0000 2.7544
2.0000 2.4479
2.0000 3.0621
2.0000 1.8557
2.0000 3.0019
2.0000 2.5197
2.0000 2.6738
2.0000 2.5061
2.0000 1.9325
2.0000 3.3366
2.0000 3.7134
2.0000 3.3848
2.0000 3.3845
2.0000 3.5081
2.0000 2.3069
2.0000 2.6083
2.0000 2.2615
2.0000 1.7054
2.0000 2.6510
2.0000 2.3708
2.0000 2.8966
2.0000 2.0634
2.0000 1.9343
2.0000 2.3498
2.0000 2.9810
2.0000 3.7970
2.0000 2.5267
2.0000 3.1603
2.0000 2.8004
2.0000 2.2790
2.0000 2.0679
2.0000 2.8585
2.0000 2.3759
2.0000 2.3178
2.0000 1.5080
2.0000 2.3959
2.0000 3.4300
2.0000 2.5603
2.0000 3.0303
2.0000 2.8164
2.0000 2.6330
2.0000 2.8712
2.0000 2.7215
2.0000 3.2897
2.0000 3.0799
2.0000 2.2649
2.0000 2.1277
2.0000 3.1930
2.0000 2.7590
2.0000 2.8243
2.0000 2.3590
2.0000 2.3616
2.0000 2.2545
2.0000 2.9054
2.0000 3.0083
2.0000 2.6364
2.0000 3.8924
2.0000 2.3047
2.0000 3.1846
2.0000 2.5430
2.0000 2.4537
2.0000 2.8028
2.0000 2.6709
2.0000 3.5555
2.0000 2.8052
2.0000 3.4062
2.0000 1.6182
2.0000 2.2970
2.0000 2.8838
2.0000 2.8082
2.0000 3.1346
2.0000 1.1915
2.0000 2.4018
2.0000 2.8569
2.0000 3.1448
2.0000 3.3591
2.0000 2.7118
2.0000 3.1142
2.0000 3.6363
2.0000 3.3292
2.0000 3.2668
2.0000 3.0717
2.0000 2.1318
2.0000 1.8070
2.0000 3.4048
2.0000 3.3986
2.0000 3.1341
2.0000 4.6814
2.0000 3.4537
2.0000 2.3082
2.0000 3.7204
2.0000 2.9088
2.0000 2.8092
2.0000 3.6963
2.0000 3.0906
2.0000 2.1170
2.0000 2.8860
2.0000 2.6295
2.0000 3.3783
2.0000 2.2021
2.0000 2.8223
2.0000 3.2227
2.0000 3.2606
2.0000 3.2847
2.0000 3.1220
2.0000 3.5171
2.0000 2.6372
2.0000 2.8817
2.0000 3.5851
2.0000 3.5606
2.0000 1.6053
2.0000 1.8648
2.0000 2.5283
2.0000 3.3711
2.0000 3.1108
2.0000 3.5034
2.0000 3.1883
2.0000 3.2354
2.0000 2.5622
2.0000 3.1825
2.0000 2.1662
2.0000 2.9180
2.0000 2.9624
2.0000 1.3885
2.0000 2.2758
2.0000 3.1734
2.0000 2.1728
2.0000 2.4260
2.0000 2.5581
2.0000 2.9401
2.0000 3.9202
2.0000 3.0102
2.0000 2.5821
2.0000 3.9032
2.0000 2.1380
2.0000 2.0650
2.0000 3.2201
2.0000 2.6412
2.0000 3.3522
2.0000 3.5421
2.0000 3.4454
2.0000 2.6939
2.0000 2.7361
2.0000 2.3148
2.0000 3.0030
2.0000 3.7141
2.0000 3.2765
2.0000 1.6611
2.0000 2.8988
2.0000 3.3326
2.0000 2.0317
2.0000 3.0827
2.0000 3.0501
2.0000 2.0325
2.0000 2.7080
2.0000 2.7848
2.0000 3.4014
2.0000 2.4748
2.0000 3.6248
2.0000 2.1947
2.0000 2.6792
2.0000 2.1460
2.0000 1.8404
2.0000 1.5543
2.0000 1.8174
2.0000 2.1141
2.0000 3.0692
2.0000 3.0069
2.0000 3.1073
2.0000 2.4868
2.0000 3.4042
2.0000 2.5073
2.0000 2.2127
2.0000 3.2353
2.0000 2.1822
2.0000 3.3782
2.0000 4.0681
2.0000 3.0307
2.0000 2.2936
2.0000 2.5130
2.0000 2.2452
2.0000 2.1666
2.0000 2.0729
2.0000 2.6209
2.0000 2.8776
2.0000 2.4553
2.0000 3.0098
2.0000 3.1343
2.0000 2.7902
2.0000 2.4852
2.0000 2.7069
2.0000 2.6315
2.0000 2.2545
2.0000 3.8008
2.0000 4.5889
2.0000 3.2830
2.0000 3.1973
2.0000 2.5100
2.0000 3.1036
2.0000 2.7495
2.0000 2.9885
2.0000 2.5907
2.0000 2.9471
2.0000 3.2458
2.0000 2.4272
2.0000 2.4802
2.0000 3.7484
2.0000 2.3905
2.0000 3.4111
2.0000 3.2792
2.0000 2.4815
2.0000 2.7058
2.0000 2.5383
2.0000 2.5485
2.0000 3.2463
2.0000 3.7546
2.0000 3.6636
2.0000 1.9034
2.0000 3.0865
2.0000 3.0573
2.0000 2.6331
2.0000 3.0532
2.0000 2.4640
2.0000 3.2135
2.0000 2.8780
2.0000 2.9711
2.0000 2.6795
2.0000 5.0102
2.0000 2.8295
2.0000 2.0575
2.0000 3.1673
2.0000 3.4539
2.0000 2.5454
2.0000 3.4541
2.0000 3.2969
2.0000 3.3847
2.0000 3.2064
2.0000 3.3829
2.0000 3.0535
2.0000 2.2390
2.0000 2.9990
2.0000 3.0041
2.0000 2.8649
2.0000 2.6917
2.0000 2.3940
2.0000 3.3169
2.0000 2.5487
2.0000 3.3548
2.0000 3.2448
2.0000 1.7456
2.0000 3.2531
2.0000 3.2076
2.0000 1.6134
2.0000 2.6959
2.0000 2.4557
2.0000 3.2386
2.0000 3.8355
2.0000 2.3321
2.0000 2.9011
2.0000 3.0206
2.0000 2.3751
2.0000 2.9577
2.0000 3.2033
2.0000 2.8914
2.0000 2.9544
2.0000 2.6194
2.0000 2.8917
2.0000 2.9620
2.0000 1.8890
2.0000 3.1685
2.0000 2.6802
2.0000 2.9523
2.0000 3.1931
2.0000 1.8292
2.0000 3.0154
2.0000 2.8680
2.0000 2.1916
2.0000 2.7837
2.0000 2.6447
2.0000 3.4888
2.0000 2.8341
2.0000 3.5913
2.0000 2.1900
2.0000 2.9235
2.0000 2.7805
2.0000 2.4076
2.0000 2.1710
2.0000 3.2745
2.0000 3.7269
2.0000 2.4024
2.0000 1.3997
2.0000 2.9795
2.0000 2.4337
2.0000 3.1173
2.0000 2.8288
2.0000 3.1159
2.0000 3.3389
2.0000 3.0363
2.0000 2.4073
2.0000 2.0699
2.0000 2.4696
2.0000 2.2758
2.0000 3.8191
2.0000 3.0471
2.0000 3.2886
2.0000 2.3897
2.0000 3.4058
2.0000 2.6039
2.0000 1.9522
2.0000 2.6690
2.0000 3.0002
2.0000 3.0496
2.0000 3.2138
2.0000 1.8623
2.0000 2.7885
2.0000 2.9309
2.0000 3.0999
2.0000 3.4929
2.0000 1.9783
2.0000 3.8347
2.0000 2.2489
2.0000 3.2895
2.0000 3.0464
2.0000 2.9628
2.0000 2.9233
2.0000 1.7462
2.0000 2.7668
2.0000 2.4975
2.0000 2.9836
2.0000 2.4765
2.0000 2.4315
2.0000 3.2054
2.0000 3.3081
2.0000 3.0142
2.0000 2.2893
2.0000 2.5028
2.0000 1.9764
2.0000 2.3880
2.0000 3.4329
2.0000 2.6528
2.0000 3.0220
2.0000 3.7197
2.0000 2.4201
2.0000 2.9692
2.0000 3.7295
2.0000 3.6589
2.0000 3.1261
2.0000 3.4775
2.0000 2.3616
2.0000 2.8241
2.0000 2.8698
2.0000 2.2703
2.0000 2.6887
2.0000 2.7168
2.0000 3.2556
2.0000 3.0860
2.0000 2.0002
2.0000 4.1231
2.0000 2.1187
2.0000 2.3275
2.0000 2.7077
2.0000 2.0479
2.0000 2.1311
2.0000 2.2616
2.0000 1.5705
2.0000 3.3591
2.0000 3.0092
2.0000 2.2342
2.0000 3.3368
2.0000 3.1876
2.0000 3.0164
2.0000 2.8165
2.0000 2.3233
2.0000 2.0479
2.0000 2.6757
2.0000 2.2469
2.0000 2.0275
2.0000 3.3018
2.0000 3.2987
2.0000 3.2795
2.0000 3.4814
2.0000 3.2795
2.0000 3.4333
2.0000 2.4074
2.0000 3.6058
2.0000 3.5062
2.0000 2.7981
2.0000 2.8680
2.0000 2.7405
2.0000 3.7566
2.0000 3.0599
2.0000 3.2457
2.0000 2.8589
2.0000 2.8720
2.0000 3.1826
2.0000 2.0832
2.0000 2.3316
2.0000 2.5395
2.0000 3.8066
2.0000 3.6046
2.0000 2.8454
2.0000 3.4871
2.0000 2.8338
2.0000 1.6536
2.0000 3.4557
2.0000 2.4149
2.0000 2.8374
2.0000 2.7656
2.0000 2.2894
2.0000 2.7739
2.0000 3.0109
2.0000 2.1740
2.0000 3.1266
2.0000 2.5330
2.0000 3.6315
2.0000 3.5004
2.0000 3.1031
2.0000 3.2833
2.0000 2.8050
2.0000 2.8509
2.0000 2.0314
2.0000 2.9961
2.0000 1.6149
2.0000 2.3090
2.0000 3.1260
2.0000 3.6753
2.0000 2.8809
2.0000 1.8431
2.0000 3.6506
2.0000 1.8695
2.0000 3.0721
2.0000 3.2127
2.0000 3.3003
2.0000 3.8522
2.0000 2.3272
2.0000 2.3534
2.0000 4.1212
2.0000 4.1965
2.0000 3.1295
2.0000 2.0047
2.0000 2.9340
2.0000 2.6023
2.0000 2.3252
2.0000 2.3819
2.0000 2.7594
2.0000 3.4006
2.0000 2.8401
2.0000 3.4480
2.0000 2.8740
2.0000 3.0948
2.0000 3.0984
2.0000 3.1346
2.0000 2.4328
2.0000 3.3748
2.0000 2.4652
2.0000 2.3125
2.0000 2.6872
2.0000 1.9891
2.0000 2.2305
2.0000 2.0405
2.0000 2.7652
2.0000 2.9322
2.0000 2.8942
2.0000 2.2227
2.0000 2.8381
2.0000 2.6527
2.0000 2.1602
2.0000 2.8778
2.0000 2.3397
2.0000 3.5656
2.0000 3.8191
2.0000 1.7813
2.0000 3.4786
2.0000 2.7192
2.0000 3.1967
2.0000 2.9576
2.0000 2.4140
2.0000 3.4566
2.0000 2.5339
2.0000 2.4585
2.0000 2.4177
2.0000 2.6720
2.0000 2.2481
2.0000 3.3615
2.0000 2.9225
2.0000 2.9457
2.0000 2.8262
2.0000 2.1329
2.0000 3.0868
2.0000 2.0405
2.0000 1.5520
2.0000 3.0759
2.0000 2.6288
2.0000 2.8728
2.0000 3.4028
2.0000 2.9804
2.0000 2.6164
2.0000 3.2110
2.0000 3.3400
2.0000 3.0210
2.0000 3.6000
2.0000 2.2712
2.0000 3.4635
2.0000 2.4651
2.0000 3.2708
2.0000 3.1986
2.0000 4.3436
2.0000 1.9387
2.0000 3.2911
2.0000 2.6351
2.0000 2.9928
2.0000 3.1251
2.0000 2.2159
2.0000 2.8397
2.0000 2.3648
2.0000 3.0953
2.0000 2.0508
2.0000 2.6710
2.0000 3.2087
2.0000 3.5500
2.0000 2.2563
2.0000 2.9957
2.0000 2.6271
2.0000 2.7984
2.0000 2.3061
2.0000 3.8105
2.0000 2.7156
2.0000 2.7940
2.0000 3.5564
2.0000 2.5324
2.0000 2.2436
2.0000 3.5682
2.0000 4.1598
2.0000 2.2555
2.0000 2.1865
2.0000 3.5567
2.0000 2.5351
2.0000 2.3769
2.0000 2.5961
2.0000 2.3582
2.0000 2.0953
2.0000 2.5079
2.0000 2.5218
2.0000 2.2713
2.0000 3.4797
2.0000 2.0865
2.0000 3.6481
2.0000 2.5695
2.0000 2.4096
2.0000 2.2064
2.0000 3.5760
2.0000 2.4833
2.0000 2.6441
2.0000 2.0105
2.0000 2.7981
2.0000 3.4153
2.0000 2.7701
2.0000 3.2968
2.0000 2.5365
2.0000 3.0533
2.0000 3.2874
2.0000 2.3555
2.0000 2.7604
2.0000 3.6634
2.0000 3.7238
2.0000 2.8596
2.0000 2.8258
2.0000 3.3601
2.0000 2.1414
2.0000 2.7749
2.0000 2.6883
2.0000 2.9983
2.0000 2.7343
2.0000 1.9965
2.0000 2.5950
2.0000 2.4968
2.0000 2.6160
2.0000 3.0534
2.0000 2.4133
2.0000 3.2192
2.0000 1.6292
2.0000 3.2899
2.0000 3.2817
2.0000 3.1907
2.0000 2.7396
2.0000 3.0002
2.0000 2.0267
2.0000 1.7911
2.0000 3.0449
2.0000 2.6749
2.0000 1.8932
2.0000 2.2251
2.0000 3.2095
2.0000 2.0481
2.0000 2.4604
2.0000 3.5712
2.0000 2.6088
2.0000 2.8458
2.0000 2.6929
2.0000 3.0719
2.0000 3.4150
2.0000 2.2931
2.0000 3.1793
2.0000 2.9985
2.0000 3.2098
2.0000 2.9147
2.0000 2.5887
2.0000 3.2922
2.0000 3.2448
2.0000 2.4739
2.0000 3.3880
2.0000 1.8113
2.0000 2.8033
2.0000 2.3103
2.0000 2.5656
2.0000 2.0276
2.0000 2.2647
2.0000 2.9858
2.0000 3.2905
2.0000 2.1387
2.0000 2.4603
2.0000 3.4085
2.0000 2.3198
2.0000 2.5404
2.0000 2.3587
2.0000 3.7605
2.0000 2.2669
2.0000 2.9265
2.0000 2.5845
2.0000 3.0972
2.0000 3.7059
2.0000 2.7868
2.0000 2.3864
2.0000 2.7686
2.0000 3.7731
2.0000 2.6490
2.0000 3.5079
2.0000 2.9690
2.0000 2.9575
2.0000 2.2267
2.0000 2.4323
2.0000 3.0878
2.0000 3.1797
2.0000 2.1522
2.0000 2.6157
2.0000 3.5622
2.0000 3.3698
2.0000 2.6692
2.0000 2.8731
2.0000 3.5039
2.0000 2.9230
2.0000 3.2752
2.0000 2.1475
2.0000 2.4564
2.0000 2.8273
2.0000 3.2655
2.0000 3.6588
2.0000 2.3789
2.0000 3.1781
2.0000 2.7483
2.0000 1.8413
2.0000 2.2577
2.0000 1.9514
2.0000 2.7304
2.0000 4.2397
2.0000 3.4019
2.0000 2.9149
2.0000 2.4714
2.0000 2.7071
2.0000 2.0873
2.0000 2.6075
2.0000 2.9395
2.0000 3.0630
2.0000 2.4504
2.0000 3.0963
2.0000 2.2852
2.0000 2.6220
2.0000 3.3868
2.0000 2.7833
2.0000 2.7190
2.0000 2.6001
2.0000 2.4140
2.0000 4.3347
2.0000 2.6836
2.0000 2.9891
2.0000 3.0448
2.0000 2.7478
2.0000 2.8059
2.0000 3.0102
2.0000 3.1753
2.0000 3.1970
2.0000 2.6670
2.0000 2.2382
2.0000 2.2272
2.0000 2.8255
2.0000 2.9216
2.0000 1.9786
2.0000 3.2359
2.0000 3.0330
2.0000 3.6895
2.0000 2.3030
2.0000 2.0056
2.0000 3.1425
2.0000 3.3969
2.0000 2.2868
2.0000 3.5903
2.0000 3.1827
2.0000 3.2428
2.0000 2.6938
2.0000 1.4631
2.0000 2.8953
2.0000 2.5957
2.0000 3.4093
2.0000 2.7529
2.0000 2.6554
2.0000 2.9292
2.0000 3.6507
2.0000 3.1073
2.0000 1.8993
2.0000 2.0937
2.0000 2.7677
2.0000 2.8139
2.0000 2.9233
2.0000 2.3038
2.0000 2.4352
2.0000 2.5410
2.0000 2.9266
2.0000 2.1246
2.0000 3.3097
2.0000 2.9585
2.0000 3.3172
2.0000 2.0254
2.0000 2.7535
2.0000 2.5345
2.0000 2.8378
2.0000 2.1684
2.0000 3.2850
2.0000 2.4173
2.0000 3.3677
2.0000 1.9178
2.0000 2.9804
2.0000 2.4647
2.0000 1.8844
2.0000 2.8474
2.0000 3.4724
2.0000 2.8687
2.0000 2.6691
2.0000 3.0129
2.0000 2.4542
2.0000 3.2061
2.0000 4.0034
2.0000 3.1459
2.0000 2.3964
2.0000 2.5609
2.0000 2.6016
2.0000 2.8428
2.0000 3.5625
2.0000 3.9837
2.0000 2.8559
2.0000 2.3489
2.0000 3.0453
2.0000 2.0461
2.0000 4.1609
2.0000 3.7259
2.0000 3.5450
2.0000 2.5697
2.0000 3.4333
2.0000 3.2781
2.0000 3.6286
2.0000 2.9587
2.0000 3.1331
2.0000 2.6925
2.0000 2.3115
2.0000 3.0523
2.0000 3.5780
2.0000 4.0497
2.0000 1.3496
2.0000 2.3003
2.0000 3.3451
2.0000 2.0710
2.0000 2.9782
2.0000 2.3172
2.0000 2.4792
2.0000 2.4390
2.0000 3.6178
2.0000 3.3672
2.0000 3.1686
2.0000 1.8640
2.0000 2.9205
2.0000 3.2838
2.0000 2.4040
2.0000 3.9208
2.0000 2.9637
2.0000 2.4477
2.0000 2.8864
2.0000 2.8966
2.0000 1.8827
2.0000 3.0586
2.0000 2.9129
2.0000 3.8056
2.0000 2.9120
2.0000 3.0129
2.0000 3.1319
2.0000 3.1435
2.0000 3.5068
2.0000 3.1362
2.0000 2.9642
2.0000 1.7617
2.0000 2.9918
2.0000 2.2389
2.0000 2.9663
2.0000 3.4872
2.0000 2.5683
2.0000 2.6562
2.0000 3.5994
2.0000 3.3224
2.0000 3.1806
2.0000 3.3194
2.0000 3.1684
2.0000 1.6505
2.0000 2.6641
2.0000 2.7640
2.0000 3.0210
2.0000 3.5984
2.0000 1.6137
2.0000 4.4265
2.0000 1.8794
2.0000 3.9057
2.0000 3.1582
2.0000 2.7400
2.0000 2.4289
2.0000 3.2451
2.0000 2.3384
2.0000 2.4951
2.0000 2.6903
2.0000 2.6735
2.0000 2.4278
2.0000 1.8241
2.0000 3.4652
2.0000 2.7390
2.0000 2.6849
2.0000 2.1649
2.0000 2.2542
2.0000 3.6735
2.0000 2.8470
2.0000 2.8650
2.0000 2.5420
2.0000 2.6022
2.0000 3.6402
2.0000 3.5749
2.0000 3.3266
2.0000 2.7416
2.0000 3.2249
2.0000 2.8479
2.0000 3.4018
2.0000 1.7357
2.0000 3.5771
2.0000 3.5818
2.0000 2.7214
2.0000 3.4044
2.0000 2.6519
2.0000 3.3013
2.0000 2.6918
2.0000 2.8640
2.0000 2.7843
2.0000 2.8775
2.0000 2.1799
2.0000 2.9545
2.0000 2.7620
2.0000 2.6398
2.0000 3.1573
2.0000 4.5095
2.0000 3.1212
2.0000 2.5128
2.0000 2.4131
2.0000 2.9469
2.0000 3.5640
2.0000 4.2204
2.0000 3.3123
2.0000 2.8152
2.0000 3.1831
2.0000 2.5217
2.0000 2.6675
2.0000 2.6213
2.0000 3.1319
2.0000 2.3166
2.0000 3.0640
2.0000 4.1270
2.0000 2.6231
2.0000 1.9708
2.0000 2.9521
2.0000 2.5025
2.0000 2.5624
2.0000 2.4882
2.0000 2.3709
2.0000 1.7676
2.0000 2.2407
2.0000 1.7181
2.0000 1.9350
2.0000 2.9215
2.0000 2.3926
2.0000 3.7803
2.0000 2.8980
2.0000 3.1195
2.0000 2.1578
2.0000 3.5376
2.0000 2.9130
2.0000 1.8814
2.0000 2.6125
2.0000 1.8598
2.0000 3.1292
2.0000 2.4168
2.0000 3.2586
2.0000 2.6057
2.0000 2.4304
2.0000 2.6674
2.0000 2.4260
2.0000 3.2814
2.0000 2.9141
2.0000 2.7054
2.0000 3.0125
2.0000 3.6289
2.0000 2.7415
2.0000 2.4963
2.0000 1.6581
2.0000 2.7859
2.0000 2.6032
2.0000 2.5634
2.0000 1.9271
2.0000 2.1508
2.0000 3.9100
2.0000 3.4273
2.0000 2.5838
2.0000 3.1402
2.0000 2.5555
2.0000 2.8952
2.0000 2.6572
2.0000 2.5201
2.0000 2.2316
2.0000 2.9303
2.0000 3.1911
2.0000 2.4401
2.0000 3.1448
2.0000 4.0410
2.0000 3.1277
2.0000 3.0056
2.0000 3.1281
2.0000 2.4159
2.0000 3.7077
2.0000 3.6466
2.0000 3.8344
2.0000 3.1093
2.0000 1.9200
2.0000 1.9855
2.0000 2.5931
2.0000 3.4844
2.0000 2.1481
2.0000 2.8509
2.0000 2.6205
2.0000 1.6728
2.0000 2.3458
2.0000 2.6398
2.0000 2.9084
2.0000 3.3943
2.0000 2.4676
2.0000 3.5151
2.0000 2.9342
2.0000 1.9255
2.0000 2.5799
2.0000 3.2184
2.0000 2.7641
2.0000 2.0774
2.0000 2.7622
2.0000 2.3222
2.0000 3.6574
2.0000 3.1814
2.0000 3.2071
2.0000 3.3165
2.0000 2.6216
2.0000 3.3147
2.0000 2.8568
2.0000 2.6992
2.0000 2.5661
2.0000 2.7207
2.0000 2.6969
2.0000 3.0742
2.0000 2.2939
2.0000 2.5848
2.0000 2.2889
2.0000 2.4662
2.0000 2.7177
2.0000 2.3419
2.0000 2.6627
2.0000 2.9068
2.0000 2.7453
2.0000 2.4848
2.0000 3.2619
2.0000 3.3506
2.0000 2.7439
2.0000 2.3887
2.0000 3.1747
2.0000 3.0438
2.0000 2.0844
2.0000 3.1491
2.0000 2.8565
2.0000 3.2986
2.0000 2.2659
2.0000 3.0314
2.0000 3.0207
2.0000 2.8751
2.0000 1.9486
2.0000 2.9617
2.0000 3.1218
2.0000 3.3671
2.0000 2.2682
2.0000 3.0942
2.0000 2.4493
2.0000 3.4246
2.0000 2.4755
2.0000 2.8744
2.0000 1.9224
2.0000 2.4465
2.0000 2.1242
2.0000 2.4348
2.0000 2.0569
2.0000 3.1846
2.0000 3.7548
2.0000 2.6385
2.0000 3.5957
2.0000 2.9121
2.0000 2.8973
2.0000 2.0425
2.0000 3.0529
2.0000 2.5751
2.0000 3.0435
2.0000 1.7208
2.0000 2.8811
2.0000 3.0094
2.0000 2.4485
2.0000 2.0008
2.0000 2.6943
2.0000 3.2727
2.0000 2.4641
2.0000 2.1509
2.0000 2.6991
2.0000 3.0232
2.0000 2.5650
2.0000 3.5482
2.0000 2.2974
2.0000 2.7181
2.0000 3.6963
2.0000 3.4462
2.0000 2.8616
2.0000 2.7190
2.0000 2.2304
2.0000 2.0951
2.0000 3.1998
2.0000 3.1730
2.0000 3.0519
2.0000 2.9908
2.0000 2.5472
2.0000 3.5726
2.0000 3.1602
2.0000 2.0317
2.0000 2.9628
2.0000 2.7623
2.0000 2.5328
2.0000 3.1270
2.0000 3.2459
2.0000 2.3677
2.0000 2.5035
2.0000 2.1829
2.0000 1.3987
2.0000 4.0025
2.0000 2.7602
2.0000 1.7552
2.0000 2.6389
2.0000 2.8520
2.0000 2.6386
2.0000 3.3156
2.0000 2.7678
2.0000 1.2829
2.0000 1.8528
2.0000 3.5390
2.0000 2.9883
2.0000 2.7930
2.0000 2.6509
2.0000 2.0493
2.0000 2.6277
2.0000 3.4589
2.0000 3.0071
2.0000 3.3950
2.0000 1.5470
2.0000 3.1978
2.0000 3.8498
2.0000 2.5795
2.0000 1.8279
2.0000 2.9406
2.0000 2.1569
2.0000 2.5059
2.0000 1.4532
2.0000 3.1158
2.0000 2.9741
2.0000 3.0848
2.0000 3.8773
2.0000 2.3503
2.0000 2.4876
2.0000 2.6029
2.0000 3.3831
2.0000 2.4838
2.0000 2.9980
2.0000 2.9586
2.0000 2.3867
2.0000 2.6968
2.0000 4.4701
2.0000 2.3024
2.0000 2.5204
2.0000 2.8266
2.0000 2.6420
2.0000 2.6532
2.0000 3.0135
2.0000 2.3173
2.0000 3.4111
2.0000 2.6707
2.0000 3.0099
2.0000 2.5023
2.0000 2.3154
2.0000 2.5834
2.0000 2.9917
2.0000 2.9464
2.0000 2.9643
2.0000 2.0280
2.0000 3.3078
2.0000 2.9422
2.0000 3.6031
2.0000 2.2148
2.0000 2.6848
2.0000 2.6709
2.0000 2.2836
2.0000 4.4130
2.0000 2.5696
2.0000 2.6584
2.0000 2.0953
2.0000 2.8646
2.0000 1.9510
2.0000 3.2821
2.0000 3.6745
2.0000 3.1835
2.0000 2.6724
2.0000 2.8457
2.0000 2.6423
2.0000 2.7222
2.0000 2.8156
2.0000 2.4412
2.0000 3.2776
2.0000 2.5569
2.0000 3.5477
2.0000 1.8335
2.0000 3.5984
2.0000 1.8469
2.0000 2.6570
2.0000 3.0139
2.0000 1.9129
2.0000 2.4791
2.0000 3.9864
2.0000 2.5761
2.0000 2.2667
2.0000 3.2221
2.0000 2.9489
2.0000 3.6008
2.0000 2.2848
2.0000 2.6389
2.0000 3.3778
2.0000 3.3902
2.0000 4.1221
2.0000 2.3245
2.0000 3.6573
2.0000 2.8717
2.0000 2.9109
2.0000 2.4828
2.0000 2.6948
2.0000 2.6264
2.0000 3.8127
2.0000 1.6816
2.0000 3.5275
2.0000 2.6051
2.0000 2.9669
2.0000 3.0302
2.0000 2.2281
2.0000 3.3199
2.0000 3.5301
2.0000 2.8674
2.0000 2.5096
2.0000 2.6069
2.0000 3.0421
2.0000 3.1251
2.0000 3.0625
2.0000 3.1256
2.0000 3.2320
2.0000 3.5234
2.0000 3.9635
2.0000 3.6154
2.0000 3.3835
2.0000 2.1348
2.0000 3.0455
2.0000 2.0338
2.0000 2.3311
2.0000 3.4193
2.0000 3.8880
2.0000 1.7939
2.0000 3.3759
2.0000 2.9782
2.0000 3.6030
2.0000 4.0113
2.0000 2.7671
2.0000 2.3857
2.0000 3.4474
2.0000 2.8407
2.0000 4.0642
2.0000 3.2110
2.0000 2.2970
2.0000 2.9515
2.0000 4.1103
2.0000 2.7955
2.0000 3.6598
2.0000 3.1830
2.0000 2.8775
2.0000 2.2125
2.0000 3.3599
2.0000 3.1119
2.0000 2.4468
2.0000 2.8941
2.0000 2.0922
2.0000 2.8766
2.0000 2.9588
2.0000 3.2184
2.0000 2.7546
2.0000 2.8712
2.0000 3.2422
2.0000 2.2449
2.0000 1.9292
2.0000 3.8912
2.0000 3.4685
2.0000 3.9438
2.0000 3.2281
2.0000 2.0966
2.0000 3.0663
2.0000 3.5024
2.0000 2.7563
2.0000 1.9996
2.0000 2.8052
2.0000 2.3330
2.0000 2.8362
2.0000 2.7465
2.0000 2.4565
2.0000 2.8668
2.0000 2.8913
2.0000 3.1820
2.0000 2.6145
2.0000 2.7304
2.0000 3.6216
2.0000 2.0574
2.0000 2.7335
2.0000 2.7909
2.0000 2.6845
2.0000 3.2570
2.0000 1.8879
2.0000 3.2958
2.0000 2.8266
2.0000 3.0809
2.0000 2.4195
2.0000 3.1127
