21.0000 20.0878
21.0000 20.0654
21.0000 21.2172
21.0000 21.5658
21.0000 20.6317
21.0000 21.2483
21.0000 21.1553
21.0000 20.3516
21.0000 21.3488
21.0000 19.9973
21.0000 20.6772
21.0000 21.5569
21.0000 20.7434
21.0000 21.3725
21.0000 21.2185
21.0000 21.1845
21.0000 20.1255
21.0000 20.9563
21.0000 21.3371
21.0000 20.5405
21.0000 20.5260
21.0000 20.7425
21.0000 21.1167
21.0000 21.0231
21.0000 20.7399
21.0000 19.8782
21.0000 20.7798
21.0000 20.2333
21.0000 21.7208
21.0000 20.5466
21.0000 20.2939
21.0000 20.5318
21.0000 21.1319
21.0000 20.1744
21.0000 21.1792
21.0000 20.9178
21.0000 20.7483
21.0000 21.0139
21.0000 20.6692
21.0000 21.0558
21.0000 19.9896
21.0000 21.4003
21.0000 21.2079
21.0000 21.2531
21.0000 20.4189
21.0000 20.9566
21.0000 21.5084
21.0000 21.8700
21.0000 20.2588
21.0000 21.7531
21.0000 19.6224
21.0000 20.2025
21.0000 20.7880
21.0000 20.7107
21.0000 20.9052
21.0000 20.7574
21.0000 20.4773
21.0000 19.4633
21.0000 21.8163
21.0000 20.5587
21.0000 19.9943
21.0000 20.7616
21.0000 21.1567
21.0000 20.8294
21.0000 21.1906
21.0000 21.0687
21.0000 21.3156
21.0000 21.1710
21.0000 20.8180
21.0000 21.7980
21.0000 21.8064
21.0000 20.4605
21.0000 21.1900
21.0000 20.3152
21.0000 21.3326
21.0000 21.7797
21.0000 20.9506
21.0000 20.8246
21.0000 20.7994
21.0000 20.7221
21.0000 19.9773
21.0000 20.9012
21.0000 21.1249
21.0000 20.4282
21.0000 20.3005
21.0000 21.1872
21.0000 20.9849
21.0000 20.5900
21.0000 21.2841
21.0000 20.7550
21.0000 21.3065
21.0000 20.7766
21.0000 20.4415
21.0000 21.0442
21.0000 20.5320
21.0000 20.7961
21.0000 20.1702
21.0000 20.8120
21.0000 20.5043
21.0000 20.6284
21.0000 20.7774
21.0000 20.5595
21.0000 20.8054
21.0000 20.8093
21.0000 20.2278
21.0000 20.4020
21.0000 20.1775
21.0000 21.4934
21.0000 21.1086
21.0000 20.6324
21.0000 21.1364
21.0000 20.6228
21.0000 21.0974
21.0000 20.2323
21.0000 21.3418
21.0000 20.9604
21.0000 20.4088
21.0000 21.0146
21.0000 20.4996
21.0000 20.1950
21.0000 19.8021
21.0000 21.3299
21.0000 20.3717
21.0000 21.1489
21.0000 20.4252
21.0000 20.5892
21.0000 21.8104
21.0000 20.7385
21.0000 20.9786
21.0000 20.9704
21.0000 20.3611
21.0000 20.2730
21.0000 20.1881
21.0000 20.9012
21.0000 20.9350
21.0000 21.6560
21.0000 21.2774
21.0000 21.1054
21.0000 20.6071
21.0000 20.9781
21.0000 20.8614
21.0000 21.1168
21.0000 19.8536
21.0000 20.3507
21.0000 20.4907
21.0000 21.1324
21.0000 21.1181
21.0000 21.0804
21.0000 20.4431
21.0000 20.9352
21.0000 21.0737
21.0000 20.5396
21.0000 20.5570
21.0000 20.1507
21.0000 21.1754
21.0000 20.3526
21.0000 21.1789
21.0000 20.6977
21.0000 21.4436
21.0000 21.2216
21.0000 20.8782
21.0000 20.7065
21.0000 20.0896
21.0000 20.5475
21.0000 21.0507
21.0000 19.6314
21.0000 20.8432
21.0000 21.0281
21.0000 20.8806
21.0000 22.0569
21.0000 21.4675
21.0000 21.0587
21.0000 20.8652
21.0000 20.5504
21.0000 20.4260
21.0000 21.2563
21.0000 20.7615
21.0000 21.1394
21.0000 19.9675
21.0000 20.9945
21.0000 21.1747
21.0000 20.5246
21.0000 22.3164
21.0000 21.3543
21.0000 20.4012
21.0000 21.6586
21.0000 21.7039
21.0000 21.1089
21.0000 21.0591
21.0000 20.1034
21.0000 21.3405
21.0000 20.2865
21.0000 20.1488
21.0000 20.8873
21.0000 21.4163
21.0000 20.0111
21.0000 20.8749
21.0000 21.2045
21.0000 20.2956
21.0000 21.5321
21.0000 21.1107
21.0000 20.6291
21.0000 20.8019
21.0000 19.7088
21.0000 21.4178
21.0000 19.5906
21.0000 21.3568
21.0000 20.1734
21.0000 20.2902
21.0000 20.9940
21.0000 21.5980
21.0000 21.1591
21.0000 21.8220
21.0000 21.1267
21.0000 20.6012
21.0000 21.2277
21.0000 21.8942
21.0000 20.2850
21.0000 20.8719
21.0000 20.8790
21.0000 21.0353
21.0000 20.3593
21.0000 19.8987
21.0000 21.9169
21.0000 20.9035
21.0000 20.7394
21.0000 20.8145
21.0000 21.7019
21.0000 20.3270
21.0000 21.0241
21.0000 21.1365
21.0000 20.8844
21.0000 20.1896
21.0000 19.4784
21.0000 21.5706
21.0000 20.6430
21.0000 20.7927
21.0000 21.1746
21.0000 21.1096
21.0000 20.2530
21.0000 21.1607
21.0000 21.5173
21.0000 21.2413
21.0000 19.8535
21.0000 20.2721
21.0000 21.4173
21.0000 22.5845
21.0000 20.8044
21.0000 20.8457
21.0000 21.7174
21.0000 21.1716
21.0000 20.9775
21.0000 20.9619
21.0000 21.4194
21.0000 21.6803
21.0000 20.5854
21.0000 20.9963
21.0000 21.5466
21.0000 21.2133
21.0000 20.8338
21.0000 22.0479
21.0000 20.2410
21.0000 21.0656
21.0000 20.5445
21.0000 21.5897
21.0000 20.0566
21.0000 21.5154
21.0000 21.0584
21.0000 20.7190
21.0000 21.6111
21.0000 20.0392
21.0000 20.9453
21.0000 20.9097
21.0000 20.5577
21.0000 19.8492
21.0000 20.1331
21.0000 20.3539
21.0000 20.3404
21.0000 21.4436
21.0000 21.4866
21.0000 20.5794
21.0000 20.9910
21.0000 19.4708
21.0000 21.7540
21.0000 20.0863
21.0000 21.3570
21.0000 21.2528
21.0000 20.9868
21.0000 20.5769
21.0000 21.3900
21.0000 21.7665
21.0000 22.1147
21.0000 21.3809
21.0000 20.5918
21.0000 20.7016
21.0000 21.3360
21.0000 21.5357
21.0000 20.5282
21.0000 19.4031
21.0000 20.9325
21.0000 20.6678
21.0000 21.7666
21.0000 21.2692
21.0000 20.5361
21.0000 21.3175
21.0000 21.0632
21.0000 22.3573
21.0000 20.5142
21.0000 20.6423
21.0000 21.2155
21.0000 20.7290
21.0000 20.3818
21.0000 19.8101
21.0000 19.9165
21.0000 20.1984
21.0000 20.7137
21.0000 21.1006
21.0000 22.3618
21.0000 20.8270
21.0000 21.4343
21.0000 20.6148
21.0000 21.6316
21.0000 21.4672
21.0000 21.1540
21.0000 21.8290
21.0000 21.3555
21.0000 20.6725
21.0000 20.7715
21.0000 21.3108
21.0000 20.4734
21.0000 21.2526
21.0000 21.2206
21.0000 20.2641
21.0000 21.1827
21.0000 20.9268
21.0000 20.7827
21.0000 21.6177
21.0000 20.1554
21.0000 20.7767
21.0000 20.6286
21.0000 20.8861
21.0000 20.5702
21.0000 21.1538
21.0000 20.4356
21.0000 20.6394
21.0000 20.7618
21.0000 21.5506
21.0000 21.9800
21.0000 20.3480
21.0000 20.6745
21.0000 20.4037
21.0000 21.0383
21.0000 19.3953
21.0000 20.5012
21.0000 20.2555
21.0000 20.7451
21.0000 20.8320
21.0000 20.2996
21.0000 20.7868
21.0000 20.4231
21.0000 22.1083
21.0000 21.4115
21.0000 21.4718
21.0000 20.8459
21.0000 20.3956
21.0000 20.7456
21.0000 20.7751
21.0000 20.9102
21.0000 20.5470
21.0000 21.0496
21.0000 20.9873
21.0000 20.4238
21.0000 20.4022
21.0000 20.6750
21.0000 20.7279
21.0000 21.5526
21.0000 21.0146
21.0000 20.5650
21.0000 20.7088
21.0000 20.3032
21.0000 21.2477
21.0000 20.7263
21.0000 20.3659
21.0000 21.1348
21.0000 20.9610
21.0000 20.4347
21.0000 20.7438
21.0000 20.4208
21.0000 20.6560
21.0000 21.2360
21.0000 21.1701
21.0000 21.1558
21.0000 20.8843
21.0000 20.2259
21.0000 19.4591
21.0000 21.0056
21.0000 20.6480
21.0000 21.3914
21.0000 21.0519
21.0000 21.7720
21.0000 22.0020
21.0000 21.5855
21.0000 20.4858
21.0000 20.9424
21.0000 21.2286
21.0000 21.4797
21.0000 20.4743
21.0000 20.7335
21.0000 21.0392
21.0000 20.4389
21.0000 20.2174
21.0000 21.1443
21.0000 21.0284
21.0000 20.0117
21.0000 21.6814
21.0000 20.5970
21.0000 21.6435
21.0000 20.3897
21.0000 20.6630
21.0000 20.4569
21.0000 21.2643
21.0000 20.0553
21.0000 21.2093
21.0000 20.8996
21.0000 21.5162
21.0000 20.2028
21.0000 20.3444
21.0000 21.2785
21.0000 20.8601
21.0000 20.7068
21.0000 20.8853
21.0000 20.0678
21.0000 21.1251
21.0000 20.2956
21.0000 21.3625
21.0000 21.5762
21.0000 21.0696
21.0000 20.9937
21.0000 20.4345
21.0000 19.8944
21.0000 20.7874
21.0000 21.5182
21.0000 20.3294
21.0000 21.4026
21.0000 19.6257
21.0000 20.1166
21.0000 20.7398
21.0000 20.1600
21.0000 21.1326
21.0000 21.8383
21.0000 20.2272
21.0000 21.1880
21.0000 21.3664
21.0000 21.0512
21.0000 20.9753
21.0000 21.8834
21.0000 20.9464
21.0000 19.8912
21.0000 20.8729
21.0000 20.8059
21.0000 20.7784
21.0000 20.8417
21.0000 19.7173
21.0000 20.4658
21.0000 20.8961
21.0000 21.5084
21.0000 21.1812
21.0000 20.8622
21.0000 21.4386
21.0000 21.0374
21.0000 20.7383
21.0000 20.0601
21.0000 20.4559
21.0000 20.5681
21.0000 20.7765
21.0000 21.6912
21.0000 21.4389
21.0000 20.7358
21.0000 20.7892
21.0000 20.8746
21.0000 20.9189
21.0000 20.2663
21.0000 21.5560
21.0000 21.6364
21.0000 21.6413
21.0000 22.2413
21.0000 21.1718
21.0000 21.0459
21.0000 20.7817
21.0000 21.6507
21.0000 21.0815
21.0000 20.2186
21.0000 20.8537
21.0000 20.0221
21.0000 20.7073
21.0000 21.7412
21.0000 20.5151
21.0000 20.9203
21.0000 21.0203
21.0000 20.3298
21.0000 21.2837
21.0000 20.8283
21.0000 20.2674
21.0000 20.3856
21.0000 20.1506
21.0000 20.7307
21.0000 20.0831
21.0000 20.6105
21.0000 20.8040
21.0000 21.9491
21.0000 20.4572
21.0000 20.6172
21.0000 21.0608
21.0000 21.5663
21.0000 20.0641
21.0000 21.5238
21.0000 20.1229
21.0000 20.7819
21.0000 20.3072
21.0000 20.7436
21.0000 19.9152
21.0000 20.2714
21.0000 20.9068
21.0000 21.0194
21.0000 20.8312
21.0000 19.8909
21.0000 21.6821
21.0000 19.8998
21.0000 20.5604
21.0000 19.7734
21.0000 20.5106
21.0000 20.6380
21.0000 20.0981
21.0000 21.0475
21.0000 20.0256
21.0000 20.2773
21.0000 21.0652
21.0000 20.7390
21.0000 20.6627
21.0000 21.3740
21.0000 20.1279
21.0000 21.5815
21.0000 20.9792
21.0000 20.7612
21.0000 20.8288
21.0000 22.4381
21.0000 20.9307
21.0000 21.1819
21.0000 20.2978
21.0000 20.7461
21.0000 20.8942
21.0000 21.0012
21.0000 21.0267
21.0000 20.5886
21.0000 21.0539
21.0000 19.7162
21.0000 20.7279
21.0000 21.4830
21.0000 21.2532
21.0000 20.5642
21.0000 21.6889
21.0000 20.0699
21.0000 21.3870
21.0000 20.4568
21.0000 19.9345
21.0000 20.7908
21.0000 20.0330
21.0000 20.1580
21.0000 20.9793
21.0000 21.8517
21.0000 20.6566
21.0000 21.5514
21.0000 20.8417
21.0000 21.1616
21.0000 20.1924
21.0000 20.9055
21.0000 20.1030
21.0000 19.8065
21.0000 20.4473
21.0000 20.3319
21.0000 20.7646
21.0000 20.8783
21.0000 20.6367
21.0000 20.6653
21.0000 20.1953
21.0000 21.2678
21.0000 20.2564
21.0000 21.2244
21.0000 21.3818
21.0000 20.3881
21.0000 20.9254
21.0000 21.9661
21.0000 19.8813
21.0000 21.1997
21.0000 21.3291
21.0000 20.8355
21.0000 21.3068
21.0000 21.4524
21.0000 21.7672
21.0000 20.1949
21.0000 20.4112
21.0000 21.6848
21.0000 20.4986
21.0000 20.2271
21.0000 21.0822
21.0000 21.9645
21.0000 20.3130
21.0000 20.6568
21.0000 20.8819
21.0000 21.0987
21.0000 19.9754
21.0000 21.1868
21.0000 21.1188
21.0000 20.1668
21.0000 21.3416
21.0000 20.5568
21.0000 21.3200
21.0000 20.1872
21.0000 21.6085
21.0000 20.7844
21.0000 20.7631
21.0000 20.2841
21.0000 21.4782
21.0000 21.3030
21.0000 21.1423
21.0000 21.5652
21.0000 21.6604
21.0000 20.4419
21.0000 20.7704
21.0000 21.6613
21.0000 20.0321
21.0000 20.6210
21.0000 21.0671
21.0000 22.1730
21.0000 20.6777
21.0000 21.3000
21.0000 21.5016
21.0000 20.4077
21.0000 20.1307
21.0000 21.8943
21.0000 21.7512
21.0000 20.6507
21.0000 20.4660
21.0000 21.9882
21.0000 20.9324
21.0000 20.2937
21.0000 21.1221
21.0000 20.3956
21.0000 21.2825
21.0000 20.8197
21.0000 20.9412
21.0000 21.2928
21.0000 20.6605
21.0000 20.1935
21.0000 20.6032
21.0000 20.6723
21.0000 20.9115
21.0000 20.9876
21.0000 20.1436
21.0000 20.5601
21.0000 21.2675
21.0000 20.9958
21.0000 21.8333
21.0000 21.0697
21.0000 20.8621
21.0000 20.5123
21.0000 20.6675
21.0000 21.8218
21.0000 21.2771
21.0000 21.3253
21.0000 20.5041
21.0000 20.3404
21.0000 21.1832
21.0000 20.6169
21.0000 21.2575
21.0000 19.9920
21.0000 20.7638
21.0000 20.0460
21.0000 21.1337
21.0000 20.6324
21.0000 20.8760
21.0000 21.2244
21.0000 20.0973
21.0000 21.6116
21.0000 20.7049
21.0000 21.0560
21.0000 20.4819
21.0000 19.8687
21.0000 20.6536
21.0000 20.6369
21.0000 20.7179
21.0000 21.1247
21.0000 20.6847
21.0000 20.9374
21.0000 20.5659
21.0000 21.6839
21.0000 22.3158
21.0000 20.3104
21.0000 20.4802
21.0000 21.4612
21.0000 20.4206
21.0000 20.8733
21.0000 21.6204
21.0000 20.6268
21.0000 21.3351
21.0000 20.7012
21.0000 20.6595
21.0000 21.5236
21.0000 20.8414
21.0000 20.4581
21.0000 20.6686
21.0000 21.7301
21.0000 20.7779
21.0000 20.8852
21.0000 21.8985
21.0000 20.6157
21.0000 21.1266
21.0000 20.6707
21.0000 21.4642
21.0000 20.8042
21.0000 20.4218
21.0000 21.1452
21.0000 21.1414
21.0000 20.6231
21.0000 20.3243
21.0000 21.2095
21.0000 20.6859
21.0000 20.5680
21.0000 21.7977
21.0000 20.9011
21.0000 20.6834
21.0000 20.3904
21.0000 21.8200
21.0000 21.7393
21.0000 20.8388
21.0000 20.3972
21.0000 20.8975
21.0000 21.4137
21.0000 20.2671
21.0000 21.0384
21.0000 20.7699
21.0000 21.5528
21.0000 20.6819
21.0000 21.1024
21.0000 20.6481
21.0000 20.3992
21.0000 20.7773
21.0000 20.6200
21.0000 20.9954
21.0000 21.2615
21.0000 20.8785
21.0000 20.3950
21.0000 21.1558
21.0000 20.7718
21.0000 20.5567
21.0000 21.1611
21.0000 21.7150
21.0000 20.9963
21.0000 21.1411
21.0000 21.1180
21.0000 20.6392
21.0000 20.4137
21.0000 21.1046
21.0000 20.6324
21.0000 19.9968
21.0000 20.8545
21.0000 20.5606
21.0000 19.8403
21.0000 20.7962
21.0000 20.6865
21.0000 19.9677
21.0000 20.9467
21.0000 21.0723
21.0000 20.6129
21.0000 21.5700
21.0000 20.6643
21.0000 20.8584
21.0000 20.1913
21.0000 21.4655
21.0000 20.6614
21.0000 21.0128
21.0000 19.9728
21.0000 22.0371
21.0000 20.1604
21.0000 20.0024
21.0000 21.2763
21.0000 21.3724
21.0000 20.0808
21.0000 20.6448
21.0000 20.8265
21.0000 20.6208
21.0000 20.8115
21.0000 20.9504
21.0000 20.3855
21.0000 21.1740
21.0000 20.1791
21.0000 20.3691
21.0000 21.8525
21.0000 20.4374
21.0000 20.2328
21.0000 21.0273
21.0000 20.8302
21.0000 22.2365
21.0000 20.3028
21.0000 21.7984
21.0000 20.0322
21.0000 20.6722
21.0000 19.9748
21.0000 20.4923
21.0000 20.6667
21.0000 20.9753
21.0000 20.5484
21.0000 21.6431
21.0000 21.0226
21.0000 19.8479
21.0000 21.4211
21.0000 21.6125
21.0000 21.3166
21.0000 21.4368
21.0000 19.6958
21.0000 20.7777
21.0000 20.4930
21.0000 20.1963
21.0000 21.5236
21.0000 21.1151
21.0000 20.5889
21.0000 21.1836
21.0000 21.2669
21.0000 21.5522
21.0000 20.5476
21.0000 21.0297
21.0000 21.4989
21.0000 21.1902
21.0000 21.0978
21.0000 20.8741
21.0000 20.8587
21.0000 20.4211
21.0000 20.6582
21.0000 21.8901
21.0000 21.5162
21.0000 20.7802
21.0000 21.5298
21.0000 21.2146
21.0000 20.9529
21.0000 21.1282
21.0000 20.9567
21.0000 20.7102
21.0000 21.3161
21.0000 21.3845
21.0000 21.3422
21.0000 20.7144
21.0000 21.0282
21.0000 20.4793
21.0000 20.7430
21.0000 21.1405
21.0000 20.7446
21.0000 20.6278
21.0000 20.4923
21.0000 20.2166
21.0000 20.6553
21.0000 20.8116
21.0000 21.5952
21.0000 20.9378
21.0000 20.5061
21.0000 21.0345
21.0000 20.7745
21.0000 21.0544
21.0000 20.5935
21.0000 19.9317
21.0000 21.3397
21.0000 21.0088
21.0000 21.1555
21.0000 20.6797
21.0000 21.0192
21.0000 20.5213
21.0000 20.8167
21.0000 20.3557
21.0000 20.1044
21.0000 21.1666
21.0000 20.9702
21.0000 21.8765
21.0000 20.2115
21.0000 21.4621
21.0000 20.1006
21.0000 21.0540
21.0000 20.1673
21.0000 21.1911
21.0000 19.9886
21.0000 20.6946
21.0000 20.9479
21.0000 20.7647
21.0000 20.9501
21.0000 20.0399
21.0000 20.5262
21.0000 21.1489
21.0000 20.1562
21.0000 20.5653
21.0000 20.5383
21.0000 20.8678
21.0000 21.2938
21.0000 20.6944
21.0000 21.1160
21.0000 20.9915
21.0000 21.3749
21.0000 20.7249
21.0000 21.3952
21.0000 20.6019
21.0000 20.1659
21.0000 20.5329
21.0000 20.7009
21.0000 20.2021
21.0000 20.7908
21.0000 21.2333
21.0000 21.1169
21.0000 20.5438
21.0000 20.8426
21.0000 20.1004
21.0000 20.0216
21.0000 22.0621
21.0000 21.6776
21.0000 22.1028
21.0000 20.6002
21.0000 21.0138
21.0000 19.1673
21.0000 20.5158
21.0000 20.6934
21.0000 21.4315
21.0000 20.6905
21.0000 20.9058
21.0000 20.3502
21.0000 21.5734
21.0000 21.1294
21.0000 21.0548
21.0000 20.8949
21.0000 20.6730
21.0000 20.6995
21.0000 21.2722
21.0000 20.1849
21.0000 21.3707
21.0000 20.4645
21.0000 20.7527
21.0000 21.4731
21.0000 19.5137
21.0000 20.0409
21.0000 20.6155
21.0000 21.1552
21.0000 21.7378
21.0000 21.0527
21.0000 21.0592
21.0000 19.7538
21.0000 21.7177
21.0000 20.0221
21.0000 20.1488
21.0000 21.1157
21.0000 20.9445
21.0000 20.6421
21.0000 21.0170
21.0000 20.9302
21.0000 21.2179
21.0000 20.8618
21.0000 20.5137
21.0000 20.8447
21.0000 20.8963
21.0000 20.6923
21.0000 22.6216
21.0000 20.6798
21.0000 19.8526
21.0000 20.6772
21.0000 20.9892
21.0000 20.8197
21.0000 20.0808
21.0000 21.5715
21.0000 20.7253
21.0000 21.1662
21.0000 20.8442
21.0000 20.9684
21.0000 21.2739
21.0000 20.2652
21.0000 20.6665
21.0000 20.9705
21.0000 20.4371
21.0000 21.2226
21.0000 21.8420
21.0000 21.1976
21.0000 20.7342
21.0000 20.6124
21.0000 21.1147
21.0000 21.0741
21.0000 21.1104
21.0000 20.7077
21.0000 19.9950
21.0000 20.7750
21.0000 20.4264
21.0000 20.9915
21.0000 21.5786
21.0000 20.9891
21.0000 20.4285
21.0000 20.7985
21.0000 20.4860
21.0000 20.3592
21.0000 20.8442
21.0000 20.4497
21.0000 20.4990
21.0000 21.2162
21.0000 20.3715
21.0000 21.2864
21.0000 20.8561
21.0000 20.1296
21.0000 20.5530
21.0000 20.9455
21.0000 20.5430
21.0000 20.2386
21.0000 20.2963
21.0000 20.7487
21.0000 22.6315
21.0000 21.5119
21.0000 20.5620
21.0000 21.2424
21.0000 21.1788
21.0000 20.6139
21.0000 20.6332
21.0000 20.9615
21.0000 20.3114
21.0000 20.4880
21.0000 21.2100
21.0000 19.8412
21.0000 20.9536
21.0000 20.6141
21.0000 20.5459
21.0000 21.6281
21.0000 21.1192
21.0000 20.7952
21.0000 20.7294
21.0000 21.0753
21.0000 21.3432
21.0000 20.0563
21.0000 20.9622
21.0000 20.8606
21.0000 20.0527
21.0000 20.9454
21.0000 21.7195
21.0000 20.5515
21.0000 21.2063
21.0000 21.1836
21.0000 21.0309
21.0000 20.9137
21.0000 21.0777
21.0000 21.1451
21.0000 20.9413
21.0000 21.7982
21.0000 20.7843
21.0000 21.4013
21.0000 21.7255
21.0000 21.2436
21.0000 20.0022
21.0000 21.3237
21.0000 21.3739
21.0000 20.5155
21.0000 21.9019
21.0000 20.7783
21.0000 20.4197
21.0000 20.4064
21.0000 21.1778
21.0000 21.5473
21.0000 20.0714
21.0000 20.6576
21.0000 21.3492
21.0000 21.5918
21.0000 20.0734
21.0000 20.6719
21.0000 20.7930
21.0000 21.4969
21.0000 19.9597
21.0000 20.1180
21.0000 20.6276
21.0000 21.3370
21.0000 20.2144
21.0000 21.1123
21.0000 20.4522
21.0000 20.7473
21.0000 20.8429
21.0000 20.9597
21.0000 20.1168
21.0000 21.3113
21.0000 19.9262
21.0000 20.6573
21.0000 20.5746
21.0000 20.8913
21.0000 20.0623
21.0000 20.6285
21.0000 20.3153
21.0000 20.4346
21.0000 21.1538
21.0000 21.0593
21.0000 21.1990
21.0000 20.7341
21.0000 21.0584
21.0000 21.0574
21.0000 21.2432
21.0000 21.1482
21.0000 21.4194
21.0000 20.9328
21.0000 21.4412
21.0000 20.9377
21.0000 20.3145
21.0000 20.9010
21.0000 20.1049
21.0000 21.1139
21.0000 20.6882
21.0000 20.9619
21.0000 20.8769
21.0000 20.7127
21.0000 21.2531
21.0000 20.0104
21.0000 21.0590
21.0000 21.1981
21.0000 21.2049
21.0000 20.7514
21.0000 20.8354
21.0000 20.6909
21.0000 21.4134
21.0000 21.3008
21.0000 20.9833
21.0000 20.2135
21.0000 21.1137
21.0000 21.2681
21.0000 20.7455
21.0000 20.4416
21.0000 21.3833
21.0000 20.8260
21.0000 20.7604
21.0000 20.6803
21.0000 20.7024
21.0000 21.1131
21.0000 20.5241
21.0000 21.0311
21.0000 20.2028
21.0000 19.9710
21.0000 20.6744
21.0000 20.9600
21.0000 20.6596
21.0000 20.3919
21.0000 20.7289
21.0000 20.8912
21.0000 20.8499
21.0000 20.7888
21.0000 20.6833
21.0000 21.3463
21.0000 20.7887
21.0000 20.2130
21.0000 20.2771
21.0000 20.7563
21.0000 20.9677
21.0000 19.8464
21.0000 21.5495
21.0000 20.2551
21.0000 20.6782
21.0000 20.6081
21.0000 20.4009
21.0000 20.9500
21.0000 20.6614
21.0000 20.9715
21.0000 21.7269
21.0000 20.6279
21.0000 20.4076
21.0000 21.1946
21.0000 21.6728
21.0000 21.2926
21.0000 20.4462
21.0000 20.4099
21.0000 21.3167
21.0000 21.8182
21.0000 21.2037
21.0000 20.6931
21.0000 21.5650
21.0000 21.0679
21.0000 20.2211
21.0000 20.2501
21.0000 20.8318
21.0000 20.8012
21.0000 20.1799
21.0000 20.5695
21.0000 21.0843
21.0000 20.7342
21.0000 20.8193
21.0000 20.3519
21.0000 22.7211
21.0000 20.8501
21.0000 20.4337
21.0000 20.4910
21.0000 20.9336
21.0000 21.6553
21.0000 20.7966
21.0000 21.0827
21.0000 20.8383
21.0000 20.7252
21.0000 21.5805
21.0000 20.5069
21.0000 21.0081
21.0000 20.2145
21.0000 20.1773
21.0000 20.9545
21.0000 20.9724
21.0000 21.2876
21.0000 21.5577
21.0000 19.9418
21.0000 20.7120
21.0000 22.0092
21.0000 19.9490
21.0000 20.5904
21.0000 20.6901
21.0000 21.0785
21.0000 21.6847
21.0000 20.8400
21.0000 20.5810
21.0000 20.4197
21.0000 21.2934
21.0000 21.4024
21.0000 20.6948
21.0000 21.9787
21.0000 19.7488
21.0000 21.7097
21.0000 20.3958
21.0000 21.0917
21.0000 20.0092
21.0000 20.5739
21.0000 20.7476
21.0000 20.8297
21.0000 20.8683
21.0000 20.5875
21.0000 20.8107
21.0000 20.3658
21.0000 21.9118
21.0000 20.3508
21.0000 20.5025
21.0000 21.1576
21.0000 20.7745
21.0000 20.5626
21.0000 20.9564
21.0000 20.2925
21.0000 20.5421
21.0000 20.1453
21.0000 20.5362
21.0000 21.2433
21.0000 20.5294
21.0000 20.3578
21.0000 20.3134
21.0000 21.2201
21.0000 19.7713
21.0000 20.1882
21.0000 21.0225
21.0000 20.1600
21.0000 20.9965
21.0000 20.7186
21.0000 19.6763
21.0000 21.3114
21.0000 20.7474
21.0000 21.1043
21.0000 19.7079
21.0000 20.6859
21.0000 20.4439
21.0000 21.3694
21.0000 21.2839
21.0000 20.8308
21.0000 20.7713
21.0000 20.8400
21.0000 22.1347
21.0000 21.3669
21.0000 20.6546
21.0000 20.8995
21.0000 22.0755
21.0000 21.4009
21.0000 21.0431
21.0000 21.4784
21.0000 20.9381
21.0000 20.3126
21.0000 20.2715
21.0000 20.5617
21.0000 20.3209
21.0000 21.6557
21.0000 20.2048
21.0000 19.8127
21.0000 20.8611
21.0000 19.8755
21.0000 20.7727
21.0000 20.5622
21.0000 21.5057
21.0000 20.8133
21.0000 20.5863
21.0000 20.3423
21.0000 21.5654
21.0000 21.4167
21.0000 21.1760
21.0000 21.2463
21.0000 21.4990
21.0000 21.4531
21.0000 20.8186
21.0000 21.0536
21.0000 21.1956
21.0000 20.8876
21.0000 21.6855
21.0000 20.5047
21.0000 21.3442
21.0000 20.6061
21.0000 20.6827
21.0000 21.7576
21.0000 20.8673
21.0000 21.8728
21.0000 21.3719
21.0000 21.2985
21.0000 21.2164
21.0000 20.4982
21.0000 20.9777
21.0000 21.6668
21.0000 20.7915
21.0000 20.5827
21.0000 20.9727
21.0000 20.7543
21.0000 21.3651
21.0000 19.7374
21.0000 20.8501
21.0000 20.1553
21.0000 21.5848
21.0000 20.8096
21.0000 20.8964
21.0000 22.0722
21.0000 21.1259
21.0000 21.0125
21.0000 20.7480
21.0000 21.4889
21.0000 21.7085
21.0000 20.1770
21.0000 20.5155
21.0000 21.6550
21.0000 21.0231
21.0000 20.9594
21.0000 20.2141
21.0000 21.5993
21.0000 20.9074
21.0000 22.3072
21.0000 20.3827
21.0000 20.3578
21.0000 20.6624
21.0000 20.1923
21.0000 20.4160
21.0000 21.5874
21.0000 21.1772
21.0000 21.3999
21.0000 21.2827
21.0000 20.3731
21.0000 20.5277
21.0000 20.5643
21.0000 21.9021
21.0000 20.6439
21.0000 20.7402
21.0000 21.7871
21.0000 20.5169
21.0000 20.4904
21.0000 21.4572
21.0000 20.4203
21.0000 21.2101
21.0000 21.0661
21.0000 21.4241
21.0000 20.2577
21.0000 20.3465
21.0000 20.9037
21.0000 21.5667
21.0000 20.2959
21.0000 21.2036
21.0000 20.1985
21.0000 19.7121
21.0000 21.0886
21.0000 21.5331
21.0000 20.4742
21.0000 21.4028
21.0000 20.3558
21.0000 20.8863
21.0000 20.8336
21.0000 20.5908
21.0000 19.6879
21.0000 20.8000
21.0000 21.1203
21.0000 21.2757
21.0000 21.0038
21.0000 20.8303
21.0000 20.3409
21.0000 20.6919
21.0000 21.5804
21.0000 20.1191
21.0000 20.4430
21.0000 21.6812
21.0000 20.2998
21.0000 20.8734
21.0000 22.1297
21.0000 20.7368
21.0000 21.0017
21.0000 20.9864
21.0000 20.8175
21.0000 21.5198
21.0000 20.8689
21.0000 21.8624
21.0000 20.7659
21.0000 20.9101
21.0000 20.1082
21.0000 21.8405
21.0000 21.0903
21.0000 21.4906
21.0000 20.5871
21.0000 21.5219
21.0000 20.3897
21.0000 21.3272
21.0000 21.3273
21.0000 21.1249
21.0000 20.5367
21.0000 20.2624
21.0000 20.7362
21.0000 21.0284
21.0000 21.0308
21.0000 20.9626
21.0000 21.4726
21.0000 21.3970
21.0000 20.4661
21.0000 20.6710
21.0000 21.2986
21.0000 20.0018
21.0000 20.9836
21.0000 21.3488
21.0000 20.7367
21.0000 20.6958
21.0000 21.6545
21.0000 20.0178
21.0000 20.3698
21.0000 20.5672
21.0000 20.8790
21.0000 20.7760
21.0000 19.5607
21.0000 19.4732
21.0000 21.5883
21.0000 21.6233
21.0000 20.7589
21.0000 21.7308
21.0000 20.9965
21.0000 21.8499
21.0000 21.4234
21.0000 20.3825
21.0000 20.4218
21.0000 21.0606
21.0000 21.1753
21.0000 21.0659
21.0000 21.0858
21.0000 20.9636
21.0000 21.6450
21.0000 20.4514
21.0000 21.5737
21.0000 20.5755
21.0000 20.3761
21.0000 20.2084
21.0000 21.1075
21.0000 21.7468
21.0000 20.4015
21.0000 20.0805
21.0000 21.0754
21.0000 20.6689
21.0000 21.0216
21.0000 20.4508
21.0000 20.6592
21.0000 21.1751
21.0000 21.2548
21.0000 20.6536
21.0000 21.1047
21.0000 20.9271
21.0000 19.8241
21.0000 21.5228
21.0000 20.6260
21.0000 21.1557
21.0000 20.7211
21.0000 20.5456
21.0000 20.6872
21.0000 20.9204
21.0000 20.5248
21.0000 20.0996
21.0000 21.1001
21.0000 22.0565
21.0000 21.2376
21.0000 21.7829
21.0000 21.9893
21.0000 21.3558
21.0000 21.1519
21.0000 20.1983
21.0000 21.5348
21.0000 21.0009
21.0000 21.5114
21.0000 20.5696
21.0000 20.4588
21.0000 20.3196
21.0000 19.7310
21.0000 20.4484
21.0000 21.9092
21.0000 21.3965
21.0000 21.1927
21.0000 20.1238
21.0000 20.7950
21.0000 21.0069
21.0000 20.4414
21.0000 20.7015
21.0000 21.3349
21.0000 20.6877
21.0000 21.3342
21.0000 20.7918
21.0000 20.9418
21.0000 20.4761
21.0000 20.1355
21.0000 19.8869
21.0000 21.7170
21.0000 20.5505
21.0000 21.3533
21.0000 19.8791
21.0000 21.5019
21.0000 20.5927
21.0000 20.3484
21.0000 21.4744
21.0000 21.0775
21.0000 20.8179
21.0000 20.9529
21.0000 22.1486
21.0000 21.3958
21.0000 22.2729
21.0000 21.6752
21.0000 21.1419
21.0000 21.3106
21.0000 19.7955
21.0000 20.3674
21.0000 21.4321
21.0000 20.1476
21.0000 22.4722
21.0000 20.0365
21.0000 21.8721
21.0000 19.7083
21.0000 20.3882
21.0000 20.4130
21.0000 19.9915
21.0000 21.0156
21.0000 20.0412
21.0000 21.8418
21.0000 20.7829
21.0000 20.5805
21.0000 20.9458
21.0000 21.5508
21.0000 21.4357
21.0000 20.6167
21.0000 20.7267
21.0000 20.7325
21.0000 21.2709
21.0000 20.4985
21.0000 19.3526
21.0000 19.7745
21.0000 20.9602
21.0000 20.4766
21.0000 20.7812
21.0000 20.7546
21.0000 20.1389
21.0000 21.4980
21.0000 20.7018
21.0000 21.2332
21.0000 20.4738
21.0000 20.9171
21.0000 20.2787
21.0000 20.7212
21.0000 20.5793
21.0000 20.1560
21.0000 19.6168
21.0000 21.2342
21.0000 21.9895
21.0000 20.9627
21.0000 20.9540
21.0000 20.1465
21.0000 20.7323
21.0000 19.8309
21.0000 21.8398
21.0000 20.7603
21.0000 21.5251
21.0000 20.5454
21.0000 20.2955
21.0000 21.2765
21.0000 21.1216
21.0000 19.7828
21.0000 20.5147
21.0000 20.6761
21.0000 21.5958
21.0000 19.8844
21.0000 20.6536
21.0000 20.8216
21.0000 20.8489
21.0000 20.2892
21.0000 21.4006
21.0000 20.9830
21.0000 21.2158
21.0000 19.7890
21.0000 19.8821
21.0000 22.1948
21.0000 20.9822
21.0000 20.8172
21.0000 20.1224
21.0000 20.8215
21.0000 21.3246
21.0000 21.1807
21.0000 20.2830
21.0000 19.9020
21.0000 20.8239
21.0000 20.5057
21.0000 20.6484
21.0000 21.1103
21.0000 20.4817
21.0000 21.5972
21.0000 21.3195
21.0000 19.9279
21.0000 20.0640
21.0000 21.6294
21.0000 21.7262
21.0000 20.8025
21.0000 20.3924
21.0000 20.2917
21.0000 21.5455
21.0000 21.9686
21.0000 20.9223
21.0000 19.4956
21.0000 20.4168
21.0000 20.5291
21.0000 20.7051
21.0000 21.2426
21.0000 20.9024
21.0000 20.7201
21.0000 20.2486
21.0000 20.4590
21.0000 20.3184
21.0000 20.8664
21.0000 21.5999
21.0000 20.6468
21.0000 20.7316
21.0000 20.1816
21.0000 20.5447
21.0000 20.1783
21.0000 21.8048
21.0000 20.6823
21.0000 20.5660
21.0000 20.8291
21.0000 20.6810
21.0000 20.6606
21.0000 21.8330
21.0000 21.1169
21.0000 20.1465
21.0000 21.0412
21.0000 21.1292
21.0000 20.4348
21.0000 20.2508
21.0000 20.5770
21.0000 20.9955
21.0000 21.4058
21.0000 21.8450
21.0000 21.0553
21.0000 20.6861
21.0000 20.6059
21.0000 20.6992
21.0000 20.9014
21.0000 20.0354
21.0000 20.8545
21.0000 20.4673
21.0000 20.8751
21.0000 21.6980
21.0000 20.4568
21.0000 20.3740
21.0000 20.5047
21.0000 20.7266
21.0000 21.9283
21.0000 21.3512
21.0000 19.5630
21.0000 19.9586
21.0000 19.9690
21.0000 20.5211
21.0000 21.0167
21.0000 21.0214
21.0000 21.5288
21.0000 21.7014
21.0000 20.7314
21.0000 20.9145
21.0000 21.6547
21.0000 20.9573
21.0000 20.0716
21.0000 20.7900
21.0000 21.1274
21.0000 20.7977
21.0000 21.5499
21.0000 20.6745
21.0000 21.2216
21.0000 20.2055
21.0000 19.8919
21.0000 20.2875
21.0000 20.5324
21.0000 20.3151
21.0000 21.2151
21.0000 20.3873
21.0000 20.9791
21.0000 20.1940
21.0000 21.2992
21.0000 20.3414
21.0000 20.9042
21.0000 21.0526
21.0000 20.4165
21.0000 21.6746
21.0000 21.8691
21.0000 21.1102
21.0000 21.4503
21.0000 21.1376
21.0000 21.2428
21.0000 20.5259
21.0000 19.5826
21.0000 21.0251
21.0000 20.3024
21.0000 21.4383
21.0000 21.5347
21.0000 20.3492
21.0000 21.1293
21.0000 21.5336
21.0000 21.4583
21.0000 21.6443
21.0000 21.5211
21.0000 19.8235
21.0000 20.2914
21.0000 21.0850
21.0000 20.2757
21.0000 22.1805
21.0000 20.4527
21.0000 20.7949
21.0000 20.2614
21.0000 21.4582
21.0000 20.2920
21.0000 20.7153
21.0000 20.5617
21.0000 20.1910
21.0000 19.9911
21.0000 21.1586
21.0000 20.6636
21.0000 21.2011
21.0000 21.2473
21.0000 21.3046
21.0000 21.2339
21.0000 21.8850
21.0000 21.0299
21.0000 20.4256
21.0000 20.2883
21.0000 21.3117
21.0000 20.7036
21.0000 21.7035
21.0000 21.0547
21.0000 20.9727
21.0000 21.6858
21.0000 21.7553
21.0000 19.9188
21.0000 21.6973
21.0000 21.4648
21.0000 20.3160
21.0000 20.4801
21.0000 20.5454
21.0000 20.4083
21.0000 21.0003
21.0000 20.7711
21.0000 22.2085
21.0000 20.1371
21.0000 21.3364
21.0000 21.7185
21.0000 20.2627
21.0000 21.5222
21.0000 20.7446
21.0000 21.0869
21.0000 20.0523
21.0000 20.4483
21.0000 21.4190
21.0000 21.5988
21.0000 20.9666
21.0000 21.4565
21.0000 20.6171
21.0000 21.1348
21.0000 21.1205
21.0000 20.3268
21.0000 19.7741
21.0000 20.6700
21.0000 20.5834
21.0000 21.1086
21.0000 20.7721
21.0000 21.7545
21.0000 21.0298
21.0000 21.4209
21.0000 20.1235
21.0000 20.6617
21.0000 21.7283
21.0000 21.1767
21.0000 20.6254
21.0000 21.8440
21.0000 21.0506
21.0000 20.9683
21.0000 20.9136
21.0000 20.8123
21.0000 20.4222
21.0000 20.9748
21.0000 20.3393
21.0000 21.5151
21.0000 20.7166
21.0000 21.0679
21.0000 21.0197
21.0000 20.8067
21.0000 20.4621
21.0000 20.7504
21.0000 21.6885
21.0000 21.2487
21.0000 20.6032
21.0000 19.5494
21.0000 21.1566
21.0000 21.7196
21.0000 20.7018
21.0000 21.0681
21.0000 19.9999
21.0000 21.1657
21.0000 20.0706
21.0000 20.0637
21.0000 21.1002
21.0000 20.4701
21.0000 20.6255
21.0000 20.3428
21.0000 20.2617
21.0000 20.5959
21.0000 20.8426
21.0000 21.0506
21.0000 21.5805
21.0000 20.9136
21.0000 20.2949
21.0000 20.7628
21.0000 19.9741
21.0000 20.5894
21.0000 20.4743
21.0000 20.0819
21.0000 21.2382
21.0000 20.7100
21.0000 20.6599
21.0000 21.0122
21.0000 19.6886
21.0000 21.4542
21.0000 19.8197
21.0000 21.6160
21.0000 21.0572
21.0000 22.0547
21.0000 21.0607
21.0000 21.2399
21.0000 20.7676
21.0000 21.4771
21.0000 20.8098
21.0000 20.7708
21.0000 20.5966
21.0000 20.1366
21.0000 21.5401
21.0000 21.3810
21.0000 20.1292
21.0000 20.4555
21.0000 22.3261
21.0000 20.8777
21.0000 21.1130
21.0000 20.1492
21.0000 20.7215
21.0000 20.9439
21.0000 21.3808
21.0000 20.6544
21.0000 21.0197
21.0000 21.3548
21.0000 20.5492
21.0000 20.7293
21.0000 20.4802
21.0000 21.0391
21.0000 20.1393
21.0000 20.6190
21.0000 20.0497
21.0000 20.5548
21.0000 20.8245
21.0000 20.9456
21.0000 22.4966
21.0000 21.1340
21.0000 21.7689
21.0000 20.6267
21.0000 21.7574
21.0000 21.5386
21.0000 20.4921
21.0000 21.5956
21.0000 20.9353
21.0000 20.2816
21.0000 21.5230
21.0000 20.9934
21.0000 20.5613
21.0000 21.7597
21.0000 20.6814
21.0000 20.3458
21.0000 20.6771
21.0000 20.7753
21.0000 19.9825
21.0000 20.4552
21.0000 21.6012
21.0000 20.6504
21.0000 21.5644
21.0000 20.3890
21.0000 20.6646
21.0000 21.4818
21.0000 21.2545
21.0000 20.5606
21.0000 21.4621
21.0000 21.1618
21.0000 20.2234
21.0000 20.8267
21.0000 21.0636
21.0000 20.4423
21.0000 20.8968
21.0000 21.3380
21.0000 20.8038
21.0000 20.7771
21.0000 20.9809
21.0000 21.1464
21.0000 20.6385
21.0000 20.4615
21.0000 19.2964
21.0000 20.9491
21.0000 21.3220
21.0000 20.9584
21.0000 20.5017
21.0000 20.4380
21.0000 20.5876
21.0000 21.4928
21.0000 21.1742
21.0000 21.4874
21.0000 20.9514
21.0000 21.6346
21.0000 22.8155
21.0000 20.7458
21.0000 21.7329
21.0000 20.3001
21.0000 21.5275
21.0000 21.6766
21.0000 20.5347
21.0000 21.5250
21.0000 21.4295
21.0000 21.3103
21.0000 20.6439
21.0000 19.9293
21.0000 20.2757
21.0000 21.1595
21.0000 20.1081
21.0000 21.5155
21.0000 21.4640
21.0000 21.5410
21.0000 20.3321
21.0000 20.4794
21.0000 19.9901
21.0000 20.7660
21.0000 21.5887
21.0000 20.9803
21.0000 19.8134
21.0000 20.6129
21.0000 21.1228
21.0000 20.8236
21.0000 20.6158
21.0000 21.7057
21.0000 21.1136
21.0000 20.0043
21.0000 20.5178
21.0000 20.7046
21.0000 20.6098
21.0000 20.8495
21.0000 20.4434
21.0000 21.0231
21.0000 20.3927
21.0000 21.3337
21.0000 23.2622
21.0000 20.5727
21.0000 20.9540
21.0000 20.3716
21.0000 20.2776
21.0000 20.9860
21.0000 21.1915
21.0000 20.2914
21.0000 20.9707
21.0000 20.9323
21.0000 21.1828
21.0000 20.9831
21.0000 20.8492
21.0000 21.3107
21.0000 20.7600
21.0000 21.1227
21.0000 20.1476
21.0000 21.2164
21.0000 20.3284
21.0000 20.4951
21.0000 21.3118
21.0000 19.9826
21.0000 20.9349
21.0000 22.1316
21.0000 21.0267
21.0000 21.3329
21.0000 21.0414
21.0000 19.8091
21.0000 20.1451
21.0000 20.8501
21.0000 20.2168
21.0000 20.7750
21.0000 19.7493
21.0000 20.8570
21.0000 20.7825
21.0000 20.6921
21.0000 21.0387
21.0000 21.1024
21.0000 21.2858
21.0000 20.6143
21.0000 20.5845
21.0000 20.4453
21.0000 21.5149
21.0000 20.4793
21.0000 20.8485
21.0000 20.8510
21.0000 21.5369
21.0000 20.6042
21.0000 20.5704
21.0000 20.9165
21.0000 21.4804
21.0000 20.6992
21.0000 20.2289
21.0000 19.5834
21.0000 20.8166
21.0000 21.6793
21.0000 20.9141
21.0000 21.6146
21.0000 20.6558
21.0000 20.2863
21.0000 20.6705
21.0000 20.4908
21.0000 20.7998
21.0000 20.1597
21.0000 20.8806
21.0000 21.1630
21.0000 21.0236
21.0000 20.7556
21.0000 20.4052
21.0000 21.1718
21.0000 21.7846
21.0000 20.8617
21.0000 21.5305
21.0000 19.8895
21.0000 21.2964
21.0000 21.3575
21.0000 22.2060
21.0000 21.0617
21.0000 21.6751
21.0000 20.6658
21.0000 21.1958
21.0000 20.7016
21.0000 20.1952
21.0000 21.0655
21.0000 20.7475
21.0000 21.1606
21.0000 21.2054
21.0000 20.4634
21.0000 21.1116
21.0000 19.8147
21.0000 19.9667
21.0000 19.7283
21.0000 21.4223
21.0000 21.1384
21.0000 21.9946
21.0000 21.0683
21.0000 21.3688
21.0000 20.9563
21.0000 21.4105
21.0000 21.6615
21.0000 20.4816
21.0000 21.3574
21.0000 20.8860
21.0000 20.1371
21.0000 20.6009
21.0000 20.2313
21.0000 20.9276
21.0000 21.5077
21.0000 20.9793
21.0000 21.1921
21.0000 20.3551
21.0000 22.6418
21.0000 21.5796
21.0000 20.6755
21.0000 20.3641
21.0000 21.1226
21.0000 20.6619
21.0000 20.3516
21.0000 21.1941
21.0000 20.1000
21.0000 20.1703
21.0000 20.7230
21.0000 20.0057
21.0000 20.9077
21.0000 21.0618
21.0000 20.8308
21.0000 20.5944
21.0000 21.4787
21.0000 21.0822
21.0000 20.4359
21.0000 21.2481
21.0000 20.4818
21.0000 20.9814
21.0000 20.8217
21.0000 21.1961
21.0000 21.4067
21.0000 21.2850
21.0000 20.6848
21.0000 21.1031
21.0000 20.9484
21.0000 20.8728
21.0000 21.8877
21.0000 20.0253
21.0000 20.7521
21.0000 20.1315
21.0000 21.8081
21.0000 20.7011
21.0000 20.3205
21.0000 20.6281
21.0000 20.5470
21.0000 20.8889
21.0000 20.2446
21.0000 20.7247
21.0000 21.1868
21.0000 22.0431
21.0000 21.0224
21.0000 20.3614
21.0000 20.0691
21.0000 20.5146
21.0000 21.8311
21.0000 20.8192
21.0000 20.0338
21.0000 20.8273
21.0000 20.9388
21.0000 20.5633
21.0000 19.7137
21.0000 20.2053
21.0000 21.5468
21.0000 21.3723
21.0000 20.4564
21.0000 21.1723
21.0000 20.4058
21.0000 20.4530
21.0000 20.0377
21.0000 21.3975
21.0000 20.8147
21.0000 21.0179
21.0000 19.8730
21.0000 20.8871
21.0000 21.9538
21.0000 19.9721
21.0000 19.6242
21.0000 21.1773
21.0000 20.4727
21.0000 21.1693
21.0000 20.8718
21.0000 20.2173
21.0000 20.9125
21.0000 19.7552
21.0000 21.0526
21.0000 20.2119
21.0000 20.3784
21.0000 20.5169
21.0000 19.9839
21.0000 20.6995
21.0000 20.7149
21.0000 20.3382
21.0000 20.2809
21.0000 20.6185
21.0000 20.9761
21.0000 21.1112
21.0000 20.3734
21.0000 20.5358
21.0000 21.3645
21.0000 21.0085
21.0000 20.5112
21.0000 20.8130
21.0000 20.6202
21.0000 20.8702
21.0000 21.7455
21.0000 20.3696
21.0000 20.6407
21.0000 20.4402
21.0000 21.8792
21.0000 20.8926
21.0000 18.9914
21.0000 20.5205
21.0000 20.2434
21.0000 20.1019
21.0000 21.7355
21.0000 20.6930
21.0000 20.8569
21.0000 21.8833
21.0000 19.9758
21.0000 20.8219
21.0000 19.5119
21.0000 20.3870
21.0000 20.1567
21.0000 20.8309
21.0000 20.7564
21.0000 21.0357
21.0000 20.0884
21.0000 20.4736
21.0000 20.9153
21.0000 20.6668
21.0000 20.9086
21.0000 21.4808
21.0000 21.1289
21.0000 21.7808
21.0000 21.7028
21.0000 21.4676
21.0000 21.6586
21.0000 21.2666
21.0000 20.3573
21.0000 21.3808
21.0000 20.3595
21.0000 20.0547
21.0000 21.1261
21.0000 20.4920
21.0000 20.9616
21.0000 20.9408
21.0000 20.5653
21.0000 21.1395
21.0000 20.8976
21.0000 21.7617
21.0000 21.6295
21.0000 21.4221
21.0000 20.9866
21.0000 20.1308
21.0000 20.5473
21.0000 21.0678
21.0000 20.8724
21.0000 21.3475
21.0000 21.8238
21.0000 21.8741
21.0000 21.7385
21.0000 20.0391
21.0000 20.2904
21.0000 20.3706
21.0000 20.7004
21.0000 20.2001
21.0000 21.6005
21.0000 21.6568
21.0000 21.6155
21.0000 21.6708
21.0000 20.4203
21.0000 20.1580
21.0000 20.7102
21.0000 20.2967
21.0000 21.4871
21.0000 20.6013
21.0000 21.2823
21.0000 20.7096
21.0000 19.4161
21.0000 20.8974
21.0000 21.0545
21.0000 21.7467
21.0000 22.5870
21.0000 20.5728
21.0000 20.0516
21.0000 19.9257
21.0000 20.1763
21.0000 21.2548
21.0000 21.0399
21.0000 21.6751
21.0000 20.0825
21.0000 20.0152
21.0000 20.8917
21.0000 22.7887
21.0000 20.7148
21.0000 19.2158
21.0000 20.9731
21.0000 20.4537
21.0000 20.8894
21.0000 20.5900
21.0000 20.7419
21.0000 20.9647
21.0000 22.0264
21.0000 20.2825
21.0000 21.8035
21.0000 20.4419
21.0000 21.0664
21.0000 20.1604
21.0000 21.8102
21.0000 20.4170
21.0000 22.1002
21.0000 20.7059
21.0000 21.1901
21.0000 21.8805
21.0000 20.6043
21.0000 20.8770
21.0000 20.9789
21.0000 21.3621
21.0000 20.6036
21.0000 20.4523
21.0000 21.1366
21.0000 19.7768
21.0000 20.5757
21.0000 21.1209
21.0000 20.8391
21.0000 21.0628
21.0000 20.5836
21.0000 21.1455
21.0000 19.9420
21.0000 21.0440
21.0000 20.1960
21.0000 19.9000
21.0000 20.4364
21.0000 20.3766
21.0000 20.8735
21.0000 20.7196
21.0000 19.8298
21.0000 21.2206
21.0000 20.2672
21.0000 21.5328
21.0000 22.0290
21.0000 20.7393
21.0000 20.5117
21.0000 21.0259
21.0000 20.1472
21.0000 21.2992
21.0000 21.4047
21.0000 20.7894
21.0000 20.7722
21.0000 20.9732
21.0000 20.8955
21.0000 20.5353
21.0000 21.9916
21.0000 20.3280
21.0000 20.8540
21.0000 20.4776
21.0000 20.5062
21.0000 22.5761
21.0000 22.3500
21.0000 20.0966
21.0000 21.7042
21.0000 21.0532
21.0000 21.1805
21.0000 20.9555
21.0000 21.9872
21.0000 20.4187
21.0000 21.7625
21.0000 19.5783
21.0000 20.4694
21.0000 20.1734
21.0000 21.4505
21.0000 21.6505
21.0000 20.3028
21.0000 20.5335
21.0000 19.9118
21.0000 21.3426
21.0000 20.5173
21.0000 20.1519
21.0000 20.7497
21.0000 21.6936
21.0000 20.6669
21.0000 21.4714
21.0000 21.5475
21.0000 20.2525
21.0000 19.5578
21.0000 20.7343
21.0000 19.9568
21.0000 20.9457
21.0000 19.9127
21.0000 20.0867
21.0000 20.8147
21.0000 20.5706
21.0000 20.6339
21.0000 20.8563
21.0000 21.5517
21.0000 19.8773
21.0000 20.8352
21.0000 20.8216
21.0000 20.8919
21.0000 21.1106
21.0000 20.2638
21.0000 20.7272
21.0000 19.6728
21.0000 21.2724
21.0000 20.4591
21.0000 20.7018
21.0000 20.0730
21.0000 21.0458
21.0000 20.2131
21.0000 21.0898
21.0000 21.0187
21.0000 20.1522
21.0000 20.7325
21.0000 20.3319
21.0000 21.1897
21.0000 20.6667
21.0000 21.6929
21.0000 22.0755
21.0000 20.5630
21.0000 21.4620
21.0000 21.2573
21.0000 21.4794
21.0000 20.2320
21.0000 21.7425
21.0000 21.0796
21.0000 20.6564
21.0000 20.9113
21.0000 20.8686
21.0000 21.5386
21.0000 21.7504
21.0000 20.8206
21.0000 20.3613
21.0000 21.3441
21.0000 21.1278
21.0000 21.2672
21.0000 20.6598
21.0000 20.9651
21.0000 21.8354
21.0000 20.0328
21.0000 21.2157
21.0000 21.3228
21.0000 21.2765
21.0000 20.7730
21.0000 21.9809
21.0000 20.4129
21.0000 22.2802
21.0000 21.6956
21.0000 21.2819
21.0000 20.6692
21.0000 20.8272
21.0000 21.0837
21.0000 21.0204
21.0000 21.0186
21.0000 20.9184
21.0000 20.7634
21.0000 20.6326
21.0000 20.8940
21.0000 20.3490
21.0000 21.2571
21.0000 20.8054
21.0000 20.6022
21.0000 21.9466
21.0000 22.2044
21.0000 20.7231
21.0000 21.6016
21.0000 20.1847
21.0000 20.2986
21.0000 20.8643
21.0000 20.8797
21.0000 20.4770
21.0000 20.5052
21.0000 20.2548
21.0000 20.5950
21.0000 20.3542
21.0000 21.2745
21.0000 21.6163
21.0000 20.6183
21.0000 21.3273
21.0000 20.7682
21.0000 21.2448
21.0000 20.2430
21.0000 20.7218
21.0000 20.9496
21.0000 20.0358
21.0000 20.0767
21.0000 20.3044
21.0000 21.0481
21.0000 21.4498
21.0000 20.6228
21.0000 20.7433
21.0000 21.0036
21.0000 21.5239
21.0000 19.9686
21.0000 19.9016
21.0000 21.0187
21.0000 20.8390
21.0000 21.2020
21.0000 19.9361
21.0000 20.1395
21.0000 21.4240
21.0000 21.5875
21.0000 20.3499
21.0000 20.7787
21.0000 20.8748
21.0000 20.6804
21.0000 20.8734
21.0000 21.1836
21.0000 20.8165
21.0000 21.1570
21.0000 20.8721
21.0000 21.3993
21.0000 20.9042
21.0000 19.6269
21.0000 20.9213
21.0000 20.5409
21.0000 20.3769
21.0000 20.8454
21.0000 20.0885
21.0000 21.1571
21.0000 21.3674
