24.0000 23.7438
24.0000 23.8781
24.0000 23.6778
24.0000 23.6225
24.0000 23.7362
24.0000 23.6212
24.0000 24.5690
24.0000 22.9656
24.0000 25.0318
24.0000 22.8242
24.0000 24.5418
24.0000 23.0265
24.0000 23.9900
24.0000 23.6264
24.0000 24.2980
24.0000 24.0682
24.0000 23.8793
24.0000 23.4855
24.0000 23.9450
24.0000 24.3149
24.0000 24.1897
24.0000 24.0313
24.0000 24.5912
24.0000 23.7661
24.0000 24.3493
24.0000 23.6912
24.0000 24.2407
24.0000 23.3043
24.0000 23.3802
24.0000 24.3725
24.0000 23.4945
24.0000 24.6244
24.0000 24.2247
24.0000 24.3164
24.0000 23.2197
24.0000 23.4898
24.0000 23.7310
24.0000 23.7234
24.0000 23.2028
24.0000 23.5945
24.0000 24.4964
24.0000 24.5854
24.0000 23.7869
24.0000 24.1092
24.0000 23.9354
24.0000 24.4311
24.0000 23.8709
24.0000 24.3874
24.0000 24.3509
24.0000 23.6957
24.0000 24.8779
24.0000 24.8545
24.0000 23.6563
24.0000 23.5057
24.0000 24.1364
24.0000 23.8885
24.0000 23.4415
24.0000 24.9567
24.0000 24.4498
24.0000 24.5160
24.0000 23.3532
24.0000 24.7404
24.0000 23.7300
24.0000 23.7029
24.0000 24.7344
24.0000 23.8566
24.0000 24.1907
24.0000 24.3491
24.0000 23.6416
24.0000 24.3203
24.0000 24.2786
24.0000 24.6699
24.0000 24.2145
24.0000 24.2657
24.0000 23.4738
24.0000 23.6189
24.0000 25.1785
24.0000 24.6895
24.0000 23.6915
24.0000 24.6729
24.0000 23.1254
24.0000 24.2401
24.0000 23.9470
24.0000 23.2235
24.0000 24.4062
24.0000 24.3113
24.0000 24.1264
24.0000 23.0276
24.0000 23.7677
24.0000 24.1534
24.0000 24.1061
24.0000 23.9210
24.0000 23.6483
24.0000 24.3300
24.0000 23.7296
24.0000 25.0338
24.0000 23.6172
24.0000 24.2497
24.0000 23.7539
24.0000 23.6618
24.0000 23.6607
24.0000 23.8132
24.0000 24.1126
24.0000 23.7044
24.0000 23.7211
24.0000 24.5141
24.0000 23.9388
24.0000 23.3857
24.0000 24.1966
24.0000 23.7667
24.0000 24.1018
24.0000 24.0455
24.0000 23.4754
24.0000 23.8718
24.0000 24.7484
24.0000 24.5366
24.0000 24.5107
24.0000 23.2924
24.0000 22.8867
24.0000 24.0835
24.0000 24.9320
24.0000 23.8930
24.0000 24.2764
24.0000 23.1731
24.0000 23.6143
24.0000 24.0844
24.0000 24.2024
24.0000 23.6817
24.0000 23.7683
24.0000 23.8924
24.0000 24.0401
24.0000 24.0189
24.0000 23.8246
24.0000 23.8013
24.0000 24.4072
24.0000 24.5455
24.0000 24.2349
24.0000 25.5710
24.0000 24.2728
24.0000 24.2035
24.0000 24.8419
24.0000 23.7957
24.0000 23.7761
24.0000 23.8527
24.0000 23.9626
24.0000 24.1779
24.0000 24.0423
24.0000 24.6301
24.0000 23.9488
24.0000 23.3309
24.0000 23.7565
24.0000 24.0678
24.0000 24.1609
24.0000 23.3335
24.0000 24.2121
24.0000 25.2210
24.0000 24.3833
24.0000 23.9672
24.0000 24.6446
24.0000 24.3113
24.0000 24.2259
24.0000 24.2112
24.0000 24.4553
24.0000 23.6086
24.0000 23.8816
24.0000 23.5702
24.0000 23.4458
24.0000 23.5858
24.0000 24.2919
24.0000 22.7540
24.0000 23.9609
24.0000 25.1844
24.0000 23.9005
24.0000 24.3455
24.0000 23.9766
24.0000 23.6236
24.0000 24.8390
24.0000 23.8050
24.0000 24.4753
24.0000 23.8889
24.0000 23.9758
24.0000 23.4141
24.0000 23.3991
24.0000 24.0324
24.0000 24.0481
24.0000 23.7169
24.0000 23.9931
24.0000 24.2037
24.0000 23.5225
24.0000 23.6978
24.0000 24.9942
24.0000 24.2476
24.0000 23.6042
24.0000 24.4281
24.0000 23.6605
24.0000 24.6359
24.0000 24.1822
24.0000 23.5559
24.0000 25.0504
24.0000 23.5121
24.0000 23.9098
24.0000 24.2031
24.0000 24.3806
24.0000 24.5308
24.0000 23.5962
24.0000 24.1124
24.0000 23.4527
24.0000 24.2703
24.0000 24.5142
24.0000 24.1483
24.0000 24.2267
24.0000 23.4661
24.0000 23.2899
24.0000 24.4912
24.0000 24.3227
24.0000 25.0507
24.0000 22.9401
24.0000 23.2083
24.0000 24.1860
24.0000 23.5869
24.0000 24.0016
24.0000 24.1208
24.0000 23.8207
24.0000 24.0017
24.0000 23.6597
24.0000 23.3822
24.0000 23.4457
24.0000 23.2972
24.0000 24.6877
24.0000 23.7815
24.0000 23.6707
24.0000 23.7185
24.0000 23.6420
24.0000 24.8494
24.0000 24.6191
24.0000 24.3251
24.0000 23.8579
24.0000 24.1819
24.0000 24.4941
24.0000 23.9765
24.0000 24.4243
24.0000 23.3547
24.0000 25.5082
24.0000 23.3391
24.0000 23.4935
24.0000 22.7241
24.0000 24.3094
24.0000 24.7593
24.0000 24.0280
24.0000 24.1530
24.0000 23.7948
24.0000 23.3703
24.0000 24.0992
24.0000 24.8877
24.0000 23.8241
24.0000 23.5976
24.0000 24.4156
24.0000 23.5591
24.0000 24.3074
24.0000 24.1435
24.0000 24.4401
24.0000 24.0210
24.0000 24.2967
24.0000 24.1578
24.0000 24.0020
24.0000 23.3280
24.0000 24.4322
24.0000 24.6904
24.0000 23.8710
24.0000 24.6021
24.0000 22.7157
24.0000 24.2709
24.0000 23.8349
24.0000 22.9186
24.0000 24.0683
24.0000 24.3625
24.0000 23.6111
24.0000 23.8762
24.0000 23.6863
24.0000 24.8410
24.0000 24.5944
24.0000 24.5456
24.0000 23.8756
24.0000 23.7632
24.0000 23.4156
24.0000 24.0514
24.0000 24.3531
24.0000 23.5253
24.0000 23.9081
24.0000 23.0412
24.0000 24.0193
24.0000 25.2731
24.0000 24.1848
24.0000 24.0451
24.0000 24.1696
24.0000 24.2090
24.0000 24.2867
24.0000 24.8012
24.0000 23.6189
24.0000 24.3453
24.0000 24.7203
24.0000 24.4774
24.0000 23.8481
24.0000 23.8250
24.0000 24.2543
24.0000 23.9978
24.0000 24.6531
24.0000 24.0450
24.0000 24.5714
24.0000 23.8930
24.0000 24.3308
24.0000 23.5501
24.0000 23.3198
24.0000 24.4785
24.0000 24.2418
24.0000 24.7387
24.0000 24.7840
24.0000 24.0685
24.0000 22.9803
24.0000 24.0581
24.0000 23.3144
24.0000 24.2599
24.0000 24.2291
24.0000 24.5821
24.0000 24.5745
24.0000 24.5023
24.0000 23.8516
24.0000 24.8778
24.0000 24.2178
24.0000 23.9325
24.0000 23.8068
24.0000 23.7814
24.0000 24.1101
24.0000 23.6945
24.0000 23.5058
24.0000 22.8325
24.0000 24.6934
24.0000 23.1892
24.0000 23.8739
24.0000 24.0014
24.0000 23.8882
24.0000 24.0576
24.0000 24.1352
24.0000 24.6026
24.0000 24.8458
24.0000 23.7258
24.0000 23.7680
24.0000 23.4527
24.0000 24.8151
24.0000 23.3073
24.0000 24.0446
24.0000 24.6228
24.0000 23.1845
24.0000 23.7689
24.0000 23.8488
24.0000 24.3998
24.0000 24.2839
24.0000 24.4636
24.0000 24.7901
24.0000 25.1746
24.0000 24.5298
24.0000 23.6309
24.0000 23.8776
24.0000 23.4786
24.0000 23.7997
24.0000 23.2428
24.0000 23.9680
24.0000 25.2647
24.0000 24.3111
24.0000 23.7592
24.0000 24.6469
24.0000 24.9782
24.0000 23.5372
24.0000 23.7915
24.0000 23.2377
24.0000 24.0544
24.0000 23.3595
24.0000 24.8300
24.0000 24.3237
24.0000 24.3902
24.0000 24.2223
24.0000 24.4910
24.0000 24.0667
24.0000 24.8604
24.0000 23.5625
24.0000 23.8369
24.0000 23.6972
24.0000 24.7484
24.0000 23.4154
24.0000 25.2935
24.0000 23.6701
24.0000 23.9703
24.0000 24.1613
24.0000 23.2861
24.0000 24.5243
24.0000 24.5049
24.0000 24.3932
24.0000 24.2605
24.0000 24.2458
24.0000 24.1324
24.0000 23.4803
24.0000 24.0642
24.0000 24.2228
24.0000 24.4208
24.0000 24.3883
24.0000 24.3066
24.0000 24.7594
24.0000 23.6404
24.0000 23.7505
24.0000 23.1849
24.0000 22.4996
24.0000 23.4091
24.0000 24.2409
24.0000 23.6281
24.0000 23.7829
24.0000 23.6308
24.0000 24.2542
24.0000 24.6235
24.0000 24.1482
24.0000 24.5888
24.0000 24.0742
24.0000 23.6593
24.0000 23.9150
24.0000 24.6102
24.0000 24.0718
24.0000 22.6287
24.0000 24.0158
24.0000 24.2906
24.0000 22.8535
24.0000 23.5601
24.0000 23.4731
24.0000 23.9107
24.0000 24.7860
24.0000 24.1864
24.0000 23.2963
24.0000 24.5557
24.0000 24.2681
24.0000 24.7390
24.0000 23.7009
24.0000 24.2784
24.0000 22.4233
24.0000 24.9375
24.0000 23.7381
24.0000 24.1112
24.0000 23.7441
24.0000 25.1272
24.0000 24.7006
24.0000 24.1043
24.0000 24.7374
24.0000 24.7611
24.0000 23.5586
24.0000 23.1889
24.0000 23.3120
24.0000 23.5979
24.0000 25.0332
24.0000 25.1883
24.0000 24.2904
24.0000 24.7522
24.0000 24.4883
24.0000 23.3230
24.0000 23.9269
24.0000 23.9361
24.0000 24.0572
24.0000 23.5471
24.0000 24.4226
24.0000 25.1170
24.0000 24.0435
24.0000 23.7636
24.0000 24.1793
24.0000 23.1662
24.0000 24.4745
24.0000 23.8090
24.0000 24.6103
24.0000 23.8138
24.0000 24.1986
24.0000 24.6434
24.0000 23.2939
24.0000 24.0215
24.0000 24.1469
24.0000 24.2041
24.0000 25.0999
24.0000 25.2500
24.0000 24.1159
24.0000 24.8113
24.0000 23.2457
24.0000 24.3773
24.0000 24.4258
24.0000 24.0937
24.0000 24.5177
24.0000 23.2767
24.0000 23.5259
24.0000 23.8556
24.0000 24.3048
24.0000 24.6948
24.0000 24.9197
24.0000 23.2934
24.0000 23.7855
24.0000 24.6110
24.0000 24.6360
24.0000 24.2402
24.0000 23.2923
24.0000 24.2721
24.0000 24.2472
24.0000 24.2352
24.0000 23.4438
24.0000 24.7830
24.0000 23.3788
24.0000 24.0911
24.0000 23.1481
24.0000 24.0141
24.0000 23.7698
24.0000 23.9024
24.0000 23.3962
24.0000 23.5350
24.0000 24.2635
24.0000 24.1570
24.0000 23.7089
24.0000 23.8538
24.0000 23.4890
24.0000 23.9311
24.0000 24.0731
24.0000 24.4640
24.0000 24.7619
24.0000 24.2247
24.0000 24.1474
24.0000 24.6532
24.0000 24.4062
24.0000 24.2729
24.0000 24.2677
24.0000 23.4094
24.0000 23.6655
24.0000 23.1990
24.0000 23.7965
24.0000 24.5177
24.0000 24.9297
24.0000 24.0828
24.0000 24.8974
24.0000 24.9519
24.0000 25.5867
24.0000 24.3265
24.0000 24.0109
24.0000 23.1976
24.0000 24.8316
24.0000 23.6940
24.0000 24.1467
24.0000 24.6630
24.0000 23.8242
24.0000 24.1770
24.0000 23.2760
24.0000 24.3220
24.0000 23.5126
24.0000 24.7449
24.0000 23.8313
24.0000 24.1278
24.0000 23.7105
24.0000 24.6888
24.0000 24.9208
24.0000 24.8133
24.0000 24.0397
24.0000 23.4432
24.0000 23.6338
24.0000 24.3812
24.0000 23.0655
24.0000 23.6443
24.0000 22.6638
24.0000 23.5568
24.0000 24.2286
24.0000 24.3404
24.0000 23.8247
24.0000 24.2295
24.0000 23.8043
24.0000 24.5157
24.0000 24.5905
24.0000 23.4946
24.0000 24.3677
24.0000 24.2872
24.0000 24.5504
24.0000 22.6200
24.0000 24.9156
24.0000 24.7877
24.0000 24.4144
24.0000 24.1037
24.0000 22.8799
24.0000 24.3967
24.0000 22.4314
24.0000 23.4816
24.0000 24.4287
24.0000 23.3969
24.0000 24.3439
24.0000 23.4190
24.0000 24.5271
24.0000 24.4161
24.0000 23.7925
24.0000 23.5581
24.0000 24.1399
24.0000 23.8452
24.0000 24.0290
24.0000 24.9776
24.0000 22.7121
24.0000 23.6487
24.0000 24.1039
24.0000 25.0445
24.0000 23.9493
24.0000 25.1177
24.0000 23.4289
24.0000 24.1456
24.0000 23.8831
24.0000 23.6660
24.0000 24.7493
24.0000 23.5615
24.0000 23.9046
24.0000 23.6398
24.0000 24.1476
24.0000 24.0059
24.0000 23.4076
24.0000 23.8516
24.0000 23.9914
24.0000 23.6118
24.0000 23.1504
24.0000 24.4697
24.0000 23.3484
24.0000 23.9016
24.0000 24.2639
24.0000 23.9102
24.0000 23.5692
24.0000 24.1799
24.0000 24.1757
24.0000 24.4071
24.0000 24.0498
24.0000 24.1101
24.0000 23.5586
24.0000 24.0132
24.0000 23.7620
24.0000 24.2576
24.0000 23.5497
24.0000 24.7520
24.0000 24.7589
24.0000 24.5304
24.0000 24.6748
24.0000 24.2696
24.0000 24.7405
24.0000 23.9500
24.0000 24.4731
24.0000 24.7007
24.0000 23.5739
24.0000 23.1523
24.0000 24.1895
24.0000 24.1660
24.0000 23.6996
24.0000 24.6953
24.0000 24.1198
24.0000 24.7978
24.0000 23.6586
24.0000 23.5209
24.0000 24.0676
24.0000 24.0511
24.0000 23.0895
24.0000 23.8891
24.0000 23.8213
24.0000 23.4110
24.0000 23.4758
24.0000 25.0528
24.0000 23.7097
24.0000 23.6141
24.0000 24.8504
24.0000 24.3366
24.0000 24.3111
24.0000 23.9506
24.0000 24.4019
24.0000 23.7076
24.0000 24.0087
24.0000 23.5268
24.0000 23.5892
24.0000 25.2442
24.0000 24.1991
24.0000 23.6759
24.0000 23.5047
24.0000 24.9441
24.0000 23.8914
24.0000 24.2061
24.0000 23.9800
24.0000 23.8783
24.0000 24.4614
24.0000 24.7062
24.0000 24.2589
24.0000 24.4588
24.0000 23.4624
24.0000 23.9927
24.0000 23.9601
24.0000 24.7323
24.0000 24.8787
24.0000 23.4296
24.0000 22.8312
24.0000 23.5934
24.0000 23.7579
24.0000 24.4018
24.0000 23.5648
24.0000 24.4556
24.0000 24.1571
24.0000 23.5172
24.0000 23.7400
24.0000 22.9277
24.0000 24.3632
24.0000 23.7608
24.0000 24.3451
24.0000 24.7606
24.0000 23.7726
24.0000 24.0682
24.0000 23.6698
24.0000 23.1570
24.0000 24.6171
24.0000 24.0302
24.0000 23.3088
24.0000 23.3876
24.0000 23.1973
24.0000 24.5852
24.0000 24.0117
24.0000 24.8684
24.0000 24.2206
24.0000 23.9727
24.0000 24.5857
24.0000 25.3051
24.0000 23.6188
24.0000 24.4527
24.0000 23.8413
24.0000 25.0661
24.0000 24.0805
24.0000 23.8705
24.0000 24.9777
24.0000 23.9943
24.0000 23.8524
24.0000 24.0248
24.0000 24.3728
24.0000 24.8846
24.0000 23.7472
24.0000 23.6061
24.0000 24.1248
24.0000 23.1740
24.0000 23.9210
24.0000 23.2836
24.0000 24.2782
24.0000 23.9884
24.0000 22.9471
24.0000 23.7667
24.0000 24.8608
24.0000 23.7954
24.0000 23.3783
24.0000 23.9416
24.0000 23.3930
24.0000 24.1885
24.0000 23.5981
24.0000 24.7212
24.0000 25.1237
24.0000 24.0768
24.0000 23.3924
24.0000 24.6215
24.0000 25.2069
24.0000 24.8785
24.0000 24.1101
24.0000 23.9077
24.0000 23.8956
24.0000 23.6358
24.0000 23.9341
24.0000 24.1101
24.0000 23.5546
24.0000 22.7701
24.0000 24.2176
24.0000 23.7297
24.0000 25.3039
24.0000 23.3372
24.0000 24.2902
24.0000 24.6728
24.0000 23.9156
24.0000 24.3064
24.0000 24.2763
24.0000 24.8269
24.0000 23.3684
24.0000 23.6697
24.0000 23.9097
24.0000 24.0961
24.0000 23.0570
24.0000 24.3149
24.0000 24.3362
24.0000 23.9658
24.0000 23.8021
24.0000 24.2721
24.0000 24.9933
24.0000 24.4373
24.0000 24.1197
24.0000 24.6239
24.0000 23.9009
24.0000 25.1509
24.0000 24.1154
24.0000 23.4965
24.0000 24.4168
24.0000 23.6038
24.0000 24.2365
24.0000 23.6925
24.0000 24.5735
24.0000 24.2062
24.0000 23.9572
24.0000 25.2067
24.0000 22.8172
24.0000 24.5062
24.0000 23.8159
24.0000 24.2298
24.0000 23.9405
24.0000 24.7824
24.0000 24.1792
24.0000 23.4828
24.0000 23.9225
24.0000 23.4653
24.0000 24.2189
24.0000 23.5443
24.0000 24.0858
24.0000 24.2538
24.0000 23.6634
24.0000 24.2322
24.0000 24.0615
24.0000 24.2504
24.0000 22.8608
24.0000 24.1635
24.0000 23.9420
24.0000 24.3117
24.0000 24.6060
24.0000 23.0532
24.0000 24.2121
24.0000 24.5080
24.0000 24.0147
24.0000 23.5352
24.0000 24.5945
24.0000 23.3491
24.0000 24.8385
24.0000 24.7579
24.0000 24.6768
24.0000 24.2590
24.0000 24.2269
24.0000 23.3539
24.0000 25.0518
24.0000 24.3441
24.0000 25.0560
24.0000 24.5084
24.0000 24.4929
24.0000 24.5569
24.0000 23.9037
24.0000 23.9114
24.0000 23.6453
24.0000 23.9565
24.0000 24.9338
24.0000 23.9018
24.0000 23.8425
24.0000 24.3919
24.0000 23.4723
24.0000 24.2250
24.0000 24.2120
24.0000 23.7874
24.0000 24.1850
24.0000 24.4697
24.0000 24.0928
24.0000 23.2032
24.0000 24.5185
24.0000 23.6939
24.0000 24.3493
24.0000 23.9015
24.0000 23.1060
24.0000 24.6375
24.0000 23.7524
24.0000 24.2020
24.0000 24.7862
24.0000 23.7794
24.0000 23.8453
24.0000 23.4271
24.0000 24.2412
24.0000 23.5804
24.0000 23.9453
24.0000 23.6685
24.0000 23.8834
24.0000 23.2014
24.0000 24.0490
24.0000 24.2474
24.0000 24.6081
24.0000 23.4024
24.0000 24.7508
24.0000 23.5466
24.0000 23.8584
24.0000 25.6010
24.0000 23.7557
24.0000 23.6563
24.0000 22.7872
24.0000 24.3378
24.0000 24.2329
24.0000 24.0212
24.0000 24.7259
24.0000 23.7750
24.0000 23.2696
24.0000 25.1145
24.0000 23.8894
24.0000 23.9422
24.0000 24.3663
24.0000 24.5847
24.0000 23.8382
24.0000 23.9931
24.0000 24.2529
24.0000 23.7906
24.0000 24.1574
24.0000 24.1349
24.0000 24.0535
24.0000 24.0758
24.0000 23.3856
24.0000 23.7107
24.0000 24.1681
24.0000 24.3942
24.0000 23.4155
24.0000 24.0073
24.0000 23.8113
24.0000 24.2798
24.0000 23.3179
24.0000 24.4379
24.0000 23.7984
24.0000 24.6295
24.0000 23.9498
24.0000 24.6723
24.0000 24.6736
24.0000 23.7193
24.0000 24.2746
24.0000 22.7989
24.0000 25.1087
24.0000 23.9449
24.0000 25.1932
24.0000 23.9132
24.0000 24.1042
24.0000 23.7193
24.0000 24.0801
24.0000 23.5995
24.0000 23.7840
24.0000 23.1979
24.0000 22.5419
24.0000 23.6893
24.0000 25.0600
24.0000 24.3038
24.0000 24.4102
24.0000 23.9485
24.0000 23.9496
24.0000 23.5079
24.0000 24.4151
24.0000 24.4186
24.0000 24.7575
24.0000 23.6812
24.0000 24.2201
24.0000 23.4787
24.0000 24.0497
24.0000 24.0930
24.0000 25.1793
24.0000 24.9930
24.0000 24.3786
24.0000 23.4610
24.0000 24.5897
24.0000 24.6079
24.0000 24.2531
24.0000 24.5420
24.0000 24.4110
24.0000 23.1485
24.0000 24.4209
24.0000 23.4881
24.0000 22.6723
24.0000 23.6121
24.0000 23.7423
24.0000 23.8555
24.0000 23.6826
24.0000 23.2219
24.0000 24.0423
24.0000 23.7361
24.0000 24.4201
24.0000 25.2138
24.0000 23.7586
24.0000 23.6299
24.0000 23.8186
24.0000 24.0380
24.0000 24.8075
24.0000 24.0676
24.0000 24.0139
24.0000 24.1638
24.0000 24.1970
24.0000 23.8077
24.0000 23.6183
24.0000 23.3529
24.0000 24.1047
24.0000 24.0707
24.0000 24.5952
24.0000 24.4910
24.0000 24.9414
24.0000 23.2917
24.0000 23.8766
24.0000 24.0813
24.0000 23.6185
24.0000 23.9787
24.0000 23.3176
24.0000 23.8713
24.0000 24.1043
24.0000 23.9816
24.0000 24.1567
24.0000 24.5209
24.0000 23.4889
24.0000 24.3027
24.0000 23.3318
24.0000 24.4054
24.0000 23.7045
24.0000 23.9120
24.0000 23.7514
24.0000 22.9192
24.0000 23.2444
24.0000 24.1384
24.0000 23.2633
24.0000 24.0768
24.0000 23.3822
24.0000 24.3931
24.0000 23.3304
24.0000 24.1088
24.0000 24.4105
24.0000 24.0838
24.0000 24.5597
24.0000 24.1481
24.0000 23.6001
24.0000 23.5336
24.0000 23.9384
24.0000 24.0692
24.0000 23.8436
24.0000 24.2707
24.0000 24.1784
24.0000 24.4881
24.0000 23.5621
24.0000 24.6773
24.0000 23.7286
24.0000 24.1213
24.0000 23.5076
24.0000 24.5265
24.0000 24.1349
24.0000 23.8141
24.0000 23.5437
24.0000 23.3778
24.0000 23.4899
24.0000 23.2510
24.0000 24.1934
24.0000 23.5797
24.0000 23.9677
24.0000 24.2907
24.0000 24.5257
24.0000 24.8357
24.0000 24.3009
24.0000 24.8992
24.0000 24.3916
24.0000 23.4511
24.0000 23.9584
24.0000 23.6086
24.0000 23.8757
24.0000 24.1360
24.0000 24.0952
24.0000 23.6845
24.0000 23.7957
24.0000 23.0453
24.0000 24.2011
24.0000 25.4137
24.0000 23.2144
24.0000 24.8384
24.0000 24.5787
24.0000 24.2162
24.0000 23.8717
24.0000 25.1310
24.0000 25.2428
24.0000 24.5015
24.0000 24.1136
24.0000 23.9651
24.0000 24.4736
24.0000 24.1571
24.0000 23.9874
24.0000 23.9799
24.0000 23.8589
24.0000 25.3750
24.0000 22.4828
24.0000 23.9051
24.0000 25.3810
24.0000 24.8547
24.0000 24.0855
24.0000 23.8319
24.0000 24.9718
24.0000 23.2626
24.0000 24.8243
24.0000 24.1769
24.0000 24.0539
24.0000 23.5122
24.0000 24.2630
24.0000 23.8222
24.0000 23.7103
24.0000 23.9370
24.0000 24.1494
24.0000 24.5750
24.0000 24.5937
24.0000 24.0645
24.0000 24.3671
24.0000 24.5876
24.0000 23.7228
24.0000 24.1170
24.0000 23.8014
24.0000 23.2267
24.0000 23.5755
24.0000 24.6922
24.0000 24.5326
24.0000 24.3159
24.0000 24.4934
24.0000 24.4154
24.0000 24.7519
24.0000 24.1578
24.0000 24.5370
24.0000 23.6412
24.0000 24.4334
24.0000 24.6477
24.0000 22.8263
24.0000 24.2846
24.0000 24.6547
24.0000 23.7574
24.0000 23.7226
24.0000 24.0459
24.0000 24.8810
24.0000 23.7413
24.0000 24.8253
24.0000 24.9501
24.0000 24.2513
24.0000 22.8469
24.0000 24.1972
24.0000 25.1726
24.0000 23.6808
24.0000 23.8203
24.0000 24.0856
24.0000 24.6402
24.0000 24.0665
24.0000 24.6493
24.0000 23.8350
24.0000 23.4216
24.0000 23.1800
24.0000 23.6576
24.0000 24.7563
24.0000 23.6671
24.0000 23.6445
24.0000 24.1765
24.0000 25.2020
24.0000 24.0444
24.0000 23.6021
24.0000 24.8345
24.0000 24.4312
24.0000 23.7633
24.0000 23.2796
24.0000 24.4007
24.0000 23.3554
24.0000 24.4767
24.0000 24.2967
24.0000 24.1666
24.0000 23.2898
24.0000 24.4263
24.0000 24.4101
24.0000 24.3152
24.0000 23.9233
24.0000 24.0436
24.0000 23.9503
24.0000 24.3923
24.0000 24.7354
24.0000 25.0194
24.0000 23.5914
24.0000 24.7188
24.0000 24.3741
24.0000 24.1984
24.0000 23.5270
24.0000 24.5228
24.0000 23.7867
24.0000 24.2727
24.0000 23.9165
24.0000 23.5392
24.0000 24.3958
24.0000 24.4975
24.0000 24.1752
24.0000 23.8856
24.0000 24.4141
24.0000 23.5872
24.0000 24.6542
24.0000 23.2121
24.0000 24.5351
24.0000 23.6902
24.0000 23.5433
24.0000 24.5385
24.0000 25.2508
24.0000 23.4332
24.0000 23.8014
24.0000 23.8200
24.0000 25.1629
24.0000 23.6565
24.0000 24.9054
24.0000 24.8570
24.0000 24.0790
24.0000 23.5364
24.0000 24.1504
24.0000 24.1707
24.0000 23.9699
24.0000 24.6070
24.0000 24.0094
24.0000 23.7598
24.0000 25.2434
24.0000 23.8130
24.0000 23.9752
24.0000 23.8534
24.0000 23.7040
24.0000 25.0268
24.0000 23.6892
24.0000 24.1467
24.0000 24.8885
24.0000 24.6481
24.0000 24.2763
24.0000 24.9722
24.0000 24.0336
24.0000 23.5763
24.0000 23.9006
24.0000 23.9989
24.0000 24.1984
24.0000 23.1428
24.0000 23.9463
24.0000 23.7950
24.0000 23.1828
24.0000 24.4542
24.0000 23.6658
24.0000 24.2565
24.0000 24.8085
24.0000 24.2790
24.0000 25.2244
24.0000 24.3974
24.0000 23.3868
24.0000 23.4537
24.0000 24.1852
24.0000 24.1263
24.0000 23.9358
24.0000 24.2898
24.0000 23.9781
24.0000 24.2885
24.0000 23.9035
24.0000 24.2272
24.0000 23.8064
24.0000 24.2331
24.0000 23.4476
24.0000 24.7476
24.0000 24.3938
24.0000 24.3706
24.0000 23.5334
24.0000 24.0861
24.0000 23.9117
24.0000 24.8874
24.0000 24.7034
24.0000 24.1965
24.0000 23.7899
24.0000 23.1447
24.0000 23.6945
24.0000 23.4711
24.0000 24.0369
24.0000 24.1584
24.0000 24.2109
24.0000 24.4293
24.0000 24.5481
24.0000 23.0360
24.0000 24.4487
24.0000 23.6325
24.0000 24.7326
24.0000 23.5274
24.0000 24.5558
24.0000 25.0955
24.0000 23.9413
24.0000 24.6383
24.0000 24.5412
24.0000 24.7718
24.0000 23.7836
24.0000 23.1018
24.0000 24.0653
24.0000 24.3219
24.0000 23.5895
24.0000 24.5225
24.0000 23.8420
24.0000 23.8888
24.0000 24.1636
24.0000 24.1204
24.0000 22.9299
24.0000 23.5194
24.0000 24.0991
24.0000 23.4945
24.0000 24.4894
24.0000 23.4733
24.0000 23.9541
24.0000 22.9831
24.0000 24.4468
24.0000 23.5118
24.0000 23.4151
24.0000 22.7934
24.0000 24.7779
24.0000 24.2301
24.0000 23.6278
24.0000 24.2204
24.0000 24.7093
24.0000 24.1986
24.0000 24.4148
24.0000 25.9886
24.0000 23.8405
24.0000 24.8098
24.0000 24.1255
24.0000 24.5650
24.0000 24.2982
24.0000 23.7031
24.0000 24.2508
24.0000 24.3977
24.0000 23.8361
24.0000 24.4753
24.0000 23.9211
24.0000 24.5358
24.0000 24.4139
24.0000 24.2187
24.0000 22.8858
24.0000 23.5030
24.0000 24.0758
24.0000 23.9769
24.0000 24.8310
24.0000 23.5663
24.0000 23.9793
24.0000 24.1099
24.0000 24.4180
24.0000 24.2476
24.0000 24.5736
24.0000 24.0177
24.0000 24.2697
24.0000 24.0973
24.0000 23.6885
24.0000 24.8697
24.0000 23.6613
24.0000 23.3369
24.0000 24.3551
24.0000 24.9068
24.0000 24.1433
24.0000 23.9476
24.0000 24.8490
24.0000 24.2097
24.0000 24.0431
24.0000 24.0296
24.0000 24.4509
24.0000 24.1691
24.0000 23.2362
24.0000 24.0441
24.0000 24.0632
24.0000 23.8726
24.0000 23.2429
24.0000 24.0711
24.0000 22.9069
24.0000 23.9574
24.0000 22.7730
24.0000 23.9648
24.0000 24.4107
24.0000 24.6731
24.0000 24.3402
24.0000 24.4687
24.0000 24.3518
24.0000 24.3157
24.0000 24.2514
24.0000 24.2469
24.0000 24.7800
24.0000 23.9845
24.0000 23.8248
24.0000 24.2361
24.0000 24.7144
24.0000 24.2288
24.0000 24.3133
24.0000 24.1121
24.0000 23.8574
24.0000 24.2135
24.0000 24.7034
24.0000 22.7888
24.0000 23.9100
24.0000 24.0528
24.0000 24.9262
24.0000 24.0680
24.0000 23.8710
24.0000 23.7883
24.0000 23.8392
24.0000 25.1310
24.0000 24.5978
24.0000 24.1518
24.0000 22.7473
24.0000 24.2412
24.0000 23.9291
24.0000 23.9207
24.0000 24.8741
24.0000 24.4661
24.0000 23.8420
24.0000 24.2476
24.0000 24.5528
24.0000 23.9695
24.0000 23.4739
24.0000 24.6872
24.0000 23.0638
24.0000 24.2285
24.0000 23.2525
24.0000 23.9289
24.0000 23.5921
24.0000 24.3127
24.0000 23.8845
24.0000 24.1178
24.0000 23.2339
24.0000 23.1116
24.0000 24.0250
24.0000 22.9272
24.0000 23.7748
24.0000 23.9230
24.0000 23.6881
24.0000 24.2251
24.0000 24.7865
24.0000 24.7085
24.0000 24.3187
24.0000 24.9125
24.0000 24.4916
24.0000 23.9469
24.0000 23.5687
24.0000 22.9218
24.0000 24.3571
24.0000 24.6227
24.0000 23.5886
24.0000 24.1834
24.0000 23.6950
24.0000 24.2801
24.0000 24.2662
24.0000 24.7186
24.0000 23.7548
24.0000 24.4464
24.0000 23.7174
24.0000 24.1299
24.0000 24.6739
24.0000 24.2284
24.0000 24.2294
24.0000 23.8021
24.0000 22.9338
24.0000 24.1451
24.0000 24.0628
24.0000 24.0348
24.0000 23.9281
24.0000 23.4874
24.0000 24.9115
24.0000 24.0182
24.0000 24.5650
24.0000 24.5806
24.0000 24.9260
24.0000 23.8154
24.0000 23.9933
24.0000 24.4280
24.0000 24.3457
24.0000 24.1919
24.0000 24.5732
24.0000 24.1238
24.0000 24.2235
24.0000 23.7994
24.0000 25.6148
24.0000 23.9195
24.0000 24.6156
24.0000 24.1225
24.0000 23.6396
24.0000 23.9811
24.0000 23.6148
24.0000 24.1880
24.0000 25.0380
24.0000 24.0614
24.0000 24.3076
24.0000 24.5751
24.0000 23.9695
24.0000 23.9536
24.0000 23.4964
24.0000 24.0276
24.0000 25.5459
24.0000 24.1044
24.0000 24.1155
24.0000 24.0364
24.0000 24.0030
24.0000 23.7757
24.0000 24.8349
24.0000 23.9181
24.0000 24.5316
24.0000 24.0432
24.0000 24.3444
24.0000 23.8657
24.0000 25.0607
24.0000 22.8427
24.0000 24.6193
24.0000 23.7886
24.0000 23.6694
24.0000 24.3830
24.0000 24.1415
24.0000 23.8182
24.0000 24.5498
24.0000 25.3257
24.0000 25.4559
24.0000 24.6203
24.0000 24.2749
24.0000 24.5818
24.0000 24.5699
24.0000 23.2793
24.0000 24.1060
24.0000 23.6635
24.0000 24.1372
24.0000 24.5263
24.0000 24.3728
24.0000 24.4260
24.0000 25.1585
24.0000 24.6185
24.0000 23.8711
24.0000 24.2327
24.0000 24.2963
24.0000 24.1272
24.0000 23.4017
24.0000 23.8310
24.0000 24.2126
24.0000 24.1510
24.0000 24.1116
24.0000 23.3251
24.0000 24.0873
24.0000 24.1404
24.0000 24.1472
24.0000 24.9915
24.0000 24.2336
24.0000 23.3932
24.0000 23.9334
24.0000 23.9273
24.0000 24.3661
24.0000 24.0919
24.0000 25.1807
24.0000 24.4781
24.0000 24.5357
24.0000 23.9063
24.0000 23.6271
24.0000 24.6205
24.0000 24.7101
24.0000 23.5275
24.0000 24.8959
24.0000 24.8643
24.0000 24.0743
24.0000 24.6195
24.0000 23.9180
24.0000 23.4510
24.0000 24.4194
24.0000 24.3803
24.0000 23.9853
24.0000 24.4788
24.0000 23.3815
24.0000 23.9012
24.0000 24.0466
24.0000 24.2819
24.0000 25.2430
24.0000 23.4893
24.0000 24.9890
24.0000 23.5903
24.0000 24.8547
24.0000 24.3642
24.0000 23.9389
24.0000 24.4321
24.0000 24.5148
24.0000 24.5790
24.0000 23.8081
24.0000 23.5996
24.0000 23.9692
24.0000 24.3479
24.0000 23.4320
24.0000 24.0055
24.0000 23.7541
24.0000 23.1005
24.0000 24.3174
24.0000 23.8478
24.0000 23.9544
24.0000 23.9518
24.0000 23.7672
24.0000 23.8838
24.0000 23.5513
24.0000 24.0677
24.0000 23.6582
24.0000 23.8524
24.0000 23.3493
24.0000 24.7827
24.0000 24.0108
24.0000 23.0528
24.0000 23.6011
24.0000 23.1971
24.0000 24.4853
24.0000 23.9587
24.0000 24.3993
24.0000 24.4015
24.0000 24.4515
24.0000 24.9245
24.0000 24.3836
24.0000 24.1867
24.0000 24.2278
24.0000 23.0389
24.0000 24.0985
24.0000 25.2902
24.0000 24.5956
24.0000 23.8666
24.0000 23.5294
24.0000 24.0894
24.0000 23.4601
24.0000 24.8746
24.0000 24.1947
24.0000 24.1085
24.0000 24.0927
24.0000 23.5520
24.0000 22.9151
24.0000 23.9385
24.0000 23.8779
24.0000 23.5927
24.0000 25.0137
24.0000 23.4819
24.0000 23.9304
24.0000 24.5557
24.0000 23.7199
24.0000 24.6905
24.0000 24.4923
24.0000 23.2787
24.0000 24.6320
24.0000 24.0394
24.0000 24.8986
24.0000 23.6061
24.0000 23.8591
24.0000 23.1930
24.0000 23.6785
24.0000 23.8951
24.0000 24.6514
24.0000 23.3611
24.0000 23.4432
24.0000 24.7926
24.0000 24.1193
24.0000 23.7442
24.0000 24.4390
24.0000 24.2116
24.0000 24.4584
24.0000 24.2316
24.0000 23.6687
24.0000 24.5482
24.0000 24.0823
24.0000 24.4180
24.0000 24.5023
24.0000 24.4451
24.0000 24.6625
24.0000 23.5834
24.0000 24.3969
24.0000 23.4852
24.0000 24.6767
24.0000 24.0461
24.0000 23.8231
24.0000 24.7077
24.0000 24.4838
24.0000 23.3320
24.0000 24.0480
24.0000 24.7502
24.0000 23.2307
24.0000 23.2228
24.0000 24.9466
24.0000 24.6213
24.0000 24.2075
24.0000 23.7066
24.0000 24.2531
24.0000 25.0891
24.0000 25.0780
24.0000 24.6573
24.0000 23.4227
24.0000 23.7473
24.0000 24.5793
24.0000 23.7651
24.0000 24.0841
24.0000 23.3606
24.0000 23.4693
24.0000 24.5561
24.0000 24.0828
24.0000 23.2671
24.0000 24.1224
24.0000 24.0095
24.0000 24.1884
24.0000 23.8150
24.0000 22.9620
24.0000 24.4432
24.0000 24.0805
24.0000 24.0952
24.0000 24.0110
24.0000 23.5792
24.0000 24.7587
24.0000 24.0956
24.0000 24.0025
24.0000 24.1093
24.0000 25.0425
24.0000 23.9577
24.0000 24.8766
24.0000 24.3647
24.0000 24.0098
24.0000 23.7478
24.0000 22.7125
24.0000 24.5643
24.0000 24.5259
24.0000 24.3170
24.0000 23.9706
24.0000 24.3492
24.0000 23.2043
24.0000 24.2948
24.0000 23.7256
24.0000 24.1814
24.0000 23.3209
24.0000 25.3617
24.0000 23.8135
24.0000 24.0904
24.0000 24.3110
24.0000 23.7875
24.0000 24.1640
24.0000 24.3132
24.0000 23.8527
24.0000 24.6170
24.0000 24.3105
24.0000 24.1276
24.0000 24.3275
24.0000 23.9550
24.0000 22.7416
24.0000 24.5879
24.0000 23.4428
24.0000 24.1101
24.0000 25.0815
24.0000 25.1863
24.0000 23.9001
24.0000 23.8760
24.0000 24.5183
24.0000 24.1803
24.0000 23.8100
24.0000 23.9969
24.0000 25.0843
24.0000 23.5608
24.0000 24.3326
24.0000 23.8316
24.0000 23.9489
24.0000 23.8983
24.0000 24.1017
24.0000 24.7689
24.0000 24.5888
24.0000 24.6604
24.0000 23.8201
24.0000 25.0747
24.0000 23.7198
24.0000 24.1970
24.0000 24.6361
24.0000 24.8358
24.0000 24.5718
24.0000 24.5438
24.0000 23.6665
24.0000 23.6845
24.0000 23.0685
24.0000 21.7288
24.0000 24.5621
24.0000 24.0103
24.0000 23.6236
24.0000 23.7356
24.0000 22.4344
24.0000 24.4282
24.0000 24.9401
24.0000 25.3131
24.0000 23.8318
24.0000 24.5407
24.0000 24.6720
24.0000 23.8480
24.0000 24.7857
24.0000 23.3479
24.0000 24.4129
24.0000 24.2026
24.0000 23.7136
24.0000 23.5694
24.0000 24.2851
24.0000 24.4975
24.0000 23.3046
24.0000 23.9590
24.0000 23.3477
24.0000 24.0006
24.0000 23.7229
24.0000 24.5638
24.0000 24.1220
24.0000 24.4799
24.0000 23.9846
24.0000 23.8032
24.0000 24.7191
24.0000 24.0725
24.0000 24.4058
24.0000 24.4475
24.0000 23.9920
24.0000 24.1039
24.0000 23.7697
24.0000 23.2973
24.0000 23.6538
24.0000 24.0101
24.0000 22.8837
24.0000 24.1320
24.0000 24.4357
24.0000 24.7609
24.0000 24.3496
24.0000 24.6628
24.0000 24.1988
24.0000 25.3660
24.0000 22.6007
24.0000 23.4572
24.0000 23.8709
24.0000 25.0644
24.0000 23.5973
24.0000 24.6031
24.0000 23.2541
24.0000 23.9031
24.0000 24.2331
24.0000 24.3099
24.0000 24.3238
24.0000 23.2696
24.0000 23.5712
24.0000 24.5741
24.0000 24.5272
24.0000 24.7949
24.0000 23.7835
24.0000 24.1026
24.0000 24.0903
24.0000 24.7539
24.0000 23.5606
24.0000 24.3936
24.0000 24.4195
24.0000 24.5742
24.0000 24.2346
24.0000 25.1030
24.0000 24.8220
24.0000 24.0239
24.0000 24.4420
24.0000 24.7276
24.0000 24.2089
24.0000 23.2904
24.0000 23.8719
24.0000 24.2104
24.0000 24.3376
24.0000 23.9734
24.0000 23.6475
24.0000 23.6590
24.0000 23.6501
24.0000 24.3130
24.0000 24.3709
24.0000 24.2700
24.0000 24.1850
24.0000 24.0554
24.0000 23.4867
24.0000 23.5055
24.0000 24.8273
24.0000 24.6368
24.0000 24.0975
24.0000 23.9071
24.0000 24.6202
24.0000 23.7285
24.0000 25.1212
24.0000 24.0368
24.0000 24.1325
24.0000 24.7621
24.0000 24.2584
24.0000 23.7456
24.0000 23.5140
24.0000 24.0052
24.0000 23.1346
24.0000 23.4940
24.0000 24.7144
24.0000 23.8623
24.0000 24.3402
24.0000 24.0278
24.0000 23.7683
24.0000 24.1522
24.0000 24.4298
24.0000 23.6957
24.0000 24.1878
24.0000 23.7369
24.0000 23.9985
24.0000 22.9142
24.0000 24.9368
24.0000 24.3538
24.0000 24.1877
24.0000 23.9310
24.0000 24.3026
24.0000 24.4943
24.0000 24.4408
24.0000 23.1950
24.0000 23.7903
24.0000 24.5426
24.0000 24.0012
24.0000 24.6340
24.0000 24.1230
24.0000 24.4891
24.0000 24.3128
24.0000 23.8678
24.0000 23.6910
24.0000 24.6288
24.0000 23.9827
24.0000 23.9570
24.0000 24.6904
24.0000 24.6995
24.0000 24.2384
24.0000 24.1045
24.0000 23.5889
24.0000 24.4545
24.0000 26.1471
24.0000 24.0856
24.0000 24.1311
24.0000 23.5716
24.0000 23.0720
24.0000 24.9163
24.0000 24.3215
24.0000 23.8478
24.0000 23.6758
24.0000 24.5547
24.0000 23.4185
24.0000 23.5466
24.0000 23.9375
24.0000 23.6026
24.0000 24.2321
24.0000 25.0346
24.0000 23.8441
24.0000 24.0435
24.0000 24.3151
24.0000 24.0670
24.0000 23.5787
24.0000 24.7393
24.0000 23.6197
24.0000 23.8264
24.0000 23.2245
24.0000 24.4542
24.0000 23.9150
24.0000 23.5467
24.0000 24.2475
24.0000 23.8087
24.0000 23.3360
24.0000 25.1155
24.0000 23.1503
24.0000 24.1477
24.0000 24.7796
24.0000 24.8128
24.0000 24.3687
24.0000 24.3834
24.0000 24.5129
24.0000 23.4544
24.0000 25.0366
24.0000 24.9451
24.0000 23.8581
24.0000 24.1744
24.0000 24.9205
24.0000 24.4698
24.0000 23.3678
24.0000 23.3811
24.0000 24.2955
24.0000 23.9542
24.0000 22.6428
24.0000 24.4480
24.0000 23.9516
24.0000 23.6496
24.0000 23.5783
24.0000 23.6014
24.0000 24.0035
24.0000 24.0126
24.0000 24.2097
24.0000 23.4969
24.0000 23.5691
24.0000 24.4753
24.0000 23.4601
24.0000 24.4037
24.0000 24.2186
24.0000 23.6463
24.0000 22.6517
24.0000 24.7974
24.0000 25.0351
24.0000 23.1771
24.0000 23.3089
24.0000 24.1452
24.0000 24.5840
24.0000 23.7156
24.0000 23.9777
24.0000 24.2124
24.0000 23.5877
24.0000 23.8197
24.0000 23.0170
24.0000 23.9604
24.0000 23.9869
24.0000 24.5564
24.0000 23.2106
24.0000 23.5106
24.0000 23.5537
24.0000 23.7160
24.0000 25.2475
24.0000 24.1794
24.0000 24.6897
24.0000 23.8927
24.0000 25.2237
24.0000 24.5435
24.0000 23.9289
24.0000 24.0748
24.0000 24.2068
24.0000 25.1480
24.0000 24.4918
24.0000 24.3324
24.0000 24.8667
24.0000 23.9177
24.0000 23.9609
24.0000 24.5961
24.0000 24.8298
24.0000 23.2975
24.0000 24.0166
24.0000 24.6048
24.0000 24.0215
24.0000 23.8452
24.0000 24.6849
24.0000 24.5988
24.0000 25.0476
24.0000 24.6686
24.0000 24.9970
24.0000 24.4050
24.0000 24.5697
24.0000 24.5879
24.0000 24.0979
24.0000 23.7375
24.0000 24.3306
24.0000 23.4619
24.0000 23.8728
24.0000 24.1387
24.0000 24.0861
24.0000 24.3832
24.0000 24.5915
24.0000 24.6632
24.0000 23.5975
24.0000 24.4451
24.0000 23.7248
24.0000 24.6965
24.0000 24.4053
24.0000 23.8868
24.0000 24.7060
24.0000 23.9110
24.0000 23.6491
24.0000 24.4945
24.0000 23.7773
24.0000 23.4168
24.0000 24.3948
24.0000 23.8153
24.0000 24.9508
24.0000 24.4249
24.0000 24.9726
24.0000 23.4186
24.0000 23.4102
24.0000 24.4018
24.0000 24.6207
24.0000 23.6791
24.0000 23.1635
24.0000 23.1405
24.0000 25.1390
24.0000 23.0785
24.0000 24.4435
24.0000 24.1022
24.0000 23.3829
24.0000 24.2407
24.0000 24.6573
24.0000 24.1805
24.0000 24.6563
24.0000 24.6862
24.0000 22.9116
24.0000 24.2791
24.0000 24.1277
24.0000 23.0992
24.0000 23.9915
24.0000 24.3785
24.0000 23.9343
24.0000 24.3821
24.0000 23.5456
24.0000 23.3156
24.0000 23.1932
24.0000 23.1908
24.0000 24.4244
24.0000 24.4449
24.0000 23.7563
24.0000 23.8814
24.0000 23.9886
24.0000 24.8378
24.0000 23.7617
24.0000 24.7479
24.0000 24.1195
24.0000 24.2065
24.0000 23.2876
24.0000 24.5314
24.0000 24.3736
24.0000 23.3782
24.0000 24.2736
24.0000 23.6739
24.0000 24.1749
24.0000 24.0213
24.0000 22.9565
24.0000 23.5689
24.0000 23.2239
24.0000 24.3222
24.0000 23.9327
24.0000 23.8259
24.0000 23.4960
24.0000 24.3188
24.0000 24.9267
24.0000 24.0676
24.0000 24.9947
24.0000 23.5888
24.0000 24.4086
24.0000 23.6115
24.0000 23.0024
24.0000 23.5425
24.0000 24.1091
24.0000 23.9126
24.0000 24.1945
24.0000 23.9002
24.0000 24.3693
24.0000 24.2486
24.0000 23.9903
24.0000 23.8221
24.0000 24.9353
24.0000 23.3528
24.0000 24.1404
24.0000 23.7347
24.0000 24.3753
24.0000 24.1618
24.0000 23.4877
24.0000 22.7318
24.0000 24.2300
24.0000 23.6899
24.0000 23.9796
24.0000 24.4059
24.0000 23.7853
24.0000 23.9727
24.0000 25.4714
24.0000 24.3990
24.0000 23.8262
24.0000 24.4506
24.0000 23.9986
24.0000 25.0476
24.0000 24.0944
24.0000 23.8794
24.0000 22.9917
24.0000 23.3411
24.0000 24.2156
24.0000 24.8777
24.0000 24.0791
24.0000 24.0541
24.0000 24.4964
24.0000 23.9547
24.0000 25.0726
24.0000 23.7577
24.0000 23.7602
24.0000 23.6741
24.0000 23.7619
24.0000 23.7996
24.0000 23.7609
24.0000 24.6757
24.0000 23.8784
24.0000 24.7121
24.0000 24.1005
24.0000 23.5490
24.0000 23.6178
24.0000 23.5836
24.0000 23.7004
24.0000 23.7163
24.0000 23.8834
24.0000 23.8983
24.0000 24.0168
24.0000 23.4244
24.0000 24.2022
24.0000 23.9669
24.0000 24.8530
24.0000 24.2706
24.0000 23.5382
24.0000 24.4176
24.0000 25.4735
24.0000 23.8517
24.0000 23.6070
24.0000 24.4244
24.0000 24.3503
24.0000 23.9735
24.0000 23.7516
24.0000 24.1279
24.0000 23.8364
24.0000 24.8062
24.0000 24.4047
24.0000 25.1135
24.0000 23.9667
24.0000 24.3693
24.0000 22.1121
24.0000 22.8782
24.0000 24.5337
24.0000 24.2956
24.0000 22.9445
24.0000 23.3915
24.0000 24.6413
24.0000 24.8572
24.0000 23.2068
24.0000 23.7584
24.0000 23.3927
24.0000 22.5650
24.0000 23.4375
24.0000 24.4082
24.0000 23.4730
24.0000 23.9925
24.0000 23.3361
24.0000 23.5084
24.0000 24.2938
24.0000 24.6489
24.0000 24.5075
24.0000 23.2845
24.0000 24.0859
24.0000 24.0863
24.0000 24.1157
24.0000 23.9110
24.0000 22.6039
24.0000 23.9216
24.0000 23.8465
24.0000 22.7025
24.0000 23.5558
24.0000 24.1549
24.0000 24.2682
24.0000 24.3630
24.0000 23.4235
24.0000 23.9932
24.0000 23.6819
24.0000 23.6966
24.0000 23.8102
24.0000 23.9357
24.0000 24.4905
24.0000 23.5888
24.0000 24.7178
24.0000 23.9319
24.0000 24.6429
24.0000 24.6664
24.0000 23.3023
24.0000 24.4326
24.0000 23.7024
24.0000 25.0727
24.0000 23.5041
24.0000 24.1518
24.0000 23.5774
24.0000 23.1148
24.0000 23.0152
24.0000 23.2061
24.0000 22.9495
24.0000 24.7937
24.0000 24.9175
24.0000 23.6138
24.0000 23.8425
24.0000 25.0042
24.0000 23.6309
24.0000 24.0462
24.0000 23.5229
24.0000 25.1801
24.0000 23.1200
24.0000 23.9551
24.0000 23.6186
24.0000 23.7739
24.0000 23.2522
24.0000 24.3425
24.0000 25.2932
24.0000 24.4855
24.0000 25.0425
24.0000 23.7488
24.0000 23.4166
24.0000 23.7033
24.0000 24.1877
24.0000 24.3161
24.0000 24.7077
24.0000 23.9349
24.0000 24.6515
24.0000 25.8285
24.0000 23.4849
24.0000 24.4233
24.0000 24.1490
24.0000 23.9390
24.0000 24.0630
24.0000 24.9408
24.0000 24.0094
24.0000 25.3890
24.0000 23.6719
24.0000 23.8706
24.0000 24.9698
24.0000 24.0141
24.0000 24.1482
24.0000 25.3815
24.0000 24.1550
24.0000 24.4799
24.0000 23.6088
24.0000 24.2164
24.0000 24.4356
24.0000 23.2179
24.0000 23.7652
24.0000 24.4944
24.0000 24.3793
24.0000 24.4650
24.0000 24.1698
24.0000 24.1227
24.0000 23.6741
24.0000 23.7797
24.0000 24.0645
24.0000 24.4062
24.0000 23.2467
24.0000 23.7497
24.0000 24.3626
24.0000 24.1995
24.0000 24.0777
24.0000 23.3488
24.0000 23.8298
24.0000 23.1859
24.0000 23.5530
24.0000 23.6638
24.0000 23.7760
24.0000 23.9827
24.0000 24.2020
24.0000 23.8375
24.0000 24.0081
24.0000 24.5630
24.0000 24.5223
24.0000 23.9410
24.0000 23.7137
24.0000 23.7965
24.0000 23.3247
24.0000 23.7072
24.0000 23.7011
24.0000 23.6843
24.0000 24.1085
24.0000 24.8022
24.0000 24.2111
24.0000 24.2592
24.0000 25.0618
24.0000 23.7372
24.0000 26.4000
24.0000 23.5802
24.0000 24.3556
24.0000 23.7008
24.0000 24.0361
24.0000 24.0068
24.0000 23.8179
24.0000 24.1400
24.0000 24.0939
24.0000 24.1774
24.0000 24.5877
24.0000 23.7338
24.0000 24.4449
24.0000 24.2133
24.0000 23.4953
24.0000 23.5199
24.0000 23.3201
24.0000 23.6529
24.0000 24.3371
24.0000 24.6773
24.0000 23.2722
24.0000 24.8110
24.0000 23.1493
24.0000 24.1106
24.0000 24.3776
24.0000 24.4336
24.0000 24.7039
24.0000 24.0062
24.0000 24.8440
24.0000 23.6566
24.0000 23.8303
24.0000 24.1327
24.0000 24.3869
24.0000 23.9067
24.0000 24.3730
24.0000 24.6861
24.0000 23.7030
24.0000 23.9571
24.0000 24.5015
24.0000 24.2100
24.0000 22.6527
24.0000 24.8928
24.0000 23.5214
24.0000 24.3166
24.0000 24.3525
24.0000 24.4980
24.0000 23.7415
24.0000 24.4711
24.0000 24.4603
24.0000 24.5428
24.0000 24.2122
24.0000 24.2914
24.0000 24.3597
24.0000 23.2909
24.0000 25.1593
24.0000 24.3704
24.0000 23.8717
24.0000 22.9094
24.0000 24.1320
24.0000 24.1549
24.0000 24.5620
24.0000 23.5832
24.0000 23.4258
24.0000 23.0580
24.0000 24.2433
24.0000 23.8289
24.0000 23.6286
24.0000 24.8911
24.0000 25.3295
24.0000 23.4730
24.0000 23.2082
24.0000 24.1265
24.0000 24.3278
24.0000 24.2201
24.0000 24.1530
24.0000 24.8934
24.0000 24.4363
24.0000 23.6828
24.0000 23.6563
24.0000 23.3785
24.0000 24.2735
24.0000 24.4030
24.0000 24.1667
24.0000 23.8556
24.0000 23.7337
24.0000 24.8022
24.0000 23.5941
24.0000 24.5002
24.0000 23.5915
24.0000 23.8040
24.0000 24.6374
24.0000 24.7647
24.0000 24.7903
24.0000 23.4573
24.0000 24.5296
24.0000 24.6262
24.0000 23.6519
24.0000 24.0738
24.0000 24.0579
24.0000 24.1487
24.0000 23.4715
24.0000 25.3199
24.0000 23.8124
24.0000 24.3816
24.0000 23.4317
24.0000 23.5265
24.0000 24.4673
24.0000 24.3012
24.0000 24.2462
24.0000 23.4471
24.0000 24.4942
24.0000 24.9340
24.0000 24.0116
24.0000 23.9964
24.0000 24.7309
24.0000 22.8595
24.0000 23.1205
24.0000 25.1950
24.0000 24.3248
24.0000 24.5826
24.0000 24.0978
24.0000 23.8972
24.0000 24.7907
24.0000 23.2792
24.0000 24.2600
24.0000 24.9631
24.0000 24.1000
24.0000 23.8881
24.0000 23.7030
24.0000 23.2362
24.0000 22.8774
24.0000 24.1018
24.0000 25.0869
24.0000 23.4138
24.0000 23.8472
24.0000 23.7276
24.0000 23.8264
24.0000 24.5392
24.0000 24.1804
24.0000 24.5899
24.0000 24.5433
24.0000 24.7168
24.0000 24.0809
24.0000 23.1045
24.0000 23.3545
24.0000 23.5104
24.0000 24.2413
24.0000 23.8333
24.0000 23.6612
24.0000 23.6271
24.0000 23.8929
24.0000 25.0973
24.0000 24.1960
24.0000 23.7771
24.0000 23.3783
24.0000 23.2458
24.0000 25.0118
24.0000 23.9414
24.0000 24.7508
24.0000 23.5345
24.0000 24.0097
24.0000 24.3384
24.0000 25.2890
24.0000 24.4035
24.0000 24.1884
24.0000 24.1616
24.0000 23.6611
24.0000 24.3194
24.0000 24.0412
24.0000 23.8502
24.0000 24.0966
