4.0000 4.0810
4.0000 4.5621
4.0000 4.2522
4.0000 4.7353
4.0000 4.6792
4.0000 4.6537
4.0000 4.5981
4.0000 5.6155
4.0000 5.4278
4.0000 4.7791
4.0000 4.2120
4.0000 4.7444
4.0000 5.4181
4.0000 5.2913
4.0000 4.3415
4.0000 3.7979
4.0000 5.3417
4.0000 4.1405
4.0000 5.4951
4.0000 5.0100
4.0000 4.5860
4.0000 5.1259
4.0000 4.9430
4.0000 4.6151
4.0000 4.8823
4.0000 5.3590
4.0000 4.6143
4.0000 5.8094
4.0000 5.1848
4.0000 5.2511
4.0000 4.3386
4.0000 4.5936
4.0000 3.9614
4.0000 4.5914
4.0000 4.4527
4.0000 4.7784
4.0000 4.9054
4.0000 4.9468
4.0000 5.8861
4.0000 5.4044
4.0000 4.6686
4.0000 4.5473
4.0000 4.7938
4.0000 5.6435
4.0000 3.5252
4.0000 4.0039
4.0000 4.9629
4.0000 4.0609
4.0000 5.3111
4.0000 4.0219
4.0000 5.0035
4.0000 4.7413
4.0000 4.2563
4.0000 4.1949
4.0000 5.1262
4.0000 4.9627
4.0000 4.8477
4.0000 5.5829
4.0000 4.9419
4.0000 4.3740
4.0000 4.3111
4.0000 4.2670
4.0000 5.1305
4.0000 5.5685
4.0000 4.5892
4.0000 4.5763
4.0000 4.7034
4.0000 4.0565
4.0000 4.5999
4.0000 4.8955
4.0000 5.5432
4.0000 4.8763
4.0000 5.4413
4.0000 4.7030
4.0000 5.6025
4.0000 5.0013
4.0000 4.4220
4.0000 5.1527
4.0000 5.0526
4.0000 5.0713
4.0000 4.8325
4.0000 3.7588
4.0000 4.7306
4.0000 5.1026
4.0000 4.2359
4.0000 4.3265
4.0000 3.5573
4.0000 5.4046
4.0000 4.2750
4.0000 4.8631
4.0000 4.8889
4.0000 5.6707
4.0000 3.4177
4.0000 5.5940
4.0000 4.9811
4.0000 4.6674
4.0000 4.1086
4.0000 4.4156
4.0000 4.8144
4.0000 4.1935
4.0000 5.4772
4.0000 4.7944
4.0000 3.8418
4.0000 4.1339
4.0000 4.8227
4.0000 5.0606
4.0000 4.2942
4.0000 4.7711
4.0000 4.8075
4.0000 4.7725
4.0000 3.2056
4.0000 4.9212
4.0000 5.4648
4.0000 4.5011
4.0000 4.7462
4.0000 6.3503
4.0000 4.6991
4.0000 4.8862
4.0000 4.4491
4.0000 5.2190
4.0000 4.6129
4.0000 5.2864
4.0000 5.0857
4.0000 4.3641
4.0000 3.9907
4.0000 4.1696
4.0000 4.8815
4.0000 4.4508
4.0000 6.2487
4.0000 4.3147
4.0000 4.1538
4.0000 5.5352
4.0000 6.0316
4.0000 4.8849
4.0000 4.1387
4.0000 7.0406
4.0000 4.1015
4.0000 4.8891
4.0000 5.4406
4.0000 4.0243
4.0000 4.8931
4.0000 4.4284
4.0000 4.1920
4.0000 4.8186
4.0000 5.7124
4.0000 5.0330
4.0000 4.2806
4.0000 4.8064
4.0000 4.5601
4.0000 4.5321
4.0000 4.9189
4.0000 4.3399
4.0000 3.4460
4.0000 4.7487
4.0000 4.3949
4.0000 4.7933
4.0000 4.4354
4.0000 4.5494
4.0000 5.1271
4.0000 5.2193
4.0000 5.1649
4.0000 5.2100
4.0000 5.7211
4.0000 4.7457
4.0000 5.0467
4.0000 6.0037
4.0000 4.9423
4.0000 4.1446
4.0000 4.5365
4.0000 5.4945
4.0000 5.1390
4.0000 3.8260
4.0000 4.3581
4.0000 6.3128
4.0000 4.2988
4.0000 5.0718
4.0000 4.8400
4.0000 5.5749
4.0000 4.1324
4.0000 4.8210
4.0000 4.9633
4.0000 5.1125
4.0000 5.0666
4.0000 5.6504
4.0000 5.1899
4.0000 4.6977
4.0000 5.3884
4.0000 4.3989
4.0000 4.3709
4.0000 4.1848
4.0000 5.2297
4.0000 4.3358
4.0000 3.5964
4.0000 5.4662
4.0000 4.3636
4.0000 5.8008
4.0000 5.7738
4.0000 4.7376
4.0000 3.9084
4.0000 5.5247
4.0000 3.5854
4.0000 4.3932
4.0000 4.3262
4.0000 4.7742
4.0000 5.2233
4.0000 5.3954
4.0000 5.3489
4.0000 3.9037
4.0000 5.0248
4.0000 5.1936
4.0000 5.0062
4.0000 3.7485
4.0000 4.1574
4.0000 3.9809
4.0000 4.9016
4.0000 5.2642
4.0000 4.9097
4.0000 4.9770
4.0000 4.7437
4.0000 4.0164
4.0000 4.0311
4.0000 4.3089
4.0000 4.8946
4.0000 4.9945
4.0000 3.8954
4.0000 4.6019
4.0000 5.2206
4.0000 4.8033
4.0000 5.4526
4.0000 4.3513
4.0000 5.3407
4.0000 4.6795
4.0000 4.2205
4.0000 5.4665
4.0000 5.3188
4.0000 4.1204
4.0000 5.6538
4.0000 4.5979
4.0000 5.5713
4.0000 4.2604
4.0000 4.4048
4.0000 4.1895
4.0000 5.8184
4.0000 5.1336
4.0000 5.1287
4.0000 5.6188
4.0000 5.1214
4.0000 5.2934
4.0000 5.2218
4.0000 4.4472
4.0000 5.0558
4.0000 4.9968
4.0000 5.1969
4.0000 4.6020
4.0000 4.5652
4.0000 4.3426
4.0000 4.4537
4.0000 4.3159
4.0000 3.9931
4.0000 5.3567
4.0000 4.5801
4.0000 4.2847
4.0000 4.3761
4.0000 4.9174
4.0000 5.8389
4.0000 5.4525
4.0000 4.9046
4.0000 5.2833
4.0000 3.2162
4.0000 6.3986
4.0000 5.0547
4.0000 4.7225
4.0000 4.9782
4.0000 4.9362
4.0000 4.5514
4.0000 3.8741
4.0000 4.1305
4.0000 5.2855
4.0000 4.7182
4.0000 4.1649
4.0000 4.7850
4.0000 3.7596
4.0000 5.1701
4.0000 5.0423
4.0000 4.7710
4.0000 4.8904
4.0000 4.2303
4.0000 4.0010
4.0000 4.0513
4.0000 5.1264
4.0000 5.0719
4.0000 5.1321
4.0000 4.0304
4.0000 5.1916
4.0000 3.9074
4.0000 6.9787
4.0000 5.0065
4.0000 5.8209
4.0000 4.5165
4.0000 4.2353
4.0000 4.1354
4.0000 5.0536
4.0000 4.1426
4.0000 5.3342
4.0000 5.1912
4.0000 4.4692
4.0000 4.2077
4.0000 4.8679
4.0000 3.9900
4.0000 4.3992
4.0000 4.1991
4.0000 4.6217
4.0000 3.7366
4.0000 4.0803
4.0000 4.9737
4.0000 4.9657
4.0000 5.1471
4.0000 4.9797
4.0000 4.8777
4.0000 4.4959
4.0000 4.2892
4.0000 4.9782
4.0000 4.4509
4.0000 5.3244
4.0000 5.0148
4.0000 4.9550
4.0000 3.9122
4.0000 4.6733
4.0000 3.3368
4.0000 4.9023
4.0000 4.4187
4.0000 4.6424
4.0000 5.0605
4.0000 3.8438
4.0000 4.6805
4.0000 4.2743
4.0000 5.9190
4.0000 5.0972
4.0000 5.1713
4.0000 4.7252
4.0000 5.4931
4.0000 5.8400
4.0000 4.6791
4.0000 4.3870
4.0000 4.4255
4.0000 4.6415
4.0000 4.9898
4.0000 4.4705
4.0000 3.7339
4.0000 5.0448
4.0000 4.9843
4.0000 4.7280
4.0000 4.4877
4.0000 6.0455
4.0000 4.5410
4.0000 3.5381
4.0000 5.1765
4.0000 5.4803
4.0000 4.6902
4.0000 5.4203
4.0000 4.0057
4.0000 4.5628
4.0000 4.6831
4.0000 4.2018
4.0000 5.1743
4.0000 4.1437
4.0000 6.1884
4.0000 5.2597
4.0000 4.7087
4.0000 5.0902
4.0000 4.5697
4.0000 3.9115
4.0000 4.9880
4.0000 5.4588
4.0000 4.9302
4.0000 4.3057
4.0000 4.5212
4.0000 4.5343
4.0000 4.2270
4.0000 5.6311
4.0000 4.6197
4.0000 4.1247
4.0000 4.4007
4.0000 5.6970
4.0000 4.8626
4.0000 5.0676
4.0000 4.3756
4.0000 3.3439
4.0000 4.7928
4.0000 4.9366
4.0000 4.0033
4.0000 4.9711
4.0000 3.8042
4.0000 4.3544
4.0000 4.8097
4.0000 4.7815
4.0000 5.1412
4.0000 3.8399
4.0000 4.4306
4.0000 5.1467
4.0000 4.4133
4.0000 4.1827
4.0000 4.3726
4.0000 4.2642
4.0000 5.2079
4.0000 4.2297
4.0000 4.3358
4.0000 4.4253
4.0000 5.4653
4.0000 3.9129
4.0000 5.1453
4.0000 4.3164
4.0000 5.0452
4.0000 4.0008
4.0000 4.7040
4.0000 4.9384
4.0000 4.2026
4.0000 4.8223
4.0000 5.1851
4.0000 5.3632
4.0000 3.9782
4.0000 5.3331
4.0000 4.4321
4.0000 4.5986
4.0000 4.8182
4.0000 5.0251
4.0000 5.2172
4.0000 5.5349
4.0000 4.5069
4.0000 5.6415
4.0000 4.7957
4.0000 4.2572
4.0000 4.6570
4.0000 5.6907
4.0000 5.4845
4.0000 4.4980
4.0000 5.0156
4.0000 4.2375
4.0000 4.9814
4.0000 4.1812
4.0000 5.0273
4.0000 4.7814
4.0000 4.6933
4.0000 5.0362
4.0000 4.2960
4.0000 3.7684
4.0000 4.1354
4.0000 5.4979
4.0000 4.9459
4.0000 4.9999
4.0000 5.4308
4.0000 5.0006
4.0000 5.2154
4.0000 4.3688
4.0000 5.1077
4.0000 5.0538
4.0000 4.2853
4.0000 4.2601
4.0000 4.4461
4.0000 4.6848
4.0000 4.2336
4.0000 4.4565
4.0000 5.3495
4.0000 5.8932
4.0000 5.4543
4.0000 4.8406
4.0000 4.4903
4.0000 4.4970
4.0000 5.4740
4.0000 4.6927
4.0000 4.9764
4.0000 4.6969
4.0000 4.4808
4.0000 4.8771
4.0000 4.2627
4.0000 4.3684
4.0000 4.8092
4.0000 5.2408
4.0000 4.7922
4.0000 4.8370
4.0000 5.1920
4.0000 5.5074
4.0000 4.7571
4.0000 4.7784
4.0000 5.5614
4.0000 4.9606
4.0000 3.4012
4.0000 4.0366
4.0000 4.3321
4.0000 3.9156
4.0000 5.4347
4.0000 5.1760
4.0000 5.2065
4.0000 4.8509
4.0000 6.7424
4.0000 4.6058
4.0000 4.9228
4.0000 4.7463
4.0000 5.0114
4.0000 4.2300
4.0000 4.1040
4.0000 5.7939
4.0000 5.0621
4.0000 4.4778
4.0000 5.6018
4.0000 4.1133
4.0000 5.2633
4.0000 4.1739
4.0000 5.0098
4.0000 5.1353
4.0000 5.5577
4.0000 4.4508
4.0000 4.5216
4.0000 4.4897
4.0000 4.7408
4.0000 4.1025
4.0000 5.1536
4.0000 4.3508
4.0000 4.6542
4.0000 4.7769
4.0000 4.3522
4.0000 5.1789
4.0000 5.2686
4.0000 3.9680
4.0000 4.0304
4.0000 4.0857
4.0000 4.7012
4.0000 4.8296
4.0000 4.9411
4.0000 4.6682
4.0000 4.7429
4.0000 4.7819
4.0000 5.7151
4.0000 4.2084
4.0000 5.1810
4.0000 4.3264
4.0000 4.6290
4.0000 3.3732
4.0000 4.7333
4.0000 4.2406
4.0000 5.9351
4.0000 4.6187
4.0000 4.6753
4.0000 4.8743
4.0000 4.5041
4.0000 3.9852
4.0000 5.8143
4.0000 4.5681
4.0000 4.1311
4.0000 4.6558
4.0000 4.3851
4.0000 4.1666
4.0000 5.4890
4.0000 4.9242
4.0000 4.6339
4.0000 5.4368
4.0000 4.4853
4.0000 4.7145
4.0000 4.8999
4.0000 5.0652
4.0000 5.6896
4.0000 5.0482
4.0000 4.7433
4.0000 4.9671
4.0000 4.7149
4.0000 4.8908
4.0000 4.9373
4.0000 4.7798
4.0000 5.1437
4.0000 4.4463
4.0000 5.3695
4.0000 4.4730
4.0000 4.9410
4.0000 4.1006
4.0000 4.1587
4.0000 3.7618
4.0000 4.1838
4.0000 4.5903
4.0000 4.8640
4.0000 5.2141
4.0000 4.6123
4.0000 5.4898
4.0000 4.5767
4.0000 4.5136
4.0000 4.7134
4.0000 4.8188
4.0000 4.7938
4.0000 4.3930
4.0000 4.2880
4.0000 4.4251
4.0000 5.0680
4.0000 6.4379
4.0000 4.7516
4.0000 5.0501
4.0000 5.0293
4.0000 4.8166
4.0000 5.4966
4.0000 4.4942
4.0000 4.3158
4.0000 4.1110
4.0000 4.3133
4.0000 3.8454
4.0000 3.7795
4.0000 4.8380
4.0000 4.3104
4.0000 5.0417
4.0000 4.9476
4.0000 4.0018
4.0000 5.0787
4.0000 5.4591
4.0000 4.3473
4.0000 4.8668
4.0000 5.0370
4.0000 4.0248
4.0000 4.0831
4.0000 4.1628
4.0000 5.1712
4.0000 3.6755
4.0000 4.3938
4.0000 4.1281
4.0000 4.5086
4.0000 4.3037
4.0000 3.4593
4.0000 3.7325
4.0000 4.5308
4.0000 5.3969
4.0000 5.4823
4.0000 4.8486
4.0000 4.4727
4.0000 3.8337
4.0000 6.6745
4.0000 5.2697
4.0000 4.4575
4.0000 5.2393
4.0000 5.0090
4.0000 4.9728
4.0000 4.8225
4.0000 4.5609
4.0000 5.3416
4.0000 4.9196
4.0000 4.5860
4.0000 4.2214
4.0000 5.4554
4.0000 4.2470
4.0000 4.5269
4.0000 4.6706
4.0000 4.3104
4.0000 4.2240
4.0000 4.4874
4.0000 4.1912
4.0000 5.1628
4.0000 3.9900
4.0000 4.7314
4.0000 4.7966
4.0000 4.9403
4.0000 4.6926
4.0000 4.3161
4.0000 4.9892
4.0000 4.9479
4.0000 5.1396
4.0000 4.4811
4.0000 4.8257
4.0000 4.4491
4.0000 4.1553
4.0000 4.2370
4.0000 5.3218
4.0000 4.4176
4.0000 4.1929
4.0000 4.7827
4.0000 4.8030
4.0000 4.3875
4.0000 4.7503
4.0000 4.4733
4.0000 4.8642
4.0000 3.7980
4.0000 5.2693
4.0000 4.9713
4.0000 4.8577
4.0000 4.4410
4.0000 5.7904
4.0000 4.1866
4.0000 5.1799
4.0000 5.0776
4.0000 4.4128
4.0000 4.3412
4.0000 4.9474
4.0000 5.6493
4.0000 4.4012
4.0000 4.1613
4.0000 4.2545
4.0000 3.6501
4.0000 4.1503
4.0000 5.1964
4.0000 5.3155
4.0000 5.0206
4.0000 4.4988
4.0000 5.3666
4.0000 4.7720
4.0000 4.7025
4.0000 5.9626
4.0000 4.6743
4.0000 4.3035
4.0000 3.8234
4.0000 4.9414
4.0000 4.6504
4.0000 5.2198
4.0000 4.2363
4.0000 4.6035
4.0000 5.1249
4.0000 3.8545
4.0000 4.9253
4.0000 3.9610
4.0000 4.3477
4.0000 5.6813
4.0000 4.8293
4.0000 4.9730
4.0000 4.7668
4.0000 4.7909
4.0000 4.6216
4.0000 4.5331
4.0000 4.5083
4.0000 4.9731
4.0000 6.1579
4.0000 4.9816
4.0000 5.5445
4.0000 4.6307
4.0000 4.3828
4.0000 3.5744
4.0000 6.1085
4.0000 4.4043
4.0000 4.0700
4.0000 5.1220
4.0000 4.1339
4.0000 4.6535
4.0000 4.3616
4.0000 4.5795
4.0000 4.9156
4.0000 4.0632
4.0000 4.7906
4.0000 5.2843
4.0000 4.7529
4.0000 4.6118
4.0000 6.9932
4.0000 5.1278
4.0000 4.8078
4.0000 4.8972
4.0000 4.5457
4.0000 4.5188
4.0000 5.3427
4.0000 6.1793
4.0000 4.9426
4.0000 3.8505
4.0000 4.4892
4.0000 3.8112
4.0000 4.2041
4.0000 5.4333
4.0000 4.3255
4.0000 4.7764
4.0000 5.1209
4.0000 5.0425
4.0000 4.6252
4.0000 4.2342
4.0000 4.0850
4.0000 5.4760
4.0000 5.0785
4.0000 4.2390
4.0000 5.2596
4.0000 5.4389
4.0000 5.0950
4.0000 5.1902
4.0000 4.4548
4.0000 4.5066
4.0000 5.2149
4.0000 5.2811
4.0000 4.6632
4.0000 4.6460
4.0000 5.0001
4.0000 4.7688
4.0000 4.6635
4.0000 4.6304
4.0000 4.7360
4.0000 4.5126
4.0000 5.4066
4.0000 5.0088
4.0000 4.5346
4.0000 4.8637
4.0000 4.5207
4.0000 5.9044
4.0000 4.3636
4.0000 4.7359
4.0000 5.0923
4.0000 3.9956
4.0000 4.5088
4.0000 6.1845
4.0000 4.4256
4.0000 4.3084
4.0000 4.8021
4.0000 4.3555
4.0000 4.4461
4.0000 4.8594
4.0000 4.5308
4.0000 4.6588
4.0000 4.5050
4.0000 4.5948
4.0000 3.7910
4.0000 5.1499
4.0000 5.1451
4.0000 4.5129
4.0000 5.2134
4.0000 3.9328
4.0000 4.8876
4.0000 5.2650
4.0000 5.4622
4.0000 3.8915
4.0000 4.3515
4.0000 4.2378
4.0000 4.8770
4.0000 4.9160
4.0000 5.1130
4.0000 5.2620
4.0000 5.0824
4.0000 4.9326
4.0000 4.4407
4.0000 4.4105
4.0000 4.2107
4.0000 4.9523
4.0000 5.5480
4.0000 5.9066
4.0000 4.1852
4.0000 4.9355
4.0000 4.6101
4.0000 5.6753
4.0000 4.7936
4.0000 4.2419
4.0000 5.4150
4.0000 5.7264
4.0000 4.6506
4.0000 4.1315
4.0000 4.8239
4.0000 5.0970
4.0000 5.0796
4.0000 4.1412
4.0000 4.4045
4.0000 4.9515
4.0000 4.2092
4.0000 5.9342
4.0000 4.4512
4.0000 3.9809
4.0000 5.0234
4.0000 5.1131
4.0000 5.4660
4.0000 4.5857
4.0000 5.0937
4.0000 5.8163
4.0000 5.5409
4.0000 5.7036
4.0000 4.3379
4.0000 4.9814
4.0000 4.8775
4.0000 4.6936
4.0000 4.0947
4.0000 5.9311
4.0000 4.4464
4.0000 4.9301
4.0000 5.0450
4.0000 4.0471
4.0000 4.5842
4.0000 4.0526
4.0000 4.3196
4.0000 5.2063
4.0000 4.1612
4.0000 4.6937
4.0000 5.5345
4.0000 4.4065
4.0000 5.7904
4.0000 5.2305
4.0000 3.6095
4.0000 4.7276
4.0000 4.8854
4.0000 4.9336
4.0000 5.0501
4.0000 4.5775
4.0000 3.5449
4.0000 4.8406
4.0000 4.8998
4.0000 5.2339
4.0000 5.1096
4.0000 5.1273
4.0000 5.5587
4.0000 4.5891
4.0000 4.5405
4.0000 4.8306
4.0000 3.7768
4.0000 3.9290
4.0000 4.9351
4.0000 4.7677
4.0000 3.3367
4.0000 4.5342
4.0000 5.1721
4.0000 4.9969
4.0000 4.1643
4.0000 4.5057
4.0000 4.2193
4.0000 4.8200
4.0000 4.3736
4.0000 4.1535
4.0000 4.2945
4.0000 4.8062
4.0000 4.6867
4.0000 5.5616
4.0000 4.4227
4.0000 4.9849
4.0000 4.6675
4.0000 3.8764
4.0000 3.6010
4.0000 4.9824
4.0000 3.4964
4.0000 3.6981
4.0000 5.2792
4.0000 3.4066
4.0000 5.0530
4.0000 4.5899
4.0000 3.9934
4.0000 4.3622
4.0000 4.8420
4.0000 4.0919
4.0000 4.2669
4.0000 4.1756
4.0000 4.5506
4.0000 4.9707
4.0000 5.4229
4.0000 4.4805
4.0000 4.6328
4.0000 4.9288
4.0000 3.9471
4.0000 4.9176
4.0000 4.1127
4.0000 4.3158
4.0000 3.7301
4.0000 5.5242
4.0000 4.5940
4.0000 4.2293
4.0000 4.6260
4.0000 3.9643
4.0000 6.0539
4.0000 4.7652
4.0000 4.2700
4.0000 4.8015
4.0000 4.5276
4.0000 5.0134
4.0000 5.5975
4.0000 4.3848
4.0000 5.2505
4.0000 3.9124
4.0000 4.5207
4.0000 3.8512
4.0000 4.3202
4.0000 5.2831
4.0000 5.0942
4.0000 6.0147
4.0000 5.4284
4.0000 4.0199
4.0000 4.5284
4.0000 4.6987
4.0000 4.9374
4.0000 4.7211
4.0000 5.2997
4.0000 4.4319
4.0000 5.0344
4.0000 4.4008
4.0000 4.4307
4.0000 3.6307
4.0000 5.1205
4.0000 4.0765
4.0000 4.7832
4.0000 4.7064
4.0000 5.6162
4.0000 4.4243
4.0000 4.9606
4.0000 4.1335
4.0000 5.0388
4.0000 5.1221
4.0000 4.5094
4.0000 5.0806
4.0000 5.2007
4.0000 4.7057
4.0000 5.1300
4.0000 4.3549
4.0000 6.1746
4.0000 4.9256
4.0000 4.7253
4.0000 4.8156
4.0000 4.7260
4.0000 5.6920
4.0000 4.7839
4.0000 5.4302
4.0000 6.2147
4.0000 5.6690
4.0000 4.4559
4.0000 4.9439
4.0000 4.6562
4.0000 5.6965
4.0000 4.0848
4.0000 4.8889
4.0000 5.3174
4.0000 5.1567
4.0000 5.0845
4.0000 4.4329
4.0000 4.4754
4.0000 3.6146
4.0000 4.9342
4.0000 4.7334
4.0000 5.0695
4.0000 4.7153
4.0000 4.8893
4.0000 4.1031
4.0000 4.0945
4.0000 4.6918
4.0000 4.4236
4.0000 4.5385
4.0000 4.7572
4.0000 4.7203
4.0000 4.8032
4.0000 4.2478
4.0000 4.2834
4.0000 4.9178
4.0000 5.0282
4.0000 5.8472
4.0000 3.9827
4.0000 4.1837
4.0000 5.1550
4.0000 5.1126
4.0000 4.1984
4.0000 4.8610
4.0000 4.2306
4.0000 4.0119
4.0000 4.6214
4.0000 5.0141
4.0000 4.9902
4.0000 4.8151
4.0000 4.2989
4.0000 3.9045
4.0000 5.7582
4.0000 6.0614
4.0000 4.5907
4.0000 4.4861
4.0000 4.4493
4.0000 5.7430
4.0000 5.9058
4.0000 4.7251
4.0000 5.6552
4.0000 4.5730
4.0000 4.3813
4.0000 5.1715
4.0000 4.3647
4.0000 4.6605
4.0000 4.2509
4.0000 4.3399
4.0000 4.5584
4.0000 4.5828
4.0000 4.6071
4.0000 4.8437
4.0000 4.6652
4.0000 4.8663
4.0000 4.6800
4.0000 5.1731
4.0000 4.5776
4.0000 3.9011
4.0000 5.0145
4.0000 4.5827
4.0000 4.5547
4.0000 4.6097
4.0000 4.8058
4.0000 4.9694
4.0000 4.1720
4.0000 4.8421
4.0000 4.5568
4.0000 5.8704
4.0000 4.4535
4.0000 4.8223
4.0000 4.7693
4.0000 4.9699
4.0000 4.8968
4.0000 4.7819
4.0000 6.4402
4.0000 5.4602
4.0000 6.0183
4.0000 4.1638
4.0000 4.4466
4.0000 4.6449
4.0000 5.6129
4.0000 4.7919
4.0000 5.2582
4.0000 4.9301
4.0000 5.4310
4.0000 5.0251
4.0000 5.4986
4.0000 5.0554
4.0000 4.8370
4.0000 5.5741
4.0000 5.1637
4.0000 4.8320
4.0000 4.0888
4.0000 4.4669
4.0000 5.3103
4.0000 4.8359
4.0000 4.0887
4.0000 4.3616
4.0000 5.2448
4.0000 4.0550
4.0000 4.5029
4.0000 5.3196
4.0000 4.6936
4.0000 5.0358
4.0000 5.2925
4.0000 5.7028
4.0000 5.4520
4.0000 5.4931
4.0000 4.7344
4.0000 4.3111
4.0000 4.7486
4.0000 5.4955
4.0000 4.9317
4.0000 5.1609
4.0000 5.0005
4.0000 4.9361
4.0000 4.1836
4.0000 5.3054
4.0000 4.2617
4.0000 4.6628
4.0000 5.1074
4.0000 4.7276
4.0000 4.1630
4.0000 5.1140
4.0000 4.3267
4.0000 4.2783
4.0000 4.6249
4.0000 3.7328
4.0000 4.0763
4.0000 4.6348
4.0000 4.0927
4.0000 5.0024
4.0000 5.5049
4.0000 4.6688
4.0000 4.5133
4.0000 5.0532
4.0000 4.9847
4.0000 5.3584
4.0000 4.0503
4.0000 4.3247
4.0000 4.6602
4.0000 4.9207
4.0000 4.5294
4.0000 4.9425
4.0000 3.7885
4.0000 4.3711
4.0000 4.0709
4.0000 4.2851
4.0000 4.8970
4.0000 4.5737
4.0000 3.2693
4.0000 3.7637
4.0000 5.1141
4.0000 4.2873
4.0000 4.7873
4.0000 4.9720
4.0000 4.4784
4.0000 4.5520
4.0000 4.9441
4.0000 5.4953
4.0000 4.6914
4.0000 4.3374
4.0000 4.8846
4.0000 4.9613
4.0000 4.5753
4.0000 3.8247
4.0000 3.9587
4.0000 4.2252
4.0000 4.7524
4.0000 4.7328
4.0000 4.9835
4.0000 3.1500
4.0000 5.7704
4.0000 5.8636
4.0000 4.8241
4.0000 5.1608
4.0000 4.0170
4.0000 4.1454
4.0000 4.6518
4.0000 5.3540
4.0000 5.5318
4.0000 5.4726
4.0000 4.7630
4.0000 5.9364
4.0000 5.0926
4.0000 5.5182
4.0000 4.6609
4.0000 4.9437
4.0000 4.6094
4.0000 4.8138
4.0000 4.9202
4.0000 4.7697
4.0000 4.3903
4.0000 5.1885
4.0000 4.1909
4.0000 5.3636
4.0000 4.6675
4.0000 3.1502
4.0000 4.0328
4.0000 4.1687
4.0000 4.3028
4.0000 3.7246
4.0000 4.1890
4.0000 4.6371
4.0000 4.2810
4.0000 5.4716
4.0000 4.0755
4.0000 5.1851
4.0000 5.6822
4.0000 4.8664
4.0000 4.9701
4.0000 4.4566
4.0000 4.7793
4.0000 5.3308
4.0000 4.5465
4.0000 3.6287
4.0000 4.4445
4.0000 4.4871
4.0000 4.4601
4.0000 4.3273
4.0000 4.7503
4.0000 4.3648
4.0000 4.2009
4.0000 4.8164
4.0000 5.0165
4.0000 4.8206
4.0000 4.7550
4.0000 4.7061
4.0000 4.6447
4.0000 4.6914
4.0000 4.4624
4.0000 5.2122
4.0000 3.8419
4.0000 4.1062
4.0000 4.9785
4.0000 4.8780
4.0000 3.6332
4.0000 4.3221
4.0000 5.1778
4.0000 4.8436
4.0000 5.2404
4.0000 4.0248
4.0000 5.0842
4.0000 5.1450
4.0000 5.3025
4.0000 3.4465
4.0000 4.2251
4.0000 5.3267
4.0000 4.6390
4.0000 5.0097
4.0000 4.3819
4.0000 4.9969
4.0000 5.4903
4.0000 4.7034
4.0000 4.4235
4.0000 5.4170
4.0000 5.0560
4.0000 3.9257
4.0000 4.1031
4.0000 5.0552
4.0000 4.5430
4.0000 4.2808
4.0000 3.8260
4.0000 5.2060
4.0000 4.8929
4.0000 5.1812
4.0000 4.5535
4.0000 5.9264
4.0000 4.9177
4.0000 4.3666
4.0000 4.6897
4.0000 4.8544
4.0000 4.5413
4.0000 3.7455
4.0000 5.2449
4.0000 5.2150
4.0000 5.3284
4.0000 4.3924
4.0000 5.5942
4.0000 5.5795
4.0000 4.5177
4.0000 4.3986
4.0000 4.4575
4.0000 5.9775
4.0000 4.8807
4.0000 5.0710
4.0000 5.5983
4.0000 4.4873
4.0000 4.6133
4.0000 4.8558
4.0000 4.7134
4.0000 4.9658
4.0000 4.6494
4.0000 5.8819
4.0000 5.1757
4.0000 4.2569
4.0000 4.6798
4.0000 5.0337
4.0000 3.9805
4.0000 4.2733
4.0000 4.6083
4.0000 3.9429
4.0000 5.8980
4.0000 5.5712
4.0000 4.5000
4.0000 4.5815
4.0000 4.2794
4.0000 5.3747
4.0000 5.3718
4.0000 4.9848
4.0000 5.6595
4.0000 5.2411
4.0000 3.9235
4.0000 5.1928
4.0000 5.1057
4.0000 4.8704
4.0000 4.8240
4.0000 4.5789
4.0000 4.1951
4.0000 4.9375
4.0000 5.1808
4.0000 4.7121
4.0000 4.9416
4.0000 3.8507
4.0000 4.9431
4.0000 4.2537
4.0000 4.0855
4.0000 4.5562
4.0000 4.9910
4.0000 3.7086
4.0000 4.3397
4.0000 4.5959
4.0000 4.8802
4.0000 4.0536
4.0000 4.1096
4.0000 5.9355
4.0000 4.6388
4.0000 3.6658
4.0000 4.9967
4.0000 4.7043
4.0000 4.9984
4.0000 4.1367
4.0000 5.2227
4.0000 4.7321
4.0000 4.5268
4.0000 5.6647
4.0000 3.9397
4.0000 4.8635
4.0000 5.4648
4.0000 3.8141
4.0000 4.8377
4.0000 4.5241
4.0000 3.6311
4.0000 4.1400
4.0000 4.0994
4.0000 4.2526
4.0000 4.9946
4.0000 5.0095
4.0000 4.6050
4.0000 4.4404
4.0000 4.1627
4.0000 4.8059
4.0000 4.5487
4.0000 4.7979
4.0000 5.2107
4.0000 4.3819
4.0000 4.6008
4.0000 4.0746
4.0000 4.4005
4.0000 5.2397
4.0000 4.8332
4.0000 3.9947
4.0000 5.3257
4.0000 5.2659
4.0000 5.7220
4.0000 5.2486
4.0000 4.4855
4.0000 3.7682
4.0000 4.5457
4.0000 5.5619
4.0000 4.9403
4.0000 4.7094
4.0000 4.9923
4.0000 4.8403
4.0000 4.3620
4.0000 5.2482
4.0000 4.8967
4.0000 4.3046
4.0000 3.9103
4.0000 5.0681
4.0000 4.8827
4.0000 5.1032
4.0000 3.3005
4.0000 4.3918
4.0000 4.3046
4.0000 4.1280
4.0000 5.2087
4.0000 5.4925
4.0000 4.7812
4.0000 4.5876
4.0000 4.9528
4.0000 3.9246
4.0000 5.3911
4.0000 4.1274
4.0000 5.2994
4.0000 4.5098
4.0000 6.3604
4.0000 4.7595
4.0000 4.6794
4.0000 4.8371
4.0000 4.4183
4.0000 5.1480
4.0000 4.7162
4.0000 4.6307
4.0000 4.7132
4.0000 3.5055
4.0000 5.2245
4.0000 4.9087
4.0000 4.5343
4.0000 5.2879
4.0000 5.0691
4.0000 4.6766
4.0000 4.5919
4.0000 4.1553
4.0000 4.8146
4.0000 4.7353
4.0000 4.7320
4.0000 3.7435
4.0000 4.6923
4.0000 4.4666
4.0000 4.4971
4.0000 4.2209
4.0000 4.4132
4.0000 4.1177
4.0000 3.8291
4.0000 5.3849
4.0000 5.3323
4.0000 5.4390
4.0000 5.0856
4.0000 4.9468
4.0000 5.0303
4.0000 4.5120
4.0000 4.9178
4.0000 3.9148
4.0000 5.0914
4.0000 6.0385
4.0000 2.9859
4.0000 5.0504
4.0000 4.2033
4.0000 5.3264
4.0000 5.7805
4.0000 5.3148
4.0000 5.8639
4.0000 4.4416
4.0000 4.4900
4.0000 4.9386
4.0000 4.8523
4.0000 3.8045
4.0000 3.9747
4.0000 4.7715
4.0000 4.5478
4.0000 4.5947
4.0000 4.3361
4.0000 4.7232
4.0000 4.2958
4.0000 4.3911
4.0000 5.1024
4.0000 4.4197
4.0000 5.2518
4.0000 4.7363
4.0000 5.2307
4.0000 4.3331
4.0000 4.4783
4.0000 5.2766
4.0000 4.4584
4.0000 5.3790
4.0000 4.8714
4.0000 5.5924
4.0000 5.1240
4.0000 4.7593
4.0000 4.3352
4.0000 5.0885
4.0000 4.8285
4.0000 5.3016
4.0000 4.3600
4.0000 4.3757
4.0000 4.6446
4.0000 4.3491
4.0000 4.6520
4.0000 5.4050
4.0000 4.8881
4.0000 4.6136
4.0000 4.8463
4.0000 5.2992
4.0000 4.6172
4.0000 5.0303
4.0000 5.6463
4.0000 4.6087
4.0000 6.2851
4.0000 5.3034
4.0000 4.2611
4.0000 3.1856
4.0000 4.5883
4.0000 4.4444
4.0000 4.9580
4.0000 5.0775
4.0000 4.0376
4.0000 4.9417
4.0000 5.1781
4.0000 5.9803
4.0000 5.3001
4.0000 4.6052
4.0000 5.0380
4.0000 5.2112
4.0000 5.4228
4.0000 4.4766
4.0000 5.0965
4.0000 5.1963
4.0000 3.9768
4.0000 4.9384
4.0000 3.5211
4.0000 5.7151
4.0000 6.7510
4.0000 4.5949
4.0000 5.1525
4.0000 5.6958
4.0000 4.4663
4.0000 4.6346
4.0000 5.5541
4.0000 4.5244
4.0000 5.0224
4.0000 4.1283
4.0000 4.8075
4.0000 4.3665
4.0000 5.3903
4.0000 3.8869
4.0000 4.7145
4.0000 3.5650
4.0000 5.1721
4.0000 5.3927
4.0000 5.5817
4.0000 5.0728
4.0000 4.8692
4.0000 5.0667
4.0000 4.3812
4.0000 4.2820
4.0000 5.8498
4.0000 4.6775
4.0000 5.6971
4.0000 4.0465
4.0000 4.6443
4.0000 4.8717
4.0000 4.6789
4.0000 4.5621
4.0000 5.5382
4.0000 4.6972
4.0000 5.3111
4.0000 5.1661
4.0000 4.1286
4.0000 3.7745
4.0000 4.3587
4.0000 5.6572
4.0000 4.3239
4.0000 4.8940
4.0000 5.3722
4.0000 5.5701
4.0000 5.1399
4.0000 3.5774
4.0000 4.3913
4.0000 4.8672
4.0000 4.1773
4.0000 3.6221
4.0000 4.9068
4.0000 4.6200
4.0000 4.5010
4.0000 4.5027
4.0000 3.9115
4.0000 5.1963
4.0000 4.3777
4.0000 4.9202
4.0000 5.3402
4.0000 4.3572
4.0000 4.8334
4.0000 4.6487
4.0000 4.5566
4.0000 4.8216
4.0000 4.3920
4.0000 4.5347
4.0000 4.0738
4.0000 4.5623
4.0000 5.6597
4.0000 4.8114
4.0000 4.6528
4.0000 4.7879
4.0000 4.8161
4.0000 4.3648
4.0000 4.3412
4.0000 5.3645
4.0000 4.5254
4.0000 4.7224
4.0000 4.8673
4.0000 4.1787
4.0000 4.3741
4.0000 4.4836
4.0000 5.4069
4.0000 5.0728
4.0000 5.1355
4.0000 5.1342
4.0000 5.4298
4.0000 5.3945
4.0000 4.5857
4.0000 5.2632
4.0000 3.6713
4.0000 4.6814
4.0000 4.0195
4.0000 3.9073
4.0000 5.1691
4.0000 4.4161
4.0000 3.6190
4.0000 4.8704
4.0000 5.3408
4.0000 4.9292
4.0000 4.4274
4.0000 4.5846
4.0000 4.3275
4.0000 4.4343
4.0000 4.5868
4.0000 4.7532
4.0000 4.4797
4.0000 4.4578
4.0000 4.9063
4.0000 5.1591
4.0000 5.2766
4.0000 3.9493
4.0000 4.2509
4.0000 4.6862
4.0000 5.7335
4.0000 5.2858
4.0000 5.8320
4.0000 4.9318
4.0000 4.3722
4.0000 5.4649
4.0000 4.4384
4.0000 4.6654
4.0000 4.0174
4.0000 5.2025
4.0000 5.0678
4.0000 4.8502
4.0000 4.7639
4.0000 4.6690
4.0000 4.4737
4.0000 4.2481
4.0000 4.4610
4.0000 4.5686
4.0000 4.8523
4.0000 4.9312
4.0000 5.3784
4.0000 4.6477
4.0000 4.4286
4.0000 4.6802
4.0000 4.5646
4.0000 5.6081
4.0000 4.7867
4.0000 4.6350
4.0000 3.7261
4.0000 4.6552
4.0000 4.3343
4.0000 5.5182
4.0000 4.2512
4.0000 5.1223
4.0000 4.0026
4.0000 5.8822
4.0000 5.2987
4.0000 4.2813
4.0000 4.5659
4.0000 4.3266
4.0000 5.0908
4.0000 5.0719
4.0000 5.6552
4.0000 5.2355
4.0000 4.7244
4.0000 4.7621
4.0000 4.5835
4.0000 5.0963
4.0000 3.8556
4.0000 4.1692
4.0000 5.0150
4.0000 4.5321
4.0000 4.7961
4.0000 5.3279
4.0000 5.3089
4.0000 6.0501
4.0000 5.0536
4.0000 4.8178
4.0000 4.6316
4.0000 4.6298
4.0000 4.2824
4.0000 5.3374
4.0000 4.3314
4.0000 4.4215
4.0000 4.8991
4.0000 5.1563
4.0000 4.1548
4.0000 3.7316
4.0000 4.1485
4.0000 4.2438
4.0000 4.6767
4.0000 5.5900
4.0000 4.7520
4.0000 4.5176
4.0000 4.4011
4.0000 4.3273
4.0000 4.5153
4.0000 4.0938
4.0000 3.7940
4.0000 5.1921
4.0000 4.6320
4.0000 5.5265
4.0000 3.7836
4.0000 4.2463
4.0000 4.1342
4.0000 3.7707
4.0000 4.5511
4.0000 4.7014
4.0000 4.3644
4.0000 4.8074
4.0000 5.2012
4.0000 4.7497
4.0000 4.6279
4.0000 5.3299
4.0000 4.9063
4.0000 5.1309
4.0000 3.9003
4.0000 3.8019
4.0000 5.7673
4.0000 5.7954
4.0000 4.2501
4.0000 5.5813
4.0000 5.3972
4.0000 4.7942
4.0000 4.7653
4.0000 4.8167
4.0000 5.6622
4.0000 5.2337
4.0000 4.8851
4.0000 4.9788
4.0000 5.1644
4.0000 5.2132
4.0000 4.1982
4.0000 4.4175
4.0000 4.8798
4.0000 5.3164
4.0000 4.0738
4.0000 3.8380
4.0000 4.2700
4.0000 5.2715
4.0000 4.6173
4.0000 4.5918
4.0000 4.3761
4.0000 3.5707
4.0000 5.6782
4.0000 4.7146
4.0000 4.5715
4.0000 4.7877
4.0000 4.8409
4.0000 4.5354
4.0000 5.4486
4.0000 5.6390
4.0000 4.7796
4.0000 4.6590
4.0000 5.0227
4.0000 4.0608
4.0000 4.0761
4.0000 6.0706
4.0000 4.7761
4.0000 4.8756
4.0000 4.5273
4.0000 4.8054
4.0000 4.8950
4.0000 4.3909
4.0000 4.1861
4.0000 5.0990
4.0000 4.4543
4.0000 5.6135
4.0000 4.3968
4.0000 5.0156
4.0000 4.9499
4.0000 4.4202
4.0000 4.8573
4.0000 4.7197
4.0000 4.3044
4.0000 4.8462
4.0000 5.0231
4.0000 4.5521
4.0000 5.3869
4.0000 4.4569
4.0000 4.0890
4.0000 5.1620
4.0000 4.2974
4.0000 5.9508
4.0000 4.6270
4.0000 4.2120
4.0000 4.0469
4.0000 5.9396
4.0000 5.2182
4.0000 5.9672
4.0000 4.5094
4.0000 4.6593
4.0000 5.0123
4.0000 4.5757
4.0000 4.1046
4.0000 5.3408
4.0000 4.4054
4.0000 5.2858
4.0000 4.0492
4.0000 4.9302
4.0000 4.6552
4.0000 4.8624
4.0000 4.7112
4.0000 5.9998
4.0000 5.0254
4.0000 4.2704
4.0000 4.8045
4.0000 5.4070
4.0000 4.4050
4.0000 5.0866
4.0000 4.6916
4.0000 4.5631
4.0000 3.7363
4.0000 3.4557
4.0000 5.0128
4.0000 5.0005
4.0000 5.0988
4.0000 5.1647
4.0000 5.1695
4.0000 4.7507
4.0000 4.7442
4.0000 4.8910
4.0000 4.4730
4.0000 5.0318
4.0000 3.9531
4.0000 3.5222
4.0000 4.3833
4.0000 4.0900
4.0000 4.8479
4.0000 4.7913
4.0000 5.9674
4.0000 4.0378
4.0000 4.1743
4.0000 5.7284
4.0000 5.4525
4.0000 4.5811
4.0000 5.1742
4.0000 4.9283
4.0000 5.2721
4.0000 4.5719
4.0000 5.1601
4.0000 4.0696
4.0000 4.9792
4.0000 4.5564
4.0000 5.3479
4.0000 4.3812
4.0000 4.6991
4.0000 5.2220
4.0000 5.2327
4.0000 4.8541
4.0000 5.3267
4.0000 3.8325
4.0000 4.8167
4.0000 4.6662
4.0000 4.6646
4.0000 5.5200
4.0000 4.4591
4.0000 4.6782
4.0000 4.6837
4.0000 4.3513
4.0000 4.3488
4.0000 4.7847
4.0000 4.3159
4.0000 4.5070
4.0000 3.8117
4.0000 5.3422
4.0000 5.1009
4.0000 4.5487
4.0000 4.5395
4.0000 4.9049
4.0000 5.2181
4.0000 5.5794
4.0000 3.6566
4.0000 4.6928
4.0000 5.0027
4.0000 3.8653
4.0000 5.0809
4.0000 4.8337
4.0000 3.8916
4.0000 4.1919
4.0000 5.1244
4.0000 3.7127
4.0000 3.4725
4.0000 4.4563
4.0000 4.8226
4.0000 4.1835
4.0000 4.7675
4.0000 4.5084
4.0000 4.4777
4.0000 4.5960
4.0000 4.5066
4.0000 5.1496
4.0000 4.3944
4.0000 4.5748
4.0000 4.8893
4.0000 5.2883
4.0000 4.9327
4.0000 4.8816
4.0000 4.7847
4.0000 4.6749
4.0000 5.9245
4.0000 5.2731
4.0000 5.3414
4.0000 5.3368
4.0000 5.0051
4.0000 4.3751
4.0000 4.2332
4.0000 4.2422
4.0000 4.2574
4.0000 5.5038
4.0000 4.8554
4.0000 5.1009
4.0000 4.3975
4.0000 3.9482
4.0000 4.5963
4.0000 5.6894
4.0000 4.2378
4.0000 4.6468
4.0000 5.0256
4.0000 5.5412
4.0000 4.7861
4.0000 4.3987
4.0000 5.4778
4.0000 4.8176
4.0000 5.5848
4.0000 5.3327
4.0000 4.6193
4.0000 5.5787
4.0000 4.6916
4.0000 5.2247
4.0000 4.4078
4.0000 4.7988
4.0000 4.9954
4.0000 4.9250
4.0000 5.0622
4.0000 4.8013
4.0000 4.5209
4.0000 5.1202
4.0000 5.4654
4.0000 4.4638
4.0000 4.3686
4.0000 4.7045
4.0000 4.4852
4.0000 4.8866
4.0000 4.9460
4.0000 5.5799
4.0000 4.3623
4.0000 3.0085
4.0000 4.6101
4.0000 3.7107
4.0000 4.8008
4.0000 5.1483
4.0000 5.9183
4.0000 4.2369
4.0000 3.7894
4.0000 4.1037
4.0000 4.5033
4.0000 4.9263
4.0000 4.3394
4.0000 4.0786
4.0000 5.0831
4.0000 4.8431
4.0000 3.8835
4.0000 4.7473
4.0000 4.2287
4.0000 5.5989
4.0000 4.2013
4.0000 5.6039
4.0000 4.0634
4.0000 4.0381
4.0000 4.2575
4.0000 5.0179
4.0000 4.0815
4.0000 5.4297
4.0000 4.2540
4.0000 3.0910
4.0000 4.7939
4.0000 4.0908
4.0000 4.0759
4.0000 4.0378
4.0000 5.2303
4.0000 5.3326
4.0000 5.3141
4.0000 5.0598
4.0000 4.2736
4.0000 4.0732
4.0000 3.9949
4.0000 5.3588
4.0000 5.4798
4.0000 5.0397
4.0000 5.3526
4.0000 4.3530
4.0000 4.5931
4.0000 5.1586
4.0000 4.0831
4.0000 4.3880
4.0000 4.4336
4.0000 4.2387
4.0000 5.1026
4.0000 4.4443
4.0000 5.8576
4.0000 5.4935
4.0000 4.3721
4.0000 4.8771
4.0000 4.7701
4.0000 4.3966
4.0000 4.0281
4.0000 4.9307
4.0000 3.8421
4.0000 4.4305
4.0000 3.9132
4.0000 4.3357
4.0000 4.7938
4.0000 4.4654
4.0000 5.1096
4.0000 5.1303
4.0000 5.0110
4.0000 4.1441
4.0000 5.9271
4.0000 5.6491
4.0000 4.5615
4.0000 5.6885
4.0000 5.5263
4.0000 4.6375
4.0000 4.3053
4.0000 4.7338
4.0000 5.3950
4.0000 5.5465
4.0000 4.4374
4.0000 3.7000
4.0000 4.4323
4.0000 4.0398
4.0000 5.3730
4.0000 4.9260
4.0000 4.4600
4.0000 6.1358
4.0000 5.2047
4.0000 4.3049
4.0000 4.1787
4.0000 3.8993
4.0000 4.5937
4.0000 4.2912
4.0000 4.9825
4.0000 5.3548
4.0000 4.8297
4.0000 5.0101
4.0000 5.0490
4.0000 4.6229
4.0000 3.5336
4.0000 5.0132
4.0000 3.6728
4.0000 4.6963
4.0000 4.0118
4.0000 5.0878
4.0000 5.4152
4.0000 4.7472
4.0000 5.1478
4.0000 4.5225
4.0000 5.3949
4.0000 4.0729
4.0000 4.7355
4.0000 4.1360
4.0000 4.4246
4.0000 3.4965
4.0000 5.4317
4.0000 4.5849
4.0000 5.2260
4.0000 3.6933
4.0000 4.4891
4.0000 4.0283
4.0000 4.4717
4.0000 3.5668
4.0000 5.4952
4.0000 4.7746
4.0000 5.2317
4.0000 5.3171
4.0000 4.9032
4.0000 4.6945
4.0000 5.4387
4.0000 4.4616
4.0000 4.6584
4.0000 5.5057
4.0000 3.9825
4.0000 5.7801
4.0000 5.1052
4.0000 5.1704
4.0000 4.6876
4.0000 5.7015
4.0000 5.3475
4.0000 4.5883
4.0000 4.7747
4.0000 4.7243
4.0000 5.1106
4.0000 4.6053
4.0000 5.6521
4.0000 4.0111
4.0000 4.4040
4.0000 4.0906
4.0000 4.5886
4.0000 5.5883
4.0000 4.6271
4.0000 5.0092
4.0000 3.6510
4.0000 4.8724
4.0000 5.1034
4.0000 4.2646
4.0000 5.1084
4.0000 5.2234
4.0000 4.3580
4.0000 4.0229
4.0000 4.8337
4.0000 4.7202
4.0000 4.1609
4.0000 4.4122
4.0000 3.7190
4.0000 4.7301
4.0000 5.3121
4.0000 4.0229
4.0000 4.3001
4.0000 5.0264
4.0000 4.3449
4.0000 5.3775
4.0000 4.3626
4.0000 4.5857
4.0000 4.7932
4.0000 4.0964
4.0000 5.1611
4.0000 5.2353
4.0000 5.7577
4.0000 4.8845
4.0000 4.0167
4.0000 4.8290
4.0000 5.9745
4.0000 4.4187
4.0000 4.4675
4.0000 5.5326
4.0000 5.6103
4.0000 3.6841
4.0000 4.7111
4.0000 6.1070
4.0000 4.1162
4.0000 4.7519
4.0000 4.9952
4.0000 5.6262
4.0000 5.5309
4.0000 5.2842
4.0000 4.7116
4.0000 4.0408
4.0000 4.6602
4.0000 3.4561
4.0000 5.2515
4.0000 4.6682
4.0000 4.3488
4.0000 4.0886
4.0000 3.7583
4.0000 4.5217
4.0000 4.8218
4.0000 5.6317
4.0000 4.9379
4.0000 5.2149
4.0000 5.5531
4.0000 4.7829
4.0000 5.6661
4.0000 3.8204
4.0000 5.0004
4.0000 5.0785
4.0000 4.5788
4.0000 5.3728
4.0000 5.5006
4.0000 5.0165
4.0000 4.3193
4.0000 4.5744
4.0000 5.6016
4.0000 5.3327
4.0000 4.6870
4.0000 5.1154
4.0000 5.2042
4.0000 4.3814
4.0000 4.3665
4.0000 4.4627
4.0000 4.1192
4.0000 4.9676
4.0000 3.8959
4.0000 5.8230
4.0000 4.6032
4.0000 4.5470
4.0000 4.9482
4.0000 4.5206
4.0000 4.5197
4.0000 4.7614
4.0000 4.9675
4.0000 5.3853
4.0000 5.4025
4.0000 4.5826
4.0000 4.8582
4.0000 4.8437
4.0000 4.5749
4.0000 5.8529
4.0000 4.7494
4.0000 5.7489
4.0000 4.6431
4.0000 5.2972
4.0000 4.5602
4.0000 5.6940
4.0000 4.4880
4.0000 5.2681
4.0000 3.0730
4.0000 4.6369
4.0000 5.0814
4.0000 4.6202
4.0000 3.9377
4.0000 5.4688
4.0000 5.1062
4.0000 4.4785
4.0000 4.5807
4.0000 4.2881
4.0000 5.4009
4.0000 4.8311
4.0000 5.2126
4.0000 4.8090
4.0000 5.4013
4.0000 3.5500
4.0000 4.9588
4.0000 4.8217
4.0000 5.1219
4.0000 5.1804
4.0000 4.7799
4.0000 4.4937
4.0000 4.3550
4.0000 5.0391
4.0000 4.7944
4.0000 5.4043
4.0000 4.4694
4.0000 4.9067
4.0000 4.8835
4.0000 6.2811
4.0000 5.5699
4.0000 5.8777
4.0000 3.7025
4.0000 4.1650
4.0000 4.1929
4.0000 5.9424
4.0000 4.9090
4.0000 4.8996
4.0000 5.3409
4.0000 4.9136
4.0000 5.2010
4.0000 4.8603
4.0000 4.0062
4.0000 5.1211
4.0000 4.4936
4.0000 4.4288
4.0000 5.0492
4.0000 5.7737
4.0000 4.9985
4.0000 4.3400
4.0000 3.8900
4.0000 4.8247
4.0000 5.8007
4.0000 4.8796
4.0000 5.2310
4.0000 4.9737
4.0000 4.3844
4.0000 5.6935
4.0000 4.7308
4.0000 4.7310
4.0000 4.9026
4.0000 4.8358
4.0000 4.7492
4.0000 5.4735
4.0000 4.5828
4.0000 4.0154
4.0000 4.2739
4.0000 4.5205
4.0000 5.3371
4.0000 5.1971
4.0000 4.1737
4.0000 5.1548
4.0000 5.4701
4.0000 3.7229
4.0000 4.8290
4.0000 5.6087
4.0000 4.3258
4.0000 5.4141
4.0000 5.5088
4.0000 4.8515
4.0000 5.1262
4.0000 5.7204
4.0000 4.1592
4.0000 4.2904
4.0000 3.8424
4.0000 4.6722
4.0000 4.0920
4.0000 4.8368
4.0000 5.5592
4.0000 5.5196
4.0000 4.8170
4.0000 5.5766
4.0000 4.9495
4.0000 5.4235
4.0000 4.6412
4.0000 5.4193
4.0000 4.3325
4.0000 4.1241
4.0000 4.0824
4.0000 4.2075
4.0000 5.8285
4.0000 5.8896
4.0000 5.2696
4.0000 4.9771
4.0000 4.6731
4.0000 5.6949
4.0000 5.1012
4.0000 4.6758
4.0000 4.9678
4.0000 4.8775
4.0000 6.3007
4.0000 5.1932
4.0000 5.0210
4.0000 4.8028
4.0000 6.2431
4.0000 4.0674
4.0000 4.0295
4.0000 4.5282
4.0000 5.1102
4.0000 4.0057
4.0000 5.5665
4.0000 4.5801
4.0000 5.4252
4.0000 4.6466
4.0000 4.4752
4.0000 4.5181
4.0000 5.2451
4.0000 4.7601
4.0000 4.6943
4.0000 4.5519
4.0000 5.0745
4.0000 4.6114
4.0000 4.3942
4.0000 5.3894
4.0000 5.0745
4.0000 4.4391
4.0000 5.1257
4.0000 5.3262
4.0000 5.1430
4.0000 4.4763
4.0000 4.5673
4.0000 5.5835
4.0000 3.5571
4.0000 4.8935
4.0000 4.9667
4.0000 5.2267
4.0000 5.3708
4.0000 4.8948
4.0000 4.5028
4.0000 5.3804
4.0000 4.0721
4.0000 5.8517
4.0000 4.6451
4.0000 3.5631
4.0000 4.9426
4.0000 4.4156
4.0000 4.2611
4.0000 4.3101
4.0000 4.7488
4.0000 4.7165
4.0000 3.8575
4.0000 4.2026
4.0000 4.4702
4.0000 4.3565
4.0000 4.4034
4.0000 5.3242
4.0000 4.3605
4.0000 4.9676
4.0000 5.0959
4.0000 5.4025
4.0000 5.0103
4.0000 3.3887
4.0000 5.8211
4.0000 5.1718
4.0000 4.7250
4.0000 5.5063
4.0000 4.3282
4.0000 4.9191
4.0000 4.5511
4.0000 4.6435
4.0000 3.4303
4.0000 5.3632
4.0000 5.0524
4.0000 3.6329
4.0000 4.5572
4.0000 4.0734
4.0000 4.7036
4.0000 4.9566
4.0000 4.4077
4.0000 4.8846
4.0000 4.9030
4.0000 4.2111
4.0000 5.2940
4.0000 3.4582
4.0000 3.5994
4.0000 4.7631
4.0000 5.2898
4.0000 4.4881
4.0000 5.0605
4.0000 5.0757
4.0000 5.4209
4.0000 4.3011
4.0000 5.6232
4.0000 4.5773
4.0000 5.0683
4.0000 4.5452
4.0000 4.7444
4.0000 4.7736
4.0000 5.5341
4.0000 3.7925
4.0000 5.0616
4.0000 3.9648
4.0000 4.5950
4.0000 5.3099
4.0000 4.4058
4.0000 6.2164
4.0000 4.2383
4.0000 4.9729
4.0000 4.9088
4.0000 4.6621
4.0000 4.4619
4.0000 4.5879
4.0000 3.4386
4.0000 5.0890
4.0000 5.5003
4.0000 4.9161
4.0000 4.2634
4.0000 5.5119
4.0000 5.2903
4.0000 4.0995
4.0000 4.5981
4.0000 5.9988
4.0000 4.2575
4.0000 4.6245
4.0000 4.4756
4.0000 4.6819
4.0000 4.7799
4.0000 5.1180
4.0000 5.8683
4.0000 4.4273
4.0000 4.4040
4.0000 3.7573
4.0000 3.6125
4.0000 4.9615
4.0000 4.6517
4.0000 4.9514
4.0000 4.2222
4.0000 4.5722
4.0000 4.3996
4.0000 4.6343
4.0000 4.0093
4.0000 5.1467
4.0000 5.3287
4.0000 4.1958
4.0000 5.0948
4.0000 4.8587
4.0000 4.1699
4.0000 4.6758
4.0000 5.8176
4.0000 4.9727
4.0000 3.9327
4.0000 4.4773
4.0000 4.3365
4.0000 5.6482
4.0000 4.2089
4.0000 4.6772
4.0000 4.2768
4.0000 4.6428
4.0000 4.7440
