7.0000 7.1236
7.0000 7.4110
7.0000 7.4459
7.0000 7.4176
7.0000 7.2349
7.0000 7.7699
7.0000 6.8870
7.0000 7.2120
7.0000 6.8324
7.0000 7.4655
7.0000 7.3933
7.0000 7.0716
7.0000 7.0901
7.0000 8.0123
7.0000 7.0893
7.0000 7.4435
7.0000 7.2511
7.0000 8.3465
7.0000 7.9681
7.0000 7.5748
7.0000 6.0487
7.0000 7.6901
7.0000 7.9596
7.0000 7.2223
7.0000 8.3162
7.0000 8.0264
7.0000 7.4922
7.0000 8.1892
7.0000 6.9107
7.0000 7.0056
7.0000 7.0290
7.0000 7.6420
7.0000 7.4425
7.0000 8.6533
7.0000 7.7102
7.0000 7.0994
7.0000 7.3398
7.0000 6.7850
7.0000 7.1480
7.0000 7.4801
7.0000 7.7180
7.0000 8.6158
7.0000 7.1686
7.0000 8.8086
7.0000 7.3347
7.0000 7.0817
7.0000 7.5977
7.0000 7.3517
7.0000 7.7976
7.0000 7.4875
7.0000 7.5611
7.0000 7.7637
7.0000 7.8897
7.0000 7.5216
7.0000 6.9675
7.0000 6.9905
7.0000 7.7889
7.0000 7.0556
7.0000 7.6014
7.0000 8.0064
7.0000 7.4982
7.0000 7.8244
7.0000 8.3836
7.0000 6.5390
7.0000 8.0107
7.0000 7.5009
7.0000 8.3607
7.0000 8.2058
7.0000 7.0755
7.0000 8.3039
7.0000 8.3278
7.0000 8.0267
7.0000 7.0606
7.0000 7.9358
7.0000 6.8741
7.0000 7.7443
7.0000 7.2047
7.0000 7.1811
7.0000 6.5576
7.0000 7.6076
7.0000 7.5424
7.0000 8.1623
7.0000 7.6664
7.0000 6.9760
7.0000 7.4679
7.0000 6.9176
7.0000 7.8079
7.0000 7.1712
7.0000 6.7049
7.0000 7.6362
7.0000 8.5274
7.0000 7.9491
7.0000 7.9771
7.0000 7.0251
7.0000 8.0497
7.0000 6.8938
7.0000 7.1618
7.0000 7.9330
7.0000 7.9153
7.0000 7.5583
7.0000 7.9795
7.0000 7.7926
7.0000 7.7233
7.0000 7.1869
7.0000 7.4886
7.0000 7.7077
7.0000 7.4110
7.0000 7.8867
7.0000 7.6780
7.0000 6.7273
7.0000 7.6084
7.0000 7.3133
7.0000 7.3565
7.0000 7.7400
7.0000 6.8068
7.0000 7.1200
7.0000 7.1552
7.0000 7.4699
7.0000 6.8476
7.0000 8.1285
7.0000 7.3707
7.0000 7.0582
7.0000 7.9860
7.0000 7.9780
7.0000 6.9117
7.0000 6.9434
7.0000 7.6678
7.0000 7.5757
7.0000 7.9265
7.0000 7.6144
7.0000 7.9470
7.0000 8.8876
7.0000 7.0011
7.0000 7.1914
7.0000 7.5009
7.0000 7.2976
7.0000 7.3439
7.0000 7.7325
7.0000 7.0467
7.0000 7.7764
7.0000 7.7953
7.0000 7.3574
7.0000 6.3760
7.0000 7.9643
7.0000 7.2580
7.0000 6.7646
7.0000 7.4920
7.0000 7.7019
7.0000 7.2470
7.0000 7.2160
7.0000 7.9672
7.0000 7.2062
7.0000 6.8664
7.0000 7.8202
7.0000 6.9457
7.0000 6.7529
7.0000 7.5695
7.0000 6.7010
7.0000 8.0687
7.0000 7.8402
7.0000 7.8553
7.0000 6.7344
7.0000 7.1203
7.0000 8.4382
7.0000 8.2554
7.0000 7.8396
7.0000 8.2834
7.0000 7.4600
7.0000 7.3029
7.0000 7.6428
7.0000 6.7097
7.0000 7.4844
7.0000 7.5526
7.0000 8.3503
7.0000 7.6928
7.0000 6.5807
7.0000 7.0269
7.0000 7.9338
7.0000 7.5195
7.0000 7.3261
7.0000 7.5071
7.0000 7.2241
7.0000 7.1817
7.0000 6.4663
7.0000 6.5227
7.0000 7.4701
7.0000 7.0842
7.0000 6.8013
7.0000 7.5046
7.0000 7.7034
7.0000 7.8928
7.0000 7.9960
7.0000 7.0888
7.0000 7.5586
7.0000 7.5476
7.0000 6.8971
7.0000 7.2167
7.0000 6.2539
7.0000 7.0536
7.0000 7.1060
7.0000 7.8770
7.0000 8.0057
7.0000 7.4889
7.0000 7.5946
7.0000 6.8020
7.0000 7.4932
7.0000 6.5577
7.0000 7.0530
7.0000 7.2072
7.0000 7.7100
7.0000 7.6477
7.0000 8.6049
7.0000 7.9842
7.0000 7.4601
7.0000 6.9155
7.0000 7.4268
7.0000 6.9836
7.0000 7.2441
7.0000 7.1492
7.0000 7.5850
7.0000 7.7349
7.0000 5.8759
7.0000 7.4869
7.0000 7.8541
7.0000 7.7525
7.0000 8.0180
7.0000 7.4324
7.0000 8.0327
7.0000 7.2526
7.0000 7.8224
7.0000 7.4184
7.0000 7.0976
7.0000 6.8436
7.0000 7.7853
7.0000 7.6603
7.0000 6.9731
7.0000 7.8698
7.0000 7.2550
7.0000 6.8235
7.0000 7.3492
7.0000 7.5398
7.0000 6.8577
7.0000 6.7774
7.0000 6.9657
7.0000 7.0219
7.0000 7.4392
7.0000 7.7656
7.0000 7.8787
7.0000 8.2085
7.0000 7.0957
7.0000 7.1106
7.0000 8.3117
7.0000 7.6748
7.0000 7.0542
7.0000 8.4432
7.0000 7.5051
7.0000 8.4873
7.0000 6.8415
7.0000 7.2606
7.0000 9.5810
7.0000 7.2364
7.0000 8.4795
7.0000 6.0846
7.0000 7.2050
7.0000 7.9404
7.0000 7.1659
7.0000 7.5875
7.0000 7.3440
7.0000 7.4799
7.0000 7.1076
7.0000 7.0073
7.0000 7.8706
7.0000 7.7596
7.0000 7.2552
7.0000 7.5169
7.0000 7.5193
7.0000 7.4922
7.0000 8.2713
7.0000 7.5812
7.0000 7.5738
7.0000 8.1772
7.0000 7.6860
7.0000 7.3121
7.0000 8.9325
7.0000 7.3568
7.0000 7.8498
7.0000 7.8726
7.0000 7.5227
7.0000 6.5230
7.0000 6.8990
7.0000 7.8728
7.0000 8.6567
7.0000 6.6777
7.0000 7.0439
7.0000 7.8379
7.0000 7.9467
7.0000 7.4799
7.0000 7.4696
7.0000 7.4936
7.0000 7.0287
7.0000 7.2103
7.0000 7.7788
7.0000 7.8892
7.0000 8.9169
7.0000 7.0757
7.0000 8.5054
7.0000 7.6608
7.0000 7.9946
7.0000 7.6106
7.0000 6.3617
7.0000 7.2665
7.0000 6.5002
7.0000 6.8452
7.0000 8.2384
7.0000 7.8512
7.0000 7.1878
7.0000 7.8198
7.0000 7.8987
7.0000 7.2756
7.0000 6.5847
7.0000 8.5673
7.0000 7.1754
7.0000 7.2452
7.0000 6.8711
7.0000 7.4254
7.0000 7.3855
7.0000 7.3226
7.0000 7.9012
7.0000 6.8249
7.0000 7.6133
7.0000 7.2769
7.0000 7.0226
7.0000 6.6344
7.0000 8.1466
7.0000 7.6712
7.0000 6.8044
7.0000 8.2414
7.0000 7.6773
7.0000 7.0366
7.0000 7.5643
7.0000 7.2683
7.0000 6.9716
7.0000 7.5224
7.0000 6.7892
7.0000 8.0260
7.0000 6.6131
7.0000 6.1968
7.0000 8.5264
7.0000 7.9011
7.0000 7.6864
7.0000 8.2366
7.0000 6.6985
7.0000 8.3826
7.0000 8.4826
7.0000 7.5852
7.0000 7.4798
7.0000 7.8946
7.0000 7.4428
7.0000 8.4421
7.0000 7.2434
7.0000 8.2109
7.0000 7.7073
7.0000 6.9883
7.0000 7.4856
7.0000 7.5407
7.0000 6.6550
7.0000 6.8753
7.0000 7.0872
7.0000 6.9921
7.0000 6.9932
7.0000 6.5700
7.0000 7.7559
7.0000 6.7431
7.0000 7.4494
7.0000 7.9812
7.0000 8.5979
7.0000 7.3055
7.0000 7.1729
7.0000 7.6795
7.0000 7.4213
7.0000 6.5584
7.0000 7.3348
7.0000 7.7552
7.0000 7.2116
7.0000 6.9223
7.0000 7.3110
7.0000 7.4176
7.0000 8.0984
7.0000 7.1991
7.0000 8.2977
7.0000 7.6364
7.0000 7.8798
7.0000 6.7304
7.0000 6.9589
7.0000 8.4511
7.0000 7.4573
7.0000 7.3300
7.0000 7.4832
7.0000 7.8130
7.0000 7.4986
7.0000 7.4929
7.0000 7.6182
7.0000 7.7661
7.0000 7.1394
7.0000 8.4165
7.0000 6.2592
7.0000 6.4555
7.0000 7.1344
7.0000 7.7760
7.0000 6.8583
7.0000 7.1657
7.0000 7.7358
7.0000 7.7579
7.0000 7.9952
7.0000 8.3966
7.0000 7.7682
7.0000 7.7232
7.0000 7.5097
7.0000 8.6201
7.0000 7.8347
7.0000 7.7745
7.0000 7.6449
7.0000 7.5760
7.0000 7.6315
7.0000 8.9695
7.0000 7.6357
7.0000 7.2613
7.0000 8.1198
7.0000 7.2465
7.0000 7.8728
7.0000 7.6950
7.0000 8.8080
7.0000 6.8355
7.0000 8.0115
7.0000 8.0678
7.0000 7.9000
7.0000 8.2457
7.0000 7.6013
7.0000 7.2296
7.0000 7.5538
7.0000 6.0664
7.0000 7.3683
7.0000 7.4540
7.0000 7.8963
7.0000 7.5248
7.0000 9.3592
7.0000 8.5619
7.0000 7.3208
7.0000 7.8969
7.0000 7.8457
7.0000 6.6647
7.0000 8.1795
7.0000 6.7251
7.0000 7.7540
7.0000 7.9157
7.0000 8.1997
7.0000 7.2572
7.0000 7.3994
7.0000 7.1094
7.0000 7.9289
7.0000 7.2354
7.0000 7.4362
7.0000 6.6668
7.0000 7.8973
7.0000 8.3105
7.0000 7.3025
7.0000 8.5175
7.0000 8.0473
7.0000 7.3110
7.0000 6.9016
7.0000 7.8405
7.0000 7.6790
7.0000 7.7997
7.0000 8.0506
7.0000 6.6007
7.0000 7.9027
7.0000 7.2802
7.0000 6.3788
7.0000 6.5382
7.0000 7.8212
7.0000 7.2430
7.0000 7.5920
7.0000 7.6088
7.0000 7.5145
7.0000 7.1126
7.0000 7.8025
7.0000 7.6876
7.0000 7.2134
7.0000 7.0648
7.0000 7.7146
7.0000 8.0323
7.0000 7.8233
7.0000 7.3130
7.0000 7.6199
7.0000 8.1224
7.0000 6.7498
7.0000 8.2306
7.0000 7.9111
7.0000 8.1141
7.0000 7.6951
7.0000 7.4123
7.0000 7.1688
7.0000 6.8450
7.0000 7.8927
7.0000 6.6656
7.0000 7.8313
7.0000 7.4240
7.0000 7.4590
7.0000 7.4861
7.0000 6.1397
7.0000 6.8345
7.0000 7.6196
7.0000 8.1128
7.0000 8.5050
7.0000 7.5328
7.0000 7.4389
7.0000 7.7895
7.0000 7.7415
7.0000 7.2612
7.0000 6.9774
7.0000 7.2125
7.0000 7.3924
7.0000 7.2845
7.0000 7.3835
7.0000 7.9063
7.0000 8.0949
7.0000 7.3122
7.0000 7.5236
7.0000 7.3612
7.0000 8.1943
7.0000 6.9528
7.0000 6.7985
7.0000 7.1207
7.0000 7.2083
7.0000 7.3021
7.0000 8.1788
7.0000 6.3231
7.0000 7.4653
7.0000 7.9756
7.0000 7.9055
7.0000 7.5244
7.0000 8.0766
7.0000 7.6881
7.0000 6.9656
7.0000 7.7706
7.0000 7.9732
7.0000 6.3094
7.0000 7.6394
7.0000 8.3524
7.0000 6.8647
7.0000 7.4213
7.0000 7.4847
7.0000 7.2636
7.0000 6.9995
7.0000 8.3138
7.0000 6.7129
7.0000 7.9992
7.0000 7.8564
7.0000 6.7543
7.0000 8.1569
7.0000 7.0090
7.0000 7.7491
7.0000 7.6557
7.0000 7.2289
7.0000 7.7821
7.0000 7.2536
7.0000 7.8577
7.0000 8.7585
7.0000 8.6843
7.0000 6.4189
7.0000 7.1876
7.0000 7.4089
7.0000 7.3408
7.0000 7.9377
7.0000 7.6174
7.0000 8.0901
7.0000 7.9986
7.0000 7.5133
7.0000 7.9618
7.0000 7.3324
7.0000 7.4166
7.0000 7.6083
7.0000 7.3874
7.0000 6.7940
7.0000 7.5666
7.0000 7.5569
7.0000 7.6661
7.0000 6.7571
7.0000 7.2053
7.0000 7.2638
7.0000 7.8524
7.0000 7.4600
7.0000 8.2253
7.0000 6.9381
7.0000 7.0214
7.0000 7.5198
7.0000 7.2846
7.0000 7.9013
7.0000 7.0539
7.0000 7.0879
7.0000 7.6985
7.0000 7.7891
7.0000 7.6059
7.0000 6.7676
7.0000 7.2710
7.0000 8.0680
7.0000 7.9154
7.0000 7.7891
7.0000 8.0026
7.0000 7.3606
7.0000 7.4259
7.0000 6.9042
7.0000 6.8472
7.0000 7.5515
7.0000 7.5118
7.0000 8.1890
7.0000 6.6043
7.0000 6.6602
7.0000 8.4234
7.0000 6.9943
7.0000 7.0753
7.0000 8.7167
7.0000 7.0933
7.0000 7.6276
7.0000 6.9897
7.0000 7.4387
7.0000 7.4871
7.0000 6.9874
7.0000 8.0303
7.0000 7.3948
7.0000 7.7433
7.0000 7.2569
7.0000 7.9087
7.0000 7.9281
7.0000 8.6825
7.0000 7.7573
7.0000 8.2493
7.0000 7.8488
7.0000 8.6717
7.0000 7.6607
7.0000 7.2279
7.0000 8.0177
7.0000 7.4263
7.0000 7.1363
7.0000 7.2907
7.0000 7.7550
7.0000 5.9645
7.0000 7.9494
7.0000 7.7669
7.0000 7.5807
7.0000 7.0857
7.0000 7.0728
7.0000 8.2767
7.0000 7.3638
7.0000 7.4846
7.0000 6.2444
7.0000 6.6597
7.0000 7.9763
7.0000 7.5785
7.0000 7.9299
7.0000 7.3836
7.0000 8.0580
7.0000 8.0950
7.0000 8.4886
7.0000 7.4844
7.0000 7.2687
7.0000 8.2922
7.0000 7.8179
7.0000 7.9776
7.0000 7.7094
7.0000 7.5514
7.0000 8.0078
7.0000 7.3832
7.0000 7.5538
7.0000 7.6400
7.0000 6.9329
7.0000 6.9467
7.0000 7.4160
7.0000 8.3670
7.0000 7.4218
7.0000 6.9344
7.0000 7.7004
7.0000 7.0149
7.0000 8.3903
7.0000 7.7708
7.0000 6.5023
7.0000 7.8688
7.0000 7.8159
7.0000 7.2676
7.0000 7.2613
7.0000 7.7065
7.0000 7.5017
7.0000 8.0268
7.0000 7.1041
7.0000 7.5270
7.0000 7.8847
7.0000 7.5584
7.0000 7.5165
7.0000 7.5562
7.0000 7.7707
7.0000 7.9231
7.0000 7.8530
7.0000 7.0375
7.0000 7.4824
7.0000 7.2681
7.0000 8.2995
7.0000 7.0316
7.0000 7.5070
7.0000 6.7500
7.0000 7.1544
7.0000 7.7294
7.0000 7.6727
7.0000 6.9817
7.0000 8.3729
7.0000 7.6222
7.0000 7.2667
7.0000 7.5087
7.0000 7.4304
7.0000 8.2786
7.0000 8.2350
7.0000 6.7154
7.0000 8.3071
7.0000 7.3848
7.0000 7.7719
7.0000 7.1590
7.0000 7.0290
7.0000 7.3421
7.0000 8.1067
7.0000 7.0395
7.0000 7.3814
7.0000 7.4748
7.0000 6.8778
7.0000 7.1765
7.0000 6.8901
7.0000 7.7960
7.0000 7.9809
7.0000 6.4397
7.0000 7.6801
7.0000 6.8667
7.0000 7.7905
7.0000 8.0160
7.0000 7.7415
7.0000 7.0873
7.0000 7.4789
7.0000 7.3455
7.0000 7.6163
7.0000 7.4700
7.0000 6.4734
7.0000 8.3525
7.0000 6.7844
7.0000 7.7454
7.0000 6.8250
7.0000 7.3841
7.0000 6.6774
7.0000 6.4608
7.0000 7.4183
7.0000 7.8798
7.0000 7.6937
7.0000 8.6987
7.0000 7.7738
7.0000 8.1213
7.0000 6.7430
7.0000 9.0385
7.0000 6.7116
7.0000 6.8349
7.0000 7.9296
7.0000 7.2030
7.0000 8.3668
7.0000 7.3999
7.0000 7.7632
7.0000 7.6020
7.0000 8.9654
7.0000 7.1654
7.0000 6.9559
7.0000 7.2191
7.0000 6.8208
7.0000 6.7986
7.0000 8.0416
7.0000 7.1365
7.0000 7.0340
7.0000 7.2457
7.0000 8.1295
7.0000 7.2830
7.0000 7.1449
7.0000 7.3638
7.0000 7.1815
7.0000 8.1695
7.0000 7.5122
7.0000 7.4129
7.0000 7.5366
7.0000 7.5505
7.0000 8.0524
7.0000 7.4386
7.0000 7.7146
7.0000 6.9764
7.0000 7.7412
7.0000 7.0149
7.0000 6.9658
7.0000 7.4258
7.0000 7.2112
7.0000 8.1401
7.0000 8.0905
7.0000 6.7151
7.0000 6.6752
7.0000 7.0907
7.0000 7.8002
7.0000 8.2341
7.0000 7.5495
7.0000 7.9370
7.0000 7.7522
7.0000 7.4257
7.0000 7.5456
7.0000 7.5669
7.0000 8.7397
7.0000 6.8266
7.0000 7.3287
7.0000 7.5414
7.0000 7.9724
7.0000 7.9063
7.0000 8.0878
7.0000 7.4742
7.0000 7.9211
7.0000 7.2590
7.0000 7.3136
7.0000 7.5880
7.0000 6.7789
7.0000 7.0746
7.0000 7.6730
7.0000 7.9063
7.0000 7.9745
7.0000 6.4778
7.0000 7.2477
7.0000 6.8192
7.0000 7.4879
7.0000 6.8889
7.0000 8.1639
7.0000 6.9803
7.0000 7.9887
7.0000 7.4887
7.0000 7.6326
7.0000 7.5399
7.0000 6.8157
7.0000 7.2119
7.0000 8.0607
7.0000 7.5135
7.0000 7.0724
7.0000 8.0773
7.0000 7.9447
7.0000 7.9181
7.0000 6.9561
7.0000 6.6461
7.0000 8.1323
7.0000 6.5205
7.0000 7.3191
7.0000 7.5253
7.0000 7.6521
7.0000 6.6061
7.0000 8.2119
7.0000 7.4478
7.0000 7.6377
7.0000 7.4894
7.0000 7.0888
7.0000 7.8069
7.0000 6.9492
7.0000 8.0086
7.0000 8.5757
7.0000 7.0224
7.0000 7.5870
7.0000 7.4481
7.0000 7.1350
7.0000 7.1749
7.0000 7.0518
7.0000 7.8549
7.0000 8.0842
7.0000 6.8834
7.0000 7.7615
7.0000 7.2729
7.0000 7.1927
7.0000 7.8700
7.0000 7.7475
7.0000 6.9318
7.0000 7.1123
7.0000 7.2575
7.0000 7.4229
7.0000 7.3938
7.0000 8.7180
7.0000 6.7051
7.0000 7.3531
7.0000 7.9979
7.0000 6.8848
7.0000 7.3956
7.0000 8.0749
7.0000 6.0166
7.0000 7.3720
7.0000 7.8674
7.0000 7.4130
7.0000 6.8142
7.0000 7.0505
7.0000 7.7364
7.0000 7.6653
7.0000 6.9259
7.0000 7.1107
7.0000 7.4354
7.0000 7.8205
7.0000 7.2407
7.0000 7.4329
7.0000 6.9070
7.0000 6.1739
7.0000 7.4743
7.0000 7.7588
7.0000 7.4213
7.0000 7.5229
7.0000 7.5677
7.0000 7.2882
7.0000 7.6548
7.0000 7.4536
7.0000 7.2025
7.0000 7.4659
7.0000 8.2727
7.0000 7.2464
7.0000 7.7168
7.0000 7.1629
7.0000 7.8723
7.0000 7.6220
7.0000 7.6040
7.0000 8.2460
7.0000 7.0285
7.0000 6.8504
7.0000 7.9876
7.0000 7.2618
7.0000 6.5416
7.0000 7.6438
7.0000 7.9227
7.0000 8.1325
7.0000 7.8801
7.0000 7.5536
7.0000 7.4014
7.0000 7.0448
7.0000 8.6342
7.0000 8.0853
7.0000 7.2762
7.0000 7.8968
7.0000 7.5509
7.0000 7.1222
7.0000 8.0518
7.0000 8.1521
7.0000 6.8757
7.0000 6.9993
7.0000 8.4708
7.0000 7.5211
7.0000 7.4507
7.0000 7.5122
7.0000 7.4417
7.0000 8.1546
7.0000 7.3843
7.0000 6.8020
7.0000 6.8902
7.0000 7.2643
7.0000 7.7587
7.0000 7.4275
7.0000 7.6537
7.0000 7.2778
7.0000 8.6409
7.0000 7.1204
7.0000 6.9629
7.0000 7.8071
7.0000 7.7623
7.0000 6.5265
7.0000 7.5177
7.0000 8.0112
7.0000 8.6916
7.0000 6.8752
7.0000 7.1861
7.0000 7.3402
7.0000 6.7351
7.0000 6.7572
7.0000 7.2143
7.0000 7.3503
7.0000 7.4943
7.0000 7.5204
7.0000 7.4113
7.0000 7.5265
7.0000 6.4758
7.0000 7.1506
7.0000 6.8126
7.0000 7.5365
7.0000 8.0199
7.0000 7.8020
7.0000 7.3839
7.0000 6.6282
7.0000 7.8346
7.0000 6.5387
7.0000 6.7727
7.0000 7.4738
7.0000 7.3062
7.0000 7.0827
7.0000 8.2423
7.0000 6.2645
7.0000 8.0433
7.0000 6.8896
7.0000 7.2265
7.0000 7.4383
7.0000 7.6856
7.0000 7.0228
7.0000 7.1946
7.0000 6.3392
7.0000 6.5137
7.0000 7.7327
7.0000 7.3611
7.0000 6.3651
7.0000 7.5507
7.0000 7.4034
7.0000 7.2992
7.0000 6.9793
7.0000 7.5007
7.0000 6.4904
7.0000 7.5971
7.0000 7.8728
7.0000 7.3143
7.0000 6.7743
7.0000 7.3568
7.0000 7.9805
7.0000 7.4831
7.0000 6.9367
7.0000 7.1559
7.0000 7.1293
7.0000 7.3735
7.0000 6.9615
7.0000 7.3514
7.0000 7.4470
7.0000 6.8960
7.0000 8.0014
7.0000 7.4298
7.0000 6.2338
7.0000 7.0786
7.0000 7.1350
7.0000 7.3623
7.0000 7.8316
7.0000 7.7512
7.0000 6.3966
7.0000 8.4086
7.0000 6.9843
7.0000 5.9437
7.0000 7.5726
7.0000 7.8886
7.0000 7.8295
7.0000 7.1113
7.0000 7.4519
7.0000 7.6343
7.0000 6.7021
7.0000 6.9959
7.0000 6.9122
7.0000 7.3757
7.0000 7.1333
7.0000 7.7702
7.0000 5.4876
7.0000 8.0023
7.0000 7.4611
7.0000 7.4979
7.0000 7.3144
7.0000 7.4117
7.0000 7.2945
7.0000 7.4777
7.0000 7.8312
7.0000 7.4882
7.0000 7.0827
7.0000 7.4975
7.0000 7.1268
7.0000 7.9084
7.0000 7.5419
7.0000 7.9825
7.0000 6.9607
7.0000 7.9438
7.0000 8.9764
7.0000 7.8716
7.0000 7.5455
7.0000 7.2450
7.0000 6.9396
7.0000 7.9184
7.0000 6.5433
7.0000 7.9539
7.0000 6.1322
7.0000 7.2437
7.0000 7.7009
7.0000 7.9423
7.0000 6.5989
7.0000 8.0559
7.0000 7.0381
7.0000 7.4792
7.0000 7.3396
7.0000 7.1701
7.0000 7.3553
7.0000 7.7941
7.0000 8.1484
7.0000 7.5272
7.0000 7.7717
7.0000 7.1814
7.0000 7.5836
7.0000 7.6205
7.0000 7.1747
7.0000 6.3878
7.0000 6.7852
7.0000 8.0483
7.0000 7.2472
7.0000 7.1609
7.0000 7.9627
7.0000 7.3289
7.0000 7.4207
7.0000 8.0817
7.0000 6.6924
7.0000 7.9693
7.0000 7.3092
7.0000 7.2456
7.0000 7.5391
7.0000 7.7739
7.0000 7.4202
7.0000 7.2764
7.0000 7.6526
7.0000 7.5055
7.0000 7.2076
7.0000 8.0882
7.0000 6.4880
7.0000 8.4844
7.0000 6.6433
7.0000 6.9498
7.0000 7.6130
7.0000 7.0756
7.0000 7.3796
7.0000 7.2474
7.0000 7.1936
7.0000 7.3848
7.0000 7.1889
7.0000 7.8892
7.0000 6.7686
7.0000 6.7650
7.0000 6.4645
7.0000 8.0931
7.0000 6.9742
7.0000 8.2785
7.0000 6.3300
7.0000 6.5325
7.0000 7.6103
7.0000 7.7351
7.0000 7.3087
7.0000 7.0428
7.0000 7.7131
7.0000 6.6295
7.0000 6.4825
7.0000 8.0910
7.0000 6.7827
7.0000 6.7567
7.0000 7.7162
7.0000 8.3854
7.0000 7.3325
7.0000 8.1359
7.0000 8.4114
7.0000 7.9661
7.0000 6.6797
7.0000 7.9189
7.0000 8.1103
7.0000 7.3975
7.0000 6.9602
7.0000 7.5164
7.0000 7.3062
7.0000 7.2808
7.0000 7.9967
7.0000 8.4498
7.0000 7.9523
7.0000 7.2070
7.0000 7.5848
7.0000 7.7241
7.0000 7.8287
7.0000 6.4892
7.0000 7.6569
7.0000 8.1229
7.0000 8.4007
7.0000 7.2521
7.0000 6.9963
7.0000 7.4982
7.0000 7.7727
7.0000 7.4484
7.0000 7.1096
7.0000 7.3505
7.0000 7.8644
7.0000 7.8270
7.0000 9.1363
7.0000 7.3647
7.0000 8.6031
7.0000 7.2910
7.0000 7.5842
7.0000 8.8728
7.0000 8.2765
7.0000 7.8908
7.0000 8.2753
7.0000 8.4279
7.0000 6.8422
7.0000 7.2721
7.0000 6.7608
7.0000 7.3359
7.0000 7.6151
7.0000 7.2817
7.0000 8.4467
7.0000 7.7525
7.0000 6.4958
7.0000 7.4331
7.0000 7.5269
7.0000 6.6098
7.0000 7.7334
7.0000 7.0258
7.0000 7.5163
7.0000 6.6283
7.0000 6.5086
7.0000 7.0703
7.0000 6.0638
7.0000 7.5831
7.0000 8.7192
7.0000 7.3741
7.0000 7.4528
7.0000 7.5681
7.0000 7.9963
7.0000 7.1293
7.0000 7.0630
7.0000 7.8794
7.0000 6.6468
7.0000 6.9389
7.0000 8.2092
7.0000 7.5008
7.0000 7.4386
7.0000 7.0839
7.0000 7.1649
7.0000 7.0567
7.0000 6.9363
7.0000 8.2015
7.0000 6.1013
7.0000 6.7517
7.0000 7.1374
7.0000 7.9695
7.0000 7.6427
7.0000 6.4182
7.0000 7.7420
7.0000 7.6776
7.0000 8.2562
7.0000 7.5769
7.0000 7.8609
7.0000 7.1780
7.0000 7.1112
7.0000 7.3124
7.0000 6.8482
7.0000 7.6770
7.0000 7.2879
7.0000 7.5178
7.0000 7.9686
7.0000 8.0969
7.0000 8.7878
7.0000 8.1306
7.0000 7.3109
7.0000 6.8723
7.0000 7.6614
7.0000 7.9420
7.0000 7.0827
7.0000 6.5028
7.0000 7.5139
7.0000 8.0290
7.0000 7.0704
7.0000 6.7485
7.0000 7.2271
7.0000 8.5604
7.0000 6.4978
7.0000 8.2189
7.0000 6.7302
7.0000 7.4007
7.0000 7.3326
7.0000 7.6368
7.0000 6.9175
7.0000 6.6782
7.0000 8.5627
7.0000 7.1685
7.0000 6.5939
7.0000 7.8450
7.0000 7.3516
7.0000 6.9146
7.0000 7.0960
7.0000 7.3384
7.0000 7.1982
7.0000 7.9328
7.0000 7.1135
7.0000 8.2116
7.0000 7.6099
7.0000 7.1936
7.0000 7.1156
7.0000 7.0968
7.0000 7.1497
7.0000 7.4689
7.0000 7.5483
7.0000 7.1445
7.0000 8.4527
7.0000 7.7685
7.0000 7.6671
7.0000 8.1677
7.0000 6.5884
7.0000 7.7051
7.0000 7.3474
7.0000 7.2885
7.0000 7.6076
7.0000 6.6906
7.0000 6.5344
7.0000 7.5093
7.0000 7.7239
7.0000 8.1707
7.0000 6.4734
7.0000 7.3347
7.0000 7.3686
7.0000 7.6574
7.0000 7.7418
7.0000 7.7867
7.0000 7.4257
7.0000 7.7967
7.0000 5.9467
7.0000 7.0145
7.0000 8.2822
7.0000 6.7740
7.0000 7.0391
7.0000 7.2041
7.0000 7.6710
7.0000 8.2487
7.0000 7.3390
7.0000 7.1787
7.0000 7.4171
7.0000 7.6788
7.0000 7.5201
7.0000 8.3098
7.0000 7.1117
7.0000 6.7699
7.0000 8.5132
7.0000 7.6753
7.0000 7.4220
7.0000 7.2263
7.0000 7.7613
7.0000 7.6663
7.0000 6.8982
7.0000 7.9763
7.0000 7.3484
7.0000 7.9001
7.0000 6.5351
7.0000 8.0287
7.0000 6.5993
7.0000 8.0632
7.0000 7.2175
7.0000 7.4834
7.0000 6.8210
7.0000 7.3952
7.0000 7.0682
7.0000 7.6130
7.0000 7.3215
7.0000 8.6458
7.0000 7.5673
7.0000 6.9800
7.0000 7.8934
7.0000 7.3518
7.0000 6.8868
7.0000 7.7418
7.0000 7.7696
7.0000 8.0992
7.0000 8.2856
7.0000 7.1150
7.0000 7.0018
7.0000 7.2436
7.0000 7.8207
7.0000 7.3665
7.0000 6.6825
7.0000 7.8432
7.0000 6.6167
7.0000 7.6425
7.0000 6.8904
7.0000 8.3322
7.0000 8.0188
7.0000 6.9826
7.0000 7.5386
7.0000 7.2229
7.0000 8.5177
7.0000 7.6253
7.0000 7.0327
7.0000 6.5248
7.0000 7.3548
7.0000 7.6291
7.0000 8.2003
7.0000 7.3477
7.0000 7.3614
7.0000 7.4172
7.0000 7.7109
7.0000 6.7002
7.0000 8.2816
7.0000 7.8694
7.0000 7.7468
7.0000 7.1979
7.0000 6.7427
7.0000 7.2812
7.0000 7.1729
7.0000 7.2573
7.0000 7.6734
7.0000 6.2916
7.0000 7.7219
7.0000 7.8072
7.0000 6.6039
7.0000 7.5211
7.0000 6.9997
7.0000 7.8545
7.0000 6.9663
7.0000 7.4337
7.0000 7.3754
7.0000 7.4481
7.0000 7.2891
7.0000 7.6501
7.0000 7.8714
7.0000 7.2525
7.0000 7.3126
7.0000 7.9269
7.0000 7.4745
7.0000 7.3413
7.0000 7.0321
7.0000 7.3559
7.0000 7.1717
7.0000 6.8455
7.0000 8.1179
7.0000 7.2417
7.0000 8.2089
7.0000 8.0822
7.0000 6.9855
7.0000 7.5716
7.0000 6.9767
7.0000 8.5324
7.0000 7.1454
7.0000 7.9413
7.0000 7.5022
7.0000 6.7086
7.0000 7.9906
7.0000 8.1675
7.0000 7.5415
7.0000 7.1996
7.0000 7.5950
7.0000 8.2416
7.0000 8.0469
7.0000 7.3193
7.0000 6.8248
7.0000 7.6497
7.0000 7.1913
7.0000 6.7977
7.0000 6.6238
7.0000 7.3782
7.0000 8.3967
7.0000 7.7179
7.0000 7.5713
7.0000 7.2519
7.0000 7.6300
7.0000 6.6834
7.0000 8.0371
7.0000 6.4021
7.0000 7.5654
7.0000 8.5455
7.0000 6.4745
7.0000 6.8238
7.0000 7.1551
7.0000 7.9667
7.0000 7.5991
7.0000 6.8007
7.0000 7.3602
7.0000 6.5082
7.0000 7.4851
7.0000 6.6655
7.0000 7.0819
7.0000 8.6641
7.0000 7.5064
7.0000 7.5019
7.0000 7.9821
7.0000 7.6984
7.0000 8.5155
7.0000 7.9910
7.0000 7.5420
7.0000 7.7213
7.0000 7.2026
7.0000 8.0191
7.0000 7.7038
7.0000 7.3619
7.0000 7.6748
7.0000 7.7593
7.0000 7.2878
7.0000 7.9542
7.0000 7.9714
7.0000 7.7396
7.0000 7.8401
7.0000 7.4687
7.0000 7.2546
7.0000 7.8508
7.0000 6.4274
7.0000 7.4863
7.0000 7.2201
7.0000 8.0815
7.0000 6.4936
7.0000 6.3503
7.0000 7.3878
7.0000 8.4500
7.0000 7.4103
7.0000 8.3899
7.0000 6.4625
7.0000 7.1634
7.0000 6.8199
7.0000 7.0459
7.0000 7.4815
7.0000 8.7554
7.0000 8.1922
7.0000 7.6354
7.0000 8.0213
7.0000 8.5081
7.0000 9.1356
7.0000 6.4368
7.0000 7.2800
7.0000 6.0957
7.0000 6.7898
7.0000 6.8405
7.0000 7.7602
7.0000 7.2215
7.0000 7.1639
7.0000 6.9329
7.0000 8.1381
7.0000 6.9453
7.0000 7.4770
7.0000 7.5934
7.0000 7.0194
7.0000 8.0939
7.0000 7.2271
7.0000 7.8367
7.0000 7.9228
7.0000 6.8932
7.0000 8.0968
7.0000 6.4707
7.0000 7.1423
7.0000 7.2527
7.0000 7.1185
7.0000 7.4833
7.0000 6.2066
7.0000 7.8017
7.0000 7.5924
7.0000 7.0504
7.0000 6.6793
7.0000 9.1384
7.0000 7.0914
7.0000 7.0057
7.0000 7.7784
7.0000 8.3780
7.0000 7.4106
7.0000 7.9917
7.0000 6.5881
7.0000 7.6512
7.0000 7.9741
7.0000 7.7656
7.0000 7.5967
7.0000 7.8121
7.0000 7.1975
7.0000 7.2355
7.0000 7.4327
7.0000 7.0866
7.0000 7.9355
7.0000 6.7768
7.0000 7.5232
7.0000 7.5994
7.0000 8.1626
7.0000 7.8547
7.0000 7.7501
7.0000 8.2498
7.0000 6.7624
7.0000 7.0774
7.0000 7.1613
7.0000 7.7175
7.0000 7.6184
7.0000 6.9806
7.0000 8.2817
7.0000 8.0503
7.0000 7.0661
7.0000 6.9107
7.0000 7.2878
7.0000 8.6897
7.0000 7.6311
7.0000 7.1646
7.0000 7.8926
7.0000 6.9865
7.0000 7.5758
7.0000 8.3271
7.0000 7.7295
7.0000 7.4461
7.0000 7.5011
7.0000 6.8860
7.0000 7.1855
7.0000 8.0782
7.0000 8.4308
7.0000 7.6724
7.0000 8.5663
7.0000 7.7165
7.0000 6.9234
7.0000 6.8324
7.0000 7.0484
7.0000 8.3449
7.0000 7.5732
7.0000 7.8530
7.0000 7.3355
7.0000 7.6411
7.0000 8.6504
7.0000 7.6543
7.0000 7.2141
7.0000 7.2749
7.0000 7.0225
7.0000 8.1424
7.0000 8.4099
7.0000 6.8264
7.0000 8.2737
7.0000 7.4676
7.0000 8.5580
7.0000 6.3689
7.0000 6.6691
7.0000 7.7365
7.0000 7.7500
7.0000 7.4029
7.0000 6.2147
7.0000 7.0747
7.0000 6.7813
7.0000 7.0957
7.0000 7.1942
7.0000 7.2545
7.0000 6.7641
7.0000 7.6119
7.0000 7.7443
7.0000 7.3362
7.0000 7.1723
7.0000 7.0938
7.0000 7.8783
7.0000 9.1917
7.0000 6.4368
7.0000 8.1328
7.0000 8.2255
7.0000 8.0073
7.0000 7.4405
7.0000 6.8098
7.0000 6.8527
7.0000 7.4826
7.0000 7.6746
7.0000 6.7782
7.0000 7.4455
7.0000 7.6712
7.0000 7.7517
7.0000 6.4035
7.0000 7.5204
7.0000 8.0346
7.0000 7.9690
7.0000 7.4675
7.0000 7.4229
7.0000 7.1282
7.0000 7.4912
7.0000 7.2135
7.0000 6.8920
7.0000 7.7789
7.0000 6.6947
7.0000 7.9395
7.0000 7.5176
7.0000 7.5922
7.0000 7.6749
7.0000 7.9172
7.0000 8.1324
7.0000 7.7306
7.0000 8.1921
7.0000 7.1065
7.0000 8.6273
7.0000 7.7250
7.0000 7.5431
7.0000 7.4074
7.0000 6.8319
7.0000 7.9790
7.0000 7.8317
7.0000 6.8388
7.0000 6.9412
7.0000 7.9185
7.0000 6.2864
7.0000 7.6639
7.0000 7.9300
7.0000 7.8719
7.0000 7.1673
7.0000 7.3287
7.0000 7.6393
7.0000 7.7596
7.0000 7.9795
7.0000 7.9277
7.0000 7.3616
7.0000 6.4941
7.0000 7.2608
7.0000 7.8140
7.0000 7.8521
7.0000 8.6814
7.0000 8.4546
7.0000 8.0356
7.0000 7.8954
7.0000 7.2659
7.0000 7.3028
7.0000 8.0697
7.0000 8.1677
7.0000 8.6406
7.0000 7.2927
7.0000 7.7775
7.0000 7.7363
7.0000 8.7126
7.0000 7.8443
7.0000 8.4638
7.0000 6.6809
7.0000 7.3522
7.0000 7.8004
7.0000 7.6645
7.0000 6.7257
7.0000 7.5567
7.0000 6.7499
7.0000 8.5011
7.0000 8.9664
7.0000 7.6831
7.0000 8.0101
7.0000 7.7316
7.0000 7.2778
7.0000 7.3722
7.0000 6.9776
7.0000 7.3521
7.0000 8.5409
7.0000 7.3666
7.0000 7.3836
7.0000 7.6507
7.0000 7.1387
7.0000 7.3172
7.0000 7.6731
7.0000 6.8648
7.0000 7.5506
7.0000 7.4505
7.0000 7.4264
7.0000 7.9768
7.0000 7.7338
7.0000 6.8484
7.0000 7.9138
7.0000 7.6193
7.0000 7.0831
7.0000 7.3265
7.0000 7.2700
7.0000 7.0816
7.0000 7.4846
7.0000 7.7829
7.0000 8.6004
7.0000 7.2355
7.0000 7.1718
7.0000 7.6971
7.0000 7.2556
7.0000 7.1589
7.0000 7.0871
7.0000 8.1503
7.0000 7.5618
7.0000 7.4397
7.0000 7.3344
7.0000 6.6821
7.0000 7.5716
7.0000 7.4633
7.0000 7.1906
7.0000 7.9847
7.0000 6.5754
7.0000 7.1611
7.0000 7.9432
7.0000 6.5429
7.0000 7.9488
7.0000 6.6718
7.0000 6.7302
7.0000 6.9650
7.0000 7.8187
7.0000 7.2052
7.0000 7.6925
7.0000 7.2453
7.0000 6.8442
7.0000 7.8721
7.0000 6.3834
7.0000 6.9124
7.0000 7.4296
7.0000 8.0008
7.0000 7.6825
7.0000 7.7007
7.0000 7.4790
7.0000 6.4025
7.0000 7.4770
7.0000 7.5355
7.0000 8.3815
7.0000 6.9336
7.0000 7.7627
7.0000 7.1834
7.0000 7.5256
7.0000 8.2139
7.0000 7.5032
7.0000 7.3504
7.0000 6.4615
7.0000 7.7059
7.0000 8.3522
7.0000 7.0590
7.0000 7.9257
7.0000 6.5356
7.0000 6.6356
7.0000 7.5950
7.0000 7.6812
7.0000 7.3478
7.0000 7.0231
7.0000 7.3634
7.0000 6.9298
7.0000 7.2478
7.0000 7.1946
7.0000 8.1331
7.0000 8.2546
7.0000 7.3357
7.0000 7.4008
7.0000 6.8802
7.0000 6.8783
7.0000 7.1361
7.0000 7.8913
7.0000 7.7719
7.0000 7.2846
7.0000 7.7695
7.0000 8.0962
7.0000 7.5640
7.0000 7.3656
7.0000 7.3582
7.0000 7.3661
7.0000 7.0490
7.0000 6.1161
7.0000 7.8456
7.0000 8.3021
7.0000 7.3191
7.0000 8.2446
7.0000 6.8791
7.0000 7.4040
7.0000 7.1170
7.0000 7.1628
7.0000 8.1394
7.0000 7.4728
7.0000 6.7924
7.0000 7.3083
7.0000 7.4886
7.0000 6.3815
7.0000 6.9476
7.0000 7.4919
7.0000 7.3898
7.0000 8.0835
7.0000 6.1507
7.0000 6.9705
7.0000 7.5715
7.0000 6.9372
7.0000 7.5459
7.0000 6.7427
7.0000 7.5881
7.0000 7.7530
7.0000 8.0439
7.0000 7.1186
7.0000 8.0697
7.0000 6.9883
7.0000 7.8257
7.0000 7.2705
7.0000 6.6266
7.0000 8.4881
7.0000 8.5661
7.0000 7.4458
7.0000 7.3321
7.0000 7.9538
7.0000 6.8829
7.0000 7.8608
7.0000 7.8214
7.0000 6.9517
7.0000 7.9810
7.0000 7.2921
7.0000 7.3449
7.0000 7.7124
7.0000 6.8728
7.0000 7.4980
7.0000 7.4052
7.0000 7.0130
7.0000 7.1389
7.0000 7.3492
7.0000 7.1519
7.0000 6.9487
7.0000 7.6821
7.0000 7.3426
7.0000 6.5407
7.0000 7.3184
7.0000 6.8656
7.0000 7.8714
7.0000 7.2890
7.0000 7.3944
7.0000 7.1896
7.0000 7.4207
7.0000 6.8704
7.0000 8.2048
7.0000 7.4071
7.0000 6.6491
7.0000 7.7129
7.0000 7.2661
7.0000 7.9354
7.0000 7.4855
7.0000 7.1038
7.0000 7.7375
7.0000 7.8419
7.0000 6.9394
7.0000 7.6562
7.0000 7.0651
7.0000 7.7780
7.0000 7.5640
7.0000 7.3998
7.0000 7.5435
7.0000 7.1864
7.0000 7.4827
7.0000 8.2140
7.0000 7.8300
7.0000 8.1835
7.0000 7.6955
7.0000 6.9905
7.0000 7.6631
7.0000 7.6447
7.0000 6.9138
7.0000 7.4058
7.0000 6.5003
7.0000 8.6300
7.0000 7.4436
7.0000 7.2057
7.0000 7.8025
7.0000 8.6914
7.0000 6.9516
7.0000 7.4966
7.0000 7.8475
7.0000 7.7300
7.0000 7.4392
7.0000 6.9304
7.0000 8.0348
7.0000 8.4167
7.0000 7.5323
7.0000 7.1470
7.0000 7.1080
7.0000 8.0401
7.0000 6.8015
7.0000 6.4087
7.0000 7.3214
7.0000 7.8765
7.0000 8.3366
7.0000 7.7131
7.0000 7.9564
7.0000 7.6520
7.0000 7.8932
7.0000 7.1847
7.0000 7.3489
7.0000 8.0178
7.0000 6.1433
7.0000 7.2674
7.0000 7.1097
7.0000 6.6383
7.0000 7.6501
7.0000 6.9835
7.0000 6.9127
7.0000 8.2453
7.0000 6.9471
7.0000 7.1172
7.0000 6.8145
7.0000 7.3206
7.0000 7.1667
7.0000 8.0008
7.0000 6.7362
7.0000 7.2805
7.0000 7.0186
7.0000 6.5283
7.0000 6.5503
7.0000 7.1900
7.0000 7.6039
7.0000 7.5310
7.0000 7.3857
7.0000 6.8152
7.0000 8.0318
7.0000 7.7239
7.0000 7.4019
7.0000 7.3213
7.0000 7.5825
7.0000 7.4362
7.0000 7.9283
7.0000 7.5921
7.0000 7.1339
7.0000 8.0742
7.0000 6.8727
7.0000 8.0042
7.0000 7.9132
7.0000 7.5148
7.0000 6.8985
7.0000 6.3659
7.0000 7.6488
7.0000 7.5968
7.0000 6.6109
7.0000 7.7254
7.0000 8.1171
7.0000 7.8234
7.0000 7.0014
7.0000 8.0472
7.0000 6.9259
7.0000 7.5865
7.0000 8.7588
7.0000 7.9442
7.0000 7.3355
7.0000 6.4038
7.0000 7.8212
7.0000 7.2625
7.0000 8.2839
7.0000 7.9910
7.0000 7.1176
7.0000 7.0884
7.0000 8.6586
7.0000 7.3703
7.0000 7.9171
7.0000 6.5843
7.0000 7.0094
7.0000 7.5897
7.0000 7.8528
7.0000 6.8765
7.0000 7.1338
7.0000 7.3911
7.0000 7.0755
7.0000 7.8585
7.0000 8.1781
7.0000 6.6489
7.0000 7.4643
7.0000 7.2985
7.0000 7.8429
7.0000 7.4780
7.0000 7.1738
7.0000 7.8033
7.0000 7.6579
7.0000 8.1877
7.0000 6.8391
7.0000 7.9190
7.0000 7.5966
7.0000 8.1846
7.0000 6.5401
7.0000 7.1520
7.0000 7.1240
7.0000 7.4750
7.0000 7.0835
7.0000 8.4564
7.0000 6.9718
7.0000 7.5698
7.0000 7.1644
7.0000 6.7227
7.0000 7.2184
7.0000 8.4833
7.0000 7.1288
7.0000 7.8303
7.0000 8.5330
7.0000 7.6571
7.0000 6.5284
7.0000 8.1079
7.0000 7.5599
7.0000 7.6909
7.0000 7.9970
7.0000 7.3814
7.0000 7.5025
7.0000 7.4084
7.0000 8.1144
7.0000 8.0865
7.0000 7.5725
7.0000 7.0762
7.0000 6.7895
7.0000 7.5827
7.0000 8.4325
7.0000 7.2221
7.0000 7.3996
7.0000 7.8640
7.0000 6.9789
7.0000 7.5786
7.0000 7.1436
7.0000 7.2085
7.0000 7.5216
7.0000 7.8530
7.0000 6.8747
7.0000 6.7147
7.0000 6.9203
7.0000 8.0218
7.0000 7.8928
7.0000 8.0420
7.0000 7.3743
7.0000 7.4850
7.0000 7.0156
7.0000 7.0194
7.0000 8.9232
7.0000 7.8596
7.0000 7.0901
7.0000 7.0002
7.0000 7.2553
7.0000 7.3766
7.0000 7.5711
7.0000 7.1172
7.0000 7.7259
7.0000 6.6982
7.0000 7.1272
7.0000 6.8032
7.0000 7.3169
7.0000 7.0082
7.0000 7.1037
7.0000 7.7405
7.0000 7.3723
7.0000 7.8231
7.0000 8.2392
7.0000 7.8330
7.0000 9.0481
7.0000 7.7391
7.0000 7.1284
7.0000 7.1324
7.0000 8.1094
7.0000 7.6250
7.0000 7.5148
7.0000 8.1996
7.0000 8.1449
7.0000 8.4391
7.0000 9.0068
7.0000 7.5439
7.0000 6.9289
7.0000 7.5792
7.0000 7.1415
7.0000 7.7328
7.0000 7.2872
7.0000 6.5374
7.0000 8.3784
7.0000 7.4303
7.0000 7.5409
7.0000 7.6124
7.0000 7.1206
7.0000 7.6401
7.0000 8.6480
7.0000 8.0883
7.0000 7.2079
7.0000 6.9538
7.0000 7.4589
7.0000 7.1818
7.0000 7.9140
7.0000 7.8684
7.0000 7.1886
7.0000 6.6990
7.0000 8.3309
7.0000 8.6394
7.0000 8.0647
7.0000 7.1344
7.0000 7.3032
7.0000 7.4914
7.0000 7.4105
7.0000 8.1835
7.0000 7.8591
7.0000 7.2264
7.0000 7.3714
7.0000 6.9008
7.0000 8.5308
7.0000 7.7691
7.0000 7.5481
7.0000 6.0508
7.0000 7.2339
7.0000 8.5811
7.0000 6.9434
7.0000 6.9336
7.0000 8.0793
7.0000 7.1821
7.0000 7.7748
7.0000 7.5777
7.0000 6.1690
7.0000 7.4548
7.0000 7.3406
7.0000 7.5770
7.0000 8.0194
7.0000 7.6675
7.0000 6.8515
7.0000 7.2814
7.0000 7.1383
7.0000 7.2472
7.0000 8.2562
7.0000 7.5859
7.0000 8.3196
7.0000 7.1002
7.0000 6.6185
7.0000 7.5753
7.0000 9.0636
7.0000 7.9342
7.0000 7.2979
7.0000 6.8133
7.0000 8.3746
7.0000 8.0290
7.0000 6.6760
7.0000 8.4852
7.0000 6.6663
7.0000 7.4112
7.0000 7.7836
7.0000 8.0719
7.0000 7.4369
7.0000 7.7821
7.0000 7.2579
7.0000 8.0531
7.0000 7.6965
7.0000 7.6074
7.0000 7.4076
7.0000 7.1798
7.0000 7.2579
7.0000 7.3957
7.0000 8.2836
7.0000 7.5569
7.0000 8.4550
7.0000 7.3899
7.0000 7.4627
7.0000 7.3675
7.0000 7.6607
7.0000 7.9554
7.0000 7.8285
7.0000 7.2791
7.0000 7.1855
7.0000 7.9279
7.0000 8.3171
7.0000 7.0074
7.0000 7.8143
7.0000 5.6033
7.0000 7.9490
7.0000 7.6081
7.0000 7.4591
7.0000 7.3111
7.0000 6.8216
7.0000 7.7037
7.0000 7.3664
7.0000 7.1731
7.0000 7.3930
7.0000 7.9399
7.0000 6.8117
7.0000 7.0598
7.0000 7.4227
7.0000 7.3035
7.0000 6.9691
7.0000 6.5284
7.0000 7.5570
7.0000 7.0197
7.0000 8.1458
7.0000 7.4875
7.0000 8.6664
7.0000 7.0077
7.0000 7.5286
7.0000 7.6954
7.0000 7.2468
7.0000 7.0725
7.0000 8.2042
7.0000 6.7116
7.0000 7.2542
7.0000 6.7063
7.0000 7.8535
7.0000 7.4640
7.0000 7.2876
7.0000 7.7776
7.0000 7.4609
7.0000 7.6446
7.0000 7.3790
7.0000 7.6568
7.0000 7.5854
7.0000 7.4648
7.0000 7.5270
7.0000 7.6480
7.0000 7.9365
7.0000 7.6718
7.0000 8.3755
7.0000 6.9931
7.0000 8.3184
7.0000 7.8857
7.0000 7.0776
7.0000 8.1211
7.0000 8.6335
7.0000 6.7976
7.0000 7.2554
7.0000 7.7695
7.0000 7.7296
7.0000 7.9412
7.0000 7.4996
7.0000 7.1464
7.0000 7.1881
7.0000 7.7709
7.0000 7.2973
7.0000 7.3908
7.0000 7.8262
7.0000 7.2179
7.0000 6.9485
7.0000 7.9311
7.0000 6.1313
7.0000 7.6413
7.0000 7.4660
7.0000 7.9202
7.0000 7.3099
7.0000 7.3506
7.0000 7.2059
7.0000 7.2472
7.0000 7.6097
7.0000 7.9994
7.0000 7.9305
7.0000 7.4966
7.0000 7.1930
7.0000 7.8991
7.0000 7.5273
7.0000 7.2283
7.0000 7.6679
7.0000 7.6621
7.0000 7.1756
7.0000 7.4994
7.0000 7.2861
7.0000 8.8804
7.0000 8.4623
7.0000 6.9460
7.0000 7.1303
7.0000 7.9177
7.0000 6.4619
7.0000 7.3583
7.0000 8.3771
7.0000 7.2487
7.0000 6.8391
7.0000 7.5693
7.0000 6.3086
7.0000 6.5047
7.0000 7.5319
7.0000 7.7715
7.0000 8.3018
7.0000 7.7496
7.0000 6.7667
7.0000 7.7393
7.0000 8.4838
7.0000 6.9790
7.0000 6.6882
7.0000 7.9770
7.0000 7.3458
7.0000 7.0228
7.0000 6.9692
7.0000 7.8775
7.0000 7.6621
7.0000 7.9088
7.0000 7.8932
7.0000 7.3442
7.0000 7.3542
7.0000 8.1402
7.0000 7.7301
7.0000 7.2535
7.0000 7.0650
7.0000 8.0323
7.0000 7.2622
7.0000 7.9780
7.0000 8.5108
7.0000 6.9019
7.0000 7.4171
7.0000 8.2073
7.0000 7.2219
7.0000 6.7865
7.0000 7.3586
7.0000 7.7651
7.0000 6.7105
7.0000 6.9934
7.0000 7.4133
7.0000 7.3831
7.0000 7.6341
7.0000 8.5118
7.0000 8.0735
7.0000 7.0797
7.0000 8.0003
7.0000 7.5457
7.0000 7.7728
7.0000 7.8122
7.0000 8.0415
7.0000 8.1742
7.0000 7.6734
7.0000 7.3530
7.0000 6.3579
7.0000 6.1025
7.0000 7.4667
7.0000 7.7261
7.0000 7.7345
7.0000 7.3307
7.0000 7.4076
7.0000 7.7534
7.0000 7.6133
7.0000 6.1943
7.0000 7.2096
7.0000 6.5440
7.0000 8.0179
7.0000 7.1572
7.0000 7.6677
7.0000 7.2550
7.0000 8.0453
7.0000 7.6646
7.0000 7.9152
7.0000 6.9266
7.0000 7.3245
7.0000 8.0740
7.0000 7.0849
7.0000 7.9651
7.0000 7.4714
7.0000 6.2983
7.0000 8.0605
7.0000 7.8960
7.0000 6.8633
7.0000 6.7985
7.0000 6.5753
7.0000 6.7741
7.0000 7.9242
7.0000 6.9312
7.0000 7.4545
7.0000 7.9919
7.0000 6.5691
7.0000 7.4733
7.0000 8.0158
7.0000 7.0714
7.0000 7.7138
7.0000 7.4722
7.0000 7.3824
7.0000 7.1806
7.0000 7.3476
7.0000 7.0281
7.0000 7.4333
7.0000 6.6389
7.0000 8.2803
7.0000 6.3661
7.0000 7.1283
7.0000 6.8539
7.0000 7.8226
7.0000 7.2576
7.0000 7.2883
7.0000 7.0554
7.0000 7.3036
7.0000 7.0567
7.0000 7.2777
7.0000 6.9119
7.0000 7.4237
7.0000 7.4451
7.0000 7.5838
7.0000 7.5029
7.0000 7.6028
7.0000 6.9195
7.0000 6.4196
7.0000 7.6000
7.0000 6.7098
7.0000 7.7428
7.0000 6.9307
7.0000 7.3392
7.0000 7.7183
7.0000 7.3731
7.0000 8.0187
7.0000 6.7906
7.0000 7.3657
7.0000 6.7512
7.0000 7.9350
7.0000 7.5564
7.0000 6.9744
7.0000 8.4935
7.0000 8.4137
7.0000 7.8103
7.0000 7.4736
7.0000 8.0248
7.0000 6.5047
7.0000 7.1087
7.0000 7.9368
7.0000 7.2339
7.0000 7.7991
7.0000 7.7545
7.0000 8.4767
7.0000 6.9942
7.0000 7.8006
7.0000 7.9293
7.0000 7.0761
7.0000 6.9337
7.0000 7.4914
7.0000 7.4565
7.0000 7.3232
7.0000 8.0820
7.0000 6.7391
7.0000 7.0156
7.0000 7.7205
7.0000 7.4296
7.0000 6.8956
7.0000 8.3268
7.0000 7.5259
7.0000 7.8435
7.0000 7.2866
7.0000 6.6838
7.0000 7.8638
7.0000 7.7752
7.0000 7.5178
7.0000 8.2697
7.0000 7.7047
7.0000 7.1315
7.0000 7.0941
7.0000 7.6465
7.0000 6.9147
7.0000 7.0792
7.0000 7.7906
7.0000 7.9982
7.0000 7.7374
7.0000 7.5222
7.0000 7.1555
7.0000 7.7531
7.0000 7.5409
7.0000 7.6102
7.0000 7.2836
7.0000 6.9386
