8.0000 7.9841
8.0000 8.6957
8.0000 9.5274
8.0000 7.9999
8.0000 8.2626
8.0000 8.7857
8.0000 8.4397
8.0000 7.9467
8.0000 8.1249
8.0000 7.5326
8.0000 7.0631
8.0000 8.0526
8.0000 7.1434
8.0000 8.6361
8.0000 7.9192
8.0000 8.0267
8.0000 8.9923
8.0000 8.7158
8.0000 7.8092
8.0000 8.5025
8.0000 9.0369
8.0000 8.5314
8.0000 7.8115
8.0000 8.8694
8.0000 8.4384
8.0000 8.1622
8.0000 8.8260
8.0000 7.8798
8.0000 8.1792
8.0000 8.3152
8.0000 8.7697
8.0000 7.5375
8.0000 7.7280
8.0000 7.5642
8.0000 8.0554
8.0000 9.3609
8.0000 8.3169
8.0000 7.9090
8.0000 8.4450
8.0000 8.7628
8.0000 7.6893
8.0000 9.8548
8.0000 8.8623
8.0000 8.3166
8.0000 8.9740
8.0000 8.5930
8.0000 8.2003
8.0000 8.7940
8.0000 7.8870
8.0000 9.1084
8.0000 8.9385
8.0000 8.5777
8.0000 8.2934
8.0000 8.4696
8.0000 8.6670
8.0000 8.8190
8.0000 8.3788
8.0000 8.7697
8.0000 7.5495
8.0000 8.1128
8.0000 8.6372
8.0000 7.6340
8.0000 7.2138
8.0000 8.0716
8.0000 8.5271
8.0000 8.5284
8.0000 8.2787
8.0000 8.2982
8.0000 8.2477
8.0000 7.7357
8.0000 8.5508
8.0000 8.5389
8.0000 8.7021
8.0000 9.4277
8.0000 7.4127
8.0000 7.4964
8.0000 7.8968
8.0000 8.7618
8.0000 8.5908
8.0000 7.7397
8.0000 7.8301
8.0000 8.1669
8.0000 8.1822
8.0000 9.0709
8.0000 8.4745
8.0000 7.7741
8.0000 8.4638
8.0000 8.0451
8.0000 7.9108
8.0000 7.9434
8.0000 8.4865
8.0000 8.3749
8.0000 7.7377
8.0000 8.1825
8.0000 8.2608
8.0000 7.8199
8.0000 8.9942
8.0000 7.8087
8.0000 8.3070
8.0000 7.8575
8.0000 7.6446
8.0000 8.6209
8.0000 8.5485
8.0000 9.2520
8.0000 8.0683
8.0000 7.9021
8.0000 8.4922
8.0000 7.8517
8.0000 7.7949
8.0000 8.6660
8.0000 7.9699
8.0000 7.9550
8.0000 8.8447
8.0000 8.6664
8.0000 7.8299
8.0000 6.9573
8.0000 8.5383
8.0000 8.2795
8.0000 9.3540
8.0000 8.1669
8.0000 8.9218
8.0000 7.5083
8.0000 8.4443
8.0000 8.5215
8.0000 8.6461
8.0000 8.8967
8.0000 7.8219
8.0000 8.1659
8.0000 8.3382
8.0000 8.4859
8.0000 8.5144
8.0000 8.7058
8.0000 7.5624
8.0000 8.7619
8.0000 7.8546
8.0000 8.9466
8.0000 8.3938
8.0000 7.5417
8.0000 8.4340
8.0000 10.0324
8.0000 8.6992
8.0000 9.2831
8.0000 7.7019
8.0000 7.6810
8.0000 7.7840
8.0000 7.8699
8.0000 7.7194
8.0000 8.2340
8.0000 8.3488
8.0000 8.8680
8.0000 9.6797
8.0000 8.5123
8.0000 8.2138
8.0000 8.4508
8.0000 8.0756
8.0000 8.5074
8.0000 8.4185
8.0000 8.1408
8.0000 9.1352
8.0000 7.6922
8.0000 8.4163
8.0000 8.9733
8.0000 8.5517
8.0000 7.4807
8.0000 8.8078
8.0000 8.2131
8.0000 7.2842
8.0000 7.7934
8.0000 8.1781
8.0000 7.7133
8.0000 7.8398
8.0000 8.4504
8.0000 7.8753
8.0000 8.3263
8.0000 8.3987
8.0000 9.1552
8.0000 7.8785
8.0000 9.4772
8.0000 8.4592
8.0000 7.5237
8.0000 8.1585
8.0000 8.4228
8.0000 9.0088
8.0000 7.9918
8.0000 7.8653
8.0000 8.0004
8.0000 7.9863
8.0000 8.9510
8.0000 7.7650
8.0000 7.5781
8.0000 8.9790
8.0000 8.4584
8.0000 7.6051
8.0000 8.5760
8.0000 8.6407
8.0000 8.5242
8.0000 9.2005
8.0000 8.9179
8.0000 9.2010
8.0000 9.1200
8.0000 8.2926
8.0000 8.7941
8.0000 8.5726
8.0000 7.1311
8.0000 8.7845
8.0000 7.8751
8.0000 8.5695
8.0000 8.3387
8.0000 6.7628
8.0000 8.7774
8.0000 8.3125
8.0000 8.2249
8.0000 8.1205
8.0000 7.4283
8.0000 7.6825
8.0000 8.2267
8.0000 7.6895
8.0000 7.6959
8.0000 8.9869
8.0000 8.1866
8.0000 8.5586
8.0000 8.3739
8.0000 7.6252
8.0000 8.2622
8.0000 7.8123
8.0000 8.7266
8.0000 7.4523
8.0000 8.6622
8.0000 8.4086
8.0000 8.3400
8.0000 9.2722
8.0000 7.6278
8.0000 8.6816
8.0000 8.8228
8.0000 7.7911
8.0000 7.6844
8.0000 9.2128
8.0000 8.5702
8.0000 8.2639
8.0000 8.0391
8.0000 7.9011
8.0000 7.4621
8.0000 8.5105
8.0000 8.3299
8.0000 9.3639
8.0000 7.8944
8.0000 8.1237
8.0000 8.2569
8.0000 9.4409
8.0000 8.5219
8.0000 8.1568
8.0000 7.8781
8.0000 8.5875
8.0000 8.8203
8.0000 7.7243
8.0000 8.6890
8.0000 8.3783
8.0000 7.7682
8.0000 8.4106
8.0000 9.4540
8.0000 8.8657
8.0000 8.6256
8.0000 8.0436
8.0000 8.5959
8.0000 8.2104
8.0000 8.2887
8.0000 8.1594
8.0000 8.3214
8.0000 7.2979
8.0000 7.8142
8.0000 8.0119
8.0000 8.2348
8.0000 7.6854
8.0000 7.8773
8.0000 8.0733
8.0000 8.9981
8.0000 8.5598
8.0000 8.8657
8.0000 8.0851
8.0000 8.2039
8.0000 9.6177
8.0000 7.7849
8.0000 8.5017
8.0000 8.3546
8.0000 8.6402
8.0000 8.2689
8.0000 8.0125
8.0000 8.6684
8.0000 9.2026
8.0000 8.1701
8.0000 8.6913
8.0000 7.9820
8.0000 8.4958
8.0000 8.0412
8.0000 8.6062
8.0000 8.9797
8.0000 9.1090
8.0000 7.6975
8.0000 8.6738
8.0000 8.3329
8.0000 8.5283
8.0000 7.4200
8.0000 7.7263
8.0000 8.9266
8.0000 8.9261
8.0000 7.5752
8.0000 8.5411
8.0000 8.6100
8.0000 7.8951
8.0000 8.2217
8.0000 8.0400
8.0000 7.7771
8.0000 7.8497
8.0000 8.8529
8.0000 8.2378
8.0000 7.5745
8.0000 8.5928
8.0000 8.3802
8.0000 8.1503
8.0000 8.1910
8.0000 9.2588
8.0000 8.1641
8.0000 9.6428
8.0000 8.5896
8.0000 7.8322
8.0000 8.5626
8.0000 8.7095
8.0000 8.5593
8.0000 8.6992
8.0000 8.6163
8.0000 8.1525
8.0000 8.5177
8.0000 8.5015
8.0000 8.2284
8.0000 7.6846
8.0000 8.5435
8.0000 8.7355
8.0000 9.0925
8.0000 8.3682
8.0000 9.0203
8.0000 8.6522
8.0000 9.6475
8.0000 8.8585
8.0000 8.6699
8.0000 7.8020
8.0000 9.0064
8.0000 8.7291
8.0000 7.9814
8.0000 7.7133
8.0000 8.3348
8.0000 8.3227
8.0000 8.5986
8.0000 8.6680
8.0000 9.1453
8.0000 9.0825
8.0000 9.0938
8.0000 7.5092
8.0000 9.3951
8.0000 8.3926
8.0000 8.3858
8.0000 7.6354
8.0000 8.3301
8.0000 7.5608
8.0000 8.3943
8.0000 9.6713
8.0000 8.1738
8.0000 7.7757
8.0000 8.4990
8.0000 8.6127
8.0000 8.5773
8.0000 9.3992
8.0000 8.7577
8.0000 8.2836
8.0000 8.0852
8.0000 7.9087
8.0000 8.1508
8.0000 8.7239
8.0000 7.5455
8.0000 8.4611
8.0000 8.5995
8.0000 8.7883
8.0000 7.7096
8.0000 8.4025
8.0000 8.9786
8.0000 7.9575
8.0000 9.1514
8.0000 8.4474
8.0000 8.1761
8.0000 8.8221
8.0000 8.6979
8.0000 8.4091
8.0000 7.8768
8.0000 8.7299
8.0000 8.3338
8.0000 7.9500
8.0000 8.0335
8.0000 8.2222
8.0000 7.9648
8.0000 8.3630
8.0000 8.1902
8.0000 8.0014
8.0000 7.8926
8.0000 8.5469
8.0000 7.9424
8.0000 7.1867
8.0000 8.3031
8.0000 8.1544
8.0000 8.2892
8.0000 7.9273
8.0000 9.2305
8.0000 8.1571
8.0000 8.7294
8.0000 10.1110
8.0000 8.8677
8.0000 9.3496
8.0000 8.2715
8.0000 8.7575
8.0000 8.4300
8.0000 7.6064
8.0000 7.9512
8.0000 8.6555
8.0000 8.6166
8.0000 9.0296
8.0000 8.0989
8.0000 8.4290
8.0000 8.1998
8.0000 7.5166
8.0000 7.7267
8.0000 8.5606
8.0000 9.2876
8.0000 9.5409
8.0000 7.8275
8.0000 8.6506
8.0000 8.6941
8.0000 8.9546
8.0000 9.0343
8.0000 8.2130
8.0000 7.7861
8.0000 9.0984
8.0000 8.6639
8.0000 8.5096
8.0000 8.8581
8.0000 8.9869
8.0000 8.6640
8.0000 7.7860
8.0000 7.3043
8.0000 8.6702
8.0000 7.8069
8.0000 7.9341
8.0000 9.4929
8.0000 8.7406
8.0000 8.5469
8.0000 7.9648
8.0000 8.6469
8.0000 8.3998
8.0000 8.6481
8.0000 8.2775
8.0000 8.1337
8.0000 8.5499
8.0000 8.5170
8.0000 8.0353
8.0000 8.5602
8.0000 8.1778
8.0000 8.4054
8.0000 8.0215
8.0000 8.0304
8.0000 8.5601
8.0000 7.9427
8.0000 8.9409
8.0000 8.2522
8.0000 7.7782
8.0000 8.9768
8.0000 8.8343
8.0000 8.0895
8.0000 8.8173
8.0000 8.7168
8.0000 7.5831
8.0000 7.6288
8.0000 8.2307
8.0000 7.7788
8.0000 8.0377
8.0000 8.6106
8.0000 7.4750
8.0000 8.5483
8.0000 8.8074
8.0000 8.9218
8.0000 8.5217
8.0000 9.1946
8.0000 8.5544
8.0000 7.7289
8.0000 7.7974
8.0000 8.0543
8.0000 7.8300
8.0000 8.6566
8.0000 8.2617
8.0000 8.1699
8.0000 8.6506
8.0000 8.4918
8.0000 7.7754
8.0000 9.1210
8.0000 8.0184
8.0000 9.4739
8.0000 8.6391
8.0000 7.6877
8.0000 7.9327
8.0000 7.9835
8.0000 8.7695
8.0000 8.3652
8.0000 8.4131
8.0000 7.1377
8.0000 8.8553
8.0000 7.6682
8.0000 8.5211
8.0000 7.9118
8.0000 7.8222
8.0000 7.7256
8.0000 8.8199
8.0000 8.3457
8.0000 7.6291
8.0000 7.5577
8.0000 8.6473
8.0000 9.3515
8.0000 7.8164
8.0000 7.4627
8.0000 8.5845
8.0000 9.2622
8.0000 8.5264
8.0000 8.6116
8.0000 8.4550
8.0000 8.0860
8.0000 8.2322
8.0000 7.7527
8.0000 7.7707
8.0000 8.0275
8.0000 9.1820
8.0000 8.5887
8.0000 8.6757
8.0000 9.2337
8.0000 8.2928
8.0000 9.0016
8.0000 8.5084
8.0000 8.7390
8.0000 9.1593
8.0000 7.7936
8.0000 8.5560
8.0000 7.7500
8.0000 7.4015
8.0000 8.5777
8.0000 8.6311
8.0000 8.4262
8.0000 8.3762
8.0000 8.2888
8.0000 8.9878
8.0000 8.3125
8.0000 8.7958
8.0000 8.5395
8.0000 8.3015
8.0000 7.8494
8.0000 8.6296
8.0000 8.4411
8.0000 7.7226
8.0000 8.4738
8.0000 8.7636
8.0000 8.2193
8.0000 7.9724
8.0000 8.1701
8.0000 7.9195
8.0000 8.3639
8.0000 7.9977
8.0000 9.1735
8.0000 9.2577
8.0000 7.8814
8.0000 7.1906
8.0000 8.7832
8.0000 9.0040
8.0000 8.7215
8.0000 8.3403
8.0000 8.3573
8.0000 9.3919
8.0000 8.2997
8.0000 8.8757
8.0000 8.4892
8.0000 8.0524
8.0000 7.8891
8.0000 9.4104
8.0000 8.2808
8.0000 8.7485
8.0000 9.1274
8.0000 7.9051
8.0000 8.6945
8.0000 7.6793
8.0000 9.2437
8.0000 8.8197
8.0000 9.0952
8.0000 7.6276
8.0000 8.8589
8.0000 8.0715
8.0000 8.9709
8.0000 8.7424
8.0000 9.2376
8.0000 8.4839
8.0000 8.7284
8.0000 8.5753
8.0000 9.0089
8.0000 8.9300
8.0000 8.6535
8.0000 9.3339
8.0000 8.5904
8.0000 7.9985
8.0000 8.9047
8.0000 8.6490
8.0000 8.2757
8.0000 7.9014
8.0000 8.1274
8.0000 8.5786
8.0000 7.7496
8.0000 8.1810
8.0000 8.0035
8.0000 8.1006
8.0000 9.6523
8.0000 8.4956
8.0000 8.8547
8.0000 8.4303
8.0000 7.9084
8.0000 9.3668
8.0000 8.8994
8.0000 8.8583
8.0000 8.2991
8.0000 8.1570
8.0000 9.1500
8.0000 8.8463
8.0000 7.9133
8.0000 8.6413
8.0000 8.1736
8.0000 8.6582
8.0000 8.1933
8.0000 8.8460
8.0000 8.9471
8.0000 7.3950
8.0000 8.1836
8.0000 8.4315
8.0000 9.0113
8.0000 9.2006
8.0000 7.4872
8.0000 8.3401
8.0000 8.0298
8.0000 9.0565
8.0000 7.2874
8.0000 9.0761
8.0000 8.3124
8.0000 8.7975
8.0000 7.8804
8.0000 8.3653
8.0000 7.8504
8.0000 9.0667
8.0000 8.1612
8.0000 7.6950
8.0000 8.2130
8.0000 8.2534
8.0000 8.6943
8.0000 8.1008
8.0000 8.3726
8.0000 8.7421
8.0000 8.4123
8.0000 8.2311
8.0000 8.7078
8.0000 7.6957
8.0000 8.1568
8.0000 8.2333
8.0000 8.7801
8.0000 8.1834
8.0000 7.7781
8.0000 9.1073
8.0000 8.2925
8.0000 9.9996
8.0000 8.7400
8.0000 7.4929
8.0000 8.4099
8.0000 8.1616
8.0000 8.8120
8.0000 9.1506
8.0000 7.6937
8.0000 7.8133
8.0000 8.4351
8.0000 8.1959
8.0000 8.4258
8.0000 8.1165
8.0000 8.9691
8.0000 8.1227
8.0000 8.3798
8.0000 7.9011
8.0000 8.5607
8.0000 6.6835
8.0000 7.3859
8.0000 8.3659
8.0000 9.0471
8.0000 7.7561
8.0000 7.3055
8.0000 8.1986
8.0000 9.0184
8.0000 8.1677
8.0000 7.6231
8.0000 8.5880
8.0000 8.5437
8.0000 8.0968
8.0000 8.6822
8.0000 7.9731
8.0000 9.0744
8.0000 7.5729
8.0000 8.4188
8.0000 7.6787
8.0000 7.9390
8.0000 8.5784
8.0000 9.1667
8.0000 8.5579
8.0000 8.9564
8.0000 7.7939
8.0000 6.9517
8.0000 7.7326
8.0000 9.0319
8.0000 9.0055
8.0000 7.7309
8.0000 7.1548
8.0000 9.9619
8.0000 8.5666
8.0000 8.8366
8.0000 9.6922
8.0000 8.9613
8.0000 7.4379
8.0000 8.5645
8.0000 8.5757
8.0000 8.8747
8.0000 8.5307
8.0000 8.6346
8.0000 7.5219
8.0000 8.8311
8.0000 8.6399
8.0000 9.0913
8.0000 9.4256
8.0000 7.6542
8.0000 9.1520
8.0000 7.5574
8.0000 8.6077
8.0000 8.7062
8.0000 7.6603
8.0000 8.7897
8.0000 8.1737
8.0000 8.1033
8.0000 8.4060
8.0000 8.6252
8.0000 8.3894
8.0000 8.5761
8.0000 8.9432
8.0000 8.8406
8.0000 7.8572
8.0000 8.9176
8.0000 8.4335
8.0000 8.2106
8.0000 8.0263
8.0000 8.8621
8.0000 7.8675
8.0000 9.1638
8.0000 8.1784
8.0000 8.8754
8.0000 7.9430
8.0000 8.1305
8.0000 9.5897
8.0000 8.6382
8.0000 7.6412
8.0000 7.9914
8.0000 6.9451
8.0000 7.8191
8.0000 8.5971
8.0000 8.4246
8.0000 8.9203
8.0000 8.3305
8.0000 8.5753
8.0000 7.7760
8.0000 8.8576
8.0000 9.9631
8.0000 8.6592
8.0000 7.9302
8.0000 8.1106
8.0000 8.5439
8.0000 8.9776
8.0000 7.9748
8.0000 9.1049
8.0000 8.7554
8.0000 9.5954
8.0000 8.3082
8.0000 8.9254
8.0000 8.8872
8.0000 9.0544
8.0000 9.0638
8.0000 8.4578
8.0000 8.9056
8.0000 8.5889
8.0000 8.0746
8.0000 8.1406
8.0000 6.9829
8.0000 8.7041
8.0000 6.6995
8.0000 9.2638
8.0000 7.7454
8.0000 7.9041
8.0000 9.4244
8.0000 8.2657
8.0000 8.9105
8.0000 8.8384
8.0000 8.3632
8.0000 8.6302
8.0000 8.0369
8.0000 9.2799
8.0000 8.3705
8.0000 8.1231
8.0000 8.3593
8.0000 9.3139
8.0000 8.4463
8.0000 9.1423
8.0000 8.6411
8.0000 8.2797
8.0000 8.3249
8.0000 9.1992
8.0000 9.4462
8.0000 8.7972
8.0000 8.8918
8.0000 7.1971
8.0000 8.9084
8.0000 8.7595
8.0000 8.3340
8.0000 9.1041
8.0000 8.6777
8.0000 9.1175
8.0000 8.6325
8.0000 7.7472
8.0000 8.4953
8.0000 9.6674
8.0000 9.1815
8.0000 7.8074
8.0000 7.6200
8.0000 9.1333
8.0000 7.9920
8.0000 8.7639
8.0000 8.0103
8.0000 7.9842
8.0000 8.0279
8.0000 8.0674
8.0000 8.1048
8.0000 9.2686
8.0000 7.7702
8.0000 7.6898
8.0000 8.1123
8.0000 8.8285
8.0000 7.9763
8.0000 8.5988
8.0000 8.3256
8.0000 8.3786
8.0000 7.9268
8.0000 8.3720
8.0000 8.4757
8.0000 8.7828
8.0000 7.6980
8.0000 7.5732
8.0000 9.4885
8.0000 7.4494
8.0000 7.7655
8.0000 8.7634
8.0000 8.5956
8.0000 8.2078
8.0000 8.7275
8.0000 8.2785
8.0000 9.0693
8.0000 8.5074
8.0000 7.3711
8.0000 7.9651
8.0000 9.1241
8.0000 8.7119
8.0000 8.8113
8.0000 8.2164
8.0000 8.2051
8.0000 8.5995
8.0000 8.3575
8.0000 8.2941
8.0000 9.3938
8.0000 8.2459
8.0000 7.3817
8.0000 9.0255
8.0000 7.5960
8.0000 8.4288
8.0000 7.9715
8.0000 8.0158
8.0000 7.7650
8.0000 7.9520
8.0000 9.0080
8.0000 7.7852
8.0000 8.3215
8.0000 8.0397
8.0000 9.5285
8.0000 8.3864
8.0000 8.5661
8.0000 8.4147
8.0000 8.8752
8.0000 8.9464
8.0000 8.1989
8.0000 8.1190
8.0000 8.7740
8.0000 8.2921
8.0000 7.8521
8.0000 7.9408
8.0000 8.3626
8.0000 7.4161
8.0000 8.3131
8.0000 8.8455
8.0000 7.6808
8.0000 7.3102
8.0000 8.5674
8.0000 8.4911
8.0000 7.5959
8.0000 8.2901
8.0000 9.2250
8.0000 7.9458
8.0000 8.8358
8.0000 8.4214
8.0000 8.7284
8.0000 8.1102
8.0000 8.2054
8.0000 7.9216
8.0000 8.1141
8.0000 8.5336
8.0000 8.2500
8.0000 9.4872
8.0000 8.3931
8.0000 8.6662
8.0000 7.6941
8.0000 9.6497
8.0000 7.8581
8.0000 7.6681
8.0000 8.3078
8.0000 7.5579
8.0000 9.2968
8.0000 8.1027
8.0000 8.2291
8.0000 8.2343
8.0000 8.3450
8.0000 8.5274
8.0000 7.5989
8.0000 8.0023
8.0000 8.2557
8.0000 8.4143
8.0000 8.4617
8.0000 7.3688
8.0000 8.8998
8.0000 8.0099
8.0000 7.6900
8.0000 8.4141
8.0000 8.8369
8.0000 8.3729
8.0000 8.1643
8.0000 8.5010
8.0000 8.6558
8.0000 8.6135
8.0000 7.7045
8.0000 7.9727
8.0000 8.3493
8.0000 8.5218
8.0000 9.9480
8.0000 8.1140
8.0000 9.0718
8.0000 8.5710
8.0000 8.4037
8.0000 7.9599
8.0000 8.8256
8.0000 8.4976
8.0000 8.4341
8.0000 8.3703
8.0000 8.2070
8.0000 8.7531
8.0000 9.3463
8.0000 8.2072
8.0000 8.0197
8.0000 8.7828
8.0000 9.0477
8.0000 7.7908
8.0000 8.4008
8.0000 8.5668
8.0000 8.1947
8.0000 7.8996
8.0000 8.2918
8.0000 7.8766
8.0000 8.7901
8.0000 8.4663
8.0000 7.3319
8.0000 8.7868
8.0000 8.5968
8.0000 9.3818
8.0000 8.8368
8.0000 8.0450
8.0000 9.0360
8.0000 7.6248
8.0000 8.7978
8.0000 8.5288
8.0000 7.9741
8.0000 7.6456
8.0000 7.6030
8.0000 7.3808
8.0000 8.4705
8.0000 8.7365
8.0000 7.3720
8.0000 7.7697
8.0000 8.4537
8.0000 8.6252
8.0000 8.5016
8.0000 8.0808
8.0000 8.4222
8.0000 8.3034
8.0000 8.2627
8.0000 8.4517
8.0000 8.6660
8.0000 8.0650
8.0000 7.6807
8.0000 8.2028
8.0000 9.6448
8.0000 8.7752
8.0000 7.6322
8.0000 8.0866
8.0000 7.2116
8.0000 8.0375
8.0000 7.8102
8.0000 8.6563
8.0000 7.8917
8.0000 8.2328
8.0000 9.0374
8.0000 9.4584
8.0000 7.9469
8.0000 8.4786
8.0000 8.7966
8.0000 8.3614
8.0000 7.8044
8.0000 7.8200
8.0000 7.3716
8.0000 7.4267
8.0000 8.7006
8.0000 8.6115
8.0000 7.7575
8.0000 8.9406
8.0000 8.8288
8.0000 7.9487
8.0000 8.2159
8.0000 8.7083
8.0000 7.5552
8.0000 7.7751
8.0000 8.6661
8.0000 9.3611
8.0000 8.8163
8.0000 8.3566
8.0000 9.2287
8.0000 8.5308
8.0000 7.9497
8.0000 8.5391
8.0000 8.7264
8.0000 7.9802
8.0000 7.3727
8.0000 8.2741
8.0000 7.6987
8.0000 8.0487
8.0000 8.6027
8.0000 7.7103
8.0000 8.2235
8.0000 8.9937
8.0000 7.5445
8.0000 8.7930
8.0000 8.9488
8.0000 7.3996
8.0000 8.1562
8.0000 8.0286
8.0000 8.5832
8.0000 8.5342
8.0000 7.9158
8.0000 8.8938
8.0000 8.6700
8.0000 8.1399
8.0000 8.8157
8.0000 8.2024
8.0000 9.3127
8.0000 8.1740
8.0000 7.8203
8.0000 8.6195
8.0000 8.8580
8.0000 7.9508
8.0000 8.5169
8.0000 8.2623
8.0000 8.9933
8.0000 8.4373
8.0000 8.1425
8.0000 8.7907
8.0000 8.3421
8.0000 8.2027
8.0000 8.6039
8.0000 8.0417
8.0000 8.2421
8.0000 8.6965
8.0000 8.5029
8.0000 8.5619
8.0000 7.9395
8.0000 7.7843
8.0000 9.2089
8.0000 8.1346
8.0000 9.2271
8.0000 8.3886
8.0000 8.3544
8.0000 7.0577
8.0000 8.1217
8.0000 7.4373
8.0000 7.7519
8.0000 8.0427
8.0000 8.8391
8.0000 8.1687
8.0000 8.7717
8.0000 8.5945
8.0000 7.3960
8.0000 8.2547
8.0000 8.7334
8.0000 7.7163
8.0000 8.1796
8.0000 8.7917
8.0000 8.3074
8.0000 6.0571
8.0000 8.1099
8.0000 9.1355
8.0000 7.4924
8.0000 6.6774
8.0000 8.6927
8.0000 7.9362
8.0000 8.3475
8.0000 8.4746
8.0000 8.6368
8.0000 9.3695
8.0000 7.6846
8.0000 9.0066
8.0000 8.5474
8.0000 8.8304
8.0000 7.1121
8.0000 9.0916
8.0000 8.3208
8.0000 9.2444
8.0000 8.3743
8.0000 8.5555
8.0000 9.3431
8.0000 7.8174
8.0000 9.2144
8.0000 8.6172
8.0000 8.6869
8.0000 7.4650
8.0000 8.4486
8.0000 8.7623
8.0000 8.2139
8.0000 8.3475
8.0000 7.9482
8.0000 8.8408
8.0000 8.4563
8.0000 7.8444
8.0000 7.9111
8.0000 8.8972
8.0000 7.8202
8.0000 7.8193
8.0000 8.9199
8.0000 8.4537
8.0000 8.0443
8.0000 9.1306
8.0000 8.2118
8.0000 8.2699
8.0000 8.3914
8.0000 7.5591
8.0000 8.1644
8.0000 8.9832
8.0000 8.3148
8.0000 9.1988
8.0000 8.8057
8.0000 8.2462
8.0000 8.5591
8.0000 8.2526
8.0000 7.8563
8.0000 8.6582
8.0000 8.5112
8.0000 9.0360
8.0000 8.4217
8.0000 8.2300
8.0000 7.9885
8.0000 9.2008
8.0000 8.8711
8.0000 8.5134
8.0000 8.4272
8.0000 8.8324
8.0000 8.3163
8.0000 8.6020
8.0000 8.2090
8.0000 8.1271
8.0000 7.4182
8.0000 8.7336
8.0000 8.2940
8.0000 8.6481
8.0000 8.6687
8.0000 7.4475
8.0000 8.3765
8.0000 8.3201
8.0000 8.8506
8.0000 7.9209
8.0000 8.3657
8.0000 7.5581
8.0000 7.8550
8.0000 8.6863
8.0000 8.7663
8.0000 8.6175
8.0000 8.6782
8.0000 8.4483
8.0000 9.4413
8.0000 8.7205
8.0000 8.6686
8.0000 7.6591
8.0000 8.8304
8.0000 8.4165
8.0000 8.5219
8.0000 9.7785
8.0000 8.6816
8.0000 8.5523
8.0000 9.2291
8.0000 8.4651
8.0000 8.4032
8.0000 7.2116
8.0000 8.9216
8.0000 8.2679
8.0000 7.7776
8.0000 8.4962
8.0000 7.4773
8.0000 8.8536
8.0000 7.2891
8.0000 9.1344
8.0000 7.7441
8.0000 7.7918
8.0000 8.8667
8.0000 7.7876
8.0000 7.7598
8.0000 8.6294
8.0000 8.5611
8.0000 7.9549
8.0000 8.2062
8.0000 7.8966
8.0000 7.6161
8.0000 8.9491
8.0000 8.0954
8.0000 7.6680
8.0000 7.8608
8.0000 8.3370
8.0000 8.7827
8.0000 8.3424
8.0000 7.9362
8.0000 8.3384
8.0000 7.6379
8.0000 8.4004
8.0000 7.8508
8.0000 6.8766
8.0000 8.3795
8.0000 8.3695
8.0000 9.2307
8.0000 8.2140
8.0000 7.7858
8.0000 8.3783
8.0000 8.2357
8.0000 8.7715
8.0000 8.3139
8.0000 9.4079
8.0000 8.0341
8.0000 9.3159
8.0000 8.7603
8.0000 8.0782
8.0000 8.9145
8.0000 8.2283
8.0000 7.9023
8.0000 8.9562
8.0000 8.0993
8.0000 8.0025
8.0000 9.4674
8.0000 8.6195
8.0000 8.5410
8.0000 8.9048
8.0000 8.8294
8.0000 8.2550
8.0000 8.1558
8.0000 8.1393
8.0000 8.6164
8.0000 8.1086
8.0000 8.3054
8.0000 7.9001
8.0000 7.7978
8.0000 7.9658
8.0000 8.6991
8.0000 8.5003
8.0000 8.4327
8.0000 7.8592
8.0000 8.1332
8.0000 8.8565
8.0000 8.1634
8.0000 8.4825
8.0000 8.0584
8.0000 8.2491
8.0000 8.6585
8.0000 8.0278
8.0000 8.7693
8.0000 9.0375
8.0000 7.3715
8.0000 8.8527
8.0000 8.0011
8.0000 8.3823
8.0000 9.0263
8.0000 8.2104
8.0000 9.0454
8.0000 7.8594
8.0000 8.1626
8.0000 8.1105
8.0000 8.3586
8.0000 7.6073
8.0000 8.1764
8.0000 7.3663
8.0000 9.1377
8.0000 8.3017
8.0000 8.4741
8.0000 7.7188
8.0000 8.5680
8.0000 8.3053
8.0000 7.3023
8.0000 9.0726
8.0000 7.9736
8.0000 7.9332
8.0000 8.2151
8.0000 7.6068
8.0000 8.4052
8.0000 8.5910
8.0000 7.9550
8.0000 8.5097
8.0000 6.9061
8.0000 7.5725
8.0000 8.3530
8.0000 7.2140
8.0000 7.8160
8.0000 8.8533
8.0000 7.0939
8.0000 8.1434
8.0000 7.8154
8.0000 7.1386
8.0000 9.2206
8.0000 8.8103
8.0000 7.9618
8.0000 8.4313
8.0000 9.1287
8.0000 8.3325
8.0000 8.4343
8.0000 8.4875
8.0000 9.0416
8.0000 7.3198
8.0000 8.0597
8.0000 7.2582
8.0000 7.4146
8.0000 8.2826
8.0000 8.1373
8.0000 8.0263
8.0000 8.9404
8.0000 7.9216
8.0000 8.4892
8.0000 8.3533
8.0000 7.4554
8.0000 8.1761
8.0000 7.1497
8.0000 9.4604
8.0000 8.8238
8.0000 7.6148
8.0000 8.1436
8.0000 9.0142
8.0000 7.6541
8.0000 8.3896
8.0000 7.4245
8.0000 9.5541
8.0000 8.3516
8.0000 8.3569
8.0000 8.1962
8.0000 8.1816
8.0000 7.4921
8.0000 9.0536
8.0000 7.5445
8.0000 7.0943
8.0000 8.4120
8.0000 8.6450
8.0000 7.9416
8.0000 8.4855
8.0000 8.2668
8.0000 8.1091
8.0000 7.6094
8.0000 8.7039
8.0000 8.3379
8.0000 8.1448
8.0000 9.4445
8.0000 7.7989
8.0000 8.3339
8.0000 8.2495
8.0000 8.5488
8.0000 8.0458
8.0000 8.2202
8.0000 7.6885
8.0000 8.0924
8.0000 8.2634
8.0000 8.2030
8.0000 8.6680
8.0000 8.1531
8.0000 7.7755
8.0000 8.4488
8.0000 8.5294
8.0000 7.9432
8.0000 8.1777
8.0000 8.0939
8.0000 7.4927
8.0000 8.7865
8.0000 7.5044
8.0000 8.2615
8.0000 7.4941
8.0000 8.6520
8.0000 8.2574
8.0000 8.1434
8.0000 8.1870
8.0000 8.8775
8.0000 8.8638
8.0000 9.1107
8.0000 8.0620
8.0000 9.1576
8.0000 7.5258
8.0000 8.7255
8.0000 9.0728
8.0000 7.7547
8.0000 8.5049
8.0000 9.2002
8.0000 9.2530
8.0000 8.6393
8.0000 8.2396
8.0000 9.1134
8.0000 8.3552
8.0000 9.2918
8.0000 8.8270
8.0000 8.2830
8.0000 7.7674
8.0000 9.4056
8.0000 7.7511
8.0000 8.3935
8.0000 8.0161
8.0000 8.7381
8.0000 8.0665
8.0000 8.0403
8.0000 7.2923
8.0000 8.3630
8.0000 8.6827
8.0000 9.4508
8.0000 8.1389
8.0000 7.7140
8.0000 8.4676
8.0000 7.8423
8.0000 8.5184
8.0000 8.9661
8.0000 9.1171
8.0000 7.9877
8.0000 7.8602
8.0000 8.4072
8.0000 8.2443
8.0000 9.1759
8.0000 8.0737
8.0000 7.8904
8.0000 8.8621
8.0000 7.0828
8.0000 8.1868
8.0000 7.8430
8.0000 8.1280
8.0000 8.0207
8.0000 8.2783
8.0000 8.9405
8.0000 10.1210
8.0000 8.0440
8.0000 9.2913
8.0000 8.1597
8.0000 8.1507
8.0000 7.6529
8.0000 8.9560
8.0000 9.0659
8.0000 7.6784
8.0000 9.2123
8.0000 8.3827
8.0000 8.6889
8.0000 7.6798
8.0000 8.4494
8.0000 8.9870
8.0000 8.6125
8.0000 6.9304
8.0000 8.0021
8.0000 8.4819
8.0000 8.3521
8.0000 7.4489
8.0000 7.8325
8.0000 7.8699
8.0000 8.3071
8.0000 9.1126
8.0000 7.9657
8.0000 8.5392
8.0000 8.2027
8.0000 8.1373
8.0000 8.8383
8.0000 7.7343
8.0000 6.8554
8.0000 8.0618
8.0000 7.8461
8.0000 7.9560
8.0000 7.7065
8.0000 7.7131
8.0000 8.5916
8.0000 8.8552
8.0000 8.0771
8.0000 8.1483
8.0000 7.4839
8.0000 8.2024
8.0000 8.8199
8.0000 8.7914
8.0000 7.9527
8.0000 7.5525
8.0000 8.4284
8.0000 9.0428
8.0000 8.0821
8.0000 9.5161
8.0000 7.8766
8.0000 8.8120
8.0000 8.4078
8.0000 8.6103
8.0000 8.0327
8.0000 8.2445
8.0000 8.3994
8.0000 8.2397
8.0000 8.4738
8.0000 8.5078
8.0000 8.2455
8.0000 8.7209
8.0000 7.7838
8.0000 8.8076
8.0000 8.2927
8.0000 7.7921
8.0000 8.8354
8.0000 8.2476
8.0000 8.6193
8.0000 8.2295
8.0000 8.6527
8.0000 7.9526
8.0000 8.7325
8.0000 8.4386
8.0000 8.7036
8.0000 7.3230
8.0000 8.7270
8.0000 9.5658
8.0000 7.5205
8.0000 9.2788
8.0000 8.2862
8.0000 8.0189
8.0000 8.0264
8.0000 9.0237
8.0000 8.2630
8.0000 8.7265
8.0000 7.2868
8.0000 8.2927
8.0000 7.7589
8.0000 9.5604
8.0000 9.0107
8.0000 7.4811
8.0000 8.8108
8.0000 8.4382
8.0000 8.1343
8.0000 8.3129
8.0000 8.6556
8.0000 9.0755
8.0000 8.2724
8.0000 9.0141
8.0000 8.4817
8.0000 9.2923
8.0000 8.3424
8.0000 7.3130
8.0000 7.9296
8.0000 8.6294
8.0000 8.1195
8.0000 8.7233
8.0000 8.7382
8.0000 8.8279
8.0000 8.8055
8.0000 8.3876
8.0000 8.1366
8.0000 8.6754
8.0000 8.5012
8.0000 8.0367
8.0000 8.0389
8.0000 8.3949
8.0000 7.8679
8.0000 8.2535
8.0000 8.8023
8.0000 8.1000
8.0000 8.2466
8.0000 8.0026
8.0000 8.3123
8.0000 8.0794
8.0000 8.4281
8.0000 8.7761
8.0000 8.1130
8.0000 7.5621
8.0000 8.2885
8.0000 8.5339
8.0000 8.2290
8.0000 8.4960
8.0000 9.5000
8.0000 8.1977
8.0000 8.4249
8.0000 8.7476
8.0000 9.0044
8.0000 8.6683
8.0000 8.5958
8.0000 7.6361
8.0000 8.1554
8.0000 9.1470
8.0000 7.7691
8.0000 7.9461
8.0000 8.4503
8.0000 9.0204
8.0000 8.4531
8.0000 8.9822
8.0000 7.7382
8.0000 9.0647
8.0000 7.4310
8.0000 8.5600
8.0000 8.7636
8.0000 7.7034
8.0000 8.6233
8.0000 8.3692
8.0000 8.5127
8.0000 8.5943
8.0000 8.4440
8.0000 8.6077
8.0000 8.2107
8.0000 9.0696
8.0000 9.1746
8.0000 8.2575
8.0000 9.2477
8.0000 8.7167
8.0000 8.0478
8.0000 8.0645
8.0000 8.2065
8.0000 8.0836
8.0000 8.0753
8.0000 7.9562
8.0000 7.8592
8.0000 9.0623
8.0000 8.9826
8.0000 7.5060
8.0000 8.1799
8.0000 7.6655
8.0000 8.0285
8.0000 7.7286
8.0000 9.0986
8.0000 8.6971
8.0000 8.0780
8.0000 7.6946
8.0000 9.9112
8.0000 8.4010
8.0000 8.3255
8.0000 8.5938
8.0000 9.2784
8.0000 7.1114
8.0000 8.5585
8.0000 7.4315
8.0000 7.8831
8.0000 9.3109
8.0000 8.6089
8.0000 8.5595
8.0000 8.7742
8.0000 8.2661
8.0000 8.3203
8.0000 9.4633
8.0000 8.4037
8.0000 8.5751
8.0000 7.6808
8.0000 8.1530
8.0000 8.8312
8.0000 8.4017
8.0000 9.2945
8.0000 8.3638
8.0000 8.3871
8.0000 7.7658
8.0000 8.4623
8.0000 8.2520
8.0000 7.7806
8.0000 7.7577
8.0000 8.6565
8.0000 8.0647
8.0000 7.4765
8.0000 7.8139
8.0000 7.6990
8.0000 8.7185
8.0000 8.7212
8.0000 8.7427
8.0000 8.0776
8.0000 8.6396
8.0000 7.9983
8.0000 8.4795
8.0000 7.9063
8.0000 8.3530
8.0000 8.5600
8.0000 7.4657
8.0000 8.0932
8.0000 8.5621
8.0000 8.7816
8.0000 9.1339
8.0000 8.3886
8.0000 9.6819
8.0000 8.4230
8.0000 9.1806
8.0000 8.7116
8.0000 7.8026
8.0000 9.1862
8.0000 8.8382
8.0000 8.2036
8.0000 8.6843
8.0000 7.8952
8.0000 8.8881
8.0000 9.3764
8.0000 9.4877
8.0000 7.8725
8.0000 7.4699
8.0000 8.4704
8.0000 7.9377
8.0000 9.0350
8.0000 7.6917
8.0000 8.5584
8.0000 8.3701
8.0000 8.7347
8.0000 8.5873
8.0000 8.8913
8.0000 8.8673
8.0000 8.2214
8.0000 7.8348
8.0000 7.9912
8.0000 8.1844
8.0000 8.7937
8.0000 7.4200
8.0000 8.4577
8.0000 8.7640
8.0000 8.7815
8.0000 8.2978
8.0000 8.8227
8.0000 8.6625
8.0000 8.1069
8.0000 7.9850
8.0000 7.8704
8.0000 9.3752
8.0000 8.0569
8.0000 8.1718
8.0000 8.7010
8.0000 7.7518
8.0000 8.0772
8.0000 8.1642
8.0000 8.1652
8.0000 7.9349
8.0000 8.2598
8.0000 9.3097
8.0000 9.1513
8.0000 9.0331
8.0000 8.2351
8.0000 7.3015
8.0000 8.3504
8.0000 7.9023
8.0000 8.8051
8.0000 8.4294
8.0000 8.6368
8.0000 8.8821
8.0000 8.8209
8.0000 9.0190
8.0000 8.3322
8.0000 9.0500
8.0000 8.9004
8.0000 8.8553
8.0000 8.1092
8.0000 9.1687
8.0000 8.9353
8.0000 8.9012
8.0000 8.8850
8.0000 8.1277
8.0000 8.0294
8.0000 8.5103
8.0000 8.0258
8.0000 8.3374
8.0000 8.5141
8.0000 8.9091
8.0000 7.8122
8.0000 8.5790
8.0000 8.6763
8.0000 8.5990
8.0000 7.9793
8.0000 8.8070
8.0000 9.3397
8.0000 7.7592
8.0000 8.7688
8.0000 8.9749
8.0000 7.7955
8.0000 8.7703
8.0000 8.4072
8.0000 8.0124
8.0000 8.9662
8.0000 7.4881
8.0000 8.6713
8.0000 8.1216
8.0000 8.3743
8.0000 8.0194
8.0000 7.7046
8.0000 8.5180
8.0000 8.2977
8.0000 8.0930
8.0000 7.2188
8.0000 9.7639
8.0000 8.9021
8.0000 8.5944
8.0000 8.9596
8.0000 7.8885
8.0000 7.8323
8.0000 8.7931
8.0000 7.4479
8.0000 8.7258
8.0000 9.0338
8.0000 8.6567
8.0000 7.6774
8.0000 8.0912
8.0000 7.8581
8.0000 7.8358
8.0000 7.7854
8.0000 8.4444
8.0000 7.2914
8.0000 7.7542
8.0000 8.4396
8.0000 9.1098
8.0000 9.5143
8.0000 7.9882
8.0000 8.8505
8.0000 8.4771
8.0000 8.2485
8.0000 6.9976
8.0000 8.7728
8.0000 9.6811
8.0000 7.8933
8.0000 7.8648
8.0000 8.8474
8.0000 8.0164
8.0000 7.8580
8.0000 7.9323
8.0000 9.1005
8.0000 8.3225
8.0000 8.2295
8.0000 9.0261
8.0000 7.8511
8.0000 8.5069
8.0000 7.7643
8.0000 9.2667
8.0000 8.7301
8.0000 8.8673
8.0000 8.4177
8.0000 8.2366
8.0000 8.2978
8.0000 8.4176
8.0000 7.6359
8.0000 7.7321
8.0000 9.5109
8.0000 7.9578
8.0000 8.2877
8.0000 7.5764
8.0000 7.7302
8.0000 7.8475
8.0000 8.1071
8.0000 9.1986
8.0000 8.3353
8.0000 8.5506
8.0000 8.5262
8.0000 7.7700
8.0000 8.2411
8.0000 8.3040
8.0000 9.4330
8.0000 9.2813
8.0000 7.9809
8.0000 8.1043
8.0000 8.4200
8.0000 8.2807
8.0000 8.1580
8.0000 8.8036
8.0000 8.8755
8.0000 8.2630
8.0000 8.6959
8.0000 8.3866
8.0000 9.3395
8.0000 7.9183
8.0000 9.5990
8.0000 7.4346
8.0000 9.1626
8.0000 8.7595
8.0000 8.7004
8.0000 8.7524
8.0000 8.0934
8.0000 8.2527
8.0000 8.2869
8.0000 8.5457
8.0000 8.3068
8.0000 8.1882
8.0000 8.0603
8.0000 8.8604
8.0000 8.4798
8.0000 8.5889
8.0000 8.9622
8.0000 8.4431
8.0000 8.2586
8.0000 8.3140
8.0000 7.4081
8.0000 8.3387
8.0000 8.0700
8.0000 8.2381
8.0000 8.1072
8.0000 8.1563
8.0000 7.7255
8.0000 7.8849
8.0000 8.6205
8.0000 9.0531
8.0000 8.5607
8.0000 8.3557
8.0000 8.5071
8.0000 8.5046
8.0000 8.6345
8.0000 7.6320
8.0000 9.1140
8.0000 8.0353
8.0000 9.0371
8.0000 8.1093
8.0000 8.3095
8.0000 8.1429
8.0000 9.0622
8.0000 7.7614
8.0000 9.0254
8.0000 8.8750
8.0000 8.9395
8.0000 7.2969
8.0000 7.9152
8.0000 7.8444
8.0000 7.7281
8.0000 8.3268
8.0000 8.3397
8.0000 9.4436
8.0000 8.8987
8.0000 8.5191
8.0000 8.1239
8.0000 8.4127
8.0000 8.0659
8.0000 9.5267
8.0000 8.1471
8.0000 8.9413
8.0000 7.9809
8.0000 7.8729
8.0000 8.1435
8.0000 9.1963
8.0000 8.1681
8.0000 8.4726
8.0000 8.1578
8.0000 8.7323
8.0000 7.9733
8.0000 8.4369
8.0000 8.3690
8.0000 8.2764
8.0000 8.2470
8.0000 9.2764
8.0000 7.9588
8.0000 8.7418
8.0000 8.1128
8.0000 8.1828
8.0000 7.6550
8.0000 8.4423
8.0000 9.3111
8.0000 8.7208
8.0000 7.8015
8.0000 8.4363
8.0000 9.1257
8.0000 8.1252
8.0000 8.1578
8.0000 7.7938
8.0000 8.4564
8.0000 8.4874
8.0000 7.7307
8.0000 7.8976
8.0000 7.1675
8.0000 8.1231
8.0000 8.5491
8.0000 8.1736
8.0000 7.7839
8.0000 8.6472
8.0000 8.5730
8.0000 9.0683
8.0000 9.0983
8.0000 8.0918
8.0000 9.0906
8.0000 8.2684
8.0000 6.6659
8.0000 8.3583
8.0000 8.7261
8.0000 8.5201
8.0000 7.1626
8.0000 7.7406
8.0000 7.2838
8.0000 8.7011
8.0000 8.9229
8.0000 8.6596
8.0000 8.4245
8.0000 8.7525
8.0000 7.7159
8.0000 7.9577
8.0000 9.1733
8.0000 8.6433
8.0000 8.8639
8.0000 8.5200
8.0000 8.1991
8.0000 7.4364
8.0000 8.2334
8.0000 8.4223
8.0000 9.0540
8.0000 7.7533
8.0000 8.2296
8.0000 8.6559
8.0000 8.4647
8.0000 7.6649
8.0000 7.9783
8.0000 8.3950
8.0000 8.5661
8.0000 8.4738
8.0000 8.8566
8.0000 9.0799
8.0000 8.3973
8.0000 8.4361
8.0000 7.5176
8.0000 8.2673
8.0000 8.3579
8.0000 8.4585
8.0000 9.3962
8.0000 8.1013
8.0000 8.1985
8.0000 8.4936
8.0000 7.2729
8.0000 9.5049
8.0000 7.8933
8.0000 8.3288
8.0000 8.8505
8.0000 9.0469
8.0000 8.0072
8.0000 8.8634
8.0000 8.0437
8.0000 7.8313
8.0000 8.3090
8.0000 8.5065
8.0000 9.1825
8.0000 8.4916
8.0000 8.2767
8.0000 8.9387
8.0000 8.2834
8.0000 7.9626
8.0000 8.9674
8.0000 7.8715
8.0000 8.3852
8.0000 7.9165
8.0000 8.6323
8.0000 8.3304
8.0000 8.2090
8.0000 7.8138
8.0000 9.0989
8.0000 8.6310
8.0000 7.9070
8.0000 8.4531
8.0000 9.0551
8.0000 9.7770
8.0000 7.6088
8.0000 9.4231
8.0000 8.0707
8.0000 8.8396
8.0000 9.0045
8.0000 8.1942
8.0000 8.7361
8.0000 9.0381
8.0000 7.6280
8.0000 8.9731
8.0000 8.0377
8.0000 8.2672
8.0000 8.2997
8.0000 7.8381
8.0000 8.2581
8.0000 8.5396
8.0000 8.9281
8.0000 8.4038
8.0000 9.0412
8.0000 8.6085
8.0000 8.1851
8.0000 8.5232
8.0000 8.1349
8.0000 8.1661
8.0000 7.8849
8.0000 7.4509
8.0000 8.6085
8.0000 7.7705
8.0000 7.9549
8.0000 9.0142
8.0000 8.9114
8.0000 8.6245
8.0000 8.8124
8.0000 7.9158
8.0000 8.6281
8.0000 7.2566
8.0000 8.2250
8.0000 7.9849
8.0000 7.2757
8.0000 7.4107
8.0000 8.6887
8.0000 7.8829
8.0000 8.3941
8.0000 8.6770
8.0000 7.9089
8.0000 9.0471
8.0000 8.0827
8.0000 7.4379
8.0000 8.7926
8.0000 9.7709
8.0000 8.1269
8.0000 9.4274
8.0000 7.7199
8.0000 7.8095
8.0000 7.9899
8.0000 8.0725
8.0000 7.5563
8.0000 8.0844
8.0000 7.5133
8.0000 8.6299
8.0000 8.0169
8.0000 8.1555
8.0000 8.2267
8.0000 8.8447
8.0000 8.8906
8.0000 8.5486
8.0000 7.5756
8.0000 8.1527
8.0000 8.4503
8.0000 8.5315
8.0000 7.6365
8.0000 9.0120
8.0000 7.9854
8.0000 8.9882
8.0000 8.3524
8.0000 7.8396
8.0000 7.2296
8.0000 8.7735
8.0000 9.5333
8.0000 8.4741
8.0000 6.8704
8.0000 9.0016
8.0000 8.7083
8.0000 8.5065
8.0000 7.8692
8.0000 8.9069
8.0000 8.5028
8.0000 8.8503
8.0000 8.1372
8.0000 8.2467
8.0000 9.1355
8.0000 8.4106
8.0000 7.6037
8.0000 7.1602
8.0000 8.2099
8.0000 8.0068
8.0000 8.2413
8.0000 7.8599
8.0000 8.4745
8.0000 8.1294
8.0000 7.7732
8.0000 7.9847
8.0000 8.7072
8.0000 7.8689
8.0000 8.2589
8.0000 8.5560
8.0000 7.8491
8.0000 8.1676
8.0000 7.9472
8.0000 9.4655
8.0000 8.3986
8.0000 8.7279
8.0000 8.3822
8.0000 7.8809
8.0000 8.8461
8.0000 8.6262
8.0000 8.7144
8.0000 8.7631
8.0000 8.6197
8.0000 8.4056
8.0000 8.4196
8.0000 8.5583
8.0000 8.4324
8.0000 8.4563
8.0000 8.5822
8.0000 8.3253
8.0000 7.9591
8.0000 8.1371
8.0000 8.2237
8.0000 8.2653
8.0000 8.2965
8.0000 7.7351
8.0000 8.2014
8.0000 8.7904
8.0000 8.5333
8.0000 8.2870
8.0000 8.6480
8.0000 8.6214
8.0000 8.5613
8.0000 9.6466
8.0000 8.6827
8.0000 8.2786
8.0000 8.6069
8.0000 7.8456
8.0000 8.7770
8.0000 8.5384
8.0000 9.2915
8.0000 9.0032
8.0000 8.2967
8.0000 8.5356
8.0000 7.8543
8.0000 8.0637
8.0000 8.6832
8.0000 7.9506
8.0000 7.7136
8.0000 9.2699
8.0000 8.7143
8.0000 7.5116
8.0000 8.4419
8.0000 8.4083
8.0000 8.0849
8.0000 8.9219
8.0000 8.7506
8.0000 7.9078
8.0000 9.0996
8.0000 8.8395
8.0000 9.3153
8.0000 7.8798
8.0000 8.3964
8.0000 6.8287
8.0000 8.1437
8.0000 9.3181
8.0000 8.6331
8.0000 7.6664
8.0000 7.6312
8.0000 8.5013
8.0000 9.1513
8.0000 8.9965
8.0000 7.6113
8.0000 7.8419
8.0000 8.8799
8.0000 8.6692
8.0000 9.0411
8.0000 8.9958
8.0000 8.5756
8.0000 9.1439
8.0000 8.6081
8.0000 7.7097
8.0000 7.7308
8.0000 6.8915
8.0000 8.5347
8.0000 8.4145
8.0000 8.9197
8.0000 8.3276
8.0000 8.5674
8.0000 8.8213
8.0000 9.6975
8.0000 8.1034
8.0000 8.1193
8.0000 8.3364
8.0000 8.2284
8.0000 9.2522
8.0000 8.1499
8.0000 8.7377
8.0000 8.7768
8.0000 8.4348
8.0000 8.1884
8.0000 8.1495
8.0000 8.3680
8.0000 8.7159
8.0000 7.5142
8.0000 8.2219
8.0000 7.6547
8.0000 8.4549
8.0000 8.6033
8.0000 8.3629
8.0000 8.2387
8.0000 8.1173
8.0000 9.0731
8.0000 8.6063
8.0000 8.1716
8.0000 8.7265
8.0000 9.5079
8.0000 8.7766
8.0000 7.8050
8.0000 7.9790
8.0000 8.3142
8.0000 8.4548
8.0000 8.5581
8.0000 8.5293
8.0000 8.5893
8.0000 7.9383
8.0000 8.8351
8.0000 8.5598
8.0000 8.4807
8.0000 7.4715
8.0000 7.7758
8.0000 7.8325
8.0000 8.0470
8.0000 7.1478
8.0000 8.8338
8.0000 8.6961
8.0000 7.7713
8.0000 7.5647
8.0000 8.6203
8.0000 8.5068
8.0000 8.7391
8.0000 9.1985
8.0000 8.3282
8.0000 8.0554
8.0000 7.9663
8.0000 8.0948
8.0000 7.7747
8.0000 8.6703
8.0000 8.3601
8.0000 8.5634
8.0000 8.4648
8.0000 7.6057
8.0000 8.1636
8.0000 8.9909
8.0000 8.3327
8.0000 8.2667
8.0000 7.9723
8.0000 8.3884
8.0000 8.5565
8.0000 8.1016
8.0000 8.3712
8.0000 7.3688
8.0000 8.7730
8.0000 7.9454
8.0000 7.6124
8.0000 7.3130
8.0000 8.9760
8.0000 9.1837
8.0000 7.7285
8.0000 8.7496
8.0000 8.4376
8.0000 9.1122
8.0000 9.0323
8.0000 7.1709
8.0000 9.0395
8.0000 7.5402
8.0000 8.0775
8.0000 8.7659
8.0000 8.9273
8.0000 8.2514
8.0000 6.8478
8.0000 7.6727
8.0000 8.5853
8.0000 8.2211
8.0000 7.9769
8.0000 8.8435
8.0000 8.4080
8.0000 8.6749
8.0000 7.4836
8.0000 8.3825
8.0000 8.0993
8.0000 8.4163
8.0000 8.0135
8.0000 7.9437
8.0000 8.1467
8.0000 8.4583
8.0000 8.4026
8.0000 8.5063
8.0000 7.8975
8.0000 8.1920
8.0000 7.9133
8.0000 8.3141
8.0000 7.8006
8.0000 8.6728
8.0000 7.9075
8.0000 9.1581
8.0000 7.6582
8.0000 9.0031
8.0000 8.6951
8.0000 8.1997
8.0000 8.2419
8.0000 7.9594
8.0000 8.0462
8.0000 8.4099
8.0000 8.3394
8.0000 8.2028
8.0000 8.6718
8.0000 8.1367
8.0000 7.9575
8.0000 8.7052
8.0000 7.9548
8.0000 7.5968
8.0000 8.6490
8.0000 7.5514
8.0000 7.3662
8.0000 8.5301
8.0000 8.2177
8.0000 8.3008
8.0000 8.1442
8.0000 8.6123
8.0000 7.6807
8.0000 8.6269
8.0000 8.6887
8.0000 8.8949
8.0000 8.0534
8.0000 7.7576
8.0000 8.3286
8.0000 8.1389
8.0000 8.6593
8.0000 8.9810
8.0000 8.1977
8.0000 7.3860
8.0000 8.8385
8.0000 8.2657
8.0000 8.4902
8.0000 8.1109
8.0000 7.8811
8.0000 7.3759
8.0000 7.8329
8.0000 9.5745
8.0000 8.5965
8.0000 8.1003
8.0000 8.0285
8.0000 8.3265
8.0000 8.6795
8.0000 8.2431
8.0000 7.7204
8.0000 9.0657
8.0000 8.1054
8.0000 8.8528
8.0000 9.3012
8.0000 8.6835
8.0000 8.8601
8.0000 8.1226
8.0000 8.7568
8.0000 8.3295
8.0000 8.9970
8.0000 8.1722
8.0000 8.6570
8.0000 7.3895
8.0000 8.4245
8.0000 8.7786
8.0000 7.0030
8.0000 8.9516
8.0000 8.4873
8.0000 8.1650
8.0000 8.2174
8.0000 9.3919
8.0000 7.9985
8.0000 7.3148
8.0000 8.3710
8.0000 8.8540
8.0000 8.5629
8.0000 7.9141
8.0000 7.6861
8.0000 8.9169
8.0000 9.2826
8.0000 9.0496
8.0000 8.0003
8.0000 7.3200
8.0000 9.2932
8.0000 8.4948
8.0000 7.7714
8.0000 7.5499
8.0000 8.0868
8.0000 8.4156
8.0000 8.7232
8.0000 8.5320
8.0000 8.7070
8.0000 8.2284
8.0000 8.4658
8.0000 7.5705
8.0000 8.5308
8.0000 8.7630
8.0000 8.4208
8.0000 8.3645
8.0000 7.8643
8.0000 8.5694
8.0000 7.8938
8.0000 7.2657
8.0000 8.6191
8.0000 7.6786
