9.0000 10.2968
9.0000 9.1846
9.0000 9.1634
9.0000 9.4118
9.0000 10.0586
9.0000 9.3857
9.0000 8.8025
9.0000 8.2215
9.0000 8.5792
9.0000 9.7269
9.0000 8.6369
9.0000 9.1061
9.0000 8.6442
9.0000 9.7072
9.0000 9.3742
9.0000 10.2667
9.0000 9.4870
9.0000 9.6327
9.0000 9.4953
9.0000 10.4482
9.0000 10.1567
9.0000 9.6752
9.0000 9.6600
9.0000 8.9623
9.0000 9.8004
9.0000 10.1182
9.0000 8.9976
9.0000 9.8583
9.0000 9.3319
9.0000 9.4490
9.0000 9.2904
9.0000 9.4899
9.0000 9.7383
9.0000 9.9320
9.0000 9.8460
9.0000 9.8553
9.0000 8.9938
9.0000 9.0104
9.0000 8.4009
9.0000 9.5372
9.0000 9.7104
9.0000 9.7134
9.0000 9.4106
9.0000 9.8154
9.0000 8.8840
9.0000 9.8587
9.0000 8.8981
9.0000 8.8198
9.0000 8.8084
9.0000 9.5003
9.0000 9.9984
9.0000 9.1240
9.0000 9.5289
9.0000 9.2472
9.0000 9.3947
9.0000 9.1200
9.0000 9.7532
9.0000 9.6593
9.0000 9.0941
9.0000 9.0106
9.0000 9.5443
9.0000 9.1113
9.0000 9.1267
9.0000 9.1204
9.0000 10.3184
9.0000 8.9794
9.0000 8.1741
9.0000 8.6821
9.0000 9.1383
9.0000 9.0361
9.0000 9.6641
9.0000 9.1357
9.0000 8.1944
9.0000 9.3921
9.0000 9.4226
9.0000 8.4618
9.0000 9.8077
9.0000 9.3547
9.0000 9.0128
9.0000 9.8029
9.0000 9.9655
9.0000 9.4603
9.0000 7.8021
9.0000 9.5436
9.0000 9.4350
9.0000 9.8735
9.0000 9.8717
9.0000 8.8292
9.0000 9.6088
9.0000 9.6605
9.0000 10.2355
9.0000 8.8029
9.0000 9.8635
9.0000 9.4938
9.0000 9.5394
9.0000 8.5172
9.0000 9.4546
9.0000 10.4026
9.0000 10.3628
9.0000 9.3236
9.0000 8.6025
9.0000 9.3135
9.0000 9.5952
9.0000 8.3403
9.0000 10.3913
9.0000 8.9377
9.0000 9.2092
9.0000 9.5027
9.0000 9.0196
9.0000 9.2977
9.0000 9.3471
9.0000 10.1516
9.0000 9.3448
9.0000 8.9266
9.0000 9.0575
9.0000 9.8987
9.0000 8.8328
9.0000 8.7735
9.0000 9.6748
9.0000 9.4329
9.0000 9.3150
9.0000 10.0433
9.0000 8.8083
9.0000 8.5563
9.0000 9.5452
9.0000 10.9786
9.0000 9.5817
9.0000 9.3309
9.0000 8.8120
9.0000 10.0483
9.0000 9.2884
9.0000 9.6872
9.0000 9.6440
9.0000 9.7306
9.0000 9.9902
9.0000 8.9790
9.0000 9.9105
9.0000 9.4847
9.0000 9.2676
9.0000 9.4211
9.0000 9.0603
9.0000 9.2418
9.0000 9.5279
9.0000 9.0083
9.0000 9.5731
9.0000 10.0024
9.0000 9.3522
9.0000 9.2473
9.0000 9.7009
9.0000 9.6870
9.0000 9.2553
9.0000 9.8034
9.0000 8.1097
9.0000 9.2860
9.0000 9.7079
9.0000 9.0906
9.0000 8.7359
9.0000 9.3252
9.0000 8.6069
9.0000 8.5385
9.0000 9.9162
9.0000 9.3675
9.0000 9.4336
9.0000 9.6761
9.0000 8.9332
9.0000 9.2929
9.0000 9.2919
9.0000 10.3007
9.0000 10.0331
9.0000 10.2779
9.0000 8.3781
9.0000 8.6290
9.0000 9.1156
9.0000 9.4995
9.0000 9.9750
9.0000 8.4704
9.0000 10.3297
9.0000 10.8327
9.0000 9.4755
9.0000 9.5322
9.0000 9.5229
9.0000 10.1462
9.0000 9.3710
9.0000 9.5525
9.0000 9.7097
9.0000 8.6988
9.0000 9.0647
9.0000 9.4703
9.0000 10.1023
9.0000 9.0076
9.0000 10.2352
9.0000 9.2788
9.0000 8.5660
9.0000 9.6312
9.0000 9.8151
9.0000 8.9006
9.0000 8.9924
9.0000 9.5477
9.0000 9.4336
9.0000 9.6254
9.0000 8.5373
9.0000 9.5064
9.0000 8.9713
9.0000 8.9059
9.0000 8.8170
9.0000 8.9819
9.0000 9.8503
9.0000 9.7578
9.0000 9.2284
9.0000 9.4830
9.0000 9.7377
9.0000 9.2764
9.0000 9.4016
9.0000 9.7179
9.0000 9.0058
9.0000 9.5539
9.0000 9.2261
9.0000 9.1863
9.0000 9.2201
9.0000 9.3126
9.0000 8.6971
9.0000 9.1226
9.0000 8.8213
9.0000 8.7556
9.0000 9.4123
9.0000 9.0679
9.0000 8.7435
9.0000 9.0495
9.0000 8.2688
9.0000 8.7852
9.0000 9.4478
9.0000 9.4785
9.0000 9.1394
9.0000 8.6529
9.0000 9.4534
9.0000 9.2999
9.0000 8.7320
9.0000 9.6050
9.0000 9.4603
9.0000 8.8412
9.0000 9.5601
9.0000 9.4698
9.0000 8.1602
9.0000 8.8797
9.0000 9.9971
9.0000 8.2852
9.0000 9.1941
9.0000 8.3359
9.0000 8.4978
9.0000 9.0027
9.0000 9.5322
9.0000 8.5455
9.0000 9.1008
9.0000 10.5833
9.0000 9.6161
9.0000 8.5795
9.0000 8.6099
9.0000 8.9958
9.0000 8.9585
9.0000 9.4266
9.0000 9.2003
9.0000 10.0392
9.0000 9.3084
9.0000 9.5034
9.0000 9.8526
9.0000 9.1649
9.0000 9.7724
9.0000 8.8905
9.0000 9.4642
9.0000 8.6475
9.0000 10.4432
9.0000 9.5267
9.0000 9.2841
9.0000 8.6237
9.0000 8.6302
9.0000 8.5823
9.0000 9.1978
9.0000 8.9135
9.0000 9.8323
9.0000 9.4875
9.0000 9.4602
9.0000 9.6162
9.0000 9.7481
9.0000 10.4396
9.0000 9.9308
9.0000 9.0722
9.0000 8.8438
9.0000 9.5053
9.0000 9.4353
9.0000 9.6951
9.0000 8.5154
9.0000 9.0938
9.0000 9.2138
9.0000 9.6943
9.0000 9.2307
9.0000 9.0384
9.0000 9.7386
9.0000 9.3662
9.0000 9.3490
9.0000 9.3939
9.0000 10.2244
9.0000 9.7795
9.0000 8.9577
9.0000 8.9871
9.0000 9.9359
9.0000 9.4454
9.0000 8.9136
9.0000 8.9794
9.0000 9.2170
9.0000 9.2674
9.0000 9.1942
9.0000 9.0608
9.0000 8.9906
9.0000 8.8097
9.0000 9.1821
9.0000 9.5054
9.0000 9.1105
9.0000 9.0813
9.0000 9.3051
9.0000 9.8226
9.0000 8.8865
9.0000 9.0455
9.0000 9.1538
9.0000 8.9233
9.0000 8.7907
9.0000 8.9421
9.0000 9.3430
9.0000 9.9902
9.0000 9.6310
9.0000 9.7407
9.0000 9.9708
9.0000 8.2590
9.0000 9.2961
9.0000 8.9754
9.0000 8.5478
9.0000 8.6077
9.0000 9.8798
9.0000 9.0264
9.0000 9.0222
9.0000 8.9155
9.0000 8.9314
9.0000 8.9408
9.0000 9.1484
9.0000 9.9322
9.0000 8.7584
9.0000 9.8335
9.0000 8.9389
9.0000 9.9900
9.0000 9.4393
9.0000 9.3166
9.0000 9.8849
9.0000 9.1579
9.0000 7.9235
9.0000 10.0354
9.0000 9.5091
9.0000 10.0482
9.0000 9.2949
9.0000 9.5697
9.0000 9.3117
9.0000 9.5536
9.0000 9.9510
9.0000 8.6562
9.0000 9.1171
9.0000 8.7815
9.0000 8.2170
9.0000 9.4171
9.0000 9.9586
9.0000 8.9972
9.0000 9.2229
9.0000 8.7108
9.0000 9.3998
9.0000 8.7697
9.0000 9.6299
9.0000 9.4654
9.0000 10.3372
9.0000 8.2610
9.0000 8.7623
9.0000 9.8783
9.0000 9.2252
9.0000 8.7992
9.0000 9.7511
9.0000 8.7962
9.0000 9.3579
9.0000 8.4180
9.0000 9.8355
9.0000 9.3444
9.0000 9.3675
9.0000 9.6282
9.0000 9.0167
9.0000 9.1810
9.0000 9.3367
9.0000 8.8260
9.0000 8.9029
9.0000 9.7314
9.0000 8.6823
9.0000 8.8189
9.0000 9.0464
9.0000 8.5947
9.0000 9.4168
9.0000 9.6003
9.0000 9.2569
9.0000 8.9594
9.0000 9.3768
9.0000 9.5636
9.0000 10.0760
9.0000 9.8643
9.0000 8.3951
9.0000 10.0383
9.0000 9.2227
9.0000 9.9985
9.0000 9.2268
9.0000 9.2533
9.0000 8.8454
9.0000 9.3464
9.0000 9.0326
9.0000 9.9439
9.0000 9.3757
9.0000 10.1818
9.0000 9.1994
9.0000 9.6129
9.0000 8.9515
9.0000 9.6909
9.0000 9.5704
9.0000 8.6207
9.0000 7.6880
9.0000 8.9145
9.0000 9.4616
9.0000 8.2486
9.0000 8.9305
9.0000 8.2403
9.0000 9.1515
9.0000 9.5513
9.0000 9.4076
9.0000 9.6641
9.0000 9.4756
9.0000 8.6953
9.0000 8.6404
9.0000 9.6268
9.0000 9.4782
9.0000 9.8591
9.0000 7.8878
9.0000 9.9988
9.0000 9.9397
9.0000 9.6497
9.0000 9.3728
9.0000 9.1684
9.0000 9.7633
9.0000 10.0759
9.0000 8.9784
9.0000 9.9642
9.0000 8.9786
9.0000 8.6824
9.0000 10.2250
9.0000 9.8196
9.0000 8.6767
9.0000 8.7090
9.0000 9.6482
9.0000 9.0514
9.0000 9.6698
9.0000 9.2600
9.0000 9.6160
9.0000 10.0371
9.0000 9.1342
9.0000 10.2793
9.0000 9.2567
9.0000 9.4957
9.0000 8.4651
9.0000 8.5540
9.0000 8.2886
9.0000 9.3343
9.0000 9.9699
9.0000 9.1774
9.0000 9.8210
9.0000 9.0679
9.0000 8.4108
9.0000 9.3027
9.0000 9.3411
9.0000 8.7363
9.0000 9.9220
9.0000 8.9366
9.0000 9.1928
9.0000 9.1390
9.0000 9.1561
9.0000 9.1288
9.0000 10.4914
9.0000 9.8186
9.0000 8.8847
9.0000 9.1509
9.0000 8.8640
9.0000 8.8460
9.0000 9.7470
9.0000 10.1887
9.0000 10.3786
9.0000 9.4972
9.0000 9.2581
9.0000 8.7962
9.0000 7.7192
9.0000 9.3756
9.0000 8.0124
9.0000 7.9196
9.0000 9.2911
9.0000 9.5394
9.0000 9.3888
9.0000 9.5720
9.0000 9.7777
9.0000 10.1969
9.0000 9.4902
9.0000 9.3656
9.0000 9.5586
9.0000 10.1088
9.0000 9.3390
9.0000 8.8889
9.0000 10.1619
9.0000 8.8799
9.0000 9.1323
9.0000 8.8653
9.0000 8.9583
9.0000 9.3306
9.0000 8.8397
9.0000 9.1724
9.0000 8.5438
9.0000 9.2753
9.0000 9.0328
9.0000 9.3698
9.0000 8.8951
9.0000 8.5033
9.0000 9.9349
9.0000 9.4134
9.0000 9.6908
9.0000 9.6885
9.0000 9.0558
9.0000 9.9632
9.0000 9.3162
9.0000 9.2626
9.0000 9.6747
9.0000 9.2869
9.0000 8.6932
9.0000 9.4738
9.0000 8.8709
9.0000 9.5611
9.0000 9.8931
9.0000 9.2966
9.0000 9.8903
9.0000 9.3472
9.0000 9.0494
9.0000 9.4954
9.0000 9.8614
9.0000 8.9048
9.0000 9.7932
9.0000 9.9174
9.0000 9.0886
9.0000 10.6802
9.0000 9.6745
9.0000 9.5304
9.0000 8.6749
9.0000 8.8254
9.0000 8.7477
9.0000 9.2324
9.0000 9.6283
9.0000 9.1404
9.0000 9.2281
9.0000 9.7463
9.0000 9.3062
9.0000 9.0071
9.0000 10.2269
9.0000 10.1286
9.0000 9.4221
9.0000 9.3892
9.0000 8.9291
9.0000 9.2615
9.0000 9.9671
9.0000 8.7970
9.0000 9.3852
9.0000 8.4369
9.0000 9.9759
9.0000 9.1042
9.0000 9.5245
9.0000 8.4186
9.0000 8.5256
9.0000 9.7870
9.0000 9.4958
9.0000 9.0514
9.0000 9.7262
9.0000 10.0346
9.0000 9.6062
9.0000 9.6283
9.0000 10.6462
9.0000 9.5285
9.0000 9.0303
9.0000 9.4382
9.0000 9.7869
9.0000 9.1461
9.0000 9.5447
9.0000 8.6944
9.0000 9.3661
9.0000 9.4630
9.0000 9.4614
9.0000 9.0561
9.0000 8.7349
9.0000 9.1153
9.0000 9.1735
9.0000 8.8839
9.0000 9.2443
9.0000 9.3385
9.0000 7.8048
9.0000 9.6086
9.0000 9.4285
9.0000 8.2941
9.0000 9.2056
9.0000 9.7925
9.0000 9.3877
9.0000 8.6528
9.0000 9.1145
9.0000 9.6826
9.0000 8.8876
9.0000 8.7061
9.0000 9.4198
9.0000 9.0048
9.0000 8.7989
9.0000 8.5494
9.0000 9.3496
9.0000 9.5832
9.0000 10.5724
9.0000 9.9112
9.0000 8.9766
9.0000 9.6927
9.0000 9.7314
9.0000 9.8307
9.0000 9.2198
9.0000 9.7068
9.0000 8.7215
9.0000 9.0798
9.0000 9.5296
9.0000 8.5112
9.0000 9.4750
9.0000 9.6081
9.0000 9.4149
9.0000 9.3137
9.0000 8.9127
9.0000 9.0549
9.0000 9.5899
9.0000 9.5940
9.0000 9.6379
9.0000 9.5798
9.0000 9.0461
9.0000 9.5827
9.0000 8.7986
9.0000 9.6129
9.0000 9.4422
9.0000 9.4221
9.0000 8.9470
9.0000 8.8499
9.0000 8.7039
9.0000 9.9373
9.0000 9.4426
9.0000 8.7166
9.0000 9.1808
9.0000 9.1727
9.0000 9.5182
9.0000 8.4638
9.0000 9.2064
9.0000 9.2435
9.0000 8.2115
9.0000 9.0222
9.0000 9.0440
9.0000 9.1558
9.0000 9.1823
9.0000 8.9372
9.0000 8.8040
9.0000 9.6060
9.0000 9.2906
9.0000 9.7283
9.0000 9.5516
9.0000 9.4810
9.0000 8.8039
9.0000 9.1435
9.0000 9.0025
9.0000 8.6253
9.0000 9.8308
9.0000 9.1326
9.0000 9.5517
9.0000 9.5433
9.0000 9.6243
9.0000 9.3149
9.0000 9.9203
9.0000 8.8470
9.0000 8.6079
9.0000 9.2993
9.0000 9.3454
9.0000 8.6553
9.0000 8.8187
9.0000 8.8282
9.0000 9.1561
9.0000 9.4342
9.0000 9.6089
9.0000 9.8557
9.0000 9.7944
9.0000 9.1343
9.0000 8.6464
9.0000 9.3488
9.0000 8.4506
9.0000 10.2002
9.0000 9.4972
9.0000 9.1413
9.0000 8.6857
9.0000 9.2742
9.0000 9.4329
9.0000 9.2265
9.0000 9.3524
9.0000 8.7986
9.0000 9.9662
9.0000 9.4505
9.0000 10.3004
9.0000 9.6660
9.0000 9.4529
9.0000 9.2374
9.0000 9.8573
9.0000 9.3786
9.0000 8.8599
9.0000 9.6901
9.0000 9.2959
9.0000 8.8880
9.0000 8.9592
9.0000 9.2882
9.0000 9.1666
9.0000 9.4141
9.0000 9.4136
9.0000 8.8123
9.0000 8.8242
9.0000 9.0921
9.0000 8.8997
9.0000 8.7263
9.0000 8.7932
9.0000 9.0196
9.0000 8.9939
9.0000 9.1289
9.0000 8.8399
9.0000 9.4642
9.0000 10.2185
9.0000 9.3923
9.0000 8.8316
9.0000 9.5587
9.0000 9.3569
9.0000 10.2416
9.0000 9.1570
9.0000 9.1156
9.0000 9.4910
9.0000 9.0446
9.0000 8.2338
9.0000 10.1124
9.0000 9.0693
9.0000 9.1877
9.0000 9.0544
9.0000 9.6976
9.0000 9.5721
9.0000 9.4596
9.0000 9.5096
9.0000 9.1529
9.0000 8.3283
9.0000 9.4423
9.0000 10.0745
9.0000 8.6956
9.0000 9.3595
9.0000 9.5467
9.0000 9.3352
9.0000 9.5891
9.0000 8.3750
9.0000 8.8009
9.0000 9.7704
9.0000 9.1165
9.0000 10.0133
9.0000 9.9093
9.0000 8.9591
9.0000 8.8708
9.0000 9.5470
9.0000 9.6435
9.0000 9.5905
9.0000 10.3834
9.0000 9.7534
9.0000 9.3840
9.0000 9.2510
9.0000 9.3324
9.0000 9.0126
9.0000 9.6044
9.0000 9.4632
9.0000 9.8780
9.0000 9.8210
9.0000 9.7731
9.0000 9.5773
9.0000 8.3791
9.0000 9.9375
9.0000 9.3117
9.0000 8.2372
9.0000 8.7066
9.0000 8.9920
9.0000 8.9142
9.0000 9.4115
9.0000 9.4239
9.0000 8.5813
9.0000 9.9485
9.0000 9.6981
9.0000 9.0987
9.0000 9.2282
9.0000 9.3381
9.0000 9.4165
9.0000 9.4514
9.0000 8.9480
9.0000 9.9305
9.0000 8.8599
9.0000 10.4240
9.0000 9.8532
9.0000 9.4403
9.0000 8.9888
9.0000 9.0278
9.0000 9.3777
9.0000 9.6421
9.0000 9.2126
9.0000 9.9201
9.0000 9.3486
9.0000 10.1948
9.0000 8.7863
9.0000 8.9877
9.0000 10.0123
9.0000 9.0999
9.0000 10.5131
9.0000 9.4496
9.0000 9.0030
9.0000 9.6163
9.0000 8.6699
9.0000 8.8027
9.0000 9.4128
9.0000 8.4388
9.0000 8.9746
9.0000 10.7344
9.0000 8.4881
9.0000 9.2553
9.0000 9.9583
9.0000 9.7043
9.0000 10.6802
9.0000 9.2768
9.0000 8.7091
9.0000 9.4725
9.0000 8.8873
9.0000 8.5797
9.0000 8.7763
9.0000 9.7435
9.0000 9.5182
9.0000 8.7503
9.0000 9.7846
9.0000 10.4576
9.0000 9.5421
9.0000 8.8780
9.0000 9.3052
9.0000 9.2336
9.0000 9.8576
9.0000 8.4255
9.0000 9.1289
9.0000 9.7093
9.0000 9.9481
9.0000 9.2968
9.0000 9.5533
9.0000 9.1633
9.0000 9.4180
9.0000 9.7336
9.0000 8.7544
9.0000 8.2841
9.0000 8.9091
9.0000 8.3651
9.0000 9.4848
9.0000 9.3035
9.0000 8.9595
9.0000 9.4501
9.0000 8.9869
9.0000 10.0900
9.0000 8.7655
9.0000 9.3950
9.0000 9.1034
9.0000 10.4401
9.0000 9.1885
9.0000 8.7394
9.0000 9.0992
9.0000 9.5551
9.0000 9.4812
9.0000 10.2445
9.0000 9.6772
9.0000 8.7174
9.0000 9.6721
9.0000 9.2458
9.0000 9.0392
9.0000 9.2240
9.0000 10.5466
9.0000 9.8060
9.0000 9.8619
9.0000 8.8613
9.0000 8.8855
9.0000 8.9408
9.0000 9.9019
9.0000 9.6158
9.0000 9.5812
9.0000 9.1471
9.0000 8.9240
9.0000 9.1840
9.0000 9.8694
9.0000 9.6789
9.0000 8.9974
9.0000 9.3565
9.0000 9.0946
9.0000 9.1409
9.0000 8.3864
9.0000 9.6378
9.0000 9.6141
9.0000 8.9176
9.0000 9.3706
9.0000 9.2913
9.0000 9.3528
9.0000 8.7315
9.0000 9.1299
9.0000 8.9389
9.0000 9.3967
9.0000 9.1922
9.0000 9.3275
9.0000 9.0654
9.0000 9.9924
9.0000 9.6298
9.0000 9.4760
9.0000 8.4159
9.0000 9.6243
9.0000 8.9045
9.0000 9.1988
9.0000 8.8688
9.0000 9.8372
9.0000 9.9181
9.0000 8.7696
9.0000 9.3089
9.0000 9.3144
9.0000 10.4407
9.0000 8.6808
9.0000 9.2354
9.0000 10.1000
9.0000 10.1777
9.0000 9.0670
9.0000 10.1526
9.0000 9.3980
9.0000 9.5958
9.0000 8.8533
9.0000 8.4527
9.0000 9.3713
9.0000 9.0030
9.0000 9.6912
9.0000 9.6566
9.0000 8.6978
9.0000 8.6626
9.0000 11.1838
9.0000 9.2063
9.0000 9.2912
9.0000 8.9467
9.0000 9.2751
9.0000 9.2796
9.0000 9.0437
9.0000 9.4264
9.0000 9.1048
9.0000 8.3931
9.0000 9.5001
9.0000 10.1548
9.0000 9.3181
9.0000 8.5965
9.0000 8.0281
9.0000 8.2910
9.0000 9.4036
9.0000 9.5279
9.0000 8.2525
9.0000 10.2961
9.0000 9.8114
9.0000 10.0189
9.0000 8.9228
9.0000 8.8728
9.0000 9.7873
9.0000 8.8982
9.0000 8.5977
9.0000 9.5423
9.0000 9.7831
9.0000 9.9546
9.0000 7.9832
9.0000 9.5497
9.0000 9.4985
9.0000 8.7420
9.0000 9.1150
9.0000 9.0277
9.0000 8.9421
9.0000 8.9309
9.0000 8.6658
9.0000 9.2098
9.0000 9.0104
9.0000 8.3016
9.0000 9.2953
9.0000 9.5172
9.0000 9.9799
9.0000 9.1519
9.0000 10.0918
9.0000 10.0072
9.0000 10.0923
9.0000 9.6788
9.0000 8.3963
9.0000 10.0820
9.0000 9.4917
9.0000 10.2619
9.0000 9.4901
9.0000 9.3039
9.0000 9.4453
9.0000 9.6377
9.0000 9.2615
9.0000 9.8744
9.0000 9.0063
9.0000 9.5459
9.0000 9.3372
9.0000 9.4887
9.0000 9.4466
9.0000 9.9591
9.0000 9.1860
9.0000 8.0586
9.0000 9.2247
9.0000 9.6212
9.0000 9.4203
9.0000 8.8026
9.0000 9.2097
9.0000 9.6466
9.0000 9.5778
9.0000 9.4836
9.0000 9.5546
9.0000 9.1684
9.0000 9.7750
9.0000 9.7979
9.0000 8.8025
9.0000 9.5250
9.0000 10.2170
9.0000 9.2853
9.0000 9.0118
9.0000 9.6812
9.0000 9.3854
9.0000 9.3573
9.0000 9.8243
9.0000 9.1781
9.0000 8.3139
9.0000 8.7764
9.0000 10.1273
9.0000 8.5713
9.0000 9.0874
9.0000 10.3577
9.0000 9.1649
9.0000 9.0204
9.0000 10.1715
9.0000 8.4041
9.0000 9.7928
9.0000 9.3263
9.0000 9.3450
9.0000 10.0266
9.0000 9.9509
9.0000 8.2470
9.0000 10.4261
9.0000 8.6940
9.0000 9.1249
9.0000 9.5178
9.0000 9.6061
9.0000 9.6379
9.0000 9.0038
9.0000 9.4810
9.0000 9.3115
9.0000 9.4996
9.0000 8.8274
9.0000 9.7072
9.0000 10.2267
9.0000 9.9361
9.0000 9.4322
9.0000 9.0570
9.0000 9.0594
9.0000 9.3888
9.0000 9.2421
9.0000 9.4809
9.0000 10.1517
9.0000 9.6199
9.0000 9.9123
9.0000 8.9992
9.0000 8.8222
9.0000 9.7537
9.0000 9.8106
9.0000 8.9613
9.0000 8.8138
9.0000 9.0910
9.0000 9.1160
9.0000 8.0064
9.0000 9.1611
9.0000 9.8101
9.0000 9.4369
9.0000 9.3502
9.0000 9.0537
9.0000 9.0141
9.0000 9.0219
9.0000 8.7774
9.0000 8.8534
9.0000 8.1211
9.0000 9.6828
9.0000 9.7410
9.0000 9.0222
9.0000 9.5192
9.0000 8.8311
9.0000 8.6434
9.0000 9.6660
9.0000 8.3871
9.0000 9.7746
9.0000 8.6834
9.0000 10.1803
9.0000 8.7014
9.0000 9.2317
9.0000 9.6462
9.0000 9.1341
9.0000 10.0268
9.0000 9.5631
9.0000 9.2621
9.0000 9.8068
9.0000 7.8919
9.0000 9.0345
9.0000 9.5138
9.0000 9.6669
9.0000 9.5617
9.0000 8.6644
9.0000 9.8093
9.0000 9.2490
9.0000 9.8492
9.0000 9.2256
9.0000 9.0777
9.0000 9.2098
9.0000 9.5093
9.0000 9.0127
9.0000 9.2096
9.0000 8.6804
9.0000 8.7092
9.0000 9.1451
9.0000 8.8363
9.0000 9.4329
9.0000 8.5494
9.0000 9.7451
9.0000 9.7182
9.0000 8.8689
9.0000 8.8128
9.0000 9.8437
9.0000 9.0075
9.0000 10.3699
9.0000 10.0472
9.0000 9.6081
9.0000 9.6917
9.0000 8.7599
9.0000 9.3807
9.0000 9.1930
9.0000 8.6194
9.0000 9.1959
9.0000 9.1764
9.0000 9.1037
9.0000 10.0557
9.0000 9.3355
9.0000 9.6418
9.0000 10.2355
9.0000 10.4440
9.0000 9.4238
9.0000 9.1124
9.0000 10.0135
9.0000 8.9628
9.0000 9.7132
9.0000 10.5497
9.0000 9.8456
9.0000 9.9516
9.0000 9.4523
9.0000 9.6792
9.0000 9.4696
9.0000 9.2246
9.0000 8.6170
9.0000 10.1520
9.0000 9.7750
9.0000 8.6977
9.0000 9.3301
9.0000 8.6879
9.0000 9.3667
9.0000 9.1061
9.0000 9.7200
9.0000 9.4302
9.0000 9.1590
9.0000 9.5456
9.0000 9.7535
9.0000 8.8778
9.0000 9.6135
9.0000 9.5220
9.0000 10.1859
9.0000 9.1648
9.0000 9.6629
9.0000 8.9506
9.0000 8.9183
9.0000 9.8523
9.0000 9.0720
9.0000 9.7617
9.0000 9.4468
9.0000 9.4385
9.0000 9.9923
9.0000 8.9671
9.0000 10.1401
9.0000 9.6213
9.0000 8.9975
9.0000 9.3753
9.0000 8.3755
9.0000 8.9159
9.0000 9.4108
9.0000 9.6310
9.0000 9.5690
9.0000 8.3811
9.0000 9.6375
9.0000 8.5779
9.0000 9.5809
9.0000 9.9313
9.0000 9.1818
9.0000 8.2397
9.0000 9.8307
9.0000 9.6483
9.0000 9.2233
9.0000 9.5620
9.0000 10.0905
9.0000 10.6604
9.0000 8.7811
9.0000 9.2799
9.0000 9.4175
9.0000 8.0579
9.0000 9.0271
9.0000 9.5493
9.0000 8.8868
9.0000 10.2970
9.0000 9.3290
9.0000 9.4763
9.0000 8.9992
9.0000 9.9242
9.0000 9.0082
9.0000 8.9245
9.0000 9.1460
9.0000 9.9993
9.0000 9.6829
9.0000 9.6785
9.0000 8.7323
9.0000 8.8850
9.0000 9.5103
9.0000 9.3699
9.0000 9.8386
9.0000 9.2529
9.0000 8.5803
9.0000 9.0191
9.0000 9.3769
9.0000 9.0538
9.0000 8.6994
9.0000 9.2804
9.0000 9.3488
9.0000 9.0282
9.0000 8.5830
9.0000 8.4577
9.0000 9.7952
9.0000 8.5167
9.0000 8.9341
9.0000 8.9508
9.0000 8.9577
9.0000 8.7638
9.0000 9.4856
9.0000 8.6532
9.0000 9.0938
9.0000 8.7961
9.0000 9.4126
9.0000 9.6154
9.0000 8.7560
9.0000 8.7324
9.0000 8.6158
9.0000 10.3761
9.0000 9.1656
9.0000 9.1427
9.0000 9.5006
9.0000 9.1042
9.0000 9.0477
9.0000 9.4755
9.0000 9.4244
9.0000 9.2656
9.0000 8.9132
9.0000 8.7281
9.0000 9.4620
9.0000 10.0129
9.0000 10.0053
9.0000 9.8439
9.0000 9.4798
9.0000 8.9621
9.0000 9.4986
9.0000 9.7388
9.0000 9.4667
9.0000 8.1320
9.0000 10.6157
9.0000 8.8304
9.0000 10.1790
9.0000 8.8845
9.0000 9.0671
9.0000 8.7869
9.0000 9.6004
9.0000 10.3452
9.0000 9.9421
9.0000 8.9305
9.0000 9.7249
9.0000 9.3139
9.0000 8.1012
9.0000 9.4016
9.0000 9.2576
9.0000 9.0359
9.0000 8.6767
9.0000 9.8139
9.0000 8.4905
9.0000 9.4391
9.0000 9.2662
9.0000 8.5714
9.0000 9.2140
9.0000 8.8949
9.0000 9.3731
9.0000 8.3484
9.0000 10.3987
9.0000 8.9333
9.0000 10.1443
9.0000 8.4186
9.0000 9.2016
9.0000 8.8133
9.0000 8.6050
9.0000 9.6198
9.0000 8.9783
9.0000 10.0870
9.0000 7.7833
9.0000 9.6179
9.0000 8.9766
9.0000 10.2337
9.0000 9.1021
9.0000 9.0166
9.0000 9.2955
9.0000 8.6550
9.0000 8.9944
9.0000 9.1494
9.0000 9.1342
9.0000 9.7414
9.0000 8.6303
9.0000 8.4208
9.0000 9.8624
9.0000 9.6662
9.0000 9.9584
9.0000 9.1265
9.0000 8.4749
9.0000 9.6304
9.0000 9.1405
9.0000 9.6601
9.0000 9.1168
9.0000 8.6347
9.0000 9.5816
9.0000 9.2672
9.0000 9.8255
9.0000 8.4939
9.0000 9.5083
9.0000 9.0289
9.0000 10.1327
9.0000 9.8326
9.0000 8.9634
9.0000 9.3534
9.0000 8.8261
9.0000 9.0163
9.0000 8.8991
9.0000 9.7147
9.0000 9.3463
9.0000 8.8611
9.0000 7.9335
9.0000 8.6712
9.0000 10.1917
9.0000 9.3980
9.0000 8.8779
9.0000 8.6721
9.0000 9.2464
9.0000 9.9072
9.0000 8.1603
9.0000 8.4782
9.0000 9.6960
9.0000 9.6749
9.0000 9.1905
9.0000 7.9588
9.0000 8.3669
9.0000 10.6225
9.0000 9.5071
9.0000 8.5323
9.0000 9.5088
9.0000 8.7179
9.0000 8.6036
9.0000 10.0882
9.0000 9.2971
9.0000 9.2795
9.0000 8.9310
9.0000 10.5140
9.0000 8.3747
9.0000 9.7139
9.0000 8.6713
9.0000 9.4772
9.0000 8.1640
9.0000 9.1284
9.0000 9.9427
9.0000 9.6711
9.0000 8.8766
9.0000 10.0955
9.0000 8.7899
9.0000 10.1458
9.0000 8.2830
9.0000 9.4009
9.0000 9.5439
9.0000 7.8033
9.0000 9.2572
9.0000 8.9693
9.0000 9.7069
9.0000 9.1789
9.0000 9.4005
9.0000 8.7235
9.0000 9.9750
9.0000 9.0325
9.0000 9.2078
9.0000 9.5352
9.0000 8.4934
9.0000 9.7884
9.0000 9.7635
9.0000 9.5032
9.0000 9.5479
9.0000 8.8801
9.0000 9.7443
9.0000 9.9419
9.0000 8.1621
9.0000 8.9625
9.0000 9.1607
9.0000 8.5028
9.0000 8.7833
9.0000 8.7063
9.0000 9.7994
9.0000 9.4800
9.0000 9.5784
9.0000 9.3932
9.0000 9.1220
9.0000 9.4386
9.0000 8.7002
9.0000 8.6933
9.0000 9.5385
9.0000 7.9801
9.0000 9.0740
9.0000 9.2447
9.0000 8.6293
9.0000 9.2757
9.0000 9.8292
9.0000 9.5168
9.0000 9.0580
9.0000 9.4781
9.0000 10.9261
9.0000 8.9426
9.0000 9.6360
9.0000 8.5318
9.0000 9.8791
9.0000 9.8399
9.0000 9.0588
9.0000 9.8506
9.0000 9.4139
9.0000 9.2892
9.0000 8.3708
9.0000 9.3658
9.0000 9.1571
9.0000 8.5229
9.0000 9.8535
9.0000 9.0902
9.0000 9.0730
9.0000 10.1241
9.0000 9.8779
9.0000 10.1281
9.0000 9.3314
9.0000 8.8999
9.0000 10.4384
9.0000 8.7192
9.0000 8.7295
9.0000 9.7002
9.0000 9.1677
9.0000 9.0993
9.0000 9.0119
9.0000 9.1731
9.0000 9.3151
9.0000 9.2296
9.0000 8.8812
9.0000 9.1699
9.0000 9.3004
9.0000 9.0120
9.0000 9.9431
9.0000 8.5812
9.0000 9.6680
9.0000 10.0528
9.0000 9.3001
9.0000 9.2135
9.0000 8.8378
9.0000 10.0821
9.0000 9.4197
9.0000 8.5582
9.0000 7.7431
9.0000 9.0905
9.0000 8.9377
9.0000 9.3287
9.0000 9.4238
9.0000 9.1691
9.0000 9.4325
9.0000 8.9290
9.0000 9.5506
9.0000 9.3488
9.0000 9.0989
9.0000 8.4304
9.0000 9.5544
9.0000 9.2171
9.0000 9.4243
9.0000 9.4576
9.0000 9.2222
9.0000 9.1683
9.0000 8.2903
9.0000 9.8138
9.0000 10.5139
9.0000 8.9229
9.0000 9.6893
9.0000 9.4528
9.0000 9.6057
9.0000 8.6774
9.0000 9.6439
9.0000 9.4467
9.0000 9.5310
9.0000 9.5231
9.0000 9.1614
9.0000 9.3020
9.0000 9.8497
9.0000 9.6638
9.0000 9.4212
9.0000 9.3826
9.0000 8.8867
9.0000 9.1928
9.0000 10.1739
9.0000 8.4738
9.0000 8.4600
9.0000 8.9249
9.0000 9.5236
9.0000 8.2262
9.0000 9.6671
9.0000 10.0380
9.0000 8.8317
9.0000 8.8765
9.0000 10.1978
9.0000 10.3462
9.0000 8.3706
9.0000 9.3210
9.0000 8.9132
9.0000 8.9114
9.0000 10.0193
9.0000 9.7256
9.0000 9.5746
9.0000 9.2460
9.0000 9.2015
9.0000 9.1383
9.0000 9.4902
9.0000 9.6064
9.0000 8.1933
9.0000 9.0909
9.0000 9.2928
9.0000 9.5034
9.0000 9.2566
9.0000 8.4881
9.0000 9.3804
9.0000 10.1649
9.0000 9.5989
9.0000 9.3256
9.0000 9.7546
9.0000 8.9911
9.0000 9.4544
9.0000 8.9379
9.0000 9.5160
9.0000 10.3335
9.0000 9.1161
9.0000 9.1807
9.0000 9.0091
9.0000 9.1845
9.0000 9.3778
9.0000 9.6802
9.0000 8.3171
9.0000 8.8059
9.0000 8.9054
9.0000 9.9133
9.0000 8.4428
9.0000 9.7901
9.0000 9.1488
9.0000 9.4700
9.0000 9.7867
9.0000 10.0111
9.0000 8.5967
9.0000 9.3287
9.0000 9.2716
9.0000 8.4755
9.0000 9.6299
9.0000 8.8303
9.0000 8.9050
9.0000 9.3841
9.0000 9.6538
9.0000 9.5457
9.0000 9.2876
9.0000 9.3615
9.0000 8.8928
9.0000 9.0403
9.0000 9.9092
9.0000 9.4784
9.0000 9.4596
9.0000 8.5183
9.0000 8.9009
9.0000 7.8243
9.0000 10.3329
9.0000 8.9760
9.0000 9.5266
9.0000 9.9607
9.0000 9.6911
9.0000 8.4563
9.0000 9.3723
9.0000 8.9887
9.0000 9.4964
9.0000 9.6561
9.0000 9.0446
9.0000 9.6717
9.0000 8.3371
9.0000 10.0651
9.0000 9.2200
9.0000 9.9612
9.0000 9.1152
9.0000 9.8984
9.0000 9.6442
9.0000 9.4456
9.0000 8.5659
9.0000 9.0733
9.0000 8.7561
9.0000 9.8091
9.0000 9.3306
9.0000 8.9301
9.0000 9.5559
9.0000 8.8253
9.0000 8.5787
9.0000 9.8508
9.0000 9.3613
9.0000 9.9312
9.0000 8.7207
9.0000 8.8454
9.0000 8.1654
9.0000 8.7099
9.0000 8.1523
9.0000 8.4132
9.0000 9.4376
9.0000 9.8765
9.0000 9.8010
9.0000 8.3599
9.0000 9.4157
9.0000 9.6492
9.0000 9.6031
9.0000 9.2369
9.0000 8.8495
9.0000 9.5957
9.0000 10.0310
9.0000 9.4714
9.0000 9.3522
9.0000 8.3781
9.0000 10.0185
9.0000 9.4057
9.0000 9.9861
9.0000 9.0819
9.0000 9.5456
9.0000 9.5209
9.0000 8.8440
9.0000 9.7375
9.0000 8.3695
9.0000 9.4569
9.0000 9.8935
9.0000 8.9213
9.0000 8.7862
9.0000 9.8660
9.0000 9.8443
9.0000 9.1347
9.0000 8.0366
9.0000 9.0970
9.0000 8.2679
9.0000 9.1581
9.0000 9.2756
9.0000 8.6399
9.0000 9.5283
9.0000 9.6804
9.0000 8.9561
9.0000 8.4130
9.0000 9.5636
9.0000 9.7675
9.0000 9.0707
9.0000 9.3634
9.0000 8.2240
9.0000 8.9282
9.0000 9.9716
9.0000 9.5460
9.0000 8.9900
9.0000 9.4473
9.0000 9.2321
9.0000 9.8338
9.0000 8.6000
9.0000 8.9746
9.0000 10.9241
9.0000 8.5845
9.0000 10.1024
9.0000 9.1280
9.0000 8.7104
9.0000 8.2476
9.0000 9.6126
9.0000 9.3078
9.0000 9.8006
9.0000 8.8341
9.0000 9.0038
9.0000 10.0140
9.0000 10.1373
9.0000 9.5281
9.0000 8.9287
9.0000 8.7717
9.0000 9.4673
9.0000 9.6405
9.0000 9.8697
9.0000 9.1084
9.0000 9.9942
9.0000 8.9546
9.0000 8.7267
9.0000 9.5626
9.0000 8.5365
9.0000 9.2101
9.0000 9.4641
9.0000 9.6092
9.0000 9.1552
9.0000 8.7764
9.0000 9.8109
9.0000 8.7624
9.0000 8.7417
9.0000 9.0467
9.0000 9.1341
9.0000 9.4880
9.0000 9.2780
9.0000 8.3739
9.0000 9.0430
9.0000 9.2010
9.0000 9.3288
9.0000 9.0151
9.0000 9.6708
9.0000 8.8541
9.0000 9.6215
9.0000 9.3396
9.0000 8.1141
9.0000 9.8398
9.0000 9.1443
9.0000 8.5606
9.0000 8.9327
9.0000 8.4955
9.0000 9.8348
9.0000 9.1924
9.0000 8.7473
9.0000 10.4369
9.0000 9.8441
9.0000 9.7633
9.0000 9.2599
9.0000 9.5542
9.0000 9.7403
9.0000 8.4342
9.0000 8.7245
9.0000 9.6841
9.0000 9.0983
9.0000 9.4611
9.0000 9.7361
9.0000 8.5481
9.0000 8.2456
9.0000 8.9872
9.0000 8.6876
9.0000 9.6497
9.0000 9.1046
9.0000 10.3234
9.0000 9.4555
9.0000 9.3363
9.0000 9.5783
9.0000 9.7339
9.0000 9.1212
9.0000 9.6175
9.0000 9.5222
9.0000 9.6897
9.0000 10.7100
9.0000 9.1311
9.0000 10.0809
9.0000 9.8214
9.0000 9.7013
9.0000 9.6251
9.0000 8.1744
9.0000 9.7026
9.0000 10.3302
9.0000 9.0978
9.0000 8.3496
9.0000 9.1397
9.0000 8.8310
9.0000 9.8008
9.0000 9.6123
9.0000 9.1135
9.0000 9.4966
9.0000 9.1340
9.0000 8.5623
9.0000 8.8729
9.0000 8.8997
9.0000 10.1294
9.0000 9.8633
9.0000 9.3502
9.0000 8.4094
9.0000 9.2127
9.0000 9.4418
9.0000 10.5742
9.0000 10.0276
9.0000 9.6855
9.0000 9.2430
9.0000 8.5932
9.0000 9.6612
9.0000 8.7860
9.0000 8.6170
9.0000 9.1163
9.0000 10.1410
9.0000 9.7521
9.0000 8.8406
9.0000 9.2363
9.0000 9.3153
9.0000 8.5571
9.0000 8.8975
9.0000 9.7662
9.0000 9.1446
9.0000 9.6340
9.0000 8.9549
9.0000 9.7026
9.0000 8.6977
9.0000 9.6791
9.0000 10.2137
9.0000 9.3320
9.0000 9.7082
9.0000 9.0599
9.0000 9.7505
9.0000 9.1134
9.0000 9.3426
9.0000 8.6637
9.0000 9.7112
9.0000 8.9774
9.0000 9.2764
9.0000 9.1014
9.0000 8.7814
9.0000 10.2910
9.0000 9.3889
9.0000 9.0509
9.0000 8.6972
9.0000 8.4317
9.0000 8.9083
9.0000 8.4748
9.0000 9.9026
9.0000 9.9513
9.0000 9.3642
9.0000 9.8986
9.0000 8.9221
9.0000 9.1898
9.0000 9.3430
9.0000 9.7743
9.0000 8.4742
9.0000 10.3047
9.0000 10.2838
9.0000 8.6801
9.0000 9.2655
9.0000 10.8059
9.0000 8.5261
9.0000 9.6256
9.0000 9.0911
9.0000 9.4450
9.0000 9.3811
9.0000 8.8156
9.0000 9.1999
9.0000 9.0059
9.0000 9.0665
9.0000 9.3992
9.0000 9.0429
9.0000 9.2909
9.0000 8.7444
9.0000 10.3561
9.0000 9.1974
9.0000 8.6351
9.0000 9.5207
9.0000 9.6056
9.0000 9.6964
9.0000 8.9954
9.0000 8.4154
9.0000 9.1299
9.0000 10.0622
9.0000 8.7360
9.0000 9.9345
9.0000 9.1503
9.0000 8.6271
9.0000 9.8026
9.0000 8.2083
9.0000 9.7709
9.0000 9.2509
9.0000 8.3433
9.0000 9.8400
9.0000 9.2254
9.0000 10.1973
9.0000 8.7964
9.0000 8.7416
9.0000 10.0150
9.0000 10.0600
9.0000 8.5920
9.0000 9.2914
9.0000 9.8417
9.0000 9.9479
9.0000 8.1895
9.0000 8.5106
9.0000 8.6988
9.0000 8.1678
9.0000 8.7180
9.0000 9.0428
9.0000 10.4934
9.0000 9.1866
9.0000 9.0643
9.0000 10.3666
9.0000 9.5590
9.0000 9.0972
9.0000 9.6652
9.0000 9.5210
9.0000 8.8285
9.0000 9.2477
9.0000 9.9129
9.0000 8.4180
9.0000 10.0160
9.0000 9.0838
9.0000 9.2069
9.0000 9.4110
9.0000 9.3476
9.0000 8.9007
9.0000 8.4150
9.0000 9.2091
9.0000 8.6020
9.0000 9.1795
9.0000 9.2793
9.0000 9.1195
9.0000 9.1549
9.0000 9.1292
9.0000 9.0220
9.0000 9.4114
9.0000 8.4750
9.0000 9.3025
9.0000 9.0525
9.0000 8.9815
9.0000 8.4801
9.0000 9.7306
9.0000 9.3094
9.0000 9.5547
9.0000 9.1571
9.0000 9.3156
9.0000 9.4613
9.0000 9.6901
9.0000 9.4233
9.0000 9.1235
9.0000 9.6362
9.0000 9.3893
9.0000 8.7955
9.0000 9.6709
9.0000 9.0435
9.0000 9.1366
9.0000 8.2949
9.0000 9.8583
9.0000 9.8755
9.0000 9.3067
9.0000 9.2126
9.0000 8.8940
9.0000 9.0294
9.0000 9.0293
9.0000 9.0601
9.0000 9.6550
9.0000 9.8204
9.0000 9.7375
9.0000 9.3865
9.0000 10.4137
9.0000 10.3177
9.0000 10.1098
9.0000 9.3193
9.0000 9.3913
9.0000 9.2449
9.0000 8.6646
9.0000 10.4716
9.0000 8.5463
9.0000 8.9842
9.0000 9.3832
9.0000 9.9700
9.0000 10.2180
9.0000 8.3106
9.0000 9.2201
9.0000 9.9685
9.0000 9.0837
9.0000 9.1914
9.0000 9.4984
9.0000 9.4589
9.0000 9.2932
9.0000 9.1511
9.0000 9.7415
9.0000 9.1578
9.0000 8.5429
9.0000 9.7931
9.0000 9.5266
9.0000 9.4214
9.0000 9.5892
9.0000 8.7457
9.0000 9.4379
9.0000 8.6723
9.0000 9.5824
9.0000 9.9684
9.0000 9.5608
9.0000 8.7059
9.0000 7.7996
9.0000 9.2338
9.0000 8.8615
9.0000 9.6746
9.0000 8.8746
9.0000 9.5013
9.0000 10.2142
9.0000 9.1597
9.0000 9.2392
9.0000 8.9030
9.0000 9.7279
9.0000 8.8738
9.0000 8.7891
9.0000 9.6178
9.0000 10.6919
9.0000 8.8510
9.0000 8.9620
9.0000 9.0965
9.0000 9.3383
9.0000 8.7143
9.0000 8.7850
9.0000 9.0032
9.0000 10.8596
9.0000 9.9736
9.0000 9.1636
9.0000 9.5435
9.0000 8.4636
9.0000 10.3918
9.0000 9.7532
9.0000 9.6277
9.0000 9.6233
9.0000 8.9106
9.0000 9.9160
9.0000 9.3120
9.0000 8.3439
9.0000 9.1849
9.0000 9.1335
9.0000 8.7473
9.0000 9.1876
9.0000 9.9501
9.0000 9.3877
9.0000 8.5974
9.0000 8.8160
9.0000 8.6772
9.0000 9.5135
9.0000 9.2140
9.0000 9.8797
9.0000 9.3281
9.0000 9.5182
9.0000 9.3405
9.0000 9.0410
9.0000 9.5731
9.0000 8.9826
9.0000 9.8310
9.0000 9.9292
9.0000 10.1374
9.0000 9.4896
9.0000 8.8790
9.0000 8.1846
9.0000 9.2447
9.0000 9.0104
9.0000 8.9828
9.0000 9.3529
9.0000 9.0396
9.0000 10.1231
9.0000 9.4845
9.0000 10.0813
9.0000 9.8006
9.0000 9.7498
9.0000 9.3384
9.0000 8.4574
9.0000 9.6577
9.0000 8.5950
9.0000 9.9510
9.0000 9.5759
9.0000 9.1324
9.0000 9.4097
9.0000 9.3426
9.0000 10.3103
9.0000 10.0932
9.0000 9.8914
9.0000 8.4570
9.0000 9.3466
9.0000 10.0028
9.0000 9.4643
9.0000 8.3354
9.0000 9.3230
9.0000 8.8733
9.0000 9.5186
9.0000 8.5512
9.0000 9.2058
9.0000 9.6018
9.0000 9.8901
9.0000 8.2237
9.0000 8.8963
9.0000 9.3958
9.0000 8.6330
9.0000 8.6772
9.0000 9.2512
9.0000 8.9157
9.0000 9.7222
9.0000 9.1661
9.0000 10.1119
9.0000 8.9377
9.0000 9.6459
9.0000 8.9272
9.0000 10.1509
9.0000 10.1188
9.0000 9.2913
9.0000 9.8763
9.0000 10.0310
9.0000 8.8443
9.0000 9.6822
9.0000 9.4906
9.0000 9.4688
9.0000 8.5471
9.0000 8.9749
9.0000 10.1337
9.0000 8.4992
9.0000 8.7409
9.0000 9.1223
9.0000 9.3235
9.0000 9.2171
9.0000 10.7362
9.0000 8.6846
9.0000 9.2755
9.0000 9.8130
9.0000 9.3514
9.0000 8.9121
9.0000 9.0179
9.0000 9.1744
9.0000 9.0108
9.0000 8.6259
9.0000 9.7838
9.0000 9.7572
9.0000 9.5567
9.0000 9.0476
9.0000 9.6607
9.0000 9.3304
9.0000 9.2880
9.0000 9.5218
9.0000 9.0059
9.0000 9.3150
9.0000 8.6931
9.0000 9.8557
9.0000 8.6795
9.0000 8.3136
9.0000 10.4601
9.0000 9.3717
9.0000 9.3580
9.0000 8.8759
9.0000 8.7652
9.0000 8.8844
9.0000 9.2294
9.0000 10.3629
9.0000 8.6462
9.0000 9.3397
9.0000 8.3709
9.0000 9.6970
9.0000 8.8692
9.0000 7.4050
9.0000 8.8164
9.0000 9.4983
9.0000 9.7882
9.0000 9.6226
9.0000 9.8746
9.0000 9.1472
9.0000 9.3316
9.0000 10.0443
9.0000 9.4057
9.0000 8.7918
9.0000 9.2607
9.0000 9.5310
9.0000 8.5121
9.0000 9.5018
9.0000 9.0464
9.0000 9.3552
9.0000 9.0775
9.0000 9.4117
9.0000 9.4076
9.0000 9.8880
9.0000 9.9612
9.0000 9.5401
9.0000 9.0430
9.0000 10.1788
9.0000 8.8951
9.0000 9.2311
9.0000 9.5495
9.0000 9.1506
9.0000 8.8476
9.0000 9.4397
9.0000 8.3931
9.0000 8.7697
9.0000 9.5848
9.0000 8.8100
9.0000 8.9641
9.0000 9.3870
9.0000 9.3069
9.0000 9.4012
9.0000 9.5456
9.0000 10.0035
9.0000 9.0176
9.0000 9.4234
9.0000 9.3729
9.0000 9.0307
9.0000 9.2495
9.0000 9.5327
9.0000 9.1548
9.0000 8.7750
9.0000 9.1147
9.0000 9.8905
9.0000 8.9490
9.0000 9.6048
9.0000 8.5782
9.0000 9.4406
9.0000 10.7460
9.0000 8.9791
9.0000 10.4096
9.0000 9.9659
9.0000 8.5966
9.0000 9.6278
9.0000 9.3647
9.0000 9.7506
9.0000 9.4390
9.0000 10.4295
9.0000 9.5178
9.0000 9.2710
9.0000 9.2670
9.0000 10.1305
9.0000 8.9600
9.0000 8.6479
9.0000 9.6482
9.0000 9.5186
9.0000 10.2722
9.0000 9.3687
9.0000 9.4750
9.0000 8.6638
9.0000 9.0526
9.0000 9.3971
9.0000 9.4428
9.0000 8.8308
9.0000 9.5291
9.0000 9.5396
9.0000 9.5941
9.0000 9.6074
9.0000 10.0970
9.0000 9.0231
9.0000 9.2957
9.0000 9.8696
9.0000 9.4609
9.0000 8.9297
9.0000 9.2463
9.0000 9.1967
9.0000 10.2948
9.0000 9.1093
9.0000 10.0125
9.0000 8.0763
9.0000 9.8118
9.0000 9.3437
9.0000 9.3552
9.0000 9.1684
9.0000 9.4403
9.0000 9.1966
9.0000 8.8532
9.0000 8.7388
9.0000 10.1861
9.0000 9.4878
9.0000 8.9746
9.0000 9.1705
9.0000 8.8052
9.0000 9.1913
9.0000 8.2308
9.0000 8.7531
9.0000 9.2732
9.0000 9.3826
9.0000 9.6313
9.0000 9.1017
9.0000 9.5922
9.0000 9.7077
9.0000 10.1200
9.0000 9.7523
9.0000 9.9440
9.0000 9.4447
9.0000 8.7128
9.0000 8.5109
9.0000 9.3926
9.0000 8.5312
9.0000 9.2809
9.0000 9.8373
9.0000 8.5697
9.0000 9.7289
9.0000 10.0634
9.0000 9.1373
9.0000 8.2205
9.0000 9.6022
9.0000 9.2107
9.0000 9.5576
9.0000 9.7919
9.0000 9.1958
9.0000 9.6665
9.0000 9.1203
9.0000 9.4764
9.0000 9.7081
9.0000 9.2202
9.0000 9.1515
9.0000 9.0199
9.0000 9.3379
9.0000 9.5628
9.0000 9.8118
9.0000 8.8732
9.0000 8.8444
9.0000 9.7522
9.0000 9.9701
9.0000 9.0644
9.0000 8.8136
9.0000 9.8501
9.0000 10.6638
9.0000 9.3042
9.0000 9.2640
9.0000 9.8211
9.0000 9.8967
9.0000 9.4737
9.0000 9.6117
9.0000 9.5520
9.0000 9.1150
9.0000 9.3971
9.0000 9.8927
9.0000 9.4391
9.0000 9.4364
9.0000 8.6012
9.0000 9.9344
9.0000 9.9063
9.0000 9.4903
9.0000 9.4622
9.0000 10.2856
9.0000 9.3353
9.0000 8.8974
9.0000 9.5516
9.0000 8.7575
9.0000 7.9919
9.0000 9.2454
9.0000 10.1878
9.0000 9.5474
9.0000 8.1237
9.0000 8.9516
9.0000 9.8760
9.0000 8.4713
9.0000 7.8602
9.0000 9.8466
9.0000 9.2681
9.0000 9.1975
9.0000 9.4924
9.0000 9.7412
9.0000 8.9110
9.0000 9.3611
9.0000 9.5739
9.0000 9.6861
9.0000 9.5544
9.0000 9.7356
9.0000 8.6750
9.0000 8.3821
9.0000 9.1021
9.0000 9.3778
9.0000 9.2041
9.0000 9.9348
9.0000 9.7603
9.0000 8.2322
9.0000 8.9943
9.0000 8.7527
9.0000 9.0042
9.0000 8.8490
9.0000 10.5227
9.0000 9.9183
9.0000 9.4834
9.0000 8.5576
9.0000 9.4427
9.0000 8.1800
9.0000 9.0702
9.0000 9.3967
9.0000 9.6913
9.0000 8.9567
9.0000 10.0043
9.0000 9.9643
9.0000 8.7457
9.0000 10.2608
9.0000 9.0630
9.0000 9.3165
9.0000 9.3403
9.0000 9.3761
9.0000 9.3083
9.0000 9.1781
9.0000 9.1958
9.0000 9.9530
9.0000 10.1704
9.0000 8.9557
9.0000 8.8741
9.0000 8.3583
9.0000 9.6830
9.0000 9.3922
9.0000 9.1031
9.0000 10.0277
9.0000 8.3805
9.0000 8.3139
9.0000 8.7813
9.0000 10.0329
9.0000 8.9786
9.0000 8.9739
9.0000 8.6325
9.0000 9.5109
9.0000 9.2627
9.0000 9.2724
9.0000 9.5039
9.0000 9.7918
9.0000 8.7010
9.0000 7.9270
9.0000 9.8297
9.0000 9.5281
9.0000 9.1939
9.0000 9.5088
9.0000 9.6515
9.0000 9.2822
9.0000 8.9918
9.0000 9.9692
9.0000 8.8103
9.0000 9.6070
9.0000 9.0408
9.0000 9.2901
9.0000 8.7982
9.0000 9.3611
9.0000 8.8424
9.0000 8.7079
9.0000 9.6194
9.0000 9.0570
9.0000 9.1025
9.0000 8.0626
9.0000 9.0071
9.0000 10.1370
9.0000 9.0727
9.0000 9.1225
9.0000 9.2618
9.0000 9.2240
9.0000 9.2895
9.0000 8.8667
9.0000 9.5156
9.0000 9.2166
9.0000 9.2537
9.0000 8.7792
9.0000 9.0747
9.0000 8.7138
9.0000 8.9200
9.0000 8.9674
9.0000 8.7765
9.0000 9.5431
9.0000 9.5885
9.0000 9.9255
9.0000 9.1928
9.0000 8.8923
9.0000 8.6126
9.0000 10.1081
9.0000 9.0285
9.0000 9.4127
9.0000 9.9427
9.0000 9.0034
9.0000 9.6764
9.0000 8.5494
9.0000 9.4304
9.0000 9.3487
9.0000 8.9710
9.0000 8.2467
9.0000 9.8798
9.0000 10.1439
9.0000 9.3205
9.0000 9.1098
9.0000 8.4923
9.0000 8.9869
9.0000 9.3108
9.0000 8.5733
9.0000 9.4563
9.0000 9.1635
9.0000 9.3056
9.0000 9.4304
9.0000 9.0122
9.0000 9.0166
