18 1.84698393758274e+01
18 1.82306097682390e+01
18 1.80698094673093e+01
18 1.78472657454137e+01
18 1.80757242633456e+01
18 1.75856273622707e+01
18 1.81200593302092e+01
18 1.86367862012785e+01
18 1.84690180678247e+01
18 1.79837363975283e+01
18 1.72119966011696e+01
18 1.78936335170355e+01
18 1.66567009042456e+01
18 1.73423866265706e+01
18 1.78963100456937e+01
18 1.84906172842422e+01
18 1.92984067461033e+01
18 1.87405723889144e+01
18 1.84114746396138e+01
18 1.83059189488845e+01
18 1.80679212412896e+01
18 1.74042608019827e+01
18 1.85436112581400e+01
18 1.82869376088839e+01
18 1.87248740549144e+01
18 1.76146455541913e+01
18 1.77781398328995e+01
18 1.81672661114495e+01
18 1.82913518022797e+01
18 1.77908115370124e+01
18 1.73370402126507e+01
18 1.77713786036155e+01
18 1.82008656374501e+01
18 1.80125544805912e+01
18 1.80614404166415e+01
18 1.81407031708047e+01
18 1.68717548773383e+01
18 1.74077350260740e+01
18 1.77276882586715e+01
18 1.71563434044009e+01
18 1.71999559451502e+01
18 1.83074088735491e+01
18 1.74270595130446e+01
18 1.71994312512942e+01
18 1.79039784700376e+01
18 1.75594602457360e+01
18 1.69584099833344e+01
18 1.74954820358873e+01
18 1.77482988099059e+01
18 1.74068335731438e+01
18 1.82154752853552e+01
18 1.73379560340367e+01
18 1.70963271332662e+01
18 1.67568837910000e+01
18 1.70751172397024e+01
18 1.76429053219846e+01
18 1.71780377188068e+01
18 1.73269285162198e+01
18 1.71958614506288e+01
18 1.72560322013920e+01
18 1.74103173813582e+01
18 1.81169058386752e+01
18 1.76390731106491e+01
18 1.76558938693136e+01
18 1.80242584341552e+01
18 1.83209233416887e+01
18 1.79691447012087e+01
18 1.84415934628317e+01
18 1.69541972533987e+01
18 1.69552170637594e+01
18 1.76301054614157e+01
18 1.85555512478831e+01
18 1.77874689006818e+01
18 1.64558524153250e+01
18 1.81418797621523e+01
18 1.75182836638296e+01
18 1.80729761288825e+01
18 1.89051104868844e+01
18 1.86841506656483e+01
18 1.78230006552411e+01
18 1.82184767119191e+01
18 1.71294251545722e+01
18 1.70537119245605e+01
18 1.86569648092676e+01
18 1.72932278024369e+01
18 1.84139243962427e+01
18 1.82041680051344e+01
18 1.75480897537971e+01
18 1.87524074486828e+01
18 1.86511901291450e+01
18 1.85768569936117e+01
18 1.75813416546120e+01
18 1.65374358723556e+01
18 1.74257628274067e+01
18 1.72629223331170e+01
18 1.73352573462741e+01
18 1.76906516429755e+01
18 1.75708722197991e+01
18 1.74414797202093e+01
18 1.74083737242007e+01
18 1.81050061628301e+01
18 1.81715574558798e+01
18 1.80074438721369e+01
18 1.71650914451673e+01
18 1.68629496150701e+01
18 1.71285383771560e+01
18 1.70978852846768e+01
18 1.75191440136226e+01
18 1.79302426043310e+01
18 1.82173230600675e+01
18 1.83307668324544e+01
18 1.73092107448797e+01
18 1.86951144662510e+01
18 1.79384475983603e+01
18 1.84107362479951e+01
18 1.80370615890589e+01
18 1.81013089310238e+01
18 1.88011968989371e+01
18 1.82386401712494e+01
18 1.74891661040328e+01
18 1.74378298024936e+01
18 1.73900978873487e+01
18 1.71267175908699e+01
18 1.74688586360304e+01
18 1.71735376109418e+01
18 1.79203255080256e+01
18 1.77554311766869e+01
18 1.87079424631212e+01
18 1.82647199644116e+01
18 1.81341572422149e+01
18 1.81109181891073e+01
18 1.79547699868184e+01
18 1.72262878307668e+01
18 1.67283449516857e+01
18 1.74555163070689e+01
18 1.75337287216985e+01
18 1.73075318525038e+01
18 1.79176721074066e+01
18 1.83024882339983e+01
18 1.79603691572232e+01
18 1.79626230066911e+01
18 1.67714116137432e+01
18 1.67811817934186e+01
18 1.83991435922755e+01
18 1.74033607896504e+01
18 1.81574957940965e+01
18 1.85801642269489e+01
18 1.87784491690372e+01
18 1.74253654271823e+01
18 1.82241456922357e+01
18 1.79360297725581e+01
18 1.72076027315247e+01
18 1.76999817554179e+01
18 1.72866577497715e+01
18 1.74104114329219e+01
18 1.70969535123269e+01
18 1.73936765777967e+01
18 1.83826456729493e+01
18 1.72404035883899e+01
18 1.72470655354538e+01
18 1.93406976067159e+01
18 1.91855347401653e+01
18 1.79039168765775e+01
18 1.79265128806145e+01
18 1.84637006705812e+01
18 1.76767405557864e+01
18 1.76606747512650e+01
18 1.83481600219777e+01
18 1.81715029444187e+01
18 1.75485698976673e+01
18 1.76408179364060e+01
18 1.79362855540604e+01
18 1.79243236193120e+01
18 1.76487066153554e+01
18 1.89205670289812e+01
18 1.80951411140608e+01
18 1.80392588700385e+01
18 1.81605604937510e+01
18 1.84226435400560e+01
18 1.73795259040168e+01
18 1.86775696284271e+01
18 1.81534463988750e+01
18 1.79930920792892e+01
18 1.81745906318518e+01
18 1.74997941017436e+01
18 1.76479269545375e+01
18 1.71558722803385e+01
18 1.80772197921956e+01
18 1.81212131037198e+01
18 1.77192233549994e+01
18 1.75841571102619e+01
18 1.73912029281601e+01
18 1.69063760211915e+01
18 1.71086670185700e+01
18 1.74336529595424e+01
18 1.70019920912313e+01
18 1.77701926780075e+01
18 1.75459203148185e+01
18 1.77825039392642e+01
18 1.78517876931558e+01
18 1.87564778364641e+01
18 1.74878486489867e+01
18 1.86949344453724e+01
18 1.79749221737322e+01
18 1.78378415644876e+01
18 1.92224251638800e+01
18 1.71447329280207e+01
18 1.75196484268530e+01
18 1.77604202320237e+01
18 1.76163169814019e+01
18 1.78935722746415e+01
18 1.70821242426902e+01
18 1.75746010615808e+01
18 1.78103292470312e+01
18 1.75542461721655e+01
18 1.72206384927986e+01
18 1.76497023960189e+01
18 1.67642433094704e+01
18 1.72308562822685e+01
18 1.82512077883468e+01
18 1.80473722631406e+01
18 1.78173942510856e+01
18 1.86513021768908e+01
18 1.77138150016946e+01
18 1.80840163932887e+01
18 1.81368198998213e+01
18 1.77163674711242e+01
18 1.72821631245236e+01
18 1.69757657009014e+01
18 1.68871794256427e+01
18 1.64937593507727e+01
18 1.66627821213977e+01
18 1.73119717234965e+01
18 1.78483974232654e+01
18 1.76070155297255e+01
18 1.72566924352177e+01
18 1.77936627745066e+01
18 1.71953163823994e+01
18 1.73589698895954e+01
18 1.81298687743081e+01
18 1.70056562359068e+01
18 1.69128621758780e+01
18 1.70523398256473e+01
18 1.69732181651607e+01
18 1.65983986141823e+01
18 1.77106721345851e+01
18 1.72400232823230e+01
18 1.86292455091603e+01
18 1.70164229809130e+01
18 1.66872130275923e+01
18 1.71797684707920e+01
18 1.77274767806409e+01
18 1.74456482667254e+01
18 1.72585433189228e+01
18 1.66366569336146e+01
18 1.72249971115474e+01
18 1.75802099298776e+01
18 1.74652813558627e+01
18 1.74241189232203e+01
18 1.75185079809499e+01
18 1.72870569353674e+01
18 1.76910576388891e+01
18 1.78189015522255e+01
18 1.86280679730612e+01
18 1.81689782326989e+01
18 1.84526573558066e+01
18 1.77910097796637e+01
18 1.77665347453195e+01
18 1.79154371958003e+01
18 1.74978507284704e+01
18 1.68090654089494e+01
18 1.72271976317113e+01
18 1.76079369740270e+01
18 1.80453194487722e+01
18 1.73991763313634e+01
18 1.74610428820317e+01
18 1.78873322597095e+01
18 1.69196476788329e+01
18 1.73466174865528e+01
18 1.72586191356338e+01
18 1.65350052408835e+01
18 1.68151561998399e+01
18 1.68017208907860e+01
18 1.69571737562806e+01
18 1.80416624267100e+01
18 1.75152161996386e+01
18 1.75796075714515e+01
18 1.77024109773332e+01
18 1.72316049430012e+01
18 1.78155230914664e+01
18 1.78753521522745e+01
18 1.78833504585725e+01
18 1.82019722807603e+01
18 1.88066332509499e+01
18 1.86138782848382e+01
18 1.85837228090310e+01
18 1.80328674637947e+01
18 1.85106391342847e+01
18 1.81464630932917e+01
18 1.75325240272816e+01
18 1.71725206628702e+01
18 1.77827478890274e+01
18 1.79953134576438e+01
18 1.88997057657586e+01
18 1.81815758029574e+01
18 1.71972321770359e+01
18 1.73295275934819e+01
18 1.81878738839290e+01
18 1.73479162783804e+01
18 1.75236635949973e+01
18 1.68277301150345e+01
18 1.78389049324241e+01
18 1.75585808796459e+01
18 1.75547342050075e+01
18 1.73992720027035e+01
18 1.73836364562583e+01
18 1.75450366971716e+01
18 1.67172970446042e+01
18 1.71318118066031e+01
18 1.71932900026851e+01
18 1.84170319602513e+01
18 1.68016347952125e+01
18 1.72470542924761e+01
18 1.75632853445954e+01
18 1.70083019798827e+01
18 1.75851264181245e+01
18 1.82013810049001e+01
18 1.72100157481042e+01
18 1.71060630744891e+01
18 1.75381322942539e+01
18 1.81695149258189e+01
18 1.86451878439755e+01
18 1.82856909867974e+01
18 1.70353850393752e+01
18 1.79132856414449e+01
18 1.85404360948367e+01
18 1.81064408866628e+01
18 1.75324246321095e+01
18 1.85194778660051e+01
18 1.79146594689161e+01
18 1.75829712312983e+01
18 1.76441183812938e+01
18 1.79619662142463e+01
18 1.84267614272899e+01
18 1.87935862778828e+01
18 1.79157396989096e+01
18 1.76667038514072e+01
18 1.75439267545302e+01
18 1.83733469007786e+01
18 1.81418057444687e+01
18 1.76073075811170e+01
18 1.72368244067969e+01
18 1.68127429441301e+01
18 1.71777504968894e+01
18 1.65822586501934e+01
18 1.79793043451915e+01
18 1.68008779678546e+01
18 1.65888779455692e+01
18 1.69333084554695e+01
18 1.80074093275403e+01
18 1.67477239344352e+01
18 1.73393407832753e+01
18 1.78940938817091e+01
18 1.66727935712079e+01
18 1.69471711132274e+01
18 1.74566977108029e+01
18 1.86300060693682e+01
18 1.79227264532991e+01
18 1.80290117673171e+01
18 1.77188569994210e+01
18 1.66901735607682e+01
18 1.67327120411984e+01
18 1.74584377855593e+01
18 1.73950997322874e+01
18 1.74633720600377e+01
18 1.71187170744115e+01
18 1.66932930875869e+01
18 1.73336142520461e+01
18 1.71130896672419e+01
18 1.72785673670406e+01
18 1.74633822787836e+01
18 1.74157691241084e+01
18 1.81722903559589e+01
18 1.78458375652534e+01
18 1.84083705320464e+01
18 1.81240269194096e+01
18 1.81946803779789e+01
18 1.79679211739111e+01
18 1.80532083856848e+01
18 1.79832081096413e+01
18 1.81010346002471e+01
18 1.76967741927395e+01
18 1.70858125497963e+01
18 1.69144210453671e+01
18 1.80200085851354e+01
18 1.73389952777778e+01
18 1.71857844526374e+01
18 1.74705999012329e+01
18 1.74335946711849e+01
18 1.81020684643766e+01
18 1.66826107897961e+01
18 1.75678229823405e+01
18 1.80721871914559e+01
18 1.76696676762738e+01
18 1.84284326028847e+01
18 1.75323403052937e+01
18 1.81815517012589e+01
18 1.76786301864209e+01
18 1.76863246100194e+01
18 1.72332511061573e+01
18 1.76347412254392e+01
18 1.78381506153318e+01
18 1.79095337817325e+01
18 1.85188602578198e+01
18 1.80053579592715e+01
18 1.78565801598505e+01
18 1.70617051284256e+01
18 1.76012281982779e+01
18 1.83936484503288e+01
18 1.65166424237040e+01
18 1.67895323277714e+01
18 1.68735830843736e+01
18 1.65034285324037e+01
18 1.63331389065055e+01
18 1.83960229301844e+01
18 1.84596293224387e+01
18 1.79841085462856e+01
18 1.74036861296629e+01
18 1.83511996216586e+01
18 1.85657652991177e+01
18 1.75022963616510e+01
18 1.92025029693317e+01
18 1.82261592597791e+01
18 1.82771954524943e+01
18 1.87319639373191e+01
18 1.78495782732737e+01
18 1.74216712895536e+01
18 1.71924116555150e+01
18 1.72580259000978e+01
18 1.78538169719948e+01
18 1.77945172748302e+01
18 1.80529330532741e+01
18 1.81348304571636e+01
18 1.83297117680581e+01
18 1.76583000350518e+01
18 1.92909080034102e+01
18 1.81908238419257e+01
18 1.83192842504505e+01
18 1.77358617466964e+01
18 1.69157424989452e+01
18 1.78133912413057e+01
18 1.90561181125208e+01
18 1.78602172069736e+01
18 1.80040207880342e+01
18 1.71435742529359e+01
18 1.80370507936794e+01
18 1.84593290869943e+01
18 1.78849478022052e+01
18 1.75659897455905e+01
18 1.86525757472741e+01
18 1.77689972509977e+01
18 1.75924667794976e+01
18 1.77535548272973e+01
18 1.75956003460897e+01
18 1.81561141801136e+01
18 1.80241024885416e+01
18 1.77703081333091e+01
18 1.84137499687130e+01
18 1.85183393473762e+01
18 1.83097763506198e+01
18 1.75171584328670e+01
18 1.76964524632098e+01
18 1.76589092080271e+01
18 1.75417220332069e+01
18 1.78609568973842e+01
18 1.72104440644396e+01
18 1.76206696583008e+01
18 1.81735414342368e+01
18 1.81269546693762e+01
18 1.76920544416837e+01
18 1.82462808227564e+01
18 1.81261153714879e+01
18 1.89187013071329e+01
18 1.72233686250577e+01
18 1.83606915361777e+01
18 1.87616138302938e+01
18 1.86021234405389e+01
18 1.94087950691512e+01
18 1.85617291648064e+01
18 1.80108283210957e+01
18 1.83111872612013e+01
18 1.76219030031615e+01
18 1.82690683180004e+01
18 1.79558355122090e+01
18 1.80766832580100e+01
18 1.85212728721113e+01
18 1.79159208512163e+01
18 1.74424888318415e+01
18 1.75545418910613e+01
18 1.65790317742211e+01
18 1.65955679243194e+01
18 1.71081853397142e+01
18 1.82133534607991e+01
18 1.82386195737168e+01
18 1.75551954379718e+01
18 1.83902538590130e+01
18 1.86523268845589e+01
18 1.83626147311683e+01
18 1.78291136009638e+01
18 1.74052004788065e+01
18 1.83872886454764e+01
18 1.81153890702958e+01
18 1.80485197369170e+01
18 1.80930218992417e+01
18 1.89042539157604e+01
18 1.83061793727938e+01
18 1.79001852904966e+01
18 1.86465377102299e+01
18 1.74173982004444e+01
18 1.85594644620271e+01
18 1.87649248018632e+01
18 1.76575177512715e+01
18 1.82311767413704e+01
18 1.87478385201127e+01
18 1.87156562820743e+01
18 1.79693319704265e+01
18 1.78275165593057e+01
18 1.77632297562190e+01
18 1.73381914531565e+01
18 1.75359252993873e+01
18 1.82199973841201e+01
18 1.92144457970274e+01
18 1.80866321169055e+01
18 1.82472494110710e+01
18 1.81170303279327e+01
18 1.82671213551435e+01
18 1.75211158576309e+01
18 1.74279492206595e+01
18 1.74644060973482e+01
18 1.70603656307041e+01
18 1.90470868210116e+01
18 1.78065451942089e+01
18 1.70318305397532e+01
18 1.73467647634572e+01
18 1.83387827881401e+01
18 1.81490557542340e+01
18 1.83146431177887e+01
18 1.79796063251934e+01
18 1.72935051304623e+01
18 1.79959088068727e+01
18 1.80193212650160e+01
18 1.75798051520492e+01
18 1.78813212893854e+01
18 1.73831006118198e+01
18 1.79657215379700e+01
18 1.84084188076160e+01
18 1.75826191811709e+01
18 1.77502416270621e+01
18 1.79002397907638e+01
18 1.70371516901581e+01
18 1.70359824260733e+01
18 1.78867172167570e+01
18 1.72985893836363e+01
18 1.77691218942886e+01
18 1.77788278878998e+01
18 1.74574277610475e+01
18 1.66067013677098e+01
18 1.74758137987601e+01
18 1.77734368258307e+01
18 1.76451190087575e+01
18 1.71259499995044e+01
18 1.73823238173952e+01
18 1.73666265874958e+01
18 1.81812889054852e+01
18 1.81242904609233e+01
18 1.83089040599435e+01
18 1.80542880549800e+01
18 1.89962486702421e+01
18 1.77449690997016e+01
18 1.77300257767055e+01
18 1.80100573000768e+01
18 1.85121101695555e+01
18 1.82447085776710e+01
18 1.90062883408011e+01
18 1.86187217088989e+01
18 1.82562166799648e+01
18 1.86940922233321e+01
18 1.72307473426058e+01
18 1.72070949655645e+01
18 1.73845888689013e+01
18 1.80233524198141e+01
18 1.84136475692237e+01
18 1.81610410305254e+01
18 1.86508103130905e+01
18 1.84758462395514e+01
18 1.75273116690646e+01
18 1.80770184526631e+01
18 1.81270423002780e+01
18 1.80932990381698e+01
18 1.76526299048265e+01
18 1.72824369466831e+01
18 1.74718862260304e+01
18 1.79189146685952e+01
18 1.71128950292636e+01
18 1.80834338607443e+01
18 1.81309837316001e+01
18 1.82914555947432e+01
18 1.83341702527826e+01
18 1.72508097457597e+01
18 1.83696511771126e+01
18 1.77656657488555e+01
18 1.74693643728197e+01
18 1.78659118344299e+01
18 1.76336182600924e+01
18 1.74282278578007e+01
18 1.77077675565357e+01
18 1.76595591295973e+01
18 1.74719885011723e+01
18 1.73285775410493e+01
18 1.64723581942641e+01
18 1.71197417238341e+01
18 1.72016418267140e+01
18 1.67834534901003e+01
18 1.73470870105422e+01
18 1.77927007665908e+01
18 1.72789957045221e+01
18 1.65351544512320e+01
18 1.69337628611385e+01
18 1.73892044605824e+01
18 1.74767603576448e+01
18 1.69206206882656e+01
18 1.69152599803264e+01
18 1.72455413525830e+01
18 1.72248818266249e+01
18 1.67951305158263e+01
18 1.69271982875884e+01
18 1.67891377631562e+01
18 1.71624596019128e+01
18 1.65937268747924e+01
18 1.76228661846495e+01
18 1.69088411109801e+01
18 1.76520373623574e+01
18 1.74415991159688e+01
18 1.73874918119689e+01
18 1.70554076452669e+01
18 1.72649481989716e+01
18 1.74083442831311e+01
18 1.67033240110581e+01
18 1.70588218672161e+01
18 1.71761440635795e+01
18 1.74208895214457e+01
18 1.78912059536430e+01
18 1.76670018564973e+01
18 1.84267758971877e+01
18 1.80508756111534e+01
18 1.73223704003622e+01
18 1.68780237407890e+01
18 1.80261763568050e+01
18 1.76317542243614e+01
18 1.69458902646586e+01
18 1.71407936083572e+01
18 1.70687278689603e+01
18 1.72469500644353e+01
18 1.70570029603500e+01
18 1.67531500700413e+01
18 1.73303846619844e+01
18 1.65473571849696e+01
18 1.62567626704524e+01
18 1.62071073966052e+01
18 1.71318822036895e+01
18 1.66502520840532e+01
18 1.68920166223853e+01
18 1.68023755910335e+01
18 1.72363963340502e+01
18 1.75305694053103e+01
18 1.68561448954274e+01
18 1.76442535715099e+01
18 1.80982717501730e+01
18 1.81761639588843e+01
18 1.81573964256767e+01
18 1.81955432060183e+01
18 1.82001874147937e+01
18 1.76659810686241e+01
18 1.77588383931936e+01
18 1.73212829511510e+01
18 1.71582137957031e+01
18 1.81051985505797e+01
18 1.69890250509266e+01
18 1.72849532755938e+01
18 1.78125427835920e+01
18 1.72241184878776e+01
18 1.74876240449763e+01
18 1.72964828861523e+01
18 1.77173899935307e+01
18 1.63947678089265e+01
18 1.69387011983276e+01
18 1.63814516366041e+01
18 1.79344156160925e+01
18 1.72577387607311e+01
18 1.78246441565410e+01
18 1.75942507897144e+01
18 1.73490254903655e+01
18 1.72592746558644e+01
18 1.68476623805416e+01
18 1.70890115547506e+01
18 1.79433417562281e+01
18 1.64237423049396e+01
18 1.69620388933344e+01
18 1.62630099694374e+01
18 1.60327808781018e+01
18 1.59925608744178e+01
18 1.62029423555048e+01
18 1.74325477084127e+01
18 1.68449086069842e+01
18 1.75864029032631e+01
18 1.80580785392732e+01
18 1.56956828097969e+01
18 1.70714085164709e+01
18 1.75510028293660e+01
18 1.71756351676241e+01
18 1.83317723360998e+01
18 1.78903896475599e+01
18 1.78441538939384e+01
18 1.79569923834309e+01
18 1.85484922999920e+01
18 1.73685119835763e+01
18 1.71559355108980e+01
18 1.73554100743818e+01
18 1.80239427212237e+01
18 1.78533295392317e+01
18 1.80790051445031e+01
18 1.84022454137042e+01
18 1.79797175585245e+01
18 1.86975876348947e+01
18 1.90604900553305e+01
18 1.89357550837338e+01
18 1.85665236185910e+01
18 1.82675793235793e+01
18 1.84293463625735e+01
18 1.87852292578322e+01
18 1.81620897010068e+01
18 1.84274689687465e+01
18 1.77597962574590e+01
18 1.79610335547668e+01
18 1.84343043227382e+01
18 1.82448562496929e+01
18 1.92394942996567e+01
18 1.71883133440316e+01
18 1.79918619328189e+01
18 1.81975350884955e+01
18 1.82567896641415e+01
18 1.79005415143545e+01
18 1.79952130144010e+01
18 1.80981354973973e+01
18 1.82636732785413e+01
18 1.75364390896537e+01
18 1.73526486035984e+01
18 1.72431880524389e+01
18 1.73116448584584e+01
18 1.72158577965605e+01
18 1.80034186742743e+01
18 1.75592970471535e+01
18 1.70129937452703e+01
18 1.73839327710333e+01
18 1.75608308371569e+01
18 1.81244074259532e+01
18 1.81248837809824e+01
18 1.77738094048195e+01
18 1.80533771682204e+01
18 1.81793396581834e+01
18 1.77344799731523e+01
18 1.83585870973843e+01
18 1.74972328130034e+01
18 1.78772582543993e+01
18 1.71068487378253e+01
18 1.74273783447496e+01
18 1.74067635679935e+01
18 1.70693420820073e+01
18 1.82389920963532e+01
18 1.77670067518808e+01
18 1.74394966147246e+01
18 1.81483817526572e+01
18 1.73839243718528e+01
18 1.83469647438365e+01
18 1.77388387714190e+01
18 1.89619960210799e+01
18 1.85618289541970e+01
18 1.79763652560986e+01
18 1.68887140593484e+01
18 1.76050875327957e+01
18 1.79241707956830e+01
18 1.83565222866563e+01
18 1.84267618820473e+01
18 1.94908930554543e+01
18 1.90747070259066e+01
18 1.81387840709314e+01
18 1.81743130132115e+01
18 1.75311077647345e+01
18 1.83394557095514e+01
18 1.79848760839340e+01
18 1.69200668679728e+01
18 1.71773064689083e+01
18 1.68273602929429e+01
18 1.73871166012982e+01
18 1.75922624901795e+01
18 1.65438044379727e+01
18 1.83421887795131e+01
18 1.73844771941148e+01
18 1.77226600086957e+01
18 1.76500167273697e+01
18 1.69580230976556e+01
18 1.72309985308885e+01
18 1.71872950011190e+01
18 1.78564986203647e+01
18 1.74734166937312e+01
18 1.72888865743837e+01
18 1.74117650216766e+01
18 1.78227284651052e+01
18 1.77266586696940e+01
18 1.76002582688869e+01
18 1.81456010869195e+01
18 1.77553802158952e+01
18 1.82910141763648e+01
18 1.85351072997979e+01
18 1.78667996972963e+01
18 1.76102824502645e+01
18 1.73490987587448e+01
18 1.76064673918774e+01
18 1.77599569561378e+01
18 1.73731173458235e+01
18 1.72717374985614e+01
18 1.83187646772981e+01
18 1.79666928625194e+01
18 1.81033377399508e+01
18 1.81873912031277e+01
18 1.76309609236266e+01
18 1.75493520047479e+01
18 1.86752689230588e+01
18 1.77387785384649e+01
18 1.77147592529665e+01
18 1.87794036793580e+01
18 1.82972426359665e+01
18 1.80086432039623e+01
18 1.72080650657981e+01
18 1.72204455785648e+01
18 1.76233253979391e+01
18 1.73639670102001e+01
18 1.77745415140823e+01
18 1.86188756419473e+01
18 1.75569119409300e+01
18 1.67283523191774e+01
18 1.72143196013500e+01
18 1.84859331386118e+01
18 1.82179465562067e+01
18 1.89796623981695e+01
18 1.78967649774330e+01
18 1.79321057402546e+01
18 1.76617666251560e+01
18 1.64144095304181e+01
18 1.76457450550994e+01
18 1.85347776979073e+01
18 1.85073063297078e+01
18 1.84269147199810e+01
18 1.72679055253149e+01
18 1.79037152584419e+01
18 1.73214495421501e+01
18 1.66283408104933e+01
18 1.70439177688709e+01
18 1.68913271278117e+01
18 1.69393657246562e+01
18 1.72717707894523e+01
18 1.74563223578283e+01
18 1.83891644571389e+01
18 1.83550642848946e+01
18 1.86750794172760e+01
18 1.84948648209021e+01
18 1.80569960090686e+01
18 1.79911974993414e+01
18 1.76221010525045e+01
18 1.81837978281528e+01
18 1.90093022647242e+01
18 1.85737458072217e+01
18 1.80091890797205e+01
18 1.80898693038758e+01
18 1.67562683255793e+01
18 1.74439340193918e+01
18 1.79416337438139e+01
18 1.75898888179338e+01
18 1.69250268870889e+01
18 1.76354021337671e+01
18 1.76153523005422e+01
18 1.74727234335186e+01
18 1.76985727188473e+01
18 1.81360855540211e+01
18 1.80518355184011e+01
18 1.83087699512734e+01
18 1.85315885958896e+01
18 1.80839497593734e+01
18 1.77202653235560e+01
18 1.82554562062328e+01
18 1.68557951787542e+01
18 1.75491728285113e+01
18 1.81955598695759e+01
18 1.76781228174275e+01
18 1.81429194800594e+01
18 1.80574917238861e+01
18 1.82786678668177e+01
18 1.74909010715368e+01
18 1.80862076644716e+01
18 1.82738595568688e+01
18 1.84152298208066e+01
18 1.82061468126164e+01
18 1.76859292148802e+01
18 1.73832669456913e+01
18 1.80245053636517e+01
18 1.74610111860486e+01
18 1.73057125500635e+01
18 1.74321689971278e+01
18 1.77521430905486e+01
18 1.77493043228967e+01
18 1.80572213916447e+01
18 1.74290645143244e+01
18 1.75847951767660e+01
18 1.73146857499095e+01
18 1.73456842062875e+01
18 1.79148499863783e+01
18 1.75943148513760e+01
18 1.81862096924025e+01
18 1.67578298541612e+01
18 1.64504006170040e+01
18 1.72012908995606e+01
18 1.70953616856729e+01
18 1.71533535874312e+01
18 1.72665885731870e+01
18 1.61975730759449e+01
18 1.67477282953721e+01
18 1.65320305936088e+01
18 1.71938841826624e+01
18 1.70383658479898e+01
18 1.71528037686679e+01
18 1.73397438940078e+01
18 1.75394522402851e+01
18 1.76476992348857e+01
18 1.69108085556257e+01
18 1.74455993118317e+01
18 1.73119504278891e+01
18 1.68727900660727e+01
18 1.83391032163398e+01
18 1.68278466146064e+01
18 1.79998533587560e+01
18 1.78160898595811e+01
18 1.81877709108572e+01
18 1.76873139685592e+01
18 1.74596249388179e+01
18 1.85982643221366e+01
18 1.78287295222639e+01
18 1.78196317971571e+01
18 1.84406540363801e+01
18 1.73456718444357e+01
18 1.82146520574705e+01
18 1.80777956756789e+01
18 1.82326031126096e+01
18 1.84472184860155e+01
18 1.89150688341585e+01
18 1.90715992868024e+01
18 1.87943568753121e+01
18 1.80758436966175e+01
18 1.77068377228826e+01
18 1.70609310454109e+01
18 1.82470596240240e+01
18 1.89980130933013e+01
18 1.77783406175542e+01
18 1.78893981626981e+01
18 1.82342439117035e+01
18 1.77728829028859e+01
18 1.79364362006548e+01
18 1.81134288713169e+01
18 1.84481880329728e+01
18 1.79155016200930e+01
18 1.76763932801800e+01
18 1.74671415743524e+01
18 1.81161568297661e+01
18 1.70715650343460e+01
18 1.72481598010942e+01
18 1.73930914937967e+01
18 1.82015022755472e+01
18 1.83112295097333e+01
18 1.78428613772424e+01
18 1.77812365717698e+01
18 1.71032741739461e+01
18 1.71951526096023e+01
18 1.68652192073051e+01
18 1.76104837846708e+01
18 1.77397832911967e+01
18 1.75897510373521e+01
18 1.79457577929916e+01
18 1.78764604113950e+01
18 1.95999487993002e+01
18 1.79080530882324e+01
18 1.75046396722893e+01
18 1.79789857565075e+01
18 1.79728335079389e+01
18 1.73532268936344e+01
18 1.79667868689252e+01
18 1.80977699111511e+01
18 1.81186178213995e+01
18 1.75718931271843e+01
18 1.71692886851396e+01
18 1.72302581650579e+01
18 1.78035618409797e+01
18 1.77055098698708e+01
18 1.81428793138244e+01
18 1.81082546696259e+01
18 1.78677510978571e+01
18 1.80829428936801e+01
18 1.79365506962348e+01
18 1.66623499956032e+01
18 1.78140854993413e+01
18 1.77882378444889e+01
18 1.75193145760634e+01
18 1.81338788553311e+01
18 1.84062800653754e+01
18 1.78552197901134e+01
18 1.80891496796229e+01
18 1.76000819034760e+01
18 1.80840159181693e+01
18 1.70432585026591e+01
18 1.67233374902906e+01
18 1.75070525612100e+01
18 1.76724104987944e+01
18 1.70964983870685e+01
18 1.75418702373596e+01
18 1.70586030102106e+01
18 1.79138880039799e+01
18 1.78122696766475e+01
18 1.72164396568156e+01
18 1.88711089661599e+01
18 1.87625002655659e+01
18 1.80916773232715e+01
18 1.70214700155483e+01
18 1.71203554088752e+01
18 1.74033536861836e+01
18 1.76771962944489e+01
18 1.75557428307381e+01
18 1.74741011868612e+01
18 1.62240065999525e+01
18 1.69276449636905e+01
18 1.80739724573812e+01
18 1.82701628862700e+01
18 1.81270730943647e+01
18 1.74908987012259e+01
18 1.72658132840734e+01
18 1.75665741740826e+01
18 1.60201509261194e+01
18 1.74085344626818e+01
18 1.76883650852879e+01
18 1.73077801722262e+01
18 1.76072762927731e+01
18 1.77592653674734e+01
18 1.75350810289063e+01
18 1.77158224004697e+01
18 1.78011856942650e+01
18 1.73054979758394e+01
18 1.70471072426241e+01
18 1.73730028391411e+01
18 1.73488029420088e+01
18 1.73196923607753e+01
18 1.84028707568039e+01
18 1.75891472904237e+01
18 1.74033098532578e+01
18 1.71915239653134e+01
18 1.87209102743893e+01
18 1.77395804895088e+01
18 1.82314751621894e+01
18 1.72321240590839e+01
18 1.73074962811058e+01
18 1.81099517317906e+01
18 1.84510021808464e+01
18 1.77835230933421e+01
18 1.75035467539650e+01
18 1.68994765767341e+01
18 1.73073104718801e+01
18 1.77154155420839e+01
18 1.77650570552594e+01
18 1.71314203890615e+01
18 1.71487492406359e+01
18 1.71992553664983e+01
18 1.76222557540963e+01
18 1.87174422017149e+01
18 1.76827622205966e+01
18 1.89294203919706e+01
18 1.76678635760896e+01
18 1.82935783248432e+01
18 1.80950371375671e+01
18 1.81850711606800e+01
18 1.83973491293724e+01
18 1.83434098480184e+01
18 1.75742884887695e+01
18 1.77425102019742e+01
18 1.73266293932200e+01
18 1.75682670414833e+01
18 1.71798204778049e+01
18 1.75325559960039e+01
18 1.76187358258005e+01
18 1.80457900497812e+01
18 1.76750059548933e+01
18 1.71570448817233e+01
18 1.81919071976904e+01
18 1.82626383366928e+01
18 1.80683948802752e+01
18 1.83855926684521e+01
18 1.83707208666303e+01
18 1.74843923523439e+01
18 1.73051724842038e+01
18 1.82897877494881e+01
18 1.74468981016699e+01
18 1.75457481094422e+01
18 1.67126504556406e+01
18 1.69083627307222e+01
18 1.71482413068272e+01
18 1.75215094726295e+01
18 1.59112444816632e+01
18 1.63873425879119e+01
18 1.62145162010316e+01
18 1.70760930799544e+01
18 1.70407825616875e+01
18 1.73520541751498e+01
18 1.69930376688168e+01
18 1.67280498459398e+01
18 1.75451943361940e+01
18 1.73628141463124e+01
18 1.74162130981093e+01
18 1.77628822686131e+01
18 1.81359566204921e+01
18 1.72000002920338e+01
18 1.73254589623647e+01
18 1.70780897629479e+01
18 1.69034913180748e+01
18 1.69203014804827e+01
18 1.79413559342895e+01
18 1.74592341419443e+01
18 1.75600746125013e+01
18 1.82954896257039e+01
18 1.68848863395934e+01
18 1.76455549492709e+01
18 1.76055004910800e+01
18 1.71937333450466e+01
18 1.69225187857611e+01
18 1.69154438398780e+01
18 1.69927705428501e+01
18 1.74136839095563e+01
18 1.83204604424844e+01
18 1.80525451856103e+01
18 1.69702062477192e+01
18 1.81660087667396e+01
18 1.73945708793353e+01
18 1.69536367144754e+01
18 1.73039546157948e+01
18 1.80018075023239e+01
18 1.74963291701969e+01
18 1.77192924638265e+01
18 1.71347393227369e+01
18 1.75611026901972e+01
18 1.78813909956179e+01
18 1.71472610133322e+01
18 1.71677842043332e+01
18 1.79475487543509e+01
18 1.71937208055619e+01
18 1.70833001979470e+01
18 1.79854552987090e+01
18 1.73578072063165e+01
18 1.84770090428521e+01
18 1.79625675100161e+01
18 1.85092434708690e+01
18 1.81285872890168e+01
18 1.77376777769257e+01
18 1.79479522061505e+01
18 1.76255128060119e+01
18 1.76070261398732e+01
18 1.73990267602374e+01
18 1.70973007291619e+01
18 1.71825941428790e+01
18 1.74707324257955e+01
18 1.81075795621819e+01
18 1.68685741893242e+01
18 1.70953873361817e+01
18 1.69163968501004e+01
18 1.77593330390524e+01
18 1.76275107971702e+01
18 1.73829711715797e+01
18 1.73533326039576e+01
18 1.79853990365640e+01
18 1.90470006010527e+01
18 1.80632894017481e+01
18 1.88907683936672e+01
18 1.90722487289377e+01
18 1.91365673329853e+01
18 1.89261442381074e+01
18 1.87513212166257e+01
18 1.75129159696163e+01
18 1.86222605899182e+01
18 1.90164447373061e+01
18 1.92566628416624e+01
18 1.94074652066464e+01
18 1.93729464083310e+01
18 1.86758613834206e+01
18 1.92279609454875e+01
18 1.86975237212775e+01
18 1.81324830385328e+01
18 1.85081965925475e+01
18 1.78069725255046e+01
18 1.78305988330155e+01
18 1.71536314460319e+01
18 1.76774712098339e+01
18 1.69360553413745e+01
18 1.76826497632959e+01
18 1.85311071912511e+01
18 1.82037691217616e+01
18 1.83249570438220e+01
18 1.83615428446932e+01
18 1.90746695334710e+01
18 1.81766887520492e+01
18 1.85647149177629e+01
18 1.91096542694913e+01
18 1.82611998260672e+01
18 1.74293059902493e+01
18 1.75664955261649e+01
18 1.76839007092749e+01
18 1.79672879218806e+01
18 1.86693168306840e+01
18 1.74891132869789e+01
18 1.78145585228048e+01
18 1.71137167952175e+01
18 1.75602134248015e+01
18 1.76458927441351e+01
18 1.79255696730203e+01
18 1.77438037456507e+01
18 1.79612005503867e+01
18 1.74451850318577e+01
18 1.69309464896611e+01
18 1.68585541225662e+01
18 1.78042610627259e+01
18 1.75875880148493e+01
18 1.70379679267133e+01
18 1.63588987247884e+01
18 1.70224170570616e+01
18 1.70276470848515e+01
18 1.73990313221181e+01
18 1.78449761588720e+01
18 1.72641978748886e+01
18 1.69189601981488e+01
18 1.75029603077772e+01
18 1.78972337439434e+01
18 1.78664165498624e+01
18 1.83098800833532e+01
18 1.75554648886972e+01
18 1.84006161750210e+01
18 1.79602244718420e+01
18 1.81833848847538e+01
18 1.81455536115036e+01
18 1.79878737898138e+01
18 1.73356716479049e+01
18 1.76853201706296e+01
18 1.77985964274075e+01
18 1.85060695858772e+01
18 1.79397108412924e+01
18 1.80234437535805e+01
18 1.71598684739134e+01
18 1.80077290753381e+01
18 1.91287146066110e+01
18 1.85991131076401e+01
18 1.80404530846259e+01
18 1.79970078982057e+01
18 1.77228660010206e+01
18 1.71284238786664e+01
18 1.67407994647463e+01
18 1.69968057967972e+01
18 1.73036852923139e+01
18 1.70859171810468e+01
18 1.68740719422506e+01
18 1.75163732841130e+01
18 1.69919890729906e+01
18 1.73970989671189e+01
18 1.75443725972347e+01
18 1.74300027804247e+01
18 1.77213424194881e+01
18 1.70921223614348e+01
18 1.68460031894624e+01
18 1.76148343171682e+01
18 1.73465970067429e+01
18 1.73943164595034e+01
18 1.69205143123137e+01
18 1.71414299377111e+01
18 1.74172251578692e+01
18 1.74848305402892e+01
18 1.73904128050930e+01
18 1.75011892396406e+01
18 1.79091596223160e+01
18 1.79149423340572e+01
18 1.74472630497506e+01
18 1.74335513392239e+01
18 1.78894872267010e+01
18 1.84129127834165e+01
18 1.78080049919854e+01
18 1.81585669285943e+01
18 1.80833331620960e+01
18 1.66372349810975e+01
18 1.71232451803709e+01
18 1.68717385770707e+01
18 1.69867522959686e+01
18 1.66841801562651e+01
18 1.67829817557176e+01
18 1.60422516820660e+01
18 1.73196832365803e+01
18 1.65510001198368e+01
18 1.67684997036900e+01
18 1.74522566783303e+01
18 1.73050661370079e+01
18 1.74377513521159e+01
18 1.76875560890303e+01
18 1.62548311375309e+01
18 1.68148015278024e+01
18 1.70267078224597e+01
18 1.67470730855743e+01
18 1.63751600558677e+01
18 1.67011290717135e+01
18 1.66705025249834e+01
18 1.68891856217355e+01
18 1.73263078735770e+01
18 1.67832530424039e+01
18 1.60199943275796e+01
18 1.60532726280531e+01
18 1.63212280630638e+01
18 1.78077916304625e+01
18 1.79251134812819e+01
18 1.71256560957470e+01
18 1.71201122488442e+01
18 1.76535021361331e+01
18 1.76937763053432e+01
18 1.77594836052662e+01
18 1.78918062359009e+01
18 1.82380294146269e+01
18 1.76860897333876e+01
18 1.76839634936133e+01
18 1.77517409994626e+01
18 1.74174203304021e+01
18 1.90180864803573e+01
18 1.80761699114508e+01
18 1.90289446043105e+01
18 1.84906439259288e+01
18 1.78791960023482e+01
18 1.81077999821720e+01
18 1.84237922517762e+01
18 1.77441530277641e+01
18 1.75617900567735e+01
18 1.79199527141280e+01
18 1.71171527394572e+01
18 1.80650105961163e+01
18 1.82043974637292e+01
18 1.79158322136360e+01
18 1.72176811074800e+01
18 1.80059046782281e+01
18 1.78940371201229e+01
18 1.69702412940963e+01
18 1.69679759078578e+01
18 1.71092616972854e+01
18 1.73310602946705e+01
18 1.75999525618294e+01
18 1.68307606273698e+01
18 1.68418404815263e+01
18 1.72152614434330e+01
18 1.75937132324418e+01
18 1.71613477977339e+01
18 1.72241058577112e+01
18 1.72338231210996e+01
18 1.63757752736372e+01
18 1.66593113609337e+01
18 1.68479827810251e+01
18 1.67177631177776e+01
18 1.72975767993601e+01
18 1.65761409662383e+01
18 1.63504949685850e+01
18 1.66355877946158e+01
18 1.69014358969447e+01
18 1.71021328275278e+01
18 1.70541432760865e+01
18 1.75955110818748e+01
18 1.73574641583735e+01
18 1.70765656499591e+01
18 1.75984213867470e+01
18 1.77125092244256e+01
18 1.86899639869081e+01
18 1.80852561918428e+01
18 1.79343235386532e+01
18 1.77287716040496e+01
18 1.79940736268689e+01
18 1.84100557235159e+01
18 1.72563715933461e+01
18 1.75378630600255e+01
18 1.77071197139880e+01
18 1.69926479763404e+01
18 1.79480327898226e+01
18 1.79550143096823e+01
18 1.72872379872877e+01
18 1.79865643697470e+01
18 1.82017370310214e+01
18 1.77429223323973e+01
18 1.76072060932470e+01
18 1.84828438590479e+01
18 1.79394329711604e+01
18 1.74629558733194e+01
18 1.79643376383301e+01
18 1.81798636759567e+01
18 1.81751980327135e+01
18 1.71610957561224e+01
18 1.74241312163942e+01
18 1.75404734307130e+01
18 1.76040897113367e+01
18 1.74799542195086e+01
18 1.76201619896948e+01
18 1.78010822723124e+01
18 1.81195781606671e+01
18 1.69420301172411e+01
18 1.77383453570877e+01
18 1.75419723155887e+01
18 1.83101251527823e+01
18 1.85041183042043e+01
18 1.78132591739973e+01
18 1.80223972265554e+01
18 1.81236782344913e+01
18 1.75075700074660e+01
18 1.82923701155408e+01
18 1.72699750829581e+01
18 1.70453351775089e+01
18 1.76675698913883e+01
18 1.79091091487664e+01
18 1.75553734519728e+01
18 1.83824879104488e+01
18 1.84078629099199e+01
18 1.73920094579953e+01
18 1.84425604857799e+01
18 1.79195651388807e+01
18 1.69926508261395e+01
18 1.74806162083467e+01
18 1.74696765177787e+01
18 1.69345101791114e+01
18 1.73890341682845e+01
18 1.75984115303425e+01
18 1.79877116562407e+01
18 1.75918611876815e+01
18 1.79078468156739e+01
18 1.73571827171844e+01
18 1.78630780711851e+01
18 1.77151654616389e+01
18 1.72903850779906e+01
18 1.82519522466347e+01
18 1.78890640315955e+01
18 1.82607346692891e+01
18 1.84060141618663e+01
18 1.82431533441180e+01
18 1.74939055013161e+01
18 1.73105537357223e+01
18 1.63178615955605e+01
18 1.71737487924124e+01
18 1.66161933416447e+01
18 1.60234798485874e+01
18 1.62300525391066e+01
18 1.66100127056506e+01
18 1.79522167719724e+01
18 1.79767580632514e+01
18 1.83356825610254e+01
18 1.70512027305220e+01
18 1.76212133993106e+01
18 1.70923475537203e+01
18 1.66952575232594e+01
18 1.75577405632692e+01
18 1.74850412095129e+01
18 1.72653718896312e+01
18 1.71698545376820e+01
18 1.70882948055915e+01
18 1.68470169406326e+01
18 1.75617419845098e+01
18 1.64782016557242e+01
18 1.70134919881880e+01
18 1.67147840573009e+01
18 1.67764945579511e+01
18 1.70994999860574e+01
18 1.83693078870631e+01
18 1.76062766224663e+01
18 1.77667463543202e+01
18 1.69822983815334e+01
18 1.76556971827892e+01
18 1.84124363280567e+01
18 1.86799823840336e+01
18 1.76065865591057e+01
18 1.72274153337564e+01
18 1.66756968476311e+01
18 1.66839359227419e+01
18 1.76004896661730e+01
18 1.82301486000342e+01
18 1.74037320141475e+01
18 1.79363267198430e+01
18 1.82182316600018e+01
18 1.77123709119926e+01
18 1.75566520698901e+01
18 1.79082533695710e+01
18 1.88915164185214e+01
18 1.67832600250619e+01
18 1.76473714225793e+01
18 1.75756630084241e+01
18 1.64863824182513e+01
18 1.78740385646643e+01
18 1.75663544920664e+01
18 1.80580364717210e+01
18 1.78819436062743e+01
18 1.79167954129696e+01
18 1.79324747804112e+01
18 1.84540063291279e+01
18 1.81564607642169e+01
18 1.75906569500014e+01
18 1.77234724928083e+01
18 1.79080682680157e+01
18 1.84858227565720e+01
18 1.82764421262392e+01
18 1.81141557664799e+01
18 1.84213745028295e+01
18 1.75230323484465e+01
18 1.76341256302851e+01
18 1.81580831449131e+01
18 1.84075915520661e+01
18 1.76588101014047e+01
18 1.75879509294828e+01
18 1.75069641184023e+01
18 1.80413749471598e+01
18 1.79546702860101e+01
18 1.63701651297473e+01
18 1.69252067570279e+01
18 1.75225908357164e+01
18 1.78712078015223e+01
18 1.87486755176129e+01
18 1.84172612847149e+01
18 1.79060168968293e+01
18 1.82328896462040e+01
18 1.75184531067971e+01
18 1.79262999238651e+01
18 1.82261597165359e+01
18 1.76164485418228e+01
18 1.77593446448421e+01
18 1.83436064666429e+01
18 1.78551406118121e+01
18 1.71495296374933e+01
18 1.79952110135574e+01
18 1.76398891402110e+01
18 1.80357269342557e+01
18 1.80264520022116e+01
18 1.81362855686421e+01
18 1.78784994836501e+01
18 1.86694613784226e+01
18 1.88480734008636e+01
18 1.85490952586782e+01
18 1.81342019318312e+01
18 1.86660989837574e+01
18 1.82628043209391e+01
18 1.84987745269238e+01
18 1.89366969705936e+01
18 1.86225516848506e+01
18 1.88188055862543e+01
18 1.83661774485599e+01
18 1.86324648538661e+01
18 1.90288381990644e+01
18 1.91522448474396e+01
18 1.85262431915869e+01
18 1.80935709988234e+01
18 1.79953433828554e+01
18 1.79777143656430e+01
18 1.84225761898176e+01
18 1.79358373596581e+01
18 1.84132568162663e+01
18 1.76037290115606e+01
18 1.83203064964508e+01
18 1.71507470643761e+01
18 1.81502959492837e+01
18 1.76469403233812e+01
18 1.82995967648684e+01
18 1.83330195292070e+01
18 1.72437784166544e+01
18 1.82961866068376e+01
18 1.84482291754987e+01
18 1.75446513587540e+01
18 1.75761653470752e+01
18 1.81039185550784e+01
18 1.83966407960640e+01
18 1.75806226233838e+01
18 1.81779929020390e+01
18 1.81883778289335e+01
18 1.74712311771732e+01
18 1.82408771154538e+01
18 1.80399423934667e+01
18 1.77709519719787e+01
18 1.73297115602570e+01
18 1.74049018594395e+01
18 1.76885786845211e+01
18 1.76556012989668e+01
18 1.71759776364310e+01
18 1.83978971281540e+01
18 1.78524750704871e+01
18 1.73213413023959e+01
18 1.71075642621224e+01
18 1.76445965058017e+01
18 1.80042275336386e+01
18 1.78106087124294e+01
18 1.72463510896301e+01
18 1.74521103107239e+01
18 1.73891900980342e+01
18 1.69422375256169e+01
18 1.66924953233381e+01
18 1.72041775570773e+01
18 1.70537758894528e+01
18 1.69133971608292e+01
18 1.82351924964319e+01
18 1.82886426372998e+01
18 1.74500675004985e+01
18 1.75666343902046e+01
18 1.61144183579778e+01
18 1.69167122231775e+01
18 1.72145272586528e+01
18 1.77768497329351e+01
18 1.73412670645641e+01
18 1.81699633603825e+01
18 1.81837665307035e+01
18 1.75418341843617e+01
18 1.73914913614524e+01
18 1.80541186915921e+01
18 1.79492505065447e+01
18 1.76412430832194e+01
18 1.83018781992768e+01
18 1.73459635080921e+01
18 1.76370832052939e+01
18 1.78910611600846e+01
18 1.82376630568520e+01
18 1.82498271815251e+01
18 1.89028941163645e+01
18 1.85828859131503e+01
18 1.74205201904735e+01
18 1.70406131929646e+01
18 1.63430651980597e+01
18 1.64514654604283e+01
18 1.71185828624195e+01
18 1.75826604014171e+01
18 1.75208081089211e+01
18 1.77028447064491e+01
18 1.82467905337219e+01
18 1.83886397769146e+01
18 1.79490733754790e+01
18 1.73388023854566e+01
18 1.81507675347586e+01
18 1.81966008490138e+01
18 1.82867288459767e+01
18 1.79575395704050e+01
18 1.76511847818420e+01
18 1.65465587070256e+01
18 1.68947868131978e+01
18 1.72373160169129e+01
18 1.75306406919063e+01
18 1.62814037025809e+01
18 1.82723508861079e+01
18 1.71390043456647e+01
18 1.82251714358924e+01
18 1.76356193638718e+01
18 1.80600708704218e+01
18 1.78680306439827e+01
18 1.76173321532994e+01
18 1.80614228121975e+01
18 1.78278613470759e+01
18 1.63741977964778e+01
18 1.69676848429437e+01
18 1.84670218474463e+01
18 1.77680940224099e+01
18 1.69943436657493e+01
18 1.79133214993549e+01
18 1.87305351149720e+01
18 1.74257966835422e+01
18 1.79099648650367e+01
18 1.88008009438875e+01
18 1.81061555912268e+01
18 1.82389890446344e+01
18 1.84270214549042e+01
18 1.85747924674499e+01
18 1.95948527903566e+01
18 1.93698864722224e+01
18 1.82553786784023e+01
18 1.79732811518494e+01
18 1.83225548489541e+01
18 1.81492125569745e+01
18 1.71660226702800e+01
18 1.76537463086458e+01
18 1.84517872221519e+01
18 1.86047087790112e+01
18 1.80091522221594e+01
18 1.86826949610700e+01
18 1.67976277032814e+01
18 1.73708359193211e+01
18 1.68943077352068e+01
18 1.78085005975867e+01
18 1.89190376516579e+01
18 1.84794818454779e+01
18 1.86558837449764e+01
18 1.90596926495771e+01
18 1.88585792682431e+01
18 1.81196631114065e+01
18 1.77552547441099e+01
18 1.76025923622242e+01
18 1.74398325627616e+01
18 1.74883346498058e+01
18 1.76144403108508e+01
18 1.72722739542495e+01
18 1.68510101981943e+01
18 1.75401180095373e+01
18 1.73304480031257e+01
18 1.85502003346541e+01
18 1.65897805295775e+01
18 1.67056946686780e+01
18 1.67279233766399e+01
18 1.74713355490041e+01
18 1.70988767227811e+01
18 1.75732837277174e+01
18 1.73059345123910e+01
18 1.73246393300978e+01
18 1.69627915967011e+01
18 1.74836381672906e+01
18 1.64547731306934e+01
18 1.63648749368528e+01
18 1.71472473878221e+01
18 1.78009376376674e+01
18 1.71232711258115e+01
18 1.71683832975923e+01
18 1.72668441063689e+01
18 1.72940839194583e+01
18 1.65176485442510e+01
18 1.73785957083654e+01
18 1.68000951566091e+01
18 1.78475627749595e+01
18 1.79101184641298e+01
18 1.86324995572856e+01
18 1.84521206073732e+01
18 1.73539596584404e+01
18 1.78730500605048e+01
18 1.75710778053562e+01
18 1.75968548350886e+01
18 1.84552297964728e+01
18 1.84205282954912e+01
18 1.78608294798475e+01
18 1.77633103927745e+01
18 1.72189715725015e+01
18 1.70850088179662e+01
18 1.67319095661914e+01
18 1.77578319016859e+01
18 1.77462014384069e+01
18 1.81338010618645e+01
18 1.70846497935159e+01
18 1.77277520144357e+01
18 1.76021089390967e+01
18 1.75835820938455e+01
18 1.76215309423196e+01
18 1.73792342503426e+01
18 1.69662083948046e+01
18 1.77181004149166e+01
18 1.77808602662161e+01
18 1.75650507190484e+01
18 1.88553482439170e+01
18 1.78256118182988e+01
18 1.78751726410549e+01
18 1.73930740447382e+01
18 1.75905054782492e+01
18 1.64790823139667e+01
18 1.69843468931412e+01
18 1.63254869621020e+01
18 1.69277028064929e+01
18 1.61785892485154e+01
18 1.67565833441924e+01
18 1.65105362658764e+01
18 1.61608181105950e+01
18 1.66570721125072e+01
18 1.57018296256486e+01
18 1.64137402304759e+01
18 1.61889587357315e+01
18 1.67044803952877e+01
18 1.70493251683897e+01
18 1.71645392111128e+01
18 1.71946742462852e+01
18 1.65708517567932e+01
18 1.76250295341562e+01
18 1.65846371782678e+01
18 1.70570267889693e+01
18 1.75830815160050e+01
18 1.81876176664661e+01
18 1.79461398286809e+01
18 1.79865530323096e+01
18 1.81926729054575e+01
18 1.85775926776800e+01
18 1.74735037481215e+01
18 1.71394851545565e+01
18 1.68949435368792e+01
18 1.72791657484251e+01
18 1.73429504868333e+01
18 1.70156305544495e+01
18 1.72904039937163e+01
18 1.67054590819342e+01
18 1.79720334882818e+01
18 1.84568736842813e+01
18 1.86287188904432e+01
18 1.84018613295163e+01
18 1.88831663082331e+01
18 1.76338510514318e+01
18 1.81184418830622e+01
18 1.88279285123786e+01
18 1.84470083492271e+01
18 1.80487198533209e+01
18 1.78438180217031e+01
18 1.82230208176594e+01
18 1.73810097025061e+01
18 1.74254332501868e+01
18 1.73724604686755e+01
18 1.77404641380037e+01
18 1.73281839203217e+01
18 1.75195982913175e+01
18 1.73437701913805e+01
18 1.78843483642682e+01
18 1.79293484072358e+01
18 1.78625622327211e+01
18 1.76560131618970e+01
18 1.76413782226840e+01
18 1.72880242572872e+01
18 1.73600960375020e+01
18 1.78876365954433e+01
18 1.73325876723913e+01
18 1.79484773434914e+01
18 1.75891783419665e+01
18 1.76943014112607e+01
18 1.73118776261288e+01
18 1.74578594163779e+01
18 1.71077610232001e+01
18 1.67019721305090e+01
18 1.68606862836029e+01
18 1.66318676137963e+01
18 1.72371434200988e+01
18 1.63271158275666e+01
18 1.68148012251844e+01
18 1.66073663060096e+01
18 1.67630853474928e+01
18 1.68330412494590e+01
18 1.75204319483539e+01
18 1.66911226459651e+01
18 1.72772028569478e+01
18 1.68558972491481e+01
18 1.76263543855207e+01
18 1.77425617830659e+01
18 1.76620978078353e+01
18 1.77827451334853e+01
18 1.83262086819848e+01
18 1.80521703640157e+01
18 1.67906239017348e+01
18 1.69270719070369e+01
18 1.68591927170971e+01
18 1.72810246854181e+01
18 1.68240951055665e+01
18 1.66182626609508e+01
18 1.72994415819411e+01
18 1.73900622411211e+01
18 1.79772623851130e+01
18 1.86870501719153e+01
18 1.85730092745838e+01
18 1.80804105948934e+01
18 1.74314907118903e+01
18 1.84311755681602e+01
18 1.90861069979476e+01
18 1.82764164254072e+01
18 1.84632444742405e+01
18 1.92636956040186e+01
18 1.78058960500028e+01
18 1.72532745290566e+01
18 1.78128375097780e+01
18 1.77300212148434e+01
18 1.74500651523582e+01
18 1.79884516906112e+01
18 1.84362889997195e+01
18 1.79276851262166e+01
18 1.81331206638793e+01
18 1.90727236838809e+01
18 1.88145745248578e+01
18 1.85411919129671e+01
18 1.85842434746688e+01
18 1.77654686907782e+01
18 1.74860697585749e+01
18 1.73699233885216e+01
18 1.79961994702794e+01
18 1.78111068024582e+01
18 1.82136299595330e+01
18 1.80416039832957e+01
18 1.82633147330374e+01
18 1.70223848067250e+01
18 1.77035367947944e+01
18 1.77807118765619e+01
18 1.82894462719854e+01
18 1.78573562263833e+01
18 1.81819367395790e+01
18 1.92879823443424e+01
18 1.92092976233446e+01
18 1.86920003200250e+01
18 1.91013339291451e+01
18 1.89522545098580e+01
18 1.84344866928245e+01
18 1.92386907722342e+01
18 1.83182760928351e+01
18 1.87223104614693e+01
18 1.82985410907436e+01
18 1.91742750081182e+01
18 1.81059583332491e+01
18 1.81275074913818e+01
18 1.72561458480653e+01
18 1.77190670057150e+01
18 1.76195238635532e+01
18 1.84347823899585e+01
18 1.96398792119589e+01
18 1.81910291637906e+01
18 1.80593813386798e+01
18 1.77046078686040e+01
18 1.74226879861554e+01
18 1.78164843039797e+01
18 1.74694392750912e+01
18 1.84345808532737e+01
18 1.76322313455536e+01
18 1.85432389850284e+01
18 1.76813611221441e+01
18 1.84809590641702e+01
18 1.86611603687146e+01
18 1.86773213905907e+01
18 1.84969814229841e+01
18 1.81476674414961e+01
18 1.85561610266336e+01
18 1.78699168235874e+01
18 1.86398339608358e+01
18 1.81581050525844e+01
18 1.82439921796316e+01
18 1.76053973376135e+01
18 1.69441455772166e+01
18 1.79347446057112e+01
18 1.72739539651614e+01
18 1.76508060043358e+01
18 1.82868519878595e+01
18 1.74957462305942e+01
18 1.72972247021141e+01
18 1.71563746958852e+01
18 1.74588198771443e+01
18 1.79208163965438e+01
18 1.70691012077070e+01
18 1.84290255831760e+01
18 1.80403487713471e+01
18 1.83363873942553e+01
18 1.76444066581278e+01
18 1.78596246986221e+01
18 1.80335907280689e+01
18 1.82818780893521e+01
18 1.75666485451514e+01
18 1.79814860271343e+01
18 1.86132745810472e+01
18 1.75647947563153e+01
18 1.81324874015662e+01
18 1.77749371290533e+01
18 1.75786254981962e+01
18 1.72262696634751e+01
18 1.73634502611539e+01
18 1.72138341840182e+01
18 1.69079296949047e+01
18 1.74959360211721e+01
18 1.70178720546206e+01
18 1.70704253049680e+01
18 1.81632259154478e+01
18 1.75012409250539e+01
18 1.77683901419426e+01
18 1.83538790309253e+01
18 1.77816586583576e+01
18 1.85089213951468e+01
18 1.78688462322063e+01
18 1.77627575165148e+01
18 1.78720091580128e+01
18 1.83886767608598e+01
18 1.82204486075640e+01
18 1.88804030126831e+01
18 1.81231713273002e+01
18 1.77524550360229e+01
18 1.76483450210276e+01
18 1.80473344491684e+01
18 1.74467722153007e+01
18 1.84786433245878e+01
18 1.82243291697401e+01
18 1.75226585735499e+01
18 1.81870620469771e+01
18 1.80305903105905e+01
18 1.81030757375843e+01
18 1.82717090724826e+01
18 1.80810400663857e+01
18 1.78270154159624e+01
18 1.79922947532385e+01
18 1.79050077747218e+01
18 1.85801334247182e+01
18 1.81225498278756e+01
18 1.82082323415413e+01
18 1.79763921234903e+01
18 1.79707578752593e+01
18 1.82638688176355e+01
18 1.80098675408592e+01
18 1.78955042809597e+01
18 1.80825172161845e+01
18 1.84960308520655e+01
18 1.79857234710842e+01
18 1.85516500838746e+01
18 1.84874184638847e+01
18 1.78979158687516e+01
18 1.73281305057632e+01
18 1.72605110612971e+01
18 1.66903649489383e+01
18 1.67390329404803e+01
18 1.71210671609600e+01
18 1.68775232178617e+01
18 1.68622828277716e+01
18 1.68072205411417e+01
18 1.56556235752357e+01
18 1.68842830098046e+01
18 1.75776291746026e+01
18 1.81894087826724e+01
18 1.80764718049405e+01
18 1.70722630447640e+01
18 1.79060087424252e+01
18 1.79436385485483e+01
18 1.75241592927896e+01
18 1.84055067991264e+01
18 1.81746427695516e+01
18 1.82882662680062e+01
18 1.77480544544904e+01
18 1.83956809820577e+01
18 1.87737183721075e+01
18 1.85351375272601e+01
18 1.83832935629731e+01
18 1.76307321298406e+01
18 1.78523234894196e+01
18 1.91273547410583e+01
18 1.89326598994117e+01
18 1.85718649623885e+01
18 1.83947754269204e+01
18 1.75444491790001e+01
18 1.86459203826499e+01
18 1.89958841540004e+01
18 1.90276474490244e+01
18 1.80323064452433e+01
18 1.83466757954446e+01
18 1.73811037353039e+01
18 1.77365473184228e+01
18 1.81129115735608e+01
18 1.76998039971625e+01
18 1.81766375941718e+01
18 1.90435307615756e+01
18 1.73083082356613e+01
18 1.79921506357106e+01
18 1.83334839021066e+01
18 1.84393458680417e+01
18 1.79566940845680e+01
18 1.76192186911948e+01
18 1.72582196393523e+01
18 1.83282398457103e+01
18 1.81560307821481e+01
18 1.73250800360927e+01
18 1.71034389722288e+01
18 1.78046815404472e+01
18 1.79287745742203e+01
18 1.76710366915045e+01
18 1.59450670494292e+01
18 1.63647036242706e+01
18 1.69870219312230e+01
18 1.68788634289463e+01
18 1.82461468086860e+01
18 1.79736691750430e+01
18 1.78571812219561e+01
18 1.69275493104845e+01
18 1.79841675419249e+01
18 1.75199596732202e+01
18 1.79657357492652e+01
18 1.78037141159056e+01
18 1.82758306838140e+01
18 1.83060710800046e+01
18 1.83892196451441e+01
18 1.93203061619904e+01
18 1.75087930100154e+01
18 1.66258565074255e+01
18 1.78898472857641e+01
18 1.78146614284466e+01
18 1.84943550029617e+01
18 1.82391048459638e+01
18 1.77282298839136e+01
18 1.79203815948708e+01
18 1.84000111637118e+01
18 1.84344327385183e+01
18 1.85213723943903e+01
18 1.88803267511682e+01
18 1.79595879089193e+01
18 1.84807062288573e+01
18 1.77454163792456e+01
18 1.75767092540247e+01
18 1.83166571467702e+01
18 1.78265107246098e+01
18 1.84888312400914e+01
18 1.77824639666140e+01
18 1.88155455673492e+01
18 1.82817850886617e+01
18 1.80916213065004e+01
18 1.81582364981398e+01
18 1.85156866019689e+01
18 1.88974162943234e+01
18 1.82386246284034e+01
18 1.83362390807855e+01
18 1.94416964293290e+01
18 1.89954404504751e+01
18 1.79360654410049e+01
18 1.73249060022110e+01
18 1.79124475339226e+01
18 1.72819958546470e+01
18 1.69505353131079e+01
18 1.71674846299704e+01
18 1.76227017393574e+01
18 1.73354538784575e+01
18 1.83001190502765e+01
18 1.80156063854160e+01
18 1.77496827846564e+01
18 1.75046189166197e+01
18 1.76075705268817e+01
18 1.77546766392127e+01
18 1.78238783958137e+01
18 1.69002407772313e+01
18 1.71522794137774e+01
18 1.78041608566178e+01
18 1.81457635726474e+01
18 1.88506325262149e+01
18 1.82928450907970e+01
18 1.75714574721223e+01
18 1.73786677878382e+01
18 1.69306711874584e+01
18 1.66940308349613e+01
18 1.67184678769039e+01
18 1.66843819816906e+01
18 1.85235777302020e+01
18 1.75965066550813e+01
18 1.79322654445412e+01
18 1.72043640676053e+01
18 1.75767692821877e+01
18 1.84477083920857e+01
18 1.76495844496407e+01
18 1.79573778479344e+01
18 1.77775801894180e+01
18 1.89843622170523e+01
18 1.94568780134683e+01
18 1.91469235216573e+01
18 1.85218263731249e+01
18 1.89546575156151e+01
18 1.95736939949197e+01
18 1.94233664292875e+01
18 1.81423994763725e+01
18 1.84648517207427e+01
18 1.79576399823036e+01
18 1.68268813639118e+01
18 1.70500679766732e+01
18 1.75388484687031e+01
18 1.83443694955851e+01
18 1.81392841967237e+01
18 1.75527319876803e+01
18 1.75236346984666e+01
18 1.64469742743046e+01
18 1.68542393557928e+01
18 1.66590268983485e+01
18 1.70524969205787e+01
18 1.74507198458628e+01
18 1.73610140254985e+01
18 1.67490339716752e+01
18 1.84191556439759e+01
18 1.89117507667528e+01
18 1.74796563713978e+01
18 1.73015356855165e+01
18 1.79386117849598e+01
18 1.77712387288974e+01
18 1.80097690391529e+01
18 1.82102859868407e+01
18 1.76483176842794e+01
18 1.81002187940415e+01
18 1.88933065447845e+01
18 1.84933551029496e+01
18 1.79344437910259e+01
18 1.85292398905876e+01
18 1.82832188933092e+01
18 1.79970075445291e+01
18 1.86539481681844e+01
18 1.75319632497578e+01
18 1.77400450223354e+01
18 1.79284110078827e+01
18 1.73708792847962e+01
18 1.74934512386099e+01
18 1.82441573113155e+01
18 1.81291491900659e+01
18 1.80155649313349e+01
18 1.79630324443806e+01
18 1.71919993213487e+01
18 1.75075847735371e+01
18 1.73202366479827e+01
18 1.80526461214534e+01
18 1.77482797635546e+01
18 1.82009895172331e+01
18 1.70472672894948e+01
18 1.85099162578370e+01
18 1.86980874529356e+01
18 1.76229006479602e+01
18 1.81328048616769e+01
18 1.73804786898055e+01
18 1.74969918451827e+01
18 1.72085430272178e+01
18 1.69378396030245e+01
18 1.75878386742649e+01
18 1.69723240122961e+01
18 1.72315231452886e+01
18 1.75731907375346e+01
18 1.77161319382621e+01
18 1.82108465320248e+01
18 1.73564563903498e+01
18 1.70062727647567e+01
18 1.81375808241459e+01
18 1.73130999444011e+01
18 1.66945731863488e+01
18 1.72191183152735e+01
18 1.71786592443874e+01
18 1.72401709703613e+01
18 1.72382519854503e+01
18 1.73322634821828e+01
18 1.67026910958811e+01
18 1.73463231249152e+01
18 1.65879815904651e+01
18 1.77419625035541e+01
18 1.67856384712072e+01
18 1.76376805646027e+01
18 1.74839672350602e+01
18 1.75988120449057e+01
18 1.78451305799116e+01
18 1.79616659816497e+01
18 1.71593990024248e+01
18 1.79696064351426e+01
18 1.85183899295216e+01
18 1.80908603165534e+01
18 1.91044141594130e+01
18 1.86642958344860e+01
18 1.93503427308421e+01
18 1.83935238699489e+01
18 1.85247473858609e+01
18 1.83900852549931e+01
18 1.86802151090243e+01
18 1.82822404722712e+01
18 1.76723185075730e+01
18 1.77157723124633e+01
18 1.81613843176671e+01
18 1.80094724485613e+01
18 1.79238335829678e+01
18 1.73654975861773e+01
18 1.72205959576721e+01
18 1.82259403162342e+01
18 1.75431771695626e+01
18 1.84769624028137e+01
18 1.74832622849019e+01
18 1.83195770940420e+01
18 1.71280726193438e+01
18 1.82364171896768e+01
18 1.91084565422344e+01
18 1.81454024137724e+01
18 1.80952169830485e+01
18 1.78520841117170e+01
18 1.84659139012462e+01
18 1.77182627491743e+01
18 1.83582640073063e+01
18 1.76066917751808e+01
18 1.72216387668451e+01
18 1.84261550219277e+01
18 1.85278708218469e+01
18 1.86623656319845e+01
18 1.81202599557620e+01
18 1.69575117840940e+01
18 1.82215425335283e+01
18 1.80281207996743e+01
18 1.74058585912929e+01
18 1.73782177769448e+01
18 1.86043918697279e+01
18 1.83411503574665e+01
18 1.78294063590634e+01
18 1.78004139061238e+01
18 1.80686605401940e+01
18 1.79496889442630e+01
18 1.76599065056765e+01
18 1.76075664437362e+01
18 1.76312166437942e+01
18 1.73608842895663e+01
18 1.84514232321132e+01
18 1.76038335995106e+01
18 1.82875987888557e+01
18 1.84273901928025e+01
18 1.88684985266851e+01
18 1.87239232425338e+01
18 1.78930797195264e+01
18 1.81475368988001e+01
18 1.75930085280411e+01
18 1.74003857375729e+01
18 1.68340429787766e+01
18 1.80604189976802e+01
18 1.76261807641655e+01
18 1.73604205888897e+01
18 1.73027795072065e+01
18 1.77593132406171e+01
18 1.78175883434754e+01
18 1.80209924599923e+01
18 1.69967855874860e+01
18 1.72450877867889e+01
18 1.61765422624014e+01
18 1.74254330562830e+01
18 1.81808348281809e+01
18 1.76978565048218e+01
18 1.81549365034915e+01
18 1.69421833261237e+01
18 1.67310848062708e+01
18 1.72757778011737e+01
18 1.73106124208199e+01
18 1.75742179191812e+01
18 1.86399557033716e+01
18 1.85957299987443e+01
18 1.86395004189300e+01
18 1.84225008472252e+01
18 1.72897971939031e+01
18 1.75356851650603e+01
18 1.74016157615085e+01
18 1.90493947755395e+01
18 1.85441602151042e+01
18 1.71197231651425e+01
18 1.81630691192712e+01
18 1.80042280345001e+01
18 1.76134289240511e+01
18 1.78790281976473e+01
18 1.80359392731948e+01
18 1.77711819159035e+01
18 1.81513267132444e+01
18 1.78210542542344e+01
18 1.84672127609870e+01
18 1.80529395849956e+01
18 1.74019994247923e+01
18 1.79554184940839e+01
18 1.76705200249086e+01
18 1.81116523623451e+01
18 1.82092645697650e+01
18 1.81221576214182e+01
18 1.79794503813704e+01
18 1.85309798861992e+01
18 1.83648052484880e+01
18 1.87221853186253e+01
18 1.87596669094956e+01
18 1.91095051690288e+01
18 1.82124161498385e+01
18 1.79612472503410e+01
18 1.78521082946857e+01
18 1.81970873567670e+01
18 1.79269815820689e+01
18 1.84218079658780e+01
18 1.90454099600968e+01
18 1.93343283053991e+01
18 1.83669142631596e+01
18 1.89278307666509e+01
18 1.89703658273841e+01
18 1.81755020674296e+01
18 1.78138748519124e+01
18 1.74068569862533e+01
18 1.70741901831719e+01
18 1.69095821298121e+01
18 1.76114367458614e+01
18 1.73908386152697e+01
18 1.81179937036212e+01
18 1.75276526819167e+01
18 1.74530025039417e+01
18 1.71224438809608e+01
18 1.76504622705924e+01
18 1.80583521781424e+01
18 1.82125694195133e+01
18 1.77922696775991e+01
18 1.78392605279095e+01
18 1.81287146882550e+01
18 1.77500695632764e+01
18 1.76708468309846e+01
18 1.74168707895376e+01
18 1.69053144139038e+01
18 1.72190844343082e+01
18 1.69827981293093e+01
18 1.79350084041031e+01
18 1.78743761814626e+01
18 1.81586650544803e+01
18 1.84492676280823e+01
18 1.78406720423346e+01
18 1.71018375011442e+01
18 1.65401867174214e+01
18 1.67599762279396e+01
18 1.66195093966275e+01
18 1.67380515013376e+01
18 1.66612845171490e+01
18 1.74423581221038e+01
18 1.70469848815455e+01
18 1.68766337758805e+01
18 1.64695938049765e+01
18 1.70779575883153e+01
18 1.73016463365016e+01
18 1.71975809591905e+01
18 1.73395337584598e+01
18 1.73999654521636e+01
18 1.77498775540244e+01
18 1.72144022257547e+01
18 1.74165045877312e+01
18 1.72268701855991e+01
18 1.71432957521776e+01
18 1.80337952126065e+01
18 1.83871232251871e+01
18 1.81648294544150e+01
18 1.84733985590421e+01
18 1.85845238288863e+01
18 1.77216283894112e+01
18 1.72556451659765e+01
18 1.71941947140049e+01
18 1.78361071565874e+01
18 1.81420389378594e+01
18 1.78382713247818e+01
18 1.90068415924437e+01
18 1.85376809377945e+01
18 1.80158062925477e+01
18 1.83898317023297e+01
18 1.79504923266443e+01
18 1.81876773443903e+01
18 1.79091390464389e+01
18 1.74773429614812e+01
18 1.76001369128915e+01
18 1.78338140873402e+01
18 1.75526994590339e+01
18 1.76067241317692e+01
18 1.83140197771499e+01
18 1.72732763469565e+01
18 1.77488225339549e+01
18 1.76524193587074e+01
18 1.81722391998782e+01
18 1.74304198663215e+01
18 1.86163335620055e+01
18 1.81084750811445e+01
18 1.85781762422911e+01
18 1.85484701977106e+01
18 1.85141599346122e+01
18 1.80516090054683e+01
18 1.75125093808030e+01
18 1.76730916056723e+01
18 1.80531420746740e+01
18 1.75984646409372e+01
18 1.81610276931817e+01
18 1.70497208826034e+01
18 1.72156285205486e+01
18 1.83248735700509e+01
18 1.82381631419988e+01
18 1.75759859843928e+01
18 1.81633296032162e+01
18 1.76192677515713e+01
18 1.77890825693544e+01
18 1.82403191161392e+01
18 1.82153320814643e+01
18 1.67846024835161e+01
18 1.78803538556762e+01
18 1.66571697412504e+01
18 1.65585646665988e+01
18 1.64855243564937e+01
18 1.68687993610444e+01
18 1.73216715945939e+01
18 1.75941513729534e+01
18 1.83604991315972e+01
18 1.80678691066653e+01
18 1.81623200619412e+01
18 1.75553965759999e+01
18 1.86681822295050e+01
18 1.83899525408367e+01
18 1.87095614619373e+01
18 1.79792874947850e+01
18 1.85099945702575e+01
18 1.85621389468202e+01
18 1.77007561963402e+01
18 1.85485905648763e+01
18 1.73528284064676e+01
18 1.78330599344458e+01
18 1.88012164026302e+01
18 1.81124092043353e+01
18 1.70946229279448e+01
18 1.78238067759859e+01
18 1.89103314255311e+01
