19 1.87180103464943e+01
19 1.86179057887216e+01
19 1.96911709846672e+01
19 1.92332459391465e+01
19 1.86714816775442e+01
19 1.90153347783211e+01
19 1.83637241203818e+01
19 1.81036531159454e+01
19 1.91727588064386e+01
19 1.82783243689666e+01
19 1.84191512007393e+01
19 1.84305991740256e+01
19 1.87950811226701e+01
19 1.75941207503467e+01
19 1.78101855801543e+01
19 1.78554844296942e+01
19 1.88546828535410e+01
19 1.84614560397484e+01
19 1.94008657347906e+01
19 1.87517920055777e+01
19 1.88918842576034e+01
19 1.94869610213639e+01
19 2.00970329660034e+01
19 2.01652040722993e+01
19 1.97683159510188e+01
19 2.05985114683563e+01
19 1.92044431662084e+01
19 1.87487370059827e+01
19 1.87185199911675e+01
19 1.97969263106099e+01
19 1.84959665881284e+01
19 1.94647758483454e+01
19 1.87681277345678e+01
19 1.89290011479381e+01
19 1.84651391781061e+01
19 1.86279551114724e+01
19 1.86948921201226e+01
19 1.85931818260027e+01
19 1.96664680376936e+01
19 1.95594635646297e+01
19 1.96640517843586e+01
19 1.92463162239554e+01
19 1.91290886328473e+01
19 1.91900053246449e+01
19 1.93367520492248e+01
19 1.81905650288749e+01
19 1.87762466085046e+01
19 1.84893326388717e+01
19 1.96930343468129e+01
19 1.94828956710218e+01
19 1.91789178438520e+01
19 1.96507989890424e+01
19 1.98886784560405e+01
19 1.95916672660374e+01
19 1.90228759516484e+01
19 1.98440956796057e+01
19 1.97309649086694e+01
19 2.00343391364603e+01
19 1.92888663700840e+01
19 1.92997795748934e+01
19 1.82091347586729e+01
19 1.80459133347473e+01
19 1.84650607850145e+01
19 1.85667998840132e+01
19 1.92126831900094e+01
19 1.83279626975456e+01
19 1.85479185950495e+01
19 1.88365488037587e+01
19 1.87986470574455e+01
19 1.85609833849977e+01
19 1.87643062678948e+01
19 1.87302459420082e+01
19 1.95102126486860e+01
19 1.83855534080557e+01
19 1.86968617505150e+01
19 1.85433540992012e+01
19 1.94142622138277e+01
19 1.84332924540582e+01
19 1.85545357985056e+01
19 1.86714917882416e+01
19 1.83553218987556e+01
19 1.87311484199836e+01
19 1.85157201733310e+01
19 1.90381971560451e+01
19 1.89995681484560e+01
19 1.85223767395052e+01
19 1.91241365389571e+01
19 1.89042988143378e+01
19 1.83310349559132e+01
19 1.83417059626726e+01
19 1.89703574373894e+01
19 1.91978863924625e+01
19 1.83191525178617e+01
19 1.84744955624442e+01
19 1.87582689544126e+01
19 1.70335897823124e+01
19 1.80035780317545e+01
19 1.82543974418137e+01
19 1.82422526482075e+01
19 1.81925404249042e+01
19 1.89311542530831e+01
19 1.95842902144797e+01
19 1.83580759554067e+01
19 1.88257874089585e+01
19 1.96603533579616e+01
19 1.87827940534300e+01
19 1.98645537715065e+01
19 1.91026970638217e+01
19 1.87740411992317e+01
19 1.90534468685623e+01
19 1.90312482381099e+01
19 1.86869882265129e+01
19 1.83710046964080e+01
19 1.83790914645874e+01
19 1.85449435680703e+01
19 1.79706282248299e+01
19 1.87405181508127e+01
19 1.83232122649825e+01
19 1.87207802049793e+01
19 1.93341032584873e+01
19 1.90111200951888e+01
19 1.86882866362457e+01
19 1.94027415120867e+01
19 1.95102837952477e+01
19 1.86698167285368e+01
19 1.81277266477632e+01
19 1.93791375410361e+01
19 1.83578661741791e+01
19 1.87188143676764e+01
19 1.84781254320678e+01
19 1.74408114582019e+01
19 1.85320241907593e+01
19 1.88657856830460e+01
19 1.93680484105671e+01
19 1.88225501857998e+01
19 1.87682310161488e+01
19 1.95665716962290e+01
19 1.83219015371041e+01
19 1.86370325180669e+01
19 1.86631059222151e+01
19 1.89017117567858e+01
19 1.89906462873588e+01
19 1.88462926692133e+01
19 1.93164361869153e+01
19 1.94532139894948e+01
19 1.92275848962985e+01
19 1.94572279979345e+01
19 1.93841321352150e+01
19 1.88351175682258e+01
19 1.89673071161332e+01
19 1.92825206752667e+01
19 1.90823370535350e+01
19 1.90727576753939e+01
19 1.94015229321467e+01
19 1.93201124805291e+01
19 1.82546665930549e+01
19 1.79412876212273e+01
19 1.87934356262126e+01
19 1.85413162286124e+01
19 1.87547687375443e+01
19 1.88853174900821e+01
19 1.90710612350360e+01
19 1.86790359456276e+01
19 1.89187301598584e+01
19 1.88788306599229e+01
19 1.88781668617935e+01
19 1.86936508690056e+01
19 1.81913277195242e+01
19 1.79977129952986e+01
19 1.86435074840721e+01
19 1.88865245949713e+01
19 1.80129823337184e+01
19 1.85086657932703e+01
19 2.03089709829096e+01
19 1.94478528197207e+01
19 1.98573476506548e+01
19 1.97538520446756e+01
19 2.00276017516410e+01
19 1.91173927437256e+01
19 1.81279784060422e+01
19 1.86975834534496e+01
19 1.89648300199783e+01
19 1.81681112573053e+01
19 1.99275760713709e+01
19 1.89431387001742e+01
19 1.91299052271636e+01
19 1.86165512281512e+01
19 1.85213651319100e+01
19 1.80308923782914e+01
19 1.88932596179544e+01
19 1.87785319109436e+01
19 1.81611440323853e+01
19 1.91821405644942e+01
19 1.84637468097095e+01
19 1.88531719108047e+01
19 1.92340748239125e+01
19 1.88614986669377e+01
19 1.99498346729064e+01
19 1.95657290631088e+01
19 1.92231968232581e+01
19 1.98848472092034e+01
19 1.97292778912961e+01
19 1.98428471118278e+01
19 1.90799525298453e+01
19 1.98377095011615e+01
19 1.84400062111876e+01
19 1.90470665854547e+01
19 1.94952291539107e+01
19 1.82870237804082e+01
19 1.93878736382355e+01
19 1.79089813311853e+01
19 1.91716590373385e+01
19 1.91371698952338e+01
19 1.88875920405566e+01
19 1.84611958247943e+01
19 1.87244266118397e+01
19 1.94485780512546e+01
19 1.90155870606600e+01
19 1.81658811581219e+01
19 1.88595611269892e+01
19 1.84412812008838e+01
19 1.88081772529760e+01
19 1.84243550853323e+01
19 1.85265812808445e+01
19 1.86115969669682e+01
19 1.93341481514898e+01
19 1.92652770282133e+01
19 1.86416130672967e+01
19 1.89003266868999e+01
19 1.86422849769685e+01
19 1.87421880597956e+01
19 1.90901186430241e+01
19 1.89849011344743e+01
19 1.85523943778729e+01
19 1.92537419438712e+01
19 1.85539603746059e+01
19 1.84625654717642e+01
19 1.88366032761821e+01
19 1.78538807181214e+01
19 1.80622431019454e+01
19 1.83328723969367e+01
19 1.88805378022126e+01
19 1.89422465522115e+01
19 1.84364392871540e+01
19 1.86047850949640e+01
19 1.78828088732525e+01
19 1.81257595449451e+01
19 1.96716446377329e+01
19 1.87382841022661e+01
19 1.80411910776908e+01
19 1.82679585800897e+01
19 1.76769335878048e+01
19 1.82665588544067e+01
19 1.87250979775023e+01
19 1.91911393115282e+01
19 1.93956067270187e+01
19 1.94804475656311e+01
19 1.90727271767627e+01
19 1.86813088015567e+01
19 1.88766777307099e+01
19 1.87343774684724e+01
19 1.89776939180497e+01
19 1.98163515257650e+01
19 1.88582958647374e+01
19 1.89973237780592e+01
19 1.87635346304683e+01
19 1.88295669861830e+01
19 1.88922338301623e+01
19 1.82001587630037e+01
19 1.89581826193080e+01
19 1.89396818481761e+01
19 1.97060966870354e+01
19 1.91541556601441e+01
19 1.92338146730379e+01
19 1.87951200060426e+01
19 1.85041904862135e+01
19 1.88846647542559e+01
19 1.91061334074024e+01
19 1.77832600452409e+01
19 1.80353851783487e+01
19 1.90641975228048e+01
19 1.89326511670739e+01
19 1.87758139194412e+01
19 1.81072818792903e+01
19 1.92975753352943e+01
19 1.76605956767765e+01
19 1.75831293550746e+01
19 1.82655063014637e+01
19 1.83994879915188e+01
19 1.89078689090120e+01
19 1.84739278148161e+01
19 1.82260321889596e+01
19 1.79395508817476e+01
19 1.81644488812008e+01
19 1.80769151571051e+01
19 1.82585942179250e+01
19 1.86382712565275e+01
19 1.80387949684484e+01
19 1.87799067518070e+01
19 1.83694271471015e+01
19 1.77039578367969e+01
19 1.75681870877524e+01
19 1.89501299982040e+01
19 1.79480665935876e+01
19 1.84691878125085e+01
19 1.91074552133625e+01
19 1.91022760212254e+01
19 1.88830958267429e+01
19 1.79148614519455e+01
19 1.77985992050953e+01
19 1.84571455383126e+01
19 1.86419957449248e+01
19 1.77883308322031e+01
19 1.87993635475603e+01
19 1.98297364060956e+01
19 1.97582089055529e+01
19 1.95821228247559e+01
19 1.80428937277537e+01
19 1.88850019178817e+01
19 1.91174096834484e+01
19 1.83858891591456e+01
19 1.83470202132597e+01
19 1.85113759159672e+01
19 1.88426781732969e+01
19 1.88591566462088e+01
19 1.96021659561588e+01
19 1.94406784333089e+01
19 2.00036018730033e+01
19 1.98482391876694e+01
19 1.92411560590949e+01
19 1.95810974100722e+01
19 1.92393511845274e+01
19 1.84539128229876e+01
19 1.86190823845265e+01
19 1.86701037349241e+01
19 1.87961889540034e+01
19 1.87066806566436e+01
19 1.83784556039648e+01
19 1.83468010382475e+01
19 1.85134947604767e+01
19 1.81883317367623e+01
19 1.88765990695420e+01
19 1.85478701418996e+01
19 1.87668871315403e+01
19 1.90438319404459e+01
19 1.84882353891458e+01
19 1.93784138103097e+01
19 1.81031474095166e+01
19 1.80641536255405e+01
19 1.94315463622233e+01
19 1.90794118614011e+01
19 1.93201741185285e+01
19 1.87935190674047e+01
19 1.92275286155747e+01
19 1.88478259115113e+01
19 1.92644830079312e+01
19 1.94981994442571e+01
19 1.92361677693054e+01
19 1.93628942016726e+01
19 1.90065906749060e+01
19 1.80517361027885e+01
19 1.80651151842580e+01
19 1.78668763238697e+01
19 1.86734033549540e+01
19 1.90733041676777e+01
19 1.95172035024094e+01
19 1.95334031295907e+01
19 1.96998671686513e+01
19 1.90673635032906e+01
19 1.86452926693576e+01
19 1.98970987493166e+01
19 1.87275461404237e+01
19 1.90325765259988e+01
19 1.92743975110419e+01
19 2.01853064642015e+01
19 1.84636789562073e+01
19 1.89984696004414e+01
19 1.88056111551645e+01
19 1.84577077730597e+01
19 1.89399984718211e+01
19 2.01188104929154e+01
19 1.96409479351713e+01
19 1.82625302831604e+01
19 1.82838534659961e+01
19 1.82499597907468e+01
19 1.86819568276714e+01
19 1.89833115679633e+01
19 1.90795978296348e+01
19 1.99537808291888e+01
19 1.91408655968987e+01
19 1.97341700177883e+01
19 1.85641730077760e+01
19 1.84836481584753e+01
19 1.90516013551523e+01
19 1.97122500640738e+01
19 1.94754319344961e+01
19 1.99710896988180e+01
19 1.99927011491067e+01
19 1.92002591812109e+01
19 1.92384889120228e+01
19 1.91782252144548e+01
19 1.96502137232246e+01
19 1.95761763581493e+01
19 1.97056518059212e+01
19 2.04502351686158e+01
19 1.98068525974760e+01
19 1.94645435008625e+01
19 1.98653307538295e+01
19 2.00786175424701e+01
19 1.99415433931064e+01
19 1.83379289342976e+01
19 1.87775459783289e+01
19 1.86553151247721e+01
19 1.92694604670365e+01
19 1.91762865195376e+01
19 1.93839453245857e+01
19 1.85572957354589e+01
19 1.84210815370026e+01
19 1.89538751567855e+01
19 1.83375299224117e+01
19 1.79746836260571e+01
19 1.91812283008579e+01
19 1.89596001056017e+01
19 1.84497025294324e+01
19 1.91913284246336e+01
19 1.90305415905844e+01
19 1.88610562353700e+01
19 1.85999518195311e+01
19 1.80138129331671e+01
19 1.81883375132844e+01
19 1.81776397671843e+01
19 1.82455350319679e+01
19 1.81903188859547e+01
19 1.81032671018268e+01
19 1.79310801768323e+01
19 1.82597460520581e+01
19 1.84858025692676e+01
19 1.80908529205387e+01
19 1.85271577470936e+01
19 1.81529908032890e+01
19 1.87267452607914e+01
19 1.95360281932608e+01
19 1.97261901121869e+01
19 1.89928429243864e+01
19 1.88913229255264e+01
19 1.85983314447847e+01
19 1.81405481983871e+01
19 1.91496242166182e+01
19 1.82828599860623e+01
19 1.94373808035638e+01
19 1.89064003653137e+01
19 1.93519799647159e+01
19 1.96507855993488e+01
19 1.89523179815294e+01
19 1.86881276101774e+01
19 1.85313150586211e+01
19 1.81281187602741e+01
19 1.82856964903713e+01
19 1.86372394023617e+01
19 1.85117402050420e+01
19 1.85248886018694e+01
19 1.85209405841062e+01
19 1.85492686200625e+01
19 1.87581723013131e+01
19 1.86558682938692e+01
19 1.83135412056116e+01
19 1.83077616801898e+01
19 1.85092262958667e+01
19 1.86943096296828e+01
19 1.89744399459917e+01
19 1.86181358316052e+01
19 1.91116386891067e+01
19 1.80669909386520e+01
19 1.87979362485875e+01
19 1.84206990089735e+01
19 1.85384975180095e+01
19 1.91378791674267e+01
19 1.95192198147520e+01
19 1.90389230399804e+01
19 1.82969704134883e+01
19 1.92719024021630e+01
19 1.89420710516586e+01
19 1.92472369137697e+01
19 1.85475894854375e+01
19 1.81725407951265e+01
19 1.95918196064266e+01
19 1.89796584901594e+01
19 1.89087760820277e+01
19 1.91252206722470e+01
19 1.91225186644022e+01
19 1.88920170613829e+01
19 1.82825155761105e+01
19 1.93379827558163e+01
19 1.95493090539762e+01
19 1.87441489232690e+01
19 1.81319171723354e+01
19 1.81860560514862e+01
19 1.85089510049258e+01
19 1.86175770537005e+01
19 1.83970282714449e+01
19 1.90694727521686e+01
19 1.83952144344424e+01
19 1.87640816797355e+01
19 1.79377419552549e+01
19 1.88357414911482e+01
19 1.87447853904365e+01
19 1.77205378799725e+01
19 1.66815497659522e+01
19 1.80107117833495e+01
19 1.76019197722303e+01
19 1.81895131706110e+01
19 1.79446357831351e+01
19 1.88340560303158e+01
19 1.86444128643637e+01
19 1.87544671580626e+01
19 1.91362953837006e+01
19 1.92183999310010e+01
19 1.96182323800551e+01
19 1.89303532151262e+01
19 1.98733796154344e+01
19 1.99637008894422e+01
19 1.87480690999597e+01
19 1.92171359374683e+01
19 1.92137609417225e+01
19 1.87300477558055e+01
19 1.87084235884534e+01
19 1.84224823677455e+01
19 1.92700770287438e+01
19 1.91287220233886e+01
19 1.82714389932911e+01
19 1.89389400677106e+01
19 1.87395879219267e+01
19 1.87712656416293e+01
19 1.83442318117310e+01
19 1.83480620848389e+01
19 1.76222458983386e+01
19 1.86136350120174e+01
19 1.78780142764379e+01
19 1.82890581191216e+01
19 1.83162609875180e+01
19 1.77536285627642e+01
19 1.87810039298948e+01
19 1.91897399362181e+01
19 1.84956040784117e+01
19 1.76134547166314e+01
19 1.87359835302342e+01
19 1.92738422591370e+01
19 1.90744331214202e+01
19 1.96482908372577e+01
19 1.89361665209875e+01
19 1.87383703978453e+01
19 1.82752986434824e+01
19 1.89945404757455e+01
19 1.79214539482516e+01
19 1.82563655682293e+01
19 1.86956547654203e+01
19 1.90214066150326e+01
19 1.93638923496610e+01
19 1.94498052557872e+01
19 1.82394288615556e+01
19 1.93112547340947e+01
19 1.91027149463127e+01
19 1.96105157478965e+01
19 1.94056920550298e+01
19 1.86716736029647e+01
19 1.99527274327423e+01
19 1.91481385585012e+01
19 1.86910554635818e+01
19 1.95377143209037e+01
19 2.00141676760374e+01
19 1.95487126131937e+01
19 1.90491745669762e+01
19 1.88197017731520e+01
19 1.83407668055546e+01
19 1.92605964135260e+01
19 1.83632365488818e+01
19 1.88719753417965e+01
19 1.89227205278788e+01
19 1.92299892527926e+01
19 1.86915970716730e+01
19 1.94033294194606e+01
19 1.94516657047657e+01
19 1.82488120302081e+01
19 1.84692978372366e+01
19 1.88772093856138e+01
19 1.96131690158234e+01
19 1.85642606389732e+01
19 1.84377332119528e+01
19 1.84350500861746e+01
19 1.90148444289021e+01
19 1.82937403635249e+01
19 1.91766049813259e+01
19 1.87840128066396e+01
19 1.96033718418639e+01
19 1.89474566273094e+01
19 1.98234289381659e+01
19 1.86396857093122e+01
19 1.90591539366065e+01
19 1.90415039694068e+01
19 1.86549426066988e+01
19 1.80253512314198e+01
19 1.86204068131340e+01
19 1.85853705451550e+01
19 1.94679545548995e+01
19 1.79632154164264e+01
19 1.88877865128364e+01
19 1.80577810649150e+01
19 1.83037489027923e+01
19 1.93827136528506e+01
19 1.81603983740130e+01
19 1.93965277775367e+01
19 1.86841411581457e+01
19 1.85021139652016e+01
19 1.85406472056049e+01
19 1.85119227142484e+01
19 1.87144696801823e+01
19 1.93419741400100e+01
19 1.87615596621181e+01
19 1.84488546199924e+01
19 1.78384656222964e+01
19 1.78249889672375e+01
19 1.81598938995447e+01
19 1.90733094305791e+01
19 1.75505667034860e+01
19 1.79827067782418e+01
19 1.78926332980504e+01
19 1.88203553492959e+01
19 1.90031960805200e+01
19 1.93330729179353e+01
19 1.95233562484568e+01
19 1.93637796548009e+01
19 1.90457169402607e+01
19 1.90668644225435e+01
19 1.92335441811988e+01
19 1.86222261426102e+01
19 1.88413722663674e+01
19 1.87765865486071e+01
19 1.95319011146216e+01
19 2.02629712355296e+01
19 1.87903576182920e+01
19 1.87559456663230e+01
19 1.85921374207275e+01
19 1.86665930359437e+01
19 1.94061007244058e+01
19 1.93377114299191e+01
19 1.90625213700916e+01
19 1.90227991372577e+01
19 1.90645906681006e+01
19 1.93081500078457e+01
19 1.86367870899889e+01
19 1.88228655374223e+01
19 1.86323302999551e+01
19 1.86879012276459e+01
19 1.83012390230634e+01
19 1.84148248759224e+01
19 1.79920202584124e+01
19 1.88575767250821e+01
19 1.84095820921236e+01
19 1.83372725193685e+01
19 1.81877673841592e+01
19 1.82659355380075e+01
19 1.78111083405128e+01
19 1.85671797936275e+01
19 1.81667931567543e+01
19 1.92824733367482e+01
19 1.88327133430755e+01
19 1.92020298634209e+01
19 1.83685390249654e+01
19 1.89392694905437e+01
19 1.84348493202000e+01
19 1.86390020607139e+01
19 1.86716524669406e+01
19 1.94082145552920e+01
19 1.83524381339011e+01
19 1.89700366449510e+01
19 1.91421867111837e+01
19 1.94179121535274e+01
19 1.95713690959665e+01
19 1.92818232756464e+01
19 1.97129206136883e+01
19 1.91821365334772e+01
19 1.97625858802701e+01
19 1.99193093485083e+01
19 1.94236275169383e+01
19 1.91929219333570e+01
19 2.01159657956262e+01
19 1.98535889293774e+01
19 1.87713060939530e+01
19 1.91898593513333e+01
19 1.92538338172939e+01
19 1.90960834477908e+01
19 1.84449199415951e+01
19 1.91605950948346e+01
19 1.84103806612048e+01
19 1.87475796604121e+01
19 1.93314663142765e+01
19 1.89111354823136e+01
19 1.78563571233346e+01
19 1.78920817107514e+01
19 1.76313923055738e+01
19 1.85655167512162e+01
19 1.81306904240075e+01
19 1.86616096519634e+01
19 1.87154361610647e+01
19 1.78700875284097e+01
19 1.84783780274092e+01
19 1.85443774638883e+01
19 1.85292891969453e+01
19 1.92500414553102e+01
19 1.90176762464551e+01
19 1.92371060826976e+01
19 1.90955149670268e+01
19 1.87015861776617e+01
19 1.84634907473299e+01
19 1.89276127320814e+01
19 1.85414366779967e+01
19 1.85631904802363e+01
19 1.86017484661436e+01
19 1.88849353373581e+01
19 1.94947393007527e+01
19 1.89797468325861e+01
19 1.87434709843696e+01
19 1.91027140281244e+01
19 1.85891584971407e+01
19 1.99106393886180e+01
19 1.95877919558256e+01
19 1.77808196113352e+01
19 1.89821534617820e+01
19 1.94236655907354e+01
19 1.86872522508865e+01
19 1.85518928415025e+01
19 1.81239012163607e+01
19 1.83259852853808e+01
19 1.89286125298306e+01
19 1.85180656789281e+01
19 1.95940565661658e+01
19 1.93342655741632e+01
19 1.87536411780620e+01
19 1.83703028959176e+01
19 1.84233934728523e+01
19 1.86297129527298e+01
19 1.86505551439786e+01
19 1.85741385109501e+01
19 1.90853885771222e+01
19 1.85718573398055e+01
19 1.78075870073445e+01
19 1.85524228118871e+01
19 1.85523946380851e+01
19 1.80899631049144e+01
19 1.87032629249498e+01
19 1.79857043463958e+01
19 1.81830728517768e+01
19 1.87702102221235e+01
19 1.82042850885961e+01
19 1.84690319271061e+01
19 1.85148968533669e+01
19 1.86951470797348e+01
19 1.84824703212993e+01
19 1.93232002106316e+01
19 1.93202558638053e+01
19 1.89099862091903e+01
19 1.89549781960825e+01
19 1.94414798639019e+01
19 1.96293947871348e+01
19 1.91532014204658e+01
19 1.92323476547336e+01
19 1.95277438066005e+01
19 1.89306854100730e+01
19 1.89932559388731e+01
19 1.84849605044007e+01
19 1.86890391581191e+01
19 1.85182712743136e+01
19 1.81161779233371e+01
19 1.75106659377606e+01
19 1.84369499968256e+01
19 1.81739552688003e+01
19 1.87543757144019e+01
19 1.94525539017317e+01
19 1.80244370977203e+01
19 1.81133237204601e+01
19 1.78558443222763e+01
19 1.87902659648171e+01
19 1.87113066396463e+01
19 1.93104245994539e+01
19 1.84793544491314e+01
19 1.86983175114770e+01
19 1.84304604420045e+01
19 1.82588251543481e+01
19 1.82173353789035e+01
19 1.88255927319162e+01
19 1.88874719251270e+01
19 1.87901603753562e+01
19 1.87162984229829e+01
19 1.92608653498034e+01
19 1.92444668016379e+01
19 1.79882830818068e+01
19 1.92831104888609e+01
19 1.88547761341399e+01
19 1.81847522082974e+01
19 1.83211862079885e+01
19 1.91078001505684e+01
19 1.83715125838998e+01
19 1.92688839732730e+01
19 1.91958220559189e+01
19 1.88384811392759e+01
19 1.92849085640004e+01
19 1.88655932930106e+01
19 1.87393721464163e+01
19 1.81731955907282e+01
19 1.88621759340205e+01
19 1.92015964072495e+01
19 1.90433583155559e+01
19 1.95880208579795e+01
19 1.91822777938215e+01
19 1.98011813332293e+01
19 1.88481838356430e+01
19 1.91991470378220e+01
19 2.02311124854022e+01
19 2.00027820316104e+01
19 1.90058487842721e+01
19 1.88002584160151e+01
19 1.84623394820556e+01
19 1.92026777297264e+01
19 1.94582446780515e+01
19 1.95458091739119e+01
19 1.93743832848449e+01
19 1.89312709332645e+01
19 1.86001793805384e+01
19 1.83104711678239e+01
19 1.86064475232212e+01
19 1.90079200058700e+01
19 1.90339988279813e+01
19 1.95094737029007e+01
19 1.97794855571514e+01
19 1.88065793201248e+01
19 1.93455686151087e+01
19 1.94144562873877e+01
19 1.87132757937423e+01
19 1.94355901131409e+01
19 1.91277300289742e+01
19 1.81896896516499e+01
19 1.85775034148961e+01
19 1.84938286383581e+01
19 1.75023784398335e+01
19 1.92123269550524e+01
19 1.89217592761613e+01
19 1.96942480012802e+01
19 1.90239076996434e+01
19 1.88727260259092e+01
19 1.93276643252645e+01
19 1.93243925787898e+01
19 1.81906068063211e+01
19 1.83582228076919e+01
19 1.85571866056508e+01
19 2.01761377356475e+01
19 1.97062824792122e+01
19 1.89093034222284e+01
19 1.99055744955492e+01
19 1.88171648368112e+01
19 1.93853949432688e+01
19 1.89667497349793e+01
19 1.86303877147315e+01
19 1.86168871523762e+01
19 1.89883860733014e+01
19 1.95784727298346e+01
19 1.82437375162617e+01
19 1.84746206556374e+01
19 1.89674133891320e+01
19 1.88234039467432e+01
19 1.80374916629181e+01
19 1.87077319216921e+01
19 1.84424299377941e+01
19 1.92530185183197e+01
19 1.87743843994161e+01
19 1.86492132976029e+01
19 1.94541111589300e+01
19 1.97868700417542e+01
19 1.94557475114601e+01
19 1.83943168916964e+01
19 1.81413150326366e+01
19 1.88578262323887e+01
19 1.90291282456429e+01
19 1.96356041013260e+01
19 1.92883761802530e+01
19 1.98119608252662e+01
19 1.88692591866913e+01
19 1.94526378871118e+01
19 1.92777153528433e+01
19 1.91556789932508e+01
19 1.96748193264110e+01
19 1.90988785023243e+01
19 1.91118367105367e+01
19 1.85968424836039e+01
19 1.95959370040094e+01
19 1.88474831121153e+01
19 1.84482411702706e+01
19 1.82249128141572e+01
19 1.89520479418101e+01
19 1.94859631334890e+01
19 1.93835650863856e+01
19 2.00098511998813e+01
19 1.88285991839271e+01
19 1.90498558260483e+01
19 1.91874689325409e+01
19 1.83662065086305e+01
19 1.87652646520512e+01
19 1.73883620987751e+01
19 1.84256874253261e+01
19 1.77405140499249e+01
19 1.94265727961951e+01
19 1.87901753066922e+01
19 1.79298798351702e+01
19 1.80477632941288e+01
19 1.82659530343200e+01
19 1.72715298022079e+01
19 1.78320481727744e+01
19 1.73662015981444e+01
19 1.87668203489854e+01
19 1.82218768612489e+01
19 1.87432505195839e+01
19 1.84940872523415e+01
19 1.84431014030741e+01
19 1.78849019634656e+01
19 1.74795932544635e+01
19 1.77764403102303e+01
19 1.85343067876176e+01
19 1.82238194505700e+01
19 1.88703857187904e+01
19 1.75829142944200e+01
19 1.73724603732818e+01
19 1.80578510019819e+01
19 1.86245530118629e+01
19 1.86343504381195e+01
19 1.91685539717634e+01
19 1.90227206496066e+01
19 1.87283132649463e+01
19 1.85503150598258e+01
19 1.76621391657832e+01
19 1.91985189407750e+01
19 1.75284509082121e+01
19 1.83574675182069e+01
19 1.86030573685770e+01
19 1.78652911438219e+01
19 1.87709005548314e+01
19 1.85953500661822e+01
19 1.88325369785665e+01
19 1.87903607916293e+01
19 1.78690449235674e+01
19 1.77051571438627e+01
19 1.79624785350796e+01
19 1.84662368698208e+01
19 1.83687638071814e+01
19 1.86886678448678e+01
19 1.81095786619166e+01
19 1.82608979363076e+01
19 1.82094071911778e+01
19 1.89880173075432e+01
19 1.84998214452467e+01
19 1.86439047017080e+01
19 1.76925233131514e+01
19 1.83612642372583e+01
19 1.80357648606575e+01
19 1.75742275442255e+01
19 1.82636481535567e+01
19 1.86767459417542e+01
19 1.87739672880633e+01
19 1.86051367798023e+01
19 1.79436713666178e+01
19 1.81027658697500e+01
19 1.78376880260328e+01
19 1.87381751089080e+01
19 1.83739789269762e+01
19 1.93616430811870e+01
19 1.89055731999407e+01
19 1.81231635667063e+01
19 1.86488318552723e+01
19 1.87553422714879e+01
19 1.83781070599722e+01
19 1.87530043988712e+01
19 1.84924721458036e+01
19 1.84869740614385e+01
19 1.88705384414737e+01
19 1.91627399889978e+01
19 1.88014114660170e+01
19 1.82099179975999e+01
19 1.79295113051704e+01
19 1.92872436264456e+01
19 1.92987505084753e+01
19 1.92649247233913e+01
19 1.85747315187705e+01
19 1.90414885648532e+01
19 1.86641351493805e+01
19 1.81411489452885e+01
19 1.82954878417458e+01
19 1.86780400106707e+01
19 1.80329635574421e+01
19 1.80217724233104e+01
19 1.77229193973297e+01
19 1.83415720408785e+01
19 1.78774347999447e+01
19 1.79635931720762e+01
19 1.71738493485792e+01
19 1.71550840745601e+01
19 1.72529682990027e+01
19 1.76016780566553e+01
19 1.80584069174637e+01
19 1.79206457148581e+01
19 1.76162844714107e+01
19 1.78750674396349e+01
19 1.71783294525451e+01
19 1.77542864499442e+01
19 1.77431108637181e+01
19 1.76258153715412e+01
19 1.80844660818385e+01
19 1.85649906103465e+01
19 1.81969609628312e+01
19 1.81569832770153e+01
19 1.76009114475141e+01
19 1.88145203794733e+01
19 1.79777631818706e+01
19 1.79119035447802e+01
19 1.79202882216074e+01
19 1.77711659679105e+01
19 1.72778587954630e+01
19 1.78396094451802e+01
19 1.77344824991229e+01
19 1.78287844905111e+01
19 1.82396256689665e+01
19 1.84227093379967e+01
19 1.87064473244888e+01
19 1.87633345606576e+01
19 1.83167886882854e+01
19 1.87127625471292e+01
19 1.85204061803649e+01
19 1.85583472432035e+01
19 1.94438304574207e+01
19 1.97288541431240e+01
19 1.96577952843846e+01
19 1.94906973890791e+01
19 1.92467723067341e+01
19 1.93176551730323e+01
19 1.99840616370184e+01
19 1.85431372870795e+01
19 1.90926535208551e+01
19 1.96648565489792e+01
19 1.91548433997195e+01
19 1.92940222042522e+01
19 1.99695898919807e+01
19 1.92808823335712e+01
19 1.88339462288679e+01
19 1.96234048217813e+01
19 1.90381731630106e+01
19 1.90295092408637e+01
19 1.90805802304522e+01
19 1.85236651005452e+01
19 1.92799428144327e+01
19 1.85697104610944e+01
19 1.95860827117873e+01
19 1.92802837851219e+01
19 1.92032953197629e+01
19 1.97923957906442e+01
19 1.95130442391356e+01
19 1.94719204609061e+01
19 1.91006682091913e+01
19 1.97142473791509e+01
19 1.87107214017099e+01
19 1.87413037829399e+01
19 1.93986253553049e+01
19 1.96041465136654e+01
19 1.98975119648929e+01
19 1.98736721820940e+01
19 1.95662993746488e+01
19 1.94285908392367e+01
19 1.94628210671181e+01
19 1.87776807640708e+01
19 1.88991932277253e+01
19 1.91249737230914e+01
19 1.90714563971740e+01
19 1.92168856662734e+01
19 1.90268609901158e+01
19 1.93905121269293e+01
19 1.99384564179985e+01
19 1.99248201065307e+01
19 1.98007727061525e+01
19 1.92682091874318e+01
19 1.78084785065817e+01
19 1.86147599066867e+01
19 1.83544761278886e+01
19 1.79509210389446e+01
19 1.88054084605409e+01
19 1.94376580801837e+01
19 1.96833392269248e+01
19 1.86822432944866e+01
19 1.90637563189175e+01
19 1.94413367886059e+01
19 1.94767788657566e+01
19 1.92932767443894e+01
19 1.86587624227634e+01
19 1.87470413628421e+01
19 1.83698657133600e+01
19 1.98052385844929e+01
19 1.91530747604977e+01
19 1.94133955079944e+01
19 1.90620157223133e+01
19 1.88095552690775e+01
19 1.88996800397757e+01
19 1.96077255145016e+01
19 1.98815121283194e+01
19 1.95077109921526e+01
19 1.96495981918695e+01
19 1.90851860449727e+01
19 1.93158204239321e+01
19 2.03174426783116e+01
19 2.05681560278259e+01
19 2.01076492728066e+01
19 1.97067661143280e+01
19 1.94687944709607e+01
19 1.98539334803618e+01
19 1.93347236011796e+01
19 1.84241613888954e+01
19 1.86304841178026e+01
19 1.87785711114995e+01
19 1.90539710634665e+01
19 1.90386401748497e+01
19 1.86996456207555e+01
19 1.86895858392416e+01
19 1.98953634806928e+01
19 1.81241495548877e+01
19 1.86720578820408e+01
19 1.93486395740823e+01
19 1.86607445541377e+01
19 1.83425154433753e+01
19 1.84909636822018e+01
19 1.88454953740269e+01
19 1.96093642128156e+01
19 1.90349694864045e+01
19 1.84116496262280e+01
19 1.83071656408421e+01
19 1.84126755045013e+01
19 1.89969969618854e+01
19 1.85090119102212e+01
19 1.81602926933876e+01
19 1.85033380941437e+01
19 1.88785275709969e+01
19 1.88111441004093e+01
19 1.92753050381050e+01
19 1.91078077622719e+01
19 1.89517965532073e+01
19 1.93838496125223e+01
19 1.82511770678469e+01
19 1.78261666470258e+01
19 1.82012919399261e+01
19 1.74806436696811e+01
19 1.87470498813332e+01
19 1.87407336059275e+01
19 1.85887780469089e+01
19 1.86640766977288e+01
19 1.90918637308216e+01
19 1.86300411836113e+01
19 1.83514642210543e+01
19 1.81613561287588e+01
19 1.86817425662472e+01
19 1.86041485689120e+01
19 1.80507533557334e+01
19 1.90923787149552e+01
19 1.96095648074977e+01
19 1.90550024797306e+01
19 1.91880909026958e+01
19 1.93497781843203e+01
19 1.99491367683137e+01
19 1.88010191774305e+01
19 1.77017718085658e+01
19 1.83981537523108e+01
19 1.84968633293061e+01
19 1.89045655064832e+01
19 1.77040384126069e+01
19 1.74294438300467e+01
19 1.84037370711877e+01
19 1.91499777477169e+01
19 1.96729049626620e+01
19 1.98259621502124e+01
19 1.88783616791547e+01
19 1.90008285096768e+01
19 2.03704534762182e+01
19 1.95209056295520e+01
19 2.03898320175401e+01
19 1.90070640845360e+01
19 1.90436889513937e+01
19 1.94834913703590e+01
19 1.99270392147597e+01
19 2.01794213619311e+01
19 1.92434138755356e+01
19 1.94883033587204e+01
19 1.90998471371537e+01
19 1.90884567343241e+01
19 1.86188409085801e+01
19 1.79078022747008e+01
19 1.78352733454579e+01
19 1.82992424176541e+01
19 1.78654362065983e+01
19 1.83608518864507e+01
19 1.83713506587403e+01
19 1.89730189899971e+01
19 1.93646876893982e+01
19 1.85372073425256e+01
19 1.85293133672511e+01
19 1.85937499293899e+01
19 1.88537397913529e+01
19 1.82957774485793e+01
19 1.86099749407093e+01
19 1.94179677819945e+01
19 1.89404392796632e+01
19 1.88003507823436e+01
19 1.77914945222167e+01
19 1.82159697100894e+01
19 1.84508342732924e+01
19 2.00705860722987e+01
19 1.90480866742374e+01
19 1.91469757754285e+01
19 1.94173983462392e+01
19 1.89738849061568e+01
19 1.95356508076893e+01
19 1.88395665423264e+01
19 1.97043892679755e+01
19 1.93902746451709e+01
19 1.85711983797306e+01
19 1.90287942438432e+01
19 1.85845854448390e+01
19 1.80161080142595e+01
19 1.95908128224992e+01
19 1.93015728587960e+01
19 1.93213914902273e+01
19 1.84562605832854e+01
19 1.89109208023069e+01
19 1.82936276319712e+01
19 1.79984199076981e+01
19 1.87786201198601e+01
19 1.83873120449483e+01
19 1.88757620221125e+01
19 1.83787527145693e+01
19 1.78190434413529e+01
19 1.88171031857079e+01
19 1.93261532477821e+01
19 1.96174107413287e+01
19 1.90899293955593e+01
19 1.86847114405353e+01
19 1.84196330258969e+01
19 1.87461321381762e+01
19 1.83214630508855e+01
19 1.89371959809242e+01
19 1.87006795301227e+01
19 1.85777333355313e+01
19 1.88169870497859e+01
19 1.92149878049648e+01
19 1.76373871991626e+01
19 1.81394739708324e+01
19 1.89802461123237e+01
19 1.83428527959707e+01
19 1.86238640800647e+01
19 1.89822181750825e+01
19 1.83570187225185e+01
19 1.81513904650753e+01
19 1.87842697378579e+01
19 1.86257458032193e+01
19 1.87385542581045e+01
19 1.87044362924456e+01
19 1.94060700902073e+01
19 1.84724643179342e+01
19 1.91490934170601e+01
19 1.88977912750920e+01
19 1.91869271277194e+01
19 1.89233005981940e+01
19 1.86538545939078e+01
19 1.89346505380825e+01
19 1.85958845140942e+01
19 1.86145975135822e+01
19 1.95098941562697e+01
19 1.89911007944622e+01
19 1.85343047880514e+01
19 1.87848464779400e+01
19 1.91277781827334e+01
19 1.84484021131860e+01
19 1.87244051152708e+01
19 1.85778833968127e+01
19 1.92985092208965e+01
19 1.90927176442413e+01
19 1.79610350611656e+01
19 1.99284434561556e+01
19 1.86737001829068e+01
19 1.95294873882458e+01
19 1.82637999277779e+01
19 1.92217475572244e+01
19 1.96260972702003e+01
19 1.83946653322077e+01
19 1.85335463537514e+01
19 1.85152851877576e+01
19 1.89448150802167e+01
19 1.92015721073819e+01
19 1.94573424847490e+01
19 1.90077035586556e+01
19 1.88356552688855e+01
19 1.96859594112401e+01
19 1.95118565230840e+01
19 1.96784565656879e+01
19 1.92995640123852e+01
19 2.00378687042095e+01
19 1.89493890021312e+01
19 1.95739355850532e+01
19 1.94412348669089e+01
19 1.92063077878165e+01
19 1.90989604647838e+01
19 1.90941740683927e+01
19 1.91682983669050e+01
19 1.87363902821693e+01
19 1.85966701271779e+01
19 1.89103750294694e+01
19 1.85812038668835e+01
19 1.89137639925905e+01
19 1.93973693927356e+01
19 1.90595398415934e+01
19 1.91655747986754e+01
19 1.77716398099105e+01
19 1.85877316279771e+01
19 1.90521170654870e+01
19 1.94963156473415e+01
19 1.89186632601075e+01
19 1.98618876374463e+01
19 1.87957660220992e+01
19 1.97231024965934e+01
19 1.98707412598768e+01
19 2.01452018041261e+01
19 1.98166870602620e+01
19 1.93028387219531e+01
19 1.86389970621877e+01
19 1.90350779660726e+01
19 1.92547265139747e+01
19 1.94371370254548e+01
19 1.94581554869661e+01
19 1.98505986131505e+01
19 1.81850374554541e+01
19 1.79494584863009e+01
19 1.86903072572069e+01
19 1.87876493176681e+01
19 1.77797069771595e+01
19 1.85876211247060e+01
19 1.84003466602195e+01
19 1.89874860533155e+01
19 1.89701950614244e+01
19 1.86603614966866e+01
19 1.94024390895355e+01
19 1.90267682897438e+01
19 1.81077774715434e+01
19 1.78984832965046e+01
19 1.85284048357188e+01
19 1.80593470474823e+01
19 1.83759989856183e+01
19 1.80201724694072e+01
19 1.82358262398260e+01
19 1.78104153133416e+01
19 1.77163664588391e+01
19 1.85435102339989e+01
19 1.87148934851192e+01
19 1.84811817342232e+01
19 1.84533926428422e+01
19 1.82416095590357e+01
19 1.89070410138514e+01
19 1.89583672062242e+01
19 1.80071751624042e+01
19 1.93187613485334e+01
19 1.97638459983432e+01
19 1.96216111149296e+01
19 1.89135982031465e+01
19 1.90242782991651e+01
19 1.89580414247697e+01
19 1.92403980023794e+01
19 1.91343035016223e+01
19 1.92941098520398e+01
19 1.86693436658225e+01
19 1.94571043779228e+01
19 1.91096990745217e+01
19 1.98408248368115e+01
19 1.92193307165701e+01
19 1.86853433502581e+01
19 1.89178686719913e+01
19 1.80188719846160e+01
19 1.87557826769703e+01
19 1.87352529195123e+01
19 1.86803622801947e+01
19 1.86714117714438e+01
19 1.96030101643069e+01
19 1.95787568747491e+01
19 1.90678782084783e+01
19 1.92199129815882e+01
19 1.92370198139197e+01
19 1.94438347870536e+01
19 1.97621904079767e+01
19 1.94966959249666e+01
19 1.88763535910601e+01
19 1.82599430487118e+01
19 1.78280473574525e+01
19 1.82821323536266e+01
19 1.86224074615191e+01
19 1.81483873968513e+01
19 1.89520910363877e+01
19 1.92787740254958e+01
19 1.96219902570153e+01
19 1.92527841026615e+01
19 1.98552274481777e+01
19 2.04123278250666e+01
19 1.95617553433505e+01
19 1.95406766053712e+01
19 1.95747274132166e+01
19 2.00782200809756e+01
19 1.92659829294012e+01
19 1.96570038543032e+01
19 1.92779564815457e+01
19 1.98305907768934e+01
19 1.90768948948729e+01
19 1.93797745028202e+01
19 1.98270250405366e+01
19 1.92051972583860e+01
19 1.84796337374168e+01
19 1.77926307337622e+01
19 1.78989743215099e+01
19 1.83177198672091e+01
19 1.86765272507581e+01
19 1.92915504742269e+01
19 1.90354276565838e+01
19 1.96117092494330e+01
19 1.96788082210496e+01
19 1.98089632648720e+01
19 1.94813435278521e+01
19 2.04284760916497e+01
19 1.94390917728241e+01
19 1.91893371753666e+01
19 1.86108094315668e+01
19 1.96419659131203e+01
19 1.84160543529733e+01
19 1.83967957776818e+01
19 1.91462891859004e+01
19 1.83481668344308e+01
19 1.92328373037435e+01
19 1.90632310497830e+01
19 1.80092325130925e+01
19 1.90690236071298e+01
19 1.90727659429200e+01
19 1.84519415231434e+01
19 1.91529367335893e+01
19 1.92910389943395e+01
19 1.94342509104549e+01
19 2.00227428441676e+01
19 2.02606585089220e+01
19 1.95028928708616e+01
19 1.91823160829802e+01
19 1.95150927130815e+01
19 1.94400859309918e+01
19 1.89472574287535e+01
19 1.91525314643076e+01
19 1.88633459023338e+01
19 1.95334691122609e+01
19 1.96276769674729e+01
19 1.96880886338862e+01
19 1.96388120911163e+01
19 1.95221974357529e+01
19 1.87144546020314e+01
19 1.92591029863556e+01
19 1.90910308709744e+01
19 1.81063446299192e+01
19 1.88769809592677e+01
19 1.94537679456225e+01
19 1.91606959627324e+01
19 1.87945981131316e+01
19 1.97823437087830e+01
19 1.99438969914066e+01
19 1.92561257166555e+01
19 1.90448802629105e+01
19 1.82191203804911e+01
19 1.85597004800153e+01
19 1.90471772538804e+01
19 1.98074007341902e+01
19 1.93255677157866e+01
19 1.97615231067049e+01
19 1.88991112226594e+01
19 1.88599756264943e+01
19 1.91699223057259e+01
19 1.89510515087552e+01
19 1.86507701828898e+01
19 1.86820372149217e+01
19 1.81764693065058e+01
19 1.90123127091392e+01
19 1.88894229317740e+01
19 1.80827217298721e+01
19 1.87800871218974e+01
19 1.90852192314845e+01
19 1.92787047816243e+01
19 1.96558915609539e+01
19 1.87067626702083e+01
19 1.89428479146072e+01
19 1.90415477430855e+01
19 1.96130861645187e+01
19 1.97248016730549e+01
19 1.84562876210252e+01
19 1.94650913818524e+01
19 1.91922246191907e+01
19 1.90463298561307e+01
19 1.89629979617180e+01
19 1.91565502856351e+01
19 1.83709775046829e+01
19 1.85886236094104e+01
19 1.83655619430240e+01
19 1.76534911226846e+01
19 1.82258081790134e+01
19 1.97547723256705e+01
19 1.86813835567237e+01
19 1.92763656855121e+01
19 1.92228600380828e+01
19 1.84923571527316e+01
19 1.82782618867457e+01
19 1.87761793498081e+01
19 1.92049465161708e+01
19 1.90141536877945e+01
19 1.84292246887587e+01
19 1.82025448103698e+01
19 1.83891769527637e+01
19 1.81217185721853e+01
19 1.83714522496111e+01
19 1.80697476069332e+01
19 1.85751212355071e+01
19 1.83189989700949e+01
19 1.90318333659217e+01
19 1.98825441669888e+01
19 1.94967510760378e+01
19 1.92679103295204e+01
19 1.87482611823960e+01
19 1.88070631271259e+01
19 1.90410265667550e+01
19 1.85179048225700e+01
19 1.83588354882462e+01
19 1.90580541143857e+01
19 1.81626164561837e+01
19 1.86072967360712e+01
19 1.85335814165841e+01
19 1.80612195876156e+01
19 1.86049142465946e+01
19 1.81264567359255e+01
19 1.81043243298954e+01
19 1.91766974947591e+01
19 1.91789871217128e+01
19 1.89164743128480e+01
19 1.93122834819452e+01
19 1.84654953332473e+01
19 1.83445805805703e+01
19 1.86054803591452e+01
19 1.87662978568777e+01
19 1.88546497090217e+01
19 1.86185394177404e+01
19 1.94840819461082e+01
19 1.90658942002033e+01
19 1.95136091838028e+01
19 1.93373942685234e+01
19 1.99103242946021e+01
19 1.98194380497761e+01
19 1.86002511417676e+01
19 1.86932775927236e+01
19 1.81853658424933e+01
19 1.91524424340744e+01
19 1.99934443316690e+01
19 1.95312398123285e+01
19 1.90531778027933e+01
19 1.90445283536922e+01
19 1.99283687847345e+01
19 1.85047338167338e+01
19 1.87030125856974e+01
19 1.88925283170932e+01
19 1.92461653247855e+01
19 1.87032366851213e+01
19 1.84689657703160e+01
19 1.87859705717711e+01
19 1.81637715630116e+01
19 1.83356886513078e+01
19 1.75916888786089e+01
19 1.74122726231614e+01
19 1.82202038130128e+01
19 1.80956780884997e+01
19 1.87560119732105e+01
19 1.89088360022335e+01
19 1.92681411973973e+01
19 1.86032984208189e+01
19 1.79361549482100e+01
19 1.86965434961367e+01
19 1.76846735852882e+01
19 1.76260623226941e+01
19 1.84580707044209e+01
19 1.75959716693940e+01
19 1.76789620349148e+01
19 1.87988347118569e+01
19 1.91978981348770e+01
19 1.91251268883693e+01
19 1.86718905057540e+01
19 1.85252971805499e+01
19 1.86294091396538e+01
19 1.85987639611594e+01
19 1.80364111995133e+01
19 1.78516631872647e+01
19 1.77678555755646e+01
19 1.83200968185414e+01
19 1.76484070730841e+01
19 1.93071730872904e+01
19 1.80637291094673e+01
19 1.80536813634273e+01
19 1.87618380858299e+01
19 1.81890237445507e+01
19 1.80087980534199e+01
19 1.78841193332747e+01
19 1.90629557073574e+01
19 1.87322029258225e+01
19 1.82804247426609e+01
19 1.82317405852818e+01
19 1.82416780887346e+01
19 1.74062081657518e+01
19 1.72011513292957e+01
19 1.74236097833820e+01
19 1.75297167337974e+01
19 1.80665791556465e+01
19 1.79595687937940e+01
19 1.82206802735419e+01
19 1.78897188877855e+01
19 1.82080461504647e+01
19 1.90621198910007e+01
19 1.86828974101893e+01
19 1.95554598310498e+01
19 1.86523056464916e+01
19 1.90243186341049e+01
19 1.82927445839472e+01
19 1.77555694391021e+01
19 1.81899957188986e+01
19 1.79621043591922e+01
19 1.83722629244848e+01
19 1.80063168544028e+01
19 1.82249666347783e+01
19 1.84570625923662e+01
19 1.83146758971075e+01
19 1.83612445856946e+01
19 1.97668290935278e+01
19 1.81587031490318e+01
19 1.88313556044004e+01
19 1.89360087276248e+01
19 1.84579230192855e+01
19 1.85168862623513e+01
19 1.90183014975704e+01
19 1.85239653524656e+01
19 1.79325223394661e+01
19 1.82564203654426e+01
19 1.95235786855329e+01
19 1.75151518907487e+01
19 1.91747978460049e+01
19 1.90474679339160e+01
19 1.89995557064799e+01
19 1.93728203416368e+01
19 1.93694841014824e+01
19 1.89709693060880e+01
19 1.85661278001992e+01
19 1.87480351128043e+01
19 1.82618036617391e+01
19 1.91563598030943e+01
19 1.97821632570432e+01
19 1.89938939225899e+01
19 1.96066645003965e+01
19 1.84056978402556e+01
19 1.92317179371134e+01
19 1.85820337446523e+01
19 1.91478905901392e+01
19 2.00713178961201e+01
19 1.86034338670238e+01
19 1.85636028859730e+01
19 1.91170136027430e+01
19 1.87708550428175e+01
19 1.89539619540771e+01
19 1.90125883766808e+01
19 1.85367910671128e+01
19 1.82330380773989e+01
19 1.88699428602439e+01
19 1.83593218052055e+01
19 1.83080600840511e+01
19 1.82180009521994e+01
19 1.88124159376300e+01
19 1.77820817490088e+01
19 2.01189900335913e+01
19 1.97666746120646e+01
19 1.85700028547190e+01
19 1.97976617120308e+01
19 1.95135724852999e+01
19 1.93100793091567e+01
19 1.94782224177436e+01
19 1.90734762854395e+01
19 2.00280924601899e+01
19 2.00745750430792e+01
19 1.97454555137366e+01
19 1.92682019384325e+01
19 1.92414096467301e+01
19 1.90567899526617e+01
19 1.93270169833798e+01
19 1.94479830986818e+01
19 2.03409025527177e+01
19 1.90506848242010e+01
19 1.93363931958406e+01
19 1.79678295848143e+01
19 1.84801703796804e+01
19 1.96899452987721e+01
19 1.94602002137589e+01
19 1.91946048923979e+01
19 1.92408283925555e+01
19 1.87798090443834e+01
19 1.84717447156020e+01
19 1.80331181002691e+01
19 1.99190020216969e+01
19 1.92743286378633e+01
19 1.88718299586758e+01
19 1.89496012955248e+01
19 1.91814317684491e+01
19 1.83650724264233e+01
19 1.85291697941364e+01
19 1.91385471441444e+01
19 1.82711595893045e+01
19 1.91345636707360e+01
19 1.89733145314489e+01
19 1.88692249753592e+01
19 1.96640981747284e+01
19 1.91701211307020e+01
19 1.92615333142458e+01
19 1.86596525864006e+01
19 1.87673316118186e+01
19 1.91445980853770e+01
19 1.84868263624935e+01
19 1.87669985529858e+01
19 1.91457169712055e+01
19 1.90503856735968e+01
19 1.87539525735020e+01
19 1.90462001851768e+01
19 1.83985836116500e+01
19 1.85624408063186e+01
19 1.96092234992506e+01
19 1.98775635713709e+01
19 2.00505510174879e+01
19 1.91771403340375e+01
19 1.91039118221565e+01
19 1.92388422300930e+01
19 1.89830620249586e+01
19 1.93015172426565e+01
19 1.91573496980714e+01
19 1.93975847862698e+01
19 1.80200998651547e+01
19 1.83945399551504e+01
19 1.84412310555774e+01
19 1.84094350651792e+01
19 1.91589145070390e+01
19 1.87740941741596e+01
19 1.96944499088073e+01
19 1.85089349412248e+01
19 1.98823865992199e+01
19 1.86471856233961e+01
19 1.83297865666131e+01
19 1.83173831499586e+01
19 1.85339662460771e+01
19 1.87865402663852e+01
19 1.95543789163307e+01
19 1.91376789582111e+01
19 1.86831417880859e+01
19 1.91479439072498e+01
19 1.85634216513907e+01
19 1.97676489933353e+01
19 1.85396982420144e+01
19 1.87994249509484e+01
19 1.92680747667114e+01
19 1.83380447188789e+01
19 1.92880190035727e+01
19 1.88934494176573e+01
19 1.85649382136529e+01
19 1.86814668395640e+01
19 1.89157531777044e+01
19 1.89806757282758e+01
19 1.89096630077841e+01
19 1.87790233715457e+01
19 1.87582049571188e+01
19 1.97471256540590e+01
19 1.91398668835013e+01
19 1.99704405474326e+01
19 1.99424938601531e+01
19 1.91747315539361e+01
19 1.99272430316489e+01
19 1.95892822868351e+01
19 1.94576753722760e+01
19 1.94120627995079e+01
19 1.80747118226029e+01
19 1.80182486790416e+01
19 1.84026094252036e+01
19 1.87995920674187e+01
19 1.83436164499363e+01
19 1.92663942786521e+01
19 1.95471630966812e+01
19 1.85719189133152e+01
19 1.86414312531297e+01
19 1.80468865574497e+01
19 1.81973408957277e+01
19 1.80257359070724e+01
19 1.89442192266833e+01
19 1.85773717755664e+01
19 1.87483594879940e+01
19 1.93080145507993e+01
19 1.86553738467643e+01
19 1.88167569154803e+01
19 1.85117220459461e+01
19 1.78922986102517e+01
19 1.86340102981120e+01
19 1.83791110022855e+01
19 1.86353880075931e+01
19 1.91175929940112e+01
19 1.96420471019801e+01
19 1.89769107915000e+01
19 1.82795941027212e+01
19 1.86801861094352e+01
19 1.78476744229370e+01
19 1.88097488260760e+01
19 1.91023116689757e+01
19 1.86707698782581e+01
19 1.88748063295627e+01
19 1.93575626106095e+01
19 1.93221393122965e+01
19 1.96051868211208e+01
19 1.94528652808599e+01
19 2.00485488557740e+01
19 1.90375666711050e+01
19 1.89449588181784e+01
19 1.91054646663690e+01
19 1.92340263367027e+01
19 1.95207327445850e+01
19 1.95737926985475e+01
19 2.02215336612857e+01
19 1.98950977126103e+01
19 1.93395875828223e+01
19 1.88626372571786e+01
19 1.96457100020022e+01
19 1.91302625391074e+01
19 1.87416724539556e+01
19 1.63343530616295e+01
19 1.84514221165952e+01
19 1.97230611735136e+01
19 1.90691763539365e+01
19 1.94705292136624e+01
19 1.94646185368116e+01
19 1.96080804269320e+01
19 1.88786000441735e+01
19 1.91746922954741e+01
19 1.97332013873906e+01
19 1.83382322169823e+01
19 1.89680390767441e+01
19 1.89520442400743e+01
19 1.87594942396150e+01
19 1.87478409454109e+01
19 1.84045323922184e+01
19 1.85734574045108e+01
19 1.89075428172824e+01
19 1.92959784701444e+01
19 1.86923332727400e+01
19 1.86796835678991e+01
19 1.80147135363814e+01
19 1.78023757905004e+01
19 1.81356807279781e+01
19 1.79366187015721e+01
19 1.84863810609013e+01
19 1.80070636441021e+01
19 1.93586762781124e+01
19 1.85230376292696e+01
19 1.90745274175058e+01
19 1.81302997313407e+01
19 1.79296165621298e+01
19 1.84893714171630e+01
19 1.88813419398579e+01
19 1.80290577721045e+01
19 1.95632462713855e+01
19 1.84314360603008e+01
19 1.91984715454320e+01
19 1.84073555983769e+01
19 1.74153158731561e+01
19 1.88111276785958e+01
19 1.84582966254659e+01
19 1.86528531214159e+01
19 1.89905891517681e+01
19 1.85694155281102e+01
19 1.80570097107149e+01
19 1.93248172163617e+01
19 1.92933768335393e+01
19 1.92357647111073e+01
19 1.96140135561938e+01
19 1.87305017803949e+01
19 1.90110822087707e+01
19 1.87266251589370e+01
19 1.86395003647856e+01
19 1.78986326589986e+01
19 1.85155189653174e+01
19 1.90243518864412e+01
19 1.84094218195485e+01
19 1.82944646147508e+01
19 1.90231763725306e+01
19 1.94511734871508e+01
19 1.84891871041098e+01
19 1.79765961599458e+01
19 1.80004351644080e+01
19 1.87172458434265e+01
19 1.92003396625369e+01
19 1.83304266974467e+01
19 1.85695779377816e+01
19 1.85612657686971e+01
19 1.95663416029071e+01
19 1.81540105106883e+01
19 1.85298888991631e+01
19 1.91083938001331e+01
19 1.87745862781770e+01
19 1.84238464888560e+01
19 1.75224503806125e+01
19 1.92644010167253e+01
19 1.79971860174354e+01
19 1.86652252227447e+01
19 1.84627295635589e+01
19 1.89782016167108e+01
19 1.93958745250090e+01
19 1.95229270754343e+01
19 2.00974691164522e+01
19 1.94487608497205e+01
19 1.98523515361306e+01
19 1.86391192928633e+01
19 1.96350700590698e+01
19 1.85855708663301e+01
19 1.94972159243716e+01
19 1.90862462561933e+01
19 1.91290205242694e+01
19 1.91199190437413e+01
19 2.00391438842510e+01
19 1.97733613123218e+01
19 1.92046193122733e+01
19 1.87839509443546e+01
19 1.95691400697628e+01
19 1.97613764220542e+01
19 1.90575903855461e+01
19 1.89444748904169e+01
19 1.90046541022671e+01
19 1.94596527382853e+01
19 1.89127366921313e+01
19 1.99545105448689e+01
19 1.95057180940881e+01
19 1.94831343109580e+01
19 1.89848739531269e+01
19 1.93213931111244e+01
19 1.94474565954414e+01
19 1.92038406499917e+01
19 1.94204862888052e+01
19 1.90794030552336e+01
19 1.89370453839763e+01
19 1.91871368645505e+01
19 1.86445694204927e+01
19 1.88214009791969e+01
19 1.91028737104535e+01
19 1.87680053360004e+01
19 1.77469194102809e+01
19 1.78598478848340e+01
19 1.75070005378233e+01
19 1.69304996358349e+01
19 1.75732789341051e+01
19 1.78422715098606e+01
19 1.70381005084781e+01
19 1.76905855618265e+01
19 1.68040866536723e+01
19 1.79675044902849e+01
19 1.82150916564692e+01
19 1.76039908405215e+01
19 1.77861195450932e+01
19 1.83974513703878e+01
19 1.80246901946893e+01
19 1.87821753354399e+01
19 1.78493752603683e+01
19 1.78728314469516e+01
19 1.80145608473360e+01
19 1.81004458900414e+01
19 1.79991140130654e+01
19 1.88067995470664e+01
19 1.90003581044534e+01
19 1.74900221053975e+01
19 1.85163207921258e+01
19 1.78347362995246e+01
19 1.80924135425904e+01
19 1.87369699412082e+01
19 1.81992149455808e+01
19 1.82545146517262e+01
19 1.88610473232284e+01
19 1.92568703024466e+01
19 1.90298447961144e+01
19 1.89339756455210e+01
19 1.88936697031646e+01
19 1.94768332449750e+01
19 1.91518393824867e+01
19 1.91984266322165e+01
19 1.86938061286353e+01
19 1.88755622669913e+01
19 1.93616053607137e+01
19 2.00722536507175e+01
19 1.91958401271919e+01
19 2.00385302163263e+01
19 1.86648083573533e+01
19 1.92853403788609e+01
19 2.02473142953199e+01
19 1.99435579915481e+01
19 1.90803435458217e+01
19 1.89323636771681e+01
19 1.87531344064088e+01
19 1.86358073722129e+01
19 1.84915580046622e+01
19 1.82253907246929e+01
19 1.87645077654523e+01
19 1.87769036648079e+01
19 1.84113618249683e+01
19 1.88777057090066e+01
19 1.89975294217372e+01
19 1.90902768973869e+01
19 1.97869472071003e+01
19 1.92077906571079e+01
19 1.92113448379831e+01
19 1.95620677696783e+01
19 1.93691769531446e+01
19 1.96847720193130e+01
19 1.93302564416840e+01
19 1.97433891451118e+01
19 1.94140022636076e+01
19 1.93130631287161e+01
19 1.92143160163447e+01
19 1.87517797701282e+01
19 1.91453927746831e+01
19 1.98783141228280e+01
19 1.95748667857911e+01
19 1.85398740789037e+01
19 1.82696234898589e+01
19 1.92351720220104e+01
19 1.93719911657783e+01
19 1.89922737195395e+01
19 1.91295187490593e+01
19 1.99328123871476e+01
19 1.96789029134227e+01
19 1.94419562056662e+01
19 2.03585812182424e+01
19 1.96960161477693e+01
19 2.01399841578654e+01
19 2.05276864323835e+01
19 1.98144547692356e+01
19 1.91929392338600e+01
19 1.94330748598533e+01
19 2.01778142159319e+01
19 2.01879112553501e+01
19 1.96968299415495e+01
19 1.91640553538460e+01
19 1.88146656141533e+01
19 1.90354988960929e+01
19 1.92542351933919e+01
19 1.82201971289285e+01
19 1.88716514537900e+01
19 1.94295880742182e+01
19 1.87766937608919e+01
19 1.91646243299166e+01
19 1.77091983199457e+01
19 1.80195051608693e+01
19 1.89372582640972e+01
19 1.79324985518880e+01
19 1.88532783027051e+01
19 1.90846332322294e+01
19 1.95355097056333e+01
19 1.86557508515727e+01
19 1.83945676596278e+01
19 1.95129768742901e+01
19 1.95841371878784e+01
19 1.92262500872644e+01
19 1.84160782610164e+01
19 1.81716510467197e+01
19 1.89204308760007e+01
19 1.89178381284185e+01
19 1.92728416108081e+01
19 1.92980531981667e+01
19 1.86013511033568e+01
19 1.92240640869197e+01
19 1.83807182740518e+01
19 1.90057076272018e+01
19 1.92539962028688e+01
19 1.88111458725867e+01
19 1.81156544933035e+01
19 1.88450696034397e+01
19 1.87557244841967e+01
19 1.89253256369561e+01
19 1.84722239971745e+01
19 1.91320093961798e+01
19 1.81395100612639e+01
19 1.86205896183177e+01
19 1.82134827008318e+01
19 1.86096103271481e+01
19 1.87756213721981e+01
19 1.95714512007298e+01
19 1.97747861066350e+01
19 1.89405576617575e+01
19 1.94946803732597e+01
19 1.96344382550877e+01
19 1.98764602413343e+01
19 1.90406059539748e+01
19 1.85374621891357e+01
19 1.79577432281838e+01
19 1.85799910670707e+01
19 1.82296752062915e+01
19 1.79734593132135e+01
19 1.87074908241618e+01
19 1.90945647214731e+01
19 2.02480993271284e+01
19 1.90192558949228e+01
19 1.89963592726197e+01
19 1.94731552707971e+01
19 1.87728990554182e+01
19 1.86775389495139e+01
19 1.91001976277959e+01
19 1.89958886096896e+01
19 1.93030629874644e+01
19 1.86905509461680e+01
19 1.81008488003354e+01
19 1.90284202902409e+01
19 1.81978915222622e+01
19 1.75606235976719e+01
19 1.92893601088814e+01
19 1.82259018336743e+01
19 1.78001077648974e+01
19 1.90281594205319e+01
19 1.87419278286460e+01
19 1.81661069086525e+01
19 1.84868545620779e+01
19 1.80232650802935e+01
19 1.87133506102294e+01
19 1.85508050463958e+01
19 1.89967158470168e+01
19 1.85250000046890e+01
19 1.89738332375309e+01
19 1.89605738296832e+01
19 1.87666136100254e+01
19 1.84267732953100e+01
19 1.89245471236530e+01
19 1.86533600356497e+01
19 1.85159591641248e+01
19 1.85972953033690e+01
19 1.93472743578524e+01
19 1.88424639670462e+01
19 1.81148735588022e+01
19 1.82651166242095e+01
19 1.86258776338215e+01
19 1.92363873267927e+01
19 1.88921983788818e+01
19 1.93456231299840e+01
19 1.92419675884158e+01
19 1.86115389214816e+01
19 1.88317833939149e+01
19 1.84135614156103e+01
19 1.84394750093798e+01
19 1.80748895613265e+01
19 1.90719505065521e+01
19 1.98034724463888e+01
19 1.95535010631548e+01
19 1.97391856079625e+01
19 1.95723226394811e+01
19 2.00319268720838e+01
19 1.96322715858011e+01
19 1.94945473135766e+01
19 1.96773799770140e+01
19 1.90170323173709e+01
19 1.92645421487902e+01
19 2.00242236651079e+01
19 1.94315620705856e+01
19 1.96667584886980e+01
19 1.94713333579678e+01
19 1.94499822362802e+01
19 1.95655874449275e+01
19 1.96710194042190e+01
19 1.86189126583530e+01
19 1.94647977379340e+01
19 1.87372343363757e+01
19 1.88932018995000e+01
19 1.93824761932365e+01
19 1.92585345927873e+01
19 1.96298704036714e+01
19 1.87970941877728e+01
19 1.91634158314158e+01
19 1.91560854881805e+01
19 1.96326182423871e+01
19 1.98327627885299e+01
19 1.90559856746015e+01
19 1.92222677285313e+01
19 1.96522355240173e+01
19 1.88079869646619e+01
19 1.86962432826953e+01
19 1.97842622094957e+01
19 1.93803122402815e+01
19 1.88063353394046e+01
19 1.95287085313754e+01
19 1.90069744666051e+01
19 1.87271037085699e+01
19 1.85866475406018e+01
19 1.88422895779276e+01
19 1.89598752542393e+01
19 1.85398216495391e+01
19 1.89595244400093e+01
19 1.91776432282688e+01
19 1.92815938501256e+01
19 1.88988206514747e+01
19 1.91471010986011e+01
19 1.90386371983244e+01
19 1.86939466838664e+01
19 1.98314803551447e+01
19 1.89472095204277e+01
19 1.92743886108248e+01
19 1.92526914358562e+01
19 1.92862116136715e+01
19 1.89613350844731e+01
19 1.91068231397683e+01
19 1.88152802284495e+01
19 1.89987237166870e+01
19 1.82016770845272e+01
19 1.83029029114456e+01
19 1.81980781967649e+01
19 1.91129846193956e+01
19 1.95978073790258e+01
19 1.97648585321245e+01
19 1.88184229437665e+01
19 1.90861665810475e+01
19 1.88105395374617e+01
19 1.87653546996719e+01
19 1.86225796069284e+01
19 1.86237824481433e+01
19 1.83622317224413e+01
19 1.81507727640434e+01
19 1.84465510086836e+01
19 1.90357734369075e+01
19 1.88476082862598e+01
19 1.87724369841376e+01
19 1.82409413093579e+01
19 1.83810654674852e+01
19 1.79620133838919e+01
19 1.83190047295526e+01
19 1.90185217883196e+01
19 1.84632068423812e+01
19 1.86429959857321e+01
19 1.83344160318200e+01
19 1.88906253938382e+01
19 1.87941446194902e+01
19 1.86342693800206e+01
19 1.86689556703841e+01
19 1.75699096699564e+01
19 1.81619447177781e+01
19 1.86344913537037e+01
19 1.82321882818141e+01
19 1.85673938741307e+01
19 1.86144650851993e+01
19 1.80741923642416e+01
19 1.82120381434807e+01
19 1.67423635412260e+01
19 1.79845133496139e+01
19 1.86433995034112e+01
19 1.81251342919368e+01
19 1.78552931020262e+01
19 1.82884200185494e+01
19 1.80269317504826e+01
19 1.88620385283546e+01
19 1.83023275085819e+01
19 1.90967332819042e+01
19 1.88349985210997e+01
19 1.88855808908776e+01
19 1.86966388333620e+01
19 1.91267972446952e+01
19 1.85924972541163e+01
19 1.84501680069764e+01
19 1.86800893515801e+01
19 1.94576650277308e+01
19 1.80928006802771e+01
19 1.77118386094129e+01
19 1.91494537651467e+01
19 1.84842150434010e+01
19 1.89203294305869e+01
19 1.84609098085121e+01
19 1.86404456759611e+01
19 1.90237775356670e+01
19 1.83808685276289e+01
19 1.82128326761428e+01
19 1.90982186832416e+01
19 1.78084886102002e+01
19 1.76579063265930e+01
19 1.73516024517988e+01
19 1.72889803428984e+01
19 1.83132742018775e+01
19 1.74142109128076e+01
19 1.73005962476676e+01
19 1.85430637023527e+01
19 1.95158765287775e+01
19 1.84926502227912e+01
19 1.82795086518405e+01
19 1.77924048286048e+01
19 1.83231747056708e+01
19 1.83862285090156e+01
19 1.89447497933760e+01
19 1.92014368839690e+01
19 1.93307066029744e+01
19 1.83976028656049e+01
19 1.89723458227107e+01
19 1.93860738798401e+01
19 1.83250437659962e+01
19 1.83989189069951e+01
19 1.83026542129579e+01
19 1.80244537586351e+01
19 1.82146200238386e+01
19 1.91065438371110e+01
19 1.83385417791700e+01
19 1.70595668494548e+01
19 1.85818601314766e+01
19 1.83519073293920e+01
19 1.81843643245927e+01
19 1.89609659047987e+01
19 1.90240573531052e+01
19 1.91317710121043e+01
19 1.87754598904302e+01
19 1.94722990075654e+01
19 1.88222432795860e+01
19 1.82251854927866e+01
19 1.79300123696728e+01
19 1.75164064485364e+01
19 1.78513432717263e+01
19 1.79744815620412e+01
19 1.79817783359844e+01
19 1.73127165154652e+01
19 1.77910449591687e+01
19 1.70815685989015e+01
19 1.80069153126533e+01
19 1.80692062530463e+01
19 1.82014989048544e+01
19 1.83843393483073e+01
19 1.74627695958209e+01
19 1.73357827883882e+01
19 1.80839587165590e+01
19 1.80988328128087e+01
19 1.80380289424664e+01
19 1.85686632444686e+01
19 1.77416251753371e+01
19 1.90293901269666e+01
19 1.77835925589972e+01
19 1.93810162370119e+01
19 1.84525730775010e+01
19 1.89791871868359e+01
19 1.86206319642533e+01
19 1.84628556795719e+01
19 1.86802767772082e+01
19 1.85960575599052e+01
19 1.93904001890304e+01
19 1.83210914433836e+01
19 1.82686523196933e+01
19 1.80573880411504e+01
19 1.86742905495946e+01
19 1.83006556573424e+01
19 1.86148494477499e+01
19 1.84403096882988e+01
19 1.80043911363025e+01
19 1.86148685802647e+01
19 1.92971997142986e+01
19 1.85304751823808e+01
19 1.90004711898887e+01
19 1.85094725700687e+01
19 1.79752477655245e+01
19 1.87163974107810e+01
19 1.81689891829635e+01
19 1.86143650347344e+01
19 1.85163662903394e+01
19 1.79534578357858e+01
19 1.82662984688129e+01
19 1.86703089133536e+01
19 1.87645339543966e+01
19 1.84891579906898e+01
19 1.81349589008582e+01
19 1.83398022154074e+01
19 1.81107074939158e+01
19 1.84017432757536e+01
19 1.86669508909462e+01
19 1.73548024741648e+01
19 1.89475529903807e+01
19 1.85017447493015e+01
19 1.83259100642032e+01
19 1.78911295227348e+01
19 1.93280196934583e+01
19 1.87649017788710e+01
19 1.82838887065551e+01
19 1.82595020393964e+01
19 1.77492546838910e+01
19 1.86563053838902e+01
19 1.91693798290917e+01
19 1.83491340671160e+01
19 1.79162219885467e+01
19 1.80330151967626e+01
19 1.77124264644466e+01
19 1.80396922466233e+01
19 1.83014439084909e+01
19 1.95895367556485e+01
19 1.86166357247114e+01
19 1.86190966169237e+01
19 1.83346435230735e+01
19 1.83647800676881e+01
19 1.82821607963789e+01
19 1.94224239812005e+01
19 1.93396462820444e+01
19 1.94314460208828e+01
19 1.88981162862398e+01
19 1.93008265686785e+01
19 1.92814872106559e+01
19 1.83236797262490e+01
19 1.88156877111020e+01
19 1.98489298523713e+01
19 1.93821782315748e+01
19 1.88004263809269e+01
19 1.82400935308844e+01
19 1.84606507470628e+01
19 1.85466126714326e+01
19 1.94917312933107e+01
19 1.96931081125231e+01
19 2.05780850591952e+01
19 1.97212034360411e+01
19 1.94192065496110e+01
19 1.91568949416383e+01
19 1.91787675753506e+01
19 1.88010475451635e+01
19 1.91489279173498e+01
19 1.91128827534605e+01
19 1.92418810712528e+01
19 1.98255336468022e+01
19 1.93609414907304e+01
19 1.83113578873197e+01
19 1.85826272607438e+01
19 1.87978686744459e+01
19 1.90996872764873e+01
19 1.87553903360002e+01
19 1.84625648313895e+01
19 1.86690140246117e+01
19 1.92962225839128e+01
19 1.96525464856629e+01
19 1.91134122043976e+01
19 1.83793891314384e+01
19 1.86270028375587e+01
19 1.92093241011278e+01
19 1.84959352170330e+01
19 1.86571957651231e+01
19 1.92492572949782e+01
19 1.89830315998729e+01
19 1.78797810411303e+01
19 1.77949607191468e+01
19 1.71088338800701e+01
19 1.79878769904351e+01
19 1.75826720035601e+01
19 1.77632885064103e+01
19 1.80332866443231e+01
19 1.78150086870002e+01
19 1.81269867706626e+01
19 1.81962719878949e+01
19 1.71167491418030e+01
19 1.85454267644472e+01
19 1.86016514391669e+01
19 1.84693126753529e+01
19 1.78858581735317e+01
19 1.84591899264372e+01
19 1.84691281793306e+01
19 1.89660821424661e+01
19 1.87314658192342e+01
19 1.89223730067239e+01
19 1.82488313358872e+01
19 1.88779060358715e+01
19 1.81689165648469e+01
19 1.90175986352038e+01
19 1.97195201396729e+01
19 1.93279666601775e+01
19 1.89524183113485e+01
19 1.80487812291705e+01
19 1.80193379810858e+01
19 1.80222939919669e+01
19 1.79517223041479e+01
19 1.88176558213494e+01
19 1.93390146889001e+01
19 1.90312907786332e+01
19 1.77992021800756e+01
19 1.97840011813622e+01
19 1.90178360004603e+01
19 1.83615562225768e+01
19 1.81114818009717e+01
19 1.86506358328474e+01
19 1.93078745455629e+01
19 1.93031764518725e+01
19 1.95323357978303e+01
19 1.94653346863387e+01
19 1.88711066796736e+01
19 1.95126482640416e+01
19 1.86916510440821e+01
