28 2.84205812065648e+01
28 2.81396076286854e+01
28 2.77319480118393e+01
28 2.79383737240932e+01
28 2.84780243976544e+01
28 2.75840852398200e+01
28 2.86958004739727e+01
28 2.82126804057828e+01
28 2.71092437776094e+01
28 2.77412640965556e+01
28 2.86744463839129e+01
28 2.82069136148291e+01
28 2.73678542467551e+01
28 2.83942857881166e+01
28 2.82219511767564e+01
28 2.82755232808059e+01
28 2.89184701231687e+01
28 2.79738090951742e+01
28 2.80094713223877e+01
28 2.88178081668545e+01
28 2.86232546263655e+01
28 2.82207057151246e+01
28 2.78448627268337e+01
28 2.80317222618297e+01
28 2.87585950779349e+01
28 2.77018715827356e+01
28 2.75070460503705e+01
28 2.83569647426731e+01
28 2.84684516049015e+01
28 2.87045128409398e+01
28 2.88606069778333e+01
28 2.91215409569114e+01
28 2.82207434128808e+01
28 2.78476208908814e+01
28 2.96133354907201e+01
28 2.86105797739384e+01
28 2.94059862993740e+01
28 2.89505168057773e+01
28 2.84567161629503e+01
28 2.86017822943204e+01
28 2.87407084521291e+01
28 2.72745834335562e+01
28 2.77725960884699e+01
28 2.73983279854199e+01
28 2.87790215150467e+01
28 2.93695946598861e+01
28 2.91884337161828e+01
28 2.87950358224822e+01
28 2.82165814093159e+01
28 2.86993983895796e+01
28 2.85554578248973e+01
28 2.85972200343534e+01
28 2.83681916016330e+01
28 2.78665373522092e+01
28 2.87749190620544e+01
28 2.75294276786011e+01
28 2.75896083622179e+01
28 2.90857818005811e+01
28 2.87913351077067e+01
28 2.79818457039831e+01
28 2.83661502409522e+01
28 2.86138733736044e+01
28 2.74511149823552e+01
28 2.86160726799474e+01
28 2.87001233019428e+01
28 2.92256379484835e+01
28 2.78927403824062e+01
28 2.79144301193439e+01
28 2.71888314869421e+01
28 2.79591075807897e+01
28 2.79090059859360e+01
28 2.76848047081861e+01
28 2.80035207214961e+01
28 2.75852747452772e+01
28 2.79121590023930e+01
28 2.79311401632378e+01
28 2.87623979731670e+01
28 2.85923961900712e+01
28 2.90895356642692e+01
28 2.75062095593895e+01
28 2.78657380757250e+01
28 2.82203338563295e+01
28 2.83011410486058e+01
28 2.82401327624564e+01
28 2.78978277287821e+01
28 2.83993366495135e+01
28 2.82174748537273e+01
28 2.75258567359550e+01
28 2.80453082880956e+01
28 2.84376379063313e+01
28 2.74967125535053e+01
28 2.78779706048485e+01
28 2.89655271907364e+01
28 2.86067165778856e+01
28 2.83055425384193e+01
28 2.86226138376430e+01
28 2.88908365206547e+01
28 2.81999606449051e+01
28 2.86882525003464e+01
28 2.89244019187352e+01
28 2.74554974996092e+01
28 2.73790584639871e+01
28 2.87758272487623e+01
28 2.82484450746083e+01
28 2.68694835331654e+01
28 2.84959355502018e+01
28 2.78424450706495e+01
28 2.82106447038331e+01
28 2.77310562262049e+01
28 2.78617655232013e+01
28 2.71058194606393e+01
28 2.78325623578711e+01
28 2.72891228816882e+01
28 2.68752737838918e+01
28 2.72853681552952e+01
28 2.82584913887090e+01
28 2.80215810265663e+01
28 2.79659849748577e+01
28 2.85584731099600e+01
28 2.87395602142393e+01
28 2.92274617754939e+01
28 2.83179392828454e+01
28 2.89457058178001e+01
28 2.81671295041698e+01
28 2.82124752120102e+01
28 2.87217397485796e+01
28 2.84017372706903e+01
28 2.81795674591010e+01
28 2.83813130957006e+01
28 2.72263417761310e+01
28 2.76954186581020e+01
28 2.78057201269172e+01
28 2.88863418738946e+01
28 2.79798816234250e+01
28 2.86419691291301e+01
28 2.73842322425518e+01
28 2.72710445333085e+01
28 2.82705090036628e+01
28 2.76708769007310e+01
28 2.81791784280295e+01
28 2.79948320306094e+01
28 2.73615475674060e+01
28 2.79727106419807e+01
28 2.78361421127696e+01
28 2.78346708085602e+01
28 2.82830976058406e+01
28 2.71882103381654e+01
28 2.71589422632448e+01
28 2.74246918636768e+01
28 2.75930222868033e+01
28 2.75153554705207e+01
28 2.81484687680958e+01
28 2.83272663620579e+01
28 2.81219988839441e+01
28 2.76398428248749e+01
28 2.76277141717405e+01
28 2.82800733398901e+01
28 2.84075752364267e+01
28 2.75510671523155e+01
28 2.72907840239228e+01
28 2.74465873770356e+01
28 2.72473415631461e+01
28 2.74139038534811e+01
28 2.84274396609815e+01
28 2.80017863817649e+01
28 2.78061374433092e+01
28 2.76488149607655e+01
28 2.74968859047944e+01
28 2.78860652676705e+01
28 2.72771864734766e+01
28 2.76211797743168e+01
28 2.79099981656036e+01
28 2.84099192193943e+01
28 2.75900418058297e+01
28 2.82247149144992e+01
28 2.78060330936149e+01
28 2.72563163315036e+01
28 2.73133884852577e+01
28 2.75839982379022e+01
28 2.79974542566380e+01
28 2.78814608023064e+01
28 2.75504138319413e+01
28 2.92639735478486e+01
28 2.83034433599087e+01
28 2.85290378041342e+01
28 2.81176477606395e+01
28 2.79397629783403e+01
28 2.79910333624927e+01
28 2.83323244575643e+01
28 2.88505552057572e+01
28 2.79755978624241e+01
28 2.83095548981153e+01
28 2.81233059104835e+01
28 2.79516574284515e+01
28 2.84256948022705e+01
28 2.73479158624898e+01
28 2.78587502397472e+01
28 2.66162300471152e+01
28 2.74495608931027e+01
28 2.70661958668998e+01
28 2.70411379284968e+01
28 2.75928651903811e+01
28 2.74349373887430e+01
28 2.83679796515055e+01
28 2.91838164971654e+01
28 2.82665148862356e+01
28 2.84697642608521e+01
28 2.89146536337561e+01
28 2.86738700550974e+01
28 2.80172175270125e+01
28 2.86090720649949e+01
28 2.76949623838896e+01
28 2.78824969741838e+01
28 2.80162590924016e+01
28 2.72111789155548e+01
28 2.79367259972936e+01
28 2.77011198467618e+01
28 2.74943711551941e+01
28 2.78562824514396e+01
28 2.86590175436926e+01
28 2.73549015945475e+01
28 2.79847656223410e+01
28 2.74244095394229e+01
28 2.76123552031469e+01
28 2.86616679478050e+01
28 2.83159820527066e+01
28 2.79165234444167e+01
28 2.75011037915166e+01
28 2.79303841077624e+01
28 2.85577124541029e+01
28 2.83785730285338e+01
28 2.73571092031374e+01
28 2.82980400678699e+01
28 2.82197062705937e+01
28 2.81176873017577e+01
28 2.73333950853427e+01
28 2.67152001644755e+01
28 2.76302128211599e+01
28 2.74594966953698e+01
28 2.89582049099240e+01
28 2.81955995144968e+01
28 2.72277110185332e+01
28 2.81005359047739e+01
28 2.77492180983472e+01
28 2.79176521261337e+01
28 2.78775664181849e+01
28 2.87233589570376e+01
28 2.85257267427281e+01
28 2.87258221238788e+01
28 2.80039977062986e+01
28 2.80756996045564e+01
28 2.84818873736935e+01
28 2.81038063405784e+01
28 2.83055844388632e+01
28 2.80579140205430e+01
28 2.76573751377179e+01
28 2.78821579235856e+01
28 2.71062188091671e+01
28 2.73696814736109e+01
28 2.78956881606929e+01
28 2.87823651170001e+01
28 2.72244668318162e+01
28 2.78653783023173e+01
28 2.78974907630580e+01
28 2.78080876963519e+01
28 2.73177261779185e+01
28 2.86153585200237e+01
28 2.84510860208010e+01
28 2.84647254008103e+01
28 2.80891170535234e+01
28 2.83173441561677e+01
28 2.89390717715147e+01
28 2.81046344825890e+01
28 2.77529959153226e+01
28 2.85549799820340e+01
28 2.93236793709445e+01
28 2.84140816868721e+01
28 2.84708948964787e+01
28 2.84338068909524e+01
28 2.95280367847485e+01
28 2.90080661015112e+01
28 2.81135130524318e+01
28 2.71327984496795e+01
28 2.71089563873377e+01
28 2.61169952217296e+01
28 2.67610873300945e+01
28 2.74410020338040e+01
28 2.76330086319646e+01
28 2.84580077616592e+01
28 2.78634642180170e+01
28 2.70929534340985e+01
28 2.77485019517720e+01
28 2.83502639781396e+01
28 2.85421242865227e+01
28 2.85097036337700e+01
28 2.81933465494159e+01
28 2.92904464452871e+01
28 2.77622389245225e+01
28 2.76123743569243e+01
28 2.88392640482584e+01
28 2.79213826161845e+01
28 2.75075892878066e+01
28 2.80465905451847e+01
28 2.79493650452541e+01
28 2.70553731811955e+01
28 2.78184274517852e+01
28 2.78278172732179e+01
28 2.84451733497504e+01
28 2.88535674143288e+01
28 2.84586095303284e+01
28 2.85332501087902e+01
28 2.79869404656730e+01
28 2.69465796558388e+01
28 2.71800257755129e+01
28 2.77222746211734e+01
28 2.80715537573150e+01
28 2.66953915211673e+01
28 2.80336980045056e+01
28 2.81001199305673e+01
28 2.83872061744236e+01
28 2.73562364477351e+01
28 2.76275413899309e+01
28 2.82259640897779e+01
28 2.78720120039309e+01
28 2.84521349750738e+01
28 2.75726043920375e+01
28 2.74966175266240e+01
28 2.76418128708108e+01
28 2.70412699946520e+01
28 2.80293513722954e+01
28 2.77069186374688e+01
28 2.79040586459457e+01
28 2.66467853563447e+01
28 2.83127918416115e+01
28 2.87362032754698e+01
28 2.75359025561247e+01
28 2.72840763116870e+01
28 2.62864263243526e+01
28 2.68036313104466e+01
28 2.70722139227232e+01
28 2.64916233724913e+01
28 2.69629755914790e+01
28 2.73948303010992e+01
28 2.82315031042275e+01
28 2.71437342916827e+01
28 2.74454881584025e+01
28 2.76030632256523e+01
28 2.82036063024067e+01
28 2.74580960684067e+01
28 2.80592456166116e+01
28 2.76153123652756e+01
28 2.88133858356631e+01
28 2.74609290663517e+01
28 2.64886151226506e+01
28 2.69132896024189e+01
28 2.69163000527429e+01
28 2.69568916994554e+01
28 2.78343518455974e+01
28 2.83825284370765e+01
28 2.81748992215834e+01
28 2.84889530185778e+01
28 2.82288583709070e+01
28 2.68038006650161e+01
28 2.73736109983072e+01
28 2.77187209577038e+01
28 2.81437543346970e+01
28 2.77103788055410e+01
28 2.82841497429384e+01
28 2.87775784832194e+01
28 2.83317423490889e+01
28 2.77185815249631e+01
28 2.90431551932606e+01
28 2.81284771679711e+01
28 2.85862255884855e+01
28 2.82557331900504e+01
28 2.88039197717136e+01
28 2.86884794712539e+01
28 2.86947368395551e+01
28 2.83758577112453e+01
28 2.78403415782024e+01
28 2.84093824201557e+01
28 2.84882171667636e+01
28 2.79987116801193e+01
28 2.83780413773012e+01
28 2.89891942782589e+01
28 2.81540890532412e+01
28 2.79192953259062e+01
28 2.87111095211661e+01
28 2.73894059002735e+01
28 2.76377391022764e+01
28 2.73498815924432e+01
28 2.71517606272396e+01
28 2.65931858428745e+01
28 2.83428875786074e+01
28 2.83736345598129e+01
28 2.77826585818933e+01
28 2.78736203165732e+01
28 2.84064373801426e+01
28 2.91383931671912e+01
28 2.84125261398414e+01
28 2.92911116563586e+01
28 2.78920164951741e+01
28 2.77658876168553e+01
28 2.80713243224648e+01
28 2.66142980282875e+01
28 2.76850243944913e+01
28 2.85795139662323e+01
28 2.81842154356327e+01
28 2.88429999095362e+01
28 2.88036624653174e+01
28 2.82433043640768e+01
28 2.79687673179591e+01
28 2.92023317798123e+01
28 2.96108615257988e+01
28 2.87575993531167e+01
28 2.87263714048511e+01
28 2.96111985900263e+01
28 2.89032918480709e+01
28 2.89918069098982e+01
28 2.94057864303855e+01
28 2.95727204883077e+01
28 2.92789461783005e+01
28 2.86076623453699e+01
28 2.85316579406381e+01
28 2.87962358582664e+01
28 2.81244102185035e+01
28 2.74546029517501e+01
28 2.80915005167040e+01
28 2.78741399504253e+01
28 2.75466429319262e+01
28 2.74884511267257e+01
28 2.92094608454512e+01
28 2.84761911114739e+01
28 2.82683277118429e+01
28 2.83946465674480e+01
28 2.87403714980725e+01
28 2.78756396504639e+01
28 2.80454138726724e+01
28 2.79571987215577e+01
28 2.77020785539301e+01
28 2.86689048634473e+01
28 2.82798410160356e+01
28 2.85701263917004e+01
28 2.78738337181250e+01
28 2.76299661123133e+01
28 2.68756006064474e+01
28 2.79221102479634e+01
28 2.77229999838154e+01
28 2.78439806229334e+01
28 2.67176262008000e+01
28 2.64124073836092e+01
28 2.68600604558385e+01
28 2.76722586186597e+01
28 2.78100178946466e+01
28 2.80723401028951e+01
28 2.77910341657698e+01
28 2.87119921934091e+01
28 2.74479821798585e+01
28 2.82448454972613e+01
28 2.76824288267788e+01
28 2.87523095666652e+01
28 2.75854417183306e+01
28 2.70690381097591e+01
28 2.81628494973757e+01
28 2.85052201225703e+01
28 2.82632783844260e+01
28 2.86631108202680e+01
28 2.83779973083374e+01
28 2.76549700370935e+01
28 2.80491074692763e+01
28 2.87338727623386e+01
28 2.78857277514656e+01
28 2.85136984158717e+01
28 2.73044572415607e+01
28 2.72628143969653e+01
28 2.80291279911628e+01
28 2.80878444786956e+01
28 2.67385896016854e+01
28 2.74786048071230e+01
28 2.81659419622459e+01
28 2.78234510786322e+01
28 2.83498440795139e+01
28 2.84054161092633e+01
28 2.83514139870183e+01
28 2.79988065550604e+01
28 2.80362376692626e+01
28 2.88388492115761e+01
28 2.83220859912364e+01
28 2.94325145428527e+01
28 2.85302323621403e+01
28 2.88926411756088e+01
28 2.87587293837560e+01
28 2.83929696958252e+01
28 2.82553139437415e+01
28 2.84579864574534e+01
28 2.78466107255285e+01
28 2.75424283776428e+01
28 2.83311084001813e+01
28 2.78676674874254e+01
28 2.80560587524206e+01
28 2.81322467570632e+01
28 2.87924461195052e+01
28 2.83229878792151e+01
28 2.84834216061487e+01
28 2.84416941952100e+01
28 2.87280701061203e+01
28 2.78181427771931e+01
28 2.76240807161102e+01
28 2.91917262007992e+01
28 2.87166823986439e+01
28 2.87676735134836e+01
28 2.76029616388478e+01
28 2.89900537428815e+01
28 2.94437861106651e+01
28 2.87324073423898e+01
28 2.74944840529375e+01
28 2.80829918490039e+01
28 2.80853233248597e+01
28 2.91215863079847e+01
28 2.80139985980966e+01
28 2.82284242505394e+01
28 2.89089403818170e+01
28 2.85966521456954e+01
28 2.82786938184635e+01
28 2.68265992289708e+01
28 2.77521410415846e+01
28 2.76623323437764e+01
28 2.72336479721084e+01
28 2.65858040748280e+01
28 2.80732419519811e+01
28 2.77117793530124e+01
28 2.84116183378316e+01
28 2.79956772196099e+01
28 2.74911732149474e+01
28 2.85696166283261e+01
28 2.64021062444645e+01
28 2.63638145024530e+01
28 2.74014628520175e+01
28 2.75576462245481e+01
28 2.88333268120958e+01
28 2.86821365025744e+01
28 2.91708459673428e+01
28 2.82544210050235e+01
28 2.80185709546841e+01
28 2.80242006963235e+01
28 2.86158918842763e+01
28 2.91584754064021e+01
28 2.96812704106270e+01
28 2.87289564637631e+01
28 2.84529228724436e+01
28 2.75179321361918e+01
28 2.87135388607966e+01
28 2.78766670214516e+01
28 2.80039308272243e+01
28 2.79271444272854e+01
28 2.71772445847049e+01
28 2.82954528107412e+01
28 2.76698073330015e+01
28 2.80481780670703e+01
28 2.71849675688898e+01
28 2.75855275199274e+01
28 2.83117806031794e+01
28 2.85395035414825e+01
28 2.83363171328247e+01
28 2.83168628685707e+01
28 2.74948480625314e+01
28 2.83737317180643e+01
28 2.79300690941583e+01
28 2.80853995192037e+01
28 2.82322403752139e+01
28 2.73527725655842e+01
28 2.80097677071798e+01
28 2.76390280469282e+01
28 2.86674030467648e+01
28 2.90505820800764e+01
28 2.84053063677121e+01
28 2.88432575194962e+01
28 2.84432364583062e+01
28 2.87126647816856e+01
28 2.84215805323113e+01
28 2.84924070586204e+01
28 2.80078404831600e+01
28 2.79008807007492e+01
28 2.80901445794768e+01
28 2.89422078054061e+01
28 2.91586995420298e+01
28 2.84154352130561e+01
28 2.78879599984070e+01
28 2.74454474614043e+01
28 2.79986599701139e+01
28 2.75688034693216e+01
28 2.84175985160937e+01
28 2.86073291980847e+01
28 2.80109815551268e+01
28 2.80016845667323e+01
28 2.80109213492305e+01
28 2.81711819711669e+01
28 2.87818839334301e+01
28 2.76764298109611e+01
28 2.79608706871435e+01
28 2.85705064379673e+01
28 2.88473342261522e+01
28 2.89775940785504e+01
28 2.93601902949004e+01
28 2.78268019079647e+01
28 2.78043529489712e+01
28 2.76328144685860e+01
28 2.77275677261879e+01
28 2.66227099064257e+01
28 2.76830605958238e+01
28 2.76902982861939e+01
28 2.88234163419315e+01
28 2.76449864316783e+01
28 2.78656087388270e+01
28 2.75920385149613e+01
28 2.71666068913124e+01
28 2.78031566474613e+01
28 2.81874838411326e+01
28 2.81551667409142e+01
28 2.71113262500959e+01
28 2.74696093709046e+01
28 2.80202361227116e+01
28 2.78750240808909e+01
28 2.76336137618847e+01
28 2.83933509566215e+01
28 2.83992013332764e+01
28 2.91395143009845e+01
28 2.83151685516178e+01
28 2.91808585361287e+01
28 2.77151952373312e+01
28 2.91543636033053e+01
28 2.98306658564716e+01
28 2.79231498480255e+01
28 2.80745880281186e+01
28 2.77257489925376e+01
28 2.87170315835022e+01
28 2.93829538554758e+01
28 2.89287449267882e+01
28 2.85993953915101e+01
28 2.82859915722230e+01
28 2.85037807703439e+01
28 2.85891585682082e+01
28 2.87352603931355e+01
28 2.91970144639823e+01
28 2.94567395477672e+01
28 2.87047328719040e+01
28 2.81739834686841e+01
28 2.85737219044516e+01
28 2.89932135368211e+01
28 2.84247379797243e+01
28 2.80045552854620e+01
28 2.77186756540858e+01
28 2.81413881195407e+01
28 2.79601002382429e+01
28 2.86611941213444e+01
28 2.93239784899784e+01
28 3.00039815373977e+01
28 2.87543471145387e+01
28 2.84143753211084e+01
28 2.96838646495754e+01
28 2.79222773384630e+01
28 2.82610429841015e+01
28 2.78629903876608e+01
28 2.84945196575633e+01
28 2.86971346136307e+01
28 2.77169683051144e+01
28 2.79099949032935e+01
28 2.81632596243292e+01
28 2.82486698387988e+01
28 2.85510708961679e+01
28 2.79213506082050e+01
28 2.78584975451725e+01
28 2.74135857935340e+01
28 2.79180459841155e+01
28 2.72889644036562e+01
28 2.86922679344017e+01
28 2.82876082968392e+01
28 2.93122940159192e+01
28 2.88128576929060e+01
28 2.81051888774869e+01
28 2.75889703820369e+01
28 2.75845875683081e+01
28 2.77506478552304e+01
28 2.80705438089871e+01
28 2.81995762713903e+01
28 2.72254582708960e+01
28 2.88734745359963e+01
28 2.66210124929530e+01
28 2.74549722391203e+01
28 2.91034874054194e+01
28 2.86131037025781e+01
28 2.85141934566405e+01
28 2.85613458249676e+01
28 2.75268122638457e+01
28 2.87352660322844e+01
28 2.83798674870573e+01
28 2.91825740412853e+01
28 2.90694105474060e+01
28 2.80961007451845e+01
28 2.90629366741783e+01
28 2.83928717582962e+01
28 2.89695328753627e+01
28 2.84449232042882e+01
28 2.82033191309513e+01
28 2.74377427503103e+01
28 2.76156558726691e+01
28 2.74652027040220e+01
28 2.80688839264887e+01
28 2.83088797125309e+01
28 2.82933462972135e+01
28 2.85778714087589e+01
28 2.82461776035203e+01
28 2.81295041950766e+01
28 2.76675072306052e+01
28 2.80933974972958e+01
28 2.88645322924300e+01
28 2.82820901032249e+01
28 2.77613947620037e+01
28 2.80294110238904e+01
28 2.72381804264782e+01
28 2.75684705078745e+01
28 2.83911945999537e+01
28 2.72992998005647e+01
28 2.83573191468415e+01
28 2.88126481086693e+01
28 2.70599898494161e+01
28 2.87383639304162e+01
28 2.81861502556000e+01
28 2.82619945053548e+01
28 2.79574894762054e+01
28 2.87804795413968e+01
28 2.91516744564096e+01
28 2.76916272492831e+01
28 2.84320988494076e+01
28 2.79099695802427e+01
28 2.87184074196995e+01
28 2.75908344227049e+01
28 2.78669105712475e+01
28 2.84520445988496e+01
28 2.78237969962161e+01
28 2.82539808885395e+01
28 2.85585075380494e+01
28 2.87016353315270e+01
28 2.89732266804569e+01
28 2.87419619660910e+01
28 2.67423971217344e+01
28 2.78733142375576e+01
28 2.75547412932889e+01
28 2.82880519074346e+01
28 2.78042410379306e+01
28 2.87578424015637e+01
28 2.83092387868789e+01
28 2.75733029807342e+01
28 2.76833904688616e+01
28 2.74779228287376e+01
28 2.82663820789456e+01
28 2.80137066346627e+01
28 2.76110371261560e+01
28 2.66472069619030e+01
28 2.79239931725478e+01
28 2.74572753608623e+01
28 2.76525066425629e+01
28 2.77790318456312e+01
28 2.72854737196981e+01
28 2.79607309154850e+01
28 2.82322874809555e+01
28 2.73049299397564e+01
28 2.78224719661661e+01
28 2.75784229278418e+01
28 2.70194862489865e+01
28 2.76555528414809e+01
28 2.70113687067792e+01
28 2.67692075135080e+01
28 2.82650997865899e+01
28 2.86059223409882e+01
28 2.88949667671498e+01
28 2.82471623488873e+01
28 2.88345785940581e+01
28 2.83584146207199e+01
28 2.86894667182606e+01
28 2.87991802013079e+01
28 2.90939938082149e+01
28 2.99014917853656e+01
28 2.85520121635501e+01
28 2.82872414460125e+01
28 2.76116944491487e+01
28 2.72441926452574e+01
28 2.73513081540834e+01
28 2.71291393833310e+01
28 2.76865541262708e+01
28 2.73382935015839e+01
28 2.80499202103747e+01
28 2.79007401222838e+01
28 2.88397241966426e+01
28 2.90778557332064e+01
28 2.92304235083729e+01
28 2.89129059420392e+01
28 2.93846682051794e+01
28 2.93972693470331e+01
28 2.83793069817051e+01
28 2.79914955419815e+01
28 2.77109547105724e+01
28 2.79438281060879e+01
28 2.78228609971356e+01
28 2.83030378067153e+01
28 2.87892726840015e+01
28 2.88553542249454e+01
28 2.82178838637474e+01
28 2.83823360459119e+01
28 2.87987198253444e+01
28 2.77981478594242e+01
28 2.74873686613745e+01
28 2.85821489020263e+01
28 2.94858510915093e+01
28 2.80756914825164e+01
28 2.77528462150828e+01
28 2.82965481043242e+01
28 2.86810566141066e+01
28 2.75569314420235e+01
28 2.75482543710582e+01
28 2.87271367918988e+01
28 2.87052526046341e+01
28 2.83419927382436e+01
28 2.95192809099262e+01
28 2.81044699951226e+01
28 2.97222976768451e+01
28 2.85473095584116e+01
28 2.85235233009185e+01
28 2.84018066138186e+01
28 2.83578237709607e+01
28 2.94386779252480e+01
28 2.87530643555054e+01
28 2.80098984360417e+01
28 2.88886127423821e+01
28 2.86437215054929e+01
28 2.97256061652880e+01
28 2.88151809990920e+01
28 2.86493966331741e+01
28 2.83045408166973e+01
28 2.89510785032541e+01
28 2.80202910951747e+01
28 2.81260612956811e+01
28 2.77320673823501e+01
28 2.76145068713586e+01
28 2.96794291701895e+01
28 2.85837763704375e+01
28 2.79983637634515e+01
28 2.82599215608753e+01
28 2.86821267069297e+01
28 2.77685385957671e+01
28 2.74230044439709e+01
28 2.82374875614586e+01
28 2.85091532511412e+01
28 2.80586327063362e+01
28 2.81595825343231e+01
28 2.75016330110066e+01
28 2.71941206373100e+01
28 2.76059405397724e+01
28 2.75102391184268e+01
28 2.78429153047317e+01
28 2.76396432893292e+01
28 2.84168283726580e+01
28 2.86865593341883e+01
28 2.82298634609437e+01
28 2.88474370351033e+01
28 2.80908268974836e+01
28 2.89847599983743e+01
28 2.83521163151917e+01
28 2.81145312935314e+01
28 2.84528136175813e+01
28 2.81141145925806e+01
28 2.79874410579524e+01
28 2.80827067570117e+01
28 2.83696361397334e+01
28 2.90247319438303e+01
28 2.74021046780503e+01
28 2.81645124647813e+01
28 2.85892188342819e+01
28 2.81378050539735e+01
28 2.78144746776304e+01
28 2.85711418492829e+01
28 2.85442855813469e+01
28 2.76181116938630e+01
28 2.78593057659233e+01
28 2.93965171860518e+01
28 2.86707594006801e+01
28 2.81557146120344e+01
28 2.79322154805181e+01
28 2.81303655617088e+01
28 2.78837248450795e+01
28 2.80059718977097e+01
28 2.79497050804443e+01
28 2.76141667982993e+01
28 2.76568185749380e+01
28 2.75960163672950e+01
28 2.86338130769622e+01
28 2.81072364985691e+01
28 2.80777835128244e+01
28 2.79529676633701e+01
28 2.77885606604600e+01
28 2.84909652279758e+01
28 2.76591870437471e+01
28 2.71938540326661e+01
28 2.72726397716415e+01
28 2.69185456200458e+01
28 2.85699800314490e+01
28 2.88873561483827e+01
28 2.83869996241844e+01
28 2.77416094398777e+01
28 2.68242029541198e+01
28 2.76218395743635e+01
28 2.83857500828609e+01
28 2.85339551683164e+01
28 2.87473113176815e+01
28 2.72491615820710e+01
28 2.79329402731733e+01
28 2.82209427090250e+01
28 2.86647249887786e+01
28 2.81869231418115e+01
28 2.80404122993872e+01
28 2.76785405990487e+01
28 2.84840784559028e+01
28 2.85212728093292e+01
28 2.76208142430441e+01
28 2.78575044555354e+01
28 2.73952753620374e+01
28 2.87852912372820e+01
28 2.82365851197110e+01
28 2.87955842866406e+01
28 2.76107779674220e+01
28 2.72029623040103e+01
28 2.83681357283790e+01
28 2.81174595187133e+01
28 2.79534204245466e+01
28 2.76775061352909e+01
28 2.84226079373831e+01
28 2.87944269346254e+01
28 2.91150234116592e+01
28 2.94314362670185e+01
28 2.81297649138501e+01
28 2.78937661444482e+01
28 2.78353376400729e+01
28 2.81085309249208e+01
28 2.70830623507086e+01
28 2.78600326541220e+01
28 2.66446557681988e+01
28 2.73104126018714e+01
28 2.82982571805308e+01
28 2.75364804521380e+01
28 2.87896388850321e+01
28 2.88636546295092e+01
28 2.88484076774503e+01
28 2.95568235297663e+01
28 2.90192630778324e+01
28 2.81468066455307e+01
28 2.90332327820982e+01
28 2.94813237087065e+01
28 2.91505847973739e+01
28 2.90091493715103e+01
28 2.75195545591399e+01
28 2.80790175784535e+01
28 2.84718991825443e+01
28 2.84187018754204e+01
28 2.68680727894444e+01
28 2.82228821246552e+01
28 2.85776709227129e+01
28 2.81605565131810e+01
28 2.78443847897501e+01
28 2.78766690374193e+01
28 2.77343800962670e+01
28 2.79609336420113e+01
28 2.98808223189928e+01
28 2.76542584692518e+01
28 2.74285890816797e+01
28 2.74921176910848e+01
28 2.86760792959448e+01
28 2.78470831146787e+01
28 2.73934562792210e+01
28 2.77566805127638e+01
28 2.82741212163140e+01
28 2.82316457255992e+01
28 2.86048089422356e+01
28 2.84496558339399e+01
28 2.87951086563518e+01
28 2.75129733056062e+01
28 2.79909684399428e+01
28 2.78356959601084e+01
28 2.86960104717398e+01
28 2.94102527187704e+01
28 2.88759658588735e+01
28 2.75231979573298e+01
28 2.79021475202267e+01
28 2.77413026241833e+01
28 2.74302497351300e+01
28 2.81201465441434e+01
28 2.80020347604958e+01
28 2.75160717888482e+01
28 2.72646319997884e+01
28 2.74960105206544e+01
28 2.80002724061701e+01
28 2.81649251327057e+01
28 2.84680744176107e+01
28 2.86942255639456e+01
28 2.83030727279663e+01
28 2.74701622316356e+01
28 2.79957559208381e+01
28 2.78919260894441e+01
28 2.79712626523033e+01
28 2.90082466843653e+01
28 2.88235864218097e+01
28 2.87653931056707e+01
28 2.88914432206164e+01
28 2.83683559017832e+01
28 2.77275415212107e+01
28 2.84279305890947e+01
28 2.83866757872553e+01
28 2.75531651909128e+01
28 2.71217706684743e+01
28 2.78869048554282e+01
28 2.86048693605774e+01
28 2.85311091728446e+01
28 2.94531881948215e+01
28 2.92593406015206e+01
28 2.85532350493586e+01
28 2.88507182247219e+01
28 2.94578698774419e+01
28 2.86673095823631e+01
28 2.79841754828235e+01
28 2.87978034879265e+01
28 2.83884328102922e+01
28 2.87197667694543e+01
28 2.76904978943726e+01
28 2.79541719975172e+01
28 2.84266354086235e+01
28 2.77943769599921e+01
28 2.91271572192104e+01
28 2.76312636455677e+01
28 2.80307069952378e+01
28 2.79362900385256e+01
28 2.74817807050684e+01
28 2.70669744644824e+01
28 2.82745321242530e+01
28 2.91136740489574e+01
28 2.87474837527708e+01
28 2.84222604658958e+01
28 2.78277225382917e+01
28 2.85160279658227e+01
28 2.74692718959344e+01
28 2.80159771190491e+01
28 2.83547901106664e+01
28 2.94664437116762e+01
28 2.86778777811362e+01
28 2.72054926214202e+01
28 2.82135644643763e+01
28 2.75817921365975e+01
28 2.82761900207903e+01
28 2.83654236929993e+01
28 2.84665728202954e+01
28 2.83106937272760e+01
28 2.68092357504233e+01
28 2.85577302389551e+01
28 2.78887676150560e+01
28 2.79889957587972e+01
28 2.76151661499370e+01
28 2.87292090645932e+01
28 2.79228178728146e+01
28 2.75209437453800e+01
28 2.67524263507035e+01
28 2.78100071447001e+01
28 2.78199731327101e+01
28 2.83553516379195e+01
28 2.79781128089804e+01
28 2.76245203476369e+01
28 2.73733030396647e+01
28 2.77673558646724e+01
28 2.75861779667900e+01
28 2.87146737925599e+01
28 2.80111230734311e+01
28 2.84783113525875e+01
28 2.79232368656681e+01
28 2.82071689290291e+01
28 2.75162308938659e+01
28 2.81668641594408e+01
28 2.80798136062472e+01
28 2.81164748561177e+01
28 2.79253256710445e+01
28 2.74921572401448e+01
28 2.80585875118843e+01
28 2.73568002252892e+01
28 2.78970704720888e+01
28 2.73908280608761e+01
28 2.79816424552477e+01
28 2.77999575218954e+01
28 2.83261875500027e+01
28 2.77942597189898e+01
28 2.85614669709293e+01
28 2.90920064353465e+01
28 2.91248346751591e+01
28 2.80208440906050e+01
28 2.80568862825938e+01
28 2.91232895815910e+01
28 2.82762422838191e+01
28 2.91531706428278e+01
28 2.79051670662665e+01
28 2.87742432073694e+01
28 2.94822943726761e+01
28 2.80519810055826e+01
28 2.88605123872520e+01
28 2.91703150130383e+01
28 2.91712846387335e+01
28 2.77647466173628e+01
28 2.85174539066729e+01
28 2.92572677798779e+01
28 2.78343508712403e+01
28 2.80435911155776e+01
28 2.81484131766967e+01
28 2.93004359941165e+01
28 2.96398279169753e+01
28 2.77486771033754e+01
28 2.82538792459871e+01
28 2.87108539421997e+01
28 2.79593738289637e+01
28 2.77149330213992e+01
28 2.74736405337910e+01
28 2.75934424967282e+01
28 2.69191276860316e+01
28 2.67807264180773e+01
28 2.74695387024655e+01
28 2.69771836679132e+01
28 2.85130730009628e+01
28 2.81106348893100e+01
28 2.71084246184470e+01
28 2.73552362676016e+01
28 2.81771243342591e+01
28 2.84090855506990e+01
28 2.85301636242601e+01
28 2.86500343038113e+01
28 2.81296782873495e+01
28 2.71232184575799e+01
28 2.80299713878282e+01
28 2.83980343975269e+01
28 2.75780304009119e+01
28 2.89054461934682e+01
28 2.79431860702537e+01
28 2.85645234757312e+01
28 2.91912884444293e+01
28 2.80152276128050e+01
28 2.94018865474462e+01
28 2.85646745399918e+01
28 2.83611966702617e+01
28 2.86892052571983e+01
28 2.88361891539546e+01
28 2.88713828214346e+01
28 2.80300558138184e+01
28 2.92863357746937e+01
28 2.87278411037876e+01
28 2.83826890140657e+01
28 2.80499684516468e+01
28 2.75166465903445e+01
28 2.84775923914020e+01
28 2.79548646749977e+01
28 2.79285693323491e+01
28 2.82302250797265e+01
28 2.77619808806800e+01
28 2.76118119307275e+01
28 2.86593599891983e+01
28 2.87561785231095e+01
28 2.91920291713446e+01
28 2.82023802760267e+01
28 2.79404591250404e+01
28 2.71657609168712e+01
28 2.72327966198222e+01
28 2.77907541494799e+01
28 2.76327360272586e+01
28 2.74431902221707e+01
28 2.67864384501191e+01
28 2.57868687409962e+01
28 2.62979170228087e+01
28 2.74670052826190e+01
28 2.73986588121933e+01
28 2.75154476873021e+01
28 2.79773916423304e+01
28 2.86921865592620e+01
28 2.83926041178072e+01
28 2.74975952156899e+01
28 2.80091196114216e+01
28 2.80128960117992e+01
28 2.81458981162516e+01
28 2.82447240226465e+01
28 2.88518709992466e+01
28 2.76633141595536e+01
28 2.78938002211898e+01
28 2.80764480203555e+01
28 2.81374030150689e+01
28 2.82551762602822e+01
28 2.82220226272946e+01
28 2.84811767794786e+01
28 2.77874914303327e+01
28 2.74940551507011e+01
28 2.82411681705847e+01
28 2.87249843902296e+01
28 2.87289722097120e+01
28 2.78749640097731e+01
28 2.76020640190142e+01
28 2.81195343664973e+01
28 2.77612936499257e+01
28 2.85520755603891e+01
28 2.85161606074903e+01
28 2.81575832393537e+01
28 2.80679850534622e+01
28 2.74158101307593e+01
28 2.72828228076030e+01
28 2.76994306881368e+01
28 2.80716040341422e+01
28 2.79618005332851e+01
28 2.79992980151944e+01
28 2.79071554381209e+01
28 2.67505908911235e+01
28 2.81267309537214e+01
28 2.83353993722842e+01
28 2.85978878931933e+01
28 2.88248338859307e+01
28 2.78141398338375e+01
28 2.78790805816356e+01
28 2.84528977230639e+01
28 2.86909308026491e+01
28 2.87337599164610e+01
28 2.84580383124600e+01
28 2.71827143690691e+01
28 2.74604804967429e+01
28 2.81712917175261e+01
28 2.83683239716673e+01
28 2.84970262777927e+01
28 2.79695710709390e+01
28 2.84962296745302e+01
28 2.86792235280722e+01
28 2.82345510898172e+01
28 2.74518758543268e+01
28 2.83970837695003e+01
28 2.76913383876304e+01
28 2.73361649591781e+01
28 2.72574182573409e+01
28 2.82470503015638e+01
28 2.76074532637153e+01
28 2.82565120419528e+01
28 2.81462296645191e+01
28 2.89925899273981e+01
28 2.84930033229569e+01
28 2.81465579725783e+01
28 2.70079849169747e+01
28 2.74913907342273e+01
28 2.71344647602050e+01
28 2.74481683516816e+01
28 2.77379536808654e+01
28 2.82517177145218e+01
28 2.84095660697489e+01
28 2.85893390270166e+01
28 2.80109499016190e+01
28 2.84200422035753e+01
28 2.78619034375650e+01
28 2.82611208814579e+01
28 2.74436067335461e+01
28 2.80820331849563e+01
28 2.71335430723224e+01
28 2.62436571255532e+01
28 2.70318926287023e+01
28 2.69693311871968e+01
28 2.74016839166553e+01
28 2.63029388005922e+01
28 2.78894606670956e+01
28 2.89712610112823e+01
28 2.86318564742150e+01
28 2.79250696116971e+01
28 2.82934116815843e+01
28 2.75301703577926e+01
28 2.66359509950957e+01
28 2.67934115477781e+01
28 2.71140533517835e+01
28 2.85489567518698e+01
28 2.80705977380610e+01
28 2.83862679210264e+01
28 2.92212522548378e+01
28 2.81475271140371e+01
28 2.78103874958536e+01
28 2.84537459952996e+01
28 2.69517634241419e+01
28 2.71344823290554e+01
28 2.66166860906375e+01
28 2.75398830799606e+01
28 2.72778156580389e+01
28 2.80323820922577e+01
28 2.79641276691003e+01
28 2.84412152600820e+01
28 2.87884512117665e+01
28 2.90611587827205e+01
28 2.87264058250814e+01
28 2.87925669327361e+01
28 2.87674103380239e+01
28 2.83871798134107e+01
28 2.92437710348517e+01
28 2.96955256084763e+01
28 2.90678480053013e+01
28 2.79619198103538e+01
28 2.78360871146029e+01
28 2.76127924355053e+01
28 2.79685719417925e+01
28 2.68932981484146e+01
28 2.83299193687487e+01
28 2.92005443692737e+01
28 2.85126834476535e+01
28 2.83826764342893e+01
28 2.82420052417284e+01
28 2.78991099272375e+01
28 2.77320182813256e+01
28 2.74832847983801e+01
28 2.90173166773958e+01
28 2.87468245634712e+01
28 2.79731697672276e+01
28 2.75182347636631e+01
28 2.94842271238947e+01
28 2.82384854614805e+01
28 2.94851028764428e+01
28 2.81285670961864e+01
28 2.89336996067131e+01
28 2.84998731421856e+01
28 2.70928894348558e+01
28 2.72572598506137e+01
28 2.85343770833887e+01
28 2.85386846703228e+01
28 2.76112223935658e+01
28 2.86870219586061e+01
28 2.84163117664620e+01
28 2.78709337913370e+01
28 2.74942550572835e+01
28 2.70515765330303e+01
28 2.77681124527245e+01
28 2.76016180917807e+01
28 2.63236027265733e+01
28 2.72149597494435e+01
28 2.73477779401880e+01
28 2.77754355686582e+01
28 2.82075304603610e+01
28 2.76161743206495e+01
28 2.73604290007975e+01
28 2.74206618451518e+01
28 2.82689222794122e+01
28 2.90034002770622e+01
28 2.72667026375895e+01
28 2.79523168483932e+01
28 2.78527508998684e+01
28 2.79620182186577e+01
28 2.81048033594547e+01
28 2.69863809587520e+01
28 2.67674784216035e+01
28 2.81560164519492e+01
28 2.84212400950110e+01
28 2.90201230434036e+01
28 2.87739447721962e+01
28 2.85050801883993e+01
28 2.77614372498004e+01
28 2.71385635849490e+01
28 2.68951504169046e+01
28 2.88715368100136e+01
28 2.82542265162724e+01
28 2.79375179335135e+01
28 2.73859337919985e+01
28 2.79136701521058e+01
28 2.82421283413572e+01
28 2.81631958637922e+01
28 2.90692731941402e+01
28 2.94410419252776e+01
28 2.76960357328591e+01
28 2.81359418896057e+01
28 2.83736432278691e+01
28 2.76847574008823e+01
28 2.78547531639740e+01
28 2.77965020666126e+01
28 2.76337700206044e+01
28 2.80399551819347e+01
28 2.84637425495949e+01
28 2.69978137170585e+01
28 2.80052444352745e+01
28 2.69738654036667e+01
28 2.77415843321459e+01
28 2.80887091935200e+01
28 2.72953189194919e+01
28 2.76221435135781e+01
28 2.82721710508672e+01
28 2.76009121791378e+01
28 2.79485299767938e+01
28 2.81905252766064e+01
28 2.72770296149045e+01
28 2.81334874455173e+01
28 2.72546052730181e+01
28 2.85161598461793e+01
28 2.93712409779633e+01
28 2.84924985297374e+01
28 2.91655643126735e+01
28 2.86548482177944e+01
28 2.89650664246597e+01
28 2.83281801646018e+01
28 2.77866590964770e+01
28 2.83729284901291e+01
28 2.80998157885286e+01
28 2.82120078767342e+01
28 2.81913557235739e+01
28 2.77048629388104e+01
28 2.74823479060441e+01
28 2.74177434705965e+01
28 2.83131387069651e+01
28 2.79400936259494e+01
28 2.79384777739894e+01
28 2.84755148399989e+01
28 2.82048464570633e+01
28 2.77949885643847e+01
28 2.79584814232630e+01
28 2.89423097877791e+01
28 2.89053749982215e+01
28 2.78302998210185e+01
28 2.84063171001656e+01
28 2.78264027573255e+01
28 2.94278561141093e+01
28 2.99820169608716e+01
28 2.77097052954832e+01
28 2.85078600931153e+01
28 2.86566993812502e+01
28 2.78157874062390e+01
28 2.84623309319666e+01
28 2.72576413991499e+01
28 2.79958419284475e+01
28 2.72095795447568e+01
28 2.87823207787061e+01
28 2.81850656244278e+01
28 2.76525282975438e+01
28 2.91124010882568e+01
28 2.89338688994751e+01
28 2.79886461139345e+01
28 2.79190761798205e+01
28 2.77608310611813e+01
28 2.80794433053043e+01
28 2.73020265603954e+01
28 2.71164548998259e+01
28 2.79484907868736e+01
28 2.78019301309357e+01
28 2.84202995401520e+01
28 2.80439742877054e+01
28 2.75474329022942e+01
28 2.78082993564991e+01
28 2.76615644105232e+01
28 2.82161646520768e+01
28 2.74232238264663e+01
28 2.78100167334401e+01
28 2.73050617408624e+01
28 2.81693179045440e+01
28 2.87780859218200e+01
28 2.99195641533726e+01
28 2.91839663504207e+01
28 2.80224347976226e+01
28 2.88944631210981e+01
28 2.85509027236410e+01
28 2.89214072595076e+01
28 2.87508124181012e+01
28 2.87413926157487e+01
28 2.83587147260075e+01
28 2.79293476339188e+01
28 2.84006152421184e+01
28 2.86105464712153e+01
28 2.81508024846244e+01
28 2.85624342402041e+01
28 2.84101536197005e+01
28 2.88799745105006e+01
28 2.80922290677378e+01
28 2.85127659640050e+01
28 2.95423884398605e+01
28 2.88829278543072e+01
28 2.77817668390094e+01
28 2.74878907436313e+01
28 2.77267696483314e+01
28 2.80873984840866e+01
28 2.77845295119880e+01
28 2.79283110448955e+01
28 2.80553403341317e+01
28 2.75497848353804e+01
28 2.85380644766927e+01
28 2.77268368744531e+01
28 2.87233267071031e+01
28 2.76936456337532e+01
28 2.77864247683093e+01
28 2.86852503402107e+01
28 2.79748969094757e+01
28 2.81646820228677e+01
28 2.78355818460803e+01
28 2.70953676136878e+01
28 2.77955713352491e+01
28 2.81991973448798e+01
28 2.71924196368342e+01
28 2.83789527305642e+01
28 2.87136835677075e+01
28 2.86384015238835e+01
28 2.86396165573182e+01
28 2.82785411790590e+01
28 2.88317203697365e+01
28 2.83963838015326e+01
28 2.72048838545438e+01
28 2.77174080956073e+01
28 2.77842841092449e+01
28 2.80507540955854e+01
28 2.80646988629665e+01
28 2.75246683163826e+01
28 2.71823204263619e+01
28 2.68516545647955e+01
28 2.71598715030265e+01
28 2.78252004944076e+01
28 2.78073662111722e+01
28 2.77907078281186e+01
28 2.79213362139664e+01
28 2.82106648014439e+01
28 2.74321298233268e+01
28 2.90874546728485e+01
28 2.84809475569562e+01
28 2.86758545395780e+01
28 2.84153542641893e+01
28 2.88990237141949e+01
28 2.88734535788193e+01
28 2.75996428857039e+01
28 2.84396384417212e+01
28 2.81844043462931e+01
28 2.81584706216144e+01
28 2.86898041416348e+01
28 2.86622969682042e+01
28 2.85877477506164e+01
28 2.74139055563019e+01
28 2.83902439322028e+01
28 2.77696919881127e+01
28 2.74216144459570e+01
28 2.76097353241924e+01
28 2.75696025903649e+01
28 2.74424928022060e+01
28 2.82792739337476e+01
28 2.86824027595733e+01
28 2.75500341839325e+01
28 2.75482398574082e+01
28 2.89008959264259e+01
28 2.85106702227006e+01
28 2.79332914266128e+01
28 2.90989443757020e+01
28 2.76992164771742e+01
28 2.90047820937482e+01
28 2.80458871999364e+01
28 2.84593209247825e+01
28 2.91641794615610e+01
28 2.83501281078389e+01
28 3.07425738330807e+01
28 2.96680058305335e+01
28 2.99667167527455e+01
28 2.91097312047493e+01
28 2.90549068024173e+01
28 2.91704024137240e+01
28 2.93784964558272e+01
28 2.97494621652088e+01
28 2.76589040696749e+01
28 2.85035972340665e+01
28 2.92840173264246e+01
28 2.89141908435196e+01
28 2.88599532452855e+01
28 2.87365075004597e+01
28 2.73693647444694e+01
28 2.83874772445146e+01
28 2.77722128518213e+01
28 2.78076308145285e+01
28 2.72721789011591e+01
28 2.81693897205704e+01
28 2.79025443568840e+01
28 2.82164722058748e+01
28 2.70053498915852e+01
28 2.72639931549137e+01
28 2.78560509613805e+01
28 2.87302907376112e+01
28 2.95356955601246e+01
28 2.71434207589205e+01
28 2.81550958371725e+01
28 2.81331340815372e+01
28 2.77273876928705e+01
28 2.66581524831617e+01
28 2.75987407297322e+01
28 2.73569273486572e+01
28 2.80009606202364e+01
28 2.86250866359528e+01
28 2.85021851587389e+01
28 2.81424985462269e+01
28 2.66833843798179e+01
28 2.75345119136558e+01
28 2.74385100685703e+01
28 2.79170938725537e+01
28 2.75735687785088e+01
28 2.81847829706044e+01
28 2.84870670924161e+01
28 2.72808773097825e+01
28 2.74021587903463e+01
28 2.77612252249781e+01
28 2.73263938284363e+01
28 2.86133392196449e+01
28 2.78468910979124e+01
28 2.83252961325442e+01
28 2.75382783336534e+01
28 2.71386256147973e+01
28 2.68041105411879e+01
28 2.79632251837510e+01
28 2.73937223861110e+01
28 2.87660084337066e+01
28 2.75717823968082e+01
28 2.86057057272938e+01
28 2.88434630104019e+01
28 2.88841385580192e+01
28 2.81611398801363e+01
28 2.69951382481033e+01
28 2.70790228452862e+01
28 2.78144306436971e+01
28 2.83928490300129e+01
28 2.81581501412679e+01
28 2.82016805406165e+01
28 2.81475257708051e+01
28 2.76718338250210e+01
28 2.83421465098989e+01
28 2.86317135163171e+01
28 2.85142181163762e+01
28 2.74055137821697e+01
28 2.74665967089131e+01
28 2.70845739875068e+01
28 2.72843592270201e+01
28 2.77566157445998e+01
28 2.66311868982613e+01
28 2.84192490624032e+01
28 2.68927987064311e+01
28 2.84319200512847e+01
28 2.82980739674548e+01
28 2.74652937631531e+01
28 2.70128045987697e+01
28 2.70022541108581e+01
28 2.75434913856766e+01
28 2.73760605446736e+01
28 2.78570502268454e+01
28 2.80143226815956e+01
28 2.71828027283456e+01
28 2.72457509675501e+01
28 2.67641597956731e+01
28 2.77232521840326e+01
28 2.79472424184799e+01
28 2.78314603932134e+01
28 2.86436794268911e+01
28 2.77627423692322e+01
28 2.82951560788137e+01
28 2.85376624005047e+01
28 2.81101011637849e+01
28 2.81417302539492e+01
28 2.79757554697989e+01
28 2.82921096569319e+01
28 2.78248335393179e+01
28 2.81843642685439e+01
28 2.77634412284304e+01
28 2.79792556467549e+01
28 2.80179259992884e+01
28 2.77089778080360e+01
28 2.69158498710090e+01
28 2.69032562316549e+01
28 2.68908626091629e+01
28 2.68946383135700e+01
28 2.65749783387845e+01
28 2.71650884892402e+01
28 2.59543207881472e+01
28 2.62184137509820e+01
28 2.59590452081330e+01
28 2.62732102278874e+01
28 2.61049439053892e+01
28 2.68897927312172e+01
28 2.69916412119862e+01
28 2.77163376156491e+01
28 2.68651557685417e+01
28 2.71915125482229e+01
28 2.70729071553562e+01
28 2.72154617363059e+01
28 2.85172100307457e+01
28 2.93644542076701e+01
28 2.81582697750315e+01
28 2.81031090973583e+01
28 2.91620814443470e+01
28 2.77422382508847e+01
28 2.82693142942674e+01
28 2.74068831957289e+01
28 2.74518570598496e+01
28 2.72756894584639e+01
28 2.75934922319343e+01
28 2.78820077367266e+01
28 2.67440361582451e+01
28 2.75943797630166e+01
28 2.79534918148060e+01
28 2.84213002937329e+01
28 2.87043444389841e+01
28 2.79200788312382e+01
28 2.80024495896886e+01
28 2.90419255237896e+01
28 2.79453666262813e+01
28 2.88103688698507e+01
28 2.83286847532220e+01
28 2.82473843273308e+01
28 2.79636695574754e+01
28 2.76573859484386e+01
28 2.71886864563989e+01
28 2.62278158924483e+01
28 2.71622310355921e+01
28 2.72212020405399e+01
28 2.69258043001139e+01
28 2.80513227194801e+01
28 2.82213430298405e+01
28 2.76844523166453e+01
28 2.79442598951989e+01
28 2.72587790440497e+01
28 2.65942849988647e+01
28 2.85571321291896e+01
28 2.69458694386901e+01
28 2.76738122446672e+01
28 2.76061944413589e+01
28 2.73373060346469e+01
28 2.76530755755785e+01
28 2.72953726217443e+01
28 2.73528186068123e+01
28 2.83834804014279e+01
28 2.75543448050719e+01
28 2.86222037803607e+01
28 2.80250282974804e+01
28 2.75259502561532e+01
28 2.79118765342101e+01
28 2.72732650749475e+01
28 2.72189417920606e+01
28 2.78695129359558e+01
28 2.79548993690306e+01
28 2.71279147009116e+01
28 2.71252564822002e+01
28 2.81364297342262e+01
28 2.69379227597756e+01
28 2.65415481345106e+01
28 2.77953027853737e+01
28 2.69221843889412e+01
28 2.88140118975779e+01
28 2.74677170491771e+01
28 2.70924314910117e+01
28 2.73750834215937e+01
28 2.72839215138983e+01
28 2.70716283857313e+01
28 2.69923220029046e+01
28 2.74877775277097e+01
28 2.72896939014654e+01
28 2.76794661098642e+01
28 2.72820641686875e+01
28 2.84759649838099e+01
28 2.74330884132275e+01
28 2.83435656261662e+01
28 2.74275717592341e+01
28 2.77051849807039e+01
28 2.75546663175017e+01
28 2.81685422631227e+01
28 2.81613833993981e+01
28 2.84608960955127e+01
28 2.74225206600384e+01
28 2.82445916211982e+01
28 2.75374020653520e+01
28 2.81821036056517e+01
28 2.85824588068345e+01
28 2.79325130862876e+01
28 2.82278508405749e+01
28 2.80504542386769e+01
28 2.90565721443651e+01
28 2.80345346163214e+01
28 2.86894555535461e+01
28 2.87347448003020e+01
28 2.77385110466903e+01
28 2.66782192879047e+01
28 2.72543862013924e+01
28 2.71294917830102e+01
28 2.74550097166453e+01
28 2.73357481955124e+01
28 2.75413845989892e+01
28 2.72138470749483e+01
28 2.83077581730310e+01
28 2.78942555396532e+01
28 2.90482833694110e+01
28 2.82298749139104e+01
28 2.71676246421776e+01
28 2.91535270716995e+01
28 2.77284849530176e+01
28 2.80666849376174e+01
28 2.83959113339093e+01
28 2.87957709752719e+01
28 2.81208925551426e+01
28 2.77070095460536e+01
28 2.79699521030455e+01
28 2.83337043863929e+01
28 2.72834369044279e+01
28 2.90205055292630e+01
28 2.82648222738219e+01
28 2.79268062862162e+01
28 2.78590242263034e+01
28 2.76063232635045e+01
28 2.79944896545981e+01
28 2.77504173485756e+01
28 2.79712573167107e+01
28 2.93272616069086e+01
28 2.87679261134475e+01
28 2.92693721294680e+01
28 2.91027704657624e+01
28 2.89262253943090e+01
28 2.98327783053487e+01
28 2.90587180824286e+01
28 2.77656986006525e+01
28 2.77041730678605e+01
28 2.73627837057355e+01
28 2.82174419045873e+01
28 2.75280701126931e+01
28 2.75768774820134e+01
28 2.75714357806868e+01
28 2.65388528917392e+01
28 2.76614818476650e+01
28 2.71831881170572e+01
28 2.78966800887250e+01
28 2.69451182184964e+01
28 2.77814017422782e+01
28 2.84151652006475e+01
28 2.75781897797242e+01
28 2.84027633994005e+01
28 2.81748719653127e+01
28 2.87158219094064e+01
28 2.86102762189785e+01
28 2.84726052699883e+01
28 2.85622540562357e+01
28 2.81216373838947e+01
28 2.71272780662546e+01
28 2.81605653651012e+01
28 2.90116669097060e+01
28 2.96061349445362e+01
28 2.77180809222179e+01
28 2.76932589921347e+01
28 2.80976135227410e+01
28 2.77434001164571e+01
28 2.79892439992659e+01
28 2.68637924561003e+01
28 2.71635266492069e+01
28 2.80103916108367e+01
28 2.78825239954349e+01
28 2.74444990898024e+01
28 2.84435416417830e+01
28 2.77355597363972e+01
28 2.79274789168217e+01
28 2.79674809635097e+01
28 2.90887061659399e+01
28 2.77637020249046e+01
28 2.81721006234011e+01
28 2.76929433265558e+01
28 2.82057248465837e+01
28 2.78060172486736e+01
28 2.82211936435261e+01
28 2.81016126417828e+01
28 2.87029722115721e+01
28 2.83297688451591e+01
28 2.76098141753727e+01
28 2.84241958458817e+01
28 2.83486080474536e+01
28 2.86547562435083e+01
28 2.84305571509732e+01
28 2.79942646167293e+01
28 2.71588167667802e+01
28 2.72573906744524e+01
28 2.79091447617082e+01
28 2.83609720758922e+01
28 2.76648815308321e+01
28 2.87237044156913e+01
28 2.88344027209070e+01
28 2.82404883832529e+01
28 2.82073385436552e+01
28 2.79886178475891e+01
28 2.81082417301599e+01
28 2.82319659567202e+01
28 2.76945202790612e+01
28 2.87322381273958e+01
28 2.91404860997327e+01
28 2.80149982279690e+01
28 2.84893550266709e+01
28 2.91434420547037e+01
28 2.93723240498898e+01
28 2.86883933434875e+01
28 2.81030498817421e+01
28 2.74688318025580e+01
28 2.86105933388036e+01
28 2.78644895864058e+01
28 2.86542186761881e+01
28 2.89163938975937e+01
28 2.85430842247709e+01
28 2.84790098158815e+01
28 2.79372612689925e+01
28 2.78743095814589e+01
28 2.85360145578383e+01
28 2.81307630036667e+01
28 2.81191387157627e+01
28 2.75224841410676e+01
28 2.78429286877596e+01
28 2.75355299001653e+01
28 2.78388474676965e+01
28 2.81683562819220e+01
28 2.78891648752882e+01
28 2.71644823196918e+01
28 2.77830782598286e+01
28 2.74575388487087e+01
28 2.82096559370933e+01
28 2.84400296846714e+01
28 2.83006594704123e+01
28 2.85133779898158e+01
28 2.76742931650909e+01
28 2.84650910809351e+01
28 2.85620192322311e+01
28 2.77132233329559e+01
28 2.82152673591805e+01
28 2.74069278880331e+01
28 2.72725337935126e+01
28 2.78044680809227e+01
28 2.80156347158673e+01
28 2.79054404253799e+01
28 2.80368687025305e+01
28 2.79083790907149e+01
28 2.78034635992356e+01
28 2.74936123742543e+01
28 2.70913746890115e+01
28 2.76362895307952e+01
28 2.74236000289493e+01
28 2.65206740082374e+01
28 2.64631908826388e+01
28 2.69777953660436e+01
28 2.65416781489738e+01
28 2.75257074643596e+01
28 2.76440570339229e+01
28 2.73088200172648e+01
28 2.71811845242267e+01
28 2.80303217199916e+01
28 2.82074683559422e+01
28 2.74749767421099e+01
28 2.71581551839212e+01
28 2.76056401089193e+01
28 2.73538202613994e+01
28 2.73264721886130e+01
28 2.80890868810903e+01
28 2.73774597541789e+01
28 2.66760744108303e+01
28 2.76166317355451e+01
28 2.82292260555211e+01
28 2.81365958659746e+01
28 2.77302141527274e+01
28 2.69368723757322e+01
28 2.70238228213614e+01
28 2.75746237937415e+01
28 2.77445086275308e+01
28 2.76570598081549e+01
28 2.77084617422549e+01
28 2.77937420062579e+01
28 2.77831467334864e+01
28 2.85654745210870e+01
28 2.86337258685291e+01
28 2.81339933113802e+01
28 2.83659344309601e+01
28 2.83839342062087e+01
28 2.84352669085574e+01
28 2.94002555322668e+01
28 2.86774250812243e+01
28 2.75987149216358e+01
28 2.77541806899767e+01
28 2.79441782908641e+01
28 2.72386949816601e+01
28 2.78095385137334e+01
28 2.89174591200070e+01
28 2.74940146971191e+01
28 2.77913270311058e+01
28 2.67819907496621e+01
28 2.77238458866308e+01
28 2.84095556218616e+01
28 2.85029320433791e+01
28 2.81415136731333e+01
28 2.81323776885824e+01
28 2.77849649112667e+01
28 2.76005634233488e+01
28 2.74499843800166e+01
28 2.78936121967636e+01
28 2.81440115708393e+01
28 2.85268062853289e+01
28 2.78718956630618e+01
28 2.77744745346330e+01
28 2.77514962971652e+01
28 2.77526078191910e+01
28 2.82352892175062e+01
28 2.83830379381265e+01
28 2.81208860794242e+01
28 2.89239644535734e+01
28 2.79315997017946e+01
28 2.76433441146685e+01
28 2.67743689904884e+01
28 2.70335599213402e+01
28 2.69461837286603e+01
28 2.75037683616258e+01
28 2.74557949947949e+01
28 2.73780822002495e+01
28 2.70803856616106e+01
28 2.78270661448685e+01
28 2.92473794048940e+01
28 2.85936420367433e+01
28 2.76573292068965e+01
28 2.79623304632881e+01
28 2.83480560772658e+01
28 2.77559341753442e+01
28 2.76832352863499e+01
28 2.82115172062307e+01
28 2.88215342555895e+01
28 2.87567440058840e+01
28 2.76766236950478e+01
28 2.69293290072447e+01
28 2.78729091590900e+01
28 2.84576952907154e+01
28 2.82275693860554e+01
28 2.84059549468600e+01
28 2.81664047234843e+01
28 2.85399887905172e+01
28 2.76853300480997e+01
28 2.83765678552537e+01
28 2.81605197653513e+01
28 2.77600307753677e+01
28 2.75313568081696e+01
28 2.78565156612414e+01
28 2.65786669601833e+01
28 2.71713403616197e+01
28 2.72491420539247e+01
28 2.72901537513646e+01
28 2.79219081117955e+01
28 2.84958355664639e+01
28 2.86400751965001e+01
28 2.80933086019324e+01
28 2.78763089257936e+01
28 2.81915411736172e+01
28 2.86175921367609e+01
28 2.78027248438931e+01
28 2.73772163111631e+01
28 2.78204701856360e+01
28 2.72163936662682e+01
28 2.65974123751592e+01
28 2.80885263829535e+01
28 2.71345041600897e+01
28 2.72533484578117e+01
28 2.78050246008485e+01
28 2.74409948718504e+01
28 2.69462310142791e+01
28 2.73295569260756e+01
28 2.75498542657361e+01
28 2.70002221243898e+01
28 2.72363633182972e+01
28 2.74798569659464e+01
28 2.70361500139236e+01
28 2.75614720004055e+01
28 2.81047804944342e+01
28 2.66273046265920e+01
28 2.77534502855490e+01
28 2.73200961076080e+01
28 2.71755461413420e+01
28 2.83608958738078e+01
28 2.71756987536836e+01
28 2.80347582015473e+01
28 2.81110302223886e+01
28 2.84213097845975e+01
28 2.82858234933747e+01
28 2.82138653217864e+01
28 2.75514710017528e+01
28 2.65458257477094e+01
28 2.76370164405863e+01
28 2.69095986487602e+01
28 2.75797800265940e+01
28 2.74945755213830e+01
28 2.66920426577117e+01
28 2.75528762012696e+01
28 2.69219072578854e+01
28 2.70454266044534e+01
28 2.81188467695747e+01
28 2.84922746342903e+01
28 2.72875819643859e+01
28 2.75774395838925e+01
28 2.82512190837122e+01
28 2.74702563669280e+01
28 2.72090487616827e+01
28 2.79413282415915e+01
28 2.73261358506228e+01
28 2.75089675449027e+01
28 2.78520586204725e+01
28 2.72659300532352e+01
28 2.71154578097058e+01
28 2.79753064373805e+01
28 2.82696960921403e+01
28 2.73940895846313e+01
28 2.82597830468417e+01
28 2.87871937259739e+01
28 2.90390683652497e+01
28 2.86907036555837e+01
28 2.79119159983038e+01
28 2.83080664601602e+01
28 2.85621565651087e+01
28 2.85954969587592e+01
28 2.87809420011815e+01
28 2.82504127338084e+01
28 2.75615129753769e+01
28 2.86832934341999e+01
28 2.79198829591666e+01
28 2.73814067250244e+01
28 2.70297880489224e+01
28 2.67341268448235e+01
28 2.73913094633393e+01
28 2.77605335240755e+01
28 2.67047235497453e+01
28 2.64938251539872e+01
28 2.67436617728473e+01
28 2.69221553819051e+01
28 2.65483756110127e+01
28 2.74407484032581e+01
28 2.64490177536423e+01
28 2.67662899418986e+01
28 2.74229916562209e+01
28 2.73605370013375e+01
28 2.79007260479720e+01
28 2.72785266451723e+01
28 2.81548100626288e+01
28 2.79423101197975e+01
28 2.74612682879506e+01
28 2.72658330505026e+01
28 2.76992666669063e+01
28 2.70181170418943e+01
28 2.74764715651271e+01
28 2.78998123070169e+01
28 2.74674013323489e+01
28 2.75764234340288e+01
28 2.80528838581785e+01
28 2.76531378411996e+01
28 2.80812858684478e+01
28 2.83714110497107e+01
28 2.79246266791156e+01
28 2.76012660328270e+01
28 2.75737017685523e+01
28 2.71072966252601e+01
28 2.75605364854609e+01
28 2.65216141425837e+01
28 2.70299153610307e+01
28 2.76551759149217e+01
28 2.82439149328689e+01
28 2.80523018796483e+01
28 2.61948255803839e+01
28 2.69716309864117e+01
28 2.62486750222129e+01
28 2.76194423448963e+01
28 2.76165682801947e+01
28 2.77449932869095e+01
28 2.76537230630656e+01
28 2.77219803467186e+01
28 2.87313740498512e+01
28 2.77620118865576e+01
28 2.78110133137911e+01
28 2.70689567664060e+01
28 2.69475977750228e+01
28 2.82064418499330e+01
28 2.72539336360014e+01
28 2.74880753628300e+01
28 2.79614054343352e+01
28 2.76312044336591e+01
28 2.73866953008601e+01
28 2.82193363540549e+01
28 2.74742091532360e+01
28 2.76281887113117e+01
28 2.74086199416155e+01
28 2.85060065871451e+01
28 2.75771822038752e+01
28 2.74973545367545e+01
28 2.74074555685444e+01
28 2.83450742628506e+01
28 2.79387742272148e+01
28 2.75857810404695e+01
28 2.78644584444211e+01
28 2.76089906132709e+01
28 2.87276989163280e+01
28 2.72865418773320e+01
28 2.85378327389383e+01
28 2.77265568602622e+01
28 2.78408281977813e+01
28 2.83715216508435e+01
28 2.84488989161084e+01
28 2.75999818042976e+01
28 2.77626182710981e+01
28 2.89529765634787e+01
28 2.83436222385097e+01
28 2.88748099414089e+01
28 2.91588082592098e+01
28 2.88623666196756e+01
28 2.83698284273083e+01
28 2.72449219167801e+01
28 2.76887310346280e+01
28 2.85067495079347e+01
28 2.88013128513871e+01
28 2.76163352220966e+01
28 2.75298283402714e+01
28 2.76637798836315e+01
28 2.68814004355062e+01
28 2.78795913505526e+01
28 2.77146808634617e+01
28 2.83043596911284e+01
28 2.84895531335845e+01
28 2.77658868377554e+01
28 2.85012581454577e+01
28 2.75889519503199e+01
28 2.83199430430197e+01
28 2.79857017756773e+01
28 2.70553771669180e+01
28 2.73314936776890e+01
28 2.73003589632495e+01
28 2.76351961791528e+01
28 2.79553974580212e+01
28 2.73471448205298e+01
28 2.79727707091773e+01
28 2.69351721923374e+01
28 2.75767358380016e+01
28 2.82508741390423e+01
28 2.83423003931675e+01
28 2.76743153672445e+01
28 2.83559953379153e+01
28 2.73602229721176e+01
28 2.63327612662202e+01
28 2.76493557551299e+01
28 2.74614243182320e+01
28 2.77963771435161e+01
28 2.81574813796052e+01
28 2.78317896661311e+01
28 2.78368648249503e+01
28 2.76874109021726e+01
28 2.74011010771353e+01
28 2.79631234376711e+01
28 2.88109795363719e+01
28 2.75234674516644e+01
28 2.64203363205103e+01
28 2.64696930077749e+01
28 2.69784172891012e+01
28 2.63605514310445e+01
28 2.63262641361699e+01
28 2.67334581036833e+01
28 2.66239127879292e+01
28 2.78729151446990e+01
28 2.74151095821485e+01
28 2.63725545745909e+01
28 2.78330032313524e+01
28 2.79839992289293e+01
28 2.86646067943764e+01
28 2.73185310696222e+01
28 2.77978378870090e+01
28 2.84772403055042e+01
28 2.83005367743309e+01
28 2.81270014305918e+01
28 2.68820383697611e+01
28 2.67968187394035e+01
28 2.77517689495177e+01
28 2.75434069573455e+01
28 2.80680499339858e+01
28 2.72064454616582e+01
28 2.86129597765661e+01
28 2.75395809504764e+01
28 2.68318197898774e+01
28 2.76295248866790e+01
28 2.75680184936426e+01
28 2.80904840684778e+01
28 2.83240898206028e+01
28 2.83389211800965e+01
28 2.85443123427626e+01
28 2.79141870037999e+01
28 2.75771919259465e+01
28 2.77789168889366e+01
28 2.84477390218106e+01
28 2.79222187139481e+01
28 2.77747769056362e+01
28 2.71470710805323e+01
28 2.76073440718357e+01
28 2.73159532032576e+01
28 2.73238066914102e+01
28 2.69966467598175e+01
28 2.73899632786399e+01
28 2.60774944963886e+01
28 2.78359660953006e+01
28 2.74950204062841e+01
28 2.84040570386031e+01
28 2.75582000808254e+01
28 2.76743791098890e+01
28 2.82875124384251e+01
28 2.68206427531065e+01
28 2.83899866026360e+01
28 2.73968708065410e+01
28 2.71636839268439e+01
28 2.74665521331226e+01
28 2.89922502863740e+01
28 2.83916742381284e+01
28 2.71698370464792e+01
28 2.67783042363183e+01
28 2.88417404259387e+01
28 2.83446802637257e+01
28 2.82233602456702e+01
28 2.84831165838266e+01
28 2.90246315612400e+01
28 2.85167840827342e+01
28 2.82575288628156e+01
28 2.95737248666159e+01
28 2.83788548806797e+01
28 2.76163373721899e+01
28 2.80497030516059e+01
28 2.84440780785278e+01
28 2.84985980640145e+01
28 2.85810101374632e+01
28 2.85583110163613e+01
28 2.85317996127197e+01
28 2.82001516449294e+01
28 2.80709319401105e+01
28 2.77317134028504e+01
28 2.94148889763345e+01
28 2.88982359133710e+01
28 2.87323129413856e+01
28 2.78511567413620e+01
28 2.80359526888724e+01
28 2.79199591414049e+01
28 2.84167787293151e+01
28 2.85119240244165e+01
28 2.79364078063642e+01
28 2.72507132046876e+01
28 2.60493345866532e+01
28 2.76241377604414e+01
28 2.78814066137815e+01
28 2.71659257022010e+01
28 2.72997638672751e+01
28 2.80674897706016e+01
28 2.80328849613374e+01
28 2.85923602737293e+01
28 2.85521709478336e+01
28 2.94799226666001e+01
28 2.86756239470079e+01
28 2.88258712599242e+01
28 2.84567190793724e+01
28 2.71704950698653e+01
28 2.84464522571671e+01
28 2.86916274328181e+01
28 2.77757603637900e+01
28 2.62445088152572e+01
28 2.73189753667260e+01
28 2.69770156552631e+01
28 2.87769990597435e+01
28 2.89723302080041e+01
28 2.88157040444369e+01
28 2.79861649232789e+01
28 2.87847302654444e+01
28 2.78881438859069e+01
28 2.82812582844688e+01
28 2.76227385318651e+01
28 2.86805793126717e+01
28 2.91232721188121e+01
28 2.70523249194028e+01
28 2.82813475730996e+01
28 2.74274128679294e+01
28 2.80985186157760e+01
28 2.78460895442672e+01
28 2.82572274908445e+01
28 2.65974299458897e+01
28 2.71031838709275e+01
28 2.85736575872470e+01
28 2.81445624690605e+01
28 2.84731133963770e+01
28 2.77543922182287e+01
28 2.81565031101957e+01
28 2.70364154402227e+01
28 2.80573531899244e+01
28 2.78109555801616e+01
28 2.79153261662375e+01
28 2.86410646871088e+01
28 2.89742655182396e+01
28 2.82615578959468e+01
28 2.91321482937406e+01
28 2.89868080980150e+01
28 2.84046311941026e+01
28 2.80056627686093e+01
28 2.71777362524047e+01
28 2.85694626007075e+01
28 2.79374136068035e+01
28 2.84118402094632e+01
28 2.86608180192116e+01
28 2.82771731585641e+01
28 2.76750051654206e+01
28 2.84201377042537e+01
28 2.80511892263975e+01
28 2.80781965319332e+01
28 2.85109898899418e+01
28 2.79793735639077e+01
28 2.83239135812566e+01
28 2.81392539666848e+01
28 2.81049824599074e+01
28 2.80408123197690e+01
28 2.85928288907088e+01
28 2.79746382477780e+01
28 2.87808541878930e+01
28 2.83949565884709e+01
28 2.77798564467202e+01
28 2.81202835291470e+01
28 2.79774239168719e+01
28 2.85583907122491e+01
28 2.83037037288471e+01
28 2.72677207988145e+01
28 2.88079053349672e+01
28 2.81594970131622e+01
28 2.75356121745835e+01
28 2.80549923482237e+01
28 2.82030709244925e+01
28 2.72978308294208e+01
28 2.74852818515017e+01
28 2.89565363120446e+01
28 2.91966323517871e+01
28 2.80706635233747e+01
28 2.86073471924623e+01
28 2.82284396620600e+01
28 2.88812139961347e+01
28 2.75374607687541e+01
28 2.75308218831967e+01
28 2.82735510912363e+01
28 2.75234969472365e+01
28 2.82395825233437e+01
28 2.80442578165930e+01
28 2.76266209708786e+01
28 2.67974146543952e+01
28 2.81249934255981e+01
28 2.79639971023129e+01
28 2.85389584296012e+01
28 2.90126097301422e+01
28 2.81308636373747e+01
28 2.84949091136483e+01
28 2.83909151471271e+01
28 2.88742168924436e+01
28 2.95677873010367e+01
28 2.86602986471596e+01
28 2.81905211246543e+01
28 2.72562989701537e+01
28 2.79067445092399e+01
28 2.87397806254201e+01
28 2.88447611025892e+01
28 2.85229765522096e+01
28 2.85142278475853e+01
28 2.73459554795326e+01
28 2.78659749554046e+01
28 2.63248453891211e+01
28 2.67097318433661e+01
28 2.80798467416657e+01
28 2.73891415741319e+01
28 2.79567156596903e+01
28 2.71635689730569e+01
28 2.77395561471707e+01
28 2.77458087927252e+01
28 2.78196006716329e+01
28 2.88549536311160e+01
28 2.78618644821052e+01
28 2.79882490926608e+01
28 2.83185887545164e+01
28 2.77833073924035e+01
28 2.79690457039143e+01
28 2.79721840523881e+01
28 2.84142405342391e+01
28 2.81410858515391e+01
28 2.88489268356767e+01
28 2.91154398831120e+01
28 2.85380795984263e+01
28 2.90658921796290e+01
28 2.84422739949798e+01
28 2.77257965259421e+01
28 2.89475902798382e+01
28 2.85179545229331e+01
28 2.72960433597407e+01
28 2.76879214133393e+01
28 2.73002274419175e+01
28 2.79300874487709e+01
28 2.76784915022690e+01
28 2.78166896597143e+01
28 2.75240989179009e+01
28 2.78725381785408e+01
28 2.82637226510199e+01
28 2.81167588444750e+01
28 2.93951609996045e+01
28 2.90153520283829e+01
28 2.79390094726258e+01
28 2.84458654378069e+01
28 2.79188890095153e+01
28 2.79703573811416e+01
28 2.88547836392045e+01
28 2.84203820628114e+01
28 2.79807320813158e+01
28 2.86498904452565e+01
28 2.90312855169747e+01
28 2.93036592333346e+01
