29 2.85714605837082e+01
29 2.92744930255972e+01
29 2.97612761979123e+01
29 2.89137935226302e+01
29 2.87131779917861e+01
29 2.84231669477461e+01
29 2.83448587378090e+01
29 2.99109397676201e+01
29 2.93390078620087e+01
29 2.93408961636337e+01
29 2.99880409628283e+01
29 2.92341408912224e+01
29 2.97481047513373e+01
29 2.97548256486445e+01
29 2.95904288490533e+01
29 2.95601313084606e+01
29 2.99141286469543e+01
29 2.90034428545951e+01
29 2.94295976954166e+01
29 3.00726027075046e+01
29 2.98862042861953e+01
29 3.07412780247513e+01
29 2.94567225580868e+01
29 2.88319664099550e+01
29 3.08496259323778e+01
29 3.00136516019525e+01
29 2.95465627468928e+01
29 2.94128941556820e+01
29 2.93281817809099e+01
29 2.95935410687483e+01
29 2.97228384191604e+01
29 3.12367347452960e+01
29 2.96145104509157e+01
29 2.94838565990401e+01
29 2.88614024618967e+01
29 2.85088879084993e+01
29 2.80710574553478e+01
29 2.81525935033698e+01
29 2.95826369695052e+01
29 2.91436361678204e+01
29 2.94130578542604e+01
29 2.98221216382704e+01
29 2.85519342770969e+01
29 2.89474454616466e+01
29 2.92110893511226e+01
29 2.94377771081240e+01
29 2.83395031231401e+01
29 2.91405382346373e+01
29 2.97407252835508e+01
29 2.95368529664299e+01
29 2.89933619935879e+01
29 2.96871036643723e+01
29 2.98335958303058e+01
29 2.90168026043753e+01
29 2.94374808292120e+01
29 2.89617033736511e+01
29 2.95549816777155e+01
29 2.98918525028398e+01
29 3.00174562850827e+01
29 2.86440829143322e+01
29 2.94138007093263e+01
29 2.92269596848656e+01
29 2.89676952055151e+01
29 2.96999080187457e+01
29 2.97087949229242e+01
29 2.89100051609102e+01
29 2.99308858455305e+01
29 2.92901595499047e+01
29 2.88195253530158e+01
29 2.84815233469623e+01
29 2.79343386059482e+01
29 2.88352271367854e+01
29 2.90774326233637e+01
29 2.94385525712056e+01
29 2.90031735869776e+01
29 2.91103337439120e+01
29 2.92835807683444e+01
29 2.83662396421732e+01
29 2.85949882507476e+01
29 2.87730080995990e+01
29 2.92138839913150e+01
29 3.00084042922138e+01
29 2.88474166188679e+01
29 3.00425732887408e+01
29 2.87420642743618e+01
29 2.86950003225024e+01
29 3.00977481513895e+01
29 2.96006188725727e+01
29 3.01085551894375e+01
29 3.00596329569991e+01
29 2.95494329055771e+01
29 2.84262117665074e+01
29 2.88466638737615e+01
29 2.86435742050418e+01
29 2.97500874324730e+01
29 2.91473404629329e+01
29 2.95914707588026e+01
29 2.95765605309038e+01
29 2.87984315326331e+01
29 2.95145074746334e+01
29 2.94490361645874e+01
29 2.97523642032504e+01
29 2.82829099641046e+01
29 2.90535507892610e+01
29 2.91571588108263e+01
29 2.88847096456324e+01
29 2.90454508123843e+01
29 2.87918766739481e+01
29 2.90281672414270e+01
29 2.87206711449291e+01
29 2.98144106592961e+01
29 2.92611471363927e+01
29 2.98011940505247e+01
29 2.97964415740903e+01
29 2.89312468037429e+01
29 2.82646201090526e+01
29 2.84405751210346e+01
29 2.90308903165396e+01
29 2.84538005520543e+01
29 2.87274279316542e+01
29 2.91514253103618e+01
29 2.96422312013994e+01
29 2.99965499755496e+01
29 3.09568457880287e+01
29 2.84899880114618e+01
29 2.89395181768997e+01
29 2.94311998350482e+01
29 2.99421321550560e+01
29 2.94764835990993e+01
29 2.90870208086760e+01
29 2.87366206744151e+01
29 3.00880509871045e+01
29 2.90920582427136e+01
29 2.93072587239388e+01
29 2.84722757774360e+01
29 2.94438662180984e+01
29 2.96749910121849e+01
29 2.90332465781376e+01
29 2.84487000783095e+01
29 2.80952574015548e+01
29 2.87279231444798e+01
29 2.89334174454856e+01
29 2.81477678574922e+01
29 2.73223957061619e+01
29 2.85078361175939e+01
29 2.80494566770670e+01
29 2.87906324744856e+01
29 2.81900771891285e+01
29 2.86447809161233e+01
29 2.90411638730100e+01
29 2.80290703460943e+01
29 2.86559968261000e+01
29 2.79824031335792e+01
29 2.85512572404679e+01
29 2.76401669110816e+01
29 2.95815920019253e+01
29 2.96493050924058e+01
29 2.95357719186074e+01
29 2.87447838015878e+01
29 2.86985388629419e+01
29 2.85140426321672e+01
29 2.91999509700661e+01
29 2.99368802836430e+01
29 2.89477827319615e+01
29 2.81118558575066e+01
29 2.89688967429400e+01
29 2.98065855053403e+01
29 2.93272275066508e+01
29 2.88320017363778e+01
29 2.90959726097675e+01
29 2.88944513285266e+01
29 2.82503288862784e+01
29 2.98712211800827e+01
29 3.03254180452728e+01
29 2.96026643414421e+01
29 2.83764195546588e+01
29 2.87944009175219e+01
29 2.90867251454799e+01
29 2.98861284004733e+01
29 2.92714395729273e+01
29 2.89857907478256e+01
29 2.88876458734393e+01
29 2.75977886483917e+01
29 2.86228974920453e+01
29 2.93917067963119e+01
29 2.90399108445428e+01
29 2.88873392300812e+01
29 2.82716870118383e+01
29 2.94810733432594e+01
29 2.84252744022511e+01
29 2.85093226043359e+01
29 2.85780358419316e+01
29 2.81457375150461e+01
29 2.90562517323238e+01
29 2.92215453854533e+01
29 2.81782941753517e+01
29 2.89935850743471e+01
29 2.87465855216040e+01
29 2.84983803458903e+01
29 2.81412223419162e+01
29 2.90547566791817e+01
29 2.94033353596578e+01
29 2.89621585384539e+01
29 2.94258878174348e+01
29 2.92408577396838e+01
29 2.94038214831492e+01
29 2.99800683384378e+01
29 2.88455225387395e+01
29 2.90583754600523e+01
29 2.83154990935508e+01
29 2.84752440593198e+01
29 2.88555618642212e+01
29 2.85843709011578e+01
29 2.82706059902285e+01
29 2.91519894104241e+01
29 2.93043210752180e+01
29 2.87669472502586e+01
29 2.77408564808549e+01
29 2.80446717989040e+01
29 2.94130883958379e+01
29 2.89380852740859e+01
29 2.95178096275411e+01
29 2.80818725307001e+01
29 2.79801762558583e+01
29 2.89207809534593e+01
29 2.90688397620946e+01
29 2.99789446846508e+01
29 2.87183896545646e+01
29 2.88481856937415e+01
29 2.86656272853138e+01
29 2.91488693781426e+01
29 2.82959677436517e+01
29 2.81031719114157e+01
29 2.91051251623980e+01
29 2.79717635492185e+01
29 2.87112675707932e+01
29 2.91905207193183e+01
29 2.86389131727692e+01
29 2.80311710336839e+01
29 2.94991469752195e+01
29 3.01660563438202e+01
29 2.88878972273854e+01
29 2.80227753022440e+01
29 2.78533700967687e+01
29 2.91488587169549e+01
29 2.93874148980437e+01
29 2.99479527688268e+01
29 2.93888306405430e+01
29 2.84510574470057e+01
29 2.83543682396404e+01
29 2.89470907473204e+01
29 2.79417306802730e+01
29 2.96085036067425e+01
29 2.94587103494906e+01
29 2.87830543646482e+01
29 2.90798877379518e+01
29 2.95120576045921e+01
29 2.88576690224574e+01
29 2.93892259592994e+01
29 2.88412951186036e+01
29 2.77145022666951e+01
29 2.94112518641077e+01
29 2.86922279807631e+01
29 2.86007444706493e+01
29 2.76321705843826e+01
29 2.81639390155861e+01
29 2.88851794424099e+01
29 2.84905595622924e+01
29 2.92056292467929e+01
29 2.90878980092852e+01
29 2.99875740666355e+01
29 2.92626047513982e+01
29 2.94076933686878e+01
29 2.97991248521309e+01
29 3.03568396495772e+01
29 2.95323838786329e+01
29 2.91158433306392e+01
29 2.97595764814780e+01
29 3.02050239081325e+01
29 2.98112745768127e+01
29 3.01485010999869e+01
29 2.93523951850573e+01
29 2.99598515757074e+01
29 2.93535560400421e+01
29 2.83695697335151e+01
29 2.97933758976244e+01
29 2.95372472311489e+01
29 2.92466755701928e+01
29 2.88259669430174e+01
29 2.88205438836024e+01
29 3.01984275904371e+01
29 3.09643284149252e+01
29 2.95152772279197e+01
29 3.01210886132766e+01
29 2.95854631802423e+01
29 2.89542887469424e+01
29 2.83357151980184e+01
29 2.89147260986654e+01
29 2.77128993410017e+01
29 2.76360001787300e+01
29 2.87230479657895e+01
29 2.84055159261352e+01
29 2.83516005569930e+01
29 2.94197294411737e+01
29 2.94594800739178e+01
29 2.96266401598609e+01
29 2.90527858593146e+01
29 2.96646201680115e+01
29 2.91369658524738e+01
29 2.97038499845761e+01
29 3.01901873910772e+01
29 2.88948850123743e+01
29 2.96226580360065e+01
29 2.92124532554293e+01
29 2.90003763371550e+01
29 2.93590679086848e+01
29 2.86418767377472e+01
29 2.91295629479402e+01
29 2.88841290641267e+01
29 2.99175291943724e+01
29 2.99145939728782e+01
29 2.96457099427906e+01
29 2.88615061735914e+01
29 2.89214932460902e+01
29 2.92172361048400e+01
29 2.92069131546271e+01
29 2.88549974211341e+01
29 2.77365081324706e+01
29 2.93200264959496e+01
29 2.95387434073663e+01
29 2.97076819985613e+01
29 2.96079005838409e+01
29 3.00021679978397e+01
29 2.88813175416634e+01
29 2.88811623983351e+01
29 2.93638971090211e+01
29 2.89346334740666e+01
29 2.85750472791739e+01
29 2.87002525019218e+01
29 2.87413145321701e+01
29 2.95184496285242e+01
29 2.90898954401710e+01
29 2.93051601828922e+01
29 2.91764702936055e+01
29 2.93088194957483e+01
29 2.94526208394863e+01
29 2.95938226107448e+01
29 2.97046132430504e+01
29 2.83354786096485e+01
29 2.84206684001219e+01
29 2.88167959285891e+01
29 2.92790229974277e+01
29 2.88400796461221e+01
29 2.78927089825716e+01
29 2.88187336875807e+01
29 2.88576167177926e+01
29 2.84639369007230e+01
29 2.95144565955005e+01
29 3.03226753517116e+01
29 2.93898377299099e+01
29 2.80516935740451e+01
29 2.83985994483140e+01
29 2.97975522497155e+01
29 2.95506725841957e+01
29 2.97976369740166e+01
29 2.96347693690203e+01
29 3.01046000790688e+01
29 2.89094416474004e+01
29 2.97445046728272e+01
29 2.90012093169216e+01
29 3.04087191151716e+01
29 2.85972458020377e+01
29 2.89356115454138e+01
29 2.83109041640996e+01
29 2.95295242246067e+01
29 2.93763122744714e+01
29 2.93474407490793e+01
29 2.98185423458069e+01
29 2.98054307196838e+01
29 2.97828897619958e+01
29 2.82465510615784e+01
29 2.86039901098355e+01
29 2.92645967020680e+01
29 2.93271480439307e+01
29 2.83926301671955e+01
29 2.88513452201223e+01
29 2.81580086496950e+01
29 2.92699923774248e+01
29 2.96189917807420e+01
29 2.98493234975624e+01
29 2.98129119591967e+01
29 2.84850837677369e+01
29 2.95934135366417e+01
29 2.91508544593490e+01
29 2.90202364676543e+01
29 3.02334217909905e+01
29 2.90855246823342e+01
29 2.95001792551012e+01
29 2.99120929082182e+01
29 2.97105235504276e+01
29 2.97862690748866e+01
29 2.91897140265178e+01
29 2.92082314437818e+01
29 2.96122732464485e+01
29 2.95976127066658e+01
29 2.99359081909284e+01
29 2.86944916195055e+01
29 3.01466594866123e+01
29 2.86635822644910e+01
29 2.85258957799731e+01
29 2.90309888091553e+01
29 2.88847891367902e+01
29 2.77857921685043e+01
29 2.78987697817417e+01
29 2.96103573234162e+01
29 2.89930558071882e+01
29 2.97365619010584e+01
29 2.89943703778507e+01
29 2.90557422982210e+01
29 2.80938496163282e+01
29 2.86090070456732e+01
29 2.94689003622892e+01
29 2.85962768348574e+01
29 2.89871646519450e+01
29 2.90461725736406e+01
29 2.99942589525436e+01
29 2.90055753178441e+01
29 2.84630760726674e+01
29 2.96538602578772e+01
29 2.91011259533463e+01
29 3.01135628803082e+01
29 2.86915087054465e+01
29 2.87095673362007e+01
29 2.89955707005534e+01
29 2.95795379210440e+01
29 2.78195757955083e+01
29 2.88624906545366e+01
29 2.81958496669564e+01
29 2.90232362316435e+01
29 2.90415525590278e+01
29 2.88627595908272e+01
29 2.90193698013913e+01
29 2.78149432250943e+01
29 2.92516831317137e+01
29 2.94675807219888e+01
29 2.92554270890457e+01
29 3.00659112195256e+01
29 2.82553613783682e+01
29 2.85393307866104e+01
29 2.81062383038380e+01
29 2.91231295555639e+01
29 2.91633021833998e+01
29 2.80948368823200e+01
29 3.04010050108762e+01
29 2.92793572707745e+01
29 2.92345534634614e+01
29 2.97928624162309e+01
29 2.92708887946738e+01
29 2.92232713834851e+01
29 2.87260549688467e+01
29 2.87627374112029e+01
29 2.92840318963628e+01
29 2.87941970497001e+01
29 2.86750011511466e+01
29 2.85737547802809e+01
29 2.87518559181086e+01
29 2.92741374090157e+01
29 2.93266518727601e+01
29 2.90005941104281e+01
29 2.90270987777950e+01
29 2.84906015593002e+01
29 2.95333637128741e+01
29 2.96050348494869e+01
29 2.93936468755687e+01
29 2.91220045944538e+01
29 2.94299718663298e+01
29 2.95505934877198e+01
29 2.87673465195171e+01
29 2.86169443451115e+01
29 2.87532908664838e+01
29 2.78094336098377e+01
29 2.84571721842999e+01
29 2.87325579783142e+01
29 2.89349091783556e+01
29 2.92206122764258e+01
29 2.79118654251139e+01
29 2.86577180073283e+01
29 2.94267717247685e+01
29 2.87864465736070e+01
29 2.83821846213743e+01
29 2.89246409721338e+01
29 2.89949845493323e+01
29 2.97870048238255e+01
29 2.95336085818423e+01
29 2.95942582039823e+01
29 2.82294501625989e+01
29 2.93033443253139e+01
29 2.94846612642967e+01
29 2.90510063525511e+01
29 2.86652447823020e+01
29 2.94479479512867e+01
29 2.96584881964486e+01
29 2.94108845900988e+01
29 2.97992145507305e+01
29 2.97343015036109e+01
29 2.98947410680195e+01
29 2.98745339642670e+01
29 2.84006697746356e+01
29 3.02993026390436e+01
29 3.02912302210466e+01
29 2.91216196197817e+01
29 2.90145180268713e+01
29 2.96599394246677e+01
29 2.95800329110015e+01
29 2.87428285915483e+01
29 2.87776063211426e+01
29 2.82900678036148e+01
29 2.89892120579563e+01
29 2.88827375874723e+01
29 2.94229631125543e+01
29 3.03412332651721e+01
29 2.98335612461736e+01
29 2.87699990177895e+01
29 2.96828590687355e+01
29 2.92167009780363e+01
29 2.82464651425854e+01
29 2.86138661336575e+01
29 2.88977755401104e+01
29 2.88811794785635e+01
29 2.87358431119966e+01
29 2.81370734652603e+01
29 2.82421152866458e+01
29 2.88058873023780e+01
29 2.89717055972763e+01
29 2.88838430308537e+01
29 2.83264514102327e+01
29 2.84059724307702e+01
29 2.90591414632803e+01
29 2.93447575295759e+01
29 2.96031803496276e+01
29 2.84980353994884e+01
29 2.73605981530210e+01
29 2.79214304835527e+01
29 2.95814649753055e+01
29 2.85023924786789e+01
29 2.78103245070389e+01
29 2.77302131347784e+01
29 2.83326874748633e+01
29 2.81440856684861e+01
29 2.85940476777809e+01
29 2.91964796735012e+01
29 2.95213242396758e+01
29 2.98790331814333e+01
29 2.90094367964026e+01
29 2.76877496036854e+01
29 2.79741099053651e+01
29 3.01877239434871e+01
29 2.92367414950628e+01
29 2.83660785587096e+01
29 2.97501539539043e+01
29 2.89365514366952e+01
29 2.83424267766300e+01
29 2.96346618842794e+01
29 2.97584955154181e+01
29 2.93475780287559e+01
29 2.94608601292341e+01
29 2.96721525106937e+01
29 3.00729516532727e+01
29 2.92002176107823e+01
29 2.90381215267503e+01
29 2.88637771980142e+01
29 2.78151282184787e+01
29 2.77529612046782e+01
29 2.93040534550560e+01
29 2.94663377411034e+01
29 2.88838432573118e+01
29 2.94429294379804e+01
29 2.96976017714126e+01
29 2.90904113679180e+01
29 2.93431405343928e+01
29 2.90315825334528e+01
29 3.00402500259656e+01
29 2.89599241273666e+01
29 2.93471884630673e+01
29 2.90570588864911e+01
29 2.97168734422440e+01
29 2.86933173440251e+01
29 2.92962419092080e+01
29 2.95699336751551e+01
29 2.87472759110867e+01
29 2.93989500052038e+01
29 2.92727521476938e+01
29 2.87581318603648e+01
29 2.98486983330195e+01
29 2.96170733417931e+01
29 2.93718480627992e+01
29 2.87051035840573e+01
29 2.85116481767705e+01
29 2.80315183906341e+01
29 2.87068805799383e+01
29 2.83368181868246e+01
29 2.93430465319999e+01
29 2.90764716947291e+01
29 2.89918799577696e+01
29 2.87080889450828e+01
29 2.94108487845077e+01
29 2.85853400046910e+01
29 2.91457731451941e+01
29 2.82739208345134e+01
29 3.06576105211495e+01
29 2.94280291330677e+01
29 3.01471304484685e+01
29 2.92742905395887e+01
29 2.82642312847542e+01
29 2.88550791521427e+01
29 2.92719955190069e+01
29 2.81930240369669e+01
29 2.79677426662058e+01
29 2.82574508788121e+01
29 2.80859188766898e+01
29 2.83196077121594e+01
29 2.79847602358671e+01
29 2.76607239868949e+01
29 2.89762583680888e+01
29 2.94826617806039e+01
29 2.75812011174266e+01
29 2.88757156184131e+01
29 2.91648608619555e+01
29 2.92634192247456e+01
29 2.76866962264871e+01
29 2.89823902200508e+01
29 2.93020785541479e+01
29 2.81456377009777e+01
29 2.79192341343761e+01
29 2.92499520616222e+01
29 2.94979443029875e+01
29 2.92796147235954e+01
29 2.90034375268306e+01
29 2.97149510320695e+01
29 2.97000376604128e+01
29 2.94937685375481e+01
29 3.00897784835152e+01
29 2.94955634045393e+01
29 2.98027177745537e+01
29 2.86130162990514e+01
29 2.88279248444769e+01
29 2.85854109067063e+01
29 2.86101480161676e+01
29 2.85953007536187e+01
29 2.83982529886477e+01
29 2.88576780418682e+01
29 2.98147782109520e+01
29 2.88960240573479e+01
29 2.85132974494118e+01
29 2.87716127152056e+01
29 2.91769665615710e+01
29 3.03929007415970e+01
29 2.96298473189857e+01
29 2.95930305891185e+01
29 2.97037914321837e+01
29 2.99203046266953e+01
29 2.92869792521623e+01
29 2.88427848884113e+01
29 2.85983376640566e+01
29 2.84657626753993e+01
29 2.95911042503544e+01
29 2.89629324368689e+01
29 2.91519403263504e+01
29 2.92345636862575e+01
29 2.85786681959103e+01
29 2.88377681657598e+01
29 2.92201988366595e+01
29 2.97736556140530e+01
29 2.94744057075147e+01
29 2.83784150355504e+01
29 2.86626768314961e+01
29 2.94461079399078e+01
29 2.95247643029587e+01
29 2.85893849730553e+01
29 2.85524176494590e+01
29 2.90458520326986e+01
29 2.87853728474574e+01
29 2.86728552033897e+01
29 2.89647917957695e+01
29 2.99216871387857e+01
29 2.86519337187880e+01
29 2.88474716091211e+01
29 2.90482308883929e+01
29 2.92343378371217e+01
29 3.01055791535649e+01
29 2.94947113315678e+01
29 2.89415749200905e+01
29 2.97053593009598e+01
29 2.91090550923506e+01
29 2.92273426052095e+01
29 2.95441120197645e+01
29 2.92016792703427e+01
29 2.91605152109042e+01
29 2.94603314344841e+01
29 3.02849971991588e+01
29 2.90924591713744e+01
29 2.98337632142461e+01
29 2.90592942371488e+01
29 3.02579635458026e+01
29 3.03742198916267e+01
29 2.99001390303893e+01
29 2.91950761625615e+01
29 2.85594064208768e+01
29 2.87114464500373e+01
29 2.98151361814050e+01
29 2.97461976863015e+01
29 2.94143242788735e+01
29 2.90576110439807e+01
29 2.88840636557200e+01
29 2.85601962207120e+01
29 2.93035808479597e+01
29 2.75356826380252e+01
29 2.91237776228086e+01
29 2.90709600766177e+01
29 2.83852886791629e+01
29 2.86486259830032e+01
29 2.99117588291181e+01
29 2.94645739928102e+01
29 2.95434451076242e+01
29 2.94742046586236e+01
29 2.99176317540680e+01
29 2.96477858382981e+01
29 3.00271293366834e+01
29 2.85105763230505e+01
29 2.88675166191605e+01
29 2.83132729101790e+01
29 2.94869276349238e+01
29 2.92072982218206e+01
29 2.85685678954428e+01
29 2.92298396647144e+01
29 2.82091918587310e+01
29 2.86457848461345e+01
29 2.98197920607743e+01
29 2.92266889287754e+01
29 2.92860772084811e+01
29 2.94037875844605e+01
29 3.05917452241547e+01
29 2.84143406483095e+01
29 2.96433082511506e+01
29 2.86668850074101e+01
29 2.98342549778359e+01
29 2.95199762072487e+01
29 2.94653582818309e+01
29 2.94652455192253e+01
29 2.99150520870549e+01
29 2.86846419876890e+01
29 2.90932520352707e+01
29 2.85399881683803e+01
29 2.96217513312210e+01
29 2.91469580889723e+01
29 2.90170735887014e+01
29 2.85997707553582e+01
29 2.84862743637580e+01
29 2.92126639811489e+01
29 2.88279251551264e+01
29 2.97149196971875e+01
29 2.95999791565444e+01
29 2.89645050275293e+01
29 2.84468706261487e+01
29 2.97823835750691e+01
29 2.91042867373599e+01
29 2.87363392730561e+01
29 2.85127280348483e+01
29 2.84305667445196e+01
29 2.94285368425855e+01
29 2.95491120612674e+01
29 2.83047031546060e+01
29 2.88883707993019e+01
29 2.88801409617019e+01
29 2.86867566015176e+01
29 2.80307925066106e+01
29 2.92501174141375e+01
29 2.89619413202557e+01
29 2.91185597453407e+01
29 2.91982034674893e+01
29 3.10534971435889e+01
29 3.03908543049045e+01
29 2.94015330295168e+01
29 2.87938454746430e+01
29 2.85343370048584e+01
29 2.93866303362667e+01
29 2.85885263271740e+01
29 2.92939289277615e+01
29 2.88746172558400e+01
29 2.86575750299210e+01
29 2.95389919772458e+01
29 2.84898449069137e+01
29 2.89294548756106e+01
29 3.01420074600715e+01
29 2.95973826359226e+01
29 2.86913329763177e+01
29 2.97274108479586e+01
29 2.92603700494340e+01
29 2.87769408635560e+01
29 2.80327074443368e+01
29 2.89418325935080e+01
29 2.86348879303414e+01
29 2.88248084699773e+01
29 2.99618680926289e+01
29 2.98289430769789e+01
29 2.92711933790331e+01
29 2.77816132814260e+01
29 2.86615784852228e+01
29 2.89398183792568e+01
29 2.91258751062798e+01
29 3.01325061461092e+01
29 2.86901842442146e+01
29 2.87949935241325e+01
29 2.88120255802714e+01
29 2.81788137163595e+01
29 2.88775512678708e+01
29 2.91522051662684e+01
29 2.98376479126226e+01
29 2.99312426440534e+01
29 2.98631897378306e+01
29 2.96899458610972e+01
29 2.85708748199191e+01
29 2.90391660304333e+01
29 2.78285260038109e+01
29 2.84567281671140e+01
29 2.91393804847630e+01
29 2.96233603607590e+01
29 2.87877272898241e+01
29 2.88828379802155e+01
29 2.83754845928033e+01
29 2.85545329789001e+01
29 2.95039516968252e+01
29 2.91123507712738e+01
29 3.00952215989376e+01
29 2.91306095575740e+01
29 2.93318824415953e+01
29 2.87116379022418e+01
29 2.95869921980480e+01
29 2.94004366402691e+01
29 2.96973958004100e+01
29 2.91282342615971e+01
29 2.88209803830480e+01
29 2.92917108929779e+01
29 2.92461294501141e+01
29 2.89802451953109e+01
29 2.96230477348704e+01
29 2.82980517836027e+01
29 2.94369386931736e+01
29 2.93186463831194e+01
29 2.91943839981848e+01
29 2.87712746091833e+01
29 2.90912907651687e+01
29 2.91501361819225e+01
29 2.86091214671215e+01
29 2.87981943582519e+01
29 2.93346505020997e+01
29 2.86737320575868e+01
29 2.81843785429389e+01
29 3.00573751779888e+01
29 2.92112119055900e+01
29 2.91554595851316e+01
29 2.85101995145849e+01
29 3.01575607736534e+01
29 2.99164133964093e+01
29 2.81293404903598e+01
29 2.89962477630498e+01
29 2.92518581362772e+01
29 2.88775570291407e+01
29 2.99899556254497e+01
29 3.04290010433114e+01
29 2.91737852879205e+01
29 2.97267699857598e+01
29 2.91557420426902e+01
29 2.90304097339885e+01
29 2.97918895089755e+01
29 2.93373955794088e+01
29 2.96198632104205e+01
29 2.87707532415843e+01
29 2.91546308450513e+01
29 2.94568821499543e+01
29 2.96404652527753e+01
29 2.89082984229170e+01
29 2.91773984208101e+01
29 2.83348312221631e+01
29 2.96276938533523e+01
29 3.02406341201812e+01
29 3.02701246885965e+01
29 2.99022813917038e+01
29 2.92900906577165e+01
29 3.02121018446796e+01
29 3.00633099847041e+01
29 2.91171309461350e+01
29 2.89437528276729e+01
29 2.77937074864227e+01
29 2.84369320200301e+01
29 2.73752831239730e+01
29 2.86242943616379e+01
29 2.97203738028875e+01
29 2.89945223311015e+01
29 2.83088353670204e+01
29 2.86278113159614e+01
29 2.86944248612017e+01
29 2.92388795732294e+01
29 2.86961122492415e+01
29 2.91073349462936e+01
29 2.82192498680792e+01
29 2.99790523159632e+01
29 2.97941075096991e+01
29 2.95418931846284e+01
29 2.84916396151756e+01
29 2.94014521363236e+01
29 2.99218951426293e+01
29 2.99089068606986e+01
29 2.84369360903093e+01
29 2.89926747342686e+01
29 2.83902582091817e+01
29 2.80089964135536e+01
29 2.80854164991172e+01
29 2.81967932782952e+01
29 2.87593778283704e+01
29 2.87900946243112e+01
29 3.03800118017534e+01
29 2.95208871908172e+01
29 2.98896040572797e+01
29 3.01179539964855e+01
29 2.85416942087614e+01
29 2.87593404979696e+01
29 2.89858478263202e+01
29 2.94139110216660e+01
29 2.91325287782803e+01
29 2.88916423043770e+01
29 2.85134665749751e+01
29 2.96209843263615e+01
29 2.83860196838075e+01
29 2.90845635618634e+01
29 2.89844485517443e+01
29 2.88915544496608e+01
29 2.82523428173666e+01
29 2.90747105890679e+01
29 2.84973497133970e+01
29 2.75755204166859e+01
29 2.96612665615352e+01
29 2.88305475980899e+01
29 2.88745016691429e+01
29 2.82905363666333e+01
29 2.88002140623614e+01
29 2.93544483408150e+01
29 2.97037944305704e+01
29 2.87384468527100e+01
29 2.90110050151015e+01
29 2.91427518313882e+01
29 2.91954104844135e+01
29 2.95795847256986e+01
29 3.03594940352647e+01
29 2.88211318975581e+01
29 2.80450998637966e+01
29 2.93476709670881e+01
29 3.00719610334048e+01
29 2.86578908891769e+01
29 2.88940175240481e+01
29 2.83700089046317e+01
29 2.83175934826475e+01
29 2.87522992187376e+01
29 2.87598972023293e+01
29 2.85754835536771e+01
29 2.85195364024383e+01
29 2.92379935530966e+01
29 2.97354723312625e+01
29 2.87885612411293e+01
29 2.87214682122211e+01
29 2.96955546827943e+01
29 2.92083071952248e+01
29 2.93067666587788e+01
29 2.86744544911004e+01
29 2.90852579331012e+01
29 2.84913026299885e+01
29 2.82814895571984e+01
29 2.85270334670433e+01
29 2.92045746162864e+01
29 2.85903971992929e+01
29 2.89993028143095e+01
29 2.86109396202810e+01
29 2.87910819005237e+01
29 2.87774448554143e+01
29 2.87137836953594e+01
29 2.97599643620352e+01
29 2.92728405077914e+01
29 2.87030636571324e+01
29 2.98604453584231e+01
29 2.87820530634455e+01
29 2.82600991887310e+01
29 2.86699050775462e+01
29 2.98860119718723e+01
29 2.95921021755683e+01
29 3.01550225537892e+01
29 3.05321491251881e+01
29 3.00599029989200e+01
29 2.97591641191657e+01
29 2.93209938294995e+01
29 2.88957530866590e+01
29 2.82278385245449e+01
29 2.94234442811949e+01
29 2.85428315882845e+01
29 2.85374709099150e+01
29 2.91392019058269e+01
29 2.90151851552629e+01
29 2.87276549021551e+01
29 2.84648158127114e+01
29 2.86606428040572e+01
29 2.97971578365308e+01
29 2.97919988074808e+01
29 3.04478361675659e+01
29 2.87343123090873e+01
29 2.90301362269402e+01
29 2.97576636468690e+01
29 2.87928510202319e+01
29 2.87113934670757e+01
29 2.89305765983236e+01
29 2.83473691808997e+01
29 2.87810420245150e+01
29 2.98042562566787e+01
29 3.00466604043201e+01
29 2.89071280969223e+01
29 2.90964543134557e+01
29 2.93165156346606e+01
29 2.95012063819893e+01
29 2.93464819956406e+01
29 2.88857734903404e+01
29 2.83246716263901e+01
29 2.89290254094799e+01
29 2.85840505621076e+01
29 2.95244209902806e+01
29 2.90694815095657e+01
29 3.02252480836775e+01
29 3.00703870526087e+01
29 2.93236652337724e+01
29 2.94898344203094e+01
29 2.88020270808129e+01
29 2.89404082826007e+01
29 2.85876259478358e+01
29 2.91166414679087e+01
29 2.91388522843268e+01
29 2.86379848840686e+01
29 2.95034300467366e+01
29 2.91705141225801e+01
29 3.01698210478571e+01
29 2.88728767523813e+01
29 2.87456002248082e+01
29 2.83418520236153e+01
29 2.92339626600150e+01
29 2.96888404548859e+01
29 2.81082833543877e+01
29 2.88245292812432e+01
29 2.91319349065071e+01
29 2.86654190972372e+01
29 2.77625723239736e+01
29 2.90180004993160e+01
29 2.85988110372965e+01
29 2.93498741688068e+01
29 2.99003379788107e+01
29 2.88742089167177e+01
29 3.00373143053829e+01
29 2.90782139749533e+01
29 2.85120326904973e+01
29 2.85315000856704e+01
29 2.95080729093113e+01
29 2.91899513202287e+01
29 2.87510444560312e+01
29 2.88464193985901e+01
29 2.92714815242779e+01
29 2.88005827066036e+01
29 2.90441639916746e+01
29 2.94494101194750e+01
29 2.96505786968578e+01
29 2.96392033807057e+01
29 2.93593258931657e+01
29 2.90924219212760e+01
29 2.85312927582708e+01
29 2.79902681118714e+01
29 2.92663264829768e+01
29 2.84842828512261e+01
29 2.95597978155466e+01
29 2.92892840291720e+01
29 2.95770179431806e+01
29 2.87359932830188e+01
29 2.82385399466105e+01
29 2.79888600194536e+01
29 2.83676981772567e+01
29 2.94484407640835e+01
29 2.84680524118780e+01
29 2.91264823037357e+01
29 2.96175988508089e+01
29 2.96079941358842e+01
29 2.91833866024416e+01
29 3.01996089789666e+01
29 2.97253183919058e+01
29 2.95190232412732e+01
29 2.89889699366197e+01
29 2.85706761405019e+01
29 3.00766938102419e+01
29 2.91701033108759e+01
29 2.84538151030433e+01
29 2.99701063430318e+01
29 2.79116109804126e+01
29 2.80212866153212e+01
29 2.87692169122698e+01
29 3.01058003883291e+01
29 2.87313859000069e+01
29 2.90522063984505e+01
29 2.90821693443635e+01
29 2.86007219457154e+01
29 2.85359596998535e+01
29 2.90606307719812e+01
29 2.81132767298580e+01
29 2.81185991302744e+01
29 2.77807564354559e+01
29 2.79739426270760e+01
29 2.86338301416254e+01
29 2.87845413087646e+01
29 2.94589291974311e+01
29 2.93890059926945e+01
29 2.98929526464025e+01
29 2.95143868115229e+01
29 2.81691372534948e+01
29 2.84595267929058e+01
29 2.70046232474963e+01
29 2.95143473007455e+01
29 2.89135594638517e+01
29 2.81782775979677e+01
29 2.88878850073111e+01
29 2.87898313291554e+01
29 2.93158910005031e+01
29 2.90576361712164e+01
29 3.01552445529624e+01
29 2.89727691534720e+01
29 2.93557609837882e+01
29 2.86272305033822e+01
29 2.92081367099685e+01
29 2.87411461183332e+01
29 2.95681367493556e+01
29 2.99671144131042e+01
29 2.91288328536295e+01
29 2.86686989291932e+01
29 2.86825232115821e+01
29 2.90541261651822e+01
29 2.91869892070682e+01
29 2.91971531024737e+01
29 3.01781040101874e+01
29 2.94331296992103e+01
29 2.87461554618324e+01
29 3.04874426371914e+01
29 2.98216714463210e+01
29 2.97150562572806e+01
29 2.87042009087401e+01
29 3.00227593391329e+01
29 2.93299236460796e+01
29 2.89849636537444e+01
29 2.89212748061782e+01
29 2.87564100275538e+01
29 2.96787015619769e+01
29 2.91431283283209e+01
29 2.86927670852807e+01
29 2.90810770715539e+01
29 2.88248261687134e+01
29 2.89523349679490e+01
29 2.88174432487438e+01
29 2.99833203420555e+01
29 2.93385827474009e+01
29 2.80720385760726e+01
29 2.82177858839422e+01
29 2.83372302378490e+01
29 2.78630754273672e+01
29 2.89696879761230e+01
29 2.82174949149748e+01
29 2.72323504353515e+01
29 2.74837405278145e+01
29 2.83747299050344e+01
29 2.90793045215016e+01
29 2.87388928075393e+01
29 2.77241718804998e+01
29 2.84686209817106e+01
29 2.90551013099092e+01
29 2.88238316728986e+01
29 2.90096891860299e+01
29 2.86802667895119e+01
29 2.92964047811254e+01
29 2.86592254427740e+01
29 2.92192145473245e+01
29 2.94313451823742e+01
29 2.98415656500358e+01
29 2.93366868518207e+01
29 2.89299093045153e+01
29 2.96310345665771e+01
29 2.93145173274911e+01
29 2.92758989135926e+01
29 2.96414411800032e+01
29 2.93470886292669e+01
29 2.89210482433913e+01
29 2.87969863683282e+01
29 2.83980547328635e+01
29 2.93135420204230e+01
29 2.90836899354739e+01
29 2.86581280531091e+01
29 2.75908589494661e+01
29 2.84674862458257e+01
29 2.84922778251149e+01
29 2.91708318075285e+01
29 2.80082657668869e+01
29 2.83343027096949e+01
29 2.78580688223552e+01
29 2.77502978786442e+01
29 2.82138863226394e+01
29 2.85340980665756e+01
29 2.75327148886000e+01
29 2.76852563944226e+01
29 2.85203964927109e+01
29 2.96513767322180e+01
29 2.91285256566061e+01
29 2.88842198637104e+01
29 2.94285393447768e+01
29 2.87112501248266e+01
29 2.85160250482353e+01
29 2.84944400897819e+01
29 2.78925865781291e+01
29 2.91218481781192e+01
29 2.84578604991504e+01
29 2.89106989127653e+01
29 2.87172652249186e+01
29 2.91104577101101e+01
29 2.82804282256378e+01
29 2.86301848065260e+01
29 2.85543960183625e+01
29 2.86444503798099e+01
29 2.83438239899073e+01
29 2.85973779402022e+01
29 2.87710809802774e+01
29 2.87135839480289e+01
29 2.96934487821558e+01
29 2.83708855045741e+01
29 2.91740258655632e+01
29 2.73643925196182e+01
29 2.86382577794734e+01
29 2.77765130071661e+01
29 2.83215011651982e+01
29 2.94000256783954e+01
29 2.98136437582144e+01
29 2.83068141618039e+01
29 2.80838773340680e+01
29 2.81231168965278e+01
29 2.90450994221955e+01
29 3.05345010834537e+01
29 2.91444344383930e+01
29 2.91519615096740e+01
29 2.72870531573717e+01
29 2.91185717510851e+01
29 3.02950455328495e+01
29 2.85970063159860e+01
29 2.85045435161281e+01
29 2.94679676932139e+01
29 2.91624963355852e+01
29 2.94778108626815e+01
29 2.87578502146493e+01
29 2.83555144836372e+01
29 2.93319415313544e+01
29 2.92565212800764e+01
29 3.01413099360165e+01
29 2.98157602579101e+01
29 2.91300973285696e+01
29 2.93441648030900e+01
29 2.92806133744497e+01
29 2.85065143072787e+01
29 2.79939596165330e+01
29 2.88138615750913e+01
29 2.88592464285078e+01
29 2.80895403199851e+01
29 2.89078967389136e+01
29 2.96941344287672e+01
29 2.89714408560055e+01
29 2.82772858091849e+01
29 2.82110786007554e+01
29 2.88210409417427e+01
29 2.92620445985687e+01
29 2.86087013406923e+01
29 2.80236599248562e+01
29 2.91486698021901e+01
29 3.03262103895268e+01
29 2.91997346576889e+01
29 2.92012728374601e+01
29 3.00801315639960e+01
29 2.98192724887126e+01
29 2.91205831521768e+01
29 2.99229933781846e+01
29 2.96360589883283e+01
29 2.82873985924414e+01
29 2.91480758393576e+01
29 2.93221671648366e+01
29 2.92493686853258e+01
29 2.97083701510067e+01
29 2.92028918860970e+01
29 2.92755368598332e+01
29 2.83769345038332e+01
29 2.90503870660493e+01
29 2.91660924050994e+01
29 2.85421805173537e+01
29 2.91440332988038e+01
29 2.94059841416964e+01
29 2.84431919415940e+01
29 2.92806989655215e+01
29 2.89911751509360e+01
29 2.90867327199780e+01
29 2.87054242696134e+01
29 2.93965005314011e+01
29 2.92156646916601e+01
29 2.80090227575390e+01
29 2.83355559612611e+01
29 2.85265856400928e+01
29 2.91159925550855e+01
29 2.91326433855186e+01
29 2.87265909907125e+01
29 2.94235385660699e+01
29 2.82527962609397e+01
29 2.98915806082393e+01
29 2.92682909029362e+01
29 2.82434700047350e+01
29 2.95882496171797e+01
29 2.93216091746960e+01
29 2.89440378829425e+01
29 2.88482545471862e+01
29 2.82515101644920e+01
29 2.84101162508150e+01
29 2.72175069334837e+01
29 2.77735159513739e+01
29 2.83887128753105e+01
29 2.88649635108215e+01
29 2.77466334301469e+01
29 2.87992631183110e+01
29 2.87781575272823e+01
29 3.00386639715894e+01
29 2.95286389672480e+01
29 2.91688777403946e+01
29 2.86494592704409e+01
29 2.97212236450401e+01
29 2.95864414176094e+01
29 2.93893800135676e+01
29 2.85541461141259e+01
29 2.85064870540994e+01
29 3.04157491249383e+01
29 2.94619257479117e+01
29 2.89671541571513e+01
29 2.98258694326640e+01
29 2.84978358510328e+01
29 2.91712736020943e+01
29 3.00423406194029e+01
29 2.92037239028232e+01
29 2.81693314943361e+01
29 2.87245105393085e+01
29 2.93428183028494e+01
29 2.87899764837493e+01
29 3.08922259925509e+01
29 2.85411262964352e+01
29 2.91450980884176e+01
29 2.89212418313184e+01
29 2.92566986500805e+01
29 2.95594751711731e+01
29 2.90187190529301e+01
29 2.90285551456114e+01
29 2.88476190759113e+01
29 2.93704419283893e+01
29 2.99246529990533e+01
29 2.81287370815385e+01
29 2.90041815739782e+01
29 2.86547944798812e+01
29 2.81589742235293e+01
29 2.88012497933164e+01
29 2.89671412265836e+01
29 2.96672506167957e+01
29 2.89165941205045e+01
29 2.81479456719323e+01
29 2.87372338120307e+01
29 2.83560948004500e+01
29 2.83678574917211e+01
29 2.91291155511177e+01
29 2.88333478421258e+01
29 2.86989907522187e+01
29 2.92717989130197e+01
29 3.03099698904113e+01
29 2.95472343918433e+01
29 2.89390645448897e+01
29 2.87380294906221e+01
29 2.93547249675343e+01
29 2.91537475103382e+01
29 2.83889345554226e+01
29 2.91876213706879e+01
29 2.81854375497617e+01
29 2.85886481148944e+01
29 2.89687590315505e+01
29 2.96704951625412e+01
29 2.99503554813364e+01
29 2.93483712256256e+01
29 2.84009270099212e+01
29 2.88889123286304e+01
29 2.91788979142085e+01
29 2.92385407278264e+01
29 2.90843966447644e+01
29 2.83892938440447e+01
29 2.78971144614906e+01
29 2.83054870805403e+01
29 2.85480593298671e+01
29 2.92119575081190e+01
29 2.88072677193373e+01
29 2.94090045369418e+01
29 3.01398650510754e+01
29 2.90979653081616e+01
29 2.92755045592230e+01
29 2.86580685144857e+01
29 2.87215452227544e+01
29 2.88781686494158e+01
29 2.81409106403822e+01
29 2.83337558370083e+01
29 2.95005113615564e+01
29 2.98609583303548e+01
29 2.91449511495185e+01
29 2.93950996100937e+01
29 2.91052292356895e+01
29 2.98896246630686e+01
29 2.92244099097454e+01
29 2.83054678424646e+01
29 3.06601229308150e+01
29 2.86014337560957e+01
29 2.87310931405918e+01
29 2.91405241727312e+01
29 2.98059749953437e+01
29 3.04365462555345e+01
29 2.95499700316957e+01
29 2.94870591137469e+01
29 2.89652229108721e+01
29 2.91017727644804e+01
29 2.97048516597241e+01
29 2.83927155494176e+01
29 2.92476301491865e+01
29 2.94007562858907e+01
29 2.93671834458817e+01
29 2.81179182112596e+01
29 2.85207360273290e+01
29 2.84371884524606e+01
29 2.89806976968805e+01
29 2.94901760265909e+01
29 2.81426918415400e+01
29 2.85817957068954e+01
29 2.96919193775640e+01
29 2.84669110585419e+01
29 2.96887275291453e+01
29 2.95483672310794e+01
29 2.83227015962948e+01
29 2.91757906711930e+01
29 2.99699603882733e+01
29 2.99654935537879e+01
29 2.94963807736147e+01
29 2.93804851596860e+01
29 2.92804211882372e+01
29 2.99242325805840e+01
29 2.83534325097563e+01
29 2.87802362101572e+01
29 2.85131864873062e+01
29 2.83600588695984e+01
29 2.88244852442344e+01
29 2.91232771400015e+01
29 2.90736075234004e+01
29 2.88022585479657e+01
29 2.89127877846686e+01
29 2.87102235249078e+01
29 2.95701497239907e+01
29 2.97492048272488e+01
29 2.78138533897260e+01
29 2.91091813356178e+01
29 2.85969182480257e+01
29 2.99061986388084e+01
29 2.87444728132174e+01
29 2.91884165552647e+01
29 2.96815845217092e+01
29 2.89532160269631e+01
29 2.89386721115792e+01
29 2.94107049743124e+01
29 2.91675755913814e+01
29 2.90127514232732e+01
29 2.85547930671597e+01
29 2.89146737023039e+01
29 2.94257540424824e+01
29 2.95265736772904e+01
29 2.87775187769293e+01
29 2.87764519155010e+01
29 2.89638171270275e+01
29 2.80337424523736e+01
29 2.99157191866309e+01
29 2.85746596799831e+01
29 2.96665584964601e+01
29 2.92262577731677e+01
29 2.89857634853674e+01
29 2.91319361251477e+01
29 2.98669241928329e+01
29 2.86380656421559e+01
29 2.95388776247295e+01
29 3.04447568833206e+01
29 2.90341677661714e+01
29 2.86165373565297e+01
29 2.77475180305148e+01
29 2.88950839057483e+01
29 2.85921993478531e+01
29 2.83451022548710e+01
29 2.84329451104302e+01
29 2.88524730927015e+01
29 2.90620481400232e+01
29 2.93743338990557e+01
29 2.85770744447348e+01
29 2.93985138752331e+01
29 2.91601727652831e+01
29 3.00430050126667e+01
29 2.95734089971360e+01
29 2.96592049535657e+01
29 3.04676069897893e+01
29 2.88907544858275e+01
29 2.95848479959322e+01
29 2.93743479749770e+01
29 2.83115759020055e+01
29 2.95461863809612e+01
29 2.91531397547893e+01
29 2.89171890100780e+01
29 2.86907891489558e+01
29 2.91924368862596e+01
29 2.92371924516603e+01
29 2.90351546748543e+01
29 2.87915918555334e+01
29 2.91959117118893e+01
29 2.90197911384841e+01
29 2.85901549715676e+01
29 2.93159967913832e+01
29 2.80272008123150e+01
29 2.84791057998454e+01
29 2.79924632594258e+01
29 2.89407136596388e+01
29 2.99983948454303e+01
29 2.98207776108646e+01
29 2.99821244205584e+01
29 2.98685712198866e+01
29 3.05931218475139e+01
29 2.84942315386729e+01
29 2.76670005473175e+01
29 2.96026447885922e+01
29 2.84443034507748e+01
29 2.86823245053179e+01
29 2.87615218155059e+01
29 2.95676032812668e+01
29 2.89511108882722e+01
29 2.94636398617831e+01
29 2.92092632223651e+01
29 2.97951508114367e+01
29 2.98462319542108e+01
29 2.98073237186979e+01
29 2.98450065952728e+01
29 2.92106104255096e+01
29 2.90939387644907e+01
29 2.89903551009126e+01
29 2.84258358576045e+01
29 2.85932830324160e+01
29 3.00047420813100e+01
29 2.94485911395385e+01
29 2.89181304593199e+01
29 2.93587218782828e+01
29 2.88321404823487e+01
29 2.93727040750696e+01
29 2.94712371590429e+01
29 2.76281850139339e+01
29 2.92044307447146e+01
29 2.95496289694867e+01
29 3.01022105442789e+01
29 2.95431986133425e+01
29 2.88799261641154e+01
29 2.97441504440726e+01
29 3.01407386037383e+01
29 3.02165878027307e+01
29 2.95027055135457e+01
29 2.94335097099958e+01
29 2.92259261745373e+01
29 2.91183286966070e+01
29 2.87820980843199e+01
29 2.84181896920434e+01
29 2.82583370633070e+01
29 2.83336707652144e+01
29 2.82528093373660e+01
29 3.02250382351370e+01
29 2.89517383898161e+01
29 2.89647814683996e+01
29 2.77495937133443e+01
29 2.76580919277932e+01
29 2.89079738682248e+01
29 2.89519151057096e+01
29 2.86545968450243e+01
29 2.90388488650666e+01
29 2.80898103228179e+01
29 2.80604734859164e+01
29 2.84722864738198e+01
29 2.75257202591954e+01
29 2.80528919131457e+01
29 2.87171926162952e+01
29 2.88570932946724e+01
29 2.91119385592840e+01
29 2.92538055204750e+01
29 2.90310842398819e+01
29 2.84037261611674e+01
29 2.82327599369150e+01
29 2.85252402512753e+01
29 2.87471920851400e+01
29 2.80808471648552e+01
29 2.87749938499758e+01
29 2.93744118827739e+01
29 2.90919685997200e+01
29 3.01831555330842e+01
29 2.97900807035525e+01
29 2.88610571454834e+01
29 2.93729465516184e+01
29 2.84312610718970e+01
29 2.90500471972222e+01
29 2.85644178096402e+01
29 2.81493437620919e+01
29 2.90271615481214e+01
29 2.94153293341482e+01
29 2.88860786157971e+01
29 2.80064685396865e+01
29 2.77608734393253e+01
29 2.83657944324598e+01
29 2.89764663989571e+01
29 2.85712990413204e+01
29 2.94149320052772e+01
29 2.98867521591430e+01
29 2.98913542679195e+01
29 3.00797496485622e+01
29 2.86936823828140e+01
29 2.92273889412892e+01
29 2.94202709109089e+01
29 2.96304478752519e+01
29 2.98171834098770e+01
29 2.93800418062591e+01
29 2.90416901644543e+01
29 2.89690922176111e+01
29 2.91413688017030e+01
29 3.01708861309325e+01
29 2.91718298493557e+01
29 2.96489442798808e+01
29 2.93639460048425e+01
29 2.87598007141617e+01
29 2.94196343974288e+01
29 2.85622120918730e+01
29 2.90390014143317e+01
29 2.86157631045978e+01
29 2.82656091898973e+01
29 2.83032676738216e+01
29 2.86350739648806e+01
29 2.82122671492364e+01
29 2.89779932617403e+01
29 2.77635925653709e+01
29 2.74023041443095e+01
29 2.80469983373534e+01
29 2.94658221350090e+01
29 2.89660496331642e+01
29 2.89816278365747e+01
29 2.96751003687876e+01
29 2.93750660145782e+01
29 2.94331819682584e+01
29 3.00381139149939e+01
29 2.90774131856418e+01
29 2.88567734709692e+01
29 2.90943037808402e+01
29 2.99784955611042e+01
29 2.95373485596698e+01
29 2.92628715082046e+01
29 2.90957035926361e+01
29 3.04257967616237e+01
29 2.98790598020589e+01
29 2.92276629338856e+01
29 2.86555811879255e+01
29 2.84843043819905e+01
29 2.84891839041049e+01
29 2.90380286689749e+01
29 2.87414300416710e+01
29 2.96864901122645e+01
29 2.94146915019576e+01
29 2.92548389152719e+01
29 2.88166278330526e+01
29 2.93610100072870e+01
29 2.96190314959802e+01
29 2.88321508612318e+01
29 2.90558022440867e+01
29 2.76528773258564e+01
29 2.79729323641139e+01
29 2.81887323803787e+01
29 2.87100669060016e+01
29 2.89996786168084e+01
29 2.73495567162770e+01
29 2.77992217475205e+01
29 2.75676887304064e+01
29 2.83704889180750e+01
29 2.94954290658078e+01
29 2.87093410053521e+01
29 2.77153816242137e+01
29 2.79351821018701e+01
29 2.83719082543023e+01
29 2.80082916842740e+01
29 2.77462384564225e+01
29 2.91897800416075e+01
29 2.81987618703016e+01
29 2.93669840916286e+01
29 2.88956707679116e+01
29 2.98911472951153e+01
29 2.85358145838514e+01
29 2.89985253119396e+01
29 2.84637149072986e+01
29 2.93119777677497e+01
29 2.83937572764353e+01
29 2.95027328318255e+01
29 2.92647136390989e+01
29 2.89524268973148e+01
29 2.75447035662373e+01
29 2.90304298042153e+01
29 2.87706249600210e+01
29 2.88132695113570e+01
29 2.91224994160542e+01
29 2.87867191171531e+01
29 2.87333133303212e+01
29 2.85558286128623e+01
29 2.94089110707592e+01
29 2.96145535293994e+01
29 2.83819599402474e+01
29 2.80331867486296e+01
29 2.83843694186840e+01
29 2.91598319842265e+01
29 2.88408635231701e+01
29 2.82552850643480e+01
29 2.92749552825985e+01
29 2.82117181571471e+01
29 2.87368327586348e+01
29 2.85195253485500e+01
29 2.83464708130823e+01
29 2.91964853003029e+01
29 2.85798488281210e+01
29 2.86910425309613e+01
29 2.91415172614088e+01
29 2.85468116829423e+01
29 2.90797045550003e+01
29 2.96647287052211e+01
29 2.80784483735923e+01
29 2.82617831085775e+01
29 2.79307214561076e+01
29 2.81888919980357e+01
29 2.85681518087421e+01
29 2.84858977044790e+01
29 2.85566047785074e+01
29 2.89612829324667e+01
29 2.86927371493506e+01
29 2.90258289079225e+01
29 2.98313252464690e+01
29 2.96007445305287e+01
29 2.99455581369900e+01
29 2.99463310753700e+01
29 2.94471240188432e+01
29 2.87026606406437e+01
29 2.92445153259062e+01
29 2.94314926165844e+01
29 2.99011696109581e+01
29 2.94457530184279e+01
29 2.89481640693217e+01
29 2.94743361103781e+01
29 2.80801418658050e+01
29 2.85030791384513e+01
29 2.82382971143736e+01
29 2.78276711125201e+01
29 2.89460546412431e+01
29 2.96697827445661e+01
29 2.97532235797803e+01
29 2.91086490138290e+01
29 2.83678569370302e+01
29 3.02576180612958e+01
29 2.95568461102360e+01
29 2.95078395807762e+01
29 2.89254814980968e+01
29 2.85997943750110e+01
29 2.96806205208430e+01
29 2.86807378401053e+01
29 2.86676858886991e+01
29 2.86622117514305e+01
29 2.86616016567762e+01
29 2.77106663765327e+01
29 2.90230884544019e+01
29 2.91413935560108e+01
29 2.92867986932688e+01
29 2.96797383586937e+01
29 2.94149760474722e+01
29 3.01002367156154e+01
29 2.91499539544799e+01
29 2.84922730474071e+01
29 2.80373699819919e+01
29 2.87003928480711e+01
29 2.74073569538730e+01
29 2.76995126845117e+01
29 2.76940749569536e+01
29 2.88033791812751e+01
29 3.01255662521446e+01
29 2.94496750980907e+01
29 2.96193972039185e+01
29 2.95687374193001e+01
29 2.97898005197406e+01
29 2.95661826884325e+01
29 2.95058953690328e+01
29 2.95049054216290e+01
29 2.88348437891107e+01
29 2.94512885233789e+01
29 2.85479184193176e+01
29 2.94733689839594e+01
29 2.91883679725240e+01
29 2.90867832298747e+01
29 2.82547039449393e+01
29 2.89239401758959e+01
29 2.93104860157726e+01
29 2.90648032932710e+01
29 2.88484654973483e+01
29 2.92493669894840e+01
29 2.92634195060181e+01
29 2.81981304275374e+01
29 2.80867642572454e+01
29 2.76917389674811e+01
29 2.81529669581323e+01
29 2.87668602517313e+01
29 2.84248384970850e+01
29 2.90782134615799e+01
29 2.93547836990311e+01
29 2.99514575320236e+01
29 2.98533380364620e+01
29 2.87073545653413e+01
29 2.88726735024908e+01
29 2.91419350842340e+01
29 2.95731461844186e+01
29 2.82642010660494e+01
29 2.85879285889347e+01
29 2.91475416505904e+01
29 2.95587193609985e+01
29 2.99017933562422e+01
29 2.95344226644736e+01
29 2.94029158517387e+01
29 2.82933042463420e+01
29 2.93649896925198e+01
29 2.94816944792094e+01
29 3.04168467713917e+01
29 3.01474301160096e+01
29 2.97846703988899e+01
29 2.96710003077599e+01
29 2.90617135099858e+01
29 2.95312391804867e+01
29 2.89795722658835e+01
29 2.85710823015495e+01
29 2.86985136946298e+01
29 2.91393346292488e+01
29 2.89611638589198e+01
29 2.97477543035771e+01
29 2.87487701121976e+01
29 2.86200419792589e+01
29 2.94091855361253e+01
29 2.86152855111016e+01
29 2.86438743988678e+01
29 2.86074391751889e+01
29 2.93936750514403e+01
29 2.99489093156251e+01
29 2.98364751511052e+01
29 2.98028439151299e+01
29 2.88386246501584e+01
29 2.87810444165109e+01
29 2.92889545528994e+01
29 2.90539573882492e+01
29 2.90899762380182e+01
29 2.91935480681561e+01
29 2.97930083745749e+01
29 2.97913064156622e+01
29 2.92569945814180e+01
29 2.92206513032047e+01
29 2.92290879907488e+01
29 2.87817797806923e+01
29 2.91660414860167e+01
29 2.85995594741150e+01
29 2.84127241838162e+01
29 2.79625550732082e+01
29 2.84255211841174e+01
29 2.91290552966721e+01
29 2.88117486750066e+01
29 2.80939346641990e+01
29 2.81513866832802e+01
29 2.96665277120477e+01
29 2.94336291977321e+01
29 2.88490681757083e+01
29 2.87166612608207e+01
29 2.92151656154964e+01
29 2.82097803844321e+01
29 2.88296925502987e+01
29 2.83866427054345e+01
29 2.83863905743166e+01
29 2.82309175658349e+01
29 2.91321556120247e+01
29 2.84020439918854e+01
29 2.85781553501842e+01
29 2.89698283129237e+01
29 2.82908955962037e+01
29 2.84650662535970e+01
29 2.87526892964746e+01
29 2.88087074605925e+01
29 2.91809119343684e+01
29 2.86551109554243e+01
29 2.88550958216150e+01
29 2.86068953757709e+01
29 2.84945979460407e+01
29 2.85008335653271e+01
29 2.90818604206570e+01
29 2.88891059258300e+01
29 3.00950417048572e+01
29 2.86769209815949e+01
29 2.72411377654680e+01
29 2.87933264274971e+01
29 2.85642487666052e+01
29 2.81126291798317e+01
29 2.85839156301163e+01
29 2.87584910599873e+01
29 2.92343724860086e+01
29 2.92541319784412e+01
29 2.92215297498563e+01
29 2.88452060057659e+01
29 2.84650765997899e+01
29 2.86079224923672e+01
29 2.97779666864783e+01
29 2.96015220689835e+01
29 2.95531396046032e+01
29 2.93984875355672e+01
29 2.93545977501837e+01
29 2.87668702502663e+01
29 2.89144225908427e+01
29 2.86386338319357e+01
29 2.82096202613218e+01
29 2.85237581196665e+01
29 2.87633930818425e+01
29 2.89198449764166e+01
29 2.88038200871031e+01
29 2.70433220073327e+01
29 2.89901999943854e+01
29 2.82333932430937e+01
29 2.76012346676664e+01
29 2.81135522529334e+01
29 2.89727592152973e+01
29 2.88706562753600e+01
29 2.96529238391859e+01
29 3.01139898244403e+01
29 2.93219748029444e+01
29 2.84234823501811e+01
29 2.88283003877477e+01
29 2.93064349143941e+01
29 2.88377817046598e+01
29 2.90106072200327e+01
29 2.92871437812296e+01
29 3.00105306731673e+01
29 2.84709833673883e+01
29 2.81477481263908e+01
29 2.90794917251856e+01
29 2.89668292303507e+01
29 2.90288942134505e+01
29 2.93900343861106e+01
29 2.98345058511088e+01
29 2.97291963342774e+01
29 2.82161426754606e+01
29 2.97202324753450e+01
29 2.93841656996089e+01
29 2.89920733093554e+01
29 2.79416675954187e+01
29 2.92974714111267e+01
29 2.93784046209938e+01
29 2.89458208242955e+01
29 2.83631265892136e+01
29 2.85685047057123e+01
29 2.89041836851396e+01
29 2.92763235123730e+01
29 2.97130570336180e+01
29 2.89931988291035e+01
29 2.95973006310629e+01
29 2.99273199860821e+01
29 2.87163166535692e+01
29 2.92006515250954e+01
29 2.93836673221009e+01
29 2.87173426775115e+01
29 2.86404554104248e+01
29 2.99583459860698e+01
29 3.04969808577385e+01
29 2.98885224751685e+01
29 2.94648917286603e+01
29 2.82362480264160e+01
29 2.82179369199199e+01
29 2.91723726033490e+01
29 2.98031850644096e+01
29 2.92489143249639e+01
29 2.93977261499703e+01
29 2.82207493381463e+01
29 2.89040365558716e+01
29 2.94788697158729e+01
29 2.96756349162033e+01
29 2.97407902893152e+01
29 2.93479594131739e+01
29 2.93892215480417e+01
29 2.87602580786264e+01
29 2.83601785227371e+01
29 2.95207443295796e+01
29 2.89469104178060e+01
29 2.85680671681552e+01
29 2.95095226821898e+01
29 2.91955571483740e+01
29 2.91341637768646e+01
29 2.99765774828183e+01
29 3.18165189213207e+01
29 3.01461138089650e+01
29 2.98788020757918e+01
29 2.84194248207103e+01
29 2.88450573314936e+01
29 2.89152240925452e+01
29 2.91880462406662e+01
29 2.95545155851774e+01
29 2.92472021397213e+01
29 2.94516695636687e+01
29 2.86124133468277e+01
29 2.93464404233712e+01
29 2.87992493080632e+01
29 2.96716667241154e+01
29 2.87334202942535e+01
29 2.77153091142440e+01
29 2.85293458926033e+01
29 2.90885871831749e+01
29 3.00001809497197e+01
29 2.92574854474576e+01
29 2.98568786500205e+01
29 2.90641697749062e+01
29 2.88663104795966e+01
29 2.94311291562994e+01
29 2.88743267546736e+01
29 2.99123978601287e+01
29 2.84188663213652e+01
29 2.88789140088607e+01
29 2.88818662142302e+01
29 2.98064406987654e+01
29 3.00091651539765e+01
29 2.95821712468746e+01
29 2.82752293193250e+01
29 2.95230973655956e+01
29 2.94357230756911e+01
29 2.92674511759239e+01
29 2.83861072082129e+01
29 2.86537958205859e+01
29 2.81332713889864e+01
29 2.85954312503094e+01
29 2.80665561536058e+01
29 2.80037578111752e+01
29 2.75753643778630e+01
29 2.87706456019807e+01
29 2.85331469164418e+01
29 2.90823062848018e+01
29 2.81568831234296e+01
29 2.91988867906626e+01
29 2.93491735803803e+01
29 2.87968854652036e+01
29 2.99869649711478e+01
29 2.88656499001182e+01
29 2.88584452108478e+01
29 2.90653074400128e+01
29 2.85667167266720e+01
29 2.87283662471065e+01
29 2.95347703573287e+01
29 2.94658702255508e+01
29 2.93562480119686e+01
29 2.93107718965375e+01
29 2.91231547370943e+01
29 2.97927026761043e+01
29 2.89961085562562e+01
29 2.90766427495068e+01
29 2.90447022940966e+01
29 2.90321383649163e+01
29 2.89560434383469e+01
29 2.86054153772954e+01
29 2.98746744715088e+01
29 2.92396051827448e+01
29 2.88728064381129e+01
29 2.84420343117982e+01
29 2.77609511523519e+01
29 2.73110566840186e+01
29 2.86305589970884e+01
29 2.79654628049945e+01
29 2.61985690629389e+01
29 2.77796000846046e+01
29 2.77405776178888e+01
29 2.92562845286776e+01
29 2.87009158911309e+01
29 2.78008375717051e+01
29 2.84959267400713e+01
29 2.81205593838955e+01
29 2.89506753753480e+01
29 2.85019236132144e+01
29 2.86231764196928e+01
29 2.97075293308190e+01
29 2.96357312001241e+01
29 2.91686433278525e+01
29 3.05156261996160e+01
29 2.97015581772287e+01
29 2.86045832978730e+01
29 2.91493829376312e+01
29 2.98102053369629e+01
29 2.86749340919299e+01
29 2.78661480297550e+01
29 2.89204205893746e+01
29 2.90480093055957e+01
29 2.95611740615598e+01
29 3.01456096431057e+01
29 2.95080352611129e+01
29 3.02087293720725e+01
29 2.98372987514186e+01
29 2.98226518383847e+01
29 3.02130659274578e+01
29 2.97802889468059e+01
29 2.90638770244812e+01
29 2.95220830867342e+01
29 3.00301165788975e+01
29 2.87526074850182e+01
29 2.94984496278872e+01
29 2.93045168084383e+01
29 2.86931273947534e+01
29 2.83014807673562e+01
29 2.83897904597269e+01
29 2.81414144874975e+01
29 2.90983169875772e+01
29 2.95193630890596e+01
29 2.93965055229978e+01
29 2.99829993224624e+01
29 2.99809026019120e+01
29 2.90882696704889e+01
29 2.93573134164134e+01
29 2.96787664931376e+01
29 2.97916368202455e+01
29 2.99499202551991e+01
29 2.96804673238522e+01
29 2.86155536010914e+01
29 2.90108144993798e+01
29 2.92442621658409e+01
29 2.93470832673067e+01
29 3.04880776792961e+01
29 2.99389903883919e+01
29 2.94485418758920e+01
29 2.95164331951434e+01
29 2.93164951446822e+01
29 2.92826393787193e+01
29 2.96299022199888e+01
29 2.91372436656344e+01
29 2.89087435977201e+01
29 2.87745728012864e+01
29 2.87011261650593e+01
29 2.83654420720306e+01
29 2.84195309276107e+01
29 2.89631710961885e+01
29 2.89240006089995e+01
29 2.96139702121278e+01
29 2.86606266229388e+01
29 2.99103049135499e+01
29 2.99442229430773e+01
29 2.95709066900982e+01
29 2.78597646340780e+01
29 2.79187003777789e+01
29 2.78532859047994e+01
29 2.79860971819876e+01
29 2.89117435011211e+01
29 2.87140175463156e+01
29 2.94726227475365e+01
29 2.89921091805706e+01
29 2.79936990751360e+01
29 2.76360260983891e+01
29 2.92443191933436e+01
29 2.90349423470463e+01
29 2.97149471778690e+01
29 2.99492071830667e+01
29 3.08978850267426e+01
29 2.96156402698054e+01
29 3.02395081708612e+01
29 2.95553371800445e+01
29 2.94487314542287e+01
29 3.08429632579167e+01
29 2.95615752222924e+01
29 2.92224117828017e+01
29 2.89257234984718e+01
29 2.91321365963242e+01
29 2.79227578419891e+01
29 2.91971359530176e+01
29 2.78755269426953e+01
29 2.90967443673515e+01
29 2.93601024010288e+01
29 2.93949201523806e+01
29 2.82921692068181e+01
29 2.93723918886144e+01
29 2.98638456749965e+01
29 2.89753942683594e+01
29 2.90858900147818e+01
29 2.92334542682896e+01
29 2.94286457152677e+01
29 2.90964714415478e+01
29 2.88321774074240e+01
29 2.87913758376214e+01
29 2.90722390214051e+01
29 2.85529067887617e+01
29 2.89137888897798e+01
29 2.83171440049106e+01
29 2.91679805087277e+01
29 2.94455488457407e+01
29 2.94228450115099e+01
29 2.91136026600934e+01
29 2.94382431529795e+01
29 2.97404762845114e+01
29 2.96481936100751e+01
29 2.95516553108718e+01
29 2.91556635402848e+01
29 2.93248921779731e+01
29 2.88911305383339e+01
29 2.98757560258350e+01
29 2.84225911061501e+01
29 2.78691233035170e+01
29 2.84499584371225e+01
29 2.96365396416386e+01
29 2.92819067993960e+01
29 3.09981473961825e+01
29 2.99560345543943e+01
29 2.98596426466177e+01
29 2.98685313346796e+01
29 3.01407994116189e+01
29 2.98149276105268e+01
29 2.93753767948561e+01
29 2.94526109127035e+01
29 2.92915618952899e+01
29 2.88664433656683e+01
29 2.89467322158640e+01
29 2.95576514463486e+01
29 2.83510317422085e+01
29 2.97326592393799e+01
29 2.91707764805712e+01
29 2.95097465019199e+01
29 2.94660298375092e+01
29 2.94155819522400e+01
29 3.01562198522849e+01
29 3.01389158663861e+01
29 2.93813462931573e+01
29 2.95942392919332e+01
29 2.96715195023504e+01
29 2.92950134044253e+01
29 2.94521252235552e+01
29 2.96810408603924e+01
29 3.02706999422180e+01
29 2.99174688992168e+01
29 2.88955185883256e+01
29 2.95272176838778e+01
29 2.93252840646284e+01
29 2.91856013634737e+01
29 2.82178249648373e+01
29 2.87679246115677e+01
29 2.83475134749392e+01
29 2.78149947859416e+01
29 2.78480232650364e+01
29 2.79857100365797e+01
29 2.87766686706209e+01
29 2.93843428522900e+01
29 2.96267396541183e+01
29 2.85356443521094e+01
29 2.84982447783643e+01
29 2.88088255166428e+01
29 2.85009943460916e+01
29 2.92920432772746e+01
29 2.85581413867963e+01
29 2.98076357704449e+01
29 2.96944800192779e+01
29 3.14259826269107e+01
29 2.98347626552354e+01
29 2.88075292424977e+01
29 2.97491544879007e+01
29 2.90614470712266e+01
29 2.96250066107899e+01
29 2.99961528222498e+01
29 2.92409203111414e+01
29 2.92265140933358e+01
29 2.94061039139861e+01
29 2.96098317796574e+01
29 2.81453209392437e+01
29 2.91196822365573e+01
29 2.87441609722136e+01
29 3.02240341440235e+01
29 2.93782151503475e+01
29 2.90192295419960e+01
29 2.93902889092039e+01
29 2.91370471656415e+01
29 2.87321757238434e+01
29 2.87695951044335e+01
29 2.93368654084780e+01
29 2.95069421950410e+01
29 2.79756692393221e+01
29 2.82198594440349e+01
29 2.84774098181751e+01
29 2.85201838717266e+01
29 2.87058772275493e+01
29 2.92209151811004e+01
29 2.89549795142241e+01
29 2.88937146589033e+01
29 2.79145959707088e+01
29 2.74158810727015e+01
29 2.85280367180759e+01
29 2.86772578949725e+01
29 2.91970613181260e+01
29 2.95274211996810e+01
29 2.90181744389808e+01
29 2.90922709834912e+01
29 2.93173675083207e+01
29 2.92964325369839e+01
29 2.92993126595959e+01
29 2.97837039609916e+01
29 2.97822168564545e+01
29 2.98489921830302e+01
29 2.91468159143501e+01
29 2.95930356906528e+01
29 2.93313928517896e+01
29 2.85139583387219e+01
29 2.82572167857438e+01
29 2.82126228893592e+01
29 2.91057298612587e+01
29 2.89392008904759e+01
29 2.94679833004112e+01
29 2.88590032371558e+01
29 2.89928527653625e+01
29 2.98139853483755e+01
29 2.90416477595860e+01
29 2.93646936967306e+01
29 2.95413564759601e+01
29 2.98818026028910e+01
29 2.93182784583258e+01
29 2.93246611678639e+01
29 2.88429304868857e+01
29 2.91362033104859e+01
29 2.89604830523165e+01
29 2.92672065127523e+01
29 2.93845195665800e+01
29 2.86440770412306e+01
29 2.88007877867360e+01
29 2.85517666354960e+01
29 2.84662988619764e+01
29 2.92206845278717e+01
29 2.94117384537758e+01
29 2.92727529211339e+01
29 3.00553670641883e+01
29 2.90770575673428e+01
29 2.88731656175558e+01
29 2.85586757284719e+01
29 2.91671374543746e+01
29 2.91106694732754e+01
29 2.91979947280949e+01
29 2.92883036860474e+01
29 2.89120888771168e+01
29 2.92009731147080e+01
29 2.90143163527661e+01
29 3.04491987371760e+01
29 3.01418454304216e+01
29 2.92269628823351e+01
29 2.91313410907685e+01
29 2.97349303138705e+01
29 2.96266571179485e+01
29 2.90297360480620e+01
29 2.89115962093660e+01
29 2.90869354491331e+01
29 2.94278907154642e+01
29 2.87739900569177e+01
29 2.87714622107641e+01
29 2.82227158317277e+01
29 2.84079678392110e+01
29 2.86781527226226e+01
29 2.84192813798441e+01
29 2.92916563107387e+01
29 2.95820537098431e+01
29 2.79019119745416e+01
29 2.84291751253210e+01
29 2.91051116239443e+01
29 2.91335611145287e+01
29 2.88256529169786e+01
29 2.95955415874541e+01
29 2.89582160106024e+01
29 2.94699451151616e+01
29 2.99490833004265e+01
29 2.93873811829147e+01
29 2.94171233049082e+01
29 2.92629191913688e+01
29 2.87165754744531e+01
29 2.92517216410088e+01
29 2.84996972524600e+01
29 2.85451566749843e+01
29 2.93081269690862e+01
29 2.98334606033867e+01
29 2.88631173196137e+01
29 2.93206490587944e+01
29 2.88831275493495e+01
29 2.87901934724345e+01
29 2.97406486042767e+01
29 2.84552105437769e+01
29 2.88048068742105e+01
29 2.83969306947111e+01
29 2.85992574029979e+01
29 2.86359488640002e+01
29 2.87836814066275e+01
29 2.88497099572747e+01
29 2.91794649152550e+01
29 2.85850531314425e+01
29 2.91749906199718e+01
29 2.86664385243857e+01
29 2.89147937673630e+01
29 2.85168213322382e+01
29 2.83860435300637e+01
29 2.89342346514203e+01
29 2.88196771495704e+01
29 3.05537387649272e+01
29 2.94857187128197e+01
29 3.01761219315294e+01
29 2.89252842650444e+01
29 2.94975500734177e+01
29 2.85497931473098e+01
29 2.90168900686908e+01
29 2.93914290154950e+01
29 2.82326345482806e+01
29 2.85205176590703e+01
29 2.90780106120419e+01
29 2.90127453593250e+01
29 2.90888044546580e+01
29 2.86868654439324e+01
29 2.88628021952732e+01
29 2.83920425111251e+01
29 2.84375344681953e+01
29 2.93794740325742e+01
29 2.98771334163785e+01
29 2.86908334924365e+01
29 2.81226441891103e+01
29 2.89679767915333e+01
29 2.93651052471252e+01
29 2.86585173247007e+01
29 2.93943496077461e+01
29 2.88191667589857e+01
29 2.86902895669332e+01
29 2.86452083865793e+01
29 2.84911765780808e+01
29 2.93254424281656e+01
29 2.90585120540835e+01
29 2.86963397176161e+01
29 2.88180734336817e+01
29 2.85818539489611e+01
29 2.96283972034097e+01
29 2.93687619979368e+01
29 3.03141208983150e+01
29 2.91138431510682e+01
29 2.91794923235226e+01
29 2.97345104115042e+01
29 2.91783926301472e+01
29 2.85558027815100e+01
29 2.91120577993470e+01
29 2.93198346663128e+01
29 2.92876085151361e+01
29 3.03761370043637e+01
29 3.02593020053122e+01
29 2.82856248546135e+01
29 2.95526252390648e+01
29 2.94240774515567e+01
29 2.83728357365012e+01
29 2.84674729453728e+01
29 2.78032076616712e+01
29 2.83142144412876e+01
29 2.94211061220481e+01
29 2.99574030585612e+01
29 2.97970823317619e+01
29 2.99944315937799e+01
29 2.98869778426312e+01
29 2.90566421247728e+01
29 2.93495944427568e+01
29 2.98909451106599e+01
29 2.93909491871487e+01
29 2.89077828496730e+01
29 2.88580427245029e+01
29 2.98515503301490e+01
29 2.92909199443744e+01
29 2.84045816354034e+01
29 2.92229165066612e+01
29 2.88170042514417e+01
29 2.87995027402472e+01
29 2.91970819717924e+01
29 2.87601780574255e+01
29 2.94886480329450e+01
29 2.89503491596104e+01
29 2.90849628000494e+01
29 2.89780766638996e+01
29 2.86154608071545e+01
