30 3.01711649751571e+01
30 3.06278337808035e+01
30 3.03170831476809e+01
30 2.98171457296605e+01
30 3.02169693131103e+01
30 3.02855775825187e+01
30 3.01145157420432e+01
30 2.96679698787778e+01
30 3.00121848517703e+01
30 3.02442445036660e+01
30 2.98348478630288e+01
30 2.99036910808039e+01
30 3.11178358969144e+01
30 3.01218513078627e+01
30 3.02156017622586e+01
30 2.92769092877606e+01
30 3.01854452940334e+01
30 3.04272160746866e+01
30 2.95258141192252e+01
30 2.93315921406404e+01
30 2.92007000616564e+01
30 2.88846466918209e+01
30 2.95830815433363e+01
30 3.06401772234125e+01
30 3.02218230190832e+01
30 3.04715904997813e+01
30 2.95087747498916e+01
30 2.96503491918372e+01
30 3.08635435902688e+01
30 3.04967084973082e+01
30 2.85192564735638e+01
30 2.94856490416438e+01
30 2.94593941261890e+01
30 2.99369205375410e+01
30 2.97942599103255e+01
30 3.00029255823593e+01
30 2.91794465107740e+01
30 2.83425181164017e+01
30 2.94265549134951e+01
30 2.96627764865426e+01
30 2.86964485849834e+01
30 2.93829831671185e+01
30 3.05201155453151e+01
30 3.07847910863793e+01
30 2.95670394395701e+01
30 2.95885057026064e+01
30 3.04577747800495e+01
30 2.97974032995375e+01
30 3.04744379639529e+01
30 3.02252002904617e+01
30 3.11197290374925e+01
30 2.98314174060553e+01
30 2.95132690875027e+01
30 2.92321223663073e+01
30 2.98099042382372e+01
30 3.06159428486788e+01
30 2.97388561876958e+01
30 3.06496994675307e+01
30 3.02174136650970e+01
30 2.94749152097896e+01
30 2.93334808778386e+01
30 2.98440239510089e+01
30 2.95252237258569e+01
30 3.02788555855568e+01
30 3.02205871179048e+01
30 3.00904409221569e+01
30 2.99743591563124e+01
30 3.05358505006110e+01
30 3.03589427345937e+01
30 2.98810628152840e+01
30 3.02700787060253e+01
30 2.89160333466904e+01
30 3.01815841187531e+01
30 2.89069433354960e+01
30 2.96130204595659e+01
30 2.91590058869262e+01
30 3.05238732562636e+01
30 3.04854260306533e+01
30 3.01373650729126e+01
30 2.89362288356917e+01
30 2.96127964698063e+01
30 2.96916594248563e+01
30 3.12992894813945e+01
30 2.99474111132143e+01
30 2.95443897222367e+01
30 2.95894727958234e+01
30 3.04001945432122e+01
30 3.04206606594181e+01
30 2.93101337778226e+01
30 2.97094684198587e+01
30 2.94057700540976e+01
30 2.98461863291100e+01
30 3.00037605700438e+01
30 2.94654307559493e+01
30 3.01984112480533e+01
30 3.00910928470446e+01
30 2.91099051653647e+01
30 2.99030502191657e+01
30 3.07238135066659e+01
30 3.13966118097912e+01
30 3.02703841331915e+01
30 3.12721453943750e+01
30 3.04003427365076e+01
30 3.00149265858195e+01
30 2.98772841544006e+01
30 2.91623088907197e+01
30 2.96277024160896e+01
30 2.93885624817722e+01
30 2.99073000198936e+01
30 3.03357878190024e+01
30 3.01278210612476e+01
30 2.96341142331604e+01
30 3.03896324764519e+01
30 3.07057300672694e+01
30 3.15468487035973e+01
30 3.08831344182998e+01
30 3.06038306138047e+01
30 3.03912881453804e+01
30 3.09430555094051e+01
30 3.07016670866696e+01
30 2.96794953495847e+01
30 2.96252546072142e+01
30 2.99990040961646e+01
30 3.03918649228192e+01
30 3.00373543858714e+01
30 2.92327117252021e+01
30 3.13781012361426e+01
30 3.02237180488750e+01
30 3.01583936836004e+01
30 2.99621433581236e+01
30 3.12542137801832e+01
30 2.97675605605740e+01
30 3.03826441882378e+01
30 2.96643862407688e+01
30 3.01484706162557e+01
30 3.01392421214189e+01
30 2.96336877647449e+01
30 2.96158520790637e+01
30 2.96748473877391e+01
30 2.97838293682045e+01
30 2.99113817930648e+01
30 3.11586186830742e+01
30 2.87751204914659e+01
30 3.01029689772367e+01
30 2.85219215173261e+01
30 2.88235785910394e+01
30 2.94107605594755e+01
30 2.97739843854406e+01
30 2.96696551719244e+01
30 3.01298817989011e+01
30 3.06041558428775e+01
30 3.00539709382944e+01
30 2.97222555044765e+01
30 2.98524208223069e+01
30 2.96246358114689e+01
30 2.92096006808272e+01
30 2.98681527938342e+01
30 3.04532031455211e+01
30 3.07900693108632e+01
30 3.04850309730732e+01
30 2.96642554851444e+01
30 3.16869444048073e+01
30 3.08157173434761e+01
30 3.03490275607714e+01
30 3.06644287991807e+01
30 3.07299480649666e+01
30 3.04687971204420e+01
30 2.98230765196503e+01
30 3.01166460199121e+01
30 2.99884972493822e+01
30 3.02019547313161e+01
30 3.00606757290520e+01
30 3.03614338488536e+01
30 3.03990132286902e+01
30 3.12041061814293e+01
30 2.97366894143840e+01
30 3.06598011758049e+01
30 3.09238491352258e+01
30 2.98938006199848e+01
30 3.00646747428020e+01
30 2.99185012416377e+01
30 3.13981188895985e+01
30 3.05147153231706e+01
30 3.05778316405038e+01
30 3.08512211377983e+01
30 2.99688155660019e+01
30 2.80925426417862e+01
30 2.93228983021081e+01
30 2.97518236359820e+01
30 3.01434546703311e+01
30 2.99095026453029e+01
30 2.85171355916155e+01
30 3.03257105037961e+01
30 3.11503483422677e+01
30 3.11254553371692e+01
30 3.07026259724048e+01
30 2.94072027921970e+01
30 3.00982344071690e+01
30 3.03644162345974e+01
30 3.01970821717291e+01
30 3.00783501455875e+01
30 2.95075997626397e+01
30 3.03857814785587e+01
30 3.05499862176837e+01
30 3.05580827005009e+01
30 2.98004792822235e+01
30 3.03929436637408e+01
30 3.02883444183302e+01
30 2.95665158071853e+01
30 3.06250267878308e+01
30 2.98473589360521e+01
30 3.08777431378744e+01
30 3.04386897385325e+01
30 2.93440902973519e+01
30 2.87884894194815e+01
30 2.88733133215738e+01
30 3.05145633140629e+01
30 2.99548616390011e+01
30 2.97769079345307e+01
30 3.01687052616553e+01
30 3.12883478634754e+01
30 3.00323090540644e+01
30 2.99142511745945e+01
30 2.97757971805533e+01
30 2.90204681138783e+01
30 2.96485292428869e+01
30 2.99320729674862e+01
30 3.05436948331790e+01
30 2.93855293625381e+01
30 3.02981415894670e+01
30 3.02978210852702e+01
30 2.91526286086206e+01
30 3.04676143057156e+01
30 3.08633308534197e+01
30 3.01214571117781e+01
30 3.03806076978592e+01
30 2.99758292017346e+01
30 3.06129169038205e+01
30 3.01162554758639e+01
30 2.97766488604752e+01
30 3.03614580925888e+01
30 2.94047693184877e+01
30 2.93962767870691e+01
30 3.07478535054618e+01
30 3.01790777018418e+01
30 3.12868036614879e+01
30 3.01299644443847e+01
30 3.00892137531812e+01
30 3.01539966927015e+01
30 2.92635288437202e+01
30 2.99121683461349e+01
30 2.96298146737576e+01
30 3.02236463061580e+01
30 2.99340237631841e+01
30 2.96755329961500e+01
30 3.05467493967565e+01
30 2.90615329194435e+01
30 3.01038560583872e+01
30 3.07468415572817e+01
30 3.02669478864448e+01
30 2.93665017131248e+01
30 2.91329519655882e+01
30 2.93463586646654e+01
30 2.99905318349936e+01
30 2.96710060021977e+01
30 2.98491555936070e+01
30 2.98862795366435e+01
30 2.98260618035194e+01
30 3.08370886851426e+01
30 3.03938798558683e+01
30 2.98822381755809e+01
30 2.94541458510518e+01
30 3.00085710748769e+01
30 3.08526865115097e+01
30 2.88908635841725e+01
30 3.02319117482273e+01
30 2.94025242818889e+01
30 2.88924253797534e+01
30 2.94916974668320e+01
30 3.02907741462394e+01
30 3.06984100905252e+01
30 3.03552476168519e+01
30 3.09585554452450e+01
30 2.96829311218050e+01
30 2.92178884375054e+01
30 3.04327288821571e+01
30 2.97846163762718e+01
30 2.95747131893473e+01
30 2.94127113985905e+01
30 2.95692572626435e+01
30 3.00643840916648e+01
30 3.02044503506019e+01
30 3.03837786664251e+01
30 2.99616882982080e+01
30 3.01599656749446e+01
30 3.09064413661796e+01
30 2.94609624779646e+01
30 2.91059064518890e+01
30 3.05369096534441e+01
30 2.95685094505074e+01
30 2.98495012700537e+01
30 2.91985726577907e+01
30 2.98112397500895e+01
30 2.92445130602808e+01
30 2.99877852419307e+01
30 2.94383068626507e+01
30 2.94359911315176e+01
30 2.93058295084567e+01
30 3.06176209797320e+01
30 2.92647224857417e+01
30 2.95116964199516e+01
30 2.98477582937937e+01
30 2.94473062246957e+01
30 3.03699403673122e+01
30 2.88632181942614e+01
30 2.97336962897129e+01
30 3.00113230621318e+01
30 2.94990384116272e+01
30 2.89380032248936e+01
30 2.90110900756678e+01
30 2.98714216465781e+01
30 2.98491353786167e+01
30 3.02958919861967e+01
30 2.97004933716131e+01
30 2.89560676486027e+01
30 2.98737937419546e+01
30 3.00092537489186e+01
30 2.96557502792429e+01
30 2.94784836692009e+01
30 2.90250297721467e+01
30 2.97313010553384e+01
30 3.06038445475388e+01
30 3.09162020092835e+01
30 3.06750797619075e+01
30 3.01924577595467e+01
30 3.00430205940220e+01
30 2.92503684773900e+01
30 2.87575264161898e+01
30 2.93779661033795e+01
30 2.97398733284455e+01
30 3.01903051397974e+01
30 3.09478041852320e+01
30 3.08872274266893e+01
30 3.01446505705410e+01
30 3.08008399175457e+01
30 2.98280538910516e+01
30 3.08001787289561e+01
30 3.00192179676729e+01
30 2.95981200857964e+01
30 3.05156462622883e+01
30 2.92688783762574e+01
30 3.01000980058261e+01
30 3.02116764061842e+01
30 2.99461558114579e+01
30 2.93362725491867e+01
30 2.95929801085882e+01
30 2.96112201780323e+01
30 2.93814412678664e+01
30 2.96794509799987e+01
30 3.03242999587440e+01
30 3.04975666662212e+01
30 3.03869723840884e+01
30 3.05206172344507e+01
30 3.08146843331975e+01
30 3.00780243768261e+01
30 3.06413726406387e+01
30 2.87612761260814e+01
30 2.94153960616000e+01
30 2.91412564923139e+01
30 3.00539056559609e+01
30 3.00179597266342e+01
30 2.94801243658236e+01
30 2.93204535071115e+01
30 2.91535209066614e+01
30 2.97355291887443e+01
30 2.92827870893525e+01
30 3.03208460775078e+01
30 3.06843632057498e+01
30 3.00798374040286e+01
30 2.97387812418080e+01
30 3.04125410105354e+01
30 2.90893772028214e+01
30 2.93588621682488e+01
30 2.98866279790137e+01
30 3.03062063551839e+01
30 2.96901007914300e+01
30 3.01124604005562e+01
30 3.00640000496002e+01
30 2.95087955375719e+01
30 2.88223554462359e+01
30 2.98938327682288e+01
30 3.02746267978901e+01
30 2.96315026821204e+01
30 2.96547273812642e+01
30 2.98579990607677e+01
30 2.90300754697945e+01
30 2.96438264279320e+01
30 2.92750454775754e+01
30 2.93028115863273e+01
30 2.95365967548753e+01
30 3.04335409279782e+01
30 2.89409968633866e+01
30 2.96668256472296e+01
30 2.97742080863111e+01
30 3.06190654842478e+01
30 3.09063526244279e+01
30 3.06432374409147e+01
30 3.04504789536158e+01
30 3.04539994587612e+01
30 3.05463775882155e+01
30 2.89625301302945e+01
30 2.93833893086274e+01
30 2.81805800025372e+01
30 2.94354217378416e+01
30 2.97551307907662e+01
30 3.05357314418374e+01
30 3.04425382951018e+01
30 3.04522946702592e+01
30 3.00742873266229e+01
30 2.97487260830716e+01
30 2.96602696036404e+01
30 3.10398753844664e+01
30 3.06330818118927e+01
30 2.88857757989642e+01
30 2.92511589193257e+01
30 2.90165404968322e+01
30 2.94189649727378e+01
30 2.92671976881105e+01
30 3.07584622340749e+01
30 3.00045931188140e+01
30 2.94694705592190e+01
30 3.00945969077290e+01
30 3.01339848995990e+01
30 3.02343778381733e+01
30 2.88802551621517e+01
30 2.91302265278714e+01
30 2.99234678591476e+01
30 2.93184109122512e+01
30 3.03571522353468e+01
30 2.95567842578539e+01
30 2.96969331196953e+01
30 3.02684122082276e+01
30 3.01911035211140e+01
30 3.04126152486958e+01
30 3.07223695998577e+01
30 3.03270722188848e+01
30 3.01311487725738e+01
30 2.89463907105137e+01
30 3.08732080906934e+01
30 3.11113294982086e+01
30 3.01134492300321e+01
30 2.99450350660137e+01
30 3.06932457659925e+01
30 3.08480217835339e+01
30 3.02948764871473e+01
30 2.95337267889749e+01
30 3.00828789302157e+01
30 3.01671384345990e+01
30 3.03932193574545e+01
30 2.93593750637664e+01
30 3.00481332956093e+01
30 3.08311315752216e+01
30 3.10256753977563e+01
30 2.99821508014741e+01
30 3.04528171555133e+01
30 3.03738837884531e+01
30 2.93204716016822e+01
30 3.07852604766182e+01
30 3.10035218103651e+01
30 2.96569309904814e+01
30 3.02022390259853e+01
30 3.11735112272182e+01
30 3.10716983673457e+01
30 3.14210772305356e+01
30 3.07228069280055e+01
30 3.01243062449350e+01
30 2.92956023663079e+01
30 2.94753948963408e+01
30 2.94161902488362e+01
30 2.98615623249128e+01
30 3.02992853366372e+01
30 2.99058974336541e+01
30 3.11186889771977e+01
30 3.01215217695151e+01
30 2.95930932059700e+01
30 3.07903962750991e+01
30 3.11447160433766e+01
30 2.94686453888883e+01
30 2.97996814549880e+01
30 3.04998958109182e+01
30 3.09650363900278e+01
30 3.05513788091969e+01
30 2.97796437125025e+01
30 2.99158298941949e+01
30 2.96867591125927e+01
30 2.92918468528012e+01
30 3.00269708995198e+01
30 3.08853253571303e+01
30 2.98651540268389e+01
30 3.01144321705784e+01
30 2.99764808690148e+01
30 2.93627964605803e+01
30 3.00667499075057e+01
30 2.90600871938523e+01
30 2.84082470113483e+01
30 3.03190758233242e+01
30 2.94438521701660e+01
30 3.04636379662590e+01
30 3.08674495782915e+01
30 3.04526890795315e+01
30 2.93012218427850e+01
30 2.93396134771357e+01
30 2.83801979248503e+01
30 2.98612320666897e+01
30 3.12215246033351e+01
30 3.07266081205511e+01
30 3.04809253101031e+01
30 2.97723228849351e+01
30 3.06188364916056e+01
30 3.03273864219599e+01
30 2.90527929940417e+01
30 3.05857820703879e+01
30 2.94392577784121e+01
30 3.02161382186470e+01
30 3.00862562116571e+01
30 2.96877387182382e+01
30 3.09426726391454e+01
30 3.09266607152831e+01
30 3.02941007608557e+01
30 3.04546508892335e+01
30 2.93597056082409e+01
30 2.92468989067008e+01
30 2.92840257212584e+01
30 3.09282194032931e+01
30 3.01651540479553e+01
30 3.05311872584807e+01
30 3.05309945456423e+01
30 3.00377640583576e+01
30 2.98373828534201e+01
30 2.93451993328863e+01
30 3.05718732593444e+01
30 3.00544285064082e+01
30 2.96296358015643e+01
30 3.03352025209964e+01
30 3.05353941793504e+01
30 3.05617777841207e+01
30 2.95962828997507e+01
30 2.85826574524260e+01
30 3.01284864511669e+01
30 2.92740037977521e+01
30 2.96244530170004e+01
30 2.97846262389981e+01
30 2.92576571883590e+01
30 2.95067535429774e+01
30 2.96332740930529e+01
30 2.97751628232885e+01
30 2.93719658046784e+01
30 2.96905756820000e+01
30 3.01079877032560e+01
30 3.05665393931381e+01
30 3.04446709857941e+01
30 3.06838545711895e+01
30 2.98493602215831e+01
30 3.10071154993963e+01
30 2.97837389606936e+01
30 3.03919602018622e+01
30 3.03555521230570e+01
30 2.98515870707993e+01
30 2.93505180186302e+01
30 2.92618716719567e+01
30 3.11859417620864e+01
30 2.94571392305587e+01
30 2.98283364425067e+01
30 2.99247792639413e+01
30 2.98721058954772e+01
30 3.02709741255679e+01
30 2.87320299959763e+01
30 2.95220572107432e+01
30 3.04048590741373e+01
30 3.10307460442577e+01
30 2.97989513045686e+01
30 2.98218462837341e+01
30 2.93844209613915e+01
30 2.98542705896598e+01
30 3.09060231058568e+01
30 2.97626149752552e+01
30 3.04445513938276e+01
30 3.02398972969017e+01
30 2.95377243449125e+01
30 3.06709692314120e+01
30 2.94388259343001e+01
30 3.11943990700121e+01
30 3.04551610953472e+01
30 3.01138032364533e+01
30 2.92023980940757e+01
30 3.04823321042795e+01
30 3.10300060509130e+01
30 3.06282458403720e+01
30 2.90569628046059e+01
30 2.97782274230115e+01
30 2.91666426439424e+01
30 2.97517345159096e+01
30 3.09973880651616e+01
30 2.99719479643735e+01
30 2.96061665500410e+01
30 3.04254655048274e+01
30 3.04410727871529e+01
30 3.05399119284147e+01
30 3.01139376762083e+01
30 2.99129653596485e+01
30 2.91722776969884e+01
30 2.95359314512168e+01
30 2.98180770708124e+01
30 3.04438262430646e+01
30 2.93653472126913e+01
30 2.83182905874902e+01
30 3.08341095413608e+01
30 2.97774714101799e+01
30 2.95796411039713e+01
30 3.13389044195765e+01
30 2.98622321035252e+01
30 3.00597217671239e+01
30 3.02022233025338e+01
30 3.11905572202722e+01
30 3.04131449852497e+01
30 3.12238878691746e+01
30 3.07089927428553e+01
30 2.99037402786888e+01
30 3.08040137095727e+01
30 3.04682131464143e+01
30 3.03093013393592e+01
30 3.04983324181171e+01
30 2.98056524451875e+01
30 3.05846398065360e+01
30 2.96264349710281e+01
30 3.03169587808370e+01
30 2.99064814290043e+01
30 2.97084335509049e+01
30 3.03284149574108e+01
30 3.13934997568725e+01
30 3.04537330800883e+01
30 2.94994249235912e+01
30 3.01872640632447e+01
30 2.93427612454854e+01
30 3.07062892377611e+01
30 2.89212928525037e+01
30 2.92444567070885e+01
30 2.96397905510527e+01
30 3.05988413596226e+01
30 3.05531816588211e+01
30 3.03614834645797e+01
30 2.91024886012198e+01
30 2.98050177352729e+01
30 2.84732995891064e+01
30 2.90603809505419e+01
30 2.98730353489938e+01
30 2.96693051959421e+01
30 2.93761027161575e+01
30 2.81209380415983e+01
30 2.92398315238093e+01
30 2.78153313762168e+01
30 2.83575878575127e+01
30 2.95262873177453e+01
30 2.99536924245793e+01
30 2.91661898752756e+01
30 2.96667168655452e+01
30 3.00871870855600e+01
30 2.91518034108824e+01
30 2.94292916553138e+01
30 3.02824148135423e+01
30 2.91064927782447e+01
30 2.98931505552433e+01
30 2.97587493980813e+01
30 3.03805322133545e+01
30 2.99867701163992e+01
30 3.07300937599009e+01
30 2.99829431371782e+01
30 2.97762965988857e+01
30 3.04807566381981e+01
30 2.99127933003558e+01
30 3.03240984785539e+01
30 2.96176764545766e+01
30 3.04429401326425e+01
30 3.06936486229405e+01
30 3.08987042618722e+01
30 3.01842948608052e+01
30 3.08580734786947e+01
30 2.91197556293420e+01
30 3.07798896376512e+01
30 3.05675237210533e+01
30 3.09003772754671e+01
30 2.95612988638334e+01
30 3.12555316745621e+01
30 2.95910083765485e+01
30 3.12679981382984e+01
30 3.03272607014601e+01
30 2.90164140546848e+01
30 2.99237555891545e+01
30 2.91462785131722e+01
30 2.96370154346336e+01
30 2.86213952937145e+01
30 2.93023387158023e+01
30 3.06121961058781e+01
30 3.05087380918849e+01
30 3.07562782853381e+01
30 2.91403437945190e+01
30 3.02763901713260e+01
30 3.11590063022204e+01
30 2.96320538368630e+01
30 2.97073416909177e+01
30 2.97154134198539e+01
30 3.06969329613912e+01
30 2.94015435045403e+01
30 2.99744337019773e+01
30 3.15767870306324e+01
30 2.92306050111227e+01
30 2.94658024429104e+01
30 3.01917317027641e+01
30 2.93967570282221e+01
30 2.99188575927472e+01
30 2.92237859994799e+01
30 3.04199026569182e+01
30 3.11046254806332e+01
30 2.97406335756827e+01
30 3.11433574851014e+01
30 3.00047702625835e+01
30 3.08135605547410e+01
30 3.02987991778123e+01
30 3.13094814008809e+01
30 3.09598899380816e+01
30 2.95571083865129e+01
30 2.93473718167033e+01
30 2.89287455662965e+01
30 3.05727002514006e+01
30 3.09561163646189e+01
30 3.15431748451882e+01
30 3.09552484785459e+01
30 2.90115827364785e+01
30 2.99822321082114e+01
30 3.06514988080968e+01
30 3.09397310358769e+01
30 2.99475197731369e+01
30 2.98505188215751e+01
30 3.11540364641497e+01
30 3.04103925540264e+01
30 3.03726168897479e+01
30 2.91775102295890e+01
30 2.96238706474569e+01
30 2.97269372928719e+01
30 2.93042679176609e+01
30 2.88576807821421e+01
30 2.89663783224354e+01
30 3.03039532605390e+01
30 3.02900320565634e+01
30 3.08250230946655e+01
30 3.06942787034600e+01
30 3.02999172937989e+01
30 3.10643932222597e+01
30 2.99721893363978e+01
30 2.98088700175480e+01
30 3.04435536746653e+01
30 3.05681083618144e+01
30 2.97759511306961e+01
30 2.93791644057589e+01
30 2.98177360770581e+01
30 3.10282061837384e+01
30 3.01233479125700e+01
30 3.02686842474367e+01
30 2.96682993203507e+01
30 2.95061649139637e+01
30 3.02325521169502e+01
30 3.00594013455958e+01
30 2.98804375859973e+01
30 2.98766940580060e+01
30 2.88534875371860e+01
30 2.95411205536010e+01
30 3.00432260051320e+01
30 3.00070723640632e+01
30 2.95173011095932e+01
30 3.07521496034433e+01
30 3.08732835491213e+01
30 3.09806970578891e+01
30 2.96453019389698e+01
30 3.02567552261610e+01
30 3.09202733869402e+01
30 3.05425908842800e+01
30 2.99906572484142e+01
30 3.10645819883181e+01
30 3.12748658106906e+01
30 3.12013937550978e+01
30 3.04169363791890e+01
30 3.01910375200307e+01
30 3.08325968145911e+01
30 3.04915579404975e+01
30 3.10400937974698e+01
30 2.94764689626673e+01
30 3.00805654909753e+01
30 3.03652987808236e+01
30 3.05810101921222e+01
30 3.06408340714407e+01
30 3.15312943806956e+01
30 3.04163925627854e+01
30 3.04978232498708e+01
30 2.97265587009923e+01
30 2.97710814229891e+01
30 3.00606024084832e+01
30 3.01214094713056e+01
30 2.98851591179650e+01
30 2.93640479716674e+01
30 3.01742712841363e+01
30 2.99898233797046e+01
30 2.91857982574370e+01
30 3.01744005435530e+01
30 2.89889764094239e+01
30 3.06389941517167e+01
30 3.10749622197112e+01
30 3.02872488572175e+01
30 3.04575126506661e+01
30 2.93905765387753e+01
30 2.97540493720369e+01
30 2.84343152676462e+01
30 3.03169671189963e+01
30 3.00822786154673e+01
30 2.94859278031377e+01
30 3.02662440539124e+01
30 3.00888931174598e+01
30 3.08849644117448e+01
30 2.99456156658420e+01
30 2.96807791584703e+01
30 3.01610215158095e+01
30 3.08459187021409e+01
30 3.07336838604161e+01
30 3.04287960890891e+01
30 3.03894776187938e+01
30 3.08332469877436e+01
30 3.07584666397104e+01
30 2.99912277125877e+01
30 3.00319532708759e+01
30 2.98784629713611e+01
30 3.12047356968811e+01
30 3.04396604762742e+01
30 2.98362696472051e+01
30 2.96362992903495e+01
30 3.00510030373857e+01
30 3.02823440135643e+01
30 3.11640033735227e+01
30 3.02515372431196e+01
30 2.99778088952691e+01
30 3.09473001268633e+01
30 3.01401270146512e+01
30 2.96006438790538e+01
30 2.92159530005883e+01
30 2.96326913521609e+01
30 2.99425259587748e+01
30 2.89726026477746e+01
30 2.88064650908923e+01
30 3.17644110884854e+01
30 2.93661258881283e+01
30 3.03644586887516e+01
30 3.05676857280767e+01
30 3.13422717998116e+01
30 3.11423142462104e+01
30 3.04732333957414e+01
30 3.03842224711928e+01
30 3.03142972106219e+01
30 3.04634701031696e+01
30 3.00332007109157e+01
30 2.95554696143108e+01
30 2.96674823928780e+01
30 3.00352557354370e+01
30 3.03666195559700e+01
30 3.06016413428303e+01
30 3.15450975113460e+01
30 3.14573032415178e+01
30 3.06072212924129e+01
30 3.07575596197740e+01
30 2.99706583744973e+01
30 2.98749081760370e+01
30 3.02408390687745e+01
30 2.96037861171106e+01
30 2.98925746974044e+01
30 3.02593765986278e+01
30 2.98582477869761e+01
30 2.98882818923391e+01
30 2.99023470812632e+01
30 2.93698202758570e+01
30 2.89944135292946e+01
30 2.96400288562228e+01
30 3.00312322101050e+01
30 3.10873897145826e+01
30 3.02036792971737e+01
30 3.11002130073135e+01
30 2.97005025859078e+01
30 3.04408189929372e+01
30 2.96350752628527e+01
30 3.02784308240290e+01
30 3.01780880226113e+01
30 3.01343016797351e+01
30 2.99420842229046e+01
30 2.94012069673877e+01
30 2.97877752615906e+01
30 3.00820740985943e+01
30 3.03220430391133e+01
30 2.98466875042226e+01
30 3.05756599165446e+01
30 2.91364530959145e+01
30 3.01915020233199e+01
30 3.00004656172151e+01
30 2.99757995747720e+01
30 3.05223648587149e+01
30 2.98115443504945e+01
30 2.97131546667668e+01
30 3.00008719990941e+01
30 3.08007762493287e+01
30 2.98668850056525e+01
30 3.04450758152868e+01
30 3.02860529288452e+01
30 2.95472188995466e+01
30 3.04328164230916e+01
30 3.01947519015250e+01
30 2.93560458563721e+01
30 2.95665411628253e+01
30 3.00340198553607e+01
30 3.02692875491036e+01
30 3.00455832061417e+01
30 3.00790019380841e+01
30 2.93449850353812e+01
30 3.06463536845818e+01
30 2.99938442048627e+01
30 2.95287608996523e+01
30 2.94181899083561e+01
30 2.99879081459374e+01
30 3.03043746717907e+01
30 3.00422933474480e+01
30 2.98100022405774e+01
30 2.96903015075919e+01
30 2.93205459213724e+01
30 2.97918214288798e+01
30 2.98448822375111e+01
30 3.06060445416545e+01
30 3.05184747597008e+01
30 3.00797887539090e+01
30 2.88379147081263e+01
30 3.02704197070711e+01
30 3.07883179255909e+01
30 3.05609509451154e+01
30 3.00921587430409e+01
30 2.85359096059344e+01
30 3.04447640079756e+01
30 2.96746948937372e+01
30 3.01539012181982e+01
30 3.01181078017905e+01
30 3.03770232994100e+01
30 2.92796726038746e+01
30 3.01097001282319e+01
30 2.87802528017822e+01
30 2.96882990636122e+01
30 2.99538171343184e+01
30 2.97140988999801e+01
30 3.03437805806334e+01
30 2.91526488130057e+01
30 3.04672283982062e+01
30 3.04112585099983e+01
30 2.98599379678651e+01
30 2.92522202406799e+01
30 2.96904104845915e+01
30 2.86654354012022e+01
30 3.04307572947340e+01
30 3.02390615911546e+01
30 3.03849264582597e+01
30 3.06835989141000e+01
30 3.03882453504384e+01
30 2.97596440797295e+01
30 2.96051370832754e+01
30 2.95249159556494e+01
30 2.88085515820470e+01
30 2.91464562102197e+01
30 2.92022845245837e+01
30 2.90011209409332e+01
30 2.92408987296683e+01
30 3.04080074457570e+01
30 2.97053975468528e+01
30 2.97364262995006e+01
30 2.88189769279374e+01
30 3.00405838848872e+01
30 2.98558168542596e+01
30 2.91923589054119e+01
30 3.01505974124802e+01
30 2.87462292833090e+01
30 2.97377243377234e+01
30 2.97923503699136e+01
30 3.02500216593865e+01
30 2.92846303577202e+01
30 3.04866872758318e+01
30 3.02258596584289e+01
30 2.89810076878545e+01
30 2.94363059459639e+01
30 2.98829701560669e+01
30 3.00586956001096e+01
30 3.00160773987882e+01
30 2.99395092629124e+01
30 2.99101563600391e+01
30 3.01617425738112e+01
30 3.07939055748772e+01
30 3.11941474827849e+01
30 3.00541487533997e+01
30 3.07859359639206e+01
30 3.08909035335146e+01
30 3.03715922518911e+01
30 3.02105844375974e+01
30 2.94737816395472e+01
30 2.99401333131260e+01
30 2.92564186079716e+01
30 2.97346365279599e+01
30 2.99843016481861e+01
30 3.17898984097115e+01
30 3.07540396619749e+01
30 3.05794513782207e+01
30 3.06167788815835e+01
30 3.11325144644637e+01
30 3.05911029832003e+01
30 3.19828064370611e+01
30 2.97189083057377e+01
30 3.08915860697515e+01
30 2.97129442438062e+01
30 2.96749367017919e+01
30 2.98708511346062e+01
30 3.05192733776649e+01
30 3.05691595311973e+01
30 3.02035471084845e+01
30 3.03357860689759e+01
30 3.11605883744520e+01
30 3.02072020895923e+01
30 2.98947103925127e+01
30 2.91481540807550e+01
30 2.88851861285211e+01
30 2.93276060446404e+01
30 2.97743953300119e+01
30 2.98661201064730e+01
30 3.04301905667541e+01
30 2.93681150235135e+01
30 2.93503018377357e+01
30 2.97101310615084e+01
30 3.03920552338658e+01
30 3.00104118490923e+01
30 2.98610635836710e+01
30 3.07446232217744e+01
30 3.00475906223981e+01
30 2.93695992244001e+01
30 3.08252949535100e+01
30 3.03598548592364e+01
30 2.97111443740967e+01
30 2.95429264537030e+01
30 3.05515468172730e+01
30 2.94686545057505e+01
30 3.07857998078531e+01
30 3.04272566393470e+01
30 2.99967708744132e+01
30 3.09810054624085e+01
30 2.89431786807666e+01
30 2.89905899647259e+01
30 2.91954287415685e+01
30 2.95385590359059e+01
30 3.08286908646928e+01
30 3.03570026685174e+01
30 2.95626179266878e+01
30 2.94403440691262e+01
30 3.06128447978758e+01
30 3.03650582568551e+01
30 3.01681290721396e+01
30 2.96278750926787e+01
30 3.01633502805386e+01
30 3.05256897927193e+01
30 2.94503621342323e+01
30 3.02085242557154e+01
30 3.05910859683402e+01
30 2.99803239035500e+01
30 3.11670226301769e+01
30 3.05995100080484e+01
30 3.03366923182079e+01
30 2.92531832462958e+01
30 2.97936303073243e+01
30 2.96811244866654e+01
30 2.94572250588496e+01
30 3.06911437939650e+01
30 3.03063093645620e+01
30 2.99765486381253e+01
30 3.01875833444907e+01
30 3.18664321106409e+01
30 3.02165025998582e+01
30 3.00675578047833e+01
30 2.94930502713323e+01
30 2.96315100353749e+01
30 2.94272582748280e+01
30 3.00368111059703e+01
30 3.01678720961595e+01
30 3.18648978676079e+01
30 3.12683420110730e+01
30 3.08441609474277e+01
30 3.06672395045286e+01
30 3.04190532710504e+01
30 3.01798836083995e+01
30 2.93704099202833e+01
30 3.04903032687908e+01
30 2.98058516904277e+01
30 3.00976209826882e+01
30 3.15317157657094e+01
30 3.08645263255207e+01
30 2.95305383221235e+01
30 3.09283576317708e+01
30 3.01670064977941e+01
30 3.02167090493998e+01
30 3.05880164344236e+01
30 3.01709837106760e+01
30 2.90258394969786e+01
30 3.01750406677740e+01
30 2.93942860484042e+01
30 2.91053376504172e+01
30 2.93077810118047e+01
30 3.04847401282513e+01
30 2.99024377991174e+01
30 2.99934287112095e+01
30 3.00777663015158e+01
30 3.05811567612237e+01
30 2.89798616371843e+01
30 2.85430286875293e+01
30 2.93674027448298e+01
30 3.02025244368333e+01
30 3.00917882046387e+01
30 2.99509940374828e+01
30 3.06798574188634e+01
30 3.10158335902215e+01
30 3.10267401694871e+01
30 3.03681678157714e+01
30 3.08245841125037e+01
30 3.03011855674674e+01
30 3.04302011704471e+01
30 3.05630379438077e+01
30 3.08481396408962e+01
30 3.08052662337615e+01
30 3.03462890681107e+01
30 2.91601983266111e+01
30 3.07674722760740e+01
30 2.96736594690931e+01
30 3.02232161974530e+01
30 3.04877538224223e+01
30 3.06795655893290e+01
30 3.01898670832351e+01
30 3.02827294406654e+01
30 2.96671305051369e+01
30 2.95267784689423e+01
30 3.05777494367522e+01
30 3.04414657775079e+01
30 2.99887820567803e+01
30 3.00016161611960e+01
30 3.14834347459176e+01
30 3.09786141588201e+01
30 3.04289277315056e+01
30 3.04147493196902e+01
30 3.01977127936050e+01
30 3.02916622291028e+01
30 3.03088710507818e+01
30 3.00860645343792e+01
30 2.98361008908783e+01
30 2.98120383740946e+01
30 2.93088644663338e+01
30 2.95658173784285e+01
30 3.06430031009158e+01
30 3.03126063557338e+01
30 3.00864028302435e+01
30 3.01733149088411e+01
30 2.95824763111451e+01
30 3.00399177485831e+01
30 2.92933987618248e+01
30 3.01050500275446e+01
30 2.95796648794618e+01
30 3.10776443697637e+01
30 3.04097018061207e+01
30 2.99634546249390e+01
30 3.10215306652934e+01
30 3.06464925354578e+01
30 3.05797346635410e+01
30 3.13854694323002e+01
30 2.93897625432465e+01
30 2.92203766442718e+01
30 2.90632201112083e+01
30 2.99948638097448e+01
30 3.00735642175367e+01
30 3.05409829318398e+01
30 2.99544592060592e+01
30 3.05304303355515e+01
30 2.99878048782345e+01
30 2.97077752467501e+01
30 2.98244464636955e+01
30 2.98245006910931e+01
30 3.07365024902679e+01
30 3.04545527441312e+01
30 3.05845693549379e+01
30 3.07267856675829e+01
30 3.00878648982420e+01
30 3.03902789757792e+01
30 3.01498876261816e+01
30 3.08085274817894e+01
30 3.12003794333457e+01
30 2.97389773341535e+01
30 2.98222679654542e+01
30 3.10391901014192e+01
30 3.09826705236868e+01
30 3.06259571045312e+01
30 3.10478253004867e+01
30 2.92190387346862e+01
30 2.93606821381147e+01
30 3.07166297232657e+01
30 3.13703345505690e+01
30 3.02002513945965e+01
30 3.04071206138126e+01
30 2.90907450164270e+01
30 3.03772310225385e+01
30 2.86206103981148e+01
30 2.89682508394507e+01
30 2.89749338878319e+01
30 2.99098723962076e+01
30 3.03937236426995e+01
30 3.05744750325944e+01
30 3.13513334736181e+01
30 2.98711241747889e+01
30 2.99617211824486e+01
30 3.06188709949790e+01
30 3.09819910520488e+01
30 3.06923379335941e+01
30 2.94637046520391e+01
30 2.95493131734922e+01
30 2.97953044402146e+01
30 3.02097481797809e+01
30 2.97205326622697e+01
30 2.96794780315358e+01
30 2.93696272405808e+01
30 3.07777872752810e+01
30 2.95973143524247e+01
30 3.02398956336120e+01
30 2.98369065962867e+01
30 3.00854881641122e+01
30 3.02483876067830e+01
30 3.00939892795415e+01
30 2.94749422176552e+01
30 2.96552965788688e+01
30 3.06555239719875e+01
30 2.93555535575276e+01
30 3.13168067454689e+01
30 3.07872926863120e+01
30 3.14210086618938e+01
30 2.99890064692991e+01
30 3.13540731955052e+01
30 2.95361060585559e+01
30 2.92146204513874e+01
30 2.95063035303771e+01
30 3.10697793504467e+01
30 2.95895792036794e+01
30 2.87832259392757e+01
30 2.92668672579552e+01
30 2.90306691645537e+01
30 2.94981416299855e+01
30 3.00193685148218e+01
30 3.05038685051905e+01
30 3.06832788325911e+01
30 3.08433439633460e+01
30 2.91582949539010e+01
30 2.92606653376532e+01
30 3.01680617668822e+01
30 2.93350641811382e+01
30 3.07112507099370e+01
30 3.04064927714531e+01
30 3.06747845831269e+01
30 3.06287577235637e+01
30 2.98720621094172e+01
30 3.07871160554987e+01
30 3.03439700983759e+01
30 3.06573892107218e+01
30 3.00439589784980e+01
30 2.83965471914253e+01
30 2.99778277099793e+01
30 3.05969524732996e+01
30 2.98302183624749e+01
30 2.94280346303297e+01
30 3.00547053400785e+01
30 3.12340996651826e+01
30 3.12679980015954e+01
30 3.07868244804785e+01
30 2.96975415306542e+01
30 3.05576904960812e+01
30 3.05185044653083e+01
30 2.92548316354008e+01
30 3.01437487193375e+01
30 2.96828911257968e+01
30 2.96214808305295e+01
30 2.93616321194590e+01
30 2.97676867735202e+01
30 3.07770761736485e+01
30 2.97605669238476e+01
30 3.05809479464943e+01
30 3.03829826259550e+01
30 3.09878302345330e+01
30 3.11841298610177e+01
30 3.06196546089535e+01
30 3.02540707887977e+01
30 3.08238553430555e+01
30 3.13880574596465e+01
30 2.99536946708769e+01
30 3.09161660426577e+01
30 2.97127252525954e+01
30 2.97578304740980e+01
30 2.93609662027195e+01
30 2.98306241760997e+01
30 3.04980585577732e+01
30 3.05204688549891e+01
30 3.07422352325070e+01
30 3.11775238913788e+01
30 3.04185616159023e+01
30 2.91304700435111e+01
30 2.95975812231806e+01
30 3.05554743674880e+01
30 3.07014642458134e+01
30 3.14978874191438e+01
30 3.11967868291096e+01
30 3.08704630981022e+01
30 3.02723165592492e+01
30 3.00724083236970e+01
30 3.07539807191764e+01
30 3.06934559146098e+01
30 2.99272134869703e+01
30 3.02514225844395e+01
30 2.98211717998447e+01
30 3.06090950588512e+01
30 3.01335276394769e+01
30 2.89075096778315e+01
30 3.06220794198310e+01
30 2.94381123603622e+01
30 3.03229398912530e+01
30 2.93804781188815e+01
30 2.99167064245068e+01
30 3.02830687438969e+01
30 3.14070874792326e+01
30 3.05785664424977e+01
30 2.96951522021268e+01
30 2.94100011793869e+01
30 3.03085595415999e+01
30 3.03278182855169e+01
30 2.94985334682634e+01
30 3.05213791911611e+01
30 3.10380677544092e+01
30 3.09694672295366e+01
30 3.02256959420279e+01
30 2.96163934820253e+01
30 3.01390674640807e+01
30 2.96815791931337e+01
30 2.99745217952533e+01
30 2.96626280198261e+01
30 3.05847396429107e+01
30 3.03764912101484e+01
30 3.04847870094723e+01
30 2.90890037547076e+01
30 2.99365696476772e+01
30 2.96257185536297e+01
30 2.85912843035988e+01
30 3.02151206894531e+01
30 3.06843457408019e+01
30 3.01432408167029e+01
30 3.09196531962262e+01
30 3.09077590544402e+01
30 3.05668261751305e+01
30 2.96063924664868e+01
30 3.04109547033020e+01
30 2.98704132550272e+01
30 3.07576949072779e+01
30 3.00475686914794e+01
30 3.02500796968996e+01
30 3.15048890650864e+01
30 3.02921409460481e+01
30 3.01208855989920e+01
30 3.08707893893495e+01
30 3.11532740836070e+01
30 3.19587303277139e+01
30 3.00349534566534e+01
30 3.03377307889814e+01
30 2.95028309391583e+01
30 3.06731258142344e+01
30 2.96332023964829e+01
30 3.11028719091739e+01
30 3.11654602541316e+01
30 3.05042537533097e+01
30 2.99293662554882e+01
30 3.07282124169890e+01
30 3.06422934879092e+01
30 2.96589040133882e+01
30 2.86084263275037e+01
30 3.03652223439013e+01
30 2.96022642655941e+01
30 2.99474182770992e+01
30 3.02583481884644e+01
30 2.95069352181951e+01
30 2.86138214785623e+01
30 2.91053558105454e+01
30 3.00570467293138e+01
30 2.93263060998161e+01
30 2.97729499088595e+01
30 2.91641772349206e+01
30 3.07486535778569e+01
30 3.00074752197500e+01
30 2.95781883493484e+01
30 3.05854586530348e+01
30 3.06574314193067e+01
30 2.96906000205998e+01
30 2.98314232634897e+01
30 2.93795958003776e+01
30 2.99585364565316e+01
30 3.00862641656812e+01
30 3.05375458105930e+01
30 3.00981608870726e+01
30 3.02251532608146e+01
30 2.96922322004805e+01
30 2.97873545124144e+01
30 3.00199134130574e+01
30 3.05895841040066e+01
30 3.00409105471317e+01
30 2.99899191105395e+01
30 3.03864127860618e+01
30 2.93432760349349e+01
30 2.97650202000739e+01
30 3.01591415377288e+01
30 3.09589890076503e+01
30 3.05658301294977e+01
30 3.09303817607825e+01
30 3.03973942221781e+01
30 3.02368362672100e+01
30 2.98906029104391e+01
30 3.00865365435019e+01
30 3.05963378823054e+01
30 3.02236028892050e+01
30 3.03291017081752e+01
30 3.02422174152176e+01
30 2.96576891740053e+01
30 3.09387544254901e+01
30 3.03279949909888e+01
30 3.04840903639675e+01
30 3.06318471472514e+01
30 2.92889605882718e+01
30 3.03806679674858e+01
30 3.01037809622650e+01
30 2.99477677137639e+01
30 2.97767741118874e+01
30 2.96477506531575e+01
30 3.07386792240556e+01
30 3.03111009915460e+01
30 2.93004872469153e+01
30 2.98177514529733e+01
30 3.12627549584879e+01
30 2.98476834309103e+01
30 2.95533669265419e+01
30 3.02844795128011e+01
30 3.05093877443507e+01
30 2.98774897071129e+01
30 3.03464688797000e+01
30 3.09018685806699e+01
30 3.15021403681370e+01
30 3.02377176667098e+01
30 3.05069651030506e+01
30 3.11631192595761e+01
30 2.95960181988523e+01
30 2.95893056677366e+01
30 3.00017958389128e+01
30 2.96699243188319e+01
30 3.15189324753668e+01
30 3.12457551657421e+01
30 3.15747191282663e+01
30 3.18069150919896e+01
30 3.11617496772603e+01
30 3.17983462514599e+01
30 3.01930644336846e+01
30 3.00894036845859e+01
30 3.11272905736667e+01
30 3.07093046959536e+01
30 3.10031502804317e+01
30 2.94108352423467e+01
30 3.00184495661625e+01
30 3.02555777201087e+01
30 3.04656158932044e+01
30 3.03272030754427e+01
30 2.94525129651127e+01
30 2.96106376793476e+01
30 2.98242729769100e+01
30 2.95534264359549e+01
30 3.06638483218221e+01
30 3.08166545559964e+01
30 2.90215211599123e+01
30 2.95196251874291e+01
30 2.89952798482869e+01
30 2.96428140475078e+01
30 2.93765796279717e+01
30 3.01261690272010e+01
30 3.06587962283295e+01
30 3.03692068613106e+01
30 2.95769378362634e+01
30 2.99560129567638e+01
30 2.89776405072201e+01
30 3.01635439251055e+01
30 3.10744782672485e+01
30 2.95982847239023e+01
30 2.98696590856570e+01
30 3.01266514617827e+01
30 2.98206236221340e+01
30 2.99657116727855e+01
30 3.03747785190815e+01
30 3.02210098477866e+01
30 2.97405192731812e+01
30 3.07737303616344e+01
30 3.04998487308557e+01
30 3.10211018322590e+01
30 3.05815816004038e+01
30 3.11173112781817e+01
30 3.02297760170141e+01
30 3.03453336779952e+01
30 3.10509796505780e+01
30 3.07002635959884e+01
30 2.97822476403806e+01
30 2.99878557228428e+01
30 2.95683067552919e+01
30 2.93366009713995e+01
30 2.93976269580771e+01
30 3.01824664944427e+01
30 2.99507100405512e+01
30 3.04594071893257e+01
30 3.01739780027224e+01
30 3.04156099902000e+01
30 3.03361331285978e+01
30 2.91980276810293e+01
30 2.96481797461502e+01
30 2.98922972147289e+01
30 3.02452579707962e+01
30 3.07570156617351e+01
30 3.12927306286126e+01
30 2.99382358860072e+01
30 3.08575693511964e+01
30 3.06148835586793e+01
30 2.98656170762579e+01
30 2.99392500530087e+01
30 3.03614918247135e+01
30 2.99405996638460e+01
30 3.02956429745116e+01
30 3.06296407279744e+01
30 2.98958083802186e+01
30 3.06767011113036e+01
30 3.10326900115141e+01
30 2.99596376314242e+01
30 3.09754378098036e+01
30 3.07794121168805e+01
30 2.96092240056194e+01
30 3.05607766096056e+01
30 3.10357076395466e+01
30 3.03270732537800e+01
30 3.06670344351432e+01
30 3.03411328976033e+01
30 2.98205420719885e+01
30 3.08198942979984e+01
30 2.96394679813764e+01
30 2.99280695105136e+01
30 3.09928813495278e+01
30 2.98749551206943e+01
30 2.93748275068128e+01
30 3.02889972521332e+01
30 3.07388479771544e+01
30 2.97055762226142e+01
30 2.96942367137389e+01
30 2.98992591783838e+01
30 3.05029735436886e+01
30 3.04622406624736e+01
30 3.10065946834320e+01
30 2.98658982311267e+01
30 2.97386674558781e+01
30 2.93011270570366e+01
30 2.96264517945410e+01
30 2.97056427091971e+01
30 2.98478920829258e+01
30 3.02543966817370e+01
30 3.07613641436779e+01
30 3.14981097636256e+01
30 3.09697074833566e+01
30 2.96878253867569e+01
30 3.02749997535169e+01
30 2.98261808978214e+01
30 3.02974884436197e+01
30 3.07478873560180e+01
30 3.02657208351867e+01
30 3.14426831987329e+01
30 3.12730148970177e+01
30 3.10904055686244e+01
30 3.03381620117664e+01
30 3.06089887314681e+01
30 3.00715496295021e+01
30 3.04595945330284e+01
30 3.09053708215611e+01
30 2.93055558842608e+01
30 3.02232849017199e+01
30 2.97505202792404e+01
30 3.00585362104672e+01
30 3.04046001271736e+01
30 2.95438506119690e+01
30 3.00366968946039e+01
30 2.94658436924432e+01
30 3.13190307294325e+01
30 2.98639968738393e+01
30 3.02369791478196e+01
30 2.92534571153538e+01
30 3.13679088353330e+01
30 3.02921041470245e+01
30 2.94566434021758e+01
30 3.03829300805068e+01
30 3.04597081231705e+01
30 3.10683046743939e+01
30 3.10883358536493e+01
30 3.07308409589855e+01
30 3.10651235323670e+01
30 3.04910004087535e+01
30 3.01254738910570e+01
30 3.01809500954344e+01
30 2.98872431125356e+01
30 3.00680745054545e+01
30 3.02718702506319e+01
30 3.08921588085303e+01
30 3.05415792178066e+01
30 3.09211282649960e+01
30 3.01258227758770e+01
30 3.02359777694686e+01
30 3.03063068353363e+01
30 2.99901030143957e+01
30 3.02761994972160e+01
30 2.98218052300691e+01
30 2.94698288093175e+01
30 2.87386678873983e+01
30 2.97294720987016e+01
30 2.90585937355777e+01
30 2.90767108141763e+01
30 2.94732054765387e+01
30 2.94246053611444e+01
30 2.96868974801133e+01
30 3.01073068941879e+01
30 2.99602619434082e+01
30 3.03006898828964e+01
30 2.89488153819498e+01
30 2.88091733363987e+01
30 3.02506076188818e+01
30 2.90327090485059e+01
30 3.05215140579932e+01
30 3.08433569504969e+01
30 2.96674956588716e+01
30 2.99386932820660e+01
30 3.03442925592124e+01
30 3.06567213470435e+01
30 2.92412311855784e+01
30 3.03999606888912e+01
30 3.02493165441515e+01
30 3.07702549790751e+01
30 3.07554069720607e+01
30 2.96165331770970e+01
30 3.08570478951746e+01
30 2.98299173640728e+01
30 3.06372392421532e+01
30 2.94577332286868e+01
30 3.01447993732515e+01
30 3.04832996722793e+01
30 3.09018205757421e+01
30 3.00572222014124e+01
30 2.96587841795892e+01
30 2.97230927845566e+01
30 3.01432600847339e+01
30 3.06746891035815e+01
30 2.96612688692222e+01
30 2.96274566774103e+01
30 3.00223323605331e+01
30 2.94840134134118e+01
30 2.98656139127473e+01
30 2.98182512338796e+01
30 3.04226103517972e+01
30 3.03462010449017e+01
30 3.04192348269877e+01
30 3.02113399297383e+01
30 2.96906832060325e+01
30 3.05876580121389e+01
30 3.03497723594969e+01
30 3.01692623708619e+01
30 3.01139558908495e+01
30 3.09413473079902e+01
30 3.01008169807584e+01
30 2.97373373856084e+01
30 2.93458729833345e+01
30 2.93333436612060e+01
30 2.96504736192112e+01
30 2.89073345867330e+01
30 2.93103586119810e+01
30 2.89697687185943e+01
30 2.93796407451367e+01
30 2.97590441805283e+01
30 2.99492480888061e+01
30 3.06296047134299e+01
30 3.15635888337196e+01
30 3.01157288346517e+01
30 3.09612545349603e+01
30 2.97271979185951e+01
30 2.98454783817335e+01
30 3.05419889648068e+01
30 3.03080383187531e+01
30 3.08273984172451e+01
30 3.03607645002889e+01
30 3.10361080848951e+01
30 3.14189537507550e+01
30 2.95980066723171e+01
30 3.04140931727943e+01
30 3.03616406879405e+01
30 3.09514936466483e+01
30 3.01660399308550e+01
30 3.06412004392545e+01
30 3.08494282872535e+01
30 3.05445649896497e+01
30 2.99254819458177e+01
30 3.01320301047844e+01
30 3.04414703508286e+01
30 3.04241030745163e+01
30 3.02158809013421e+01
30 3.00990622935492e+01
30 2.89265121121298e+01
30 2.95288232082745e+01
30 2.89249718766416e+01
30 2.94013666448480e+01
30 3.01280794653092e+01
30 2.95297588629285e+01
30 3.01015851244809e+01
30 3.02895918194030e+01
30 2.97418439901535e+01
30 3.02120394153386e+01
30 3.07221520345418e+01
30 3.00644285161400e+01
30 2.97429489415020e+01
30 3.03096653102812e+01
30 3.13508269138600e+01
30 3.01926192303786e+01
30 2.98204367535026e+01
30 2.94388433744455e+01
30 2.98218956314330e+01
30 2.93765353270310e+01
30 2.96908255381561e+01
30 2.96923057717852e+01
30 2.97392668715089e+01
30 2.96261889743453e+01
30 3.01205168756179e+01
30 3.06062057238503e+01
30 2.98851999037291e+01
30 2.88443910463749e+01
30 2.93899525672287e+01
30 2.92911769200435e+01
30 2.92533772293340e+01
30 2.94324495856972e+01
30 3.05231478921332e+01
30 2.97790064746761e+01
30 3.00682042128257e+01
30 3.05806600980273e+01
30 2.94523060964274e+01
30 3.03260421146183e+01
30 3.02713720301566e+01
30 2.96501118055141e+01
30 3.02365471758087e+01
30 3.12723479525112e+01
30 3.06612281640183e+01
30 2.99763762837909e+01
30 2.91173733585660e+01
30 3.08223765477956e+01
30 3.03044816387259e+01
30 3.03958095969827e+01
30 3.01801881926880e+01
30 3.01821647172657e+01
30 3.01935446505060e+01
30 2.86138080954498e+01
30 2.94862417924605e+01
30 2.93005094916015e+01
30 2.95421758818038e+01
30 2.98694297907913e+01
30 2.99821155397312e+01
30 3.01843986525281e+01
30 3.00956509492935e+01
30 2.97147145640686e+01
30 2.96560926059015e+01
30 3.05412325819069e+01
30 2.95884182792856e+01
30 2.99405511492031e+01
30 2.93848978032831e+01
30 3.08101917557086e+01
30 2.89967332011286e+01
30 2.93546151857035e+01
30 3.02815773312154e+01
30 3.09996302933288e+01
30 2.91001765204895e+01
30 2.97251957118024e+01
30 3.06684294681695e+01
30 2.97533614397331e+01
30 2.91410755438014e+01
30 3.00702829293589e+01
30 2.97957138562272e+01
30 3.03314072096790e+01
30 2.98427781315956e+01
30 3.11642070414991e+01
30 3.00565741006691e+01
30 3.05585969152669e+01
30 3.02140382925609e+01
30 3.09858670201121e+01
30 3.04729000339748e+01
30 2.99925896862940e+01
30 2.94085622017365e+01
30 3.15019389728437e+01
30 3.09127199110826e+01
30 3.07055313401977e+01
30 3.03430526261942e+01
30 3.05248104538243e+01
30 3.06112931131195e+01
30 3.13388971667884e+01
30 3.01519457968837e+01
30 2.94346406878960e+01
30 3.10113598962471e+01
30 2.91708027722426e+01
30 2.86029527307808e+01
30 2.99659910502481e+01
30 3.02588838972927e+01
30 3.05137028060335e+01
30 2.93844288247852e+01
30 3.06606540811248e+01
30 3.05081996816895e+01
30 2.99780909846234e+01
30 2.88521625162471e+01
30 3.10580588876330e+01
30 2.90194850524343e+01
30 3.01460017677648e+01
30 2.93142852974169e+01
30 3.13086102619156e+01
30 3.03274590537530e+01
30 2.98285888222005e+01
30 2.88503665723275e+01
30 2.97218438666000e+01
30 2.88482525911475e+01
30 3.00047132220802e+01
30 2.91693497941219e+01
30 3.04942411104036e+01
30 3.16306881516285e+01
30 3.00937909246728e+01
30 3.03273869117642e+01
30 3.09039687571216e+01
30 3.05924421008493e+01
30 2.94160100880634e+01
30 3.01668093528062e+01
30 2.92591539402476e+01
30 3.01109808255292e+01
30 3.07254326729812e+01
30 3.02834509204968e+01
30 3.06831842131271e+01
30 3.13507829163332e+01
30 3.14984519270465e+01
30 3.12557399074764e+01
30 3.03201372073722e+01
30 3.03834483115317e+01
30 3.04736955933853e+01
30 3.07373557808798e+01
30 3.01843451997785e+01
30 3.00370932775172e+01
30 3.00200128322905e+01
30 2.86449326308750e+01
30 2.91853017797978e+01
30 2.94702492904909e+01
30 2.98350173172667e+01
30 3.00238326723432e+01
30 2.92979486928452e+01
30 2.99185223162615e+01
30 3.00293086895085e+01
30 3.09576952693715e+01
30 3.00172047846421e+01
30 2.98541733522402e+01
30 3.04924433225388e+01
30 2.99305612872771e+01
30 3.03131171175325e+01
30 3.06743854864199e+01
30 3.04362565684072e+01
30 3.08399804322902e+01
30 3.00973058618494e+01
30 2.96970527436534e+01
30 3.03906796060631e+01
30 2.95646954729551e+01
30 2.98967028609067e+01
30 3.05137058334809e+01
30 3.04844664245162e+01
30 2.94523965822259e+01
30 2.96352483056686e+01
30 3.08547180597424e+01
30 2.95019269733233e+01
30 2.94840709904854e+01
30 3.10819351894338e+01
30 3.07810811524224e+01
30 2.99522195452919e+01
30 2.92627643624693e+01
30 2.99782428995562e+01
30 2.93667413044232e+01
30 3.00744344582274e+01
30 3.06497975111950e+01
30 3.00236961193655e+01
30 3.01770703702633e+01
30 2.97838289101020e+01
30 3.03865160015132e+01
30 3.05431920064598e+01
30 3.01899938641846e+01
30 3.05194070400059e+01
30 2.95436653243871e+01
30 3.09736393758695e+01
30 3.07101379643375e+01
30 3.01683966452525e+01
30 2.98285751613082e+01
30 2.93799555142234e+01
30 2.90887590473394e+01
30 2.98753208390578e+01
30 3.03463861273549e+01
30 3.07438819634533e+01
30 3.00518228121513e+01
30 3.05872877819952e+01
30 2.99465737358380e+01
30 3.07628308759302e+01
30 3.08718782356254e+01
30 3.04579134782801e+01
30 3.09045055161408e+01
30 3.05917485562537e+01
30 3.05318055132039e+01
30 2.84387602155614e+01
30 2.93203548161478e+01
30 2.96563552465630e+01
30 3.05734289641281e+01
30 3.06735895971097e+01
30 2.96046530474459e+01
30 2.95984665727031e+01
30 2.95926542835496e+01
30 2.97579814510762e+01
30 2.95082656407930e+01
30 2.97911684282869e+01
30 3.04807801847813e+01
30 2.98707232199478e+01
30 3.10111175031802e+01
30 3.03509805470537e+01
30 2.85822271248128e+01
30 2.99569838945303e+01
30 2.91335511291080e+01
30 2.93446177790666e+01
30 3.05344947617000e+01
30 2.98387522526719e+01
30 3.01858076399038e+01
30 2.99095357193070e+01
30 2.96793269221634e+01
30 3.04760524351209e+01
30 3.04370400822491e+01
30 2.96791098210222e+01
30 3.00446003370477e+01
30 3.02580023122210e+01
30 2.94874208636040e+01
30 3.05314247687434e+01
30 3.04041160565421e+01
30 3.09920963657889e+01
30 3.03748470222956e+01
30 2.93738694252447e+01
30 2.89607194820227e+01
30 2.99550748023990e+01
30 2.98155020624380e+01
30 2.93786799232957e+01
30 2.99168188578572e+01
30 3.03756017516791e+01
30 2.96954135769251e+01
30 2.99611296044174e+01
30 2.98902261838438e+01
30 3.07706009302881e+01
30 3.00665509569484e+01
30 3.09662428301468e+01
30 3.14347022024846e+01
30 3.08478453945327e+01
30 3.06743917132726e+01
30 3.05688860367625e+01
30 3.08852600792898e+01
30 3.01528333449315e+01
30 3.01153254903960e+01
30 3.07481340505796e+01
30 3.02961518317820e+01
30 2.99825794253262e+01
30 2.97310621590466e+01
30 2.91669275718119e+01
30 3.03052519559355e+01
30 3.05398625834064e+01
30 2.89769884298773e+01
30 2.99830745711374e+01
30 2.99606229151188e+01
30 2.98121294317256e+01
30 2.97253779885018e+01
30 3.05201289806779e+01
30 3.10601471727399e+01
30 3.05944889713040e+01
30 3.03734095193135e+01
30 3.12745937063019e+01
30 3.12297246384519e+01
30 3.04285388365878e+01
30 2.95559690238473e+01
30 3.05613655184483e+01
30 3.11218619735070e+01
30 3.07921711371375e+01
30 2.86608392582885e+01
30 3.04356300949521e+01
30 2.98355080974392e+01
30 2.92865652584790e+01
30 2.90934913519641e+01
30 2.92153271389473e+01
30 2.94127599155726e+01
30 3.03437927448333e+01
30 2.93250739923709e+01
30 3.04484504579956e+01
30 3.06267251547557e+01
30 3.00322173752513e+01
30 2.99131891425127e+01
30 2.93002112100730e+01
30 2.90020047470285e+01
30 3.00220737960571e+01
30 2.93037328567663e+01
30 2.95051409129587e+01
30 2.98809376606831e+01
30 2.93268530498864e+01
30 2.92147194756375e+01
30 2.92217150368964e+01
30 2.87176670587273e+01
30 2.99147865746257e+01
30 2.92798858522653e+01
30 2.89286002446091e+01
30 2.95031652065352e+01
30 3.02774643297289e+01
30 3.06521336023605e+01
30 3.01614565509611e+01
30 3.10752994390214e+01
30 2.98746817457704e+01
30 3.01916106646867e+01
30 3.01863921647917e+01
30 2.95152882002953e+01
30 3.06593999526298e+01
30 2.91975308746413e+01
30 2.98542589235707e+01
30 3.01779776634499e+01
30 2.99867646929823e+01
30 2.95215207563634e+01
30 2.99913665790843e+01
30 2.97157772669374e+01
30 3.00694224779850e+01
30 3.00905618812550e+01
30 2.97700100706556e+01
30 2.90961914083748e+01
30 3.05467259287189e+01
30 3.05846130637001e+01
30 3.00139483591860e+01
30 3.04328521695319e+01
30 3.01346167469883e+01
30 3.00861999768546e+01
30 3.06647427260872e+01
30 2.95635088369307e+01
30 2.89423609375770e+01
30 2.95218891203368e+01
30 2.98474838953190e+01
30 3.06914579952514e+01
30 3.05327459946878e+01
30 2.94278277569851e+01
30 2.99951601901932e+01
30 3.02407858477115e+01
30 2.94059123801798e+01
30 3.08621790551182e+01
30 3.03287113210523e+01
30 3.02031573283394e+01
30 2.93678310238187e+01
30 3.06251945178411e+01
30 2.99989068356488e+01
30 3.00617766133503e+01
30 3.05805221953164e+01
30 3.02991147387580e+01
30 3.07259510347689e+01
30 2.96930510025397e+01
30 3.07583943412541e+01
30 3.03654093177636e+01
30 2.98470979083693e+01
30 3.05306123577118e+01
30 3.09980403261911e+01
30 2.89176719002419e+01
30 2.94977041626543e+01
30 3.01623750920121e+01
30 3.06648870772209e+01
30 3.06685750711398e+01
30 3.00423904356521e+01
30 2.89177297728414e+01
30 2.89252988876474e+01
30 3.06294320858350e+01
30 3.12577328295965e+01
30 3.03354465379701e+01
30 2.93240271976142e+01
30 2.89254070894511e+01
30 2.92830697156129e+01
30 2.91547225313699e+01
30 2.93996022769499e+01
30 2.98786947963081e+01
30 3.10436101158292e+01
30 3.08355390746972e+01
30 2.95502580759134e+01
30 3.01705471229347e+01
30 3.03030213531931e+01
30 2.99145807211442e+01
30 3.06454841999317e+01
30 2.97583292193098e+01
30 3.00262938027212e+01
30 2.98059164938875e+01
30 3.03229090233786e+01
30 2.98249533132770e+01
30 2.96392994140966e+01
30 3.01297650283863e+01
30 2.97983278270433e+01
30 3.02166120581756e+01
30 3.04826198864864e+01
30 3.05506805670143e+01
30 3.02875711859939e+01
30 2.96333787269878e+01
30 2.92945233519998e+01
30 3.03484608882319e+01
30 3.01331030899334e+01
30 3.04905474565944e+01
30 3.02857670045864e+01
30 2.85539602690445e+01
30 2.96455444630500e+01
30 2.92051635287316e+01
30 2.99127602815787e+01
30 3.01781205754408e+01
30 3.13066659403979e+01
30 2.98251422539481e+01
30 2.94241687002613e+01
30 2.91194351583453e+01
30 3.04463329006285e+01
30 2.97818986883042e+01
30 3.08139967482218e+01
30 2.93950095046048e+01
30 2.89367325620903e+01
30 3.02762357823236e+01
30 3.00278434297234e+01
30 3.13482685611633e+01
30 2.93265136407947e+01
30 3.09912316737614e+01
30 2.99128566891990e+01
30 2.89561653100709e+01
30 2.96073663796833e+01
30 2.94644801931736e+01
30 2.94622143683998e+01
30 2.92358530743915e+01
30 3.03901610963740e+01
30 3.02366682590378e+01
30 3.05661621147647e+01
30 3.00895599804660e+01
30 3.00967619518692e+01
30 3.05057927220926e+01
30 3.03410410157150e+01
30 3.01341387812155e+01
30 3.01593639511179e+01
30 3.06238072712724e+01
30 3.01683339531523e+01
30 2.98242881165967e+01
30 3.06601408014034e+01
30 2.91858050201152e+01
30 2.99122362071996e+01
30 3.01269121373170e+01
30 2.92872976498376e+01
30 3.01858450766489e+01
30 2.90501146070090e+01
30 2.91773157083802e+01
30 2.90587944473204e+01
30 3.10620505340146e+01
30 3.05822171800163e+01
30 3.10327981370363e+01
30 3.06855827602389e+01
30 3.14369507563752e+01
30 3.09919964168605e+01
30 3.01393805187694e+01
30 3.03316809658155e+01
30 3.08296058423785e+01
30 3.04211144435481e+01
30 3.06903394252048e+01
30 3.09592457020397e+01
30 3.03905005579354e+01
30 3.04677413857273e+01
30 3.10076934305782e+01
30 3.02816215411501e+01
30 3.08729951632705e+01
30 3.01532263661963e+01
30 3.00260274694261e+01
30 3.08190120172218e+01
30 3.00099611905894e+01
30 3.00492823964710e+01
30 3.07346623010375e+01
30 3.02193618886988e+01
30 2.94758658600296e+01
30 3.09489682929712e+01
30 2.98693803592846e+01
30 3.07065297710381e+01
30 3.10361235279768e+01
30 3.06615206367118e+01
30 3.10133588547751e+01
30 2.94140601091464e+01
30 3.03791806746030e+01
30 2.99193781859296e+01
30 2.99370175533071e+01
30 3.10328220681679e+01
30 3.01156333856372e+01
30 2.99563665152897e+01
30 2.94462600212089e+01
30 2.90072357970572e+01
30 2.90109839215055e+01
30 2.93235514442473e+01
30 2.94358860368951e+01
30 2.91008384104576e+01
30 2.96235274046708e+01
30 3.00160920957311e+01
30 2.93874080195654e+01
30 3.02358829049847e+01
30 2.99944062255452e+01
30 3.00821289449315e+01
30 2.86441962530136e+01
30 3.01724004521606e+01
30 2.99428507687935e+01
30 2.98297898248967e+01
30 3.10474564882587e+01
30 2.99944848749226e+01
30 3.03370702275197e+01
30 3.03700574691993e+01
30 3.03091408761620e+01
30 2.95977655602732e+01
30 2.98716525848321e+01
30 3.10501443161895e+01
30 3.06204058684212e+01
30 3.06823982186559e+01
30 3.10425337120622e+01
30 3.01405099113331e+01
30 2.95339498811529e+01
30 2.90998970012030e+01
30 2.89123596662916e+01
30 2.98116823177790e+01
30 2.90798981038804e+01
30 2.94388947481109e+01
30 3.02057705674256e+01
30 3.04077858603937e+01
30 3.03843093511832e+01
30 3.00065321737974e+01
30 2.98211273664542e+01
30 3.09817452067674e+01
30 2.99094168270048e+01
30 2.98515606756735e+01
30 3.02339303404755e+01
30 2.96372341791376e+01
30 2.98046661370059e+01
30 3.08382885536789e+01
30 3.04712552521325e+01
30 3.01014844990801e+01
30 3.00153903798541e+01
30 2.88751360085148e+01
30 2.93947192857811e+01
30 3.00230611614187e+01
30 3.04123946165285e+01
30 3.04967840535999e+01
30 3.14561680631215e+01
30 3.00562081398292e+01
30 2.94731780239386e+01
30 2.96890466120554e+01
30 3.09711629060837e+01
30 3.10786568546387e+01
30 3.01907122448533e+01
30 3.00605742486089e+01
30 3.14538071766787e+01
30 2.93593126101955e+01
30 2.99441212730633e+01
30 2.88763269881436e+01
30 3.01164727800158e+01
30 2.93416727466804e+01
30 2.95295335469854e+01
30 3.08223377062741e+01
30 3.03208842139188e+01
30 2.98220735908796e+01
30 3.00673426842425e+01
30 2.96798155744694e+01
30 3.00909909978511e+01
30 2.95954656141317e+01
30 2.90549104471931e+01
30 3.02389187877174e+01
30 3.05024571124854e+01
30 2.96932461151632e+01
30 2.91024484413673e+01
30 2.90961736224985e+01
30 2.97852141919548e+01
30 3.01265752834989e+01
30 2.91823512203980e+01
30 2.98608264364280e+01
30 3.19684738350785e+01
30 2.90833275353425e+01
30 2.96089132954697e+01
30 2.92223052679365e+01
30 3.07530669739208e+01
30 2.93665611791453e+01
30 2.98514577667800e+01
30 3.02437350880794e+01
30 3.06410386906751e+01
30 3.04999466143667e+01
30 2.99880876482962e+01
30 3.08379147759084e+01
30 2.96340871739407e+01
30 3.11176956066399e+01
30 2.96665737451285e+01
30 3.10620509014347e+01
30 3.04136376128609e+01
30 3.00861474698732e+01
30 2.96520535077835e+01
30 3.04651296477103e+01
30 3.04350821157829e+01
30 3.03299617835788e+01
30 3.00121929316024e+01
30 2.95909404604862e+01
30 2.92561016222110e+01
30 2.94967347326522e+01
30 3.01614632594699e+01
30 3.01942183737061e+01
30 2.84423401429739e+01
30 2.95930551484184e+01
30 3.10479888686394e+01
30 3.02410011676904e+01
30 3.08109445500689e+01
30 2.92428104352847e+01
30 3.00634641301880e+01
30 3.11845461626269e+01
30 3.01443190932175e+01
30 3.04701967046300e+01
30 3.07629949906754e+01
30 2.98114936146607e+01
30 3.01222849725649e+01
30 2.92244322483016e+01
30 3.05033996299060e+01
30 2.98117334353947e+01
30 3.00614559026190e+01
30 2.97471104254585e+01
30 2.94980576759283e+01
30 3.00400419557358e+01
30 2.93134733625551e+01
30 2.93157821853422e+01
30 3.00199996144098e+01
30 3.05924641826245e+01
30 2.97421518862283e+01
30 2.90985842237964e+01
30 3.05032932130003e+01
30 2.97844076059505e+01
30 2.91500189970020e+01
30 3.01235096362783e+01
30 3.02642236182502e+01
30 2.99024837102095e+01
30 2.95858239342307e+01
30 2.92663015896792e+01
30 3.04121245888830e+01
30 3.03198585720602e+01
30 2.93547058506763e+01
30 3.03514601060048e+01
30 2.85183398532574e+01
30 3.03348151861483e+01
30 3.03336101467326e+01
30 2.98123440224486e+01
30 2.93806365652720e+01
30 2.95415922653650e+01
30 3.04255280455063e+01
30 3.07373889658909e+01
30 3.00022002932396e+01
30 3.06057085857818e+01
30 2.85609708184900e+01
30 2.92860523275068e+01
30 2.97075245668320e+01
30 3.05567104540450e+01
30 3.03083286575142e+01
30 2.93026189013359e+01
30 3.04466359759763e+01
30 2.99983788010799e+01
30 3.04469547166054e+01
30 2.97874103360338e+01
30 3.03852839143788e+01
30 3.07256653210953e+01
30 3.05820085565209e+01
30 3.01297456832314e+01
30 2.86221546159772e+01
30 3.07557805250851e+01
30 2.98880011115934e+01
30 3.08332039930020e+01
30 3.09158925303313e+01
30 3.03250710809181e+01
30 3.02367191334723e+01
30 3.06169786820646e+01
30 3.04925086250458e+01
30 2.94976047776030e+01
30 2.95922167358160e+01
30 2.92246484153398e+01
30 3.00686823950921e+01
30 3.02112973864250e+01
30 3.09711988909945e+01
30 3.05233831867403e+01
30 3.07923762483951e+01
30 3.08732636110689e+01
30 3.03533025841269e+01
30 3.00660979199457e+01
30 2.89803409803840e+01
30 3.06835899007608e+01
30 2.96844625923320e+01
30 2.92564946915599e+01
30 2.87319951718792e+01
30 2.94726410023327e+01
30 3.07152144173103e+01
30 3.07218119209850e+01
30 2.95237001591534e+01
30 2.99675189653847e+01
30 3.04714120964833e+01
30 2.99040686383982e+01
30 2.99104773748195e+01
30 2.99153463247888e+01
30 2.98110743970534e+01
30 2.95160371846463e+01
30 3.06910061063190e+01
30 3.06340668196498e+01
30 3.05411154840132e+01
30 3.07250262589266e+01
30 3.02727636238580e+01
30 2.98839875016525e+01
30 2.96027473080058e+01
30 2.97940497020894e+01
30 2.97754387416805e+01
30 3.04426476742014e+01
30 3.02450872718592e+01
30 3.01676449418158e+01
30 2.94635035167486e+01
30 3.03936704651697e+01
30 3.10369908986719e+01
30 3.09240025231427e+01
30 3.10220783241417e+01
30 2.97166635472230e+01
30 3.01853099898380e+01
30 2.89940459121797e+01
30 2.89056889740255e+01
30 2.99987544451890e+01
30 2.95429445144943e+01
30 2.96457997449868e+01
30 2.82662879807461e+01
30 3.03626301934962e+01
30 2.95936762604018e+01
30 2.91080220015245e+01
30 3.01050635615572e+01
30 2.89211360197793e+01
30 2.93023314361917e+01
30 2.95814610683192e+01
30 3.04769163128325e+01
30 3.06101738919933e+01
30 2.96667276703645e+01
30 3.03794546542188e+01
30 3.04539791594051e+01
30 2.92555142128908e+01
30 3.07254206880187e+01
30 3.03882402084407e+01
30 3.10963299633680e+01
30 3.07746750808105e+01
30 3.05137386541013e+01
30 2.95176146566716e+01
30 2.97097257141769e+01
30 2.87515618532787e+01
30 3.02757688496283e+01
30 3.01857075695401e+01
30 3.01999161081807e+01
30 3.01665590192004e+01
30 2.95060511438596e+01
30 3.05714363909615e+01
30 3.00885670650739e+01
30 2.92243140579618e+01
30 2.95914200381849e+01
30 2.93131920548634e+01
30 2.95576794685718e+01
30 3.01559333298338e+01
30 3.01341402372923e+01
30 3.03849076832165e+01
30 2.94076055694476e+01
30 2.82361251916518e+01
30 2.89883798865799e+01
30 2.93342237306990e+01
30 3.06284031569120e+01
30 2.98802089090000e+01
30 2.87954539016118e+01
30 2.92640747536461e+01
30 2.79519461719291e+01
30 2.97721083673407e+01
30 2.89343906468174e+01
30 2.95830703966882e+01
30 3.02177840966819e+01
