6 6.34647702842449e+00
6 6.52620104269923e+00
6 7.20023134138676e+00
6 6.15611893237971e+00
6 6.56068192732782e+00
6 6.67792196945680e+00
6 6.37970126752324e+00
6 6.51319654376645e+00
6 6.55312443173164e+00
6 5.87394557541006e+00
6 5.85119970943396e+00
6 7.30426490370964e+00
6 6.45081152898775e+00
6 6.39915574436456e+00
6 7.25911332549499e+00
6 6.10538824604839e+00
6 6.55852532258905e+00
6 6.86516151945500e+00
6 7.34965142743583e+00
6 7.12885828473376e+00
6 7.52025251407814e+00
6 7.55443017937393e+00
6 7.33185303449692e+00
6 7.64577223481397e+00
6 7.64379992401674e+00
6 7.11243009014260e+00
6 6.85304454003273e+00
6 6.68604238534675e+00
6 6.95017580395868e+00
6 6.56194254312445e+00
6 6.93480725986203e+00
6 7.16654555361110e+00
6 7.39159139172059e+00
6 6.80123799815328e+00
6 6.31297708875047e+00
6 5.93335609545949e+00
6 6.25948115810688e+00
6 6.89673673774771e+00
6 6.38334377550617e+00
6 5.83657119071062e+00
6 6.26984587662026e+00
6 6.47327847348917e+00
6 7.16882881416498e+00
6 5.99867638861971e+00
6 5.31605908660365e+00
6 5.33970941279471e+00
6 6.10532255415097e+00
6 5.81333235918162e+00
6 6.25163149379925e+00
6 6.11073813585529e+00
6 6.86661640416723e+00
6 5.94955855208801e+00
6 6.35179501485460e+00
6 6.06507671518620e+00
6 5.78265873058369e+00
6 5.44913866060302e+00
6 6.49768073050794e+00
6 5.25954454371288e+00
6 6.85562914113137e+00
6 6.49455040572908e+00
6 6.53015245606181e+00
6 5.85809015570429e+00
6 6.02365013477407e+00
6 7.07726570560297e+00
6 6.97293452599202e+00
6 7.18852099264489e+00
6 6.60257130257864e+00
6 6.30817134376841e+00
6 6.89685641021920e+00
6 7.21323827414322e+00
6 6.53031390771992e+00
6 6.92491733440098e+00
6 7.52441323441138e+00
6 7.22340616135235e+00
6 6.20922362096300e+00
6 6.51032291623554e+00
6 6.51404383833440e+00
6 5.99804556393878e+00
6 5.81158226920429e+00
6 5.77921193295636e+00
6 6.58466003712662e+00
6 5.75777940482551e+00
6 5.77979762163552e+00
6 6.42772626561427e+00
6 6.43115268484458e+00
6 6.41492448360895e+00
6 6.14209049018948e+00
6 5.87909029787357e+00
6 6.17397547299101e+00
6 6.45307662923060e+00
6 6.36929979470664e+00
6 6.85094025932106e+00
6 6.71943456153698e+00
6 7.19673134979109e+00
6 6.24127073831564e+00
6 7.36060122923577e+00
6 6.33192723705885e+00
6 6.99265355627550e+00
6 6.77885015469141e+00
6 6.85427708237140e+00
6 7.22783883128985e+00
6 7.44651324782106e+00
6 7.89489608977495e+00
6 7.16949199632587e+00
6 7.41630785571044e+00
6 6.94826412370451e+00
6 6.90385325353858e+00
6 7.86789420202226e+00
6 8.06750657436084e+00
6 6.06500108540961e+00
6 7.30163138612886e+00
6 7.31768814685508e+00
6 7.40116524793339e+00
6 6.87499911996608e+00
6 7.18251707420428e+00
6 7.06106827670061e+00
6 6.60629587841827e+00
6 6.47188199485449e+00
6 7.18282639718194e+00
6 7.67897507298695e+00
6 7.22001050937188e+00
6 7.31086282499791e+00
6 8.14270267154578e+00
6 7.38157200273896e+00
6 7.35178765397821e+00
6 7.01349608540294e+00
6 6.00935274989219e+00
6 6.50254253979475e+00
6 7.35154270828152e+00
6 6.38001832012984e+00
6 5.79410942605411e+00
6 5.87229518755596e+00
6 5.75994849860550e+00
6 5.15392380059026e+00
6 6.14590704973242e+00
6 6.06872600904773e+00
6 6.18522011952928e+00
6 6.92264942925158e+00
6 7.15615033184822e+00
6 5.89077449681787e+00
6 6.24735785831620e+00
6 6.15934815500376e+00
6 6.05967065235510e+00
6 5.68611089112329e+00
6 5.69490611902675e+00
6 6.56429335788996e+00
6 7.14322838655886e+00
6 6.61225661042621e+00
6 6.97679151137719e+00
6 6.79699043449733e+00
6 7.24143108511584e+00
6 7.11835278578145e+00
6 7.63903508583412e+00
6 6.45862190801353e+00
6 5.77277770726986e+00
6 5.94525016296618e+00
6 5.96226443909805e+00
6 6.89835827732552e+00
6 6.01144664908949e+00
6 6.31618291342672e+00
6 6.45964224099252e+00
6 6.48641636021147e+00
6 6.28374677242519e+00
6 6.49717151766981e+00
6 6.98652835531246e+00
6 7.36878461505820e+00
6 6.46246562054026e+00
6 6.88817096319775e+00
6 6.60199458437194e+00
6 7.36589971903024e+00
6 6.58115023425433e+00
6 6.04933127040362e+00
6 6.08520850173879e+00
6 6.61541126411083e+00
6 6.81287028382761e+00
6 6.97452486562767e+00
6 6.30491685341916e+00
6 6.40408186862005e+00
6 6.61492613707529e+00
6 5.87204464609537e+00
6 6.69025234079048e+00
6 6.29708045401172e+00
6 6.66633689964181e+00
6 6.40467373972728e+00
6 6.94968122002298e+00
6 7.31328790947283e+00
6 6.41981653357996e+00
6 6.31925252899185e+00
6 6.35796653539294e+00
6 5.88667096308427e+00
6 6.38724873832151e+00
6 5.42606622104615e+00
6 6.01216081390593e+00
6 5.67932142785811e+00
6 6.00890150322909e+00
6 8.02604006568107e+00
6 7.68497120214035e+00
6 7.57356071942657e+00
6 6.89758687403425e+00
6 6.89434418944490e+00
6 7.15834132672455e+00
6 5.93419135314372e+00
6 6.56162510448899e+00
6 6.75867307739645e+00
6 7.03449323047471e+00
6 6.06139982534981e+00
6 7.08053561213840e+00
6 6.04592165343280e+00
6 6.84787848538992e+00
6 6.90771182809411e+00
6 6.58200136798427e+00
6 6.47945269198739e+00
6 7.77359492681075e+00
6 7.29049334034117e+00
6 6.85498881096426e+00
6 7.61807429951686e+00
6 6.81993746778142e+00
6 7.25475101531768e+00
6 6.51216975835556e+00
6 6.75910139138974e+00
6 6.53635123544824e+00
6 6.62767379214919e+00
6 6.51551659741284e+00
6 6.78433247909473e+00
6 6.58494649861781e+00
6 6.98874363612907e+00
6 6.10091878743001e+00
6 6.63502796512528e+00
6 6.79008027845364e+00
6 7.32213736192640e+00
6 7.50146564349950e+00
6 6.80491167192066e+00
6 6.97916735064701e+00
6 6.97561622758437e+00
6 6.77226667577687e+00
6 6.12538704698909e+00
6 5.81603177323073e+00
6 6.82758894188013e+00
6 6.71472410585346e+00
6 7.50306023634404e+00
6 7.00011518876463e+00
6 7.06235126397503e+00
6 7.27867187317279e+00
6 6.92763975883963e+00
6 5.84431067611621e+00
6 6.32916417873946e+00
6 6.84030682509272e+00
6 6.40222839872290e+00
6 6.44620932373594e+00
6 6.67886186100644e+00
6 6.43140682702925e+00
6 7.19256714026419e+00
6 7.11544375098101e+00
6 6.63746207475324e+00
6 6.45623323862569e+00
6 7.21052645497458e+00
6 6.91238486946555e+00
6 6.65666347666369e+00
6 6.56058843160514e+00
6 6.95933489389394e+00
6 6.31082786469781e+00
6 5.58485820065349e+00
6 5.39582224130115e+00
6 6.24574268157193e+00
6 5.68232781011567e+00
6 5.99560419141568e+00
6 6.92035673626941e+00
6 6.41036822971385e+00
6 7.49013257793315e+00
6 6.96926466881573e+00
6 7.29315373834435e+00
6 6.99886527845000e+00
6 6.57016790573520e+00
6 6.58503482551670e+00
6 6.81396768895245e+00
6 6.90799918414054e+00
6 6.39104915845923e+00
6 7.31474080865346e+00
6 7.23603185637352e+00
6 8.09218447719336e+00
6 7.19901410117286e+00
6 7.25480953727962e+00
6 7.46073246390286e+00
6 7.61463259230532e+00
6 6.92203506370522e+00
6 7.58273955382036e+00
6 6.99391360681297e+00
6 6.61136260257039e+00
6 7.00352915380216e+00
6 6.14931737324298e+00
6 6.62781011960890e+00
6 5.20964642911750e+00
6 5.29561916941155e+00
6 5.94652165301497e+00
6 6.18060541162447e+00
6 5.02238292237860e+00
6 4.83375509530959e+00
6 6.00595752821535e+00
6 6.34999712560850e+00
6 6.16673287676615e+00
6 6.00372188702947e+00
6 6.18082905464165e+00
6 6.24793026427971e+00
6 6.18878272891159e+00
6 6.82493745773139e+00
6 6.85081165031053e+00
6 6.67772933769496e+00
6 6.82075845205213e+00
6 6.75625772193813e+00
6 6.15897046183463e+00
6 6.16595818892438e+00
6 6.76599843430979e+00
6 6.38922646251392e+00
6 6.45819266989209e+00
6 6.49404396596905e+00
6 6.59974454970271e+00
6 6.08443478841719e+00
6 6.56623700583215e+00
6 6.80101880790427e+00
6 6.91998209068495e+00
6 7.13393547640630e+00
6 7.14878993354857e+00
6 6.35962401859872e+00
6 6.54909793760128e+00
6 7.53504261339982e+00
6 7.70546774387698e+00
6 8.05122033529907e+00
6 7.82558229632464e+00
6 8.13596078855369e+00
6 7.27233341517774e+00
6 7.51643160140390e+00
6 6.67849048252004e+00
6 6.82345465328096e+00
6 6.70686027021338e+00
6 6.30633456001305e+00
6 6.59766645790816e+00
6 6.77795528288490e+00
6 6.98148842854113e+00
6 6.60059213275660e+00
6 6.54919000446109e+00
6 6.41867508381736e+00
6 6.08751967118770e+00
6 6.70142806422305e+00
6 7.20884464861786e+00
6 6.70454114789377e+00
6 5.80368705627136e+00
6 6.83916756603345e+00
6 6.33813657200838e+00
6 5.80485074222997e+00
6 6.14060152949828e+00
6 6.39966097905243e+00
6 6.00396676634773e+00
6 6.76362150683590e+00
6 6.80857557215334e+00
6 6.40093692672629e+00
6 5.98668467813920e+00
6 5.74443649816510e+00
6 6.37612368197372e+00
6 6.00418397740499e+00
6 6.68847576568328e+00
6 7.14856016425427e+00
6 6.76356603024283e+00
6 7.44590549976419e+00
6 7.03179042823568e+00
6 6.55455740859040e+00
6 6.61729564752000e+00
6 6.85057915251136e+00
6 6.27540329569833e+00
6 7.40879398320713e+00
6 6.84988114815322e+00
6 7.03923316787516e+00
6 7.49381340149619e+00
6 7.42514959653862e+00
6 6.80959250527174e+00
6 7.55008108314082e+00
6 7.48940275568957e+00
6 7.19653941939065e+00
6 6.82067518310898e+00
6 6.19259258462808e+00
6 6.84036432344413e+00
6 6.99969332834803e+00
6 6.71334683499496e+00
6 7.02437223566109e+00
6 6.01924839476416e+00
6 6.19818010854767e+00
6 5.89515232995679e+00
6 7.23799082254182e+00
6 6.64349808556624e+00
6 6.71013730420823e+00
6 6.87755901441075e+00
6 6.87273432041540e+00
6 6.66094867316554e+00
6 6.47679934776979e+00
6 7.13729573050961e+00
6 6.56850211043848e+00
6 7.60898741262923e+00
6 7.13806385432601e+00
6 7.62620235618130e+00
6 6.51299300551118e+00
6 6.85303319147239e+00
6 6.54738313672077e+00
6 6.06541234012158e+00
6 6.43840746552226e+00
6 5.71894041930851e+00
6 6.03022782011471e+00
6 7.10501607935485e+00
6 6.30277906996551e+00
6 7.21451992477092e+00
6 6.30529945669804e+00
6 7.71712027630386e+00
6 6.51920598662525e+00
6 7.01036625599005e+00
6 6.64814675794767e+00
6 7.21448719587708e+00
6 6.36166985113072e+00
6 6.90467727085793e+00
6 6.54299934553560e+00
6 6.34652031837498e+00
6 6.73955114960328e+00
6 6.17340410498269e+00
6 6.58547670722401e+00
6 7.60772288360390e+00
6 7.06690469087081e+00
6 6.70207946590014e+00
6 6.52152755073297e+00
6 6.49091236674656e+00
6 6.78658357453121e+00
6 6.47311031886550e+00
6 7.21067792157117e+00
6 6.69129493436683e+00
6 7.48606861088955e+00
6 6.54773866513553e+00
6 7.17857337211696e+00
6 6.74816649941865e+00
6 7.26298933213269e+00
6 6.64819076340047e+00
6 6.03789676735835e+00
6 5.34785769915052e+00
6 6.35760428527655e+00
6 6.12989679310472e+00
6 5.92946996480690e+00
6 6.17811035137418e+00
6 6.51694867213568e+00
6 6.14874759064864e+00
6 6.08368646330550e+00
6 5.88677730955773e+00
6 6.49262684192247e+00
6 6.25345509778424e+00
6 5.63990999571230e+00
6 4.84173830350892e+00
6 5.95530654919484e+00
6 6.27837395350393e+00
6 6.48867271339775e+00
6 6.44913725362024e+00
6 5.52407433414544e+00
6 4.98407189795236e+00
6 5.33635236084633e+00
6 5.96411157518840e+00
6 6.18320507791291e+00
6 6.00578722257108e+00
6 5.83271375554852e+00
6 6.94754239448308e+00
6 6.84519421057527e+00
6 6.00944744252555e+00
6 5.93496253509090e+00
6 5.95466584518172e+00
6 6.25177863120014e+00
6 6.32796940275348e+00
6 6.50668592649684e+00
6 6.46992187303846e+00
6 5.76565474459060e+00
6 5.79094727883604e+00
6 5.92682316813458e+00
6 5.65101923192734e+00
6 6.44980702789959e+00
6 5.64877701315281e+00
6 6.35768266466552e+00
6 6.00858197078174e+00
6 6.70551785236986e+00
6 6.48024223228314e+00
6 5.94421942287932e+00
6 5.98629406989054e+00
6 6.27460149478292e+00
6 6.15613663434217e+00
6 6.41283884625670e+00
6 5.97194093308689e+00
6 6.57243836003632e+00
6 6.68041070219411e+00
6 5.84492999624813e+00
6 5.66802634443456e+00
6 4.61907763905066e+00
6 5.18889133921251e+00
6 5.77215251452258e+00
6 5.26912008802611e+00
6 5.11766068441264e+00
6 5.70487575670523e+00
6 6.35060577485272e+00
6 6.04559126669663e+00
6 5.93481356656477e+00
6 5.64377313579939e+00
6 5.97888048352199e+00
6 5.67563179863721e+00
6 6.00353110866117e+00
6 5.70665036348973e+00
6 5.23920007548997e+00
6 5.97266687657276e+00
6 6.29830990584121e+00
6 5.95093107862251e+00
6 6.57042551476507e+00
6 6.38837699019461e+00
6 5.76085736679851e+00
6 7.57116465797637e+00
6 6.37556860894641e+00
6 6.13311569983717e+00
6 6.73832838990330e+00
6 6.48951198367490e+00
6 6.90425079978754e+00
6 6.52639265943018e+00
6 6.57546116182950e+00
6 6.22637491651722e+00
6 7.00421255408734e+00
6 7.26834291563436e+00
6 7.00120352424739e+00
6 6.18736497874077e+00
6 6.08152783157080e+00
6 5.76529353196461e+00
6 6.28763725446423e+00
6 6.57669325026153e+00
6 6.15712968790021e+00
6 5.82246519417002e+00
6 5.61242316536518e+00
6 5.78062713248394e+00
6 5.10272213299360e+00
6 6.26488415411012e+00
6 6.29399397308370e+00
6 6.44684951684385e+00
6 5.25114554642733e+00
6 5.73031385252706e+00
6 6.69128824227420e+00
6 5.95457968449604e+00
6 6.04681409971091e+00
6 6.04098049730850e+00
6 5.75985061131937e+00
6 5.97113116427228e+00
6 5.99487950121334e+00
6 6.60537166364308e+00
6 6.42225150169770e+00
6 5.68250806865035e+00
6 6.87041731437387e+00
6 6.71332902839279e+00
6 7.35472828167339e+00
6 6.95285569984491e+00
6 7.00348671644026e+00
6 7.51495285210738e+00
6 6.91966078219838e+00
6 7.50897988040301e+00
6 6.76635901715995e+00
6 6.72611093482672e+00
6 6.44423129183043e+00
6 4.68887274255205e+00
6 5.76428607413940e+00
6 5.06432504951217e+00
6 5.15652199071415e+00
6 6.48654596836647e+00
6 6.22228977716119e+00
6 6.00919748665565e+00
6 6.58404170145125e+00
6 7.23272658425037e+00
6 6.49240935952337e+00
6 7.29813539770079e+00
6 6.61904986583897e+00
6 6.92944547745151e+00
6 7.13885651750068e+00
6 6.29824411190611e+00
6 6.53674604687051e+00
6 6.83830996287888e+00
6 6.39603111101281e+00
6 6.83181990021851e+00
6 6.96601317360887e+00
6 6.63778007201291e+00
6 6.23623744420353e+00
6 6.83233306502208e+00
6 6.85994479735123e+00
6 6.85015128802892e+00
6 7.48283767448035e+00
6 8.05802868527099e+00
6 6.96474453590624e+00
6 6.28103056919705e+00
6 6.60995249464417e+00
6 6.58907433782934e+00
6 5.89136265675360e+00
6 6.76337895486281e+00
6 6.12904945636215e+00
6 6.38208796518887e+00
6 6.22327622886742e+00
6 6.13143757429828e+00
6 5.93322545326394e+00
6 6.26564436882014e+00
6 6.48513305128983e+00
6 6.22160805347753e+00
6 7.11888644147113e+00
6 6.47188701058261e+00
6 6.26595281451975e+00
6 7.22674123396464e+00
6 6.42405241890774e+00
6 7.14796147917666e+00
6 6.72777229644515e+00
6 6.94695525454852e+00
6 6.60868046988583e+00
6 7.05205378195149e+00
6 6.68044585405822e+00
6 6.39004054915829e+00
6 6.15409211665224e+00
6 6.84971654813901e+00
6 6.40038912901309e+00
6 7.35169046370580e+00
6 6.36051536560167e+00
6 6.32151818818143e+00
6 6.86005723632552e+00
6 6.23977845597513e+00
6 6.97008740160293e+00
6 7.35693534827588e+00
6 7.01276964353673e+00
6 6.10589626329896e+00
6 6.14520044243466e+00
6 6.62131799402242e+00
6 6.08867370230658e+00
6 5.37135759334179e+00
6 5.81031227184632e+00
6 6.35939990354764e+00
6 6.66016733621422e+00
6 5.97877241454427e+00
6 6.55535611403865e+00
6 5.55671625014912e+00
6 6.79209332978893e+00
6 6.62122482871140e+00
6 6.54912627822033e+00
6 7.14867959827737e+00
6 6.55083252299682e+00
6 6.77601160116925e+00
6 6.59411911747365e+00
6 6.01776316449911e+00
6 7.26959759191420e+00
6 7.20064877354348e+00
6 7.50782555845214e+00
6 7.90495862189511e+00
6 6.79874224721051e+00
6 6.41234776198669e+00
6 6.90451847327124e+00
6 6.51702633451246e+00
6 7.38939769838323e+00
6 7.55148259363681e+00
6 6.95572920849767e+00
6 7.17992826581779e+00
6 7.07773679327541e+00
6 7.78319340084182e+00
6 7.38253243869463e+00
6 6.66840636388064e+00
6 7.93759123313673e+00
6 7.71370244095607e+00
6 7.08991206124163e+00
6 7.37116264521598e+00
6 7.29240449148564e+00
6 6.52682445941612e+00
6 7.27815172371817e+00
6 7.30901113619889e+00
6 6.52806953655420e+00
6 6.70267348665178e+00
6 7.36047894830258e+00
6 7.18790263956270e+00
6 6.96221448540079e+00
6 7.15632731875889e+00
6 7.13227549828835e+00
6 7.29375172309682e+00
6 6.97699768463521e+00
6 7.86751619374670e+00
6 6.63711940477532e+00
6 6.31731455831413e+00
6 6.03148858183181e+00
6 5.99441342675037e+00
6 6.69084178802000e+00
6 6.48630885983593e+00
6 6.82407674710501e+00
6 6.03679320854582e+00
6 6.85236594825861e+00
6 6.95102252177162e+00
6 6.66838054920913e+00
6 6.95028243981018e+00
6 7.23218520470154e+00
6 7.35217099186052e+00
6 7.33766897055558e+00
6 6.96520173210396e+00
6 6.19702865086673e+00
6 6.91238656654501e+00
6 7.62459219173049e+00
6 6.78739872137918e+00
6 6.92482262997872e+00
6 6.71549489803222e+00
6 5.63319311995356e+00
6 5.95597654826696e+00
6 6.71834040907761e+00
6 5.82699285704325e+00
6 6.14874100926509e+00
6 6.15834583639756e+00
6 5.81387848674514e+00
6 5.98473193400506e+00
6 5.80922970169254e+00
6 5.79136138644644e+00
6 6.21724792098667e+00
6 5.70151661433614e+00
6 5.62589147333951e+00
6 5.57479807932192e+00
6 6.53038032850710e+00
6 6.39975651888836e+00
6 6.44329512250116e+00
6 6.16814392736527e+00
6 6.65304822945327e+00
6 6.19855196926705e+00
6 6.26494871700079e+00
6 7.02486903426494e+00
6 7.09672366005412e+00
6 6.97869247822335e+00
6 6.78139277250364e+00
6 6.69345677323130e+00
6 6.68738950080508e+00
6 6.55730305518318e+00
6 7.04951108174704e+00
6 6.88007935037708e+00
6 6.88959074136020e+00
6 6.28042583666022e+00
6 6.32382036175905e+00
6 5.75938714305940e+00
6 5.72653806266936e+00
6 6.06788542986147e+00
6 5.16567744834798e+00
6 6.39562558363197e+00
6 6.47625410252271e+00
6 6.80275125784997e+00
6 6.58923272592591e+00
6 6.68677485087892e+00
6 7.51580602774417e+00
6 7.39401367750187e+00
6 6.92183518414863e+00
6 6.69564169142908e+00
6 7.14068563580499e+00
6 7.36665169145172e+00
6 6.90935446383128e+00
6 6.95717779459262e+00
6 7.41307057591676e+00
6 7.12835893541061e+00
6 7.55504620167972e+00
6 7.31249157416661e+00
6 7.39664390879887e+00
6 7.60594894089165e+00
6 7.62103040357519e+00
6 7.43164968648733e+00
6 6.45024564485042e+00
6 6.10649925517988e+00
6 7.04202165014560e+00
6 5.81559596543892e+00
6 7.09669181836068e+00
6 6.01042631496234e+00
6 6.65701643877038e+00
6 5.83881759845486e+00
6 5.59446862345656e+00
6 5.78932985594334e+00
6 5.98773121815863e+00
6 6.18038561663824e+00
6 5.77202738705923e+00
6 6.66696097527223e+00
6 6.41607484160071e+00
6 6.53273519886878e+00
6 6.20704394559478e+00
6 6.27056013870782e+00
6 6.74366638489118e+00
6 6.52214247510262e+00
6 6.31705931679408e+00
6 6.18107164174206e+00
6 7.02042506246024e+00
6 7.37384555948100e+00
6 6.75455665515481e+00
6 6.78044868672107e+00
6 6.25432960716241e+00
6 6.62169169599401e+00
6 7.03526117079998e+00
6 6.64911118892452e+00
6 6.67666264081224e+00
6 6.14607552243319e+00
6 5.89329688402797e+00
6 6.35003372172535e+00
6 6.52943912343124e+00
6 6.64372905869687e+00
6 7.28362404292037e+00
6 7.33868165107406e+00
6 6.55972423783809e+00
6 6.59070318317708e+00
6 7.04956129291906e+00
6 7.44285646250668e+00
6 7.79100909936836e+00
6 6.42444035814323e+00
6 6.78965411087365e+00
6 7.75761417593692e+00
6 7.31275628372066e+00
6 7.02373369875789e+00
6 7.12425349512529e+00
6 6.74795063544347e+00
6 6.16589759068044e+00
6 6.06004512555075e+00
6 6.78277008024968e+00
6 6.42459365648310e+00
6 7.44240508216443e+00
6 6.93433228859912e+00
6 6.50483041272381e+00
6 6.47376588012590e+00
6 6.90152057345995e+00
6 6.72924395915287e+00
6 6.86224023326633e+00
6 6.57211425059037e+00
6 6.91194536536462e+00
6 7.21729741634559e+00
6 5.77647693998042e+00
6 5.98985721402053e+00
6 6.09540605972042e+00
6 5.74857693273942e+00
6 6.67802576533240e+00
6 6.09347398250551e+00
6 6.42621845855933e+00
6 6.60218896895631e+00
6 6.81207773497321e+00
6 6.72448363735063e+00
6 6.19084189009043e+00
6 6.42646454776761e+00
6 6.84929848376676e+00
6 6.87851660324474e+00
6 5.95128399882838e+00
6 6.01445936492229e+00
6 7.25985139823235e+00
6 6.75726222951849e+00
6 6.39564847110277e+00
6 7.19174020876727e+00
6 7.38307325617871e+00
6 6.82766662825455e+00
6 6.67736323480050e+00
6 6.62584961238318e+00
6 7.27354304515250e+00
6 6.70079387031152e+00
6 6.12367995948192e+00
6 6.69564125276884e+00
6 7.42730000136871e+00
6 6.40326803636894e+00
6 6.96665521533959e+00
6 6.76656072196181e+00
6 6.16131290552294e+00
6 7.18316615036281e+00
6 7.07783612997973e+00
6 7.53613118583319e+00
6 7.30049968287536e+00
6 7.36784896882179e+00
6 6.34173974868772e+00
6 5.50022797017320e+00
6 6.89408498912594e+00
6 6.31000904016738e+00
6 6.88184865802755e+00
6 6.85980449727618e+00
6 6.37949479670003e+00
6 6.15186633738565e+00
6 6.88108653966530e+00
6 6.26716878384004e+00
6 6.88484120743546e+00
6 6.50782678619235e+00
6 6.39932037633087e+00
6 5.77376906991014e+00
6 5.56803318875595e+00
6 6.20037171286797e+00
6 6.60094364609164e+00
6 6.53030334107552e+00
6 6.94978274776061e+00
6 7.80583880006222e+00
6 7.07359150206578e+00
6 7.02574620099418e+00
6 7.37862190953436e+00
6 6.35542389108513e+00
6 7.51473567174631e+00
6 7.08220048825857e+00
6 6.27141903286408e+00
6 5.99600467724315e+00
6 6.02600387802817e+00
6 5.49050986855536e+00
6 6.07030890077946e+00
6 5.57777329438388e+00
6 6.26722868559088e+00
6 6.56215529726501e+00
6 6.08320131938796e+00
6 6.05924398232411e+00
6 6.25701615734581e+00
6 6.69262643196759e+00
6 7.49460376779523e+00
6 7.52466930312738e+00
6 6.65077243512629e+00
6 7.10324489064099e+00
6 5.67213647306212e+00
6 6.33872331175308e+00
6 6.08031384275826e+00
6 6.26453498960601e+00
6 6.12291542366089e+00
6 7.21895516891688e+00
6 6.46278347179297e+00
6 6.62135194305080e+00
6 6.18261924229775e+00
6 6.29209009007193e+00
6 6.06500679299762e+00
6 6.69444462752660e+00
6 6.24817186633398e+00
6 5.93452887921473e+00
6 6.59168663055131e+00
6 6.95608531924412e+00
6 6.89163173943989e+00
6 6.44099163066338e+00
6 6.75370547448186e+00
6 7.32909960632647e+00
6 7.02148518190581e+00
6 6.44867491431289e+00
6 6.46939739843383e+00
6 6.35011621144311e+00
6 6.25238047371541e+00
6 5.86955839204749e+00
6 7.45398719149482e+00
6 6.90012516479715e+00
6 7.31237237117436e+00
6 6.37984874147750e+00
6 7.13476636818231e+00
6 6.69431184605899e+00
6 6.39241686852769e+00
6 5.59861091182603e+00
6 5.81542602524568e+00
6 5.42212910778444e+00
6 5.97155135302574e+00
6 5.74894984425699e+00
6 6.47495528857787e+00
6 6.13105455970505e+00
6 6.29928743815628e+00
6 6.20342107432046e+00
6 5.66613320955364e+00
6 6.29946895974290e+00
6 6.13703033215345e+00
6 6.30046505550473e+00
6 5.78838172770985e+00
6 5.66566941080088e+00
6 7.41128102945636e+00
6 6.17829045714419e+00
6 7.08199781224879e+00
6 6.77678559900774e+00
6 6.86828523377738e+00
6 7.41389199541430e+00
6 6.63645577139135e+00
6 6.04528570613682e+00
6 7.12890676540530e+00
6 6.68567518669487e+00
6 7.21819009401447e+00
6 6.90455366206639e+00
6 6.58771776927853e+00
6 6.69140915605166e+00
6 6.47899599464616e+00
6 5.87026375498481e+00
6 6.28221475238012e+00
6 5.86855555418666e+00
6 5.87145117660570e+00
6 6.58970765407215e+00
6 6.45976847660953e+00
6 6.08055337089519e+00
6 6.09917117377966e+00
6 6.22437136065039e+00
6 6.12044121065845e+00
6 6.56075565563154e+00
6 5.42623146592876e+00
6 6.26699650048614e+00
6 7.06734637400872e+00
6 5.78686709462373e+00
6 6.00266307962817e+00
6 5.74614841581785e+00
6 5.84869355399333e+00
6 4.85737128607958e+00
6 6.07282328197697e+00
6 6.58149608075262e+00
6 6.13853202403587e+00
6 6.70546111714607e+00
6 6.69366573948327e+00
6 6.54605629755441e+00
6 6.47957928817586e+00
6 7.22377288292101e+00
6 7.24018298761585e+00
6 6.79762072905976e+00
6 7.50900174802143e+00
6 6.41992122511566e+00
6 6.58563778565071e+00
6 6.20802295408146e+00
6 7.21834423411441e+00
6 6.54466154120799e+00
6 6.61361643547260e+00
6 7.59960811031780e+00
6 6.89117015666443e+00
6 7.16759400426914e+00
6 7.54078681644517e+00
6 6.99163360178139e+00
6 6.10054157601630e+00
6 6.37846503591199e+00
6 6.83801181475569e+00
6 7.35454879469324e+00
6 6.97775924061668e+00
6 7.04679170888138e+00
6 6.55334704380413e+00
6 7.35946822985448e+00
6 6.52308419250279e+00
6 6.68308878790659e+00
6 6.70226876689324e+00
6 7.05680629929350e+00
6 6.99305225257215e+00
6 7.53502650163853e+00
6 7.88135243525797e+00
6 7.71675238782651e+00
6 7.37620774744779e+00
6 7.08737276729494e+00
6 7.07837070744552e+00
6 6.67696206115371e+00
6 7.63279532738507e+00
6 7.45731431954255e+00
6 6.90746420591049e+00
6 7.09066780661384e+00
6 7.78946693891835e+00
6 7.25955737547758e+00
6 7.34001672343175e+00
6 5.97541857993126e+00
6 7.08196545717910e+00
6 6.30871446585885e+00
6 7.42569634205855e+00
6 7.54931198031895e+00
6 6.24769535536760e+00
6 6.48929672438671e+00
6 7.34401218234750e+00
6 7.28547290549794e+00
6 6.75415887340604e+00
6 7.28551397246227e+00
6 7.21415899632001e+00
6 6.76865038802390e+00
6 6.01199498830989e+00
6 6.03599465900448e+00
6 5.64121809437639e+00
6 6.98904374989037e+00
6 6.23887331163751e+00
6 7.32515823594000e+00
6 6.41855631116135e+00
6 6.66374499886416e+00
6 6.34618928107729e+00
6 6.85956351482584e+00
6 6.06526029182982e+00
6 6.22643330292894e+00
6 6.83122998644826e+00
6 5.92213031127868e+00
6 6.10397079456450e+00
6 6.02954063073623e+00
6 6.93034907877393e+00
6 5.61373871106762e+00
6 5.88840408513499e+00
6 5.81648537324086e+00
6 5.54090657339048e+00
6 7.04986594932542e+00
6 7.06347422974183e+00
6 6.82051267833243e+00
6 6.79662842011055e+00
6 7.04795598736745e+00
6 7.10542148431317e+00
6 6.99540155730260e+00
6 5.78274681430501e+00
6 6.24361718001704e+00
6 7.02367092366295e+00
6 7.42187894055901e+00
6 7.19036128242045e+00
6 6.19634367385212e+00
6 5.91146505618051e+00
6 6.12837880653523e+00
6 6.66044807013916e+00
6 6.32368970114954e+00
6 5.79829804929049e+00
6 5.84226391623940e+00
6 5.84371829951159e+00
6 5.96334228522778e+00
6 5.84281198042092e+00
6 5.67418643409902e+00
6 6.62890671769273e+00
6 6.49525703677118e+00
6 5.99678462141490e+00
6 6.50286300871282e+00
6 5.85017284943588e+00
6 6.63313940410573e+00
6 6.48362986493619e+00
6 6.70115026833174e+00
6 6.81095315019259e+00
6 7.42139866725149e+00
6 6.69355814181332e+00
6 6.42209108149072e+00
6 6.87132647039869e+00
6 7.29476817652541e+00
6 7.06270890271233e+00
6 6.88664475332597e+00
6 7.58216550983100e+00
6 7.07589824164974e+00
6 6.90086625648914e+00
6 7.15840517029482e+00
6 7.29229828281100e+00
6 7.56186117668534e+00
6 7.35682820535531e+00
6 6.73405888291484e+00
6 6.83894431597599e+00
6 7.02684205607418e+00
6 6.58632829192966e+00
6 6.63681194641781e+00
6 7.61937487039495e+00
6 7.02218640273818e+00
6 6.00707159111189e+00
6 6.19930570318428e+00
6 6.34923587454258e+00
6 7.05557464707850e+00
6 6.79255676324411e+00
6 6.00718779012540e+00
6 6.86717663927506e+00
6 7.62249692334757e+00
6 7.31727848411951e+00
6 7.44033522394560e+00
6 7.46878842478784e+00
6 6.87693807306612e+00
6 7.17375179134027e+00
6 6.61952336369094e+00
6 6.41978309091793e+00
6 6.23479993863528e+00
6 6.66349356658958e+00
6 6.66090851009390e+00
6 6.51326777023601e+00
6 7.14098167467268e+00
6 7.28388824692010e+00
6 7.44411542817257e+00
6 7.21134656438629e+00
6 7.42179941238855e+00
6 7.42080925678107e+00
6 6.63800784853749e+00
6 7.54739325835337e+00
6 6.97126716207266e+00
6 7.39715092739895e+00
6 6.99824750804240e+00
6 7.53021322346789e+00
6 6.45780448876777e+00
6 7.04858816514941e+00
6 7.30706824771139e+00
6 6.70868212793658e+00
6 7.18750011847085e+00
6 6.62321999643063e+00
6 6.89643788414609e+00
6 7.21481046638433e+00
6 7.26849885041048e+00
6 6.95602212945468e+00
6 7.25144811143250e+00
6 7.80723741434678e+00
6 7.01255138771790e+00
6 7.30676617174255e+00
6 6.65428340022607e+00
6 8.16021209963636e+00
6 7.81685596249983e+00
6 8.33688507476854e+00
6 7.57131452856671e+00
6 6.71868329537719e+00
6 7.16664304747166e+00
6 7.66013562485169e+00
6 7.75940471719199e+00
6 8.01342196309194e+00
6 8.51062546769547e+00
6 8.62604000299067e+00
6 8.47953021821321e+00
6 8.03845261415438e+00
6 7.96520993565325e+00
6 7.82596744502596e+00
6 8.09510674176060e+00
6 8.29526050898238e+00
6 8.73835138824792e+00
6 8.36706286287895e+00
6 8.16365007739575e+00
6 8.41617605952020e+00
6 7.80208690676457e+00
6 7.08686610833496e+00
6 6.75223638344963e+00
6 6.03624609601409e+00
6 7.67605942017912e+00
6 7.87878319483118e+00
6 7.08325896190502e+00
6 6.99339255158804e+00
6 7.08180238754677e+00
6 7.43745329917216e+00
6 6.44660863010104e+00
6 6.28051854805768e+00
6 7.06005008876849e+00
6 6.71354689030534e+00
6 7.15283448972260e+00
6 6.78795719664846e+00
6 6.76010432954664e+00
6 6.25402838083619e+00
6 6.59815580366005e+00
6 7.52759648756197e+00
6 7.34790893415208e+00
6 6.77672428310192e+00
6 6.53729783701241e+00
6 6.18038313436597e+00
6 5.89711958774307e+00
6 6.86031662179595e+00
6 6.92653820793472e+00
6 6.82327987669637e+00
6 7.03234670945537e+00
6 6.55129918876517e+00
6 7.03048472888488e+00
6 7.21884218454189e+00
6 6.89684417992862e+00
6 7.32689598655741e+00
6 6.88781819053690e+00
6 6.57104601325487e+00
6 6.97480505417252e+00
6 6.47689117434140e+00
6 6.10666922226233e+00
6 6.50557764547370e+00
6 6.41586316669682e+00
6 6.79955431873236e+00
6 5.79994272772788e+00
6 5.88391645679005e+00
6 7.07964153292931e+00
6 6.62195726531858e+00
6 7.01485930223924e+00
6 6.81928339274049e+00
6 7.15255554938667e+00
6 6.38770097736692e+00
6 6.34952065933429e+00
6 7.15906223729102e+00
6 7.06467925024095e+00
6 7.37169997206826e+00
6 6.23621701147986e+00
6 6.31153561811048e+00
6 6.80870787621521e+00
6 6.89937460604674e+00
6 6.25791955469932e+00
6 6.66102418068642e+00
6 5.80504568553904e+00
6 6.37972078241300e+00
6 6.59078748702954e+00
6 7.10604628718904e+00
6 7.18153051981983e+00
6 6.47734597868895e+00
6 6.42700110185968e+00
6 6.08142674201191e+00
6 5.55870347344363e+00
6 6.10111579031550e+00
6 6.20784170917937e+00
6 6.87715613582659e+00
6 6.30570199467371e+00
6 7.09504464181347e+00
6 7.08815681124403e+00
6 7.19598807544959e+00
6 6.93220454936449e+00
6 6.74447881721690e+00
6 7.23636524791932e+00
6 6.69802513886018e+00
6 7.46875694611251e+00
6 7.37100570699989e+00
6 6.22477145602808e+00
6 7.05034919265851e+00
6 6.68119076677041e+00
6 7.03138004076634e+00
6 6.17621617684925e+00
6 6.80857086054460e+00
6 6.75862376433131e+00
6 6.40441390093338e+00
6 6.82480973543302e+00
6 6.25730758175362e+00
6 6.86206952438646e+00
6 6.23619399032854e+00
6 5.79753968986849e+00
6 6.32368547178299e+00
6 6.70849585660436e+00
6 6.95874474802150e+00
6 6.87926835644571e+00
6 6.49570219035728e+00
6 6.25943249288242e+00
6 5.93364547379741e+00
6 6.72792889897526e+00
6 6.83900308789465e+00
6 5.98486073947849e+00
6 5.38962177422021e+00
6 5.68811270717929e+00
6 6.09918883138866e+00
6 5.73864104417791e+00
6 6.93089534797946e+00
6 6.46545662321223e+00
6 6.68178820850940e+00
6 5.95017826686058e+00
6 5.58272836886440e+00
6 6.27139521341570e+00
6 6.22144531224759e+00
6 6.56390349449895e+00
6 6.41852672537954e+00
6 7.45465122345391e+00
6 6.73788528345874e+00
6 6.92149366125411e+00
6 6.94391975556812e+00
6 6.94348270874997e+00
6 6.57267679966666e+00
6 6.77131552171319e+00
6 7.39554761213294e+00
6 7.55301408105183e+00
6 7.20478344516723e+00
6 7.33629545345822e+00
6 6.84275647242142e+00
6 7.18593336400737e+00
6 6.93925907495373e+00
6 7.59685975801941e+00
6 7.79427632219025e+00
6 7.69853286676320e+00
6 7.40717356380080e+00
6 7.52102062546222e+00
6 7.45891988334680e+00
6 7.37972445743373e+00
6 6.61699900049073e+00
6 7.81985286226977e+00
6 7.17516537473413e+00
6 7.00090654069855e+00
6 6.09099881867976e+00
6 6.12390971794948e+00
6 6.41967945511287e+00
6 7.20667145272557e+00
6 6.51548515662672e+00
6 6.73841377585366e+00
6 6.54621092154125e+00
6 7.10805046985362e+00
6 6.23336168635806e+00
6 6.01847993090893e+00
6 6.48440171534883e+00
6 6.09856013833444e+00
6 7.24679981016552e+00
6 7.17577912525767e+00
6 6.74506361242159e+00
6 6.34598887342209e+00
6 5.78201067415833e+00
6 6.59234545932308e+00
6 5.50162650276708e+00
6 6.43031814297134e+00
6 6.15606735492645e+00
6 5.14532666446038e+00
6 4.98208629813421e+00
6 5.23867421583762e+00
6 6.28982939049104e+00
6 6.11902113525746e+00
6 6.23768284494008e+00
6 5.56726978706052e+00
6 5.62917690696470e+00
6 5.83717740702142e+00
6 5.34410448576019e+00
6 6.30531098868815e+00
6 6.11061150351407e+00
6 5.71524084030407e+00
6 7.05092957067572e+00
6 6.48385403208550e+00
6 6.27946168252989e+00
6 5.90245050602265e+00
6 6.73246419837038e+00
6 6.56702388165193e+00
6 6.67156185739263e+00
6 6.37131405322305e+00
6 5.56365874624223e+00
6 6.34970016599468e+00
6 6.09039636928729e+00
6 5.82547224853638e+00
6 6.03829595112441e+00
6 5.56978205551442e+00
6 6.84899732811724e+00
6 5.87966314318426e+00
6 6.30079938153326e+00
6 6.69432411622835e+00
6 6.23744788569309e+00
6 6.79750983928563e+00
6 5.74974057463444e+00
6 6.16855267280214e+00
6 5.81854380920504e+00
6 5.18497132822452e+00
6 6.20321325703829e+00
6 5.85490671325641e+00
6 5.61991996947936e+00
6 5.88308644948923e+00
6 6.41793140235595e+00
6 6.40947870168407e+00
6 6.10764818907393e+00
6 5.88601509342162e+00
6 7.21112527906689e+00
6 6.33764940735701e+00
6 7.22148700728108e+00
6 7.45771321784844e+00
6 7.32887696783218e+00
6 6.85991492270344e+00
6 7.61515181339767e+00
6 6.51513821828728e+00
6 7.34855891857779e+00
6 7.04743254489254e+00
6 6.08876905542737e+00
6 6.09180726759292e+00
6 6.64251285575837e+00
6 6.94099179597997e+00
6 6.53872070326595e+00
6 6.40500893849069e+00
6 6.83943719714912e+00
6 7.14292654599775e+00
6 6.69992218332712e+00
6 6.76335669629334e+00
6 5.67042146553338e+00
6 6.63341977171524e+00
6 6.35189547876894e+00
6 6.12522375533902e+00
6 6.80388436178704e+00
6 6.53478779699107e+00
6 7.12745995301742e+00
6 6.84068143014047e+00
6 7.44456901992079e+00
6 6.87640534714339e+00
6 6.56184359190428e+00
6 7.12491937877681e+00
6 6.45905069923036e+00
6 6.00913434223912e+00
6 6.50271698352253e+00
6 6.54294615494920e+00
6 6.55052218929349e+00
6 7.22346185450262e+00
6 6.71260715732040e+00
6 6.41706397930993e+00
6 6.79199991204897e+00
6 6.88922106511153e+00
6 6.91906562201736e+00
6 5.31012033876896e+00
6 5.35044391854091e+00
6 6.39584916824914e+00
6 7.19686545058646e+00
6 6.65838806813063e+00
6 6.31817447543032e+00
6 5.96085818821059e+00
6 6.15553602747241e+00
6 6.73803107301682e+00
6 7.19548996052771e+00
6 6.95636822701162e+00
6 6.99891484332287e+00
6 5.86931022043882e+00
6 6.24213542811540e+00
6 6.05644227353669e+00
6 6.17878294417925e+00
6 6.88071245582909e+00
6 7.23303834210394e+00
6 7.75166665549564e+00
6 7.79479038050028e+00
6 7.85298080586505e+00
6 6.95380073603382e+00
6 7.05077024416248e+00
6 7.64433810864097e+00
6 7.65804247820171e+00
6 6.62377842057007e+00
6 6.94562709421803e+00
6 6.53656978250149e+00
6 7.29338002818072e+00
6 7.05073067777062e+00
6 6.75435391875190e+00
6 7.80287071086482e+00
6 6.85587067011762e+00
6 6.28722747914275e+00
6 6.17762580767766e+00
6 6.33091339190936e+00
6 6.86236774966288e+00
6 6.96516377386930e+00
6 6.34106807603873e+00
6 6.80342600595705e+00
6 5.88242928245751e+00
6 5.23194948072876e+00
6 5.31337750830949e+00
6 6.38897232288695e+00
6 6.15658253700837e+00
6 5.74930917530662e+00
6 6.37512222955028e+00
6 6.22880822226065e+00
6 6.16603244278552e+00
6 6.25452448996765e+00
6 6.98172720045785e+00
6 6.44132186821513e+00
6 6.18055144746716e+00
6 6.36744786523646e+00
6 6.39825643757138e+00
6 5.52922417153037e+00
6 5.33570755135566e+00
6 5.81558487176753e+00
6 5.76129019866195e+00
6 5.80968639304034e+00
6 6.21634385154092e+00
6 6.80788591792295e+00
6 6.88842331028551e+00
6 6.85138660188586e+00
6 6.80581962732973e+00
6 6.26307108705015e+00
6 7.18966744565179e+00
6 6.35768171742746e+00
6 6.46166446148610e+00
6 5.94427575571051e+00
6 6.26785338060856e+00
6 6.56731292024491e+00
6 6.64752525292299e+00
6 6.53693613176802e+00
6 6.75300074265258e+00
6 6.59381454903071e+00
6 7.22623223605969e+00
6 6.74065626809433e+00
6 5.84179282136214e+00
6 6.61592859193414e+00
6 6.39615104186387e+00
6 6.09798369567147e+00
6 6.66074163422662e+00
6 7.71431146600257e+00
6 6.89288795527564e+00
6 6.52729865725235e+00
6 6.36783146544772e+00
6 5.70680423111265e+00
6 7.48057212446935e+00
6 6.97878215656594e+00
6 6.98386813311730e+00
6 6.60339749746190e+00
6 6.65216436427717e+00
6 6.78056782788457e+00
6 7.47173232883800e+00
6 6.93549168310172e+00
6 7.17266930124493e+00
6 6.43112941909702e+00
6 6.24751018872821e+00
6 6.06652441889785e+00
6 6.95906705676792e+00
6 6.38372242337714e+00
6 5.88029223086793e+00
6 7.15352432331826e+00
6 6.91033241982507e+00
6 6.46488846147201e+00
6 6.80912770507599e+00
6 7.32788245653079e+00
6 6.57285179761767e+00
6 6.19532898922670e+00
6 6.23494138672849e+00
6 6.56428497724698e+00
6 6.45548554951827e+00
6 6.80394252524015e+00
6 6.82471000378839e+00
6 6.78314156007659e+00
6 6.73095895991347e+00
6 7.29283942221556e+00
6 6.88491901271543e+00
6 6.27842733089086e+00
6 6.42056444489055e+00
6 6.90428963634734e+00
6 6.75920123536747e+00
6 7.00088505307121e+00
6 6.96924756674321e+00
6 6.75966730114698e+00
6 6.69112396966209e+00
6 6.93822168768884e+00
6 7.62790276494814e+00
6 6.49524013106561e+00
6 6.56092066460044e+00
6 6.42515185023950e+00
6 6.79277076882897e+00
6 7.11643978942297e+00
6 7.81139051664717e+00
6 6.95761972827704e+00
6 7.78332667387553e+00
6 7.25599165639804e+00
6 6.76878400098894e+00
6 6.68414885407724e+00
6 7.71915135422500e+00
6 6.96670081379871e+00
6 7.17925834012657e+00
6 6.89854766801487e+00
6 7.41830736449901e+00
6 7.03592226853655e+00
6 6.68344051102940e+00
6 7.44946374964171e+00
6 7.11795254139073e+00
6 7.30301153354703e+00
6 6.45726864153006e+00
6 7.27579662302910e+00
6 7.08195093576050e+00
6 7.05279882553680e+00
6 6.69830870856084e+00
6 6.71793312149603e+00
6 7.05703318502191e+00
6 6.31625244910990e+00
6 6.79340575790089e+00
6 6.77515295281088e+00
6 6.91269784148480e+00
6 6.61148098721291e+00
6 6.22337514761607e+00
6 6.11639663078003e+00
6 5.72061304012356e+00
6 5.53687574134131e+00
6 5.82245996703531e+00
6 6.68328440123197e+00
6 6.77671771473378e+00
6 5.87013344530460e+00
6 7.02864006167950e+00
6 7.21980696333046e+00
6 7.39604776745097e+00
6 6.19591515171080e+00
6 6.58362498160955e+00
6 6.55612547749931e+00
6 7.07887472765656e+00
6 7.00349162116764e+00
6 7.59858374659464e+00
6 6.30263638010602e+00
6 6.12431105835080e+00
6 6.38042971148760e+00
6 6.40884643037451e+00
6 6.29222873886437e+00
6 6.79302436990557e+00
6 6.42289167447628e+00
6 6.80795896713171e+00
6 5.74845109735528e+00
6 5.88861183020488e+00
6 6.25145415214496e+00
6 6.59407631207588e+00
6 5.93032513913271e+00
6 6.74516497554572e+00
6 7.41177575641512e+00
6 7.92974723176628e+00
6 7.81337340418946e+00
6 7.49211101795206e+00
6 7.58761535916874e+00
6 7.27022583332043e+00
6 6.78633496826161e+00
6 6.93338677064692e+00
6 7.41856333654653e+00
6 7.14425456249812e+00
6 7.49338072922947e+00
6 6.58293694505895e+00
6 7.07064952747889e+00
6 6.85497388084209e+00
6 5.93295635821098e+00
6 5.53538312145391e+00
6 5.51898537139701e+00
6 5.29632799551119e+00
6 5.88135632051364e+00
6 5.42093019807567e+00
6 5.42294419685086e+00
6 6.45577075508060e+00
6 6.18098054247791e+00
6 6.48177293543772e+00
6 6.40547294492005e+00
6 6.26049516590762e+00
6 7.15553449973571e+00
6 6.42090964383917e+00
6 6.41255930110122e+00
6 6.70321236944432e+00
6 6.39731096708852e+00
6 7.19679443681168e+00
6 6.66808719603794e+00
6 6.16417932504399e+00
6 6.54358587988770e+00
6 6.08655528147035e+00
6 6.72336549445018e+00
6 7.51363466311796e+00
6 7.03662769429043e+00
6 7.15642822390054e+00
6 6.09569531797325e+00
6 6.36490858059268e+00
6 5.91585046726586e+00
6 7.70882307242980e+00
6 6.07205922288899e+00
6 6.25709613693567e+00
6 6.01334859639559e+00
6 6.26869905284213e+00
6 5.97079628127572e+00
6 6.36865413299715e+00
6 6.65338465599775e+00
6 6.15336797313688e+00
6 6.89249130651678e+00
6 6.77230982220063e+00
6 6.91742405728856e+00
6 7.43027511754534e+00
6 7.02123321467905e+00
6 5.98975163802446e+00
6 6.31992381738655e+00
6 6.50419882438226e+00
6 6.48933833882528e+00
6 6.46387619396866e+00
6 6.96421549324939e+00
6 7.07188316805254e+00
6 6.16391641759795e+00
6 6.75396523547286e+00
6 7.19354166899878e+00
6 7.62764882256332e+00
6 7.08786102383931e+00
6 7.40783657233283e+00
6 7.72119221319911e+00
6 7.01877732511414e+00
6 7.35573765871866e+00
6 7.36195801445548e+00
6 5.88894408090961e+00
6 6.33556649072779e+00
6 5.85782623334438e+00
6 5.29217494291976e+00
6 5.92549716589387e+00
6 6.54948909427371e+00
6 5.87382108693157e+00
6 6.66289137671535e+00
6 6.94394485118173e+00
6 5.94362004496060e+00
6 6.39682983834291e+00
6 5.57017549795936e+00
6 5.76746521992376e+00
6 5.97706627693266e+00
6 6.43127821341917e+00
6 5.88279837375091e+00
6 6.01414496035142e+00
6 6.29656141993238e+00
6 6.72212922400262e+00
6 6.10612144044930e+00
6 6.73192016480454e+00
6 6.42011546406451e+00
6 7.02437238533394e+00
6 6.38359232186748e+00
6 6.89037612476270e+00
6 6.56660694217530e+00
6 7.09068227010479e+00
6 7.17637171176590e+00
6 7.58038084419433e+00
6 7.27743633907404e+00
6 6.88263205375944e+00
6 6.35379127841399e+00
6 7.05011062329662e+00
6 6.08429792323430e+00
6 6.82180677376373e+00
6 6.79025945699605e+00
6 7.18025436768592e+00
6 6.99058871390176e+00
6 7.01029133055945e+00
6 7.11893560109432e+00
6 7.43705465086709e+00
6 7.03872150588522e+00
6 5.35366085042746e+00
6 6.09439260825804e+00
6 6.21939981422165e+00
6 6.63192401454927e+00
6 5.79980357573110e+00
6 6.37339019846610e+00
6 6.36984501043175e+00
6 6.26667683956641e+00
6 6.45735787553113e+00
6 6.46636368015859e+00
6 6.28295696165577e+00
6 5.95152782555378e+00
6 5.40032505378579e+00
6 6.22752092193340e+00
6 6.55155225163361e+00
6 5.85584779956713e+00
6 6.33821561330162e+00
6 6.17395295559694e+00
6 6.74240794477663e+00
6 7.21529516442862e+00
6 7.30218641964121e+00
6 7.36748167465173e+00
6 6.85917290400518e+00
6 6.98264942866133e+00
6 6.76369745436744e+00
6 7.07071162953756e+00
6 6.25963570473164e+00
6 6.97084812835130e+00
6 7.13704484137194e+00
6 7.81608485169372e+00
6 6.37491421821073e+00
6 5.30443453120591e+00
6 5.96112717926878e+00
6 5.73244348293568e+00
6 5.83588259128933e+00
6 5.80587553799870e+00
6 5.96444843865016e+00
6 6.32909620261835e+00
6 6.35647532045761e+00
6 5.88967301455055e+00
6 6.27832349664927e+00
6 6.45341543885112e+00
6 6.34576533793824e+00
6 6.22246201268026e+00
6 5.77769732379791e+00
6 6.15396511263176e+00
6 6.42448938994664e+00
6 6.32314125306431e+00
6 6.22190968043998e+00
6 6.15969292380776e+00
6 6.79370262698713e+00
6 7.12722122023590e+00
6 7.01625020597171e+00
6 6.94280632055739e+00
6 6.43224688530177e+00
6 6.75428503462749e+00
6 6.58448736301917e+00
6 6.81174175307622e+00
6 6.97483889579915e+00
6 6.43527466859939e+00
6 6.93005479990257e+00
6 6.42161110680992e+00
6 6.87285711851997e+00
6 7.63121125057994e+00
6 7.07937466892520e+00
6 7.47170835099703e+00
6 6.88930538668472e+00
6 7.08250400452101e+00
6 7.40239211451617e+00
6 6.83522956773503e+00
6 6.22725690895279e+00
6 6.41059337494233e+00
6 6.17750098107463e+00
6 7.09996355253575e+00
6 6.66845763468410e+00
6 6.87426332181352e+00
6 6.61228249385439e+00
6 6.41962092180880e+00
6 6.03842966412612e+00
6 6.72522296995854e+00
6 6.55642036764201e+00
6 6.97885682810665e+00
6 6.67099495837812e+00
6 6.22117532831787e+00
6 5.97519765041323e+00
6 6.88357747361383e+00
6 7.46738221815613e+00
6 6.68257397473289e+00
6 7.00478669562599e+00
6 7.13508940567585e+00
6 7.04966174199838e+00
6 5.96601276952991e+00
6 6.15422925852764e+00
6 5.77892976211384e+00
6 5.67197466750892e+00
6 6.13024357442044e+00
6 6.70036163736669e+00
6 6.77239715971665e+00
6 6.04592326057632e+00
6 6.90833390983087e+00
6 6.43863281591155e+00
6 6.18170761360320e+00
6 6.67703144213322e+00
6 6.12799097551496e+00
6 5.40471484321029e+00
6 6.06764999491223e+00
6 5.71183152311552e+00
6 6.12741107032861e+00
6 6.20161280152549e+00
6 7.83749642568214e+00
6 7.34525960676387e+00
6 7.47390874165319e+00
6 6.71876633539173e+00
6 6.54217423029181e+00
6 6.97294328948493e+00
6 7.06344456340657e+00
6 7.01464703643849e+00
6 6.45938702327766e+00
6 6.05111850187719e+00
6 6.54298608960769e+00
6 6.13326023344695e+00
6 6.54958807403969e+00
6 6.65817310553157e+00
6 6.04358189903804e+00
6 7.38443898043485e+00
6 6.82672172478034e+00
6 7.11739239101672e+00
6 6.86934204152489e+00
6 6.84281648419152e+00
6 6.64431200692559e+00
6 6.44972710764586e+00
6 6.11543217853409e+00
6 6.07426219740276e+00
6 6.09630679339454e+00
6 5.71069833105405e+00
6 5.52900801312636e+00
6 5.42290934072498e+00
6 5.09026387985973e+00
6 5.81570492868904e+00
6 6.60942408262181e+00
6 6.56401503356431e+00
6 6.42514267644991e+00
6 6.75014016711734e+00
6 6.30688211604052e+00
6 6.62259528333624e+00
6 6.63735019917648e+00
6 6.31263908004345e+00
6 6.25375200591666e+00
6 6.67234831778782e+00
6 6.50276797875239e+00
6 6.11648071373403e+00
6 6.52684441691919e+00
6 6.38446866185164e+00
6 6.19154041749226e+00
6 6.56027686838503e+00
6 7.41959443262653e+00
6 7.09187790212175e+00
6 6.66181556014498e+00
6 7.39631938633773e+00
6 6.69433103419070e+00
6 7.36715615009898e+00
6 6.96328434418748e+00
6 6.37001798410869e+00
6 6.84395044486159e+00
6 7.09737020395013e+00
6 7.20343693652982e+00
6 6.90981228887912e+00
6 6.69236392326841e+00
6 7.29392490651233e+00
6 8.38055376944710e+00
6 7.32009974739404e+00
6 6.63324084116973e+00
6 7.23323303825540e+00
6 7.19601942485361e+00
6 7.10650015485777e+00
6 6.87329826325589e+00
6 6.44980143077624e+00
6 5.76671253977317e+00
6 6.18319465142660e+00
6 5.98297051141568e+00
6 5.94418321462142e+00
6 6.93199420324107e+00
6 6.40557942347641e+00
6 7.00012040832478e+00
6 6.10974535442679e+00
6 6.02036452013425e+00
6 6.40963741425214e+00
6 6.70493578170490e+00
6 7.45874353553380e+00
6 6.98895789051125e+00
6 6.22770441525193e+00
6 6.62769227753246e+00
6 7.70775377950604e+00
6 6.99830120041763e+00
6 6.92135966280992e+00
6 7.51384933958573e+00
6 6.85277391587738e+00
6 6.49644288007800e+00
6 7.46225590151469e+00
6 6.01002579153004e+00
6 6.61334343925276e+00
6 5.01543651377717e+00
6 6.26938746035629e+00
6 5.90978264523009e+00
6 6.13125068742826e+00
6 6.09221920271135e+00
6 6.24552282375788e+00
6 6.05771188125350e+00
6 6.04675357893343e+00
6 6.50987071870470e+00
6 5.76906803406292e+00
6 6.53705287948445e+00
6 7.22781620434047e+00
6 6.92610581666556e+00
6 6.58506467841912e+00
6 7.13440060201456e+00
6 6.69650952837451e+00
6 7.49812079869081e+00
6 7.02348674273009e+00
6 6.81822177523394e+00
6 6.82782864552506e+00
6 6.51558866289809e+00
6 6.76753255448299e+00
6 6.70529041766355e+00
6 7.22284248719026e+00
6 6.30979574422738e+00
6 6.96700189874218e+00
6 6.73383177997613e+00
6 6.95236309191018e+00
6 7.39337485317776e+00
6 7.18505106112042e+00
6 7.61602707169406e+00
6 7.61529713640911e+00
6 7.42876346157239e+00
6 7.76403599346569e+00
6 7.14546729547020e+00
6 7.36944129404023e+00
6 7.88085915749715e+00
6 7.39247137502295e+00
6 6.41541379293012e+00
6 6.61230996564922e+00
6 6.45953875909744e+00
6 6.61084126813795e+00
6 6.14305130823145e+00
6 6.15325890137149e+00
6 5.70878984517761e+00
6 5.94525623945749e+00
6 6.28706970707830e+00
6 6.66215670192354e+00
6 7.03295339585859e+00
6 5.91705568472822e+00
6 6.26743498473752e+00
6 5.89466606976991e+00
6 4.77766060131897e+00
6 5.95343549106620e+00
6 6.73748066328560e+00
6 6.38999854794023e+00
6 6.19694653621686e+00
6 6.56376453168691e+00
6 6.15064453275789e+00
6 6.85928190886378e+00
6 6.13962131453271e+00
6 5.04734570818752e+00
6 5.20095541841207e+00
6 5.51671971594323e+00
6 6.30586466581180e+00
6 6.30439907776830e+00
6 6.02087508037246e+00
6 5.91004708323920e+00
6 6.42779256605929e+00
6 6.39556623798863e+00
6 6.58894095339768e+00
6 5.43224122126136e+00
6 6.74403478463485e+00
6 6.95035228513292e+00
6 7.29712609560116e+00
6 6.88207709516464e+00
6 6.25862355930783e+00
6 6.59793286062675e+00
6 6.65608806066543e+00
6 7.00277290897885e+00
6 6.90991601444319e+00
6 6.68727127114953e+00
6 6.10494070664261e+00
6 6.40605968034090e+00
6 6.31681211780339e+00
6 7.12430254668345e+00
6 7.55762601318833e+00
6 7.23698168770438e+00
6 7.78819882568423e+00
6 6.99004712357510e+00
6 6.98690425307892e+00
6 6.28599706258822e+00
6 6.28228676478782e+00
6 6.19530944708715e+00
6 6.35556803879553e+00
6 6.60496016485975e+00
6 6.25694684857010e+00
6 6.79290672855684e+00
6 7.18146117002006e+00
6 7.22156952423862e+00
6 6.42377317617630e+00
6 6.64933207348518e+00
6 7.40468900537086e+00
6 6.41610542261921e+00
6 6.37111964162399e+00
6 6.19556541032577e+00
6 6.65933384123349e+00
6 6.53554592881746e+00
6 6.78852118292740e+00
6 6.94315796484641e+00
6 6.15883035131353e+00
6 6.43683887907017e+00
6 5.52461997092310e+00
6 5.70272053261236e+00
6 5.96082929774595e+00
6 5.77222605257097e+00
6 6.07441276694494e+00
6 5.38520529230897e+00
6 6.38697293738648e+00
6 6.83615284206786e+00
6 6.70983849644409e+00
6 6.80702644766451e+00
6 7.22377336740677e+00
6 6.73362957237325e+00
6 6.23658306857991e+00
6 6.42819665973764e+00
6 6.61303837289832e+00
6 6.29902005537625e+00
6 6.27020590973595e+00
6 6.84951283571533e+00
6 7.45364735446244e+00
6 6.19931092243433e+00
6 7.17183134368849e+00
6 7.41268744011901e+00
6 7.83972692058936e+00
6 6.38473372519215e+00
6 6.25650502345355e+00
6 6.38679895141286e+00
6 5.67205169396690e+00
6 5.80907251505068e+00
6 6.05118751039197e+00
6 6.20834673216527e+00
6 5.15379516339428e+00
6 5.42961670130230e+00
6 5.65596589157282e+00
6 6.33854846366888e+00
6 5.84293094841005e+00
6 7.70318212193201e+00
6 7.66081215005116e+00
6 7.24738896311178e+00
6 6.77285935433300e+00
6 6.33877164223274e+00
6 5.78982043048710e+00
6 5.96709307963267e+00
6 5.65082193748103e+00
6 5.34900753732728e+00
6 5.48749989627951e+00
6 5.68497124167757e+00
6 5.05184283215917e+00
6 5.53307458858548e+00
6 5.61161810285842e+00
6 5.77126659312124e+00
6 6.42110541423707e+00
6 7.45478315103118e+00
6 6.82732349949810e+00
6 7.16807408694104e+00
6 7.10533565035482e+00
6 6.73313986658286e+00
6 7.07512845179209e+00
6 6.66883074829202e+00
6 7.05771037904928e+00
6 7.10350985335925e+00
6 6.30322369473771e+00
6 6.01030444475464e+00
6 6.51406548321632e+00
6 6.83038776161518e+00
6 5.99953978903052e+00
6 6.96042708710214e+00
6 6.81518653478329e+00
6 6.80442223293902e+00
6 6.64742828435429e+00
6 6.44007818983736e+00
6 5.60825780336479e+00
6 6.30290040636281e+00
6 5.80639970970448e+00
6 6.70021056137865e+00
6 6.54514708549186e+00
6 6.34915905653932e+00
6 6.35503548200808e+00
6 7.01096820303080e+00
6 7.62461134326693e+00
6 7.21586161266832e+00
6 7.37790880984066e+00
6 7.02676870093468e+00
6 6.93321269055897e+00
6 7.82385027335364e+00
6 7.75327463599293e+00
6 7.25958843151305e+00
6 7.14306717402188e+00
6 7.32792759993156e+00
6 6.52982910237806e+00
6 6.81393159806656e+00
6 6.79403311179846e+00
6 6.28003381005392e+00
6 6.51824546855522e+00
6 6.51770209437346e+00
6 6.40552522453427e+00
6 5.61964595698824e+00
6 6.37479197310441e+00
6 5.45842442873345e+00
6 5.76298582386486e+00
6 6.02772909871592e+00
6 6.81002474994564e+00
6 6.24249379326501e+00
6 6.34519335357694e+00
6 6.99663265530983e+00
6 6.90612597080591e+00
6 6.86936733877794e+00
6 7.42200487036725e+00
6 7.29221450635530e+00
6 6.78370733787429e+00
6 7.72271293291897e+00
6 7.37619158780094e+00
6 6.87226572099647e+00
6 6.75234755645866e+00
6 7.91776679141379e+00
6 6.99382202947486e+00
6 7.00983565795173e+00
6 7.64837539685447e+00
6 7.42348991624672e+00
6 7.38790568277126e+00
6 7.46651193339306e+00
6 6.87445767366125e+00
6 7.90872065584319e+00
6 7.68073849593495e+00
6 7.50416218037927e+00
6 6.88077913785054e+00
6 7.27029298898916e+00
6 7.24193995612965e+00
6 7.87277189094917e+00
6 7.42945537719255e+00
6 7.76217720878048e+00
6 8.10128556658985e+00
6 7.22005651470866e+00
6 7.52163399421273e+00
6 7.45184095280781e+00
6 7.37589800464207e+00
6 7.36239602522770e+00
6 7.62818036697487e+00
6 7.02604653460073e+00
6 8.07114249263742e+00
6 7.44625796304050e+00
6 7.58318422154794e+00
6 7.51328741057320e+00
6 7.35223485304453e+00
6 6.74483957879478e+00
6 6.80756177241287e+00
6 7.49510889396088e+00
6 5.84265665761950e+00
6 6.53231215878689e+00
6 6.95234647673495e+00
6 6.84311784424927e+00
6 6.90478511013364e+00
6 6.88512128279626e+00
6 6.38502762923963e+00
6 7.10919594834653e+00
6 6.15446153378888e+00
6 6.78044560157785e+00
6 6.56356450160504e+00
6 6.97378155105902e+00
6 6.88570312088104e+00
6 6.90656177207605e+00
6 7.45285973752183e+00
6 8.07358112961431e+00
6 7.20550207231716e+00
6 7.17015666584851e+00
6 7.22232311015401e+00
6 6.79515104009872e+00
6 7.04081519742437e+00
6 6.69527123312807e+00
6 7.12688221971744e+00
6 7.44459262673552e+00
6 6.75361788777950e+00
6 7.15275276670154e+00
6 7.07531060233795e+00
6 8.43717291097760e+00
6 7.40058338110145e+00
6 6.43055412861667e+00
6 6.43677414253003e+00
6 6.77555934358087e+00
6 6.68792773179606e+00
6 6.49055283473323e+00
6 7.58787569486845e+00
6 7.33088142898331e+00
6 7.15897842497812e+00
6 7.30615791367619e+00
6 7.23240081365794e+00
6 7.47743675473749e+00
6 7.35759800086137e+00
6 7.08953579753507e+00
6 7.23689007988579e+00
6 7.31976229796860e+00
6 6.79216568610234e+00
6 7.03806870363272e+00
6 6.23639135629690e+00
6 6.81765223994890e+00
6 7.66384619132393e+00
6 7.13361808186650e+00
6 6.90771448281622e+00
6 7.24989488256471e+00
6 7.00164612273375e+00
6 8.03526671431585e+00
6 7.71407500354013e+00
6 7.92011464365927e+00
6 7.77166796494630e+00
6 7.26283791548008e+00
6 6.70942050747831e+00
6 6.08167535642448e+00
6 6.72226334494763e+00
6 7.21815676216280e+00
6 6.94144576990210e+00
6 6.16871315335096e+00
6 6.81736014888547e+00
6 6.76095191241162e+00
6 6.25354980869522e+00
6 6.33168312993007e+00
6 5.82589302793858e+00
6 6.05639656907396e+00
6 6.08155126778358e+00
6 6.69327058878647e+00
6 6.96916359296821e+00
6 7.97360495803462e+00
6 7.02273163824755e+00
6 6.58022240929260e+00
6 6.43214119355539e+00
6 7.34335966875044e+00
6 7.36786751941570e+00
6 6.50664241030570e+00
6 6.69704308160646e+00
6 7.53283064235820e+00
6 7.31114003914978e+00
6 6.30757269637350e+00
6 6.94372725826476e+00
6 6.75356109340169e+00
6 6.32200298188126e+00
6 6.01050105411622e+00
6 6.43828344091465e+00
6 6.22895566080842e+00
6 6.76902910041850e+00
6 7.08927349163648e+00
6 7.42470805569333e+00
6 7.41389573632596e+00
6 6.27000052904567e+00
6 6.61240326708836e+00
6 7.05221698540874e+00
6 5.70309083166693e+00
6 6.21072233422731e+00
6 6.47505586456967e+00
6 6.79414922727662e+00
6 6.86785683177422e+00
6 7.15661715254423e+00
6 7.10573656277810e+00
6 7.82962012670236e+00
6 7.49424272184897e+00
6 7.04793742317098e+00
6 6.90497151283112e+00
6 6.93752588794525e+00
6 7.05857640318111e+00
6 7.12304451814861e+00
6 7.19802757808464e+00
6 7.42062271808515e+00
6 7.93000115258020e+00
6 7.95562146072437e+00
6 7.38510252288754e+00
6 7.37391573859455e+00
6 7.27876910787249e+00
6 6.79147334771166e+00
6 6.65606288138394e+00
6 7.58332983656192e+00
6 7.06914079333803e+00
6 6.78796709142544e+00
6 6.52910031537318e+00
6 6.71680546425026e+00
6 7.20320351929820e+00
6 7.23798354167016e+00
6 7.06077259190895e+00
6 7.31844735578307e+00
6 6.35861483266576e+00
6 6.74480019739876e+00
6 6.36922541077107e+00
6 6.67679031375173e+00
6 6.79616600721976e+00
6 6.72627294178664e+00
6 6.49203368883987e+00
6 6.83883227283121e+00
6 6.51536518309366e+00
6 6.20082678944378e+00
6 7.29033009087799e+00
6 6.82083033620293e+00
6 6.40400616258793e+00
6 6.65114653528973e+00
6 6.44413309971798e+00
6 6.77412693989933e+00
6 7.13442094340369e+00
6 6.98561044333892e+00
6 6.24659497384172e+00
6 7.01792397968891e+00
6 7.35452124585665e+00
6 6.45489287155349e+00
6 6.59771706830895e+00
6 6.68363014945454e+00
6 6.64461877123558e+00
6 6.87453004746427e+00
6 6.94431721833052e+00
6 7.03765192187205e+00
6 7.05870633985172e+00
6 7.21922369061005e+00
6 6.56231973453304e+00
6 7.07997521514137e+00
6 6.40446863677049e+00
6 6.89777610979021e+00
6 6.97328181828667e+00
6 6.30006493839372e+00
6 7.27979456072269e+00
6 6.97972272460037e+00
6 7.61287445414850e+00
6 7.69835547457092e+00
6 7.51097877721064e+00
6 7.12010474116508e+00
6 7.19231236784459e+00
6 6.69341563846035e+00
6 7.60568840531754e+00
6 7.65025821589297e+00
6 8.40713223914810e+00
6 6.98626015322453e+00
6 6.86474711245880e+00
6 6.64951431364655e+00
6 6.13290332797318e+00
6 7.11691303593830e+00
6 7.25494199058492e+00
6 7.32627497007889e+00
6 7.82654091380767e+00
6 7.12407801214983e+00
6 7.08204117784501e+00
6 6.92315680966875e+00
6 6.68732438190425e+00
6 6.42227460561804e+00
6 6.58660748283343e+00
6 6.57882150775373e+00
6 6.08556500167268e+00
6 6.73717843157059e+00
6 6.48191572232551e+00
6 6.48910430165298e+00
6 5.86710723277436e+00
6 6.43379251409787e+00
6 5.76115253063283e+00
6 6.15808386398456e+00
6 6.24775872141342e+00
6 6.16288563067025e+00
6 6.14839164244923e+00
6 6.03500009086705e+00
6 6.47569083973278e+00
6 6.38816692091258e+00
6 6.61542195107836e+00
6 6.82060118100381e+00
6 6.35733419396450e+00
6 6.47869316322177e+00
6 6.16774193278456e+00
6 7.13695461127503e+00
6 6.35687786061755e+00
6 6.58866865436220e+00
6 5.74505500035888e+00
6 5.89736392418616e+00
6 6.32214931309684e+00
6 6.23632534411880e+00
6 6.70193574232518e+00
6 6.46795841905497e+00
6 7.10707863418703e+00
6 6.47715336598563e+00
6 6.81397149294919e+00
6 6.87630041951164e+00
6 6.61979707888648e+00
6 6.35759941980215e+00
6 6.89482602664622e+00
6 7.49609978211509e+00
6 7.83135337525503e+00
6 6.82216286528654e+00
6 7.39200901448897e+00
6 7.29829993356949e+00
6 7.01657905504661e+00
6 6.56180142986409e+00
6 6.35934292018031e+00
6 6.23133541862387e+00
6 7.01691401437143e+00
6 6.78018833976109e+00
6 7.11654149513317e+00
6 6.46808579136953e+00
6 6.06665565599061e+00
6 6.79578899915686e+00
6 6.00714763572538e+00
6 5.76124320945474e+00
6 6.59115418826641e+00
6 6.04396242429300e+00
6 6.59305707218258e+00
6 6.15329042254138e+00
6 6.31811257604931e+00
6 7.00526585153970e+00
6 6.63473664104155e+00
6 6.33813749263107e+00
6 6.35321211746963e+00
6 6.02832884144364e+00
6 5.94640324142386e+00
6 5.64908776013792e+00
6 6.49838133770106e+00
6 6.06402875660890e+00
6 5.37735399295770e+00
6 5.84434763907139e+00
6 6.77424406876913e+00
6 6.11506374061348e+00
6 6.23554660538492e+00
6 6.39264326684646e+00
6 6.39299587561725e+00
6 6.70671505815946e+00
6 5.86033325372388e+00
6 6.10801586896581e+00
6 6.57974728558473e+00
6 6.30655239905928e+00
6 6.66293125951398e+00
6 5.77320533641485e+00
6 6.25849664405254e+00
6 6.93772345012577e+00
6 6.82407441324756e+00
6 7.57008869618997e+00
6 7.57710024193155e+00
6 7.29975583330889e+00
6 6.84822107092656e+00
6 6.74355745552392e+00
6 6.67136344859552e+00
6 6.40575875044543e+00
6 6.48856244104087e+00
6 6.20010866093042e+00
6 6.86829793640572e+00
6 5.84260107615848e+00
6 6.04731224717894e+00
6 5.94320496527183e+00
6 6.03965640377540e+00
6 6.26059274331888e+00
6 6.42662013114927e+00
6 6.38699176774320e+00
6 5.66087808691580e+00
6 5.24283591605564e+00
6 6.72488799675155e+00
6 5.97991439949550e+00
6 6.59283591136897e+00
