7 7.28390384366958e+00
7 7.49729263558676e+00
7 6.31748921778819e+00
7 6.30727492239417e+00
7 6.08070667499170e+00
7 6.60343730876799e+00
7 6.08540162475236e+00
7 7.23296457304742e+00
7 6.49016177710603e+00
7 6.92759842465420e+00
7 6.92264779123724e+00
7 7.45103073926565e+00
7 7.48197008865258e+00
7 6.68056160652580e+00
7 6.30608815936655e+00
7 7.50273095503783e+00
7 6.87187723578472e+00
7 6.83102135837625e+00
7 6.78522386528759e+00
7 7.04016252706673e+00
7 7.31866748420591e+00
7 6.90147600956962e+00
7 7.01243741797243e+00
7 6.86422610013251e+00
7 5.84483556972097e+00
7 6.76118457786697e+00
7 7.03068583713040e+00
7 6.97087107107733e+00
7 6.72918041125024e+00
7 6.53691480825913e+00
7 7.56210463632429e+00
7 6.78001805922699e+00
7 6.79165208121201e+00
7 7.61552510271467e+00
7 7.41295683202672e+00
7 7.68753733849608e+00
7 6.38729794601714e+00
7 7.11525406618539e+00
7 7.33558985141595e+00
7 7.20887509900891e+00
7 7.13069335320050e+00
7 7.03344844368828e+00
7 6.39291290013739e+00
7 6.74335309764950e+00
7 7.31756961629641e+00
7 7.80468217605153e+00
7 7.92524311813110e+00
7 7.68147750109025e+00
7 8.02391391609851e+00
7 8.12015393116418e+00
7 8.95387341656510e+00
7 8.10395837056740e+00
7 8.77293097690599e+00
7 7.90463246796495e+00
7 7.60714267797207e+00
7 8.76395589604210e+00
7 9.17990401443285e+00
7 8.81153551142034e+00
7 8.36691909978529e+00
7 9.12511946603580e+00
7 8.60085742525186e+00
7 8.61094974174075e+00
7 8.12836495689504e+00
7 7.23353522788273e+00
7 7.61562461581702e+00
7 7.83256490779256e+00
7 7.70950674591028e+00
7 7.27444637352435e+00
7 7.10124654450069e+00
7 7.10309317841691e+00
7 7.44050014883357e+00
7 8.48108068598275e+00
7 8.02518619551872e+00
7 7.35594970955736e+00
7 7.88345086977784e+00
7 7.60300016724774e+00
7 7.36608136703537e+00
7 7.31599116454632e+00
7 7.59109848167985e+00
7 7.27940282694369e+00
7 7.04056113136964e+00
7 7.37144370195657e+00
7 7.84541594786568e+00
7 8.07485432398669e+00
7 8.01866338995581e+00
7 7.19475676821260e+00
7 7.24552330950221e+00
7 6.84062372328752e+00
7 6.81928363591195e+00
7 7.41707459672106e+00
7 6.95345400422448e+00
7 7.26296216031503e+00
7 6.45910161921378e+00
7 7.56430835988964e+00
7 6.90280468419143e+00
7 7.04497861887893e+00
7 7.54162725285821e+00
7 7.89073900222013e+00
7 7.59017210179610e+00
7 7.10325016250778e+00
7 7.40857591965456e+00
7 7.78063863324237e+00
7 7.14776742914411e+00
7 7.38427985720830e+00
7 7.92954781477491e+00
7 8.22776157090994e+00
7 7.97956721658258e+00
7 7.50571285382200e+00
7 7.08692269278432e+00
7 7.40021194151714e+00
7 7.88448290774153e+00
7 7.67486609852334e+00
7 7.79248735329731e+00
7 7.72225602001247e+00
7 7.94975779773958e+00
7 8.43853797184437e+00
7 8.05140051763898e+00
7 7.70130856921624e+00
7 7.40322258103052e+00
7 7.93692546132873e+00
7 8.11422470528543e+00
7 7.91328385429463e+00
7 8.35307368319760e+00
7 7.65410935774964e+00
7 7.66447096033523e+00
7 7.99229349965030e+00
7 8.57723632268260e+00
7 8.62841738379200e+00
7 8.65685667780108e+00
7 8.25336542259192e+00
7 8.16611316648395e+00
7 8.12228853036569e+00
7 7.96140929222725e+00
7 8.24213957538612e+00
7 8.71089234861011e+00
7 7.96559380745115e+00
7 7.82037767311258e+00
7 8.15365829940270e+00
7 7.82061268429019e+00
7 8.38801643004696e+00
7 8.71966312970861e+00
7 7.63420857317529e+00
7 7.42584619247183e+00
7 7.50084195054474e+00
7 8.50908183155801e+00
7 7.66318515185504e+00
7 8.35465371148726e+00
7 8.07895109447034e+00
7 8.83896654813275e+00
7 8.54634000528630e+00
7 7.74708283230207e+00
7 8.09199257113862e+00
7 7.70471424713251e+00
7 7.27012435817898e+00
7 7.71505519319869e+00
7 7.39773854022020e+00
7 7.26190636281386e+00
7 7.22237171004469e+00
7 6.96768462884818e+00
7 7.26865532528140e+00
7 8.06404718629677e+00
7 6.74914332997007e+00
7 6.35193769720091e+00
7 7.31749281377620e+00
7 8.16741291641969e+00
7 8.26896681861612e+00
7 7.87391578176908e+00
7 7.67969412686519e+00
7 7.22779870009809e+00
7 7.78128927001324e+00
7 8.27599162106466e+00
7 8.25566490879685e+00
7 7.39676677246815e+00
7 7.24040946278752e+00
7 8.00731334332215e+00
7 8.16776379831680e+00
7 7.36748587707606e+00
7 7.74610610341347e+00
7 8.44966972364616e+00
7 7.03018743523310e+00
7 7.10464961426763e+00
7 6.96054215818705e+00
7 7.19606641406051e+00
7 7.36971479875097e+00
7 7.96361733819710e+00
7 7.45912629066442e+00
7 7.63324692600457e+00
7 7.63868619494464e+00
7 7.63343260223616e+00
7 7.48788603695958e+00
7 7.41026500776875e+00
7 7.68831465215003e+00
7 7.29380136233228e+00
7 7.76059455409531e+00
7 7.86708711112881e+00
7 8.33563415615258e+00
7 8.45818435009988e+00
7 7.91895897411592e+00
7 7.43143685760584e+00
7 8.37505070957857e+00
7 6.73249162171406e+00
7 7.45325978367381e+00
7 7.51461249164962e+00
7 7.00293619380627e+00
7 7.69582866638200e+00
7 7.08991876545716e+00
7 6.58963568785039e+00
7 7.58199704482907e+00
7 7.36380235899397e+00
7 7.54060922028416e+00
7 6.90047358926043e+00
7 6.89240332654794e+00
7 7.04175791684502e+00
7 6.94174166234276e+00
7 7.44526265761284e+00
7 7.59928281576159e+00
7 6.75366846268967e+00
7 7.40842530832710e+00
7 7.30600993984638e+00
7 7.02975293196673e+00
7 7.63700080024624e+00
7 7.85435756032886e+00
7 7.36581435683806e+00
7 8.03942503723373e+00
7 7.23315048064318e+00
7 7.20757307045980e+00
7 7.09363229516406e+00
7 6.87702377761173e+00
7 7.96903339901923e+00
7 7.26185968735914e+00
7 7.96109964481596e+00
7 6.65848545583434e+00
7 7.77379025787895e+00
7 6.27104192202556e+00
7 6.82891100623617e+00
7 6.93386420586810e+00
7 7.60446785203250e+00
7 6.80911063243697e+00
7 8.03850541882284e+00
7 7.67224364011849e+00
7 6.48491006846506e+00
7 5.81053930349551e+00
7 5.97509781882216e+00
7 6.67803788807777e+00
7 6.43494681749690e+00
7 6.54231046004865e+00
7 6.23589618165455e+00
7 7.38507464022538e+00
7 6.82917060707555e+00
7 6.70122789805790e+00
7 6.61367416596005e+00
7 6.07892757703788e+00
7 6.33651044103360e+00
7 6.82783902695909e+00
7 6.88931309234114e+00
7 7.04321540315497e+00
7 7.04952379624645e+00
7 7.28455053700424e+00
7 7.37284333140708e+00
7 8.00707174527214e+00
7 8.12447408139095e+00
7 7.33809142906352e+00
7 7.19850065514861e+00
7 7.27316701178534e+00
7 7.24704221991495e+00
7 7.49847937832230e+00
7 7.84487850088404e+00
7 8.04490237731155e+00
7 8.34307633954707e+00
7 8.46294793192553e+00
7 7.75495847292824e+00
7 6.61596216213401e+00
7 7.80071621020955e+00
7 7.18842478831998e+00
7 6.36361094287750e+00
7 6.84048019611290e+00
7 7.71244818824343e+00
7 7.18754502430015e+00
7 6.97866485193293e+00
7 7.97707066742984e+00
7 7.63280630381807e+00
7 8.30195419067388e+00
7 8.34563565336118e+00
7 8.75570941926554e+00
7 8.29651909208890e+00
7 7.81719296703151e+00
7 7.69123656594096e+00
7 8.67730884670306e+00
7 8.52348100844769e+00
7 9.26075038201455e+00
7 8.39185294867608e+00
7 7.87182858336531e+00
7 8.23381591770127e+00
7 8.08054686400907e+00
7 8.34958616552554e+00
7 7.96041584119920e+00
7 8.93381480789368e+00
7 8.83210245246887e+00
7 8.99797061160695e+00
7 8.59674827859506e+00
7 8.63813474829294e+00
7 9.03298942988964e+00
7 8.54277655376023e+00
7 8.12387279761900e+00
7 7.13251797897992e+00
7 7.91050736141032e+00
7 7.63871083354577e+00
7 8.08372420540775e+00
7 8.23940779579550e+00
7 7.73088771342965e+00
7 7.50858088593189e+00
7 7.56815499897078e+00
7 8.00851218609176e+00
7 7.82923484509188e+00
7 7.79789603366138e+00
7 8.24312087660780e+00
7 8.01534107065227e+00
7 7.58733409235955e+00
7 8.96517935600734e+00
7 7.61162039075360e+00
7 7.01560272945214e+00
7 7.96475290760960e+00
7 7.95324903599007e+00
7 7.85142257431927e+00
7 7.47034269077919e+00
7 7.05936148481917e+00
7 6.78949892148798e+00
7 7.17485172974088e+00
7 7.81768654318175e+00
7 7.71498327854645e+00
7 8.28187548089238e+00
7 9.14970765775170e+00
7 9.09742923052495e+00
7 8.15728684829156e+00
7 7.59659432460960e+00
7 7.72971144866710e+00
7 7.37567576590849e+00
7 8.44685036015483e+00
7 8.07803521017629e+00
7 7.80719124650964e+00
7 7.47793443916889e+00
7 7.82911630792777e+00
7 7.54242758161042e+00
7 6.86647859984998e+00
7 7.52508260209261e+00
7 6.80766932921466e+00
7 7.24650338312853e+00
7 6.83372919257164e+00
7 6.96083148586926e+00
7 7.17303633228133e+00
7 7.05574042216670e+00
7 8.07435264348367e+00
7 8.27320633252588e+00
7 7.78197589410238e+00
7 7.51661142737984e+00
7 7.42142051374191e+00
7 7.82185386005425e+00
7 6.97773198879417e+00
7 7.79379294778786e+00
7 8.03104998601502e+00
7 7.29554674002801e+00
7 7.58452834428795e+00
7 6.88726828232094e+00
7 7.93585857975906e+00
7 7.26826252155272e+00
7 7.08317827386361e+00
7 7.64783899161123e+00
7 7.90076643705292e+00
7 7.73266225283114e+00
7 8.36516857801777e+00
7 7.98381405979417e+00
7 7.60492683542999e+00
7 8.35670892550520e+00
7 6.79069854745044e+00
7 7.44685374691116e+00
7 7.90022058672780e+00
7 7.91887215935477e+00
7 7.75693826471107e+00
7 6.51465288273098e+00
7 7.44539244101202e+00
7 7.45677829633592e+00
7 6.93893885441670e+00
7 6.54562388768867e+00
7 6.52522347663798e+00
7 6.87418954100590e+00
7 6.91094850815195e+00
7 7.07200612561477e+00
7 8.12017931441206e+00
7 6.89814501748633e+00
7 7.01846697062784e+00
7 6.71548270189082e+00
7 7.63362494225905e+00
7 7.85116608466028e+00
7 6.64312855176754e+00
7 7.59281445864261e+00
7 7.18806764438327e+00
7 7.32034638792927e+00
7 8.16354847143081e+00
7 8.15359939386517e+00
7 7.88105372298898e+00
7 7.79943496585893e+00
7 7.72831814765945e+00
7 7.57920068904394e+00
7 7.92318509833411e+00
7 7.78887621829564e+00
7 7.70112456317302e+00
7 7.74323663777639e+00
7 7.81738621016225e+00
7 8.40379971879826e+00
7 8.53091286704782e+00
7 8.78260496565749e+00
7 8.59589305269784e+00
7 9.00167001163136e+00
7 8.29540335226497e+00
7 7.75708527260223e+00
7 7.71327732056757e+00
7 7.45334958074181e+00
7 7.82351111306895e+00
7 7.19384840920929e+00
7 7.44923881441744e+00
7 7.12481335692365e+00
7 7.06790093663427e+00
7 8.30947642267049e+00
7 7.54415922130076e+00
7 6.72982267057764e+00
7 6.32453663619329e+00
7 6.78542609947775e+00
7 6.80875067176183e+00
7 6.69123036626703e+00
7 7.31331490337215e+00
7 6.40452254275845e+00
7 7.48582663631213e+00
7 7.96124959812710e+00
7 7.24964638825126e+00
7 8.39649659008441e+00
7 8.14203105495599e+00
7 7.60348668313354e+00
7 7.34373176671194e+00
7 7.91325859132166e+00
7 7.40051982142603e+00
7 7.06485987505359e+00
7 6.92785275407487e+00
7 6.15580420650402e+00
7 7.36709006683007e+00
7 8.19785840168295e+00
7 7.62620590487942e+00
7 7.53220568582397e+00
7 7.90161259554220e+00
7 7.36234987260260e+00
7 8.54696865931620e+00
7 7.96705234127769e+00
7 7.36818241125064e+00
7 8.23767828279396e+00
7 7.62621713535287e+00
7 7.02072833469703e+00
7 7.06149480877423e+00
7 7.87302463518573e+00
7 6.75702346739567e+00
7 7.23213951789102e+00
7 7.83064247573137e+00
7 6.96752348364346e+00
7 6.68343143729353e+00
7 8.00024526062396e+00
7 7.05124581368246e+00
7 7.32654026280295e+00
7 6.87462046582999e+00
7 7.43712246541889e+00
7 7.22456541248020e+00
7 8.06541049624958e+00
7 8.06696946572823e+00
7 8.03618850451611e+00
7 7.63155078310856e+00
7 8.08826233978453e+00
7 7.77787894992676e+00
7 7.37740116586769e+00
7 7.45601070508333e+00
7 7.81833082754021e+00
7 7.69257988405823e+00
7 8.09155434206727e+00
7 8.28479780214729e+00
7 8.92832061407988e+00
7 8.11988754029751e+00
7 8.84037491065440e+00
7 8.01205814068182e+00
7 8.13080108544909e+00
7 8.40963097654976e+00
7 9.20600662362975e+00
7 8.52756107911991e+00
7 8.66511592842222e+00
7 8.64390259875974e+00
7 8.68121783268433e+00
7 8.72579973966147e+00
7 8.25644928086379e+00
7 8.18544721474034e+00
7 7.68426550408686e+00
7 7.83535457748152e+00
7 7.83704347688007e+00
7 7.73473491963767e+00
7 7.41824065450100e+00
7 7.16924172442425e+00
7 7.19799801108572e+00
7 6.62048598994361e+00
7 7.51103048802896e+00
7 7.93191488972855e+00
7 7.30873573233755e+00
7 8.28298615655310e+00
7 8.07037601860320e+00
7 6.86917907702966e+00
7 6.98400843183957e+00
7 6.98722298513016e+00
7 7.20332618620934e+00
7 8.83220529583224e+00
7 7.53642828759086e+00
7 7.70387196851538e+00
7 7.97968187341183e+00
7 7.82189259541681e+00
7 6.79820123299257e+00
7 7.15666073880747e+00
7 7.07955570881404e+00
7 8.23816938958699e+00
7 8.03194270602438e+00
7 8.80771386016592e+00
7 7.47071081570802e+00
7 7.28131284602412e+00
7 8.56022709977853e+00
7 8.07435935902160e+00
7 7.49811316536504e+00
7 7.13372535046329e+00
7 7.28784506774470e+00
7 7.31295741167156e+00
7 7.72931735086227e+00
7 6.92191787044086e+00
7 7.00957681689155e+00
7 7.49730497268477e+00
7 7.19504883660183e+00
7 7.54274537471399e+00
7 8.15967454077426e+00
7 7.29174082468617e+00
7 6.91733189891489e+00
7 6.65014295647240e+00
7 6.83276696669955e+00
7 6.92803022934643e+00
7 7.20967364840418e+00
7 7.37708755836019e+00
7 7.76156603006284e+00
7 7.62249093298630e+00
7 7.52545964707014e+00
7 7.09567586003219e+00
7 8.05274390432959e+00
7 7.18727859023321e+00
7 7.15564990031385e+00
7 7.12751082634330e+00
7 7.21930550804806e+00
7 7.43932447042385e+00
7 7.81830327901060e+00
7 7.76300729725668e+00
7 6.82063515690961e+00
7 6.43114849905633e+00
7 6.74636163559322e+00
7 6.51076398510356e+00
7 7.03381293476692e+00
7 6.73305598242793e+00
7 7.53284167098967e+00
7 6.25494214785894e+00
7 6.88056407120193e+00
7 7.51458885927457e+00
7 7.14521261768839e+00
7 7.72849748448186e+00
7 7.77723127562950e+00
7 7.42476153244968e+00
7 7.35247314073485e+00
7 7.26312596006064e+00
7 7.00349559917103e+00
7 6.24594816398870e+00
7 6.90964601824373e+00
7 7.60478529017429e+00
7 7.95188864427974e+00
7 7.98466855613428e+00
7 8.47523619112066e+00
7 8.20429699867838e+00
7 8.10059443976476e+00
7 8.40082814054131e+00
7 7.75049069406935e+00
7 8.04233779408025e+00
7 8.00879247656048e+00
7 7.86620480084513e+00
7 8.30473626691655e+00
7 8.44299154492352e+00
7 8.41981708010319e+00
7 8.60112902214320e+00
7 7.87362309913661e+00
7 8.42687276173628e+00
7 7.10221083023022e+00
7 8.03511078206203e+00
7 7.58270086015682e+00
7 7.17062561845013e+00
7 6.86519635778556e+00
7 7.51546548706059e+00
7 6.98709671741669e+00
7 6.35647426121879e+00
7 5.85369542037870e+00
7 6.84089001545060e+00
7 6.97761878295346e+00
7 7.60815985300878e+00
7 7.11025025580158e+00
7 7.06970244762569e+00
7 6.65589566407149e+00
7 6.91969899023321e+00
7 6.56340465102568e+00
7 7.40423673711327e+00
7 6.71099377926607e+00
7 7.44257249947618e+00
7 7.31162251972569e+00
7 7.57012902137355e+00
7 6.82876362944353e+00
7 6.99749721209796e+00
7 7.26109660496412e+00
7 6.70304224514584e+00
7 6.62474076841986e+00
7 6.72677411023435e+00
7 7.26912744272992e+00
7 7.20134406506446e+00
7 6.33054732875560e+00
7 7.24826151091902e+00
7 6.93459657727084e+00
7 7.24373239963289e+00
7 7.08807165793647e+00
7 6.32892697487252e+00
7 6.46156523125781e+00
7 5.72885763333488e+00
7 5.61770039066270e+00
7 5.21946862390097e+00
7 6.57642011721990e+00
7 6.71269472702325e+00
7 6.48407233420540e+00
7 6.41364073508045e+00
7 7.28555532306042e+00
7 8.10074556580715e+00
7 7.60048727338278e+00
7 7.08529668388093e+00
7 7.81260813675797e+00
7 7.49767762250520e+00
7 6.91887023366735e+00
7 6.71610035856179e+00
7 6.41637262778413e+00
7 6.57316725808037e+00
7 6.97750875175499e+00
7 6.26065686669883e+00
7 6.92314393092190e+00
7 7.03807830249954e+00
7 6.54161805023019e+00
7 7.01884079311160e+00
7 6.74710651058811e+00
7 7.32443195671433e+00
7 7.07112842488646e+00
7 8.62114400090478e+00
7 7.76314101328916e+00
7 7.73144640132073e+00
7 7.76841912271351e+00
7 7.86513268912653e+00
7 7.23711603196945e+00
7 7.90557149409041e+00
7 8.03151248444980e+00
7 7.64260164251803e+00
7 8.39532737702183e+00
7 7.33178399351014e+00
7 6.26169130615638e+00
7 6.59078949026240e+00
7 6.29881625588797e+00
7 6.25794613588066e+00
7 6.12510138964186e+00
7 6.48409909424064e+00
7 7.22176904846584e+00
7 7.16467746544554e+00
7 6.91838004974708e+00
7 7.25598920313931e+00
7 7.91772627767119e+00
7 7.61039041310678e+00
7 7.63699343988136e+00
7 7.47708660689081e+00
7 7.76782790420603e+00
7 6.71364602169247e+00
7 6.88079229580331e+00
7 7.03202061207052e+00
7 6.88949213063717e+00
7 7.13601801331296e+00
7 7.47049521207350e+00
7 8.37626891996405e+00
7 7.13721662283611e+00
7 7.76055921114932e+00
7 8.24842117782746e+00
7 7.63481103503594e+00
7 7.69293052759311e+00
7 8.24639539621252e+00
7 8.06736793629914e+00
7 8.10073551837993e+00
7 7.90433931076694e+00
7 8.37596061637658e+00
7 8.33563044130493e+00
7 7.86288138337195e+00
7 7.77664233655256e+00
7 7.78982547532382e+00
7 8.11115406462249e+00
7 8.40529275480367e+00
7 8.13952383610462e+00
7 8.21147731959935e+00
7 8.60664875114358e+00
7 8.47149510547854e+00
7 8.40727079786214e+00
7 8.38565198076004e+00
7 7.98606668118380e+00
7 7.97012469114264e+00
7 7.58210794255808e+00
7 7.83749342975742e+00
7 7.59510066206137e+00
7 7.67919717610928e+00
7 8.16107640124093e+00
7 7.77959728710307e+00
7 8.24683916342385e+00
7 8.01272007838414e+00
7 8.72460315779355e+00
7 8.43319179528331e+00
7 7.71875370846216e+00
7 8.19091456759026e+00
7 8.13939450342752e+00
7 7.78853225018386e+00
7 7.74823118646456e+00
7 7.51801284131324e+00
7 7.16579827745492e+00
7 7.25655978849756e+00
7 8.33592368062046e+00
7 7.92000083302236e+00
7 7.66047679322844e+00
7 7.80057728790811e+00
7 7.83415420508270e+00
7 8.16427755902550e+00
7 8.73243419553014e+00
7 8.34875176945184e+00
7 8.45280023345971e+00
7 8.88065631921804e+00
7 8.50101668014416e+00
7 8.25983450968214e+00
7 7.75767630874388e+00
7 6.85829308325485e+00
7 7.55510708624892e+00
7 8.13637396396469e+00
7 8.35827470425632e+00
7 7.78298277219304e+00
7 7.41793889011843e+00
7 7.32727897457410e+00
7 7.26480644402768e+00
7 7.97489039962453e+00
7 7.30678479564466e+00
7 7.66851047893395e+00
7 8.15713975315504e+00
7 7.81174992410941e+00
7 7.20869241888528e+00
7 7.73685085997112e+00
7 7.92954460572608e+00
7 7.70773268221203e+00
7 8.21251745407978e+00
7 7.25509613237143e+00
7 7.57234773709884e+00
7 7.87085824891721e+00
7 8.14198162217495e+00
7 8.36412200865151e+00
7 7.85203618444017e+00
7 7.83797544965411e+00
7 7.24129130730798e+00
7 7.09585814020218e+00
7 7.80959178307017e+00
7 8.14655854946757e+00
7 8.35523255612568e+00
7 8.69319966281189e+00
7 8.01160923135960e+00
7 7.93503599403763e+00
7 8.00230380985325e+00
7 7.93842000496703e+00
7 8.26662316469687e+00
7 7.72765567826002e+00
7 7.92576979098753e+00
7 7.73104732137514e+00
7 7.24636184138983e+00
7 7.63287547501277e+00
7 7.01134675495558e+00
7 7.37819773738104e+00
7 6.88891864669698e+00
7 7.19693710720192e+00
7 7.10080957524693e+00
7 7.42063435684663e+00
7 8.21504102119582e+00
7 7.24484705457480e+00
7 7.52700179724067e+00
7 7.44826238624127e+00
7 6.84213364951084e+00
7 7.14336346294660e+00
7 7.01216954748269e+00
7 7.20733695836295e+00
7 6.67808558254734e+00
7 6.59188896358371e+00
7 6.21399271052122e+00
7 7.01018827906496e+00
7 7.66902032367460e+00
7 7.83404724607824e+00
7 7.10014026744168e+00
7 7.07248589271487e+00
7 7.44134513782789e+00
7 7.44364356080089e+00
7 6.81379882786611e+00
7 7.43364961321932e+00
7 7.51365836842533e+00
7 7.44957602893063e+00
7 8.84114253260092e+00
7 7.90319214317857e+00
7 8.48110181057641e+00
7 8.35039023958731e+00
7 8.76854854756269e+00
7 9.02637945237807e+00
7 8.57683410995850e+00
7 7.50088743405859e+00
7 7.72528193935182e+00
7 7.22287813612062e+00
7 7.20796294879536e+00
7 7.86067748493521e+00
7 8.22215731498611e+00
7 7.59101661122630e+00
7 7.22788344094090e+00
7 7.80653830852325e+00
7 8.09581420809846e+00
7 7.45242116858732e+00
7 7.64504183870186e+00
7 7.35014554037213e+00
7 7.21484269199547e+00
7 7.87598642934498e+00
7 7.56359949758820e+00
7 7.39033824128975e+00
7 7.70708460540344e+00
7 7.23989739077385e+00
7 7.45001277417452e+00
7 7.36601703377206e+00
7 7.36021071472331e+00
7 7.62850061193699e+00
7 8.04787722825734e+00
7 7.35286375033446e+00
7 7.22588470578366e+00
7 7.14131381220579e+00
7 7.50044303442757e+00
7 6.78506233486470e+00
7 6.60473061872049e+00
7 7.01287373992088e+00
7 7.47495169365814e+00
7 6.78003573177545e+00
7 6.81844568956822e+00
7 7.32545124254863e+00
7 7.46078713223818e+00
7 6.90828070760294e+00
7 6.98828266790108e+00
7 7.15443034611368e+00
7 7.29476558353860e+00
7 6.94387579303736e+00
7 7.57920907766995e+00
7 8.03589169396492e+00
7 9.26423770655012e+00
7 8.49736740887175e+00
7 8.38064296541149e+00
7 7.24035902596744e+00
7 8.05151633290759e+00
7 8.57623640144129e+00
7 7.57013054934424e+00
7 7.53380278614764e+00
7 7.38379546754329e+00
7 8.11049269353046e+00
7 8.23820883960701e+00
7 7.10888667960261e+00
7 7.07902401758392e+00
7 8.17296066681452e+00
7 8.17395940410413e+00
7 7.63160285741610e+00
7 7.31778207176033e+00
7 7.87775067948315e+00
7 7.29062484786368e+00
7 6.98168198894940e+00
7 7.71588284494203e+00
7 6.86393699341043e+00
7 7.29538461645247e+00
7 7.50600239035596e+00
7 7.14548371203269e+00
7 7.08078838759812e+00
7 7.52090845700039e+00
7 8.54576472017826e+00
7 7.98554988415705e+00
7 7.22833424656552e+00
7 8.15666149299653e+00
7 7.74567804992989e+00
7 8.44489356242958e+00
7 8.56390554972811e+00
7 8.54252571623150e+00
7 7.90035459499965e+00
7 8.14205658665221e+00
7 7.57104206972139e+00
7 8.39282180566761e+00
7 7.60623577139409e+00
7 7.38160806524246e+00
7 7.61894446720241e+00
7 7.04097246491925e+00
7 7.96816500323159e+00
7 7.14916449347385e+00
7 7.53931210964779e+00
7 6.67865167018816e+00
7 7.32635993620237e+00
7 6.97285702346825e+00
7 7.55804487311972e+00
7 7.57439825058160e+00
7 6.90802304183916e+00
7 6.76238050843228e+00
7 7.19645826044075e+00
7 6.96220681130018e+00
7 7.61176464212279e+00
7 6.71013185223482e+00
7 7.44267045006840e+00
7 7.21534343898524e+00
7 6.86169175034573e+00
7 6.51125066404162e+00
7 7.37754761052304e+00
7 7.40733280899588e+00
7 7.24270714532530e+00
7 6.48437867889870e+00
7 5.98587226953188e+00
7 6.42136886962054e+00
7 5.68728153886244e+00
7 6.51902110923701e+00
7 5.53874407947423e+00
7 6.90567762779589e+00
7 6.63945343966156e+00
7 6.78898325650753e+00
7 6.54005241853602e+00
7 6.43156101830763e+00
7 7.53847210841144e+00
7 7.02173223673639e+00
7 6.85413716130344e+00
7 6.59273188446348e+00
7 6.47144716143182e+00
7 7.15281293684611e+00
7 6.73847773654587e+00
7 7.50729511989619e+00
7 7.77183754296681e+00
7 7.80047403697741e+00
7 7.80270027866499e+00
7 7.01846500599348e+00
7 6.93277452994828e+00
7 6.98787568632995e+00
7 7.94404498853667e+00
7 7.27684510300461e+00
7 7.25406110523313e+00
7 7.61765713968387e+00
7 6.96282406019488e+00
7 6.80089417366123e+00
7 6.76555399359161e+00
7 7.21991744081721e+00
7 7.23153631714037e+00
7 7.34735896788080e+00
7 6.86586734854934e+00
7 7.73066558271903e+00
7 7.45654809036132e+00
7 7.31112123663091e+00
7 7.37949705051630e+00
7 8.02797155092647e+00
7 8.82811758091228e+00
7 7.96339485915886e+00
7 7.89201385615519e+00
7 7.87710802725717e+00
7 7.65677546411469e+00
7 8.30262989352699e+00
7 7.45016431967767e+00
7 7.26799161438026e+00
7 7.30557828103959e+00
7 6.98656958491434e+00
7 7.31756600862541e+00
7 7.51573586066161e+00
7 7.00018050611956e+00
7 7.24506218895287e+00
7 7.59027876350332e+00
7 7.80288967444460e+00
7 8.23643907625389e+00
7 8.07516287444776e+00
7 7.41357529685758e+00
7 7.42578313073509e+00
7 6.48343097352906e+00
7 7.81909436379467e+00
7 8.38844413838226e+00
7 8.19573582919929e+00
7 8.77941405570651e+00
7 7.67334189392174e+00
7 8.08797199706513e+00
7 7.62227063832049e+00
7 7.65465332049681e+00
7 7.89445470930128e+00
7 7.80683959987015e+00
7 7.38651477801786e+00
7 7.85530048481176e+00
7 7.51065585293254e+00
7 7.66494693671110e+00
7 8.02670123799452e+00
7 7.92813534834552e+00
7 7.82417661844941e+00
7 7.46314518204781e+00
7 7.11755432328497e+00
7 7.29745135076480e+00
7 7.45356404670310e+00
7 7.92929201735394e+00
7 8.00103834198749e+00
7 8.11314033688680e+00
7 7.50843652114567e+00
7 7.56313973583259e+00
7 7.35102115366923e+00
7 8.02144866807375e+00
7 7.99326827483570e+00
7 8.16435573290293e+00
7 8.43209414819096e+00
7 7.63456668252242e+00
7 6.78224646605864e+00
7 7.52017866339662e+00
7 6.49608463454520e+00
7 6.44410012959066e+00
7 7.87133288503473e+00
7 7.80745374016638e+00
7 7.54593571593160e+00
7 7.97111562002099e+00
7 8.49741655316125e+00
7 8.04245469432920e+00
7 8.18727776129409e+00
7 7.43224822275754e+00
7 7.86457425063596e+00
7 7.85813929514670e+00
7 7.18478058856400e+00
7 7.60206318219833e+00
7 6.88287562684413e+00
7 6.86663815796060e+00
7 7.52463758223590e+00
7 6.90112543729192e+00
7 7.40532305099050e+00
7 6.75053075376556e+00
7 6.46031889110991e+00
7 5.70714577394945e+00
7 6.48874864703112e+00
7 6.50205178142043e+00
7 6.57151719891810e+00
7 6.41991813235595e+00
7 7.83967066350266e+00
7 7.45252282560135e+00
7 7.62521280076478e+00
7 8.25405028853737e+00
7 7.95308033606301e+00
7 8.00268864261117e+00
7 6.85718552329864e+00
7 7.18069720912559e+00
7 7.06232535130227e+00
7 7.32419770014476e+00
7 7.54632271406486e+00
7 7.32185825900908e+00
7 6.56655901071600e+00
7 6.33716430227489e+00
7 6.30695929007276e+00
7 6.39249376899908e+00
7 6.48326165724383e+00
7 7.39339290239755e+00
7 7.00188062343662e+00
7 6.47904719286698e+00
7 6.37329300277894e+00
7 7.40363722230046e+00
7 7.47141682836842e+00
7 6.63933354365657e+00
7 7.02236992933317e+00
7 6.78101463809335e+00
7 7.20081809808137e+00
7 7.13506637193116e+00
7 7.60357266102444e+00
7 7.82021794175228e+00
7 7.57258463815883e+00
7 7.78514891186913e+00
7 7.42157857404919e+00
7 7.57300008992650e+00
7 7.80047853636839e+00
7 7.16478007861549e+00
7 7.06466063701881e+00
7 6.61570528485420e+00
7 6.91169208944159e+00
7 7.44370123593311e+00
7 7.41059700959178e+00
7 6.58342411968938e+00
7 7.18286239292954e+00
7 7.76782838500998e+00
7 6.96486098379910e+00
7 6.84080127114513e+00
7 6.89952081101487e+00
7 6.84135259233615e+00
7 6.68384551401968e+00
7 6.62959671776235e+00
7 6.25315149350762e+00
7 6.32756588940782e+00
7 6.19026843930627e+00
7 6.10765745346212e+00
7 6.51905285445460e+00
7 6.00700019613325e+00
7 6.64984787218089e+00
7 6.55814188366056e+00
7 7.16671051811399e+00
7 7.30079161111067e+00
7 7.10237618435318e+00
7 6.68673973223169e+00
7 6.99335763947326e+00
7 6.66166322010382e+00
7 7.33661903711596e+00
7 6.54938584906890e+00
7 6.68591404997965e+00
7 7.03602356183407e+00
7 7.16304172170688e+00
7 7.55503027834566e+00
7 8.08037430484134e+00
7 7.53339408332193e+00
7 6.84024010696907e+00
7 7.13917816129429e+00
7 7.28193103126966e+00
7 7.15186602095008e+00
7 8.01829374112392e+00
7 7.91556624812807e+00
7 7.72591892325071e+00
7 7.98424347912853e+00
7 7.10871509611041e+00
7 7.78368340290971e+00
7 7.30960558752340e+00
7 7.47777942309799e+00
7 6.63654177002460e+00
7 7.79182201665140e+00
7 8.43175778283627e+00
7 7.43156535147987e+00
7 7.48327154389878e+00
7 6.93783113439052e+00
7 6.93715694797568e+00
7 6.75442491627104e+00
7 6.46001533007800e+00
7 6.78901855706780e+00
7 6.96857221408397e+00
7 7.51081911014987e+00
7 7.20386383715822e+00
7 7.29330381683351e+00
7 7.24044483388127e+00
7 7.63731288879227e+00
7 7.21134916975484e+00
7 7.14765424122742e+00
7 7.54487897201860e+00
7 7.25458486775585e+00
7 6.72381023984783e+00
7 7.94125402029209e+00
7 8.14888244754276e+00
7 8.19454373260987e+00
7 8.04939556940002e+00
7 7.91663347927025e+00
7 7.50316226225694e+00
7 7.71883858538067e+00
7 7.80620616433266e+00
7 8.20603418702702e+00
7 8.14321157719356e+00
7 7.35931362504865e+00
7 7.30106376048129e+00
7 7.51269740219987e+00
7 7.29101741872461e+00
7 6.96722649695114e+00
7 6.99995733203569e+00
7 7.01401539287015e+00
7 6.53687608445314e+00
7 7.24087252701680e+00
7 7.44729560533234e+00
7 7.41850056864433e+00
7 7.15615621880338e+00
7 7.21801425175948e+00
7 7.53388927629209e+00
7 7.02593667636193e+00
7 7.96761663165668e+00
7 7.20024020899875e+00
7 7.55281286066338e+00
7 6.88829556526484e+00
7 7.04990336802980e+00
7 8.47445641796151e+00
7 8.09538239727801e+00
7 7.83831894606474e+00
7 8.51834890988496e+00
7 7.68631456837328e+00
7 7.45068627202994e+00
7 7.31914367722927e+00
7 7.34684767781116e+00
7 7.51687870455496e+00
7 6.81228940173866e+00
7 6.82444406731261e+00
7 7.02607653004655e+00
7 7.38989817158500e+00
7 7.69996073505534e+00
7 7.30545495182196e+00
7 7.06002559259108e+00
7 7.48336172637102e+00
7 7.93484409913574e+00
7 7.65295319547435e+00
7 7.73837704077231e+00
7 8.36800619294541e+00
7 7.37988687203220e+00
7 6.90821406215663e+00
7 7.09751751469508e+00
7 6.57050032964142e+00
7 6.64050653771164e+00
7 6.56848722796423e+00
7 6.28944206046997e+00
7 6.88713608910545e+00
7 7.12976444901386e+00
7 6.66688482655574e+00
7 6.11267569628584e+00
7 6.82748879683622e+00
7 7.28849532309807e+00
7 6.94700172599734e+00
7 6.33921779517739e+00
7 6.45486996624394e+00
7 7.43489168476821e+00
7 7.45173193956748e+00
7 8.03983456878087e+00
7 6.90699224164775e+00
7 7.61437727607216e+00
7 7.43160488125270e+00
7 6.88641541713022e+00
7 7.26015473648536e+00
7 6.98310892514376e+00
7 7.32487814909545e+00
7 7.74773424252833e+00
7 7.82113088903355e+00
7 7.01943572150208e+00
7 6.89687427622357e+00
7 6.29922002325974e+00
7 6.89344894467428e+00
7 6.71157123136479e+00
7 6.59306572071849e+00
7 7.68683688336978e+00
7 7.07199051639970e+00
7 7.43089128361926e+00
7 7.34531818799964e+00
7 7.25493219413266e+00
7 6.92138301285852e+00
7 7.26221177742617e+00
7 7.54976315134165e+00
7 7.03731350308032e+00
7 7.05955022139334e+00
7 7.88314964087029e+00
7 7.12218246618723e+00
7 7.16141224820535e+00
7 8.13440997605613e+00
7 7.30526408830414e+00
7 7.61351623109691e+00
7 7.46312202473610e+00
7 7.51084600397083e+00
7 7.36287525779896e+00
7 7.41810845450086e+00
7 7.29235041193326e+00
7 8.18241345806941e+00
7 6.99395786930405e+00
7 6.71928329040084e+00
7 7.79192096273586e+00
7 7.77458622169123e+00
7 7.86521713286643e+00
7 7.40856563106531e+00
7 7.88564617763395e+00
7 8.55522526805295e+00
7 8.18814394034984e+00
7 8.01854055512690e+00
7 8.04091895811469e+00
7 7.63896095708909e+00
7 7.85722215613524e+00
7 7.99506482311991e+00
7 8.36431575998560e+00
7 8.06700543791133e+00
7 7.16671019313705e+00
7 7.79405811188805e+00
7 8.30509990616304e+00
7 8.43509822472850e+00
7 8.57153324669374e+00
7 8.78741570805003e+00
7 8.12016819837696e+00
7 8.07883565953967e+00
7 7.79440751084498e+00
7 6.93820586582348e+00
7 7.14187877342737e+00
7 7.99882767584616e+00
7 7.77317324013748e+00
7 7.82686675612071e+00
7 8.39284090675868e+00
7 8.61620572524318e+00
7 7.77742505065892e+00
7 7.23136155443559e+00
7 7.13503465077256e+00
7 7.76332033017936e+00
7 8.10509408659509e+00
7 7.67526530285406e+00
7 7.24711444304016e+00
7 7.06951013455965e+00
7 7.35411960240856e+00
7 7.08797099109691e+00
7 6.65641355999639e+00
7 7.29762045510378e+00
7 7.04609930162601e+00
7 7.35001951789370e+00
7 6.73036552219348e+00
7 6.66140331695132e+00
7 6.73035628601292e+00
7 6.40696890929461e+00
7 6.04629856312327e+00
7 6.07051065523383e+00
7 6.20017861168500e+00
7 6.85951487822376e+00
7 7.69566592219858e+00
7 6.28331019143430e+00
7 6.67370079059150e+00
7 6.17971413103953e+00
7 7.00140998711497e+00
7 6.98661293821898e+00
7 7.14894597847503e+00
7 6.24307999472284e+00
7 6.29990696148838e+00
7 6.54144204659212e+00
7 7.12041230905747e+00
7 7.33588426094925e+00
7 6.79784792878218e+00
7 7.44071733498804e+00
7 7.90123057680860e+00
7 7.15091028065382e+00
7 7.50514507561594e+00
7 7.08283639076451e+00
7 7.00939845510813e+00
7 7.33345736081676e+00
7 6.96602677542170e+00
7 7.25069317784929e+00
7 6.65784376927700e+00
7 6.88531317164131e+00
7 7.39705141789790e+00
7 6.85190106484375e+00
7 7.69523648697214e+00
7 7.62198298753454e+00
7 6.96122529758189e+00
7 7.36648993610850e+00
7 7.52615676836652e+00
7 8.04374332895888e+00
7 8.36694047988845e+00
7 7.77853505251940e+00
7 7.73838890331063e+00
7 8.20064374219210e+00
7 7.90897599009663e+00
7 8.39082839153236e+00
7 7.83617349366275e+00
7 8.00023182645400e+00
7 8.04532639849512e+00
7 8.23982138787406e+00
7 8.78115377384515e+00
7 8.16648056334223e+00
7 8.31854297316219e+00
7 8.78002186877969e+00
7 8.23197100554734e+00
7 7.69813822311477e+00
7 7.63925999081179e+00
7 7.28662110729266e+00
7 6.99403450548250e+00
7 7.87094694910550e+00
7 7.77331832446954e+00
7 6.99751193336266e+00
7 6.53786299596258e+00
7 6.83340180367169e+00
7 6.73944039382198e+00
7 6.30202801301845e+00
7 6.34029436578725e+00
7 6.69514954517395e+00
7 6.55971531641286e+00
7 6.13152803516719e+00
7 7.40305025724139e+00
7 7.41027659085619e+00
7 7.40585682313157e+00
7 7.34846756633120e+00
7 7.24280139460704e+00
7 7.06997183783615e+00
7 7.13870064886167e+00
7 6.71970593612191e+00
7 8.19819973690507e+00
7 7.81910547118148e+00
7 6.63877921801046e+00
7 7.13109080717241e+00
7 7.26802274750999e+00
7 7.91611999136158e+00
7 7.44088109981907e+00
7 7.90458295333566e+00
7 7.86228095668536e+00
7 6.88974883869448e+00
7 7.14853172060748e+00
7 6.95996606333441e+00
7 7.30251929928893e+00
7 6.56641138542605e+00
7 6.46954189210058e+00
7 6.73330911384057e+00
7 6.81777121713883e+00
7 7.30512771867618e+00
7 7.53231822530768e+00
7 7.08520393686735e+00
7 6.86828392414255e+00
7 6.73330191689115e+00
7 7.15995913958914e+00
7 7.00338562271317e+00
7 6.00246150961792e+00
7 7.28586356287726e+00
7 7.21911997968473e+00
7 7.20675762835781e+00
7 6.36130486830335e+00
7 6.54471997176481e+00
7 7.17120280550309e+00
7 6.58084448046278e+00
7 6.70864412055721e+00
7 6.58748810802388e+00
7 7.06258249952125e+00
7 6.52305527730945e+00
7 6.96965385601161e+00
7 7.68616025237705e+00
7 6.29572828847548e+00
7 6.25783741645445e+00
7 7.82672262500592e+00
7 7.13909803121382e+00
7 6.40984614545840e+00
7 7.24309804729645e+00
7 7.17845346846196e+00
7 7.32077246229674e+00
7 7.69337792079780e+00
7 7.27137993547512e+00
7 7.82025157456005e+00
7 7.69899698024551e+00
7 7.77523530071646e+00
7 7.72112237155369e+00
7 7.31701722284394e+00
7 7.62173171296327e+00
7 8.26698348393022e+00
7 7.43169666627555e+00
7 7.28697212401649e+00
7 7.54624893743000e+00
7 7.85911559589427e+00
7 7.63587676149758e+00
7 8.44142383450918e+00
7 8.27062223077768e+00
7 8.47977614157381e+00
7 8.68142056720245e+00
7 7.84576967658073e+00
7 8.00289254615601e+00
7 7.90594067791954e+00
7 8.42012097858368e+00
7 7.89552605800267e+00
7 8.29950631666448e+00
7 8.00279156299771e+00
7 7.68105753428351e+00
7 7.43499052685049e+00
7 7.27510821965913e+00
7 8.66759172153159e+00
7 8.10213336206352e+00
7 8.12480751059016e+00
7 7.71147931033504e+00
7 6.93915033871980e+00
7 7.54651405809356e+00
7 7.94671178855222e+00
7 7.93651205599078e+00
7 7.78976037159648e+00
7 7.33657401678204e+00
7 6.74090797117763e+00
7 7.00885290671202e+00
7 7.29228156021261e+00
7 7.78322256734692e+00
7 7.47420115363573e+00
7 7.68842721484515e+00
7 8.18460877220987e+00
7 7.20996991417552e+00
7 7.43419881831524e+00
7 7.97611306327283e+00
7 8.25009793434227e+00
7 8.68013016667365e+00
7 7.90799822941994e+00
7 7.54623732467219e+00
7 8.15647440656465e+00
7 7.11182062891492e+00
7 8.62891581726256e+00
7 8.24989620961505e+00
7 8.33864762674138e+00
7 7.62249081432949e+00
7 8.26363479478240e+00
7 8.28118089689056e+00
7 8.43226913515834e+00
7 8.13080950003188e+00
7 8.25206767989088e+00
7 7.72090429386808e+00
7 8.83697528584888e+00
7 8.20355140238909e+00
7 7.39595564315218e+00
7 7.43618932848901e+00
7 7.32148967513562e+00
7 7.33443272285091e+00
7 7.44354578896509e+00
7 7.36765068233902e+00
7 8.46775359409887e+00
7 7.81310302879011e+00
7 7.59084682904402e+00
7 6.69654803324757e+00
7 6.90246743565432e+00
7 7.01259039912481e+00
7 7.01853835672701e+00
7 7.25984066655343e+00
7 6.98089177090305e+00
7 7.15561524452626e+00
7 7.14692866750309e+00
7 7.52161854843424e+00
7 7.14136484978564e+00
7 7.32918657711343e+00
7 7.75068314139118e+00
7 7.02950023597886e+00
7 6.79651175856026e+00
7 6.63549876819926e+00
7 7.33455167613446e+00
7 7.42083989545385e+00
7 7.01590158614548e+00
7 6.90889615774088e+00
7 7.71599924142486e+00
7 7.03319603194178e+00
7 6.47605709627013e+00
7 6.77961783906124e+00
7 6.30838668930081e+00
7 7.33524199828917e+00
7 7.79638314370329e+00
7 7.75540810358320e+00
7 6.85469335138120e+00
7 7.01413770297630e+00
7 7.05029527560120e+00
7 7.59111701928061e+00
7 7.71185757568862e+00
7 6.67141336332975e+00
7 8.02122266984682e+00
7 7.21813563693987e+00
7 7.36898600452463e+00
7 6.65407279245824e+00
7 6.48337148468877e+00
7 6.51316544330236e+00
7 7.53448501861198e+00
7 7.28190876813766e+00
7 7.16563882635533e+00
7 6.68422066138644e+00
7 6.11103009749462e+00
7 6.66815619649564e+00
7 6.65802339822330e+00
7 6.26947013634831e+00
7 7.06484867732893e+00
7 7.25232402073038e+00
7 7.03424882564226e+00
7 7.44445632907257e+00
7 6.88463623800474e+00
7 6.74677534196471e+00
7 6.86644137758399e+00
7 6.66890178934765e+00
7 5.94598756479040e+00
7 5.87306553236035e+00
7 6.29859458419017e+00
7 6.75185225358604e+00
7 6.68827606995061e+00
7 6.51784011721002e+00
7 7.21780742359633e+00
7 6.99963030580181e+00
7 6.11414601645093e+00
7 6.14598217734341e+00
7 6.84725426639838e+00
7 7.44841370762762e+00
7 7.31226418592572e+00
7 7.68991457183399e+00
7 7.84223032219175e+00
7 7.55554021023698e+00
7 8.00920538123334e+00
7 7.30565602256192e+00
7 7.02283319106795e+00
7 7.73060243211859e+00
7 7.40293301465990e+00
7 7.91020680853078e+00
7 8.77057266935829e+00
7 8.30349989254846e+00
7 7.78129362842302e+00
7 7.88511832775999e+00
7 7.57068226900063e+00
7 7.98810583951687e+00
7 8.79644109573997e+00
7 7.40160180640439e+00
7 8.10994699805102e+00
7 7.86324754943337e+00
7 8.65207507445226e+00
7 7.70569108573945e+00
7 7.09296317117466e+00
7 7.08124648716491e+00
7 7.23054010670709e+00
7 6.80494023034482e+00
7 7.79826420216822e+00
7 7.59509655038806e+00
7 7.91205126780674e+00
7 7.48653514210037e+00
7 7.53752166079272e+00
7 8.35275294237643e+00
7 7.58340814627471e+00
7 8.11249896893244e+00
7 7.72763702085886e+00
7 7.50028369805118e+00
7 7.16717909607288e+00
7 7.78722362785294e+00
7 7.82136671888722e+00
7 8.17552142705976e+00
7 7.87840026563971e+00
7 8.46913476281722e+00
7 7.66339507964724e+00
7 7.59408567805275e+00
7 7.32479900503809e+00
7 7.23603882513602e+00
7 7.25999794169621e+00
7 7.47229534236191e+00
7 7.61840499175497e+00
7 7.68909174305585e+00
7 7.61422766581510e+00
7 8.22318866159088e+00
7 7.86095669394191e+00
7 7.85002694915844e+00
7 7.97682969006972e+00
7 7.78694738742645e+00
7 8.19830005470505e+00
7 7.80502207369732e+00
7 7.59782138956437e+00
7 8.16608854575398e+00
7 7.19843678403061e+00
7 8.10860751141947e+00
7 8.86230301450460e+00
7 7.55894958520482e+00
7 7.48734826239004e+00
7 9.08633939443354e+00
7 8.49073445349277e+00
7 9.36817836439976e+00
7 7.18561040712840e+00
7 7.45942373111825e+00
7 7.83390268573328e+00
7 7.58178484242658e+00
7 7.03817205454854e+00
7 6.94202565017347e+00
7 6.76991568175045e+00
7 8.33562600365656e+00
7 7.94795515657345e+00
7 7.45050325819607e+00
7 8.25665494911559e+00
7 8.34715016514377e+00
7 7.60092600186215e+00
7 7.34370951647002e+00
7 8.12355338222374e+00
7 7.76450247019890e+00
7 7.98861657747877e+00
7 7.84348686274198e+00
7 7.34270268211501e+00
7 7.65917228227030e+00
7 7.82698159338018e+00
7 7.36272928683599e+00
7 7.27414181390308e+00
7 7.34355462409895e+00
7 6.90939560583169e+00
7 6.87932955354454e+00
7 6.82888392272913e+00
7 7.46586790789023e+00
7 6.75460761777792e+00
7 7.80481903989447e+00
7 7.16785619167639e+00
7 7.69637940991684e+00
7 7.34533153191929e+00
7 7.30722483818338e+00
7 7.19884829137553e+00
7 7.61250980504349e+00
7 7.57406743924221e+00
7 7.23784453535290e+00
7 7.26428092093944e+00
7 7.95271329671201e+00
7 7.15887396854620e+00
7 7.65166871226173e+00
7 7.49142923659965e+00
7 7.75736557421564e+00
7 7.68755975665929e+00
7 8.34329958729164e+00
7 7.46864653255991e+00
7 7.04312784562123e+00
7 7.78427515923259e+00
7 7.86042220533098e+00
7 7.70897042514981e+00
7 6.81787432351387e+00
7 6.77798734894034e+00
7 7.25039052729401e+00
7 7.18819443714245e+00
7 7.03847519701340e+00
7 7.57152255789839e+00
7 6.93502968510562e+00
7 6.93819688101378e+00
7 7.50736327973485e+00
7 7.39308782087564e+00
7 7.59008849534344e+00
7 7.44927052565217e+00
7 6.92289098626296e+00
7 6.90716412129764e+00
7 6.33888042114904e+00
7 6.63037928583408e+00
7 7.21833406973265e+00
7 6.40229238684453e+00
7 7.11154210221248e+00
7 7.15468237497787e+00
7 7.37552702413649e+00
7 7.30243307454730e+00
7 7.76362043609471e+00
7 8.03770162903372e+00
7 7.23157188809739e+00
7 7.55520881138275e+00
7 7.29435826842609e+00
7 7.78410274046433e+00
7 7.70272259019622e+00
7 7.54373971139718e+00
7 7.99491061451972e+00
7 7.99175030657033e+00
7 7.65142115052251e+00
7 8.25757460506977e+00
7 7.94837800065810e+00
7 7.69905569432885e+00
7 7.68258701593790e+00
7 7.88348983234512e+00
7 7.71693035276359e+00
7 7.51507661568608e+00
7 7.87436108313445e+00
7 8.28432948372760e+00
7 8.70834530913586e+00
7 8.08570012686618e+00
7 7.82795981054396e+00
7 7.94657133269464e+00
7 8.20323706277429e+00
7 8.01102187502663e+00
7 8.31536888478144e+00
7 7.66910573696072e+00
7 7.55579050477587e+00
7 8.71024589995966e+00
7 8.03986196779059e+00
7 7.99790824657401e+00
7 7.06661809178699e+00
7 7.11151394446314e+00
7 7.28196705028275e+00
7 7.39683254467467e+00
7 7.88151410364861e+00
7 7.49646274334379e+00
7 7.64452408598585e+00
7 7.54212270779526e+00
7 7.51068574407643e+00
7 8.45699460629103e+00
7 8.96485142481672e+00
7 8.80894733436371e+00
7 9.11740153561280e+00
7 7.58868209254455e+00
7 8.91017811230238e+00
7 8.39956721686838e+00
7 8.85915046050805e+00
7 8.53399696621083e+00
7 8.37023128648973e+00
7 8.47805193209700e+00
7 8.79262975798534e+00
7 7.98970563242002e+00
7 8.79870745692745e+00
7 8.31897110729046e+00
7 8.05412538926283e+00
7 7.38831807439646e+00
7 7.80861857762183e+00
7 7.85257180301840e+00
7 7.42875593426585e+00
7 7.71612252476982e+00
7 7.41873455833338e+00
7 7.65725443561542e+00
7 7.37000768813974e+00
7 7.35669536649040e+00
7 7.50318101063378e+00
7 7.28928936072681e+00
7 7.38954196291433e+00
7 8.07353917625558e+00
7 8.30131373984792e+00
7 8.51116388786658e+00
7 7.98086971184397e+00
7 8.30500296200209e+00
7 8.55708171864540e+00
7 8.54424750071655e+00
7 8.30005194615381e+00
7 7.76100004966678e+00
7 7.62272126915984e+00
7 8.72679868923993e+00
7 7.85943425104735e+00
7 8.34482560770565e+00
7 8.61524586138182e+00
7 7.73879675145241e+00
7 7.71852711178345e+00
7 8.67354329566606e+00
7 8.78294759007407e+00
7 8.55306302552680e+00
7 7.56974540759335e+00
7 7.64040106481472e+00
7 7.78321811496392e+00
7 8.07064872287874e+00
7 8.31606875133337e+00
7 7.34875135762165e+00
7 7.58391296940509e+00
7 7.71839165838593e+00
7 8.56452832823766e+00
7 7.72982546580811e+00
7 7.60629431837395e+00
7 7.87581932808036e+00
7 7.80107011910147e+00
7 7.85928689787734e+00
7 8.37592683172326e+00
7 8.49438319048520e+00
7 8.60324127631705e+00
7 8.95809203615289e+00
7 8.10801831034360e+00
7 8.61587892414865e+00
7 8.00308487912062e+00
7 7.93417553251302e+00
7 8.18465854212486e+00
7 7.74027654410303e+00
7 8.17339607774809e+00
7 7.54442875506995e+00
7 8.46949587035587e+00
7 8.67034945761465e+00
7 8.57812313167700e+00
7 8.32992908870722e+00
7 8.33970278858516e+00
7 7.74976672201544e+00
7 7.94528262033362e+00
7 8.09902574009892e+00
7 7.85911763185770e+00
7 7.95255773100013e+00
7 8.58193053302377e+00
7 7.58040740122491e+00
7 8.39474346623931e+00
7 8.37263501482068e+00
7 7.70144508432298e+00
7 8.65757216896322e+00
7 7.78586210575139e+00
7 7.69002822256605e+00
7 8.13355400553597e+00
7 8.61223903613263e+00
7 8.60635948825998e+00
7 8.70263988871579e+00
7 9.03095299579219e+00
7 8.66529860673469e+00
7 8.56044686744087e+00
7 8.51298574823799e+00
7 8.16772606868443e+00
7 9.35843001516321e+00
7 8.56076260447056e+00
7 7.75744750908030e+00
7 7.81070884228292e+00
7 7.87979362563945e+00
7 8.06637871799476e+00
7 8.47791135391662e+00
7 8.15060123177429e+00
7 8.09023674455731e+00
7 8.00117147061104e+00
7 7.26483946420576e+00
7 7.70489940056446e+00
7 7.74614096235909e+00
7 8.35801012293317e+00
7 7.97179212504117e+00
7 7.65704913143887e+00
7 6.94769343728386e+00
7 7.30341177557341e+00
7 7.49638385141827e+00
7 7.67228014116025e+00
7 7.39015339965688e+00
7 7.21543506737018e+00
7 7.72510132271698e+00
7 7.43740551475637e+00
7 7.56745832734223e+00
7 7.73707814377373e+00
7 6.93067455816180e+00
7 7.64727446320660e+00
7 7.74134273023127e+00
7 7.56742378237186e+00
7 7.48717471626836e+00
7 8.26709498339901e+00
7 7.81105715210152e+00
7 7.36242333347967e+00
7 7.77688300710007e+00
7 7.83754030249502e+00
7 8.51614309346625e+00
7 7.45770787342853e+00
7 7.55543112208529e+00
7 8.45638284071383e+00
7 8.06198035441474e+00
7 7.15447618344745e+00
7 7.28910330049661e+00
7 7.34552293740516e+00
7 7.64068759310076e+00
7 7.56294822524088e+00
7 6.97648955277990e+00
7 7.57945153993667e+00
7 6.96075744597434e+00
7 6.97518365776014e+00
7 7.11511247053536e+00
7 7.71291051670118e+00
7 7.42170263585607e+00
7 7.03788020160713e+00
7 7.43481828435136e+00
7 6.82489737743586e+00
7 6.87530604003687e+00
7 6.93178460041980e+00
7 6.84463725973586e+00
7 6.55407692751879e+00
7 6.11945823852843e+00
7 5.76569796719255e+00
7 6.24656359014037e+00
7 6.88071508542189e+00
7 7.19855306734347e+00
7 7.19286312350485e+00
7 7.52269335609111e+00
7 7.09774063463231e+00
7 8.07823800347608e+00
7 7.75501695331121e+00
7 8.15002913922312e+00
7 7.38147336990644e+00
7 7.99284953169092e+00
7 7.26201754748262e+00
7 7.08627189380853e+00
7 6.68924705975409e+00
7 6.88643655424667e+00
7 6.44193662858326e+00
7 7.20228682074038e+00
7 6.79341402228649e+00
7 6.81919043143031e+00
7 7.05457089789768e+00
7 6.90215265308043e+00
7 7.12074775026479e+00
7 6.92798891503737e+00
7 6.62038686525954e+00
7 6.66951375221470e+00
7 6.14666320169658e+00
7 7.50073603068802e+00
7 6.70168315979114e+00
7 6.98860082854766e+00
7 7.34983968482778e+00
7 6.78346295913002e+00
7 6.89622714423128e+00
7 7.50838758469013e+00
7 7.19973669241480e+00
7 7.17790656578580e+00
7 6.72983717760901e+00
7 6.57543851787534e+00
7 7.01314636922891e+00
7 7.31318663689256e+00
7 6.74035998479746e+00
7 6.28802752233177e+00
7 7.26235063180966e+00
7 7.19823964806178e+00
7 7.39041895512982e+00
7 6.56108024450472e+00
7 7.49053337055540e+00
7 7.13221684044324e+00
7 6.92557593002154e+00
7 6.80776066149893e+00
7 6.25017859220039e+00
7 6.20798851962069e+00
7 6.93594889643132e+00
7 7.02175814524554e+00
7 8.09582589603503e+00
7 7.06766311739927e+00
7 7.76529099169292e+00
7 7.58698681746608e+00
7 7.56435679264036e+00
7 7.87482119535273e+00
7 8.15375813167817e+00
7 7.35706036815869e+00
7 7.82734998924647e+00
7 7.99613838698904e+00
7 7.02282967823608e+00
7 7.24296865501323e+00
7 7.65468138017701e+00
7 7.99701331610903e+00
7 7.71142193610249e+00
7 8.07813477179275e+00
7 7.69223592631514e+00
7 7.00543294877537e+00
7 6.88511849691798e+00
7 7.49002076726420e+00
7 7.82432654480764e+00
7 7.35884184982825e+00
7 7.57753475077930e+00
7 7.50599142698772e+00
7 7.80790391327801e+00
7 8.35030822599017e+00
7 7.87003850962090e+00
7 7.57212385949261e+00
7 7.64603086251261e+00
7 7.28029233077754e+00
7 7.00262583621530e+00
7 6.51912330808498e+00
7 7.28528289686375e+00
7 6.83713018508890e+00
7 7.31272386585336e+00
7 7.85999980651527e+00
7 7.94140897263926e+00
7 6.18505942845597e+00
7 6.92379709792950e+00
7 6.83061285976424e+00
7 5.89654264072802e+00
7 7.00668847259540e+00
7 6.11659316338348e+00
7 6.30644849024870e+00
7 5.95465110174436e+00
7 6.54533340386501e+00
7 6.89940743573367e+00
7 7.75859663218370e+00
7 7.23295768089792e+00
7 7.33916985829943e+00
7 7.81502437569399e+00
7 7.12520510001415e+00
7 7.98098902730676e+00
7 7.04990020607111e+00
7 8.24003860830796e+00
7 7.56512395390618e+00
7 8.11907316293158e+00
7 8.24243739644535e+00
7 7.99433155258992e+00
7 8.43688124894024e+00
7 9.14207046662046e+00
7 7.43389847368989e+00
7 8.05085964491470e+00
7 8.50383929169992e+00
7 8.08368693583422e+00
7 7.07209237694458e+00
7 7.06919612476056e+00
7 7.28231433984536e+00
7 8.14584872494578e+00
7 6.96945512062934e+00
7 7.07205802230069e+00
7 7.63958289172803e+00
7 7.70976208872378e+00
7 7.26090095876841e+00
7 7.06982208247565e+00
7 6.59997749916245e+00
7 6.74128122731574e+00
7 7.79480912661930e+00
7 7.79169280266164e+00
7 7.60369446218210e+00
7 7.48599424745213e+00
7 6.93009374488035e+00
7 6.77502270621097e+00
7 7.09367262265951e+00
7 7.13505476916097e+00
7 7.74912856230233e+00
7 8.03348263043994e+00
7 7.52676394230651e+00
7 6.71777467234555e+00
7 7.76571497123615e+00
7 8.03374009432513e+00
7 7.23716678706202e+00
7 7.56330411980338e+00
7 8.22130648628096e+00
7 7.26925782477576e+00
7 6.57007086046878e+00
7 7.44366810820584e+00
7 7.13734501408295e+00
7 7.00158602385057e+00
7 7.72886573378908e+00
7 7.79831348241406e+00
7 7.54499695877491e+00
7 7.71376494500917e+00
7 7.97378475612974e+00
7 7.80539788512804e+00
7 7.26657764928632e+00
7 6.68794818996547e+00
7 7.29456328161640e+00
7 7.64531780468122e+00
7 7.06806291207151e+00
7 7.00505499660019e+00
7 6.56238563380424e+00
7 7.91309295444606e+00
7 7.78171522110351e+00
7 7.46994205211964e+00
7 7.00428427862015e+00
7 8.31150920690457e+00
7 8.10469628736771e+00
7 7.43210881831565e+00
7 7.67364892578123e+00
7 7.30109215421582e+00
7 7.51421369392564e+00
7 6.84444767768543e+00
7 6.79610655820880e+00
7 6.78752606871400e+00
7 6.95214928646244e+00
7 7.69885402317848e+00
7 7.72391345963742e+00
7 7.71272033192809e+00
7 7.57356492981316e+00
7 6.45038448573111e+00
7 6.78020570359612e+00
7 6.51924253409769e+00
7 6.55140655928872e+00
7 6.26321729211161e+00
7 6.88068768452779e+00
7 6.40834506385080e+00
7 6.04697286180462e+00
7 6.32143135783229e+00
7 6.08713982059837e+00
7 7.48853977771264e+00
7 7.30276854453040e+00
7 7.72950781287262e+00
7 7.45567834099394e+00
7 7.87489511785432e+00
7 6.02763260314844e+00
7 6.02783010912947e+00
7 6.90000473112730e+00
7 7.73484513964696e+00
7 7.23284902217229e+00
7 7.13921569432013e+00
7 6.43561769009020e+00
7 6.95377481054860e+00
7 6.44204861594794e+00
7 6.79415340850394e+00
7 6.73543041681553e+00
7 6.79443766552958e+00
7 6.87203016621481e+00
7 7.29072779471313e+00
7 7.98838012279487e+00
7 7.50711952700697e+00
7 7.69390204809211e+00
7 7.35296646187816e+00
7 7.02939069996649e+00
7 7.97862612867979e+00
7 7.36797290972247e+00
7 7.13541680826368e+00
7 6.07936764846766e+00
7 5.65111292630158e+00
7 6.30564062654056e+00
7 7.53116614715314e+00
7 7.84368234611696e+00
7 7.66298505526253e+00
7 7.64307446149559e+00
7 7.88609603359142e+00
7 6.74456395498372e+00
7 6.38745352710128e+00
7 7.07702523221324e+00
7 7.28490827288216e+00
7 6.98677481711289e+00
7 7.32685640469627e+00
7 7.32322840952395e+00
7 6.39738907639433e+00
7 7.63560522955486e+00
7 8.06028262281541e+00
7 7.74356914243324e+00
7 7.10615406422920e+00
7 6.68120329292377e+00
7 7.31995764739936e+00
7 7.65813115091545e+00
7 6.84063728736877e+00
7 6.81936376313444e+00
7 6.02921535861151e+00
7 6.89283472260661e+00
7 6.18307883652644e+00
7 6.59486518666083e+00
7 7.97124068300214e+00
7 6.98529073723631e+00
7 7.73608891212592e+00
7 8.83020584411228e+00
7 7.94380615945562e+00
7 7.20241029759973e+00
7 7.11442058690335e+00
7 7.70330793332325e+00
7 6.79809421347211e+00
7 7.41894387873442e+00
7 6.30435011006171e+00
7 7.62626383875431e+00
7 7.14897445136757e+00
7 7.99978765296868e+00
7 7.22291770176971e+00
7 7.04535420524673e+00
7 7.20142486033273e+00
7 8.15867405611974e+00
7 7.54976352776940e+00
7 6.55147241393561e+00
7 7.16414721960396e+00
7 7.27992628559665e+00
7 7.00339134830520e+00
7 6.83918071066989e+00
7 7.13015078114749e+00
7 7.28794065247417e+00
7 7.87127085617826e+00
7 7.49905415519505e+00
7 7.58212183039883e+00
7 7.89891441201825e+00
7 7.49053783495162e+00
7 7.92053317178200e+00
7 7.30952089805700e+00
7 7.52316414440085e+00
7 7.57499458912769e+00
7 7.55583877998940e+00
7 7.80397568085722e+00
7 6.81139602226921e+00
7 6.74176687745441e+00
7 6.78888021005128e+00
7 7.01435186954122e+00
7 7.87949274375822e+00
7 7.80932010763741e+00
7 8.33946051509819e+00
7 7.67151628496654e+00
7 8.66040682648983e+00
7 8.24827912300876e+00
7 8.56020658349775e+00
7 8.48093416064924e+00
7 8.27800451701660e+00
7 8.09347922554533e+00
7 7.91619155039202e+00
7 8.13060692470663e+00
7 8.64393974366921e+00
7 7.88717238804090e+00
7 7.86649059132259e+00
7 7.96411490369589e+00
7 8.07919094257007e+00
7 7.33415188560317e+00
7 7.48583288714915e+00
7 7.43555124327020e+00
7 7.51719502111162e+00
7 7.33999524771485e+00
7 7.68687232295720e+00
7 7.71987510670193e+00
7 7.79468830879224e+00
7 8.04523420456955e+00
7 7.70202357135485e+00
7 7.44530807193498e+00
7 7.89466285054361e+00
7 7.67129614097840e+00
7 6.95816398079907e+00
7 7.59996901670742e+00
7 7.43762153857649e+00
7 7.01875357624288e+00
7 6.05263900882815e+00
7 6.63572573989688e+00
7 7.01621799704524e+00
7 7.18588125979537e+00
7 6.93619229133793e+00
7 7.01672738798730e+00
7 6.39685106634012e+00
7 6.69419417409508e+00
7 7.42015001378316e+00
7 7.30514380100515e+00
7 7.33629967933039e+00
7 7.76054490017482e+00
7 7.63884425222854e+00
7 7.71215752590090e+00
7 8.40594805925506e+00
7 7.37275772458007e+00
7 7.07867886497406e+00
7 7.04678328989705e+00
7 7.44301027655472e+00
7 7.37694705116514e+00
7 7.87841896985007e+00
7 7.55932531648324e+00
7 6.94054687798919e+00
7 7.42726971184047e+00
7 7.67708841638527e+00
7 7.82660361597905e+00
7 7.74504236765198e+00
7 7.16719648102401e+00
7 7.15369618233269e+00
7 6.89995587822022e+00
7 7.49392628657991e+00
7 7.36321273839119e+00
7 7.84532147964133e+00
7 7.95193889799857e+00
7 7.61512364633836e+00
7 7.13690628824299e+00
7 7.21870290508950e+00
7 7.04334457966828e+00
7 7.99608425599356e+00
7 7.45217984753593e+00
7 8.13973596876767e+00
7 7.96670573445568e+00
7 8.34212144860409e+00
7 7.90868689974321e+00
7 7.13265484413733e+00
7 7.07694012003743e+00
7 7.13348117035980e+00
7 7.34955835733213e+00
7 8.08810160508171e+00
7 7.95203716843255e+00
7 8.49349989766176e+00
7 8.33200251934714e+00
7 8.68058959115615e+00
7 8.14064085927244e+00
7 8.42162280335956e+00
7 8.45379047516925e+00
7 8.75963268331534e+00
7 8.36019527550701e+00
7 8.54514591438491e+00
7 8.01687461246939e+00
7 8.43065865957714e+00
7 7.96229092987294e+00
7 8.03711689779518e+00
7 6.73222650377628e+00
7 6.89317462497306e+00
7 6.99840549519606e+00
7 7.33680666126988e+00
7 7.19909360736836e+00
7 7.00453892995264e+00
7 6.96479051637106e+00
7 7.26922387437723e+00
7 6.87713944300217e+00
7 6.76466154911551e+00
7 6.63163665532812e+00
7 6.63801129530627e+00
7 7.49933592649627e+00
7 7.32648214410050e+00
7 7.34339008156451e+00
7 6.50272935174339e+00
7 6.74883676769153e+00
7 6.90159769940546e+00
7 7.66741680106956e+00
7 8.06661403528582e+00
7 7.41805550539249e+00
7 7.11333623459496e+00
7 7.63161767652960e+00
7 7.06653260077644e+00
7 7.51856500164785e+00
7 7.70196974339564e+00
7 8.59285277153930e+00
7 7.76374813710245e+00
7 7.28834512412923e+00
7 8.79972949848098e+00
7 8.42528057971258e+00
7 7.86005520390459e+00
7 8.03637954456002e+00
7 8.28462141868166e+00
7 6.90148711163796e+00
7 7.15380629177552e+00
7 6.68031054791420e+00
7 6.15790115414011e+00
7 6.80194297510124e+00
7 8.07722520526763e+00
7 7.59179798756580e+00
7 7.58719338472603e+00
7 6.69704321499774e+00
7 7.09146709782324e+00
7 6.76624188752209e+00
7 6.48182512713312e+00
7 7.35259135365388e+00
7 7.45675349410766e+00
7 6.97220230597516e+00
7 7.32491425811857e+00
7 6.66941663354563e+00
7 6.80666067966382e+00
7 6.06184846476704e+00
7 6.30079820593290e+00
7 6.76179643920470e+00
7 7.44461649084559e+00
7 6.60682954960922e+00
7 7.57472358796614e+00
7 7.49983474825805e+00
7 7.33829424630849e+00
7 7.08483523624303e+00
7 7.41337122067348e+00
7 7.31302251396200e+00
7 7.12347547626453e+00
7 6.74130500818630e+00
7 7.35376135648929e+00
7 6.57077823908142e+00
7 6.59286736760090e+00
7 6.30625630026088e+00
7 6.61448220450654e+00
7 6.84083875892049e+00
7 6.92833385408275e+00
7 6.41258947206758e+00
7 6.59840687044309e+00
7 6.12709896953573e+00
7 7.00917471807584e+00
7 6.13219632413503e+00
7 7.17999023643724e+00
7 6.69152967576326e+00
7 7.38711334618074e+00
7 7.35642287873339e+00
7 8.05668982128407e+00
7 6.62031396214120e+00
7 6.92128017788771e+00
7 6.77622060875436e+00
7 6.64406923091980e+00
7 6.31558899456221e+00
7 6.32678156271834e+00
7 6.78622454091505e+00
7 6.63365018065102e+00
7 6.91872251703077e+00
7 6.40013523023790e+00
7 7.08831612325197e+00
7 6.93510022369912e+00
7 6.39277031732980e+00
7 6.34438097063087e+00
7 6.66993284980839e+00
7 6.76370114102401e+00
7 7.43726559190401e+00
7 7.56199025034873e+00
7 6.95529076239933e+00
7 7.04427433431691e+00
7 6.72358939363691e+00
7 6.87919028356280e+00
7 7.23746319023929e+00
7 7.32810738509405e+00
7 7.06252588308270e+00
7 7.11449098244092e+00
7 7.10360197967640e+00
7 7.35810159446972e+00
7 7.16741616254883e+00
7 7.72223334408273e+00
7 8.11031299923066e+00
7 7.78240663536150e+00
7 8.15127559046208e+00
7 7.63080582329186e+00
7 7.05375649942097e+00
7 7.64453942873264e+00
7 7.73829250327163e+00
7 8.07725935459187e+00
7 7.82894063785414e+00
7 8.10228345418323e+00
7 8.31647714784176e+00
7 8.01191574058985e+00
7 7.45667064719133e+00
7 7.85096765224296e+00
7 8.48567267094553e+00
7 8.69987891635326e+00
7 7.62709019480752e+00
7 7.78531311239375e+00
7 7.98278506564386e+00
7 8.00480298846214e+00
7 8.27076541094419e+00
7 8.05262420215981e+00
7 7.79690402113883e+00
7 7.27904207676488e+00
7 7.86341308428377e+00
7 7.62023709995468e+00
7 7.99882189590391e+00
7 8.10507272853294e+00
7 7.10020274978515e+00
7 7.11645046822480e+00
7 8.23697120804624e+00
7 8.62273182067404e+00
7 7.39069470018792e+00
7 7.24574011935938e+00
7 7.58751881062000e+00
7 8.20076424569480e+00
7 7.53812280930381e+00
7 7.90654087683806e+00
7 8.03979368766555e+00
7 8.62607179273414e+00
7 8.38767722480997e+00
7 8.72379072386482e+00
7 8.27078652679895e+00
7 8.20304369700553e+00
7 8.22652981133785e+00
7 8.62758672994923e+00
7 9.07019580291617e+00
7 8.37281938937745e+00
7 7.63993081827785e+00
7 7.79485499490677e+00
7 8.02120314531646e+00
7 8.01638140265976e+00
7 7.72613623352773e+00
7 8.11557924366899e+00
7 7.96261414113579e+00
7 8.20916789774398e+00
7 8.67765390328374e+00
7 7.07533843832607e+00
7 6.56723068446702e+00
7 7.37170654627949e+00
7 7.09578569636637e+00
7 8.47944264105473e+00
7 8.27866231712436e+00
7 7.73239684023177e+00
7 7.71943600969746e+00
7 7.21481147753680e+00
7 6.92258867794278e+00
7 6.69870590436591e+00
7 7.38741757265133e+00
7 7.07311438185700e+00
7 8.16256305845133e+00
7 7.83301984948201e+00
7 8.57765945141249e+00
7 8.67350724095658e+00
7 8.72737078106587e+00
7 9.46095736363097e+00
7 9.02407583736010e+00
7 8.58121679408229e+00
7 7.58984361129427e+00
7 7.81746884580853e+00
7 8.08171124079874e+00
7 8.66748706519124e+00
7 7.92206055118953e+00
7 7.51582633503893e+00
7 7.74407952697337e+00
7 8.17369867614527e+00
