10.0000 10.2818
10.0000 10.7357
10.0000 10.7320
10.0000 10.1302
10.0000 11.4566
10.0000 10.2508
10.0000 9.3010
10.0000 10.6665
10.0000 10.4769
10.0000 10.9643
10.0000 11.3959
10.0000 9.8685
10.0000 10.1283
10.0000 10.4743
10.0000 10.1799
10.0000 9.2596
10.0000 10.2359
10.0000 10.5513
10.0000 10.3718
10.0000 9.5744
10.0000 9.7702
10.0000 10.4507
10.0000 10.7900
10.0000 10.8193
10.0000 10.5371
10.0000 10.4254
10.0000 10.4221
10.0000 10.8176
10.0000 10.2851
10.0000 10.6915
10.0000 11.3240
10.0000 11.3019
10.0000 10.3834
10.0000 10.7957
10.0000 9.2289
10.0000 10.0049
10.0000 9.6953
10.0000 9.6751
10.0000 9.9651
10.0000 9.8033
10.0000 10.1608
10.0000 9.1276
10.0000 11.1076
10.0000 10.1897
10.0000 10.4045
10.0000 10.9714
10.0000 9.8044
10.0000 11.0583
10.0000 9.5246
10.0000 11.0430
10.0000 11.4486
10.0000 8.9188
10.0000 10.1907
10.0000 9.6934
10.0000 9.6724
10.0000 10.6045
10.0000 9.0650
10.0000 9.9886
10.0000 8.9941
10.0000 10.3034
10.0000 9.5470
10.0000 9.9048
10.0000 9.9058
10.0000 10.5741
10.0000 9.9481
10.0000 10.7548
10.0000 11.1358
10.0000 10.0362
10.0000 11.0112
10.0000 11.0274
10.0000 9.3775
10.0000 10.3567
10.0000 9.7516
10.0000 10.7263
10.0000 10.2809
10.0000 10.9410
10.0000 9.9748
10.0000 10.2073
10.0000 10.0981
10.0000 9.1761
10.0000 9.8891
10.0000 10.6625
10.0000 10.8484
10.0000 10.3350
10.0000 9.4128
10.0000 10.7510
10.0000 10.1953
10.0000 9.7418
10.0000 10.8227
10.0000 9.8807
10.0000 10.1224
10.0000 11.0554
10.0000 10.4001
10.0000 10.6958
10.0000 10.3878
10.0000 10.7928
10.0000 9.8188
10.0000 10.0272
10.0000 9.8753
10.0000 10.9372
10.0000 10.5456
10.0000 10.1783
10.0000 10.3469
10.0000 9.9455
10.0000 10.0740
10.0000 10.1497
10.0000 9.1268
10.0000 10.5905
10.0000 9.1467
10.0000 10.1347
10.0000 10.5083
10.0000 10.5236
10.0000 10.4247
10.0000 11.2366
10.0000 10.1481
10.0000 11.0477
10.0000 10.3400
10.0000 10.6149
10.0000 10.4383
10.0000 10.3027
10.0000 9.4389
10.0000 10.4433
10.0000 10.7168
10.0000 10.0057
10.0000 10.4580
10.0000 10.3767
10.0000 10.4045
10.0000 9.5415
10.0000 10.7042
10.0000 9.8343
10.0000 9.3021
10.0000 10.9465
10.0000 8.9841
10.0000 9.5222
10.0000 10.7609
10.0000 9.9682
10.0000 11.2802
10.0000 8.9833
10.0000 9.8948
10.0000 10.7240
10.0000 10.0685
10.0000 9.9514
10.0000 10.2792
10.0000 10.2091
10.0000 10.9538
10.0000 9.8818
10.0000 9.9049
10.0000 11.2372
10.0000 10.5164
10.0000 10.4251
10.0000 7.8293
10.0000 10.1228
10.0000 9.9794
10.0000 9.7065
10.0000 10.9629
10.0000 10.5289
10.0000 9.3543
10.0000 9.1979
10.0000 9.2308
10.0000 10.5196
10.0000 11.0765
10.0000 9.8286
10.0000 10.0849
10.0000 10.5949
10.0000 10.1582
10.0000 9.6729
10.0000 9.5912
10.0000 9.8705
10.0000 9.7350
10.0000 10.1401
10.0000 9.7737
10.0000 10.3916
10.0000 9.8258
10.0000 9.8091
10.0000 9.9023
10.0000 10.2461
10.0000 9.7028
10.0000 9.9348
10.0000 10.0910
10.0000 10.3565
10.0000 9.1637
10.0000 9.3967
10.0000 11.2381
10.0000 10.1778
10.0000 10.6622
10.0000 10.2580
10.0000 10.0772
10.0000 9.3650
10.0000 9.7743
10.0000 11.0146
10.0000 9.5608
10.0000 11.6549
10.0000 9.7433
10.0000 10.5227
10.0000 10.0990
10.0000 10.4290
10.0000 9.3682
10.0000 11.1464
10.0000 9.9109
10.0000 9.8487
10.0000 10.7103
10.0000 9.4344
10.0000 9.4181
10.0000 10.2304
10.0000 10.1026
10.0000 9.2597
10.0000 10.1774
10.0000 9.4403
10.0000 10.2092
10.0000 9.3261
10.0000 10.2270
10.0000 10.8451
10.0000 10.1977
10.0000 10.8182
10.0000 9.7530
10.0000 11.0849
10.0000 10.6952
10.0000 10.1807
10.0000 10.6500
10.0000 10.5182
10.0000 10.2952
10.0000 9.2031
10.0000 9.8615
10.0000 10.0836
10.0000 10.4735
10.0000 10.0723
10.0000 10.6374
10.0000 9.4286
10.0000 11.0689
10.0000 10.5899
10.0000 10.7453
10.0000 10.3251
10.0000 11.2266
10.0000 9.6190
10.0000 9.7330
10.0000 11.1481
10.0000 10.6490
10.0000 10.1953
10.0000 10.7695
10.0000 10.4550
10.0000 9.5951
10.0000 10.1430
10.0000 10.2216
10.0000 10.1637
10.0000 9.7088
10.0000 10.6447
10.0000 10.5582
10.0000 10.7786
10.0000 10.6819
10.0000 9.4620
10.0000 10.7432
10.0000 9.7998
10.0000 10.2979
10.0000 9.4918
10.0000 10.4958
10.0000 9.4763
10.0000 10.3199
10.0000 10.0131
10.0000 10.6114
10.0000 10.1243
10.0000 9.7508
10.0000 10.8536
10.0000 9.8738
10.0000 9.4106
10.0000 10.1511
10.0000 9.7307
10.0000 9.4735
10.0000 10.5068
10.0000 9.7143
10.0000 9.6941
10.0000 10.5063
10.0000 10.8054
10.0000 9.8718
10.0000 11.0501
10.0000 10.6495
10.0000 10.0269
10.0000 11.0747
10.0000 10.6740
10.0000 9.1574
10.0000 10.9434
10.0000 10.2689
10.0000 9.7286
10.0000 10.3096
10.0000 8.9853
10.0000 9.5891
10.0000 10.6999
10.0000 10.1571
10.0000 9.9824
10.0000 9.9643
10.0000 9.6426
10.0000 10.2753
10.0000 9.9482
10.0000 9.5189
10.0000 10.1047
10.0000 10.4680
10.0000 9.6562
10.0000 10.6826
10.0000 10.1212
10.0000 10.5199
10.0000 10.5046
10.0000 10.6238
10.0000 10.6697
10.0000 10.3500
10.0000 10.4939
10.0000 9.8322
10.0000 10.5224
10.0000 10.4710
10.0000 10.1084
10.0000 10.6908
10.0000 10.2168
10.0000 10.9207
10.0000 10.2476
10.0000 10.2668
10.0000 11.0997
10.0000 10.7637
10.0000 9.8262
10.0000 9.7838
10.0000 10.2407
10.0000 9.1142
10.0000 9.9925
10.0000 8.8146
10.0000 10.1374
10.0000 10.5297
10.0000 10.8289
10.0000 10.2309
10.0000 9.7829
10.0000 10.6199
10.0000 10.1456
10.0000 9.2208
10.0000 9.6417
10.0000 10.1891
10.0000 10.8885
10.0000 10.3387
10.0000 9.6764
10.0000 9.1628
10.0000 10.3621
10.0000 10.7303
10.0000 9.4884
10.0000 9.9274
10.0000 10.6151
10.0000 10.5119
10.0000 10.5929
10.0000 10.1707
10.0000 9.4307
10.0000 9.4188
10.0000 9.5747
10.0000 10.3042
10.0000 9.7922
10.0000 9.3848
10.0000 10.2694
10.0000 10.0635
10.0000 9.7987
10.0000 8.9641
10.0000 11.3470
10.0000 9.5326
10.0000 9.3115
10.0000 9.6390
10.0000 9.5559
10.0000 9.4717
10.0000 9.5712
10.0000 10.7012
10.0000 10.6237
10.0000 9.5575
10.0000 10.4747
10.0000 9.0029
10.0000 9.7229
10.0000 10.1707
10.0000 10.0317
10.0000 9.3118
10.0000 10.5303
10.0000 9.7861
10.0000 10.0164
10.0000 10.5021
10.0000 11.1240
10.0000 10.7231
10.0000 10.0989
10.0000 9.9873
10.0000 10.1134
10.0000 10.5029
10.0000 10.0187
10.0000 10.5097
10.0000 10.4697
10.0000 10.5000
10.0000 9.8723
10.0000 9.7877
10.0000 10.5230
10.0000 10.1283
10.0000 10.0308
10.0000 10.4568
10.0000 11.2087
10.0000 10.5173
10.0000 9.1202
10.0000 10.7358
10.0000 10.8211
10.0000 11.1569
10.0000 10.3511
10.0000 9.4951
10.0000 10.0269
10.0000 10.0600
10.0000 9.6788
10.0000 9.5085
10.0000 10.5179
10.0000 10.6571
10.0000 10.6375
10.0000 9.7782
10.0000 8.9127
10.0000 10.9131
10.0000 10.5978
10.0000 10.0552
10.0000 9.6151
10.0000 10.2568
10.0000 9.8381
10.0000 10.6443
10.0000 10.1925
10.0000 9.6693
10.0000 10.0999
10.0000 10.0798
10.0000 10.0770
10.0000 10.3456
10.0000 10.7917
10.0000 10.6815
10.0000 8.7579
10.0000 11.1644
10.0000 10.3782
10.0000 9.5318
10.0000 9.5236
10.0000 9.8373
10.0000 8.7268
10.0000 10.1310
10.0000 10.4228
10.0000 10.0302
10.0000 10.6937
10.0000 9.5711
10.0000 10.9964
10.0000 9.6814
10.0000 10.4632
10.0000 10.1139
10.0000 10.1525
10.0000 10.2279
10.0000 10.0255
10.0000 10.8217
10.0000 10.2393
10.0000 9.4885
10.0000 11.0200
10.0000 9.4502
10.0000 10.6201
10.0000 9.8801
10.0000 10.2657
10.0000 10.0635
10.0000 9.9215
10.0000 10.2946
10.0000 11.1255
10.0000 10.6158
10.0000 10.4773
10.0000 10.3515
10.0000 10.1557
10.0000 10.2634
10.0000 9.9071
10.0000 11.0058
10.0000 10.8751
10.0000 9.8963
10.0000 9.9028
10.0000 10.3012
10.0000 11.3995
10.0000 11.0587
10.0000 9.7186
10.0000 9.8004
10.0000 9.3554
10.0000 10.1894
10.0000 10.3778
10.0000 10.8790
10.0000 10.8407
10.0000 9.2578
10.0000 9.1604
10.0000 10.7298
10.0000 10.1141
10.0000 10.5876
10.0000 10.6511
10.0000 10.0734
10.0000 10.1826
10.0000 10.5871
10.0000 10.2693
10.0000 11.1064
10.0000 8.9036
10.0000 10.1702
10.0000 10.2065
10.0000 9.6624
10.0000 9.8518
10.0000 9.8337
10.0000 10.1485
10.0000 10.1209
10.0000 10.4156
10.0000 9.9333
10.0000 9.0986
10.0000 10.7418
10.0000 9.9802
10.0000 9.6994
10.0000 10.2826
10.0000 9.8446
10.0000 10.8576
10.0000 10.4537
10.0000 10.1148
10.0000 10.8024
10.0000 10.2017
10.0000 10.6261
10.0000 11.1067
10.0000 9.9640
10.0000 9.8058
10.0000 10.4936
10.0000 10.8282
10.0000 10.2310
10.0000 9.9637
10.0000 10.0570
10.0000 8.9737
10.0000 11.1204
10.0000 10.0133
10.0000 10.1403
10.0000 10.7439
10.0000 11.2117
10.0000 9.4223
10.0000 9.7911
10.0000 10.5258
10.0000 9.8878
10.0000 10.5935
10.0000 10.4777
10.0000 11.4658
10.0000 10.1454
10.0000 10.2302
10.0000 10.0569
10.0000 10.8619
10.0000 9.8658
10.0000 9.9722
10.0000 9.4395
10.0000 10.1533
10.0000 10.1536
10.0000 10.5487
10.0000 10.1801
10.0000 10.1242
10.0000 10.3332
10.0000 10.2360
10.0000 9.8626
10.0000 10.5013
10.0000 9.5021
10.0000 10.9947
10.0000 9.9036
10.0000 10.1856
10.0000 10.2981
10.0000 9.7034
10.0000 10.0898
10.0000 10.2365
10.0000 10.1291
10.0000 10.2613
10.0000 9.8063
10.0000 10.5786
10.0000 10.2354
10.0000 9.9746
10.0000 10.2286
10.0000 10.7762
10.0000 9.8419
10.0000 10.3026
10.0000 9.8029
10.0000 10.5368
10.0000 9.6051
10.0000 9.8923
10.0000 10.2411
10.0000 10.5588
10.0000 10.4874
10.0000 10.2881
10.0000 10.9799
10.0000 9.8455
10.0000 10.4524
10.0000 10.0738
10.0000 10.4066
10.0000 9.3576
10.0000 9.3202
10.0000 10.1555
10.0000 11.1260
10.0000 10.4277
10.0000 10.1616
10.0000 9.3113
10.0000 10.4869
10.0000 10.7580
10.0000 11.0855
10.0000 9.3973
10.0000 10.2969
10.0000 8.8730
10.0000 10.9520
10.0000 10.3650
10.0000 10.8495
10.0000 10.1567
10.0000 10.8126
10.0000 9.9240
10.0000 9.7074
10.0000 10.5606
10.0000 10.4087
10.0000 10.9373
10.0000 9.6578
10.0000 10.0709
10.0000 9.5866
10.0000 9.0069
10.0000 9.1457
10.0000 11.3141
10.0000 10.3115
10.0000 10.3344
10.0000 10.6594
10.0000 10.3426
10.0000 9.6785
10.0000 9.4939
10.0000 10.1489
10.0000 10.1055
10.0000 10.4345
10.0000 10.3568
10.0000 9.5503
10.0000 9.9456
10.0000 10.6060
10.0000 10.5852
10.0000 10.3507
10.0000 10.9021
10.0000 11.5543
10.0000 9.5775
10.0000 10.4595
10.0000 11.9389
10.0000 9.8728
10.0000 10.8742
10.0000 10.4555
10.0000 9.7585
10.0000 9.6540
10.0000 9.5664
10.0000 10.5042
10.0000 9.9987
10.0000 9.8560
10.0000 9.6335
10.0000 10.2344
10.0000 10.2932
10.0000 10.5707
10.0000 9.8648
10.0000 9.2931
10.0000 11.0090
10.0000 9.6964
10.0000 10.1090
10.0000 9.3628
10.0000 10.4408
10.0000 10.1608
10.0000 10.7172
10.0000 10.6583
10.0000 9.9719
10.0000 10.7361
10.0000 8.7205
10.0000 9.8923
10.0000 9.7060
10.0000 10.0542
10.0000 10.8017
10.0000 9.9481
10.0000 9.8837
10.0000 10.0284
10.0000 10.3333
10.0000 9.8449
10.0000 9.7996
10.0000 9.8486
10.0000 10.7082
10.0000 9.7657
10.0000 10.2125
10.0000 9.7064
10.0000 10.2180
10.0000 9.8774
10.0000 10.5866
10.0000 9.7052
10.0000 9.3215
10.0000 10.3907
10.0000 10.7210
10.0000 11.3088
10.0000 11.0362
10.0000 10.3549
10.0000 10.1870
10.0000 10.3872
10.0000 9.6631
10.0000 10.9571
10.0000 9.6056
10.0000 10.1338
10.0000 9.5300
10.0000 10.7206
10.0000 9.5625
10.0000 9.0596
10.0000 10.1754
10.0000 11.0682
10.0000 9.9681
10.0000 10.7663
10.0000 10.2868
10.0000 10.3795
10.0000 10.8247
10.0000 10.1612
10.0000 10.2041
10.0000 9.2537
10.0000 10.4957
10.0000 10.0221
10.0000 10.7395
10.0000 10.4177
10.0000 9.7066
10.0000 9.9213
10.0000 9.9704
10.0000 9.8909
10.0000 10.3364
10.0000 10.2912
10.0000 10.6693
10.0000 10.4598
10.0000 9.3137
10.0000 9.8522
10.0000 10.3268
10.0000 10.4257
10.0000 10.9309
10.0000 10.5106
10.0000 9.7998
10.0000 9.6796
10.0000 11.6244
10.0000 10.4836
10.0000 9.2464
10.0000 9.5854
10.0000 10.1745
10.0000 10.2109
10.0000 9.9291
10.0000 9.7260
10.0000 11.4113
10.0000 10.6571
10.0000 10.0511
10.0000 9.1232
10.0000 11.3811
10.0000 9.9234
10.0000 9.7064
10.0000 10.2225
10.0000 9.8483
10.0000 9.1887
10.0000 9.8173
10.0000 10.3425
10.0000 10.0310
10.0000 10.2519
10.0000 10.7809
10.0000 10.9803
10.0000 10.0016
10.0000 10.1449
10.0000 11.1103
10.0000 9.2079
10.0000 10.1456
10.0000 10.2678
10.0000 10.9116
10.0000 10.0532
10.0000 10.4043
10.0000 10.2022
10.0000 9.9083
10.0000 10.6969
10.0000 10.2607
10.0000 11.3734
10.0000 9.8205
10.0000 10.8963
10.0000 9.5132
10.0000 10.4568
10.0000 10.4084
10.0000 10.1611
10.0000 10.4665
10.0000 9.8526
10.0000 9.8401
10.0000 10.8558
10.0000 10.3617
10.0000 10.5543
10.0000 8.9480
10.0000 10.2705
10.0000 10.6561
10.0000 9.6739
10.0000 10.0957
10.0000 10.1824
10.0000 10.2211
10.0000 9.9358
10.0000 10.7396
10.0000 9.8748
10.0000 9.6208
10.0000 10.1371
10.0000 10.1393
10.0000 10.6687
10.0000 9.5556
10.0000 10.5623
10.0000 9.3940
10.0000 9.3816
10.0000 10.6179
10.0000 10.3449
10.0000 10.2686
10.0000 9.7356
10.0000 8.5265
10.0000 10.8666
10.0000 10.6154
10.0000 10.1628
10.0000 10.7730
10.0000 10.6352
10.0000 9.5839
10.0000 10.6527
10.0000 11.0776
10.0000 10.5981
10.0000 10.8363
10.0000 9.9113
10.0000 10.5271
10.0000 11.5081
10.0000 10.6761
10.0000 9.9158
10.0000 9.1264
10.0000 10.5328
10.0000 9.8010
10.0000 10.8485
10.0000 9.1142
10.0000 9.3041
10.0000 10.4462
10.0000 9.6039
10.0000 9.5869
10.0000 10.0300
10.0000 10.3671
10.0000 10.8545
10.0000 9.9033
10.0000 10.4606
10.0000 10.0170
10.0000 10.7664
10.0000 10.9153
10.0000 9.9452
10.0000 10.3639
10.0000 10.9227
10.0000 10.7940
10.0000 9.9536
10.0000 9.9602
10.0000 9.6700
10.0000 10.1364
10.0000 10.0432
10.0000 9.9233
10.0000 9.9523
10.0000 9.5636
10.0000 8.9061
10.0000 10.2906
10.0000 10.3055
10.0000 10.1632
10.0000 9.5052
10.0000 9.9944
10.0000 10.6334
10.0000 10.8931
10.0000 10.2477
10.0000 10.4892
10.0000 10.7821
10.0000 9.8085
10.0000 9.0059
10.0000 11.2074
10.0000 10.5885
10.0000 10.1322
10.0000 9.5852
10.0000 10.9701
10.0000 10.1323
10.0000 10.6387
10.0000 10.2496
10.0000 10.6385
10.0000 10.7730
10.0000 9.7248
10.0000 9.2791
10.0000 10.1519
10.0000 9.6510
10.0000 10.0280
10.0000 10.4204
10.0000 9.9916
10.0000 9.4296
10.0000 10.9768
10.0000 9.9583
10.0000 9.8096
10.0000 9.7842
10.0000 10.5472
10.0000 9.9588
10.0000 10.8321
10.0000 10.5612
10.0000 11.3621
10.0000 10.2887
10.0000 10.4530
10.0000 10.7464
10.0000 10.2194
10.0000 10.3399
10.0000 10.8360
10.0000 9.4530
10.0000 10.7764
10.0000 10.1292
10.0000 10.3243
10.0000 10.2109
10.0000 9.9779
10.0000 10.5031
10.0000 10.8816
10.0000 10.0285
10.0000 9.8860
10.0000 10.2573
10.0000 9.9823
10.0000 9.9913
10.0000 10.3927
10.0000 11.0610
10.0000 10.8701
10.0000 10.2427
10.0000 10.5830
10.0000 10.3761
10.0000 9.9698
10.0000 10.6812
10.0000 9.5872
10.0000 10.6158
10.0000 10.7757
10.0000 10.1357
10.0000 9.7942
10.0000 9.8896
10.0000 9.9358
10.0000 9.8720
10.0000 9.7513
10.0000 10.5645
10.0000 10.7384
10.0000 10.1675
10.0000 10.1146
10.0000 11.0971
10.0000 11.1088
10.0000 10.6748
10.0000 10.9040
10.0000 10.7106
10.0000 10.5727
10.0000 10.7714
10.0000 9.8848
10.0000 10.6019
10.0000 9.9776
10.0000 10.4723
10.0000 10.0738
10.0000 10.2818
10.0000 10.4631
10.0000 10.2404
10.0000 10.0759
10.0000 10.5320
10.0000 9.7706
10.0000 10.4750
10.0000 11.0943
10.0000 10.1023
10.0000 10.9609
10.0000 9.1514
10.0000 10.5540
10.0000 9.6380
10.0000 10.7806
10.0000 10.6220
10.0000 10.4095
10.0000 10.2073
10.0000 10.8520
10.0000 9.9904
10.0000 9.8449
10.0000 9.3884
10.0000 10.7003
10.0000 10.7037
10.0000 9.8153
10.0000 11.0101
10.0000 9.9982
10.0000 10.7407
10.0000 9.6601
10.0000 10.0550
10.0000 10.8375
10.0000 10.5327
10.0000 10.5056
10.0000 10.2919
10.0000 10.4902
10.0000 11.1842
10.0000 10.4810
10.0000 9.9554
10.0000 10.4000
10.0000 10.4651
10.0000 10.6607
10.0000 9.8155
10.0000 10.9449
10.0000 10.4429
10.0000 10.4724
10.0000 9.9105
10.0000 9.4865
10.0000 9.1448
10.0000 9.9439
10.0000 10.4080
10.0000 10.4811
10.0000 9.7818
10.0000 10.1998
10.0000 11.1842
10.0000 9.9019
10.0000 10.2342
10.0000 10.6855
10.0000 9.8935
10.0000 9.3947
10.0000 9.4992
10.0000 10.0624
10.0000 9.9241
10.0000 10.0424
10.0000 9.4801
10.0000 9.8408
10.0000 9.8317
10.0000 11.0909
10.0000 10.5569
10.0000 8.2791
10.0000 10.0879
10.0000 10.4096
10.0000 10.5689
10.0000 10.3524
10.0000 9.6779
10.0000 11.0010
10.0000 10.0913
10.0000 9.0494
10.0000 10.4386
10.0000 9.6791
10.0000 9.7605
10.0000 10.5949
10.0000 10.4021
10.0000 9.8307
10.0000 10.5173
10.0000 9.6615
10.0000 10.4885
10.0000 9.9204
10.0000 10.3926
10.0000 9.9598
10.0000 10.3115
10.0000 9.6834
10.0000 9.8869
10.0000 9.5971
10.0000 10.5401
10.0000 9.7599
10.0000 10.6738
10.0000 9.8431
10.0000 10.1183
10.0000 11.0152
10.0000 9.8679
10.0000 9.9288
10.0000 10.9713
10.0000 10.0982
10.0000 10.0088
10.0000 9.7481
10.0000 9.5503
10.0000 9.9225
10.0000 10.4959
10.0000 10.0124
10.0000 10.7417
10.0000 10.9698
10.0000 9.9321
10.0000 9.2764
10.0000 10.4043
10.0000 10.5294
10.0000 11.5711
10.0000 10.8615
10.0000 10.8189
10.0000 10.7092
10.0000 9.8319
10.0000 10.6697
10.0000 9.6370
10.0000 10.4374
10.0000 10.9039
10.0000 10.1901
10.0000 9.7784
10.0000 10.7338
10.0000 9.7533
10.0000 10.2503
10.0000 10.2881
10.0000 9.1734
10.0000 10.9803
10.0000 9.7257
10.0000 9.5433
10.0000 9.6962
10.0000 10.3305
10.0000 10.8904
10.0000 11.2358
10.0000 9.6053
10.0000 10.3403
10.0000 10.5681
10.0000 9.7485
10.0000 10.3228
10.0000 9.9550
10.0000 10.7357
10.0000 9.3972
10.0000 9.8333
10.0000 10.0678
10.0000 9.7682
10.0000 10.2400
10.0000 10.6366
10.0000 10.4243
10.0000 10.4493
10.0000 10.5326
10.0000 10.7112
10.0000 10.3649
10.0000 10.0251
10.0000 10.8143
10.0000 10.3994
10.0000 10.5112
10.0000 9.7141
10.0000 10.2959
10.0000 9.8279
10.0000 10.0687
10.0000 9.9952
10.0000 8.9106
10.0000 10.4290
10.0000 9.6822
10.0000 10.3520
10.0000 10.0402
10.0000 10.3194
10.0000 10.4102
10.0000 10.5862
10.0000 10.4680
10.0000 10.4236
10.0000 10.4263
10.0000 10.0965
10.0000 10.2272
10.0000 9.6248
10.0000 10.4753
10.0000 9.3658
10.0000 9.0808
10.0000 11.2307
10.0000 10.1266
10.0000 10.9446
10.0000 9.6187
10.0000 10.3793
10.0000 9.9416
10.0000 11.1175
10.0000 10.3235
10.0000 9.9139
10.0000 9.8957
10.0000 9.5970
10.0000 9.8047
10.0000 10.1382
10.0000 10.3654
10.0000 9.7297
10.0000 9.5680
10.0000 10.0375
10.0000 9.4787
10.0000 10.8386
10.0000 10.0502
10.0000 11.9137
10.0000 10.1310
10.0000 9.5032
10.0000 10.1537
10.0000 10.1959
10.0000 9.5325
10.0000 10.4119
10.0000 12.4205
10.0000 9.3365
10.0000 9.9106
10.0000 9.7853
10.0000 10.2783
10.0000 10.8517
10.0000 10.0518
10.0000 10.4075
10.0000 9.7524
10.0000 10.4866
10.0000 11.0746
10.0000 9.5493
10.0000 10.3799
10.0000 10.4740
10.0000 10.4419
10.0000 9.9468
10.0000 10.0421
10.0000 10.0741
10.0000 11.7624
10.0000 9.8795
10.0000 10.5766
10.0000 9.4162
10.0000 10.1450
10.0000 9.5975
10.0000 10.7532
10.0000 10.5357
10.0000 9.3098
10.0000 10.0182
10.0000 11.1414
10.0000 9.6577
10.0000 10.4938
10.0000 10.4766
10.0000 10.0125
10.0000 9.3256
10.0000 10.2235
10.0000 10.0168
10.0000 9.7341
10.0000 10.5699
10.0000 10.7895
10.0000 10.1424
10.0000 10.5749
10.0000 10.5921
10.0000 9.9843
10.0000 11.0970
10.0000 9.9663
10.0000 10.0782
10.0000 10.8974
10.0000 10.3271
10.0000 9.0730
10.0000 9.8169
10.0000 10.4319
10.0000 10.2889
10.0000 9.8795
10.0000 9.5189
10.0000 9.0125
10.0000 10.2726
10.0000 11.0393
10.0000 10.8093
10.0000 9.9192
10.0000 10.4516
10.0000 9.8979
10.0000 10.7091
10.0000 10.1240
10.0000 10.2477
10.0000 9.4960
10.0000 10.4243
10.0000 9.4475
10.0000 11.8459
10.0000 9.7014
10.0000 9.9502
10.0000 9.8194
10.0000 9.8316
10.0000 9.9795
10.0000 10.5549
10.0000 9.7912
10.0000 10.2083
10.0000 10.2789
10.0000 9.4138
10.0000 10.3577
10.0000 10.1742
10.0000 10.6883
10.0000 10.6976
10.0000 9.7130
10.0000 11.2781
10.0000 10.6668
10.0000 10.5887
10.0000 10.6799
10.0000 10.4715
10.0000 10.8148
10.0000 10.4281
10.0000 10.8240
10.0000 10.4051
10.0000 10.2575
10.0000 10.0111
10.0000 9.7600
10.0000 9.7009
10.0000 10.2006
10.0000 9.9025
10.0000 9.8637
10.0000 9.6444
10.0000 9.5705
10.0000 10.7466
10.0000 9.3991
10.0000 9.7929
10.0000 10.9410
10.0000 10.3695
10.0000 10.1823
10.0000 9.0091
10.0000 10.3387
10.0000 11.0753
10.0000 10.3468
10.0000 9.5701
10.0000 10.8631
10.0000 9.8545
10.0000 10.0262
10.0000 9.9436
10.0000 10.0139
10.0000 9.6773
10.0000 9.6260
10.0000 11.1066
10.0000 9.9687
10.0000 9.4717
10.0000 10.9928
10.0000 9.6935
10.0000 10.2747
10.0000 10.7591
10.0000 10.7899
10.0000 9.3303
10.0000 9.9926
10.0000 10.2989
10.0000 10.4340
10.0000 8.9621
10.0000 10.6582
10.0000 11.2543
10.0000 11.0416
10.0000 10.3287
10.0000 10.3323
10.0000 10.8069
10.0000 9.8815
10.0000 10.4802
10.0000 9.4180
10.0000 10.5813
10.0000 10.0019
10.0000 9.9761
10.0000 10.4480
10.0000 10.2429
10.0000 10.3973
10.0000 10.8540
10.0000 10.4319
10.0000 9.3332
10.0000 10.0101
10.0000 10.1493
10.0000 10.9336
10.0000 9.5709
10.0000 9.2307
10.0000 9.8663
10.0000 10.1470
10.0000 10.3725
10.0000 10.8762
10.0000 9.3656
10.0000 9.2787
10.0000 10.0465
10.0000 10.3943
10.0000 10.4470
10.0000 9.5355
10.0000 9.6877
10.0000 9.4790
10.0000 9.3875
10.0000 10.1068
10.0000 10.1205
10.0000 10.5983
10.0000 9.9296
10.0000 9.5935
10.0000 9.4747
10.0000 10.7059
10.0000 10.0762
10.0000 11.0183
10.0000 10.2523
10.0000 10.3400
10.0000 9.6746
10.0000 9.8934
10.0000 11.4167
10.0000 10.7549
10.0000 10.8376
10.0000 10.4037
10.0000 9.6943
10.0000 10.3436
10.0000 10.0801
10.0000 10.2821
10.0000 10.8151
10.0000 9.2853
10.0000 11.0136
10.0000 10.5906
10.0000 9.6961
10.0000 9.4321
10.0000 9.6084
10.0000 9.4373
10.0000 10.0718
10.0000 9.8971
10.0000 9.5074
10.0000 10.1095
10.0000 10.5010
10.0000 10.1076
10.0000 10.1145
10.0000 10.6619
10.0000 10.6631
10.0000 10.0138
10.0000 10.0399
10.0000 9.9994
10.0000 9.8768
10.0000 10.9975
10.0000 9.7761
10.0000 9.3927
10.0000 10.6838
10.0000 9.6400
10.0000 10.1110
10.0000 9.7193
10.0000 10.9400
10.0000 11.7674
10.0000 10.7488
10.0000 10.4130
10.0000 10.2914
10.0000 9.8517
10.0000 10.3038
10.0000 10.5367
10.0000 11.3073
10.0000 8.2310
10.0000 10.3033
10.0000 11.1247
10.0000 10.3735
10.0000 10.1658
10.0000 9.7843
10.0000 9.2260
10.0000 10.1951
10.0000 9.5896
10.0000 9.7773
10.0000 9.9299
10.0000 10.1683
10.0000 10.4498
10.0000 9.5662
10.0000 10.4994
10.0000 10.3764
10.0000 10.1832
10.0000 10.5491
10.0000 9.9631
10.0000 10.0008
10.0000 10.1557
10.0000 9.4347
10.0000 10.0792
10.0000 9.8112
10.0000 10.0443
10.0000 9.3111
10.0000 10.1261
10.0000 10.4883
10.0000 10.4231
10.0000 10.7539
10.0000 10.2361
10.0000 9.7113
10.0000 9.2074
10.0000 10.6048
10.0000 9.7957
10.0000 9.1001
10.0000 10.4829
10.0000 10.7240
10.0000 10.7336
10.0000 10.6065
10.0000 10.2144
10.0000 10.5416
10.0000 10.0440
10.0000 10.5092
10.0000 10.2055
10.0000 10.4077
10.0000 10.1405
10.0000 10.1383
10.0000 10.0135
10.0000 10.7675
10.0000 10.4345
10.0000 10.9027
10.0000 9.9821
10.0000 9.7330
10.0000 9.3585
10.0000 9.9667
10.0000 9.9205
10.0000 9.4672
10.0000 10.2928
10.0000 9.9289
10.0000 11.2354
10.0000 11.0905
10.0000 10.8074
10.0000 10.5530
10.0000 10.3337
10.0000 10.0978
10.0000 10.1604
10.0000 11.0250
10.0000 9.9694
10.0000 10.5093
10.0000 9.6115
10.0000 9.3740
10.0000 9.8129
10.0000 10.8011
10.0000 10.3624
10.0000 10.0889
10.0000 10.3883
10.0000 9.6689
10.0000 10.1657
10.0000 9.8459
10.0000 10.8798
10.0000 11.1782
10.0000 10.0975
10.0000 10.3924
10.0000 10.3351
10.0000 9.1527
10.0000 9.6163
10.0000 10.0580
10.0000 10.9669
10.0000 9.4976
10.0000 10.5931
10.0000 9.8711
10.0000 10.2367
10.0000 9.8550
10.0000 10.8936
10.0000 9.7922
10.0000 10.8224
10.0000 10.3534
10.0000 10.7545
10.0000 10.0099
10.0000 11.2318
10.0000 9.7496
10.0000 11.2543
10.0000 10.1961
10.0000 9.3190
10.0000 9.9341
10.0000 10.1471
10.0000 10.6482
10.0000 9.9428
10.0000 10.0530
10.0000 11.2387
10.0000 9.6291
10.0000 9.7548
10.0000 9.8704
10.0000 11.1210
10.0000 9.7993
10.0000 10.1728
10.0000 10.3850
10.0000 11.1398
10.0000 10.0914
10.0000 10.6747
10.0000 10.5465
10.0000 9.8529
10.0000 9.6723
10.0000 10.0349
10.0000 9.8539
10.0000 10.2043
10.0000 10.5119
10.0000 9.8544
10.0000 9.3471
10.0000 9.2118
10.0000 10.1941
10.0000 10.3286
10.0000 11.0802
10.0000 10.3233
10.0000 9.6378
10.0000 10.6824
10.0000 10.4958
10.0000 9.7454
10.0000 10.2798
10.0000 8.7100
10.0000 9.4480
10.0000 10.6731
10.0000 9.4439
10.0000 10.0356
10.0000 9.6074
10.0000 9.8948
10.0000 11.0681
10.0000 11.0866
10.0000 9.4807
10.0000 10.6774
10.0000 9.7931
10.0000 10.7366
10.0000 9.3350
10.0000 10.4449
10.0000 9.7642
10.0000 9.7873
10.0000 10.2737
10.0000 9.8521
10.0000 10.3134
10.0000 9.5186
10.0000 9.5626
10.0000 9.5497
10.0000 10.1959
10.0000 9.6889
10.0000 10.7108
10.0000 10.2210
10.0000 9.9879
10.0000 10.0265
10.0000 10.3020
10.0000 9.6497
10.0000 9.6990
10.0000 10.7796
10.0000 10.0431
10.0000 10.9999
10.0000 10.3074
10.0000 9.8514
10.0000 10.8351
10.0000 10.7750
10.0000 10.5853
10.0000 10.0870
10.0000 10.2029
10.0000 10.0232
10.0000 10.7195
10.0000 10.8056
10.0000 10.4456
10.0000 10.4443
10.0000 8.6894
10.0000 10.1403
10.0000 10.1584
10.0000 9.9367
10.0000 9.8753
10.0000 10.0688
10.0000 10.7994
10.0000 10.5199
10.0000 10.2638
10.0000 11.0305
10.0000 10.1284
10.0000 9.8417
10.0000 9.3247
10.0000 10.9366
10.0000 9.8204
10.0000 10.0615
10.0000 10.3354
10.0000 10.4488
10.0000 9.5069
10.0000 10.5242
10.0000 9.8492
10.0000 9.4637
10.0000 10.7543
10.0000 10.4878
10.0000 9.3569
10.0000 9.7099
10.0000 9.7062
10.0000 10.4216
10.0000 9.9125
10.0000 11.0419
10.0000 10.6541
10.0000 9.9251
10.0000 9.7096
10.0000 10.2437
10.0000 9.5221
10.0000 9.5869
10.0000 9.7566
10.0000 10.4105
10.0000 9.8583
10.0000 9.7807
10.0000 9.7152
10.0000 10.7359
10.0000 10.3601
10.0000 10.1520
10.0000 10.3709
10.0000 9.1587
10.0000 10.0183
10.0000 10.4377
10.0000 10.2328
10.0000 10.2907
10.0000 10.2057
10.0000 11.0973
10.0000 10.3407
10.0000 9.9806
10.0000 10.7221
10.0000 10.2490
10.0000 10.0646
10.0000 10.1885
10.0000 9.8342
10.0000 10.9971
10.0000 9.6197
10.0000 9.4975
10.0000 10.9739
10.0000 10.5065
10.0000 10.1002
10.0000 10.1101
10.0000 10.0625
10.0000 9.6014
10.0000 9.5731
10.0000 10.3431
10.0000 11.1149
10.0000 10.4061
10.0000 10.5567
10.0000 10.4265
10.0000 9.0667
10.0000 9.6596
10.0000 10.4215
10.0000 10.4064
10.0000 9.8702
10.0000 9.7120
10.0000 10.0769
10.0000 11.1857
10.0000 10.8509
10.0000 9.1837
10.0000 10.4362
10.0000 10.1134
10.0000 10.6965
10.0000 10.0579
10.0000 10.4061
10.0000 11.0842
10.0000 10.2430
10.0000 10.4747
10.0000 9.7395
10.0000 10.3549
10.0000 9.6275
10.0000 10.4681
10.0000 10.1938
10.0000 10.5991
10.0000 10.1332
10.0000 8.6669
10.0000 10.3268
10.0000 10.3197
10.0000 9.9204
10.0000 10.1178
10.0000 10.5396
10.0000 9.6839
10.0000 9.9538
10.0000 10.6256
10.0000 11.2810
10.0000 10.3825
10.0000 9.2582
10.0000 9.0759
10.0000 10.5741
10.0000 10.0266
10.0000 10.8603
10.0000 10.1832
10.0000 10.2745
10.0000 9.9062
10.0000 10.2138
10.0000 11.2238
10.0000 10.2092
10.0000 10.3688
10.0000 10.8659
10.0000 9.8661
10.0000 10.7411
10.0000 11.2884
10.0000 10.0992
10.0000 9.6349
10.0000 10.0117
10.0000 9.8816
10.0000 9.1085
10.0000 9.4195
10.0000 10.4900
10.0000 9.8903
10.0000 10.5830
10.0000 9.8278
10.0000 10.4911
10.0000 9.9217
10.0000 10.1038
10.0000 9.4790
10.0000 9.3464
10.0000 10.3713
10.0000 9.3377
10.0000 10.4202
10.0000 10.1704
10.0000 10.3530
10.0000 10.4358
10.0000 10.1228
10.0000 10.3413
10.0000 10.4929
10.0000 10.8327
10.0000 9.8222
10.0000 10.3485
10.0000 10.1113
10.0000 10.0057
10.0000 10.3561
10.0000 9.6303
10.0000 10.3964
10.0000 9.5870
10.0000 10.0636
10.0000 10.9176
10.0000 10.7598
10.0000 11.0632
10.0000 10.3405
10.0000 9.3063
10.0000 10.7269
10.0000 10.3885
10.0000 10.2554
10.0000 11.0288
10.0000 9.5570
10.0000 10.5357
10.0000 10.4481
10.0000 10.8132
10.0000 10.7829
10.0000 10.4315
10.0000 9.6502
10.0000 10.7256
10.0000 10.2280
10.0000 9.5575
10.0000 10.8128
10.0000 11.3134
10.0000 10.6985
10.0000 9.3178
10.0000 10.7450
10.0000 10.4957
10.0000 10.1972
10.0000 10.1921
10.0000 10.7183
10.0000 9.7735
10.0000 10.4621
10.0000 10.0360
10.0000 9.4916
10.0000 9.7628
10.0000 10.3624
10.0000 9.9567
10.0000 10.2416
10.0000 9.8006
10.0000 8.5374
10.0000 10.8213
10.0000 10.9810
10.0000 10.2563
10.0000 10.4901
10.0000 9.6473
10.0000 9.9851
10.0000 10.9576
10.0000 9.4042
10.0000 10.9780
10.0000 10.6610
10.0000 10.9060
10.0000 10.0144
10.0000 9.8973
10.0000 10.4477
10.0000 10.4958
10.0000 9.6635
10.0000 9.9005
10.0000 9.8050
10.0000 9.4953
10.0000 10.1750
10.0000 9.9450
10.0000 9.8373
10.0000 9.7233
10.0000 10.0291
10.0000 10.1837
10.0000 10.8853
10.0000 10.3216
10.0000 9.9161
10.0000 10.2999
10.0000 9.0195
10.0000 10.6360
10.0000 11.3371
10.0000 11.0162
10.0000 10.8190
10.0000 11.0821
10.0000 10.0714
10.0000 11.1310
10.0000 9.7134
10.0000 10.5973
10.0000 10.3728
10.0000 10.3477
10.0000 10.1407
10.0000 9.7268
10.0000 10.1668
10.0000 10.2179
10.0000 10.3054
10.0000 11.3088
10.0000 9.8310
10.0000 9.3772
10.0000 9.7037
10.0000 9.9216
10.0000 9.7975
10.0000 9.9485
10.0000 10.1328
10.0000 10.3436
10.0000 10.4874
10.0000 10.0995
10.0000 10.3104
10.0000 10.6753
10.0000 10.3254
10.0000 10.5179
10.0000 10.1930
10.0000 9.8597
10.0000 9.2085
10.0000 10.8391
10.0000 10.6993
10.0000 10.2591
10.0000 10.6909
10.0000 10.9578
10.0000 10.2267
10.0000 10.9025
10.0000 9.6943
10.0000 9.3900
10.0000 10.5182
10.0000 10.1854
10.0000 10.5210
10.0000 9.1616
10.0000 11.2572
10.0000 8.9236
10.0000 8.9391
10.0000 10.7966
10.0000 10.5648
10.0000 10.1942
10.0000 10.1235
10.0000 10.4576
10.0000 10.7063
10.0000 10.1676
10.0000 10.2584
10.0000 10.3876
10.0000 9.7730
10.0000 10.0638
10.0000 10.2673
10.0000 10.1815
10.0000 9.8249
10.0000 10.0101
10.0000 9.9497
10.0000 10.6936
10.0000 9.7103
10.0000 10.3854
10.0000 9.8215
10.0000 10.4193
10.0000 10.2552
10.0000 9.5400
10.0000 10.6263
10.0000 9.6938
10.0000 10.1765
10.0000 10.2234
10.0000 10.0874
10.0000 10.2946
10.0000 9.9727
10.0000 9.7959
10.0000 10.8030
10.0000 10.3303
10.0000 10.0934
10.0000 10.3193
10.0000 9.6975
10.0000 10.2343
10.0000 10.4389
10.0000 9.3006
10.0000 10.7539
10.0000 10.3794
10.0000 10.6016
10.0000 10.5484
10.0000 10.3784
10.0000 10.1346
10.0000 9.6832
10.0000 9.9617
10.0000 10.4216
10.0000 10.0133
10.0000 11.2694
10.0000 10.5463
10.0000 10.3922
10.0000 9.8782
10.0000 10.3627
10.0000 10.0915
10.0000 10.0831
10.0000 8.9544
10.0000 9.8538
10.0000 10.8778
10.0000 11.3158
10.0000 9.9521
10.0000 9.8432
10.0000 10.2338
10.0000 10.0510
10.0000 10.0494
10.0000 10.3927
10.0000 10.4490
10.0000 10.2729
10.0000 10.0638
10.0000 10.2735
10.0000 9.3390
10.0000 11.5317
10.0000 9.8684
10.0000 10.7840
10.0000 10.3726
10.0000 10.8338
10.0000 9.8994
10.0000 9.6002
10.0000 11.2411
10.0000 10.4085
10.0000 10.1682
10.0000 10.0481
10.0000 9.3745
10.0000 9.9675
10.0000 9.7769
10.0000 10.4504
10.0000 9.6738
10.0000 10.7311
10.0000 10.0823
10.0000 10.0291
10.0000 10.3083
10.0000 10.4251
10.0000 10.4435
10.0000 9.5039
10.0000 10.8982
10.0000 10.2180
10.0000 10.7284
10.0000 9.8177
10.0000 10.2607
10.0000 11.0251
10.0000 10.1047
10.0000 10.0476
10.0000 9.5091
10.0000 10.9701
10.0000 9.9719
10.0000 11.1066
10.0000 9.5379
10.0000 10.3361
10.0000 10.6616
10.0000 10.9758
10.0000 9.8291
10.0000 9.6526
10.0000 10.3562
10.0000 10.9459
10.0000 10.2549
10.0000 9.7081
10.0000 10.0265
10.0000 10.4044
10.0000 10.9822
10.0000 10.3286
10.0000 9.9490
10.0000 10.7972
10.0000 10.5144
10.0000 10.2820
10.0000 10.4709
10.0000 10.2019
10.0000 10.3957
10.0000 9.5093
10.0000 9.6753
10.0000 9.7201
10.0000 9.9092
10.0000 9.4310
10.0000 10.1546
10.0000 10.1695
10.0000 10.4072
10.0000 9.5066
10.0000 9.4571
10.0000 9.7399
10.0000 10.0727
10.0000 8.7306
10.0000 9.6916
10.0000 10.5635
10.0000 9.7571
10.0000 10.3667
10.0000 10.3217
10.0000 10.2209
10.0000 10.7916
10.0000 10.8116
10.0000 10.6220
10.0000 11.4113
10.0000 11.0648
10.0000 10.8467
10.0000 9.6631
10.0000 9.7704
10.0000 10.1850
10.0000 10.1307
10.0000 10.9487
10.0000 10.4246
10.0000 10.0877
10.0000 10.2533
10.0000 10.6171
10.0000 9.7963
10.0000 10.1280
10.0000 11.2753
10.0000 10.2723
10.0000 9.7850
10.0000 9.8812
10.0000 9.8871
10.0000 9.9338
10.0000 10.2035
10.0000 10.5027
10.0000 10.7211
10.0000 10.1554
10.0000 9.8496
10.0000 9.7651
10.0000 9.8244
10.0000 10.1367
10.0000 10.1071
10.0000 10.1396
10.0000 10.2644
10.0000 10.7588
10.0000 10.0641
10.0000 10.5220
10.0000 10.2903
10.0000 10.7067
10.0000 10.3239
10.0000 8.9705
10.0000 10.6463
10.0000 9.7177
10.0000 10.4179
10.0000 9.8424
10.0000 10.1989
10.0000 9.8966
10.0000 10.2623
10.0000 10.4129
10.0000 10.3522
10.0000 9.3780
10.0000 10.4539
10.0000 10.6035
10.0000 10.7915
10.0000 9.9530
10.0000 10.0296
10.0000 9.6990
10.0000 9.3613
10.0000 10.0191
10.0000 10.2060
10.0000 9.9112
10.0000 10.3267
10.0000 10.2313
10.0000 10.1350
10.0000 10.8263
10.0000 10.5425
10.0000 9.5215
10.0000 10.2160
10.0000 10.6304
10.0000 9.9305
10.0000 9.6556
10.0000 9.9827
10.0000 10.9397
10.0000 10.4411
10.0000 10.1184
10.0000 9.5119
10.0000 10.5111
10.0000 10.2251
10.0000 10.3704
10.0000 10.2749
10.0000 10.2687
10.0000 10.8600
10.0000 10.5426
10.0000 11.1992
10.0000 10.1373
10.0000 10.8689
10.0000 10.6537
10.0000 9.4506
10.0000 10.8810
10.0000 9.4480
10.0000 10.6841
10.0000 10.5130
10.0000 9.1762
10.0000 10.0391
10.0000 9.7839
10.0000 9.6686
10.0000 9.8052
10.0000 10.4201
10.0000 10.4017
10.0000 10.1890
10.0000 10.0913
10.0000 10.0110
10.0000 10.9259
10.0000 9.7286
10.0000 9.6988
10.0000 9.7709
10.0000 10.1039
10.0000 10.7179
10.0000 9.3004
10.0000 10.7897
10.0000 9.6181
10.0000 10.1287
10.0000 10.6281
10.0000 10.2251
10.0000 10.0100
10.0000 10.4577
10.0000 10.0484
10.0000 9.6632
10.0000 10.4850
10.0000 10.2639
10.0000 10.1117
10.0000 10.4648
10.0000 9.5699
10.0000 10.1702
10.0000 10.0052
10.0000 10.5129
10.0000 10.7497
10.0000 9.1006
10.0000 10.4777
10.0000 10.2536
10.0000 10.4623
10.0000 9.4333
10.0000 11.1244
10.0000 10.7946
10.0000 10.9994
10.0000 9.7821
10.0000 9.3277
10.0000 10.2890
10.0000 10.5129
10.0000 11.0410
10.0000 10.7199
10.0000 10.1926
10.0000 10.2626
10.0000 9.3013
10.0000 10.4750
10.0000 10.1991
10.0000 10.6281
10.0000 9.8465
10.0000 10.8944
10.0000 9.4181
10.0000 10.7789
10.0000 9.3871
10.0000 10.2937
10.0000 10.4609
10.0000 10.5254
10.0000 10.2218
10.0000 10.7036
10.0000 10.8068
10.0000 10.4910
10.0000 9.8242
10.0000 10.3380
10.0000 9.8543
10.0000 10.1424
10.0000 10.2844
10.0000 10.0190
10.0000 9.7548
10.0000 10.5155
10.0000 9.0900
10.0000 10.1269
10.0000 10.5877
10.0000 9.6980
10.0000 10.3767
10.0000 9.7849
10.0000 10.1444
10.0000 10.1056
10.0000 10.3067
10.0000 10.3291
10.0000 11.8743
10.0000 9.8158
10.0000 10.0981
10.0000 10.5957
10.0000 10.1129
10.0000 10.6683
10.0000 9.6829
10.0000 9.8547
10.0000 11.8196
10.0000 10.1937
10.0000 10.2807
10.0000 10.2174
10.0000 10.5220
10.0000 10.5984
10.0000 10.9006
10.0000 10.5443
10.0000 10.4351
10.0000 10.3111
10.0000 10.6535
10.0000 10.1969
10.0000 10.5516
10.0000 9.7044
10.0000 10.3614
10.0000 10.0218
10.0000 10.5441
10.0000 9.6060
10.0000 9.6021
10.0000 10.6580
10.0000 9.3722
10.0000 10.2621
10.0000 10.3390
10.0000 10.6782
10.0000 10.0921
10.0000 10.0289
10.0000 10.0264
10.0000 11.2089
10.0000 9.6742
10.0000 10.0167
10.0000 10.2344
10.0000 9.3055
10.0000 9.8835
10.0000 10.2672
10.0000 9.9881
10.0000 10.5681
10.0000 9.7243
10.0000 9.4587
10.0000 9.6964
10.0000 10.1185
10.0000 10.5030
10.0000 10.8338
10.0000 11.0147
10.0000 10.3161
10.0000 10.6707
10.0000 10.3303
10.0000 9.1160
10.0000 10.7015
10.0000 10.5557
10.0000 10.9740
10.0000 10.1914
10.0000 11.0031
10.0000 10.6417
10.0000 10.4394
10.0000 10.0752
10.0000 9.8292
10.0000 10.3388
10.0000 9.0966
10.0000 11.1078
10.0000 9.9508
10.0000 9.4747
10.0000 10.6360
10.0000 10.3828
10.0000 9.9687
10.0000 10.8705
10.0000 11.1300
10.0000 9.7250
10.0000 10.4675
10.0000 10.3089
10.0000 10.7393
10.0000 10.1939
10.0000 9.7416
10.0000 10.5845
10.0000 10.1169
10.0000 10.1148
10.0000 10.7959
10.0000 10.2335
10.0000 9.9864
10.0000 10.3344
10.0000 10.0230
10.0000 9.5621
10.0000 9.5374
10.0000 9.6012
10.0000 10.4138
10.0000 10.5723
10.0000 9.9280
10.0000 9.9521
10.0000 10.0247
10.0000 9.7950
10.0000 10.8053
10.0000 9.2780
10.0000 9.7867
10.0000 10.3810
10.0000 10.2808
10.0000 9.8177
10.0000 9.6850
10.0000 10.1771
10.0000 10.9874
10.0000 10.6766
10.0000 10.2245
10.0000 10.3085
10.0000 10.4941
10.0000 10.6970
10.0000 9.3167
10.0000 10.0622
10.0000 10.3499
10.0000 10.7665
10.0000 9.8815
10.0000 11.2944
10.0000 9.9023
10.0000 9.4747
10.0000 10.1770
10.0000 9.8372
10.0000 9.4103
10.0000 10.2563
10.0000 9.8628
10.0000 10.1363
10.0000 10.4589
10.0000 9.8932
10.0000 9.3367
10.0000 11.0603
10.0000 11.0808
10.0000 10.8019
10.0000 9.3687
10.0000 11.0354
10.0000 10.8653
10.0000 9.7977
10.0000 10.7215
10.0000 10.4419
10.0000 10.9691
10.0000 10.6294
10.0000 10.5268
10.0000 8.9260
10.0000 10.8046
10.0000 10.3380
10.0000 10.9087
10.0000 9.8660
10.0000 11.2742
10.0000 9.3643
10.0000 9.6802
10.0000 9.6628
10.0000 9.6549
10.0000 8.9552
10.0000 11.0425
10.0000 10.0095
10.0000 10.2527
10.0000 9.8788
10.0000 9.5414
10.0000 10.7611
10.0000 10.0609
10.0000 11.1622
10.0000 10.9017
10.0000 10.3404
10.0000 11.0471
10.0000 10.5487
10.0000 11.2023
10.0000 10.3488
10.0000 10.2022
10.0000 9.7522
10.0000 10.3242
10.0000 9.9119
10.0000 10.1588
10.0000 11.0269
10.0000 9.5985
10.0000 10.0780
10.0000 9.2399
10.0000 9.7105
10.0000 10.3989
10.0000 10.3749
10.0000 10.0391
10.0000 10.7482
10.0000 9.9544
10.0000 10.7085
10.0000 10.0274
10.0000 10.1038
10.0000 10.5589
10.0000 9.9243
10.0000 9.9283
10.0000 10.3402
10.0000 10.3560
10.0000 9.6135
10.0000 10.7744
10.0000 10.4551
10.0000 9.3885
10.0000 10.8952
10.0000 10.5421
10.0000 9.3980
10.0000 9.5049
10.0000 9.5752
10.0000 9.9573
10.0000 9.6428
10.0000 9.0234
10.0000 9.7720
10.0000 10.1498
10.0000 9.6207
10.0000 9.8653
10.0000 10.3988
10.0000 11.1667
10.0000 11.7805
10.0000 10.4819
10.0000 10.1346
10.0000 9.8195
10.0000 10.4955
10.0000 10.3160
10.0000 10.9032
10.0000 9.9378
10.0000 10.2013
10.0000 10.3971
10.0000 9.9205
10.0000 10.2248
10.0000 10.2423
10.0000 10.1312
10.0000 10.5178
10.0000 10.9815
10.0000 10.9197
10.0000 10.0293
10.0000 10.1523
10.0000 10.9339
10.0000 12.1293
10.0000 10.1004
10.0000 10.7068
10.0000 10.3396
10.0000 9.4851
10.0000 10.8928
10.0000 10.0467
10.0000 9.1842
10.0000 10.5099
10.0000 10.4500
10.0000 9.5276
10.0000 10.5591
10.0000 10.2592
10.0000 10.6573
10.0000 10.5104
10.0000 9.1246
10.0000 10.3074
10.0000 10.3805
10.0000 9.8359
10.0000 10.3905
10.0000 9.8877
10.0000 10.0739
10.0000 9.6363
10.0000 9.9451
10.0000 9.7893
10.0000 10.9309
10.0000 9.7333
10.0000 11.0678
10.0000 9.9138
10.0000 10.1383
10.0000 10.9398
10.0000 10.9829
10.0000 9.8007
10.0000 9.7638
10.0000 9.5445
10.0000 10.7602
10.0000 10.3858
10.0000 11.2761
10.0000 10.4883
10.0000 10.2282
10.0000 9.4444
10.0000 9.8777
10.0000 10.5158
10.0000 10.3377
10.0000 9.5292
10.0000 10.1331
10.0000 10.1956
10.0000 10.4084
10.0000 9.6677
10.0000 10.8879
10.0000 10.5561
10.0000 9.5931
10.0000 9.2076
10.0000 10.2352
10.0000 9.7995
10.0000 10.7435
10.0000 10.0133
10.0000 9.1764
10.0000 10.0690
10.0000 10.4725
10.0000 9.5802
10.0000 10.6073
10.0000 10.2578
10.0000 10.2808
10.0000 10.0359
10.0000 10.3290
10.0000 11.3350
10.0000 9.4571
10.0000 10.3808
10.0000 9.8838
10.0000 9.6651
10.0000 10.5204
10.0000 10.0394
10.0000 9.9657
10.0000 9.5752
10.0000 9.1530
10.0000 10.1736
10.0000 10.0419
10.0000 9.5173
10.0000 10.0919
10.0000 10.2729
10.0000 10.7827
10.0000 10.6986
10.0000 9.7180
10.0000 10.1608
10.0000 9.6320
10.0000 10.4395
10.0000 9.9430
10.0000 10.0413
10.0000 10.0275
10.0000 10.2401
10.0000 10.3270
10.0000 10.5945
10.0000 8.9691
10.0000 9.7477
10.0000 10.4934
10.0000 9.6874
10.0000 9.4309
10.0000 9.8979
10.0000 10.7041
10.0000 10.4439
10.0000 10.4265
10.0000 9.6068
10.0000 11.0078
10.0000 9.5267
10.0000 9.7154
10.0000 10.2515
10.0000 10.5478
10.0000 10.2259
10.0000 10.4464
10.0000 10.2303
10.0000 10.5209
10.0000 10.2772
10.0000 9.5629
10.0000 9.6061
10.0000 11.2974
10.0000 10.1181
10.0000 10.6021
10.0000 10.0960
10.0000 10.1766
10.0000 10.9223
10.0000 9.8386
10.0000 9.6677
10.0000 10.3094
10.0000 10.0711
10.0000 10.4880
10.0000 10.6907
10.0000 11.2129
10.0000 10.8733
10.0000 10.4366
10.0000 10.7713
