12.0000 11.9303
12.0000 12.5250
12.0000 12.5376
12.0000 12.0784
12.0000 11.8713
12.0000 12.1122
12.0000 12.8883
12.0000 11.8411
12.0000 12.4117
12.0000 11.3646
12.0000 11.8851
12.0000 11.8857
12.0000 12.3503
12.0000 11.5505
12.0000 13.2312
12.0000 12.0348
12.0000 11.1196
12.0000 12.6029
12.0000 12.1581
12.0000 12.6296
12.0000 12.1328
12.0000 12.2551
12.0000 11.5928
12.0000 12.4793
12.0000 12.9759
12.0000 12.4725
12.0000 11.6641
12.0000 11.5947
12.0000 12.3209
12.0000 13.2973
12.0000 12.4377
12.0000 12.3009
12.0000 11.5142
12.0000 12.2496
12.0000 11.6648
12.0000 12.9424
12.0000 12.8302
12.0000 11.3162
12.0000 12.3042
12.0000 13.1057
12.0000 12.6014
12.0000 11.8832
12.0000 11.8988
12.0000 12.8426
12.0000 11.9970
12.0000 12.5706
12.0000 12.3353
12.0000 11.0510
12.0000 11.9103
12.0000 12.4072
12.0000 12.8720
12.0000 11.8727
12.0000 11.0734
12.0000 12.7691
12.0000 12.3635
12.0000 12.7514
12.0000 12.5903
12.0000 12.0918
12.0000 12.7695
12.0000 12.1023
12.0000 13.3844
12.0000 12.3038
12.0000 12.2360
12.0000 12.1636
12.0000 11.2992
12.0000 12.6036
12.0000 12.2388
12.0000 11.5749
12.0000 13.0844
12.0000 12.6345
12.0000 12.9375
12.0000 12.2609
12.0000 11.8261
12.0000 12.3363
12.0000 12.8698
12.0000 12.2518
12.0000 11.6242
12.0000 11.1398
12.0000 12.5880
12.0000 12.2927
12.0000 12.1906
12.0000 12.3234
12.0000 12.6038
12.0000 12.3286
12.0000 11.7710
12.0000 12.1123
12.0000 12.0507
12.0000 12.7718
12.0000 13.2562
12.0000 12.2065
12.0000 12.6808
12.0000 13.2217
12.0000 12.0661
12.0000 11.9663
12.0000 11.7857
12.0000 12.1242
12.0000 11.7865
12.0000 13.1877
12.0000 12.3528
12.0000 12.1101
12.0000 12.2658
12.0000 11.3036
12.0000 12.1007
12.0000 11.9819
12.0000 12.0822
12.0000 12.4839
12.0000 12.6455
12.0000 12.0772
12.0000 12.1894
12.0000 11.9865
12.0000 12.5712
12.0000 11.8992
12.0000 12.0013
12.0000 11.3860
12.0000 12.0913
12.0000 11.2401
12.0000 11.9066
12.0000 12.8939
12.0000 12.1501
12.0000 12.5048
12.0000 14.1047
12.0000 12.8368
12.0000 12.4152
12.0000 12.9722
12.0000 12.3228
12.0000 12.3514
12.0000 12.6627
12.0000 13.2978
12.0000 11.6780
12.0000 12.1927
12.0000 12.0203
12.0000 12.2816
12.0000 11.2971
12.0000 12.0489
12.0000 12.4361
12.0000 11.8707
12.0000 12.8774
12.0000 12.0307
12.0000 12.1435
12.0000 12.8099
12.0000 12.3919
12.0000 13.1041
12.0000 12.6569
12.0000 11.9037
12.0000 12.3854
12.0000 12.7158
12.0000 12.0916
12.0000 12.8209
12.0000 11.5912
12.0000 12.3817
12.0000 11.3851
12.0000 12.2963
12.0000 12.0695
12.0000 11.4538
12.0000 11.3227
12.0000 12.4222
12.0000 12.2465
12.0000 11.4421
12.0000 13.2943
12.0000 12.1127
12.0000 11.6439
12.0000 12.6867
12.0000 12.8779
12.0000 11.3649
12.0000 12.3246
12.0000 11.9618
12.0000 12.4737
12.0000 12.3899
12.0000 11.9606
12.0000 11.1778
12.0000 12.6449
12.0000 12.7623
12.0000 12.7453
12.0000 11.3577
12.0000 12.2233
12.0000 11.7780
12.0000 11.9821
12.0000 11.3971
12.0000 12.8457
12.0000 11.6363
12.0000 11.2391
12.0000 11.6982
12.0000 12.1497
12.0000 12.2552
12.0000 12.1567
12.0000 12.5721
12.0000 12.3249
12.0000 12.5500
12.0000 12.1025
12.0000 12.7615
12.0000 12.7157
12.0000 12.3597
12.0000 12.3637
12.0000 13.0469
12.0000 13.0121
12.0000 11.6188
12.0000 12.2614
12.0000 12.7287
12.0000 11.8376
12.0000 11.0597
12.0000 12.0010
12.0000 12.5541
12.0000 13.1221
12.0000 12.8545
12.0000 12.3938
12.0000 11.3087
12.0000 12.2195
12.0000 12.9443
12.0000 12.2251
12.0000 11.2718
12.0000 11.7044
12.0000 11.8684
12.0000 12.4011
12.0000 12.3033
12.0000 11.7599
12.0000 12.5102
12.0000 13.0858
12.0000 12.6448
12.0000 11.6230
12.0000 11.8631
12.0000 13.5031
12.0000 12.2325
12.0000 13.0034
12.0000 12.7940
12.0000 12.4002
12.0000 12.0147
12.0000 12.3526
12.0000 11.9963
12.0000 11.6942
12.0000 12.4536
12.0000 11.4676
12.0000 12.4236
12.0000 11.6231
12.0000 12.4570
12.0000 11.6100
12.0000 11.3640
12.0000 11.4911
12.0000 11.6871
12.0000 11.0064
12.0000 12.7475
12.0000 11.6291
12.0000 12.0430
12.0000 12.2491
12.0000 11.5333
12.0000 10.9728
12.0000 11.5349
12.0000 12.2735
12.0000 11.2410
12.0000 12.1673
12.0000 12.3675
12.0000 12.2280
12.0000 11.5525
12.0000 12.1182
12.0000 12.5135
12.0000 12.6625
12.0000 12.3465
12.0000 11.6365
12.0000 13.1755
12.0000 11.0936
12.0000 13.1240
12.0000 13.7015
12.0000 11.7345
12.0000 12.9905
12.0000 12.2608
12.0000 13.1172
12.0000 12.8921
12.0000 10.9416
12.0000 12.0478
12.0000 12.2855
12.0000 12.1413
12.0000 11.2625
12.0000 11.2125
12.0000 12.0331
12.0000 11.6049
12.0000 13.0252
12.0000 12.2018
12.0000 11.7407
12.0000 12.0005
12.0000 12.3722
12.0000 12.0854
12.0000 12.6310
12.0000 11.6520
12.0000 12.2088
12.0000 12.2263
12.0000 12.8320
12.0000 13.1599
12.0000 11.2561
12.0000 12.2396
12.0000 11.3882
12.0000 12.6154
12.0000 12.5706
12.0000 11.9730
12.0000 12.2130
12.0000 13.1070
12.0000 13.2555
12.0000 11.8836
12.0000 12.9533
12.0000 12.2814
12.0000 12.1461
12.0000 12.6226
12.0000 13.0291
12.0000 12.3826
12.0000 13.3952
12.0000 11.9997
12.0000 11.5927
12.0000 11.6060
12.0000 12.5146
12.0000 12.3524
12.0000 10.7434
12.0000 12.6421
12.0000 12.1493
12.0000 11.7399
12.0000 12.8196
12.0000 12.6026
12.0000 11.8559
12.0000 11.6586
12.0000 12.1954
12.0000 11.7301
12.0000 13.1568
12.0000 12.0325
12.0000 10.8917
12.0000 12.2214
12.0000 12.6341
12.0000 12.0567
12.0000 13.0005
12.0000 11.8241
12.0000 13.7523
12.0000 11.6250
12.0000 11.4774
12.0000 12.6185
12.0000 11.4360
12.0000 12.0908
12.0000 10.9776
12.0000 12.3663
12.0000 12.5399
12.0000 10.7242
12.0000 11.8755
12.0000 12.9615
12.0000 11.9764
12.0000 12.2782
12.0000 12.1132
12.0000 12.0637
12.0000 12.7759
12.0000 11.9384
12.0000 11.7700
12.0000 12.4965
12.0000 12.0767
12.0000 11.4133
12.0000 12.6029
12.0000 11.7055
12.0000 11.6889
12.0000 12.2953
12.0000 12.5386
12.0000 13.0011
12.0000 11.3119
12.0000 12.2530
12.0000 12.4940
12.0000 11.9109
12.0000 11.8483
12.0000 11.1401
12.0000 12.8911
12.0000 10.7686
12.0000 13.2273
12.0000 12.1236
12.0000 11.8151
12.0000 13.0917
12.0000 12.5774
12.0000 12.4634
12.0000 12.5907
12.0000 12.2784
12.0000 12.2096
12.0000 12.5390
12.0000 11.0864
12.0000 12.5939
12.0000 12.9256
12.0000 12.2873
12.0000 11.9122
12.0000 12.1151
12.0000 11.8050
12.0000 12.7857
12.0000 12.4863
12.0000 11.4396
12.0000 12.6752
12.0000 12.1789
12.0000 11.6082
12.0000 12.1577
12.0000 12.7086
12.0000 13.0050
12.0000 11.3086
12.0000 11.6239
12.0000 12.2953
12.0000 11.6149
12.0000 11.8156
12.0000 12.0641
12.0000 12.0353
12.0000 12.6876
12.0000 11.4809
12.0000 12.0653
12.0000 10.5501
12.0000 12.4822
12.0000 12.8040
12.0000 13.6036
12.0000 12.2488
12.0000 12.4195
12.0000 13.0541
12.0000 12.4512
12.0000 12.7936
12.0000 12.0755
12.0000 11.8109
12.0000 13.1277
12.0000 12.3943
12.0000 10.8176
12.0000 11.3505
12.0000 13.0000
12.0000 12.0664
12.0000 12.0420
12.0000 11.8925
12.0000 12.0676
12.0000 12.9679
12.0000 11.8854
12.0000 11.7516
12.0000 12.6009
12.0000 11.7398
12.0000 11.6685
12.0000 11.4452
12.0000 12.9014
12.0000 12.6103
12.0000 12.5377
12.0000 11.9610
12.0000 12.3992
12.0000 12.5921
12.0000 12.2183
12.0000 11.3787
12.0000 12.8467
12.0000 12.1233
12.0000 12.0223
12.0000 12.9688
12.0000 11.7702
12.0000 12.3931
12.0000 11.7080
12.0000 11.6300
12.0000 12.0588
12.0000 11.6085
12.0000 12.3073
12.0000 12.2690
12.0000 11.9289
12.0000 11.6286
12.0000 12.6911
12.0000 12.0324
12.0000 12.6151
12.0000 12.4058
12.0000 12.1316
12.0000 12.6610
12.0000 12.7972
12.0000 12.0437
12.0000 12.6893
12.0000 11.8682
12.0000 12.2792
12.0000 11.7989
12.0000 11.2909
12.0000 12.2674
12.0000 12.1982
12.0000 13.0005
12.0000 11.8779
12.0000 12.3961
12.0000 12.0012
12.0000 12.6649
12.0000 11.9116
12.0000 12.3763
12.0000 11.6963
12.0000 12.4981
12.0000 12.1978
12.0000 12.2036
12.0000 12.5348
12.0000 11.3043
12.0000 12.2375
12.0000 11.0282
12.0000 12.1189
12.0000 12.3145
12.0000 11.7362
12.0000 12.3566
12.0000 12.3970
12.0000 12.0783
12.0000 12.5177
12.0000 11.5308
12.0000 12.2038
12.0000 12.3245
12.0000 11.7356
12.0000 12.2484
12.0000 12.6872
12.0000 11.1323
12.0000 12.1482
12.0000 12.1744
12.0000 12.6889
12.0000 12.3880
12.0000 11.7804
12.0000 12.2567
12.0000 10.6509
12.0000 11.4188
12.0000 12.5664
12.0000 13.3009
12.0000 11.3819
12.0000 12.6774
12.0000 12.2950
12.0000 11.8338
12.0000 11.6573
12.0000 12.5690
12.0000 11.8896
12.0000 11.6774
12.0000 12.6096
12.0000 11.4367
12.0000 12.7733
12.0000 12.7606
12.0000 11.9962
12.0000 11.3640
12.0000 12.6422
12.0000 11.9548
12.0000 13.1180
12.0000 12.2326
12.0000 12.5763
12.0000 11.8924
12.0000 12.1147
12.0000 12.1647
12.0000 12.7357
12.0000 11.9948
12.0000 11.6705
12.0000 12.6607
12.0000 13.0222
12.0000 12.5707
12.0000 12.5460
12.0000 12.9733
12.0000 12.3770
12.0000 12.9134
12.0000 12.5203
12.0000 13.2185
12.0000 13.3563
12.0000 13.2714
12.0000 11.7458
12.0000 12.4902
12.0000 12.3091
12.0000 12.3497
12.0000 13.4724
12.0000 12.3652
12.0000 12.3959
12.0000 11.9550
12.0000 12.0412
12.0000 12.2507
12.0000 13.7317
12.0000 12.9630
12.0000 12.8116
12.0000 12.2269
12.0000 12.3814
12.0000 11.0983
12.0000 12.0295
12.0000 11.7193
12.0000 11.4460
12.0000 11.9054
12.0000 12.0275
12.0000 12.3521
12.0000 12.6927
12.0000 11.7965
12.0000 12.2047
12.0000 12.2217
12.0000 12.1712
12.0000 12.4124
12.0000 13.4757
12.0000 12.7090
12.0000 12.1022
12.0000 12.3873
12.0000 12.1140
12.0000 12.2751
12.0000 12.7948
12.0000 12.2260
12.0000 11.1798
12.0000 12.0111
12.0000 11.5881
12.0000 12.6019
12.0000 10.6898
12.0000 11.2582
12.0000 12.4081
12.0000 11.6429
12.0000 11.9455
12.0000 12.7351
12.0000 12.7182
12.0000 12.3091
12.0000 11.3487
12.0000 10.6754
12.0000 11.5761
12.0000 11.8786
12.0000 11.7836
12.0000 12.2301
12.0000 11.6730
12.0000 12.0337
12.0000 11.8910
12.0000 12.9665
12.0000 12.6103
12.0000 12.3313
12.0000 12.8500
12.0000 12.9080
12.0000 11.4343
12.0000 12.2575
12.0000 12.3866
12.0000 12.6313
12.0000 12.1729
12.0000 13.1936
12.0000 12.1744
12.0000 11.6677
12.0000 11.8359
12.0000 12.2937
12.0000 11.6930
12.0000 12.1024
12.0000 11.7704
12.0000 13.4422
12.0000 11.7875
12.0000 12.0051
12.0000 12.5767
12.0000 11.2166
12.0000 11.4902
12.0000 13.2186
12.0000 12.9865
12.0000 11.4325
12.0000 12.5983
12.0000 11.9194
12.0000 13.0084
12.0000 12.4289
12.0000 12.8963
12.0000 11.9911
12.0000 11.8642
12.0000 11.5486
12.0000 12.4594
12.0000 11.6509
12.0000 11.9874
12.0000 12.3661
12.0000 12.6354
12.0000 11.9836
12.0000 11.9219
12.0000 12.2693
12.0000 11.8769
12.0000 11.9020
12.0000 12.4162
12.0000 12.2283
12.0000 12.0011
12.0000 12.4226
12.0000 12.8360
12.0000 10.6737
12.0000 11.6094
12.0000 12.4870
12.0000 11.6150
12.0000 12.6129
12.0000 12.8071
12.0000 12.3517
12.0000 12.4077
12.0000 13.4657
12.0000 11.7317
12.0000 11.9384
12.0000 11.1057
12.0000 12.1318
12.0000 11.5175
12.0000 11.7867
12.0000 11.7869
12.0000 12.2980
12.0000 11.4666
12.0000 12.1276
12.0000 11.9020
12.0000 13.0798
12.0000 12.0138
12.0000 11.7862
12.0000 12.8242
12.0000 11.9748
12.0000 12.8446
12.0000 12.6422
12.0000 11.9633
12.0000 11.3797
12.0000 12.2758
12.0000 12.4242
12.0000 12.7524
12.0000 12.4854
12.0000 11.7363
12.0000 12.7259
12.0000 12.5252
12.0000 12.3946
12.0000 12.0945
12.0000 12.1662
12.0000 13.1197
12.0000 12.1615
12.0000 12.3028
12.0000 12.2051
12.0000 11.8571
12.0000 12.5765
12.0000 12.3355
12.0000 12.0577
12.0000 11.3399
12.0000 11.3289
12.0000 12.4212
12.0000 13.3058
12.0000 11.7413
12.0000 11.8949
12.0000 12.3462
12.0000 13.1180
12.0000 11.8465
12.0000 11.3393
12.0000 12.2357
12.0000 11.3218
12.0000 11.9121
12.0000 12.5640
12.0000 12.6518
12.0000 12.8608
12.0000 11.9615
12.0000 11.7509
12.0000 12.3565
12.0000 11.3738
12.0000 12.4739
12.0000 12.6814
12.0000 11.0449
12.0000 12.7076
12.0000 12.7495
12.0000 13.5746
12.0000 11.5458
12.0000 12.4531
12.0000 11.5730
12.0000 13.0746
12.0000 13.2644
12.0000 12.8921
12.0000 13.1894
12.0000 11.9838
12.0000 12.5014
12.0000 11.1352
12.0000 12.6548
12.0000 12.0239
12.0000 11.4981
12.0000 11.9390
12.0000 11.4166
12.0000 12.6265
12.0000 12.6584
12.0000 10.7431
12.0000 12.1674
12.0000 11.3335
12.0000 12.2453
12.0000 12.7874
12.0000 12.6427
12.0000 11.9360
12.0000 12.9942
12.0000 12.8094
12.0000 11.6333
12.0000 11.4160
12.0000 12.4829
12.0000 11.3306
12.0000 11.6102
12.0000 11.3389
12.0000 12.4222
12.0000 12.2468
12.0000 12.1791
12.0000 12.0287
12.0000 11.5452
12.0000 11.9535
12.0000 11.7712
12.0000 12.3913
12.0000 11.9239
12.0000 10.7510
12.0000 12.2992
12.0000 12.4631
12.0000 12.5227
12.0000 12.8047
12.0000 12.1989
12.0000 12.3037
12.0000 12.5249
12.0000 12.7478
12.0000 12.2350
12.0000 13.3861
12.0000 11.3481
12.0000 11.6946
12.0000 12.3170
12.0000 12.4631
12.0000 12.3218
12.0000 12.8143
12.0000 12.1781
12.0000 12.6264
12.0000 12.0719
12.0000 12.6851
12.0000 12.5104
12.0000 12.3918
12.0000 11.6642
12.0000 12.5186
12.0000 12.1941
12.0000 12.1622
12.0000 12.9579
12.0000 12.0585
12.0000 11.7768
12.0000 12.9721
12.0000 12.7491
12.0000 12.5530
12.0000 12.5650
12.0000 11.8095
12.0000 12.9143
12.0000 11.4265
12.0000 12.0735
12.0000 11.7168
12.0000 12.0341
12.0000 11.6124
12.0000 12.5931
12.0000 11.6179
12.0000 12.3592
12.0000 12.3549
12.0000 12.5935
12.0000 11.2240
12.0000 12.0965
12.0000 11.6678
12.0000 12.5746
12.0000 11.7328
12.0000 12.1925
12.0000 11.9744
12.0000 12.2378
12.0000 12.0371
12.0000 13.0786
12.0000 12.8789
12.0000 11.4461
12.0000 12.4950
12.0000 12.1785
12.0000 12.1344
12.0000 11.2796
12.0000 11.4106
12.0000 12.6214
12.0000 11.8943
12.0000 12.2415
12.0000 12.4730
12.0000 12.3026
12.0000 12.8630
12.0000 11.8844
12.0000 11.6921
12.0000 12.1680
12.0000 12.8562
12.0000 11.9636
12.0000 12.7240
12.0000 12.0429
12.0000 12.1867
12.0000 11.9482
12.0000 13.0917
12.0000 11.4137
12.0000 12.0316
12.0000 12.5152
12.0000 12.4305
12.0000 11.3773
12.0000 11.3831
12.0000 12.6660
12.0000 12.4553
12.0000 12.4138
12.0000 12.9584
12.0000 12.2313
12.0000 11.4645
12.0000 12.1605
12.0000 12.3690
12.0000 12.1021
12.0000 12.0343
12.0000 12.8495
12.0000 11.9683
12.0000 11.4390
12.0000 12.6610
12.0000 12.8998
12.0000 12.7025
12.0000 12.0394
12.0000 11.7603
12.0000 11.5997
12.0000 12.8295
12.0000 12.2974
12.0000 12.6097
12.0000 11.6292
12.0000 12.5112
12.0000 11.7599
12.0000 12.5075
12.0000 12.0233
12.0000 12.0439
12.0000 12.0686
12.0000 12.6642
12.0000 12.1952
12.0000 12.9928
12.0000 12.7394
12.0000 12.3689
12.0000 12.4300
12.0000 12.5274
12.0000 12.2757
12.0000 12.3982
12.0000 12.0877
12.0000 11.8367
12.0000 11.7700
12.0000 12.2980
12.0000 11.6730
12.0000 12.2359
12.0000 11.3240
12.0000 11.2955
12.0000 11.8837
12.0000 12.9331
12.0000 12.0928
12.0000 13.3137
12.0000 12.0801
12.0000 12.1497
12.0000 12.5207
12.0000 11.6887
12.0000 12.0003
12.0000 11.9089
12.0000 12.0758
12.0000 12.0433
12.0000 12.4734
12.0000 12.7786
12.0000 12.1241
12.0000 13.2397
12.0000 11.6248
12.0000 12.4884
12.0000 11.2921
12.0000 12.9174
12.0000 12.6971
12.0000 11.4185
12.0000 13.1347
12.0000 11.4063
12.0000 13.0689
12.0000 13.1795
12.0000 12.1527
12.0000 11.1689
12.0000 12.0047
12.0000 11.4797
12.0000 12.1215
12.0000 12.5974
12.0000 12.7104
12.0000 10.9938
12.0000 11.8429
12.0000 12.3826
12.0000 12.3641
12.0000 12.3570
12.0000 12.3080
12.0000 12.1130
12.0000 11.9241
12.0000 12.5404
12.0000 12.2463
12.0000 12.1396
12.0000 12.4164
12.0000 13.0376
12.0000 12.7044
12.0000 12.6469
12.0000 12.3833
12.0000 12.6003
12.0000 12.1613
12.0000 11.8546
12.0000 12.1876
12.0000 12.4448
12.0000 11.8999
12.0000 11.0773
12.0000 12.4849
12.0000 12.3268
12.0000 12.4750
12.0000 13.0675
12.0000 12.9447
12.0000 12.5013
12.0000 12.3655
12.0000 11.5796
12.0000 12.3429
12.0000 12.1626
12.0000 12.3953
12.0000 12.7329
12.0000 12.1234
12.0000 12.3109
12.0000 11.9299
12.0000 12.3185
12.0000 12.7023
12.0000 12.2325
12.0000 11.5380
12.0000 12.2832
12.0000 11.6962
12.0000 11.3977
12.0000 11.7404
12.0000 13.4819
12.0000 12.0823
12.0000 12.1748
12.0000 10.7198
12.0000 12.7398
12.0000 12.2222
12.0000 12.5429
12.0000 12.2576
12.0000 13.0095
12.0000 11.5903
12.0000 11.8810
12.0000 12.0371
12.0000 10.8507
12.0000 12.3034
12.0000 11.9923
12.0000 12.7885
12.0000 12.4721
12.0000 11.8836
12.0000 11.9036
12.0000 12.7832
12.0000 11.4770
12.0000 13.4026
12.0000 11.5772
12.0000 12.6280
12.0000 11.7476
12.0000 11.9631
12.0000 13.5334
12.0000 12.2984
12.0000 12.6700
12.0000 11.3330
12.0000 12.0894
12.0000 12.3634
12.0000 11.5384
12.0000 11.6527
12.0000 11.6030
12.0000 12.9396
12.0000 11.5272
12.0000 12.4536
12.0000 11.8759
12.0000 12.2629
12.0000 12.5575
12.0000 12.5908
12.0000 11.7237
12.0000 12.5637
12.0000 12.1761
12.0000 11.7578
12.0000 11.5494
12.0000 12.7913
12.0000 12.6842
12.0000 11.7520
12.0000 12.4338
12.0000 11.4919
12.0000 11.3068
12.0000 11.0487
12.0000 11.6064
12.0000 11.9149
12.0000 12.1812
12.0000 11.9735
12.0000 12.1259
12.0000 12.7415
12.0000 12.5344
12.0000 12.1716
12.0000 12.6793
12.0000 11.4072
12.0000 12.0279
12.0000 12.3298
12.0000 12.3671
12.0000 12.0911
12.0000 12.3204
12.0000 11.4666
12.0000 11.5988
12.0000 12.5790
12.0000 12.0933
12.0000 12.6080
12.0000 11.7771
12.0000 12.3653
12.0000 13.3451
12.0000 11.8498
12.0000 12.6503
12.0000 12.8413
12.0000 12.0231
12.0000 13.6007
12.0000 12.2360
12.0000 12.1309
12.0000 12.4794
12.0000 11.6897
12.0000 12.9867
12.0000 12.5989
12.0000 11.4957
12.0000 12.3088
12.0000 12.7073
12.0000 12.2941
12.0000 11.3056
12.0000 11.8292
12.0000 11.3541
12.0000 11.3592
12.0000 12.6812
12.0000 11.7956
12.0000 11.6547
12.0000 13.0302
12.0000 11.9670
12.0000 12.3952
12.0000 12.3639
12.0000 12.1861
12.0000 11.8343
12.0000 12.1629
12.0000 11.1327
12.0000 12.1014
12.0000 11.4573
12.0000 11.7263
12.0000 12.5807
12.0000 10.9450
12.0000 12.8570
12.0000 13.0306
12.0000 12.0755
12.0000 12.3719
12.0000 13.1818
12.0000 12.5817
12.0000 12.6306
12.0000 12.2920
12.0000 12.5529
12.0000 11.6607
12.0000 12.0073
12.0000 11.2117
12.0000 12.8558
12.0000 11.7135
12.0000 11.7797
12.0000 11.9240
12.0000 12.5509
12.0000 12.1274
12.0000 12.6430
12.0000 11.9963
12.0000 12.3113
12.0000 11.9739
12.0000 10.8345
12.0000 11.7348
12.0000 12.7152
12.0000 12.6197
12.0000 12.2762
12.0000 11.4346
12.0000 12.8335
12.0000 11.8188
12.0000 12.7241
12.0000 11.1495
12.0000 13.4077
12.0000 12.7363
12.0000 11.5844
12.0000 11.9339
12.0000 11.6672
12.0000 12.0733
12.0000 12.6097
12.0000 12.2986
12.0000 12.7225
12.0000 12.7162
12.0000 12.9980
12.0000 12.7946
12.0000 12.4932
12.0000 11.3851
12.0000 12.9514
12.0000 12.7368
12.0000 12.3347
12.0000 12.5687
12.0000 11.9013
12.0000 13.2955
12.0000 11.7827
12.0000 11.7320
12.0000 12.1752
12.0000 12.1005
12.0000 12.2096
12.0000 12.5549
12.0000 11.9569
12.0000 12.0669
12.0000 12.8238
12.0000 11.7455
12.0000 12.0135
12.0000 12.5101
12.0000 12.5615
12.0000 12.2459
12.0000 12.5351
12.0000 12.0387
12.0000 11.6861
12.0000 11.4231
12.0000 11.8162
12.0000 12.6718
12.0000 11.0083
12.0000 12.2661
12.0000 11.4828
12.0000 12.0708
12.0000 12.8084
12.0000 12.5830
12.0000 12.1387
12.0000 11.4016
12.0000 11.8225
12.0000 13.4162
12.0000 11.9249
12.0000 12.3711
12.0000 12.0157
12.0000 12.4562
12.0000 10.8757
12.0000 11.3894
12.0000 13.0580
12.0000 12.5495
12.0000 12.1429
12.0000 11.4444
12.0000 12.5572
12.0000 11.4497
12.0000 12.5792
12.0000 11.4503
12.0000 12.5482
12.0000 12.5546
12.0000 12.3222
12.0000 13.6347
12.0000 11.7362
12.0000 12.6196
12.0000 12.1639
12.0000 12.5787
12.0000 11.7884
12.0000 12.4707
12.0000 12.1325
12.0000 11.6610
12.0000 11.8282
12.0000 11.9301
12.0000 12.4540
12.0000 11.8471
12.0000 12.4748
12.0000 12.0475
12.0000 12.1242
12.0000 12.0404
12.0000 11.9994
12.0000 12.0479
12.0000 11.5833
12.0000 12.2743
12.0000 11.8405
12.0000 12.0595
12.0000 12.1411
12.0000 11.8834
12.0000 13.2824
12.0000 12.0186
12.0000 11.7546
12.0000 12.1167
12.0000 12.6608
12.0000 12.6028
12.0000 11.6627
12.0000 12.5073
12.0000 11.5973
12.0000 12.7820
12.0000 12.7303
12.0000 12.1241
12.0000 12.8771
12.0000 12.4694
12.0000 12.8190
12.0000 11.8554
12.0000 12.4701
12.0000 11.9615
12.0000 11.5170
12.0000 11.6178
12.0000 12.2552
12.0000 11.7045
12.0000 11.5273
12.0000 12.9299
12.0000 11.9565
12.0000 12.7006
12.0000 12.7784
12.0000 11.0555
12.0000 12.5144
12.0000 13.0110
12.0000 11.8784
12.0000 13.0883
12.0000 11.7685
12.0000 13.2402
12.0000 12.9015
12.0000 12.1603
12.0000 12.4825
12.0000 13.3198
12.0000 12.3309
12.0000 11.2961
12.0000 12.2012
12.0000 11.8576
12.0000 12.0200
12.0000 12.3904
12.0000 11.9206
12.0000 13.3102
12.0000 11.7879
12.0000 12.1869
12.0000 14.2666
12.0000 12.6144
12.0000 12.6087
12.0000 12.0533
12.0000 11.0901
12.0000 11.7402
12.0000 12.4394
12.0000 12.5913
12.0000 12.3881
12.0000 11.7766
12.0000 12.2311
12.0000 12.5525
12.0000 12.2471
12.0000 12.2956
12.0000 11.2474
12.0000 11.3464
12.0000 13.1409
12.0000 11.2457
12.0000 12.0232
12.0000 10.9043
12.0000 11.4934
12.0000 11.3257
12.0000 12.1500
12.0000 13.1290
12.0000 12.7201
12.0000 12.5976
12.0000 12.4696
12.0000 12.0173
12.0000 11.9667
12.0000 11.8754
12.0000 10.7754
12.0000 12.1413
12.0000 12.6501
12.0000 12.6733
12.0000 12.1349
12.0000 12.7865
12.0000 12.3923
12.0000 13.0303
12.0000 11.3243
12.0000 12.2875
12.0000 11.6714
12.0000 11.0824
12.0000 12.8094
12.0000 11.6876
12.0000 11.7966
12.0000 11.4098
12.0000 11.5368
12.0000 13.3351
12.0000 12.2675
12.0000 12.6537
12.0000 11.8226
12.0000 12.3198
12.0000 11.9691
12.0000 11.8297
12.0000 12.2310
12.0000 11.6252
12.0000 12.2609
12.0000 12.5361
12.0000 11.9903
12.0000 11.4925
12.0000 12.5709
12.0000 11.8963
12.0000 12.4247
12.0000 11.8700
12.0000 12.6852
12.0000 11.5436
12.0000 13.5954
12.0000 11.8035
12.0000 11.2881
12.0000 12.5945
12.0000 12.8874
12.0000 11.8525
12.0000 11.7183
12.0000 11.7206
12.0000 12.0755
12.0000 11.5853
12.0000 12.0697
12.0000 12.9189
12.0000 11.3391
12.0000 12.6814
12.0000 11.4518
12.0000 11.5606
12.0000 12.0189
12.0000 13.0491
12.0000 12.3481
12.0000 12.5203
12.0000 12.6083
12.0000 12.3628
12.0000 12.8198
12.0000 11.7071
12.0000 11.6801
12.0000 11.6996
12.0000 12.5499
12.0000 11.4448
12.0000 12.5015
12.0000 11.7758
12.0000 11.7817
12.0000 12.6666
12.0000 13.5158
12.0000 12.0199
12.0000 12.2915
12.0000 12.4574
12.0000 12.0732
12.0000 11.9427
12.0000 12.8273
12.0000 11.6045
12.0000 12.4699
12.0000 11.7715
12.0000 11.7087
12.0000 12.8091
12.0000 12.0734
12.0000 12.7782
12.0000 12.2835
12.0000 11.9119
12.0000 12.8226
12.0000 12.6515
12.0000 12.5681
12.0000 11.5598
12.0000 13.1155
12.0000 11.9053
12.0000 12.4239
12.0000 11.3914
12.0000 11.8050
12.0000 11.5796
12.0000 12.9946
12.0000 12.2717
12.0000 12.9451
12.0000 13.1044
12.0000 11.7551
12.0000 11.8902
12.0000 12.5964
12.0000 12.4968
12.0000 12.5573
12.0000 10.9847
12.0000 12.0388
12.0000 11.5418
12.0000 12.0494
12.0000 12.1518
12.0000 12.3471
12.0000 11.8020
12.0000 11.6669
12.0000 12.1795
12.0000 13.6189
12.0000 12.9130
12.0000 12.4476
12.0000 12.5906
12.0000 12.9327
12.0000 11.8513
12.0000 11.5032
12.0000 12.4302
12.0000 11.7443
12.0000 11.8604
12.0000 12.2292
12.0000 12.7125
12.0000 12.3575
12.0000 11.5744
12.0000 12.4568
12.0000 12.1079
12.0000 12.5754
12.0000 12.5645
12.0000 12.5597
12.0000 12.2361
12.0000 13.4042
12.0000 12.1333
12.0000 12.2212
12.0000 12.5422
12.0000 11.7965
12.0000 12.4258
12.0000 12.7816
12.0000 12.9803
12.0000 11.6274
12.0000 11.9067
12.0000 11.3577
12.0000 12.1117
12.0000 11.5741
12.0000 12.4746
12.0000 11.9577
12.0000 12.5009
12.0000 11.3124
12.0000 12.5306
12.0000 12.3040
12.0000 12.9646
12.0000 11.9206
12.0000 11.9161
12.0000 11.8100
12.0000 12.5711
12.0000 12.4727
12.0000 13.1203
12.0000 12.1084
12.0000 11.2883
12.0000 12.0610
12.0000 12.0845
12.0000 11.9122
12.0000 11.9555
12.0000 10.6713
12.0000 13.1357
12.0000 11.6584
12.0000 12.2562
12.0000 12.8520
12.0000 12.0350
12.0000 12.3457
12.0000 12.8044
12.0000 12.0422
12.0000 12.1953
12.0000 11.8302
12.0000 12.5400
12.0000 11.4781
12.0000 11.9760
12.0000 11.3450
12.0000 12.7948
12.0000 10.8254
12.0000 12.4454
12.0000 12.9073
12.0000 12.8166
12.0000 11.4106
12.0000 13.2936
12.0000 12.1998
12.0000 12.5219
12.0000 12.3564
12.0000 12.0197
12.0000 11.4413
12.0000 13.1943
12.0000 12.3322
12.0000 12.2912
12.0000 12.7708
12.0000 12.6977
12.0000 12.0279
12.0000 12.1696
12.0000 12.9218
12.0000 11.6397
12.0000 12.2581
12.0000 12.6959
12.0000 11.5827
12.0000 11.8562
12.0000 12.0005
12.0000 12.6134
12.0000 11.9990
12.0000 11.9417
12.0000 11.8866
12.0000 12.9011
12.0000 11.9695
12.0000 12.1335
12.0000 12.0263
12.0000 13.6601
12.0000 12.6477
12.0000 12.3470
12.0000 11.0177
12.0000 12.9108
12.0000 12.2812
12.0000 11.2718
12.0000 12.6322
12.0000 11.4987
12.0000 11.8862
12.0000 12.2233
12.0000 12.8297
12.0000 10.9995
12.0000 11.4378
12.0000 13.5725
12.0000 12.5848
12.0000 13.4182
12.0000 12.2561
12.0000 11.3054
12.0000 12.0421
12.0000 12.5847
12.0000 11.1181
12.0000 12.6122
12.0000 12.7414
12.0000 12.6048
12.0000 11.8541
12.0000 12.2546
12.0000 12.2818
12.0000 11.7012
12.0000 12.5363
12.0000 12.1373
12.0000 12.3129
12.0000 12.1861
12.0000 11.9572
12.0000 12.0969
12.0000 12.0783
12.0000 12.2149
12.0000 12.2015
12.0000 11.8220
12.0000 11.4941
12.0000 12.5926
12.0000 11.8816
12.0000 11.6393
12.0000 12.2656
12.0000 12.3667
12.0000 12.8833
12.0000 13.0532
12.0000 12.3647
12.0000 11.7920
12.0000 11.3627
12.0000 12.5932
12.0000 12.2255
12.0000 12.6033
12.0000 11.4530
12.0000 11.8381
12.0000 12.5538
12.0000 11.5645
12.0000 12.4091
12.0000 11.9054
12.0000 12.6120
12.0000 12.1227
12.0000 11.5912
12.0000 11.2082
12.0000 11.9276
12.0000 11.3318
12.0000 12.0048
12.0000 12.4537
12.0000 12.4478
12.0000 12.4494
12.0000 11.7150
12.0000 12.4032
12.0000 11.8043
12.0000 12.7678
12.0000 11.1609
12.0000 11.1711
12.0000 11.8291
12.0000 11.7486
12.0000 11.7029
12.0000 12.5796
12.0000 11.9779
12.0000 12.6807
12.0000 12.2949
12.0000 12.9242
12.0000 12.6124
12.0000 11.8473
12.0000 12.9547
12.0000 11.7595
12.0000 13.1397
12.0000 12.7570
12.0000 13.3269
12.0000 11.3861
12.0000 12.1292
12.0000 12.8499
12.0000 11.7200
12.0000 12.9667
12.0000 12.3919
12.0000 11.5236
12.0000 12.4603
12.0000 12.7176
12.0000 12.3119
12.0000 11.0355
12.0000 13.2425
12.0000 11.9807
12.0000 12.7443
12.0000 12.6519
12.0000 12.1010
12.0000 12.7644
12.0000 11.6121
12.0000 11.7792
12.0000 12.1615
12.0000 12.3682
12.0000 11.9761
12.0000 12.4867
12.0000 12.2989
12.0000 13.5802
12.0000 12.5124
12.0000 12.2019
12.0000 12.2192
12.0000 11.4706
12.0000 12.1966
12.0000 12.5283
12.0000 12.2022
12.0000 13.2665
12.0000 12.1844
12.0000 12.1293
12.0000 10.9632
12.0000 12.2219
12.0000 11.9341
12.0000 13.0143
12.0000 11.4196
12.0000 12.1617
12.0000 12.2216
12.0000 11.7968
12.0000 12.4204
12.0000 11.6408
12.0000 10.6374
12.0000 12.9124
12.0000 11.8001
12.0000 12.5035
12.0000 12.2297
12.0000 10.8716
12.0000 12.1358
12.0000 12.3106
12.0000 12.2266
12.0000 12.5348
12.0000 12.3705
12.0000 12.5487
12.0000 10.7407
12.0000 13.0444
12.0000 12.1673
12.0000 12.4873
12.0000 12.7227
12.0000 13.2115
12.0000 11.1241
12.0000 12.3014
12.0000 12.2065
12.0000 12.0583
12.0000 12.1689
12.0000 11.9929
12.0000 12.2125
12.0000 12.8140
12.0000 13.0900
12.0000 12.3947
12.0000 12.6767
12.0000 12.2459
12.0000 11.2673
12.0000 12.6618
12.0000 12.0317
12.0000 11.6923
12.0000 12.0054
12.0000 12.7285
12.0000 11.8778
12.0000 12.8837
12.0000 12.8227
12.0000 12.6555
12.0000 11.9630
12.0000 11.3851
12.0000 11.6051
12.0000 12.3351
12.0000 13.1222
12.0000 12.0580
12.0000 11.9674
12.0000 12.1417
12.0000 12.3222
12.0000 12.4021
12.0000 12.8354
12.0000 12.9177
12.0000 12.2234
12.0000 11.7461
12.0000 11.5226
12.0000 12.0703
12.0000 12.6894
12.0000 13.3772
12.0000 12.7398
12.0000 11.6136
12.0000 11.7596
12.0000 12.1477
12.0000 12.7720
12.0000 12.1300
12.0000 12.5795
12.0000 12.9299
12.0000 12.0754
12.0000 12.0748
12.0000 12.1794
12.0000 12.3219
12.0000 11.9067
12.0000 10.7978
12.0000 11.6261
12.0000 13.1204
12.0000 12.3913
12.0000 11.8517
12.0000 12.5633
12.0000 11.8481
12.0000 11.7617
12.0000 11.5646
12.0000 11.6904
12.0000 12.2876
12.0000 11.8922
12.0000 11.4307
12.0000 13.3146
12.0000 13.4788
12.0000 11.5725
12.0000 12.6713
12.0000 11.8551
12.0000 11.8143
12.0000 13.3380
12.0000 12.0500
12.0000 12.2282
12.0000 12.4362
12.0000 12.2473
12.0000 12.9723
12.0000 12.5203
12.0000 12.3040
12.0000 13.0404
12.0000 12.6420
12.0000 12.5053
12.0000 12.2491
12.0000 13.0786
12.0000 12.0129
12.0000 11.5719
12.0000 11.8398
12.0000 12.2440
12.0000 12.6370
12.0000 11.6254
12.0000 12.5888
12.0000 12.4462
12.0000 12.2459
12.0000 11.8868
12.0000 11.9280
12.0000 12.4769
12.0000 12.2631
12.0000 11.9166
12.0000 13.0460
12.0000 11.7013
12.0000 12.5772
12.0000 11.6777
12.0000 11.9651
12.0000 12.8470
12.0000 12.7601
12.0000 12.1335
12.0000 11.5365
12.0000 12.9556
12.0000 12.2071
12.0000 12.8155
12.0000 12.5771
12.0000 12.1446
12.0000 11.7163
12.0000 12.0212
12.0000 12.5890
12.0000 12.1536
12.0000 13.7444
12.0000 11.5242
12.0000 12.4534
12.0000 11.7327
12.0000 13.2235
12.0000 12.5281
12.0000 12.3201
12.0000 12.2040
12.0000 11.8985
12.0000 13.1240
12.0000 12.4794
12.0000 11.7676
12.0000 13.0189
12.0000 12.6561
12.0000 11.7114
12.0000 11.9681
12.0000 12.3869
12.0000 12.6909
12.0000 11.7866
12.0000 11.8830
12.0000 12.8379
12.0000 11.4374
12.0000 12.4484
12.0000 12.7255
12.0000 12.4942
12.0000 11.7493
12.0000 12.5091
12.0000 12.2089
12.0000 11.6807
12.0000 12.1982
12.0000 11.6184
12.0000 12.3897
12.0000 11.7656
12.0000 12.5395
12.0000 12.6055
12.0000 11.9306
12.0000 11.6503
12.0000 12.4889
12.0000 11.8713
12.0000 12.8300
12.0000 12.2957
12.0000 13.3481
12.0000 12.5016
12.0000 12.0138
12.0000 12.5947
12.0000 12.3131
12.0000 12.3038
12.0000 11.8847
12.0000 13.0132
12.0000 11.6135
12.0000 13.1158
12.0000 13.0938
12.0000 13.5093
12.0000 12.0451
12.0000 11.2249
12.0000 12.0216
12.0000 12.4307
12.0000 12.1373
12.0000 12.3944
12.0000 12.3375
12.0000 13.0595
12.0000 12.1917
12.0000 12.2488
12.0000 12.6277
12.0000 12.8567
12.0000 12.7965
12.0000 12.0969
12.0000 11.9696
12.0000 12.2404
12.0000 12.1418
12.0000 11.6612
12.0000 12.2256
12.0000 12.0329
12.0000 12.0535
12.0000 12.3510
12.0000 12.0903
12.0000 12.0230
12.0000 11.8654
12.0000 12.7337
12.0000 12.9690
12.0000 12.6232
12.0000 12.4575
12.0000 12.0659
12.0000 11.5337
12.0000 11.1279
12.0000 11.1961
12.0000 12.5820
12.0000 12.0454
12.0000 12.2662
12.0000 12.2281
12.0000 11.5213
12.0000 12.3251
12.0000 12.1518
12.0000 12.9948
12.0000 12.0515
12.0000 13.0342
12.0000 12.1081
12.0000 12.9883
12.0000 12.7933
12.0000 11.5527
12.0000 12.3777
12.0000 12.2115
12.0000 11.8281
12.0000 12.2879
12.0000 12.2862
12.0000 11.7665
12.0000 12.5702
12.0000 11.7314
12.0000 12.4984
12.0000 11.8182
12.0000 11.1978
12.0000 11.6508
12.0000 12.5009
12.0000 12.8637
12.0000 11.8187
12.0000 12.3649
12.0000 12.4691
12.0000 11.8104
12.0000 11.6839
12.0000 13.2530
12.0000 11.8618
12.0000 11.0166
12.0000 12.4006
12.0000 11.9104
12.0000 12.2661
12.0000 12.1008
12.0000 11.8973
12.0000 11.9182
12.0000 11.7879
12.0000 12.6189
12.0000 11.9368
12.0000 11.4598
12.0000 12.1277
12.0000 12.0294
12.0000 12.5389
12.0000 12.2990
12.0000 11.2818
12.0000 11.9029
12.0000 12.8588
12.0000 11.7620
12.0000 11.4721
12.0000 13.1530
12.0000 12.7219
12.0000 12.2555
12.0000 12.6354
12.0000 12.4668
12.0000 11.7928
12.0000 11.3439
12.0000 12.4042
12.0000 11.3454
12.0000 11.6594
12.0000 11.5765
12.0000 12.9516
12.0000 12.5635
12.0000 10.1337
12.0000 11.9421
12.0000 13.2474
12.0000 12.3227
12.0000 12.6140
12.0000 12.4948
12.0000 12.3923
12.0000 11.6300
12.0000 13.7412
12.0000 11.6303
12.0000 12.7937
12.0000 12.2744
12.0000 12.1190
12.0000 11.9684
12.0000 11.6250
12.0000 12.2832
12.0000 12.3754
12.0000 12.3939
12.0000 12.7915
12.0000 11.8786
12.0000 12.0094
12.0000 11.9826
12.0000 12.3718
12.0000 12.2843
12.0000 12.9128
12.0000 12.5927
12.0000 12.2591
12.0000 11.7643
12.0000 11.2614
12.0000 11.8571
12.0000 12.0651
12.0000 12.3286
12.0000 12.3184
12.0000 12.2968
12.0000 11.8257
12.0000 13.0279
12.0000 12.8469
12.0000 12.5096
12.0000 12.2909
12.0000 11.9061
12.0000 11.9571
12.0000 12.0130
12.0000 12.2743
12.0000 12.8170
12.0000 11.9595
12.0000 12.4956
12.0000 12.0795
12.0000 11.8786
12.0000 11.6417
12.0000 13.8614
12.0000 12.7864
12.0000 12.2447
12.0000 12.6241
12.0000 12.0217
12.0000 12.0870
12.0000 11.9702
12.0000 11.8988
12.0000 12.1478
12.0000 12.0923
12.0000 13.2618
12.0000 11.6723
12.0000 11.8663
12.0000 13.1461
12.0000 12.8477
12.0000 12.1171
12.0000 12.5150
12.0000 11.2422
12.0000 12.0992
12.0000 10.5355
12.0000 12.3764
12.0000 12.3882
12.0000 11.8808
12.0000 12.1803
12.0000 11.6949
12.0000 11.7218
12.0000 12.4544
12.0000 12.5396
12.0000 12.5836
12.0000 10.9279
12.0000 11.9997
12.0000 12.2653
12.0000 11.9849
12.0000 12.9303
12.0000 11.6079
12.0000 11.5402
12.0000 13.3734
12.0000 12.2408
12.0000 13.0569
12.0000 11.1483
12.0000 12.3124
12.0000 12.6484
12.0000 12.4712
12.0000 12.5180
12.0000 12.0227
12.0000 12.0964
12.0000 12.5807
12.0000 12.9718
12.0000 11.1371
12.0000 12.1511
12.0000 12.3125
12.0000 12.4957
12.0000 12.3299
12.0000 11.7365
12.0000 12.5231
12.0000 12.0444
12.0000 11.8049
12.0000 13.1704
12.0000 13.0269
12.0000 11.9196
12.0000 12.7664
12.0000 11.6086
12.0000 12.1667
12.0000 12.4578
12.0000 12.6715
12.0000 12.0603
12.0000 12.9887
12.0000 12.7512
12.0000 12.0793
12.0000 12.1611
12.0000 12.7826
12.0000 11.6565
12.0000 13.5757
12.0000 12.5047
12.0000 12.7764
12.0000 12.8722
12.0000 13.7079
12.0000 12.4473
12.0000 11.7484
12.0000 12.9963
12.0000 12.2054
12.0000 12.4261
12.0000 11.9677
12.0000 11.3357
12.0000 11.8215
12.0000 12.4373
12.0000 11.5981
12.0000 12.0558
12.0000 12.9626
12.0000 12.2851
12.0000 11.9474
12.0000 12.8263
12.0000 12.1200
12.0000 11.6834
12.0000 12.0094
12.0000 12.6881
12.0000 11.9872
12.0000 12.0070
12.0000 13.0755
12.0000 11.9379
12.0000 11.4592
12.0000 11.7216
12.0000 12.3088
12.0000 12.5425
12.0000 12.1567
12.0000 13.4370
12.0000 11.4913
12.0000 12.0320
12.0000 12.5967
12.0000 12.6608
12.0000 12.6217
12.0000 11.1785
12.0000 12.1684
12.0000 11.2565
12.0000 13.0052
12.0000 12.1920
12.0000 12.0826
12.0000 12.2345
12.0000 12.0156
12.0000 12.6445
12.0000 12.2762
12.0000 12.0909
12.0000 11.7513
12.0000 12.8918
12.0000 11.9809
12.0000 12.2827
12.0000 12.3698
12.0000 12.2945
12.0000 11.8338
12.0000 11.8430
12.0000 11.7372
12.0000 11.4107
12.0000 12.0532
12.0000 12.0186
12.0000 12.0270
12.0000 12.6757
12.0000 11.4949
12.0000 13.0082
12.0000 12.9806
12.0000 11.7151
12.0000 11.9799
12.0000 11.8347
12.0000 11.5773
12.0000 12.4480
12.0000 12.4005
12.0000 11.6079
12.0000 12.4082
12.0000 12.1907
12.0000 12.3369
12.0000 12.2434
12.0000 11.9937
12.0000 11.6795
12.0000 12.3256
12.0000 11.1178
12.0000 11.9022
12.0000 12.7712
12.0000 11.8607
12.0000 12.6659
12.0000 12.0445
12.0000 12.9203
12.0000 11.6544
12.0000 12.2986
12.0000 12.4092
12.0000 12.5435
12.0000 12.1861
12.0000 10.8971
12.0000 12.7573
12.0000 12.6687
12.0000 12.1093
12.0000 12.6543
12.0000 13.2809
12.0000 11.9582
12.0000 12.2458
12.0000 12.6347
12.0000 11.9297
12.0000 12.5221
12.0000 12.1328
12.0000 12.7196
12.0000 12.1609
12.0000 12.0109
12.0000 11.8763
12.0000 12.8759
12.0000 12.4596
12.0000 11.9312
12.0000 13.5296
12.0000 12.8522
12.0000 13.1066
12.0000 12.3319
12.0000 11.0363
12.0000 12.0019
12.0000 11.7660
12.0000 11.3935
12.0000 12.2282
12.0000 11.7634
12.0000 12.3475
12.0000 11.8913
12.0000 11.6582
12.0000 12.3636
12.0000 11.6347
12.0000 11.9708
12.0000 12.1885
12.0000 12.5889
12.0000 11.7235
12.0000 12.0404
12.0000 12.1513
12.0000 12.4183
12.0000 12.6700
12.0000 11.1534
12.0000 11.1338
12.0000 13.3980
12.0000 12.0071
12.0000 12.2466
12.0000 12.8500
12.0000 12.1566
12.0000 11.5468
12.0000 11.7881
12.0000 11.4479
12.0000 11.2643
12.0000 13.1319
12.0000 11.9981
12.0000 12.3574
12.0000 12.3998
12.0000 11.7246
12.0000 11.5524
12.0000 11.8320
12.0000 11.5466
12.0000 12.1180
12.0000 12.6440
12.0000 12.2468
12.0000 12.0453
12.0000 11.1634
12.0000 12.8925
12.0000 12.1443
12.0000 11.8596
12.0000 13.7052
12.0000 11.5608
12.0000 12.1176
12.0000 12.6318
12.0000 12.3376
12.0000 11.8975
12.0000 12.6514
12.0000 12.0816
12.0000 11.0464
12.0000 11.0270
12.0000 12.2108
12.0000 11.7756
12.0000 12.1163
12.0000 12.1770
12.0000 12.4924
12.0000 12.2682
12.0000 12.0534
12.0000 12.4979
12.0000 12.3887
12.0000 12.3748
12.0000 11.8204
12.0000 12.4485
12.0000 11.6933
12.0000 12.1698
12.0000 13.4466
12.0000 12.4229
12.0000 12.3487
12.0000 11.6616
12.0000 13.0184
12.0000 12.7743
12.0000 12.5342
12.0000 11.2450
12.0000 11.6877
12.0000 12.3702
12.0000 12.0729
12.0000 11.7862
12.0000 11.8480
12.0000 12.2947
12.0000 12.7657
12.0000 12.8833
12.0000 12.3669
12.0000 12.2352
12.0000 10.9685
12.0000 11.7287
12.0000 12.1051
12.0000 11.3053
12.0000 13.5230
12.0000 12.3666
12.0000 12.8362
12.0000 11.7670
12.0000 12.0634
12.0000 13.2446
12.0000 11.8767
12.0000 10.9904
12.0000 12.2531
12.0000 12.0173
12.0000 11.5450
12.0000 12.2293
12.0000 11.4288
12.0000 11.3256
12.0000 11.8771
12.0000 11.0596
12.0000 12.2666
12.0000 12.4296
12.0000 12.2220
12.0000 11.4284
12.0000 12.3768
12.0000 12.3570
12.0000 11.5796
12.0000 12.2773
12.0000 12.3336
12.0000 12.0096
12.0000 11.8273
12.0000 12.8136
12.0000 11.7160
12.0000 12.5264
12.0000 11.5204
12.0000 12.5999
12.0000 11.5129
12.0000 12.5164
12.0000 12.9152
12.0000 10.8108
12.0000 12.5149
12.0000 11.5421
12.0000 11.0313
12.0000 11.4802
12.0000 12.9377
12.0000 12.6590
12.0000 12.2295
12.0000 11.7076
12.0000 12.7813
12.0000 11.6439
12.0000 12.7253
12.0000 11.9435
12.0000 12.9422
12.0000 11.8909
12.0000 12.1109
12.0000 11.6402
12.0000 12.6506
12.0000 12.3083
12.0000 11.7990
12.0000 11.6589
12.0000 12.0084
12.0000 12.7588
12.0000 11.9323
12.0000 13.7470
12.0000 12.0423
12.0000 11.8205
12.0000 11.9516
12.0000 12.2735
12.0000 13.3294
12.0000 12.5789
12.0000 11.6598
12.0000 11.4756
12.0000 11.5211
12.0000 13.2837
12.0000 11.5463
12.0000 11.7217
12.0000 11.2933
12.0000 11.7652
12.0000 12.7914
12.0000 12.5539
12.0000 12.5040
12.0000 11.8486
12.0000 11.3270
12.0000 10.9188
12.0000 12.1075
12.0000 11.7663
12.0000 12.7331
12.0000 11.7625
12.0000 12.4811
12.0000 13.2716
12.0000 12.4203
12.0000 12.6265
12.0000 11.7419
12.0000 11.7986
12.0000 12.1818
12.0000 11.7745
12.0000 12.7705
12.0000 11.4602
12.0000 13.5000
12.0000 12.5271
12.0000 12.3737
12.0000 12.6571
12.0000 11.5458
12.0000 12.3232
12.0000 12.3911
12.0000 12.3056
12.0000 13.7675
12.0000 12.2169
12.0000 11.2949
12.0000 11.3100
12.0000 12.8008
12.0000 12.3741
12.0000 12.1471
12.0000 12.9516
12.0000 13.9729
12.0000 12.7157
12.0000 12.5219
12.0000 12.8695
12.0000 12.0809
12.0000 12.2493
12.0000 12.1945
12.0000 12.8434
12.0000 12.2651
12.0000 11.4257
12.0000 12.5243
12.0000 11.7222
12.0000 13.0468
12.0000 12.5535
12.0000 12.1725
12.0000 12.4959
12.0000 12.4089
12.0000 12.2929
12.0000 12.4802
12.0000 12.3724
12.0000 11.9582
12.0000 12.7914
12.0000 12.1817
12.0000 11.6311
12.0000 13.7329
12.0000 12.3880
12.0000 11.3467
12.0000 13.1317
12.0000 12.1338
12.0000 11.7784
12.0000 12.0012
12.0000 12.3376
12.0000 12.7625
12.0000 11.0073
12.0000 11.8987
12.0000 12.4746
12.0000 11.9013
12.0000 12.1428
12.0000 12.6889
12.0000 12.4454
12.0000 12.3626
12.0000 12.0695
12.0000 12.6325
12.0000 11.5977
12.0000 12.1918
12.0000 11.9543
12.0000 12.9070
12.0000 11.8681
12.0000 11.9884
12.0000 12.0157
12.0000 11.6402
12.0000 12.7259
12.0000 13.4725
12.0000 12.7066
12.0000 11.7250
12.0000 11.9733
12.0000 12.3030
12.0000 12.2445
12.0000 12.9686
12.0000 11.2823
12.0000 11.6563
12.0000 11.9881
12.0000 12.1523
12.0000 12.7952
12.0000 11.5681
12.0000 11.6375
12.0000 12.2715
12.0000 12.1227
12.0000 12.2365
12.0000 11.5750
12.0000 12.1297
12.0000 11.8520
12.0000 13.3026
12.0000 13.1660
12.0000 12.6318
12.0000 12.5888
12.0000 11.3523
12.0000 12.6458
12.0000 13.3365
12.0000 11.4478
12.0000 12.5834
12.0000 12.8385
12.0000 11.8655
12.0000 12.7144
12.0000 12.2788
12.0000 11.9083
12.0000 12.1442
12.0000 11.9783
12.0000 11.6697
12.0000 12.6883
12.0000 12.9377
12.0000 11.6110
12.0000 12.6700
12.0000 12.7425
12.0000 12.7452
12.0000 11.9081
12.0000 12.0963
12.0000 11.4656
12.0000 12.6303
12.0000 12.7954
12.0000 12.5097
12.0000 11.7447
12.0000 11.6639
12.0000 10.7729
12.0000 11.9832
12.0000 11.4832
12.0000 11.9677
12.0000 12.2984
12.0000 11.6397
12.0000 11.9914
12.0000 12.4229
12.0000 13.4697
12.0000 12.2067
12.0000 12.9201
12.0000 12.5810
12.0000 12.0877
12.0000 12.7352
12.0000 11.9454
12.0000 13.3676
12.0000 13.3220
12.0000 12.1394
12.0000 12.0702
12.0000 12.1203
12.0000 12.2548
12.0000 11.3099
12.0000 11.4952
12.0000 12.4510
12.0000 11.7709
12.0000 12.3464
12.0000 11.6417
12.0000 13.3355
12.0000 12.6012
12.0000 12.2176
12.0000 13.0010
12.0000 12.7660
12.0000 11.7508
12.0000 12.6333
12.0000 11.7049
12.0000 12.6467
12.0000 11.9950
12.0000 11.9961
12.0000 11.0179
12.0000 11.3588
