14.0000 12.9849
14.0000 12.6280
14.0000 14.1155
14.0000 13.7698
14.0000 14.3962
14.0000 13.6752
14.0000 13.8413
14.0000 14.8649
14.0000 13.4176
14.0000 14.5195
14.0000 14.2390
14.0000 13.1569
14.0000 13.3016
14.0000 14.5240
14.0000 13.3431
14.0000 13.3424
14.0000 15.3253
14.0000 14.2115
14.0000 14.7830
14.0000 13.8897
14.0000 14.1163
14.0000 14.2874
14.0000 13.4391
14.0000 14.2857
14.0000 15.4150
14.0000 14.1557
14.0000 14.2769
14.0000 15.1148
14.0000 13.7331
14.0000 14.1122
14.0000 14.9637
14.0000 14.1382
14.0000 12.8977
14.0000 13.6615
14.0000 13.8895
14.0000 14.0233
14.0000 14.9279
14.0000 14.2061
14.0000 14.5132
14.0000 14.1651
14.0000 14.6968
14.0000 13.6359
14.0000 14.0234
14.0000 14.6941
14.0000 14.3017
14.0000 15.1038
14.0000 13.9853
14.0000 13.5885
14.0000 14.1223
14.0000 13.9551
14.0000 14.8709
14.0000 14.6504
14.0000 13.7066
14.0000 14.4122
14.0000 14.8257
14.0000 14.2387
14.0000 15.1278
14.0000 15.2727
14.0000 14.4445
14.0000 14.6030
14.0000 15.1202
14.0000 13.3205
14.0000 14.1528
14.0000 13.9778
14.0000 13.3331
14.0000 14.7968
14.0000 13.1992
14.0000 13.5215
14.0000 13.9689
14.0000 13.9013
14.0000 14.0808
14.0000 14.9430
14.0000 13.6718
14.0000 15.3031
14.0000 14.2319
14.0000 14.0727
14.0000 13.2012
14.0000 13.9163
14.0000 13.8774
14.0000 13.5790
14.0000 14.5092
14.0000 14.8108
14.0000 14.4339
14.0000 14.2475
14.0000 14.2798
14.0000 14.1376
14.0000 14.1591
14.0000 13.9081
14.0000 13.5772
14.0000 13.3393
14.0000 15.2490
14.0000 14.2640
14.0000 14.4081
14.0000 14.8660
14.0000 14.0095
14.0000 14.4982
14.0000 15.4528
14.0000 14.7240
14.0000 14.2728
14.0000 15.2504
14.0000 14.6244
14.0000 13.6503
14.0000 13.4528
14.0000 14.0488
14.0000 14.2165
14.0000 13.1586
14.0000 13.7238
14.0000 14.0143
14.0000 14.3174
14.0000 13.9569
14.0000 13.6306
14.0000 14.0911
14.0000 13.5340
14.0000 13.7684
14.0000 14.1979
14.0000 14.4325
14.0000 14.1847
14.0000 14.2177
14.0000 13.2870
14.0000 13.1216
14.0000 14.8661
14.0000 14.3325
14.0000 14.8459
14.0000 14.0759
14.0000 14.3953
14.0000 14.4129
14.0000 13.9467
14.0000 14.2459
14.0000 15.0341
14.0000 14.3438
14.0000 14.8206
14.0000 13.8308
14.0000 13.9825
14.0000 14.4001
14.0000 13.4374
14.0000 14.0161
14.0000 13.2642
14.0000 13.9211
14.0000 15.5112
14.0000 13.5368
14.0000 15.2355
14.0000 14.6898
14.0000 14.0062
14.0000 13.5185
14.0000 14.7736
14.0000 14.9535
14.0000 14.1345
14.0000 14.6756
14.0000 13.7580
14.0000 15.0066
14.0000 13.9815
14.0000 13.8255
14.0000 13.7591
14.0000 14.4184
14.0000 13.0304
14.0000 14.1336
14.0000 15.0632
14.0000 14.8098
14.0000 14.8866
14.0000 13.7809
14.0000 14.0714
14.0000 13.5029
14.0000 14.5633
14.0000 14.3009
14.0000 14.4521
14.0000 13.9069
14.0000 12.9234
14.0000 14.5435
14.0000 15.4640
14.0000 13.7397
14.0000 14.4328
14.0000 13.1675
14.0000 13.4057
14.0000 13.3413
14.0000 13.4348
14.0000 13.2223
14.0000 13.9463
14.0000 13.6876
14.0000 14.1899
14.0000 14.3066
14.0000 14.1939
14.0000 12.8313
14.0000 13.2237
14.0000 14.4016
14.0000 14.7022
14.0000 13.6860
14.0000 13.6857
14.0000 14.0236
14.0000 14.8625
14.0000 14.3102
14.0000 13.5975
14.0000 14.0077
14.0000 14.2561
14.0000 13.4521
14.0000 13.6833
14.0000 13.2313
14.0000 13.6616
14.0000 14.4508
14.0000 13.6001
14.0000 14.3319
14.0000 13.7668
14.0000 14.1129
14.0000 13.8145
14.0000 14.5596
14.0000 13.6304
14.0000 13.1784
14.0000 13.9337
14.0000 14.2009
14.0000 13.5753
14.0000 13.5398
14.0000 13.1783
14.0000 15.2251
14.0000 15.0903
14.0000 15.1510
14.0000 12.9637
14.0000 14.7885
14.0000 14.6837
14.0000 12.9727
14.0000 14.5339
14.0000 14.2869
14.0000 14.3930
14.0000 14.5536
14.0000 13.9334
14.0000 14.0800
14.0000 14.8892
14.0000 14.3332
14.0000 14.7923
14.0000 14.0536
14.0000 13.6954
14.0000 13.6457
14.0000 13.7996
14.0000 14.0791
14.0000 13.5568
14.0000 13.9682
14.0000 14.3641
14.0000 14.3167
14.0000 13.7027
14.0000 14.3632
14.0000 13.9638
14.0000 14.1037
14.0000 14.1198
14.0000 13.3699
14.0000 13.3900
14.0000 14.3198
14.0000 14.3654
14.0000 14.7255
14.0000 14.5855
14.0000 14.1972
14.0000 13.9982
14.0000 13.3906
14.0000 12.8326
14.0000 14.4483
14.0000 13.8871
14.0000 14.2389
14.0000 13.7705
14.0000 12.8502
14.0000 14.2529
14.0000 15.3445
14.0000 14.5603
14.0000 13.9973
14.0000 14.0476
14.0000 14.2301
14.0000 13.9850
14.0000 13.9366
14.0000 13.9555
14.0000 14.0400
14.0000 14.6214
14.0000 14.4988
14.0000 14.2109
14.0000 14.1443
14.0000 13.5402
14.0000 14.5041
14.0000 14.3259
14.0000 14.6351
14.0000 13.5172
14.0000 14.2846
14.0000 13.9355
14.0000 14.1410
14.0000 14.0475
14.0000 13.8344
14.0000 13.9833
14.0000 15.1341
14.0000 13.6200
14.0000 13.4320
14.0000 13.7310
14.0000 13.2049
14.0000 14.9283
14.0000 14.1155
14.0000 14.2249
14.0000 14.6583
14.0000 14.0828
14.0000 13.8726
14.0000 14.1923
14.0000 14.9986
14.0000 14.3785
14.0000 13.6245
14.0000 14.2911
14.0000 13.8092
14.0000 14.1590
14.0000 14.6548
14.0000 14.6382
14.0000 13.8813
14.0000 14.1700
14.0000 14.1347
14.0000 14.5512
14.0000 13.1664
14.0000 15.1726
14.0000 14.7092
14.0000 13.5703
14.0000 15.2163
14.0000 13.7611
14.0000 13.5308
14.0000 14.2942
14.0000 15.6280
14.0000 14.7836
14.0000 14.0892
14.0000 13.9786
14.0000 13.5485
14.0000 13.6358
14.0000 14.1448
14.0000 14.2646
14.0000 14.2379
14.0000 13.6885
14.0000 13.8591
14.0000 13.5361
14.0000 13.7750
14.0000 14.8799
14.0000 14.8651
14.0000 15.1456
14.0000 14.2850
14.0000 13.4529
14.0000 14.5468
14.0000 14.7861
14.0000 14.6841
14.0000 12.7347
14.0000 14.6134
14.0000 13.6870
14.0000 13.8322
14.0000 13.9685
14.0000 14.7751
14.0000 14.1878
14.0000 14.0189
14.0000 13.5484
14.0000 14.6614
14.0000 14.2305
14.0000 14.0217
14.0000 13.7541
14.0000 13.4570
14.0000 14.4850
14.0000 14.6765
14.0000 13.5777
14.0000 13.5715
14.0000 13.7020
14.0000 13.9456
14.0000 14.0662
14.0000 14.6316
14.0000 13.7446
14.0000 14.3442
14.0000 13.2489
14.0000 13.9082
14.0000 13.8346
14.0000 14.1965
14.0000 14.0701
14.0000 14.9342
14.0000 14.3401
14.0000 14.5442
14.0000 12.8492
14.0000 14.2663
14.0000 14.0125
14.0000 15.0487
14.0000 14.5447
14.0000 14.5683
14.0000 14.1047
14.0000 14.5110
14.0000 14.1188
14.0000 13.5768
14.0000 13.8162
14.0000 14.1044
14.0000 14.8736
14.0000 14.3313
14.0000 13.0844
14.0000 14.4134
14.0000 14.0899
14.0000 14.7295
14.0000 14.7318
14.0000 14.8632
14.0000 14.4452
14.0000 13.7741
14.0000 15.4733
14.0000 12.8701
14.0000 14.6875
14.0000 13.9975
14.0000 14.0412
14.0000 13.9144
14.0000 13.5231
14.0000 14.0619
14.0000 14.0525
14.0000 14.0058
14.0000 14.2808
14.0000 13.8020
14.0000 14.7404
14.0000 14.0177
14.0000 13.7357
14.0000 14.2192
14.0000 14.1246
14.0000 14.1781
14.0000 14.2849
14.0000 14.8788
14.0000 14.3007
14.0000 14.5194
14.0000 14.1723
14.0000 13.7152
14.0000 13.9893
14.0000 13.6265
14.0000 14.7316
14.0000 15.4765
14.0000 14.1075
14.0000 13.4379
14.0000 13.8927
14.0000 14.5946
14.0000 14.0497
14.0000 13.9786
14.0000 13.8172
14.0000 14.4386
14.0000 14.6534
14.0000 13.8761
14.0000 13.5545
14.0000 14.8563
14.0000 13.9288
14.0000 14.4164
14.0000 12.3275
14.0000 14.5786
14.0000 13.7892
14.0000 14.2504
14.0000 14.2163
14.0000 13.7614
14.0000 14.7299
14.0000 14.1438
14.0000 14.0363
14.0000 14.6181
14.0000 14.2635
14.0000 15.0400
14.0000 13.9884
14.0000 13.7399
14.0000 13.9003
14.0000 13.6053
14.0000 14.9112
14.0000 14.3866
14.0000 14.5774
14.0000 13.9025
14.0000 14.0952
14.0000 13.8957
14.0000 14.1443
14.0000 14.7395
14.0000 14.4441
14.0000 14.1832
14.0000 13.8083
14.0000 14.6894
14.0000 14.2050
14.0000 14.3308
14.0000 14.0788
14.0000 14.1900
14.0000 13.2196
14.0000 13.9951
14.0000 14.2448
14.0000 15.0318
14.0000 14.4187
14.0000 14.3018
14.0000 14.3576
14.0000 13.8807
14.0000 13.4425
14.0000 13.9684
14.0000 13.7644
14.0000 14.3881
14.0000 15.1236
14.0000 14.2284
14.0000 13.8278
14.0000 13.7018
14.0000 14.1678
14.0000 14.4538
14.0000 13.5653
14.0000 14.4810
14.0000 14.0585
14.0000 13.8600
14.0000 14.4705
14.0000 14.0270
14.0000 14.1485
14.0000 14.6019
14.0000 13.6423
14.0000 13.6332
14.0000 13.4381
14.0000 14.3040
14.0000 12.6895
14.0000 14.8300
14.0000 13.9192
14.0000 13.6613
14.0000 13.3395
14.0000 14.7700
14.0000 13.8765
14.0000 14.3672
14.0000 13.4409
14.0000 13.0127
14.0000 14.4455
14.0000 13.6030
14.0000 14.0556
14.0000 13.7115
14.0000 13.3386
14.0000 13.6343
14.0000 14.3259
14.0000 13.8338
14.0000 13.9899
14.0000 15.0336
14.0000 14.0408
14.0000 15.3017
14.0000 13.7546
14.0000 13.1956
14.0000 13.6145
14.0000 15.5210
14.0000 14.3761
14.0000 13.3477
14.0000 13.9209
14.0000 14.6741
14.0000 14.6081
14.0000 14.6538
14.0000 14.4670
14.0000 14.0403
14.0000 14.6040
14.0000 14.8077
14.0000 14.1939
14.0000 13.5593
14.0000 14.0558
14.0000 14.7085
14.0000 13.4443
14.0000 14.5508
14.0000 13.3749
14.0000 14.2365
14.0000 14.7714
14.0000 13.3383
14.0000 13.7762
14.0000 12.9041
14.0000 14.1825
14.0000 14.9017
14.0000 13.7905
14.0000 14.4158
14.0000 14.5850
14.0000 14.6391
14.0000 14.1197
14.0000 14.1945
14.0000 14.3056
14.0000 14.1874
14.0000 14.5712
14.0000 13.8439
14.0000 14.6379
14.0000 14.1019
14.0000 14.0183
14.0000 13.5840
14.0000 13.3647
14.0000 14.7530
14.0000 15.0050
14.0000 13.2610
14.0000 13.8228
14.0000 14.4279
14.0000 13.2161
14.0000 14.1407
14.0000 12.9836
14.0000 14.8232
14.0000 13.8516
14.0000 13.7497
14.0000 14.0135
14.0000 14.2891
14.0000 13.5880
14.0000 14.0037
14.0000 14.5177
14.0000 15.0907
14.0000 13.8504
14.0000 13.3512
14.0000 14.3382
14.0000 13.8017
14.0000 13.5807
14.0000 13.5512
14.0000 13.5402
14.0000 14.0813
14.0000 14.5667
14.0000 13.6502
14.0000 14.9637
14.0000 14.3788
14.0000 15.0685
14.0000 14.1103
14.0000 14.4768
14.0000 13.7752
14.0000 14.8314
14.0000 13.8922
14.0000 13.8638
14.0000 13.4519
14.0000 13.2502
14.0000 14.9359
14.0000 13.9285
14.0000 13.2107
14.0000 14.0059
14.0000 13.9922
14.0000 14.3966
14.0000 14.0041
14.0000 14.7834
14.0000 14.8097
14.0000 14.3337
14.0000 13.8812
14.0000 14.4606
14.0000 13.5506
14.0000 15.4397
14.0000 14.3633
14.0000 15.1096
14.0000 14.3423
14.0000 14.3885
14.0000 14.3283
14.0000 13.9005
14.0000 14.1110
14.0000 14.6063
14.0000 13.6377
14.0000 13.0773
14.0000 13.1495
14.0000 14.3666
14.0000 14.2575
14.0000 13.8427
14.0000 14.3202
14.0000 14.1508
14.0000 13.7015
14.0000 13.2965
14.0000 13.8625
14.0000 13.8949
14.0000 14.8270
14.0000 13.7004
14.0000 14.1710
14.0000 14.3777
14.0000 13.8031
14.0000 14.0310
14.0000 13.4998
14.0000 13.8437
14.0000 13.1178
14.0000 13.4295
14.0000 14.7570
14.0000 14.0074
14.0000 14.6414
14.0000 14.5511
14.0000 13.6698
14.0000 14.5390
14.0000 14.5297
14.0000 14.7215
14.0000 13.8216
14.0000 14.5693
14.0000 14.0552
14.0000 13.6883
14.0000 14.0079
14.0000 13.6578
14.0000 13.2935
14.0000 14.5761
14.0000 13.9080
14.0000 13.4780
14.0000 13.8293
14.0000 14.1462
14.0000 14.2961
14.0000 14.2445
14.0000 13.8464
14.0000 13.3913
14.0000 14.6891
14.0000 14.6269
14.0000 14.0221
14.0000 13.2816
14.0000 14.5117
14.0000 13.9915
14.0000 14.3006
14.0000 14.2335
14.0000 14.0157
14.0000 14.8735
14.0000 14.2860
14.0000 13.6539
14.0000 14.3035
14.0000 13.7064
14.0000 14.1475
14.0000 14.4358
14.0000 13.3161
14.0000 14.7077
14.0000 13.9764
14.0000 13.4687
14.0000 14.1702
14.0000 14.3556
14.0000 12.9169
14.0000 14.3654
14.0000 14.6361
14.0000 14.2178
14.0000 14.6408
14.0000 15.5794
14.0000 14.1137
14.0000 13.3258
14.0000 14.3631
14.0000 13.8929
14.0000 13.9610
14.0000 13.9801
14.0000 13.1789
14.0000 14.1081
14.0000 14.1897
14.0000 14.2782
14.0000 14.6946
14.0000 14.5021
14.0000 13.8672
14.0000 14.4179
14.0000 13.9003
14.0000 13.5693
14.0000 14.6175
14.0000 14.5438
14.0000 14.3722
14.0000 13.7048
14.0000 13.5516
14.0000 14.1572
14.0000 14.1990
14.0000 14.1720
14.0000 14.1006
14.0000 14.4821
14.0000 14.3182
14.0000 14.2926
14.0000 14.8455
14.0000 13.2910
14.0000 14.1958
14.0000 14.1848
14.0000 14.3202
14.0000 13.4887
14.0000 14.1299
14.0000 15.3166
14.0000 14.2193
14.0000 13.8482
14.0000 14.3347
14.0000 14.3392
14.0000 14.3913
14.0000 14.4360
14.0000 13.0343
14.0000 14.7747
14.0000 13.5905
14.0000 14.0987
14.0000 13.1546
14.0000 14.1350
14.0000 13.2868
14.0000 12.9766
14.0000 13.4695
14.0000 14.3383
14.0000 13.7840
14.0000 14.1484
14.0000 14.4463
14.0000 13.9712
14.0000 14.6104
14.0000 14.8052
14.0000 14.5284
14.0000 14.2347
14.0000 13.8770
14.0000 14.6490
14.0000 13.4696
14.0000 14.0529
14.0000 14.1095
14.0000 13.9110
14.0000 14.1154
14.0000 13.9256
14.0000 13.8614
14.0000 15.0562
14.0000 14.0716
14.0000 14.1110
14.0000 13.8045
14.0000 13.6735
14.0000 13.8210
14.0000 13.3244
14.0000 13.8752
14.0000 13.8510
14.0000 13.9571
14.0000 14.3439
14.0000 13.8931
14.0000 13.7946
14.0000 14.5208
14.0000 13.5016
14.0000 13.7992
14.0000 13.2597
14.0000 13.8629
14.0000 13.8568
14.0000 14.1207
14.0000 14.5092
14.0000 14.1585
14.0000 14.5814
14.0000 14.0873
14.0000 13.2401
14.0000 13.9634
14.0000 14.1719
14.0000 14.6841
14.0000 14.6894
14.0000 14.2973
14.0000 15.1040
14.0000 14.1263
14.0000 14.1552
14.0000 13.7382
14.0000 14.2824
14.0000 13.5748
14.0000 14.3032
14.0000 14.6805
14.0000 13.9589
14.0000 14.9828
14.0000 13.8343
14.0000 14.3391
14.0000 14.2457
14.0000 14.5878
14.0000 13.6959
14.0000 13.6834
14.0000 14.1263
14.0000 13.6223
14.0000 14.1350
14.0000 13.7356
14.0000 14.7943
14.0000 14.5517
14.0000 13.9484
14.0000 14.1871
14.0000 14.0396
14.0000 13.9542
14.0000 14.5025
14.0000 14.3602
14.0000 14.4117
14.0000 13.9426
14.0000 14.9317
14.0000 13.3823
14.0000 14.6373
14.0000 14.5296
14.0000 13.5736
14.0000 15.2303
14.0000 13.5156
14.0000 13.9162
14.0000 14.4522
14.0000 14.3610
14.0000 13.9789
14.0000 13.3925
14.0000 14.8014
14.0000 13.9563
14.0000 14.5483
14.0000 12.9924
14.0000 13.3337
14.0000 14.3280
14.0000 14.3110
14.0000 14.2637
14.0000 13.5966
14.0000 14.4836
14.0000 14.6765
14.0000 13.9984
14.0000 13.3372
14.0000 14.5923
14.0000 13.7757
14.0000 14.5616
14.0000 13.1490
14.0000 13.8455
14.0000 13.2986
14.0000 13.5418
14.0000 13.8621
14.0000 13.8203
14.0000 14.2838
14.0000 14.7689
14.0000 14.2664
14.0000 13.6524
14.0000 14.9238
14.0000 13.8929
14.0000 14.4674
14.0000 13.5644
14.0000 13.9133
14.0000 14.3985
14.0000 14.1507
14.0000 14.2185
14.0000 14.0175
14.0000 14.3275
14.0000 14.1301
14.0000 13.9853
14.0000 14.0469
14.0000 13.7956
14.0000 14.1902
14.0000 13.3254
14.0000 13.9510
14.0000 12.9786
14.0000 14.2577
14.0000 14.1526
14.0000 15.2722
14.0000 13.9757
14.0000 14.1716
14.0000 14.8204
14.0000 15.2311
14.0000 13.9522
14.0000 13.4644
14.0000 12.8542
14.0000 13.7748
14.0000 14.0978
14.0000 13.8127
14.0000 14.4148
14.0000 14.2784
14.0000 14.0953
14.0000 14.2521
14.0000 13.5100
14.0000 13.0607
14.0000 13.5104
14.0000 15.1404
14.0000 14.4705
14.0000 14.3900
14.0000 13.7618
14.0000 13.9259
14.0000 13.5473
14.0000 14.1780
14.0000 14.0591
14.0000 13.2686
14.0000 14.1727
14.0000 15.4274
14.0000 14.4399
14.0000 14.1512
14.0000 13.8429
14.0000 13.5358
14.0000 13.8109
14.0000 14.3222
14.0000 14.4579
14.0000 13.2787
14.0000 13.4115
14.0000 14.4790
14.0000 15.0903
14.0000 13.2600
14.0000 14.3293
14.0000 14.4316
14.0000 14.2596
14.0000 14.5469
14.0000 14.0535
14.0000 14.3799
14.0000 14.7804
14.0000 14.4274
14.0000 14.6044
14.0000 14.7640
14.0000 14.0557
14.0000 14.8714
14.0000 13.8041
14.0000 13.7831
14.0000 14.9410
14.0000 14.0514
14.0000 13.7412
14.0000 13.6548
14.0000 13.0598
14.0000 14.1340
14.0000 13.6634
14.0000 13.8204
14.0000 13.8356
14.0000 14.6827
14.0000 13.5737
14.0000 14.8992
14.0000 14.5441
14.0000 15.3092
14.0000 14.2309
14.0000 14.0505
14.0000 12.9086
14.0000 14.4315
14.0000 12.9454
14.0000 14.3579
14.0000 14.2983
14.0000 13.9279
14.0000 14.0985
14.0000 14.2568
14.0000 13.2071
14.0000 13.6982
14.0000 13.7970
14.0000 13.0141
14.0000 13.8019
14.0000 13.5039
14.0000 13.5840
14.0000 14.2397
14.0000 14.5244
14.0000 14.3030
14.0000 13.6752
14.0000 15.0784
14.0000 14.3785
14.0000 13.8758
14.0000 14.4616
14.0000 14.8039
14.0000 14.2148
14.0000 14.9564
14.0000 13.6042
14.0000 13.1357
14.0000 14.3447
14.0000 14.2966
14.0000 15.8633
14.0000 15.4287
14.0000 13.3414
14.0000 13.3659
14.0000 13.0556
14.0000 13.8857
14.0000 14.3213
14.0000 14.1501
14.0000 14.5450
14.0000 14.3371
14.0000 14.7811
14.0000 13.8703
14.0000 14.6196
14.0000 13.6153
14.0000 14.2788
14.0000 13.8997
14.0000 14.2809
14.0000 14.0991
14.0000 14.2879
14.0000 13.6324
14.0000 14.9511
14.0000 14.5036
14.0000 14.3817
14.0000 14.2350
14.0000 15.0943
14.0000 13.7803
14.0000 13.7674
14.0000 13.6506
14.0000 13.6033
14.0000 13.5458
14.0000 14.5874
14.0000 13.6304
14.0000 13.7958
14.0000 13.7031
14.0000 13.4304
14.0000 14.8552
14.0000 13.1846
14.0000 14.3543
14.0000 14.0970
14.0000 13.9745
14.0000 13.5718
14.0000 13.9683
14.0000 13.6959
14.0000 14.8674
14.0000 14.2005
14.0000 13.5696
14.0000 13.7421
14.0000 14.1167
14.0000 13.8310
14.0000 14.2811
14.0000 14.3324
14.0000 14.7480
14.0000 14.2508
14.0000 14.9353
14.0000 13.4922
14.0000 13.6220
14.0000 14.6945
14.0000 14.6724
14.0000 13.4790
14.0000 14.5673
14.0000 14.7945
14.0000 13.9220
14.0000 13.5925
14.0000 15.0268
14.0000 14.2068
14.0000 14.5958
14.0000 14.0899
14.0000 14.1725
14.0000 13.7168
14.0000 14.8141
14.0000 13.2990
14.0000 14.0026
14.0000 14.0121
14.0000 15.1888
14.0000 13.5228
14.0000 13.5826
14.0000 14.4676
14.0000 14.1972
14.0000 13.3801
14.0000 13.7530
14.0000 14.4394
14.0000 13.8478
14.0000 13.4510
14.0000 13.9454
14.0000 14.0407
14.0000 13.1779
14.0000 13.7916
14.0000 14.2747
14.0000 15.1674
14.0000 14.2882
14.0000 12.6464
14.0000 13.8215
14.0000 13.3774
14.0000 13.7513
14.0000 14.0811
14.0000 14.7659
14.0000 13.8432
14.0000 14.9324
14.0000 13.7574
14.0000 13.9034
14.0000 13.7052
14.0000 13.7757
14.0000 13.9709
14.0000 13.9359
14.0000 14.0794
14.0000 14.6078
14.0000 13.9952
14.0000 13.1203
14.0000 13.3717
14.0000 14.1123
14.0000 14.3138
14.0000 14.8060
14.0000 14.2484
14.0000 13.3481
14.0000 14.1004
14.0000 14.2820
14.0000 14.1287
14.0000 14.9589
14.0000 15.5314
14.0000 14.8733
14.0000 14.1417
14.0000 14.4675
14.0000 14.7198
14.0000 13.5896
14.0000 14.6917
14.0000 15.7474
14.0000 13.3048
14.0000 14.5297
14.0000 13.9415
14.0000 14.2325
14.0000 13.5150
14.0000 14.4201
14.0000 14.3669
14.0000 14.4901
14.0000 13.7704
14.0000 14.2488
14.0000 13.5336
14.0000 13.5610
14.0000 13.9312
14.0000 13.8021
14.0000 14.7448
14.0000 13.5712
14.0000 14.2433
14.0000 13.1913
14.0000 13.9322
14.0000 14.2747
14.0000 13.2527
14.0000 14.5532
14.0000 14.3219
14.0000 13.9716
14.0000 14.6491
14.0000 13.8913
14.0000 14.1948
14.0000 13.7399
14.0000 14.3142
14.0000 14.3091
14.0000 13.4689
14.0000 14.1732
14.0000 13.8501
14.0000 14.2941
14.0000 13.6884
14.0000 14.1751
14.0000 14.0421
14.0000 13.4970
14.0000 14.0740
14.0000 14.0629
14.0000 14.1347
14.0000 13.4831
14.0000 14.5300
14.0000 14.3330
14.0000 14.8515
14.0000 13.9500
14.0000 15.4888
14.0000 14.0923
14.0000 13.5263
14.0000 14.0695
14.0000 12.9443
14.0000 14.1110
14.0000 14.1491
14.0000 14.0913
14.0000 13.8151
14.0000 14.0438
14.0000 13.9020
14.0000 13.6224
14.0000 14.3732
14.0000 14.2612
14.0000 14.0145
14.0000 14.6559
14.0000 15.1622
14.0000 13.6328
14.0000 14.5363
14.0000 13.1934
14.0000 13.8504
14.0000 13.8982
14.0000 14.8295
14.0000 14.6583
14.0000 13.7677
14.0000 14.0469
14.0000 14.8945
14.0000 14.0551
14.0000 13.8821
14.0000 14.4443
14.0000 14.2979
14.0000 13.5034
14.0000 14.2990
14.0000 13.8783
14.0000 14.1551
14.0000 14.1295
14.0000 14.2365
14.0000 13.8620
14.0000 14.7491
14.0000 13.5252
14.0000 14.1035
14.0000 14.9856
14.0000 14.7546
14.0000 14.5274
14.0000 13.1924
14.0000 15.3102
14.0000 15.0696
14.0000 14.2458
14.0000 13.1446
14.0000 13.5386
14.0000 14.4486
14.0000 13.6567
14.0000 14.2992
14.0000 13.2037
14.0000 14.2487
14.0000 14.9045
14.0000 14.1131
14.0000 13.7094
14.0000 13.9588
14.0000 13.5194
14.0000 13.8803
14.0000 14.4247
14.0000 14.0132
14.0000 13.3998
14.0000 13.3908
14.0000 13.7645
14.0000 13.8250
14.0000 13.9706
14.0000 13.2092
14.0000 13.4640
14.0000 12.7675
14.0000 13.8923
14.0000 13.1165
14.0000 13.9653
14.0000 14.3147
14.0000 14.4819
14.0000 13.2974
14.0000 15.1209
14.0000 13.9688
14.0000 13.8216
14.0000 14.2932
14.0000 13.8014
14.0000 13.1467
14.0000 14.5764
14.0000 13.3041
14.0000 13.8682
14.0000 13.7338
14.0000 14.7166
14.0000 14.9053
14.0000 14.2301
14.0000 13.4365
14.0000 13.6951
14.0000 14.2545
14.0000 14.9000
14.0000 14.2355
14.0000 14.3046
14.0000 14.4164
14.0000 15.0729
14.0000 14.4139
14.0000 14.4038
14.0000 13.3312
14.0000 14.0068
14.0000 14.5492
14.0000 14.0029
14.0000 13.8914
14.0000 13.8322
14.0000 14.7182
14.0000 13.9554
14.0000 13.5829
14.0000 14.0861
14.0000 14.5267
14.0000 13.8434
14.0000 13.8510
14.0000 13.7771
14.0000 13.8054
14.0000 14.6276
14.0000 13.8433
14.0000 13.4669
14.0000 13.5809
14.0000 13.9317
14.0000 13.6951
14.0000 13.9858
14.0000 13.9659
14.0000 13.8073
14.0000 14.5384
14.0000 14.1120
14.0000 13.1024
14.0000 14.7314
14.0000 12.9604
14.0000 14.0466
14.0000 13.5039
14.0000 14.2068
14.0000 14.6671
14.0000 14.2130
14.0000 13.9711
14.0000 14.1247
14.0000 13.6511
14.0000 13.8641
14.0000 13.0446
14.0000 14.3751
14.0000 13.4756
14.0000 14.7104
14.0000 13.6879
14.0000 14.2323
14.0000 14.1680
14.0000 14.6814
14.0000 13.5597
14.0000 13.5672
14.0000 14.6166
14.0000 15.0291
14.0000 14.9785
14.0000 14.8560
14.0000 14.5309
14.0000 13.0024
14.0000 13.5607
14.0000 14.3345
14.0000 14.2134
14.0000 14.2521
14.0000 14.4774
14.0000 13.8263
14.0000 14.8267
14.0000 15.1354
14.0000 13.9031
14.0000 14.0499
14.0000 14.1963
14.0000 14.3479
14.0000 13.9162
14.0000 13.5895
14.0000 13.7026
14.0000 13.8081
14.0000 14.2855
14.0000 14.2508
14.0000 13.9033
14.0000 14.2622
14.0000 13.5955
14.0000 13.9518
14.0000 14.4130
14.0000 14.4885
14.0000 14.3240
14.0000 13.8978
14.0000 13.5609
14.0000 13.8202
14.0000 13.9824
14.0000 14.2197
14.0000 14.1972
14.0000 13.7721
14.0000 13.9354
14.0000 14.7064
14.0000 14.6473
14.0000 13.8528
14.0000 13.8578
14.0000 14.3037
14.0000 13.9016
14.0000 14.8602
14.0000 14.9549
14.0000 13.0377
14.0000 13.7655
14.0000 15.0248
14.0000 14.9571
14.0000 14.0436
14.0000 14.8225
14.0000 14.0396
14.0000 14.1047
14.0000 14.7326
14.0000 13.6715
14.0000 14.3999
14.0000 14.3373
14.0000 14.3685
14.0000 14.6454
14.0000 13.8733
14.0000 14.9046
14.0000 13.8987
14.0000 13.4907
14.0000 13.5216
14.0000 13.6448
14.0000 14.6664
14.0000 13.5559
14.0000 13.5374
14.0000 14.7111
14.0000 14.0418
14.0000 13.8597
14.0000 15.1228
14.0000 14.5346
14.0000 13.1014
14.0000 14.1657
14.0000 14.6874
14.0000 14.0681
14.0000 13.4022
14.0000 13.7978
14.0000 13.8386
14.0000 13.8910
14.0000 14.8393
14.0000 14.2835
14.0000 14.0051
14.0000 13.9372
14.0000 14.2330
14.0000 14.6448
14.0000 14.1541
14.0000 13.8065
14.0000 13.7718
14.0000 12.7682
14.0000 14.1777
14.0000 14.0971
14.0000 14.1701
14.0000 14.0009
14.0000 14.4296
14.0000 14.1491
14.0000 13.5316
14.0000 14.5557
14.0000 14.2403
14.0000 14.5012
14.0000 14.2109
14.0000 14.9321
14.0000 15.4428
14.0000 13.6776
14.0000 12.9163
14.0000 13.8510
14.0000 14.1563
14.0000 14.2932
14.0000 15.0807
14.0000 14.0308
14.0000 14.0567
14.0000 13.7363
14.0000 15.0828
14.0000 13.9908
14.0000 14.6811
14.0000 14.7943
14.0000 13.4929
14.0000 13.5746
14.0000 13.8301
14.0000 13.7965
14.0000 14.1208
14.0000 14.2896
14.0000 14.1029
14.0000 12.9264
14.0000 13.2302
14.0000 14.3755
14.0000 13.0435
14.0000 14.1552
14.0000 13.4136
14.0000 14.6269
14.0000 14.4201
14.0000 14.2095
14.0000 14.4534
14.0000 13.9813
14.0000 15.2140
14.0000 13.9110
14.0000 14.7764
14.0000 13.7497
14.0000 13.6666
14.0000 13.5402
14.0000 13.0673
14.0000 14.0548
14.0000 14.2387
14.0000 13.4812
14.0000 14.1164
14.0000 14.3884
14.0000 13.9426
14.0000 13.5682
14.0000 14.2902
14.0000 13.2903
14.0000 13.4022
14.0000 13.9932
14.0000 13.9725
14.0000 14.6401
14.0000 14.6275
14.0000 14.3069
14.0000 13.6556
14.0000 13.8542
14.0000 14.0436
14.0000 13.7466
14.0000 13.0539
14.0000 14.3517
14.0000 13.8036
14.0000 15.1084
14.0000 14.4592
14.0000 14.3312
14.0000 14.0971
14.0000 13.9329
14.0000 14.4455
14.0000 13.3038
14.0000 14.5445
14.0000 13.1755
14.0000 13.9885
14.0000 14.0519
14.0000 13.0130
14.0000 13.8819
14.0000 13.8231
14.0000 13.2458
14.0000 14.1876
14.0000 14.6583
14.0000 13.3878
14.0000 14.4378
14.0000 14.3320
14.0000 14.6415
14.0000 13.2226
14.0000 14.2128
14.0000 14.3306
14.0000 14.8259
14.0000 13.1810
14.0000 13.6089
14.0000 14.3462
14.0000 13.2825
14.0000 14.1087
14.0000 15.0104
14.0000 13.8430
14.0000 13.3406
14.0000 14.6953
14.0000 14.8500
14.0000 14.3104
14.0000 14.3642
14.0000 13.1986
14.0000 14.1112
14.0000 13.6269
14.0000 14.0293
14.0000 13.4792
14.0000 14.3018
14.0000 14.8671
14.0000 14.1095
14.0000 14.2425
14.0000 13.1425
14.0000 13.8185
14.0000 13.4267
14.0000 14.3122
14.0000 14.8823
14.0000 13.4110
14.0000 13.9069
14.0000 13.4295
14.0000 13.9496
14.0000 13.7279
14.0000 13.5044
14.0000 14.0749
14.0000 14.0636
14.0000 13.5208
14.0000 13.5658
14.0000 14.0169
14.0000 13.2818
14.0000 13.4515
14.0000 13.7387
14.0000 13.6550
14.0000 15.2955
14.0000 13.7584
14.0000 14.4807
14.0000 14.0192
14.0000 14.2757
14.0000 13.4133
14.0000 13.4110
14.0000 14.3149
14.0000 14.3952
14.0000 14.1491
14.0000 14.4254
14.0000 13.9856
14.0000 14.4402
14.0000 14.7240
14.0000 13.9325
14.0000 14.1357
14.0000 13.4125
14.0000 13.8154
14.0000 12.8970
14.0000 14.6185
14.0000 13.5321
14.0000 14.3054
14.0000 14.2956
14.0000 13.3626
14.0000 13.7760
14.0000 13.6084
14.0000 13.9661
14.0000 13.0991
14.0000 14.5433
14.0000 13.9702
14.0000 14.2770
14.0000 15.1613
14.0000 14.7990
14.0000 15.1703
14.0000 14.5498
14.0000 13.2215
14.0000 13.0288
14.0000 13.3739
14.0000 13.5014
14.0000 13.6299
14.0000 14.4807
14.0000 14.5715
14.0000 14.7182
14.0000 14.1951
14.0000 14.1125
14.0000 14.4969
14.0000 14.7282
14.0000 13.9384
14.0000 13.9238
14.0000 13.8839
14.0000 14.3549
14.0000 13.4957
14.0000 13.9624
14.0000 13.8416
14.0000 13.7854
14.0000 14.5328
14.0000 14.0672
14.0000 14.3563
14.0000 14.1572
14.0000 14.9131
14.0000 13.9588
14.0000 13.3408
14.0000 15.3971
14.0000 14.1067
14.0000 14.1002
14.0000 13.3470
14.0000 14.4198
14.0000 14.6514
14.0000 14.5502
14.0000 14.9906
14.0000 14.4961
14.0000 12.7683
14.0000 14.1338
14.0000 13.1233
14.0000 12.9829
14.0000 14.4516
14.0000 14.5662
14.0000 13.9774
14.0000 14.2812
14.0000 13.8238
14.0000 14.0535
14.0000 14.2018
14.0000 14.4560
14.0000 14.1147
14.0000 14.2519
14.0000 14.0349
14.0000 13.8885
14.0000 13.7585
14.0000 14.0737
14.0000 13.5772
14.0000 14.2086
14.0000 13.8357
14.0000 13.7885
14.0000 13.5301
14.0000 15.1982
14.0000 12.4978
14.0000 14.5307
14.0000 13.7559
14.0000 14.3266
14.0000 14.7792
14.0000 12.5939
14.0000 14.8306
14.0000 14.9207
14.0000 14.1936
14.0000 14.2802
14.0000 14.2171
14.0000 14.1958
14.0000 14.2002
14.0000 14.9495
14.0000 14.6253
14.0000 14.2904
14.0000 14.3134
14.0000 14.2221
14.0000 13.3776
14.0000 14.5857
14.0000 13.8734
14.0000 13.7484
14.0000 14.3312
14.0000 14.4254
14.0000 13.9458
14.0000 13.9168
14.0000 13.8459
14.0000 13.8448
14.0000 13.8716
14.0000 14.5392
14.0000 14.0357
14.0000 14.2088
14.0000 14.7830
14.0000 15.0937
14.0000 14.6801
14.0000 13.7531
14.0000 14.3493
14.0000 14.0422
14.0000 13.7105
14.0000 13.7313
14.0000 13.2971
14.0000 13.8260
14.0000 13.5638
14.0000 13.8411
14.0000 14.3761
14.0000 13.8516
14.0000 14.1221
14.0000 13.6425
14.0000 15.0124
14.0000 13.3403
14.0000 13.7797
14.0000 14.5181
14.0000 14.5122
14.0000 15.0911
14.0000 14.8030
14.0000 13.7092
14.0000 14.3404
14.0000 14.0704
14.0000 12.6338
14.0000 14.7866
14.0000 13.5532
14.0000 14.5202
14.0000 15.0922
14.0000 13.9108
14.0000 14.0852
14.0000 14.6028
14.0000 13.6074
14.0000 14.2017
14.0000 14.0332
14.0000 12.9274
14.0000 14.0197
14.0000 13.5550
14.0000 13.2516
14.0000 13.1580
14.0000 13.9645
14.0000 14.4238
14.0000 14.5103
14.0000 14.8049
14.0000 14.6907
14.0000 13.4089
14.0000 14.3826
14.0000 14.2728
14.0000 13.1693
14.0000 14.8957
14.0000 13.5752
14.0000 14.5679
14.0000 14.5962
14.0000 14.0288
14.0000 14.2910
14.0000 14.4062
14.0000 13.6198
14.0000 14.3892
14.0000 13.6503
14.0000 14.3729
14.0000 14.2090
14.0000 14.0918
14.0000 14.7002
14.0000 14.0031
14.0000 14.0549
14.0000 14.3046
14.0000 14.5478
14.0000 14.2130
14.0000 13.6560
14.0000 14.0316
14.0000 13.9893
14.0000 14.0297
14.0000 14.0729
14.0000 14.1755
14.0000 14.6067
14.0000 13.5181
14.0000 14.3440
14.0000 13.7769
14.0000 14.2230
14.0000 15.3739
14.0000 13.9453
14.0000 14.2587
14.0000 14.3178
14.0000 13.9262
14.0000 13.8439
14.0000 14.0239
14.0000 13.7531
14.0000 14.1918
14.0000 13.8613
14.0000 14.0707
14.0000 13.6651
14.0000 13.1186
14.0000 15.0385
14.0000 14.1493
14.0000 14.2556
14.0000 13.5427
14.0000 14.1377
14.0000 13.2874
14.0000 15.3966
14.0000 14.3138
14.0000 14.5009
14.0000 13.7816
14.0000 14.1941
14.0000 14.1330
14.0000 13.5364
14.0000 14.0416
14.0000 14.4353
14.0000 13.8401
14.0000 14.1054
14.0000 13.7143
14.0000 13.5455
14.0000 14.9853
14.0000 14.0383
14.0000 12.9712
14.0000 15.2388
14.0000 13.9135
14.0000 14.0379
14.0000 14.3967
14.0000 14.0829
14.0000 13.7311
14.0000 13.4374
14.0000 13.4028
14.0000 14.5802
14.0000 15.0639
14.0000 14.7912
14.0000 13.4392
14.0000 13.8566
14.0000 14.5455
14.0000 14.7157
14.0000 12.6472
14.0000 14.3887
14.0000 14.3239
14.0000 13.9641
14.0000 14.8822
14.0000 14.1443
14.0000 15.0491
14.0000 13.9521
14.0000 14.5619
14.0000 13.5681
14.0000 14.3713
14.0000 15.1135
14.0000 13.6935
14.0000 14.3728
14.0000 14.5535
14.0000 14.1112
14.0000 13.8231
14.0000 14.0632
14.0000 14.7972
14.0000 14.5935
14.0000 14.2149
14.0000 14.0875
14.0000 14.7989
14.0000 13.9122
14.0000 14.3651
14.0000 14.8525
14.0000 14.0064
14.0000 14.7803
14.0000 13.8780
14.0000 14.3758
14.0000 14.6251
14.0000 13.9208
14.0000 14.2208
14.0000 14.6290
14.0000 14.1171
14.0000 14.0235
14.0000 14.5817
14.0000 14.2049
14.0000 14.4884
14.0000 14.4590
14.0000 13.8737
14.0000 13.9885
14.0000 13.6940
14.0000 13.2966
14.0000 13.5337
14.0000 13.2824
14.0000 13.2792
14.0000 14.7792
14.0000 14.0020
14.0000 14.0500
14.0000 13.3606
14.0000 13.6815
14.0000 14.6860
14.0000 14.2050
14.0000 14.2732
14.0000 13.4114
14.0000 13.3837
14.0000 14.6940
14.0000 14.0098
14.0000 13.3071
14.0000 14.5801
14.0000 13.9846
14.0000 13.5102
14.0000 14.1371
14.0000 13.6134
14.0000 14.1836
14.0000 14.4199
14.0000 13.8542
14.0000 14.8523
14.0000 13.6775
14.0000 13.9876
14.0000 14.2802
14.0000 14.0971
14.0000 14.7931
14.0000 14.1075
14.0000 13.4139
14.0000 14.3262
14.0000 14.2966
14.0000 14.1179
14.0000 14.5685
14.0000 14.5435
14.0000 14.1402
14.0000 14.0704
14.0000 14.2132
14.0000 13.6357
14.0000 14.3879
14.0000 14.8535
14.0000 14.0023
14.0000 13.4335
14.0000 13.2775
14.0000 13.6602
14.0000 13.4875
14.0000 13.9677
14.0000 13.4835
14.0000 14.3992
14.0000 13.4589
14.0000 14.8007
14.0000 15.2452
14.0000 13.1296
14.0000 13.9979
14.0000 14.3930
14.0000 14.0587
14.0000 13.5541
14.0000 13.9483
14.0000 14.2197
14.0000 13.1654
14.0000 14.4109
14.0000 13.7144
14.0000 14.5935
14.0000 13.7717
14.0000 14.3905
14.0000 14.4979
14.0000 13.5108
14.0000 13.4487
14.0000 14.2517
14.0000 13.3328
14.0000 13.1639
14.0000 13.3965
14.0000 13.8260
14.0000 12.9548
14.0000 14.5381
14.0000 14.1062
14.0000 15.0180
14.0000 13.2236
14.0000 13.6735
14.0000 14.5208
14.0000 14.3938
14.0000 14.6502
14.0000 13.6352
14.0000 14.5905
14.0000 13.8155
14.0000 14.9955
14.0000 13.4449
14.0000 13.8914
14.0000 13.9467
14.0000 13.8264
14.0000 14.3253
14.0000 14.3550
14.0000 14.4274
14.0000 14.1374
14.0000 13.7894
14.0000 13.6359
14.0000 14.2084
14.0000 13.8723
14.0000 14.0107
14.0000 14.1257
14.0000 14.0442
14.0000 14.2537
14.0000 13.8608
14.0000 14.3786
14.0000 13.8111
14.0000 14.6758
14.0000 14.0903
14.0000 14.2100
14.0000 14.2003
14.0000 13.6482
14.0000 13.9380
14.0000 13.9673
14.0000 13.2262
14.0000 13.4707
14.0000 14.7679
14.0000 13.7724
14.0000 13.7026
14.0000 13.8951
14.0000 15.0010
14.0000 13.7671
14.0000 14.1793
14.0000 13.9671
14.0000 14.3721
14.0000 14.6492
14.0000 14.7508
14.0000 13.9173
14.0000 13.4639
14.0000 14.3677
14.0000 13.6390
14.0000 13.9934
14.0000 14.7912
14.0000 13.6908
14.0000 13.3613
14.0000 14.5570
14.0000 14.9346
14.0000 13.3258
14.0000 13.3561
14.0000 14.7650
14.0000 13.4086
14.0000 14.3084
14.0000 14.5424
14.0000 13.9943
14.0000 14.6700
14.0000 14.1590
14.0000 13.6401
14.0000 14.0673
14.0000 14.3646
14.0000 13.3681
14.0000 14.6506
14.0000 13.1877
14.0000 14.4203
14.0000 14.9979
14.0000 13.4565
14.0000 13.6106
14.0000 13.3609
14.0000 13.8608
14.0000 13.2784
14.0000 14.6902
14.0000 14.1550
14.0000 14.4694
14.0000 14.0532
14.0000 14.1373
14.0000 13.6641
14.0000 12.7635
14.0000 14.5983
14.0000 14.2182
14.0000 14.1484
14.0000 14.9910
14.0000 13.4544
14.0000 14.0511
14.0000 14.2285
14.0000 12.7940
14.0000 13.2695
14.0000 14.6083
14.0000 14.4317
14.0000 14.4406
14.0000 14.3021
14.0000 14.1190
14.0000 14.4608
14.0000 14.3904
14.0000 13.6580
14.0000 14.8731
14.0000 14.8716
14.0000 13.8145
14.0000 14.3897
14.0000 13.8651
14.0000 14.1871
14.0000 13.9980
14.0000 14.1366
14.0000 14.8510
14.0000 14.4554
14.0000 14.3726
14.0000 14.8892
14.0000 14.1021
14.0000 12.8207
14.0000 14.9749
14.0000 14.2884
14.0000 14.1283
14.0000 13.9081
14.0000 13.9568
14.0000 14.9776
14.0000 14.4135
14.0000 14.0432
14.0000 14.5082
14.0000 14.0672
14.0000 14.0750
14.0000 14.0788
14.0000 14.2376
14.0000 14.6355
14.0000 13.9708
14.0000 13.4578
14.0000 13.5795
14.0000 13.7569
14.0000 14.7044
14.0000 14.5807
14.0000 13.8171
14.0000 14.3865
14.0000 13.8511
14.0000 14.0664
14.0000 13.9349
14.0000 15.0284
14.0000 14.2407
14.0000 14.1983
14.0000 13.0203
14.0000 13.5163
14.0000 13.4600
14.0000 13.7276
14.0000 14.3525
14.0000 13.5546
14.0000 14.5401
14.0000 13.7023
14.0000 14.1060
14.0000 14.0312
14.0000 14.5340
14.0000 14.3818
14.0000 13.5739
14.0000 14.0166
14.0000 14.5686
14.0000 15.5027
14.0000 14.2897
14.0000 14.8569
14.0000 14.3871
14.0000 13.4377
14.0000 13.6278
14.0000 14.1433
14.0000 14.6807
14.0000 14.4243
14.0000 14.3701
14.0000 15.3387
14.0000 14.8603
14.0000 13.9106
14.0000 13.9681
14.0000 13.4420
14.0000 13.7735
14.0000 13.6486
14.0000 14.9869
14.0000 13.3034
14.0000 14.3505
14.0000 12.7976
14.0000 14.1871
14.0000 13.5463
14.0000 14.6677
14.0000 14.1811
14.0000 13.3546
14.0000 14.8140
14.0000 13.6093
14.0000 12.9069
14.0000 13.3075
14.0000 14.6193
14.0000 13.6229
14.0000 14.2589
14.0000 13.3881
14.0000 13.9229
14.0000 15.2862
14.0000 15.0686
14.0000 13.9068
14.0000 14.3189
14.0000 14.1630
14.0000 14.1732
14.0000 14.0991
14.0000 14.3186
14.0000 13.1735
14.0000 14.6653
14.0000 13.8928
14.0000 13.9518
14.0000 14.8231
14.0000 14.0006
14.0000 14.3856
14.0000 13.5443
14.0000 13.7329
14.0000 14.6260
14.0000 13.4368
14.0000 13.3805
14.0000 13.4148
14.0000 14.2952
14.0000 13.9080
14.0000 13.7505
14.0000 14.5758
14.0000 13.7916
14.0000 14.5995
14.0000 13.9743
14.0000 13.5966
14.0000 13.4965
14.0000 15.2329
14.0000 15.0137
14.0000 14.1039
14.0000 13.7583
14.0000 13.7627
14.0000 14.1806
14.0000 13.7623
14.0000 14.4652
14.0000 13.8604
14.0000 13.7227
14.0000 13.6456
14.0000 14.4808
14.0000 14.7753
14.0000 14.2314
14.0000 13.7937
14.0000 13.9403
14.0000 14.1145
14.0000 13.7191
14.0000 13.9449
14.0000 13.6849
14.0000 15.5451
14.0000 14.7983
14.0000 14.1068
14.0000 13.8309
14.0000 13.7469
14.0000 13.9225
14.0000 15.7672
14.0000 14.4476
14.0000 14.0086
14.0000 14.5313
14.0000 14.5870
14.0000 14.4475
14.0000 13.4371
14.0000 13.8102
14.0000 14.8610
14.0000 14.0456
14.0000 14.4667
14.0000 14.1156
14.0000 14.3210
14.0000 14.0320
14.0000 13.6191
14.0000 14.1490
14.0000 13.9296
14.0000 13.1090
14.0000 13.3894
14.0000 14.4061
14.0000 14.4642
14.0000 14.1073
14.0000 15.1544
14.0000 13.8527
14.0000 13.6928
14.0000 13.7625
14.0000 13.4762
14.0000 14.4340
14.0000 13.6130
14.0000 13.4109
14.0000 13.2052
14.0000 14.3316
14.0000 14.3093
14.0000 13.9532
14.0000 13.0088
14.0000 13.5011
14.0000 14.1479
14.0000 14.0579
14.0000 14.3966
14.0000 14.0814
14.0000 14.3127
14.0000 13.7511
14.0000 14.4428
14.0000 13.7418
14.0000 13.9071
14.0000 13.5904
14.0000 14.3264
14.0000 13.9017
14.0000 13.8400
14.0000 14.3050
14.0000 14.3052
14.0000 14.6870
14.0000 13.3152
14.0000 14.0075
14.0000 12.8344
14.0000 13.2598
14.0000 13.2831
14.0000 14.3296
14.0000 13.8825
14.0000 13.4081
14.0000 13.8423
14.0000 14.4877
14.0000 13.7762
14.0000 14.3850
14.0000 13.2572
14.0000 14.5535
14.0000 14.0710
14.0000 13.7916
14.0000 13.1125
14.0000 14.8869
14.0000 14.3366
14.0000 14.0181
14.0000 13.3674
14.0000 13.9400
14.0000 14.1946
14.0000 13.7250
14.0000 13.6097
14.0000 13.8691
14.0000 14.3483
14.0000 14.3145
14.0000 13.5188
14.0000 15.2395
14.0000 14.1556
14.0000 14.3712
14.0000 13.7724
14.0000 13.4193
14.0000 14.6638
14.0000 12.9296
14.0000 14.2356
14.0000 14.1012
14.0000 13.9530
14.0000 14.4072
14.0000 14.7255
14.0000 13.3668
14.0000 13.9092
14.0000 13.9882
14.0000 14.6843
14.0000 13.4927
14.0000 14.7980
14.0000 13.2430
14.0000 13.5798
14.0000 15.2632
14.0000 14.8743
14.0000 14.1426
14.0000 14.6861
14.0000 14.4352
14.0000 13.9306
14.0000 13.3217
14.0000 15.1107
14.0000 14.2615
14.0000 13.6919
14.0000 14.4160
14.0000 13.4601
14.0000 14.1672
14.0000 13.3395
14.0000 13.8726
14.0000 13.1465
14.0000 13.7256
14.0000 14.0471
14.0000 14.2600
14.0000 14.3782
14.0000 14.7537
14.0000 14.3666
14.0000 13.2636
14.0000 13.7820
14.0000 14.2903
14.0000 13.4200
14.0000 13.3483
14.0000 13.7087
14.0000 14.0047
14.0000 14.1325
14.0000 15.0679
14.0000 14.7758
14.0000 14.3114
14.0000 14.3201
14.0000 14.7361
14.0000 14.9456
14.0000 14.5945
14.0000 13.8558
14.0000 14.3918
14.0000 13.7170
14.0000 14.4034
14.0000 14.5177
14.0000 13.8098
14.0000 14.1592
14.0000 13.9655
14.0000 13.8122
14.0000 14.5818
14.0000 13.6880
14.0000 13.8068
14.0000 13.7725
14.0000 13.4837
14.0000 14.4348
14.0000 14.6168
14.0000 13.4925
14.0000 13.9637
14.0000 13.8419
14.0000 14.1213
14.0000 12.8097
14.0000 14.3873
14.0000 13.5205
14.0000 13.8790
14.0000 13.7233
14.0000 13.7274
14.0000 13.2278
14.0000 14.3469
14.0000 13.7505
14.0000 14.2090
14.0000 14.6382
14.0000 14.5438
14.0000 14.2684
14.0000 14.6858
14.0000 14.4593
14.0000 14.6152
14.0000 14.5187
14.0000 14.1226
14.0000 14.2093
14.0000 14.7557
14.0000 14.9834
14.0000 13.1011
14.0000 14.1513
14.0000 13.9673
14.0000 13.3731
14.0000 14.2022
14.0000 13.1447
14.0000 14.6654
14.0000 14.2558
14.0000 14.2727
14.0000 13.5639
14.0000 14.3585
14.0000 13.3972
14.0000 13.4230
14.0000 13.8764
14.0000 15.1223
14.0000 13.8759
14.0000 15.0917
14.0000 13.8089
14.0000 14.1783
14.0000 13.6735
14.0000 13.6876
14.0000 14.3375
14.0000 14.2480
14.0000 13.0303
14.0000 14.2202
14.0000 14.1708
14.0000 13.3293
14.0000 14.3277
14.0000 14.8158
14.0000 14.4782
14.0000 13.1158
14.0000 14.0491
14.0000 13.8972
14.0000 13.7865
14.0000 13.5711
14.0000 14.9307
14.0000 13.8844
14.0000 13.4960
14.0000 13.5424
14.0000 13.6548
14.0000 13.7657
14.0000 14.0454
14.0000 14.0015
14.0000 14.4261
14.0000 14.7736
14.0000 14.9127
14.0000 14.3418
14.0000 14.6356
14.0000 14.1116
14.0000 14.2302
14.0000 14.0663
14.0000 14.6465
14.0000 15.0804
14.0000 13.5283
14.0000 14.0854
14.0000 14.7564
14.0000 13.6984
14.0000 13.8035
14.0000 13.9142
14.0000 14.1720
14.0000 14.0494
14.0000 14.5195
14.0000 13.8713
14.0000 14.3349
14.0000 13.7598
14.0000 13.5875
14.0000 13.3298
14.0000 14.4094
14.0000 14.6561
14.0000 14.7329
14.0000 14.2928
14.0000 13.7777
14.0000 14.3143
14.0000 14.1599
14.0000 13.9712
14.0000 14.4061
14.0000 14.1950
14.0000 14.3622
14.0000 14.3566
14.0000 14.1277
14.0000 14.8253
14.0000 14.6851
14.0000 14.5265
14.0000 13.9304
14.0000 13.1270
14.0000 13.8717
14.0000 14.9218
14.0000 14.4310
14.0000 13.4166
14.0000 13.0387
14.0000 14.3936
14.0000 14.0062
14.0000 13.8126
14.0000 14.1259
14.0000 13.9613
14.0000 13.1785
14.0000 13.7483
14.0000 13.9298
14.0000 14.3052
14.0000 13.9141
14.0000 14.0360
14.0000 14.9743
14.0000 14.6811
14.0000 14.4497
14.0000 14.0698
14.0000 14.9088
14.0000 15.4209
14.0000 13.6401
14.0000 14.2650
14.0000 13.6206
14.0000 13.1396
14.0000 13.7995
14.0000 14.3477
14.0000 13.7030
14.0000 14.4420
14.0000 13.8082
14.0000 14.2717
14.0000 13.9951
14.0000 13.4999
14.0000 13.9634
14.0000 14.6992
14.0000 13.6195
14.0000 14.7407
14.0000 15.5192
14.0000 13.8991
14.0000 14.4918
14.0000 13.8508
14.0000 14.6812
14.0000 13.5965
14.0000 14.8915
14.0000 13.7189
14.0000 13.6277
14.0000 13.9996
14.0000 14.0822
14.0000 13.7311
14.0000 14.4084
14.0000 13.3983
14.0000 14.8345
14.0000 14.1006
14.0000 14.6142
14.0000 13.5219
14.0000 13.5278
14.0000 13.7237
14.0000 13.9863
14.0000 13.5529
14.0000 14.5525
14.0000 15.0334
14.0000 13.4132
14.0000 14.4825
14.0000 13.5501
14.0000 14.3670
14.0000 13.7943
14.0000 13.8097
14.0000 13.1156
14.0000 14.5386
14.0000 14.7004
14.0000 13.7228
14.0000 13.1270
