18.0000 17.6280
18.0000 17.8010
18.0000 17.7375
18.0000 17.9871
18.0000 17.8733
18.0000 18.0256
18.0000 17.0369
18.0000 17.8855
18.0000 17.4659
18.0000 17.9714
18.0000 17.6159
18.0000 17.8593
18.0000 17.5624
18.0000 18.2758
18.0000 16.9417
18.0000 17.7667
18.0000 17.7954
18.0000 18.1022
18.0000 16.9835
18.0000 17.9814
18.0000 17.2732
18.0000 18.4168
18.0000 17.4123
18.0000 18.1026
18.0000 16.7817
18.0000 18.2845
18.0000 18.0479
18.0000 17.2914
18.0000 17.1554
18.0000 17.4533
18.0000 16.0707
18.0000 17.0369
18.0000 18.0955
18.0000 18.7918
18.0000 18.5327
18.0000 18.0027
18.0000 17.8235
18.0000 17.6719
18.0000 17.0404
18.0000 17.5453
18.0000 18.1260
18.0000 18.3153
18.0000 17.6495
18.0000 17.0823
18.0000 16.3837
18.0000 16.9702
18.0000 17.3959
18.0000 17.7906
18.0000 18.8494
18.0000 17.3615
18.0000 18.4141
18.0000 16.6464
18.0000 17.8630
18.0000 17.1621
18.0000 17.2814
18.0000 17.6801
18.0000 17.8431
18.0000 16.9776
18.0000 17.4259
18.0000 18.0776
18.0000 17.0895
18.0000 17.7520
18.0000 18.2004
18.0000 18.4201
18.0000 17.8236
18.0000 18.4519
18.0000 17.8941
18.0000 17.6876
18.0000 16.7574
18.0000 17.5662
18.0000 17.1101
18.0000 17.3135
18.0000 17.7301
18.0000 17.9551
18.0000 17.5297
18.0000 18.1505
18.0000 18.5855
18.0000 17.5294
18.0000 18.0223
18.0000 17.4279
18.0000 17.2943
18.0000 18.5182
18.0000 19.3521
18.0000 18.0786
18.0000 17.8736
18.0000 17.5536
18.0000 16.8026
18.0000 18.0076
18.0000 17.7308
18.0000 18.7928
18.0000 17.6766
18.0000 16.9225
18.0000 18.1043
18.0000 16.7580
18.0000 17.9438
18.0000 18.2649
18.0000 17.9125
18.0000 17.3543
18.0000 17.6901
18.0000 16.5992
18.0000 17.9269
18.0000 16.5621
18.0000 18.1634
18.0000 17.6584
18.0000 17.6093
18.0000 18.7459
18.0000 18.1274
18.0000 17.3190
18.0000 17.7478
18.0000 17.7689
18.0000 16.7540
18.0000 18.2362
18.0000 17.2211
18.0000 16.8012
18.0000 17.7581
18.0000 17.4960
18.0000 17.5174
18.0000 18.3131
18.0000 18.6125
18.0000 17.5994
18.0000 17.8201
18.0000 18.2848
18.0000 17.2318
18.0000 18.7587
18.0000 16.9312
18.0000 18.2884
18.0000 17.8164
18.0000 18.6654
18.0000 17.2178
18.0000 17.4309
18.0000 17.7879
18.0000 18.1497
18.0000 17.9130
18.0000 18.5746
18.0000 16.9212
18.0000 17.7426
18.0000 18.6894
18.0000 17.3678
18.0000 18.0332
18.0000 17.5887
18.0000 18.1125
18.0000 18.0707
18.0000 17.7678
18.0000 17.7130
18.0000 17.7031
18.0000 17.5964
18.0000 17.2184
18.0000 17.3357
18.0000 17.7048
18.0000 17.3324
18.0000 17.3924
18.0000 18.8632
18.0000 17.8285
18.0000 18.1393
18.0000 18.4529
18.0000 18.0750
18.0000 17.6970
18.0000 17.3290
18.0000 18.0600
18.0000 17.9519
18.0000 18.0751
18.0000 17.9345
18.0000 17.4056
18.0000 17.1359
18.0000 17.9175
18.0000 18.2966
18.0000 18.5481
18.0000 17.4388
18.0000 18.5401
18.0000 17.9155
18.0000 17.0334
18.0000 18.5659
18.0000 16.7513
18.0000 17.4856
18.0000 17.2775
18.0000 18.5169
18.0000 17.7563
18.0000 17.4306
18.0000 17.3601
18.0000 18.7697
18.0000 16.1797
18.0000 18.2628
18.0000 16.6441
18.0000 18.1093
18.0000 18.1699
18.0000 17.3939
18.0000 17.7710
18.0000 16.7757
18.0000 18.1336
18.0000 18.5448
18.0000 17.4873
18.0000 17.9843
18.0000 17.5107
18.0000 17.3545
18.0000 16.6054
18.0000 17.6095
18.0000 17.7496
18.0000 17.3163
18.0000 18.0953
18.0000 16.9877
18.0000 17.9692
18.0000 17.3044
18.0000 17.7668
18.0000 17.3776
18.0000 17.0938
18.0000 18.5166
18.0000 16.7763
18.0000 17.4851
18.0000 18.7183
18.0000 18.5933
18.0000 18.1985
18.0000 18.0148
18.0000 17.3945
18.0000 18.5810
18.0000 18.0059
18.0000 17.4751
18.0000 18.6249
18.0000 17.4741
18.0000 17.5327
18.0000 17.9830
18.0000 18.0292
18.0000 17.1682
18.0000 17.6459
18.0000 17.5301
18.0000 17.0248
18.0000 17.7789
18.0000 17.4951
18.0000 16.5083
18.0000 17.2104
18.0000 18.4817
18.0000 17.5764
18.0000 17.6454
18.0000 17.6556
18.0000 18.2172
18.0000 17.6193
18.0000 19.0141
18.0000 18.0251
18.0000 18.6682
18.0000 18.9015
18.0000 17.1550
18.0000 16.9965
18.0000 17.1009
18.0000 16.9133
18.0000 17.4428
18.0000 17.3580
18.0000 17.7153
18.0000 18.3469
18.0000 16.5974
18.0000 17.2287
18.0000 17.4859
18.0000 17.2047
18.0000 17.4791
18.0000 17.3625
18.0000 18.2061
18.0000 17.7024
18.0000 16.9256
18.0000 17.9496
18.0000 18.5906
18.0000 17.6515
18.0000 17.0682
18.0000 18.2897
18.0000 17.5902
18.0000 18.6586
18.0000 18.4993
18.0000 18.0954
18.0000 18.3329
18.0000 17.8792
18.0000 17.4534
18.0000 17.7690
18.0000 17.8658
18.0000 17.6379
18.0000 18.3730
18.0000 18.0794
18.0000 17.5313
18.0000 18.4122
18.0000 17.4343
18.0000 17.2768
18.0000 18.3646
18.0000 18.0096
18.0000 17.7404
18.0000 18.5673
18.0000 19.0527
18.0000 16.8044
18.0000 18.2600
18.0000 18.1870
18.0000 17.1698
18.0000 17.4294
18.0000 18.2270
18.0000 18.0451
18.0000 17.9350
18.0000 17.8987
18.0000 18.1560
18.0000 16.8137
18.0000 18.0883
18.0000 17.9883
18.0000 17.2819
18.0000 17.9689
18.0000 18.1188
18.0000 17.9257
18.0000 17.4687
18.0000 16.7778
18.0000 17.7957
18.0000 18.2215
18.0000 17.7023
18.0000 17.1267
18.0000 18.2049
18.0000 17.9342
18.0000 17.8047
18.0000 16.8416
18.0000 18.3329
18.0000 17.4260
18.0000 17.6956
18.0000 16.9424
18.0000 17.4896
18.0000 18.5826
18.0000 18.3015
18.0000 16.8692
18.0000 17.3916
18.0000 17.0469
18.0000 17.7413
18.0000 16.7346
18.0000 18.2530
18.0000 17.3442
18.0000 17.5668
18.0000 17.2996
18.0000 17.9267
18.0000 17.6136
18.0000 18.0960
18.0000 18.3240
18.0000 18.1405
18.0000 17.7211
18.0000 17.2318
18.0000 17.2964
18.0000 16.8952
18.0000 17.8266
18.0000 17.5093
18.0000 16.9888
18.0000 18.1015
18.0000 17.4488
18.0000 18.8059
18.0000 16.3824
18.0000 18.3455
18.0000 17.5940
18.0000 17.2831
18.0000 17.3934
18.0000 17.3957
18.0000 17.6757
18.0000 17.7723
18.0000 18.3933
18.0000 17.6737
18.0000 17.9771
18.0000 19.0533
18.0000 18.1019
18.0000 18.5067
18.0000 19.1285
18.0000 17.9785
18.0000 17.8477
18.0000 17.8212
18.0000 15.9169
18.0000 18.5846
18.0000 17.0697
18.0000 18.1216
18.0000 17.3900
18.0000 18.6861
18.0000 18.1482
18.0000 18.0287
18.0000 17.2573
18.0000 18.6665
18.0000 18.3245
18.0000 17.8093
18.0000 17.3405
18.0000 17.2599
18.0000 17.9713
18.0000 19.1129
18.0000 17.3111
18.0000 18.9405
18.0000 17.3848
18.0000 17.6203
18.0000 18.0466
18.0000 17.1491
18.0000 16.7350
18.0000 17.3098
18.0000 18.1616
18.0000 18.7293
18.0000 17.4519
18.0000 18.1948
18.0000 17.1881
18.0000 18.0926
18.0000 18.0160
18.0000 17.9126
18.0000 18.2871
18.0000 18.0155
18.0000 18.2422
18.0000 17.1209
18.0000 18.0069
18.0000 17.8994
18.0000 18.0250
18.0000 18.0600
18.0000 17.6257
18.0000 18.1735
18.0000 17.3809
18.0000 17.4386
18.0000 19.7873
18.0000 18.4392
18.0000 18.1286
18.0000 18.3157
18.0000 17.9972
18.0000 17.1968
18.0000 17.2833
18.0000 16.7738
18.0000 17.6351
18.0000 17.0306
18.0000 17.4416
18.0000 17.3335
18.0000 17.6328
18.0000 17.4362
18.0000 17.8800
18.0000 17.3125
18.0000 19.2847
18.0000 17.0252
18.0000 17.9221
18.0000 17.5217
18.0000 17.8323
18.0000 18.5387
18.0000 16.4839
18.0000 17.5369
18.0000 18.1436
18.0000 17.6556
18.0000 17.6622
18.0000 17.6222
18.0000 17.8821
18.0000 18.6159
18.0000 17.4854
18.0000 17.8468
18.0000 17.6675
18.0000 18.7800
18.0000 18.3660
18.0000 17.0654
18.0000 17.8213
18.0000 16.8553
18.0000 16.9833
18.0000 17.3442
18.0000 17.5160
18.0000 17.6971
18.0000 18.3072
18.0000 18.9746
18.0000 17.1711
18.0000 17.1913
18.0000 17.4393
18.0000 17.4969
18.0000 17.2812
18.0000 17.2546
18.0000 17.2103
18.0000 16.4166
18.0000 18.0859
18.0000 17.5309
18.0000 17.8337
18.0000 17.7995
18.0000 18.1029
18.0000 17.8765
18.0000 18.1598
18.0000 18.2709
18.0000 17.6777
18.0000 17.4338
18.0000 17.3575
18.0000 17.7412
18.0000 17.9146
18.0000 18.7026
18.0000 16.5656
18.0000 17.0097
18.0000 18.2548
18.0000 18.5500
18.0000 17.2720
18.0000 18.4670
18.0000 17.6371
18.0000 16.7517
18.0000 18.3573
18.0000 17.8831
18.0000 17.3378
18.0000 17.1712
18.0000 16.4599
18.0000 17.8911
18.0000 18.6426
18.0000 18.3747
18.0000 17.4030
18.0000 17.1794
18.0000 18.0695
18.0000 17.2907
18.0000 16.4140
18.0000 18.5098
18.0000 17.7358
18.0000 17.5101
18.0000 18.1180
18.0000 16.5516
18.0000 16.8111
18.0000 17.5594
18.0000 17.5279
18.0000 18.6457
18.0000 17.9077
18.0000 18.3880
18.0000 18.5785
18.0000 18.2713
18.0000 17.7225
18.0000 17.6913
18.0000 17.4182
18.0000 17.7783
18.0000 18.5752
18.0000 17.5313
18.0000 16.9690
18.0000 18.1281
18.0000 17.6379
18.0000 17.8310
18.0000 17.7734
18.0000 17.9120
18.0000 17.2337
18.0000 17.5577
18.0000 18.2732
18.0000 18.4841
18.0000 18.5700
18.0000 17.6557
18.0000 16.5017
18.0000 17.4353
18.0000 18.2001
18.0000 18.2428
18.0000 18.5376
18.0000 18.1585
18.0000 16.9625
18.0000 17.6808
18.0000 17.7060
18.0000 17.6979
18.0000 18.0373
18.0000 17.4626
18.0000 17.8942
18.0000 17.1620
18.0000 17.5831
18.0000 17.5989
18.0000 17.6198
18.0000 17.7654
18.0000 17.8752
18.0000 17.7291
18.0000 18.0309
18.0000 17.8850
18.0000 17.3354
18.0000 18.4520
18.0000 17.2993
18.0000 17.8742
18.0000 17.6635
18.0000 17.7580
18.0000 16.9369
18.0000 17.8964
18.0000 17.8746
18.0000 17.4726
18.0000 18.1601
18.0000 17.8696
18.0000 17.9658
18.0000 17.7914
18.0000 18.1221
18.0000 18.1803
18.0000 17.5843
18.0000 18.8466
18.0000 18.1995
18.0000 17.4848
18.0000 18.8413
18.0000 17.2959
18.0000 17.8613
18.0000 17.3270
18.0000 18.9276
18.0000 16.9979
18.0000 18.3751
18.0000 17.7578
18.0000 18.0629
18.0000 18.4403
18.0000 17.7671
18.0000 16.8574
18.0000 17.6756
18.0000 17.0400
18.0000 18.3746
18.0000 18.3828
18.0000 18.0678
18.0000 18.7510
18.0000 18.3131
18.0000 17.9777
18.0000 17.5274
18.0000 16.9362
18.0000 18.1448
18.0000 18.0373
18.0000 18.2139
18.0000 17.9189
18.0000 17.0481
18.0000 17.2069
18.0000 18.3033
18.0000 17.6565
18.0000 17.1481
18.0000 17.3698
18.0000 19.1259
18.0000 17.5210
18.0000 17.2456
18.0000 17.7330
18.0000 17.0261
18.0000 17.6362
18.0000 17.6980
18.0000 17.2796
18.0000 17.0706
18.0000 17.8744
18.0000 17.8434
18.0000 18.2253
18.0000 18.2287
18.0000 17.8983
18.0000 18.6524
18.0000 16.9139
18.0000 17.4976
18.0000 17.5306
18.0000 17.8470
18.0000 17.2203
18.0000 18.2769
18.0000 19.2532
18.0000 17.5972
18.0000 17.4027
18.0000 17.8823
18.0000 17.1945
18.0000 19.3651
18.0000 18.4578
18.0000 16.9735
18.0000 19.2441
18.0000 17.6906
18.0000 17.3924
18.0000 18.1612
18.0000 17.6724
18.0000 17.1799
18.0000 16.8060
18.0000 17.4023
18.0000 18.1406
18.0000 17.5066
18.0000 18.2415
18.0000 18.0170
18.0000 18.2081
18.0000 18.2620
18.0000 17.9158
18.0000 17.7331
18.0000 17.6489
18.0000 16.5798
18.0000 17.5085
18.0000 17.7041
18.0000 17.4064
18.0000 17.7251
18.0000 17.6478
18.0000 18.1976
18.0000 17.7576
18.0000 17.6647
18.0000 17.6446
18.0000 17.5728
18.0000 17.5837
18.0000 17.3834
18.0000 17.2636
18.0000 18.1688
18.0000 18.8786
18.0000 18.7557
18.0000 18.1776
18.0000 17.2338
18.0000 17.2395
18.0000 18.0484
18.0000 18.8696
18.0000 18.3814
18.0000 17.5437
18.0000 18.3395
18.0000 18.0577
18.0000 17.6482
18.0000 18.6014
18.0000 16.6593
18.0000 18.2969
18.0000 18.4766
18.0000 17.3430
18.0000 18.6535
18.0000 17.5768
18.0000 17.8672
18.0000 18.4507
18.0000 17.8446
18.0000 17.5430
18.0000 16.7418
18.0000 17.7803
18.0000 16.9075
18.0000 18.0510
18.0000 17.0747
18.0000 18.7538
18.0000 19.0353
18.0000 17.4854
18.0000 18.4738
18.0000 18.4329
18.0000 17.3520
18.0000 17.5111
18.0000 17.4199
18.0000 17.7108
18.0000 18.1607
18.0000 16.7935
18.0000 17.8057
18.0000 17.3449
18.0000 17.2218
18.0000 17.5192
18.0000 18.1193
18.0000 17.0773
18.0000 17.3154
18.0000 18.2988
18.0000 17.6196
18.0000 17.6900
18.0000 17.8884
18.0000 17.2258
18.0000 18.8647
18.0000 17.8010
18.0000 17.8509
18.0000 18.8842
18.0000 16.8761
18.0000 17.8157
18.0000 17.1705
18.0000 18.2424
18.0000 18.8595
18.0000 18.5521
18.0000 17.5810
18.0000 17.7448
18.0000 17.7254
18.0000 18.0248
18.0000 17.3538
18.0000 16.9171
18.0000 17.0841
18.0000 17.2394
18.0000 17.8501
18.0000 18.3084
18.0000 17.2301
18.0000 17.6132
18.0000 16.1208
18.0000 17.2202
18.0000 18.5088
18.0000 17.6085
18.0000 18.1656
18.0000 17.2565
18.0000 16.8754
18.0000 17.6691
18.0000 18.1882
18.0000 18.0471
18.0000 18.5158
18.0000 18.3784
18.0000 18.0303
18.0000 18.4493
18.0000 17.4672
18.0000 18.0486
18.0000 18.4007
18.0000 17.6955
18.0000 18.8230
18.0000 17.4559
18.0000 17.5736
18.0000 17.8823
18.0000 17.8516
18.0000 17.7187
18.0000 16.2411
18.0000 17.2991
18.0000 17.8777
18.0000 18.2094
18.0000 17.4319
18.0000 17.4865
18.0000 17.7112
18.0000 17.3555
18.0000 18.0168
18.0000 19.1995
18.0000 17.9416
18.0000 17.3962
18.0000 17.7965
18.0000 18.0181
18.0000 16.5695
18.0000 17.0978
18.0000 17.6067
18.0000 17.4149
18.0000 17.4637
18.0000 17.9886
18.0000 17.1782
18.0000 17.7607
18.0000 18.2643
18.0000 17.7326
18.0000 18.1899
18.0000 17.4222
18.0000 17.7621
18.0000 17.6780
18.0000 18.2125
18.0000 17.3378
18.0000 17.9759
18.0000 18.4056
18.0000 17.1385
18.0000 17.4727
18.0000 17.7621
18.0000 17.7117
18.0000 18.1898
18.0000 17.1900
18.0000 18.4285
18.0000 17.3845
18.0000 17.1440
18.0000 18.4751
18.0000 17.5036
18.0000 17.3816
18.0000 18.9272
18.0000 17.6486
18.0000 18.0008
18.0000 17.6989
18.0000 18.6098
18.0000 17.7365
18.0000 17.6048
18.0000 17.1048
18.0000 17.9186
18.0000 17.0743
18.0000 17.1900
18.0000 18.0368
18.0000 18.0108
18.0000 17.4380
18.0000 17.6640
18.0000 19.1933
18.0000 17.4750
18.0000 17.8715
18.0000 17.8730
18.0000 17.5886
18.0000 17.2274
18.0000 17.7696
18.0000 17.3943
18.0000 18.6396
18.0000 17.5342
18.0000 17.6578
18.0000 18.0962
18.0000 18.3418
18.0000 18.1847
18.0000 18.3786
18.0000 17.5722
18.0000 17.8029
18.0000 17.0621
18.0000 17.0128
18.0000 17.8617
18.0000 16.9679
18.0000 17.4886
18.0000 17.7536
18.0000 17.4031
18.0000 17.1075
18.0000 17.9956
18.0000 17.7022
18.0000 18.0775
18.0000 17.6603
18.0000 17.4009
18.0000 18.3920
18.0000 18.0626
18.0000 17.4447
18.0000 18.3567
18.0000 18.8156
18.0000 16.1702
18.0000 18.5102
18.0000 17.1817
18.0000 18.1847
18.0000 17.1586
18.0000 17.3258
18.0000 18.2030
18.0000 17.0772
18.0000 18.0217
18.0000 17.7778
18.0000 18.6053
18.0000 17.2383
18.0000 17.4200
18.0000 17.4566
18.0000 16.6748
18.0000 17.8190
18.0000 17.8564
18.0000 18.0428
18.0000 17.7613
18.0000 17.2749
18.0000 17.3454
18.0000 18.0253
18.0000 18.4799
18.0000 17.3753
18.0000 17.6866
18.0000 17.5693
18.0000 17.0442
18.0000 16.8889
18.0000 17.3613
18.0000 18.5723
18.0000 18.3726
18.0000 17.9368
18.0000 17.5599
18.0000 17.2936
18.0000 17.5593
18.0000 16.7577
18.0000 18.2436
18.0000 17.1692
18.0000 17.9227
18.0000 17.5278
18.0000 17.2836
18.0000 18.3360
18.0000 17.3977
18.0000 17.6040
18.0000 17.1967
18.0000 18.4858
18.0000 17.2943
18.0000 17.4362
18.0000 17.4579
18.0000 16.9983
18.0000 18.0949
18.0000 18.0963
18.0000 17.1214
18.0000 18.4044
18.0000 17.3788
18.0000 17.4363
18.0000 17.8523
18.0000 18.1123
18.0000 16.4008
18.0000 17.3106
18.0000 18.1148
18.0000 18.0557
18.0000 17.2782
18.0000 18.0422
18.0000 17.5327
18.0000 17.7800
18.0000 17.5606
18.0000 17.6401
18.0000 17.5942
18.0000 17.5941
18.0000 17.8104
18.0000 18.7817
18.0000 18.2411
18.0000 16.9203
18.0000 17.4579
18.0000 16.8095
18.0000 17.8221
18.0000 18.1703
18.0000 17.6783
18.0000 18.5232
18.0000 18.0361
18.0000 17.2742
18.0000 17.9242
18.0000 18.5176
18.0000 17.8121
18.0000 17.9356
18.0000 17.8225
18.0000 17.8288
18.0000 17.8942
18.0000 18.4555
18.0000 17.5282
18.0000 17.8989
18.0000 18.2320
18.0000 17.5406
18.0000 18.8434
18.0000 17.8403
18.0000 17.8971
18.0000 16.7360
18.0000 17.4240
18.0000 18.2020
18.0000 16.9327
18.0000 18.4673
18.0000 17.3912
18.0000 18.4392
18.0000 17.7526
18.0000 18.3765
18.0000 17.8015
18.0000 17.8810
18.0000 18.0773
18.0000 16.5034
18.0000 18.2319
18.0000 17.1157
18.0000 18.3451
18.0000 17.6270
18.0000 18.5527
18.0000 17.9555
18.0000 17.8896
18.0000 17.8804
18.0000 17.8267
18.0000 17.4120
18.0000 17.9210
18.0000 17.7800
18.0000 17.8320
18.0000 17.2375
18.0000 18.0718
18.0000 18.6094
18.0000 18.0901
18.0000 17.8716
18.0000 17.5128
18.0000 17.7130
18.0000 17.7156
18.0000 18.6053
18.0000 18.1350
18.0000 17.8278
18.0000 18.4425
18.0000 17.7053
18.0000 16.3652
18.0000 17.9638
18.0000 18.8670
18.0000 16.7204
18.0000 17.8576
18.0000 17.6654
18.0000 17.4508
18.0000 16.9793
18.0000 18.4676
18.0000 18.1237
18.0000 17.2286
18.0000 17.2653
18.0000 18.3069
18.0000 18.0815
18.0000 17.9376
18.0000 17.9345
18.0000 17.4291
18.0000 17.8001
18.0000 17.4268
18.0000 18.4242
18.0000 17.7882
18.0000 19.0237
18.0000 18.1249
18.0000 18.1045
18.0000 18.0542
18.0000 17.2811
18.0000 17.0614
18.0000 18.8184
18.0000 17.6855
18.0000 18.0089
18.0000 17.3692
18.0000 17.9506
18.0000 17.9263
18.0000 17.1657
18.0000 17.9161
18.0000 17.6396
18.0000 18.2936
18.0000 18.5734
18.0000 17.7394
18.0000 18.1618
18.0000 17.5385
18.0000 18.2129
18.0000 18.3843
18.0000 17.9810
18.0000 18.9238
18.0000 18.4515
18.0000 16.9774
18.0000 17.8462
18.0000 16.6089
18.0000 17.2150
18.0000 17.0699
18.0000 17.1167
18.0000 17.5191
18.0000 18.2690
18.0000 17.5155
18.0000 18.3351
18.0000 17.7663
18.0000 18.0220
18.0000 18.4999
18.0000 17.4960
18.0000 15.9724
18.0000 17.6606
18.0000 16.9617
18.0000 17.7876
18.0000 18.2340
18.0000 17.1914
18.0000 18.3553
18.0000 16.7912
18.0000 17.0119
18.0000 17.3976
18.0000 16.3391
18.0000 17.7896
18.0000 18.3235
18.0000 17.8549
18.0000 17.2997
18.0000 17.6083
18.0000 18.2435
18.0000 17.3495
18.0000 18.1887
18.0000 17.6121
18.0000 17.8310
18.0000 17.5963
18.0000 17.1097
18.0000 17.1066
18.0000 17.6603
18.0000 18.4451
18.0000 17.4961
18.0000 17.7008
18.0000 16.9646
18.0000 18.1960
18.0000 18.2815
18.0000 18.4350
18.0000 18.4307
18.0000 17.3865
18.0000 17.7804
18.0000 17.8182
18.0000 18.7816
18.0000 17.2530
18.0000 17.8989
18.0000 17.1687
18.0000 17.5212
18.0000 17.4948
18.0000 18.2144
18.0000 17.3214
18.0000 17.4830
18.0000 17.0369
18.0000 17.5732
18.0000 17.5578
18.0000 16.8966
18.0000 18.1039
18.0000 17.4991
18.0000 17.0706
18.0000 17.8669
18.0000 16.8559
18.0000 17.6787
18.0000 17.3546
18.0000 17.6477
18.0000 17.9810
18.0000 16.4088
18.0000 18.6394
18.0000 17.4777
18.0000 17.6346
18.0000 17.4721
18.0000 17.1839
18.0000 17.8581
18.0000 17.6734
18.0000 17.7433
18.0000 17.3290
18.0000 18.8890
18.0000 18.2294
18.0000 17.5394
18.0000 18.5666
18.0000 17.2996
18.0000 17.6340
18.0000 17.3276
18.0000 17.3139
18.0000 17.0339
18.0000 18.3341
18.0000 17.4807
18.0000 17.8993
18.0000 17.5119
18.0000 18.5748
18.0000 18.6944
18.0000 17.5781
18.0000 18.6518
18.0000 17.6532
18.0000 18.5283
18.0000 18.0046
18.0000 17.3958
18.0000 17.2195
18.0000 17.8606
18.0000 16.6487
18.0000 17.2040
18.0000 17.5041
18.0000 17.3913
18.0000 17.1401
18.0000 16.7607
18.0000 18.2951
18.0000 18.5337
18.0000 17.9992
18.0000 18.1335
18.0000 17.9076
18.0000 18.4020
18.0000 17.5453
18.0000 17.7989
18.0000 18.1283
18.0000 18.5811
18.0000 17.2785
18.0000 17.3625
18.0000 17.9410
18.0000 18.7235
18.0000 17.5476
18.0000 17.3323
18.0000 18.2541
18.0000 17.6374
18.0000 18.1329
18.0000 18.2643
18.0000 16.7450
18.0000 17.8457
18.0000 18.6555
18.0000 18.7692
18.0000 18.3805
18.0000 18.3682
18.0000 17.5210
18.0000 17.5077
18.0000 16.7012
18.0000 17.7360
18.0000 17.7856
18.0000 17.0708
18.0000 17.1972
18.0000 18.0950
18.0000 17.4031
18.0000 18.5489
18.0000 18.6258
18.0000 17.7012
18.0000 17.4178
18.0000 18.2390
18.0000 17.0946
18.0000 17.3910
18.0000 17.8778
18.0000 17.4201
18.0000 16.8537
18.0000 17.8578
18.0000 17.6417
18.0000 16.7186
18.0000 17.4546
18.0000 16.8448
18.0000 17.7635
18.0000 19.1938
18.0000 17.4734
18.0000 17.7372
18.0000 17.6942
18.0000 17.4882
18.0000 17.5826
18.0000 16.8353
18.0000 17.5296
18.0000 17.5777
18.0000 17.1588
18.0000 18.4412
18.0000 18.5329
18.0000 18.5965
18.0000 17.7117
18.0000 17.5890
18.0000 17.1783
18.0000 18.2258
18.0000 17.9415
18.0000 17.4464
18.0000 17.3802
18.0000 18.6545
18.0000 17.4706
18.0000 17.7052
18.0000 17.2495
18.0000 17.9653
18.0000 18.1788
18.0000 17.3249
18.0000 16.9129
18.0000 18.1218
18.0000 18.0432
18.0000 17.2529
18.0000 17.6796
18.0000 17.4573
18.0000 18.0269
18.0000 17.7559
18.0000 18.1126
18.0000 18.2098
18.0000 17.5773
18.0000 18.0395
18.0000 18.3712
18.0000 17.9488
18.0000 16.6994
18.0000 17.8468
18.0000 16.8198
18.0000 17.1768
18.0000 17.9230
18.0000 17.7415
18.0000 17.6104
18.0000 18.3404
18.0000 18.3340
18.0000 17.5240
18.0000 17.8237
18.0000 17.3231
18.0000 16.6282
18.0000 17.8362
18.0000 17.5604
18.0000 17.7604
18.0000 18.4708
18.0000 17.7170
18.0000 18.3250
18.0000 17.1773
18.0000 17.6474
18.0000 17.5401
18.0000 18.4831
18.0000 17.4573
18.0000 18.6557
18.0000 17.2169
18.0000 17.9484
18.0000 17.8692
18.0000 17.5390
18.0000 17.7075
18.0000 17.9681
18.0000 19.7556
18.0000 18.0509
18.0000 17.6820
18.0000 16.4976
18.0000 18.5970
18.0000 18.1384
18.0000 17.7906
18.0000 17.6861
18.0000 17.9810
18.0000 16.6794
18.0000 17.4596
18.0000 16.8856
18.0000 17.9231
18.0000 17.8830
18.0000 17.9438
18.0000 17.8377
18.0000 16.5964
18.0000 16.5721
18.0000 17.8305
18.0000 17.6251
18.0000 17.9399
18.0000 17.4021
18.0000 17.2870
18.0000 17.4685
18.0000 17.3969
18.0000 17.7023
18.0000 17.8085
18.0000 17.3527
18.0000 18.0575
18.0000 17.6701
18.0000 17.1353
18.0000 17.5684
18.0000 16.8293
18.0000 17.2882
18.0000 19.1775
18.0000 18.2572
18.0000 17.5906
18.0000 18.1372
18.0000 16.9979
18.0000 17.1375
18.0000 18.5812
18.0000 17.9469
18.0000 17.4944
18.0000 17.4517
18.0000 18.2249
18.0000 16.6088
18.0000 17.8457
18.0000 17.2244
18.0000 16.3173
18.0000 18.4448
18.0000 17.7300
18.0000 17.4836
18.0000 17.6197
18.0000 17.3729
18.0000 17.1801
18.0000 15.8266
18.0000 17.5278
18.0000 17.2546
18.0000 18.5358
18.0000 18.4221
18.0000 17.2300
18.0000 17.5108
18.0000 17.5117
18.0000 18.3391
18.0000 17.1150
18.0000 17.5166
18.0000 16.8427
18.0000 18.1008
18.0000 17.7805
18.0000 17.6166
18.0000 17.5210
18.0000 17.5396
18.0000 17.1008
18.0000 18.4872
18.0000 18.6261
18.0000 17.7928
18.0000 17.7566
18.0000 17.2034
18.0000 18.0719
18.0000 18.0822
18.0000 17.9367
18.0000 17.0070
18.0000 16.3184
18.0000 17.8252
18.0000 16.7684
18.0000 17.3911
18.0000 18.7363
18.0000 17.7481
18.0000 18.4923
18.0000 18.3893
18.0000 18.2961
18.0000 17.8909
18.0000 17.4601
18.0000 17.2327
18.0000 17.9835
18.0000 18.2953
18.0000 17.5957
18.0000 18.4073
18.0000 18.3960
18.0000 17.4814
18.0000 17.8599
18.0000 18.9893
18.0000 17.2689
18.0000 18.5050
18.0000 17.1379
18.0000 17.7905
18.0000 18.0178
18.0000 18.6456
18.0000 18.1411
18.0000 17.8203
18.0000 17.4095
18.0000 18.0502
18.0000 17.2767
18.0000 17.8444
18.0000 18.3363
18.0000 18.2773
18.0000 18.0763
18.0000 17.8314
18.0000 17.5712
18.0000 17.5975
18.0000 17.1374
18.0000 17.6034
18.0000 18.2701
18.0000 17.4775
18.0000 17.2915
18.0000 18.2990
18.0000 18.1946
18.0000 18.3244
18.0000 18.2210
18.0000 17.5274
18.0000 17.0150
18.0000 17.3479
18.0000 17.8597
18.0000 18.1012
18.0000 17.2474
18.0000 17.0766
18.0000 18.1555
18.0000 17.5780
18.0000 17.3995
18.0000 17.8087
18.0000 17.8688
18.0000 18.6193
18.0000 17.8921
18.0000 16.7433
18.0000 18.1588
18.0000 17.3815
18.0000 17.2780
18.0000 18.0345
18.0000 18.1496
18.0000 17.4721
18.0000 17.6352
18.0000 17.6242
18.0000 16.6774
18.0000 17.9114
18.0000 17.7017
18.0000 17.6248
18.0000 18.0552
18.0000 17.3946
18.0000 17.6016
18.0000 18.9353
18.0000 17.9332
18.0000 17.4427
18.0000 18.9053
18.0000 17.6645
18.0000 18.1506
18.0000 17.8011
18.0000 17.9263
18.0000 17.7618
18.0000 17.8048
18.0000 18.7456
18.0000 17.1109
18.0000 18.1000
18.0000 17.7491
18.0000 17.2212
18.0000 18.2288
18.0000 18.7370
18.0000 18.1542
18.0000 18.0140
18.0000 17.9604
18.0000 18.5407
18.0000 18.4073
18.0000 17.9384
18.0000 17.5803
18.0000 16.9006
18.0000 17.1725
18.0000 18.0875
18.0000 18.0716
18.0000 18.1631
18.0000 18.3555
18.0000 18.0765
18.0000 17.7936
18.0000 17.2438
18.0000 16.8504
18.0000 18.0345
18.0000 18.5561
18.0000 17.4837
18.0000 17.2820
18.0000 17.6508
18.0000 17.8788
18.0000 18.1145
18.0000 17.7541
18.0000 18.4162
18.0000 17.2956
18.0000 17.8751
18.0000 17.6875
18.0000 18.1541
18.0000 18.1519
18.0000 17.8807
18.0000 17.6055
18.0000 17.7350
18.0000 18.5434
18.0000 17.0094
18.0000 17.2943
18.0000 17.3146
18.0000 18.2330
18.0000 17.8984
18.0000 17.0617
18.0000 18.0388
18.0000 17.9776
18.0000 16.2507
18.0000 17.2512
18.0000 17.7925
18.0000 18.2375
18.0000 17.4074
18.0000 17.2405
18.0000 17.1338
18.0000 17.0767
18.0000 17.6431
18.0000 17.5332
18.0000 17.7201
18.0000 17.6634
18.0000 17.4531
18.0000 16.9996
18.0000 18.1120
18.0000 17.8805
18.0000 17.5775
18.0000 17.8363
18.0000 18.2732
18.0000 17.6843
18.0000 17.5055
18.0000 17.6884
18.0000 18.0508
18.0000 18.4252
18.0000 18.1209
18.0000 17.7600
18.0000 17.6382
18.0000 17.8857
18.0000 16.9942
18.0000 17.3643
18.0000 16.8489
18.0000 17.2551
18.0000 17.7249
18.0000 17.4621
18.0000 17.5940
18.0000 18.3890
18.0000 17.1651
18.0000 16.7195
18.0000 17.9488
18.0000 17.6620
18.0000 17.7218
18.0000 18.1083
18.0000 16.8370
18.0000 18.3249
18.0000 17.3825
18.0000 17.3499
18.0000 18.2629
18.0000 18.0101
18.0000 16.9785
18.0000 18.2814
18.0000 18.4375
18.0000 17.5746
18.0000 17.7820
18.0000 17.8493
18.0000 18.5468
18.0000 18.0892
18.0000 17.6844
18.0000 18.4299
18.0000 18.2059
18.0000 17.5834
18.0000 16.7970
18.0000 17.5579
18.0000 17.3770
18.0000 16.7056
18.0000 17.6824
18.0000 17.9028
18.0000 18.0697
18.0000 16.9235
18.0000 18.1497
18.0000 17.2249
18.0000 17.1543
18.0000 17.0451
18.0000 17.7375
18.0000 18.3947
18.0000 17.4799
18.0000 17.7636
18.0000 17.6243
18.0000 18.4834
18.0000 18.5043
18.0000 17.4428
18.0000 16.8566
18.0000 17.2704
18.0000 17.6273
18.0000 17.3141
18.0000 16.8724
18.0000 17.4993
18.0000 18.2655
18.0000 18.6413
18.0000 18.1488
18.0000 16.4223
18.0000 17.3589
18.0000 18.1660
18.0000 16.7124
18.0000 18.1492
18.0000 18.3020
18.0000 17.2212
18.0000 17.2819
18.0000 17.9199
18.0000 17.0760
18.0000 17.7375
18.0000 17.6776
18.0000 18.1892
18.0000 17.3902
18.0000 18.1406
18.0000 17.7883
18.0000 18.0344
18.0000 17.8414
18.0000 18.4143
18.0000 18.3295
18.0000 17.6117
18.0000 17.5261
18.0000 17.7755
18.0000 17.8652
18.0000 18.0091
18.0000 16.9709
18.0000 18.2479
18.0000 17.6221
18.0000 17.6647
18.0000 17.6891
18.0000 17.5372
18.0000 18.0024
18.0000 18.1482
18.0000 18.2200
18.0000 17.6414
18.0000 18.4855
18.0000 17.3754
18.0000 17.0714
18.0000 17.8191
18.0000 17.9379
18.0000 17.4902
18.0000 17.4705
18.0000 18.2759
18.0000 18.0795
18.0000 17.9783
18.0000 16.9941
18.0000 17.7268
18.0000 17.9520
18.0000 17.2803
18.0000 17.1900
18.0000 19.2965
18.0000 18.8119
18.0000 17.6896
18.0000 18.2788
18.0000 17.7724
18.0000 17.9338
18.0000 18.3671
18.0000 17.2596
18.0000 17.6157
18.0000 17.3900
18.0000 16.4506
18.0000 17.4030
18.0000 18.0605
18.0000 18.1624
18.0000 16.5558
18.0000 17.2076
18.0000 17.1908
18.0000 17.5276
18.0000 17.2860
18.0000 17.1815
18.0000 18.1453
18.0000 17.1930
18.0000 17.5725
18.0000 18.2471
18.0000 17.4270
18.0000 17.8458
18.0000 17.2242
18.0000 17.3611
18.0000 18.0282
18.0000 18.6797
18.0000 16.7622
18.0000 16.7367
18.0000 17.9678
18.0000 17.6679
18.0000 17.9138
18.0000 17.7069
18.0000 17.6945
18.0000 17.7082
18.0000 17.1748
18.0000 17.8106
18.0000 16.9124
18.0000 18.9099
18.0000 17.4053
18.0000 17.4811
18.0000 17.6486
18.0000 16.9399
18.0000 17.4452
18.0000 17.8289
18.0000 18.4351
18.0000 18.1903
18.0000 17.7846
18.0000 18.2489
18.0000 17.3420
18.0000 16.9781
18.0000 18.6094
18.0000 17.5053
18.0000 18.3932
18.0000 17.2510
18.0000 18.2583
18.0000 18.1539
18.0000 18.6756
18.0000 18.5290
18.0000 16.8848
18.0000 17.2817
18.0000 17.4481
18.0000 17.3817
18.0000 17.6885
18.0000 17.5077
18.0000 17.2802
18.0000 18.0599
18.0000 17.9395
18.0000 17.6228
18.0000 17.9051
18.0000 18.0298
18.0000 18.8785
18.0000 17.9985
18.0000 18.5189
18.0000 17.8462
18.0000 17.7956
18.0000 16.6984
18.0000 18.2001
18.0000 18.1022
18.0000 18.2576
18.0000 17.9201
18.0000 17.2904
18.0000 17.2502
18.0000 18.2159
18.0000 17.8283
18.0000 17.8991
18.0000 17.8653
18.0000 17.9141
18.0000 17.3650
18.0000 17.5046
18.0000 16.9694
18.0000 17.8052
18.0000 16.6304
18.0000 18.1442
18.0000 17.5373
18.0000 17.5976
18.0000 17.0573
18.0000 18.6728
18.0000 17.6890
18.0000 17.0864
18.0000 17.7953
18.0000 18.1054
18.0000 18.2214
18.0000 17.2782
18.0000 17.8119
18.0000 17.8235
18.0000 16.9914
18.0000 17.7104
18.0000 17.9923
18.0000 18.2783
18.0000 17.5241
18.0000 18.0748
18.0000 17.4038
18.0000 18.1977
18.0000 17.7257
18.0000 18.2093
18.0000 18.1314
18.0000 18.6514
18.0000 17.6130
18.0000 18.4121
18.0000 17.7494
18.0000 17.8474
18.0000 17.0186
18.0000 16.9725
18.0000 17.3857
18.0000 17.3724
18.0000 17.7375
18.0000 17.1753
18.0000 17.4029
18.0000 16.2143
18.0000 18.9596
18.0000 17.3258
18.0000 18.7732
18.0000 18.2968
18.0000 16.9104
18.0000 18.3304
18.0000 17.8783
18.0000 17.6289
18.0000 17.8656
18.0000 18.7834
18.0000 17.3071
18.0000 17.4873
18.0000 19.3938
18.0000 16.8135
18.0000 17.2590
18.0000 17.5729
18.0000 17.7392
18.0000 16.7566
18.0000 17.5249
18.0000 17.2776
18.0000 18.6098
18.0000 16.9633
18.0000 16.9948
18.0000 17.1539
18.0000 17.9465
18.0000 18.4554
18.0000 17.6070
18.0000 18.7526
18.0000 18.2787
18.0000 18.3050
18.0000 18.0546
18.0000 17.3235
18.0000 17.2661
18.0000 18.3159
18.0000 17.5225
18.0000 18.0890
18.0000 17.2882
18.0000 18.0020
18.0000 17.7148
18.0000 17.4377
18.0000 18.5723
18.0000 18.4048
18.0000 17.1920
18.0000 18.1739
18.0000 17.0532
18.0000 18.4893
18.0000 18.0767
18.0000 17.8450
18.0000 17.5918
18.0000 17.3995
18.0000 18.7862
18.0000 17.3162
18.0000 17.4452
18.0000 17.4613
18.0000 18.2338
18.0000 18.2444
18.0000 17.9805
18.0000 18.5593
18.0000 17.9997
18.0000 18.1437
18.0000 16.6960
18.0000 17.5213
18.0000 17.9973
18.0000 17.9871
18.0000 17.5302
18.0000 18.4518
18.0000 17.4761
18.0000 17.2867
18.0000 17.0844
18.0000 17.1766
18.0000 17.5197
18.0000 17.7836
18.0000 17.9181
18.0000 17.0686
18.0000 18.4023
18.0000 17.6612
18.0000 16.6795
18.0000 17.3937
18.0000 17.3019
18.0000 17.9131
18.0000 19.2301
18.0000 17.1425
18.0000 16.6320
18.0000 16.4994
18.0000 17.1512
18.0000 18.0364
18.0000 17.2122
18.0000 18.0362
18.0000 17.6598
18.0000 17.8244
18.0000 17.7011
18.0000 17.6200
18.0000 16.9779
18.0000 18.5843
18.0000 18.0885
18.0000 18.4608
18.0000 18.1698
18.0000 17.5592
18.0000 18.3506
18.0000 17.4572
18.0000 18.0458
18.0000 18.4579
18.0000 18.0929
18.0000 18.1613
18.0000 16.6583
18.0000 17.0892
18.0000 16.8171
18.0000 17.1891
18.0000 17.6992
18.0000 17.5898
18.0000 17.9616
18.0000 17.7642
18.0000 17.5567
18.0000 18.4674
18.0000 17.5555
18.0000 17.4061
18.0000 18.4743
18.0000 18.5045
18.0000 17.3948
18.0000 18.0341
18.0000 17.8100
18.0000 17.3808
18.0000 18.4737
18.0000 16.7957
18.0000 17.1491
18.0000 17.3023
18.0000 18.5316
18.0000 17.9023
18.0000 18.9756
18.0000 17.9434
18.0000 18.6424
18.0000 17.1418
18.0000 17.9381
18.0000 17.3753
18.0000 18.1990
18.0000 17.1970
18.0000 18.2323
18.0000 17.6242
18.0000 17.8133
18.0000 17.7656
18.0000 18.3324
18.0000 18.0393
18.0000 18.6405
18.0000 19.1366
18.0000 17.4481
18.0000 17.8077
18.0000 16.9456
18.0000 17.3924
18.0000 17.9265
18.0000 18.6039
18.0000 17.0227
18.0000 18.2452
18.0000 18.4046
18.0000 18.0782
18.0000 17.2186
18.0000 18.2514
18.0000 18.3433
18.0000 18.0600
18.0000 17.7604
18.0000 17.8672
18.0000 18.1178
18.0000 16.6262
18.0000 17.8485
18.0000 18.7997
18.0000 18.2137
18.0000 19.2414
18.0000 17.1367
18.0000 18.3102
18.0000 17.2065
18.0000 16.9754
18.0000 18.1343
18.0000 17.8049
18.0000 17.1258
18.0000 17.2847
18.0000 17.3810
18.0000 18.6392
18.0000 17.6784
18.0000 17.6531
18.0000 17.4857
18.0000 16.8412
18.0000 18.2205
18.0000 17.3241
18.0000 18.0428
18.0000 17.5713
18.0000 18.1356
18.0000 18.1153
18.0000 18.9276
18.0000 17.9886
18.0000 17.9797
18.0000 17.4072
18.0000 18.2413
18.0000 17.9856
18.0000 18.3066
18.0000 18.2202
18.0000 18.3637
18.0000 17.7035
18.0000 17.3318
18.0000 18.5149
18.0000 18.2924
18.0000 17.0535
18.0000 16.5410
18.0000 17.1955
18.0000 17.8932
18.0000 18.3352
18.0000 17.9188
18.0000 18.2662
18.0000 17.3113
18.0000 18.1346
18.0000 18.6621
18.0000 17.2165
18.0000 18.0749
18.0000 18.2156
18.0000 17.3534
18.0000 16.6793
18.0000 17.0334
18.0000 17.5162
18.0000 15.8563
18.0000 16.9454
18.0000 17.6775
18.0000 17.7900
18.0000 17.8164
18.0000 16.8079
18.0000 18.1442
18.0000 17.4136
18.0000 18.2381
18.0000 16.9941
18.0000 17.8641
18.0000 17.9087
18.0000 17.0233
18.0000 17.7192
18.0000 17.9490
18.0000 18.2047
18.0000 16.7079
18.0000 18.0737
18.0000 17.3969
18.0000 17.8166
18.0000 18.1457
18.0000 17.5010
18.0000 18.3073
18.0000 17.3128
18.0000 17.0946
18.0000 17.6194
18.0000 17.6265
18.0000 18.2649
18.0000 17.5658
18.0000 18.6273
18.0000 17.6818
18.0000 17.0017
18.0000 18.0599
18.0000 18.0082
18.0000 17.1861
18.0000 17.7978
18.0000 17.6615
18.0000 17.4963
18.0000 17.1796
18.0000 18.0384
18.0000 17.6826
18.0000 18.4638
18.0000 17.3670
18.0000 17.9350
18.0000 17.0872
18.0000 18.8390
18.0000 17.8353
18.0000 17.6479
18.0000 17.6738
18.0000 18.3800
18.0000 17.6190
18.0000 16.5983
18.0000 17.5334
18.0000 17.3252
18.0000 17.3565
18.0000 17.6485
18.0000 18.5214
18.0000 17.1891
18.0000 17.1019
18.0000 18.0182
18.0000 17.4553
18.0000 18.3710
18.0000 17.8448
18.0000 17.7887
18.0000 17.6557
18.0000 18.7152
18.0000 17.5548
18.0000 18.0591
18.0000 18.2682
18.0000 17.7591
18.0000 17.3843
18.0000 16.9819
18.0000 19.1195
18.0000 18.3963
18.0000 18.5848
18.0000 17.9345
18.0000 17.3879
18.0000 17.7315
18.0000 17.9721
18.0000 17.7161
18.0000 17.7793
18.0000 17.2762
18.0000 18.0421
18.0000 18.0650
18.0000 18.9750
18.0000 17.2923
18.0000 17.6551
18.0000 17.5244
18.0000 18.2077
18.0000 17.9341
18.0000 17.7864
18.0000 18.4210
18.0000 17.4013
18.0000 18.1364
18.0000 18.0669
18.0000 17.0933
18.0000 17.4349
18.0000 18.1131
18.0000 17.3087
18.0000 17.0335
18.0000 17.7337
18.0000 17.7962
18.0000 17.2128
18.0000 19.0708
18.0000 17.2073
18.0000 18.5210
18.0000 18.7148
18.0000 16.6755
18.0000 18.1968
18.0000 17.1895
18.0000 17.2111
18.0000 18.3001
18.0000 17.4856
18.0000 17.6584
18.0000 17.8807
18.0000 17.6916
18.0000 17.7805
18.0000 18.2741
18.0000 17.6674
18.0000 17.6611
18.0000 19.0553
18.0000 17.9362
18.0000 17.9858
18.0000 17.6843
18.0000 18.1877
18.0000 17.8543
18.0000 17.0017
18.0000 17.4152
18.0000 17.3683
18.0000 17.8790
18.0000 18.9674
18.0000 17.9868
18.0000 17.8803
18.0000 17.8639
18.0000 17.7091
18.0000 18.7286
18.0000 18.0917
18.0000 17.5263
18.0000 17.8748
18.0000 18.1153
18.0000 17.5605
18.0000 18.3258
18.0000 18.0531
18.0000 17.2941
18.0000 17.7976
18.0000 17.5046
18.0000 17.9241
18.0000 17.4355
18.0000 17.2050
18.0000 17.9596
18.0000 17.6686
18.0000 18.0200
18.0000 17.9251
18.0000 16.9382
18.0000 17.8671
18.0000 17.8815
18.0000 17.8220
18.0000 19.3919
18.0000 17.2562
18.0000 17.1494
18.0000 17.0205
18.0000 18.0237
18.0000 17.5896
18.0000 16.8169
18.0000 17.7148
18.0000 18.2370
18.0000 16.9599
18.0000 17.7742
18.0000 17.7592
18.0000 17.2691
18.0000 17.8188
18.0000 18.4783
18.0000 18.0166
18.0000 17.6292
18.0000 16.8220
18.0000 18.3734
18.0000 18.0017
18.0000 18.4198
18.0000 17.9894
18.0000 18.0482
18.0000 16.7363
18.0000 16.9146
18.0000 16.7269
18.0000 18.0782
18.0000 17.3082
18.0000 17.2425
18.0000 17.5705
18.0000 18.1595
18.0000 18.3700
18.0000 16.3878
18.0000 17.4013
18.0000 17.8298
18.0000 17.8862
18.0000 17.5746
18.0000 17.6191
18.0000 17.3424
18.0000 17.4860
18.0000 16.8468
18.0000 16.7697
18.0000 17.0984
18.0000 17.2885
18.0000 17.1940
18.0000 17.6689
18.0000 18.0606
18.0000 17.0314
18.0000 18.1873
18.0000 17.1400
18.0000 17.2319
18.0000 18.3993
18.0000 17.2789
18.0000 17.8802
18.0000 17.1828
18.0000 17.8445
18.0000 17.7344
18.0000 18.5448
18.0000 17.7928
18.0000 18.7784
18.0000 17.6535
18.0000 18.5967
18.0000 17.3170
18.0000 17.3076
18.0000 17.7073
18.0000 17.3966
18.0000 17.5076
18.0000 17.9465
18.0000 17.5624
18.0000 18.3361
18.0000 16.7852
18.0000 17.5199
18.0000 18.7171
18.0000 17.9597
18.0000 17.5786
18.0000 18.3602
18.0000 17.1388
18.0000 17.7077
18.0000 17.4678
18.0000 16.5889
18.0000 18.4008
18.0000 18.2279
18.0000 18.5758
18.0000 18.3415
18.0000 17.3533
18.0000 18.5497
18.0000 17.9238
18.0000 18.0089
18.0000 17.3917
18.0000 18.1028
18.0000 17.7936
18.0000 17.6117
18.0000 17.6107
18.0000 18.0364
18.0000 18.3326
18.0000 17.1117
18.0000 18.6293
18.0000 18.3590
18.0000 18.1438
18.0000 17.6992
18.0000 16.9386
18.0000 18.0969
18.0000 16.9075
18.0000 18.4038
18.0000 18.4027
18.0000 17.9915
18.0000 16.6916
18.0000 18.5600
18.0000 16.5238
18.0000 17.8903
18.0000 17.2422
18.0000 18.1605
18.0000 17.4291
18.0000 17.6083
18.0000 18.0901
18.0000 16.9996
18.0000 17.8701
18.0000 17.3836
18.0000 17.4988
18.0000 18.3595
18.0000 17.9039
18.0000 16.7338
18.0000 16.8944
18.0000 16.9391
18.0000 17.9064
18.0000 17.9765
18.0000 17.5107
18.0000 17.5946
18.0000 18.7507
18.0000 18.7765
18.0000 18.8434
18.0000 17.8170
18.0000 18.9903
18.0000 18.2064
18.0000 17.6791
18.0000 17.6779
18.0000 17.9730
18.0000 18.2560
18.0000 18.5934
18.0000 17.2211
18.0000 16.4651
18.0000 17.8058
18.0000 17.4449
18.0000 17.5635
18.0000 18.1125
18.0000 19.2109
18.0000 17.9026
18.0000 18.2247
18.0000 18.2112
18.0000 17.3690
18.0000 18.7966
18.0000 17.4882
18.0000 18.2653
18.0000 18.6595
18.0000 17.2038
18.0000 17.4762
18.0000 17.9703
18.0000 17.7090
18.0000 17.8642
18.0000 17.1154
18.0000 17.5111
18.0000 18.4802
18.0000 18.2635
18.0000 17.5980
18.0000 17.9833
18.0000 17.5373
18.0000 17.3131
18.0000 17.5305
18.0000 16.8513
18.0000 18.7898
18.0000 17.7859
18.0000 18.2675
18.0000 18.2677
18.0000 18.1074
18.0000 16.6258
18.0000 18.7892
18.0000 17.8233
18.0000 16.8372
18.0000 17.9307
18.0000 17.5369
18.0000 17.9917
18.0000 17.7951
18.0000 17.0851
18.0000 16.9174
18.0000 17.6396
18.0000 18.5989
18.0000 17.1534
18.0000 17.6669
18.0000 18.0348
18.0000 17.2538
18.0000 17.4704
18.0000 17.0610
18.0000 17.8010
18.0000 17.5138
18.0000 17.9249
18.0000 17.4806
18.0000 17.5751
18.0000 16.6271
18.0000 18.1780
18.0000 18.3693
18.0000 16.1164
18.0000 17.9439
18.0000 18.8382
18.0000 17.6136
18.0000 18.0607
18.0000 17.1924
18.0000 18.6040
18.0000 17.6977
18.0000 17.9476
18.0000 17.6885
18.0000 17.6810
18.0000 17.7477
18.0000 17.4455
18.0000 16.7582
18.0000 17.0781
18.0000 18.2990
18.0000 18.0510
18.0000 16.9262
18.0000 17.4397
18.0000 18.5238
18.0000 16.7420
18.0000 17.8136
18.0000 17.6795
18.0000 17.4675
18.0000 17.3827
18.0000 16.4247
18.0000 17.9249
18.0000 17.0360
18.0000 18.2019
18.0000 17.6722
18.0000 18.0135
18.0000 18.0979
18.0000 17.3535
18.0000 17.8357
18.0000 18.1422
18.0000 17.7666
18.0000 17.8452
18.0000 17.8876
18.0000 19.0225
18.0000 17.4035
18.0000 17.1873
18.0000 17.0106
18.0000 18.8514
18.0000 17.2656
18.0000 17.1839
18.0000 17.0244
18.0000 17.9587
18.0000 19.3299
18.0000 17.2047
18.0000 18.0655
18.0000 17.4286
18.0000 18.0249
18.0000 18.6331
18.0000 17.5162
18.0000 18.1829
18.0000 17.5130
18.0000 18.7877
18.0000 17.5779
18.0000 18.2904
18.0000 17.5455
18.0000 17.3990
18.0000 18.8567
18.0000 17.9318
18.0000 17.6614
18.0000 17.6761
18.0000 17.6252
18.0000 18.0527
18.0000 17.2729
18.0000 18.2438
18.0000 18.1628
18.0000 18.1329
18.0000 17.7494
18.0000 17.3019
18.0000 18.3141
18.0000 17.0198
18.0000 18.6542
18.0000 17.6526
18.0000 18.0479
18.0000 17.3909
18.0000 17.2751
18.0000 17.8990
18.0000 18.3489
18.0000 17.7692
18.0000 17.2607
18.0000 18.1522
18.0000 17.8341
18.0000 18.5076
18.0000 18.9541
18.0000 16.8706
18.0000 17.1463
18.0000 17.7868
18.0000 17.0100
18.0000 18.2290
18.0000 16.1168
18.0000 17.1414
18.0000 17.8430
18.0000 17.7668
18.0000 17.6713
18.0000 17.7198
18.0000 17.0746
18.0000 18.1409
18.0000 17.4344
18.0000 17.9831
18.0000 18.0876
18.0000 17.5618
18.0000 18.1390
18.0000 17.8086
18.0000 17.4374
18.0000 17.9322
18.0000 17.8817
18.0000 17.5508
18.0000 18.5476
18.0000 17.0979
18.0000 17.9183
18.0000 18.0639
18.0000 16.6332
18.0000 18.5179
18.0000 17.2957
18.0000 17.9965
18.0000 18.3767
18.0000 17.1581
18.0000 18.0108
18.0000 17.3722
18.0000 17.9730
18.0000 17.6923
18.0000 17.0716
18.0000 16.8644
18.0000 17.1954
18.0000 16.7305
18.0000 17.6300
18.0000 18.4893
18.0000 18.2833
18.0000 17.7617
18.0000 18.1404
18.0000 17.7748
18.0000 17.6370
18.0000 17.9407
18.0000 16.3510
18.0000 18.0581
18.0000 17.6269
18.0000 18.0857
18.0000 16.8523
18.0000 17.6756
18.0000 17.1792
18.0000 18.1317
18.0000 17.8025
18.0000 18.3431
18.0000 17.8078
18.0000 17.3208
18.0000 16.9536
18.0000 17.7330
18.0000 18.4802
18.0000 18.6246
18.0000 17.0621
18.0000 18.3402
18.0000 17.4548
18.0000 17.7045
18.0000 18.5638
18.0000 17.7484
18.0000 18.3888
18.0000 17.8199
18.0000 17.3336
18.0000 17.7492
18.0000 17.5488
18.0000 17.1974
18.0000 17.3336
18.0000 17.5890
18.0000 16.3473
18.0000 17.2171
18.0000 17.7020
18.0000 17.3714
18.0000 17.8372
18.0000 18.3856
18.0000 17.4407
18.0000 18.0693
