23.0000 22.7253
23.0000 23.4539
23.0000 23.0318
23.0000 23.3030
23.0000 23.0249
23.0000 22.0348
23.0000 22.9663
23.0000 22.9450
23.0000 23.8266
23.0000 23.0596
23.0000 23.2483
23.0000 22.7003
23.0000 22.7021
23.0000 23.3842
23.0000 22.8570
23.0000 23.7310
23.0000 23.2034
23.0000 22.4207
23.0000 23.2552
23.0000 23.1068
23.0000 24.0272
23.0000 21.6622
23.0000 23.3040
23.0000 23.1682
23.0000 22.5670
23.0000 23.6859
23.0000 22.7889
23.0000 22.9596
23.0000 23.6494
23.0000 21.6986
23.0000 22.3607
23.0000 22.8166
23.0000 22.5655
23.0000 22.8978
23.0000 22.8870
23.0000 22.8410
23.0000 22.5190
23.0000 22.5826
23.0000 22.9216
23.0000 22.8566
23.0000 22.3636
23.0000 22.1454
23.0000 23.1563
23.0000 22.8522
23.0000 23.7418
23.0000 22.0463
23.0000 23.7543
23.0000 22.5092
23.0000 22.8582
23.0000 23.0873
23.0000 22.4918
23.0000 22.9856
23.0000 23.4690
23.0000 21.9614
23.0000 22.7192
23.0000 23.0372
23.0000 21.9999
23.0000 23.1590
23.0000 22.4010
23.0000 20.8978
23.0000 22.3177
23.0000 22.9097
23.0000 22.5883
23.0000 22.7410
23.0000 23.2843
23.0000 22.7347
23.0000 23.1686
23.0000 23.0113
23.0000 22.8690
23.0000 21.3247
23.0000 22.2906
23.0000 22.8747
23.0000 23.6043
23.0000 23.1826
23.0000 22.7448
23.0000 21.8097
23.0000 22.5788
23.0000 21.4585
23.0000 21.8764
23.0000 22.9367
23.0000 23.4925
23.0000 22.7176
23.0000 21.8636
23.0000 23.1803
23.0000 23.9792
23.0000 23.1720
23.0000 23.9224
23.0000 23.6455
23.0000 22.4583
23.0000 22.2124
23.0000 23.2844
23.0000 23.2924
23.0000 23.3222
23.0000 22.5456
23.0000 23.3770
23.0000 23.3427
23.0000 22.8682
23.0000 21.7977
23.0000 22.9221
23.0000 23.3231
23.0000 22.7587
23.0000 23.0106
23.0000 23.5218
23.0000 22.4701
23.0000 22.5267
23.0000 22.3735
23.0000 22.3350
23.0000 23.6725
23.0000 23.3287
23.0000 22.3560
23.0000 23.5152
23.0000 23.9861
23.0000 23.3165
23.0000 23.5069
23.0000 22.1321
23.0000 22.7151
23.0000 22.8432
23.0000 23.0638
23.0000 22.9516
23.0000 22.5210
23.0000 23.9865
23.0000 22.7908
23.0000 21.7661
23.0000 22.5591
23.0000 22.4123
23.0000 23.0625
23.0000 23.2552
23.0000 23.7257
23.0000 22.8770
23.0000 23.5280
23.0000 23.0278
23.0000 23.2436
23.0000 22.5416
23.0000 23.3380
23.0000 22.1886
23.0000 22.7063
23.0000 22.4479
23.0000 23.0824
23.0000 22.7053
23.0000 22.4906
23.0000 23.6351
23.0000 24.1055
23.0000 22.0351
23.0000 23.1440
23.0000 23.5024
23.0000 22.7808
23.0000 22.8943
23.0000 23.1952
23.0000 22.2495
23.0000 23.4500
23.0000 23.0755
23.0000 23.2949
23.0000 23.8602
23.0000 23.2156
23.0000 23.0374
23.0000 22.5766
23.0000 23.0973
23.0000 22.9331
23.0000 22.3769
23.0000 23.5114
23.0000 22.6943
23.0000 22.8764
23.0000 22.9666
23.0000 23.5879
23.0000 23.2666
23.0000 23.1038
23.0000 22.2559
23.0000 22.2439
23.0000 22.7382
23.0000 23.7140
23.0000 23.6171
23.0000 22.8984
23.0000 22.5743
23.0000 22.7588
23.0000 22.9859
23.0000 22.7538
23.0000 23.4796
23.0000 24.0177
23.0000 23.0159
23.0000 22.8890
23.0000 21.8812
23.0000 23.0235
23.0000 22.2851
23.0000 23.5923
23.0000 23.6764
23.0000 23.2380
23.0000 22.9594
23.0000 22.7650
23.0000 22.8263
23.0000 23.4040
23.0000 21.9783
23.0000 22.6383
23.0000 22.3182
23.0000 23.5377
23.0000 21.8354
23.0000 23.0096
23.0000 23.5478
23.0000 22.4072
23.0000 24.0846
23.0000 23.4657
23.0000 23.3662
23.0000 21.8999
23.0000 23.7660
23.0000 23.2125
23.0000 22.6756
23.0000 22.6581
23.0000 23.3974
23.0000 23.1072
23.0000 23.3342
23.0000 23.4390
23.0000 23.5300
23.0000 22.5728
23.0000 22.3042
23.0000 22.9131
23.0000 22.3698
23.0000 22.9366
23.0000 23.8648
23.0000 22.1646
23.0000 22.9464
23.0000 22.5885
23.0000 22.8946
23.0000 22.2803
23.0000 22.6792
23.0000 23.0194
23.0000 23.6710
23.0000 22.9270
23.0000 22.7664
23.0000 22.6951
23.0000 22.6139
23.0000 23.7128
23.0000 22.2743
23.0000 23.1346
23.0000 23.6944
23.0000 23.1549
23.0000 23.1269
23.0000 22.1020
23.0000 23.5339
23.0000 23.3051
23.0000 23.1389
23.0000 23.0290
23.0000 23.0901
23.0000 22.4187
23.0000 21.9783
23.0000 22.1682
23.0000 22.0209
23.0000 22.7757
23.0000 23.2835
23.0000 22.6730
23.0000 22.7480
23.0000 22.7657
23.0000 22.7547
23.0000 22.9020
23.0000 22.8722
23.0000 24.2027
23.0000 22.8732
23.0000 23.1362
23.0000 23.4303
23.0000 22.7024
23.0000 23.7098
23.0000 22.8527
23.0000 22.5959
23.0000 22.1827
23.0000 22.1588
23.0000 22.6629
23.0000 22.9639
23.0000 23.6577
23.0000 22.9172
23.0000 22.3335
23.0000 22.5455
23.0000 22.8759
23.0000 23.5568
23.0000 23.2919
23.0000 23.2891
23.0000 21.8375
23.0000 23.1312
23.0000 22.9479
23.0000 23.2121
23.0000 23.1344
23.0000 23.2721
23.0000 23.3276
23.0000 23.8821
23.0000 23.5057
23.0000 22.3370
23.0000 22.3442
23.0000 24.0301
23.0000 23.0753
23.0000 22.1597
23.0000 23.4076
23.0000 23.3760
23.0000 24.0716
23.0000 23.2012
23.0000 24.1565
23.0000 22.8339
23.0000 23.9127
23.0000 23.6181
23.0000 23.2641
23.0000 23.0562
23.0000 22.6818
23.0000 22.9457
23.0000 23.0715
23.0000 22.3070
23.0000 22.1072
23.0000 23.3983
23.0000 23.8952
23.0000 22.7123
23.0000 22.4118
23.0000 23.0511
23.0000 22.9728
23.0000 21.7762
23.0000 22.8504
23.0000 23.6247
23.0000 22.6693
23.0000 22.6211
23.0000 22.8538
23.0000 22.2872
23.0000 23.0658
23.0000 22.8389
23.0000 22.6367
23.0000 22.0858
23.0000 22.4982
23.0000 23.6297
23.0000 23.6547
23.0000 23.0682
23.0000 22.4253
23.0000 22.8458
23.0000 22.7172
23.0000 22.3787
23.0000 21.1578
23.0000 22.3089
23.0000 23.2041
23.0000 24.0772
23.0000 22.9954
23.0000 22.2230
23.0000 22.5759
23.0000 22.9146
23.0000 22.2071
23.0000 23.0954
23.0000 22.6666
23.0000 22.7328
23.0000 23.5195
23.0000 23.1168
23.0000 22.5844
23.0000 23.1755
23.0000 22.8942
23.0000 23.0302
23.0000 23.9700
23.0000 22.8579
23.0000 23.8911
23.0000 22.7032
23.0000 23.2492
23.0000 23.0501
23.0000 23.1589
23.0000 21.8154
23.0000 22.4581
23.0000 22.1677
23.0000 23.5024
23.0000 23.1985
23.0000 23.9389
23.0000 23.3385
23.0000 23.2681
23.0000 22.9668
23.0000 23.1254
23.0000 22.9174
23.0000 23.3061
23.0000 22.8454
23.0000 22.3267
23.0000 23.5727
23.0000 23.5098
23.0000 23.3340
23.0000 22.5861
23.0000 22.5537
23.0000 22.7097
23.0000 22.5982
23.0000 22.7131
23.0000 22.5383
23.0000 25.6872
23.0000 23.0800
23.0000 22.7890
23.0000 23.5243
23.0000 22.9059
23.0000 23.0553
23.0000 22.4023
23.0000 22.9928
23.0000 22.8934
23.0000 22.8372
23.0000 23.1560
23.0000 22.4460
23.0000 23.3016
23.0000 22.2418
23.0000 22.8137
23.0000 23.3881
23.0000 23.3706
23.0000 22.4068
23.0000 23.0311
23.0000 23.5538
23.0000 24.0957
23.0000 23.3939
23.0000 24.1675
23.0000 23.5375
23.0000 23.6489
23.0000 23.7210
23.0000 22.8847
23.0000 22.6198
23.0000 23.5459
23.0000 22.3340
23.0000 23.9065
23.0000 23.7609
23.0000 23.4268
23.0000 23.4794
23.0000 22.4640
23.0000 22.2848
23.0000 23.1891
23.0000 23.1520
23.0000 22.1267
23.0000 22.9521
23.0000 23.1917
23.0000 23.4811
23.0000 22.9065
23.0000 22.4036
23.0000 22.9066
23.0000 22.0657
23.0000 23.5657
23.0000 22.9694
23.0000 23.3143
23.0000 24.1937
23.0000 22.3615
23.0000 23.5694
23.0000 22.1351
23.0000 22.0029
23.0000 23.0861
23.0000 21.4455
23.0000 22.5663
23.0000 22.2432
23.0000 22.9624
23.0000 22.8033
23.0000 23.2942
23.0000 22.9560
23.0000 22.5247
23.0000 23.4137
23.0000 23.1594
23.0000 23.4195
23.0000 22.2659
23.0000 23.9161
23.0000 23.1264
23.0000 22.6894
23.0000 22.8969
23.0000 23.1068
23.0000 23.4906
23.0000 23.2288
23.0000 24.1542
23.0000 22.8466
23.0000 22.8652
23.0000 22.0870
23.0000 22.9511
23.0000 23.9421
23.0000 22.3388
23.0000 22.5894
23.0000 22.6340
23.0000 22.6285
23.0000 23.4985
23.0000 23.1245
23.0000 23.0750
23.0000 23.0304
23.0000 23.5194
23.0000 23.2609
23.0000 22.7304
23.0000 23.1267
23.0000 22.7519
23.0000 23.6101
23.0000 22.3513
23.0000 22.2384
23.0000 22.5982
23.0000 22.0134
23.0000 22.5795
23.0000 22.5700
23.0000 22.7314
23.0000 23.3142
23.0000 23.6769
23.0000 23.1200
23.0000 22.0179
23.0000 23.1450
23.0000 23.0228
23.0000 21.7332
23.0000 22.3816
23.0000 22.8034
23.0000 23.0671
23.0000 23.0679
23.0000 23.1482
23.0000 22.9151
23.0000 22.9105
23.0000 23.0529
23.0000 21.4748
23.0000 23.5421
23.0000 22.4648
23.0000 22.8147
23.0000 23.0080
23.0000 22.4153
23.0000 23.0658
23.0000 22.9960
23.0000 22.6283
23.0000 22.6178
23.0000 22.6063
23.0000 23.1400
23.0000 22.6712
23.0000 23.2475
23.0000 22.7057
23.0000 22.6972
23.0000 23.2910
23.0000 24.0634
23.0000 22.0363
23.0000 22.6974
23.0000 23.4130
23.0000 22.3125
23.0000 22.5663
23.0000 22.5463
23.0000 22.6872
23.0000 22.1700
23.0000 23.1242
23.0000 23.1103
23.0000 23.4000
23.0000 23.3392
23.0000 23.5571
23.0000 23.2809
23.0000 23.1496
23.0000 22.9225
23.0000 23.0308
23.0000 23.0164
23.0000 24.2156
23.0000 21.9168
23.0000 22.6175
23.0000 22.1364
23.0000 23.5748
23.0000 22.6494
23.0000 22.0334
23.0000 22.5751
23.0000 22.3271
23.0000 22.9343
23.0000 24.0856
23.0000 21.9533
23.0000 23.8103
23.0000 23.8470
23.0000 22.8796
23.0000 22.6601
23.0000 23.0831
23.0000 23.4255
23.0000 23.3187
23.0000 23.5219
23.0000 23.0091
23.0000 23.1887
23.0000 23.4429
23.0000 22.6461
23.0000 23.3684
23.0000 22.6273
23.0000 22.2987
23.0000 23.4225
23.0000 22.3653
23.0000 22.4800
23.0000 22.8680
23.0000 22.8162
23.0000 23.5293
23.0000 22.5704
23.0000 22.8866
23.0000 22.5043
23.0000 23.0618
23.0000 22.6896
23.0000 22.9995
23.0000 23.4003
23.0000 22.7339
23.0000 22.7940
23.0000 22.2987
23.0000 22.4494
23.0000 21.5506
23.0000 23.2678
23.0000 22.7813
23.0000 21.5765
23.0000 22.8755
23.0000 22.3396
23.0000 21.6965
23.0000 22.6489
23.0000 23.4405
23.0000 23.4302
23.0000 23.1502
23.0000 23.2140
23.0000 23.2660
23.0000 23.5946
23.0000 23.6651
23.0000 23.6585
23.0000 22.5429
23.0000 22.3333
23.0000 23.3011
23.0000 22.8506
23.0000 23.7112
23.0000 23.2288
23.0000 23.1796
23.0000 22.9754
23.0000 21.8036
23.0000 22.5294
23.0000 22.9929
23.0000 22.0788
23.0000 21.5743
23.0000 22.9762
23.0000 23.3817
23.0000 22.8706
23.0000 23.4119
23.0000 23.2353
23.0000 23.4011
23.0000 23.2794
23.0000 22.8037
23.0000 22.1637
23.0000 22.5333
23.0000 22.7891
23.0000 22.5592
23.0000 21.9023
23.0000 22.5637
23.0000 22.7214
23.0000 23.5449
23.0000 22.8021
23.0000 23.1001
23.0000 22.8009
23.0000 22.0060
23.0000 23.5390
23.0000 22.6251
23.0000 22.0805
23.0000 23.2032
23.0000 22.2923
23.0000 24.2490
23.0000 22.5706
23.0000 22.9835
23.0000 23.1876
23.0000 23.4294
23.0000 22.1930
23.0000 24.2373
23.0000 22.3742
23.0000 22.8341
23.0000 22.6268
23.0000 23.9330
23.0000 22.3142
23.0000 22.7980
23.0000 22.2970
23.0000 23.1591
23.0000 22.7538
23.0000 23.5940
23.0000 22.2180
23.0000 23.1793
23.0000 21.9815
23.0000 22.3789
23.0000 23.2444
23.0000 23.4531
23.0000 22.4299
23.0000 22.6169
23.0000 22.2876
23.0000 22.7601
23.0000 21.7984
23.0000 22.3689
23.0000 22.7874
23.0000 23.5488
23.0000 22.4599
23.0000 22.6092
23.0000 22.6783
23.0000 22.7817
23.0000 23.4226
23.0000 22.2802
23.0000 23.5999
23.0000 23.0684
23.0000 22.1651
23.0000 21.5644
23.0000 23.0049
23.0000 22.1169
23.0000 22.2676
23.0000 23.4331
23.0000 22.5805
23.0000 23.1811
23.0000 22.6631
23.0000 22.4279
23.0000 22.3746
23.0000 22.8487
23.0000 23.9171
23.0000 22.9144
23.0000 23.0834
23.0000 22.2106
23.0000 24.1006
23.0000 23.3517
23.0000 22.5916
23.0000 22.3519
23.0000 23.2140
23.0000 22.8710
23.0000 24.0159
23.0000 23.8791
23.0000 22.8983
23.0000 22.8870
23.0000 23.1128
23.0000 23.5784
23.0000 22.9263
23.0000 22.2778
23.0000 22.3115
23.0000 23.5398
23.0000 23.2218
23.0000 23.4127
23.0000 23.4759
23.0000 22.6014
23.0000 22.1903
23.0000 23.3828
23.0000 22.6459
23.0000 23.5199
23.0000 23.6062
23.0000 22.5213
23.0000 23.3209
23.0000 23.8637
23.0000 23.4154
23.0000 22.8933
23.0000 23.0520
23.0000 23.2086
23.0000 23.1651
23.0000 23.1682
23.0000 22.7863
23.0000 22.6813
23.0000 22.9617
23.0000 22.8628
23.0000 22.8407
23.0000 23.4285
23.0000 22.1459
23.0000 23.0640
23.0000 22.8253
23.0000 23.6604
23.0000 22.8861
23.0000 23.4382
23.0000 23.1056
23.0000 22.6806
23.0000 23.2476
23.0000 21.8853
23.0000 22.5237
23.0000 23.0762
23.0000 22.7781
23.0000 22.4293
23.0000 24.2521
23.0000 22.7295
23.0000 22.2729
23.0000 23.3418
23.0000 22.9536
23.0000 22.9330
23.0000 23.8160
23.0000 23.7466
23.0000 23.2243
23.0000 23.1518
23.0000 22.5495
23.0000 23.6402
23.0000 22.0474
23.0000 22.7376
23.0000 23.0164
23.0000 23.0208
23.0000 22.5591
23.0000 23.7647
23.0000 21.9974
23.0000 22.3283
23.0000 22.4044
23.0000 22.6418
23.0000 22.8059
23.0000 22.3647
23.0000 24.3021
23.0000 22.0581
23.0000 21.5971
23.0000 22.1773
23.0000 23.0020
23.0000 22.2543
23.0000 22.6451
23.0000 23.2863
23.0000 21.9898
23.0000 21.7374
23.0000 22.8438
23.0000 22.8766
23.0000 23.0229
23.0000 23.4221
23.0000 23.1512
23.0000 22.7333
23.0000 22.6310
23.0000 22.6142
23.0000 23.3659
23.0000 23.2066
23.0000 23.2838
23.0000 23.3351
23.0000 23.3035
23.0000 22.5665
23.0000 23.2407
23.0000 23.5114
23.0000 22.7693
23.0000 23.2547
23.0000 23.2174
23.0000 23.5835
23.0000 23.2428
23.0000 23.0069
23.0000 22.6406
23.0000 21.9418
23.0000 23.0983
23.0000 23.0345
23.0000 23.2277
23.0000 23.0122
23.0000 22.9340
23.0000 21.7354
23.0000 23.2779
23.0000 22.1095
23.0000 23.5125
23.0000 22.5817
23.0000 22.9117
23.0000 23.7225
23.0000 22.9354
23.0000 23.8833
23.0000 22.8423
23.0000 21.4533
23.0000 22.7258
23.0000 22.6871
23.0000 22.7932
23.0000 21.7815
23.0000 20.9523
23.0000 24.3685
23.0000 22.9021
23.0000 23.2446
23.0000 23.0858
23.0000 22.9582
23.0000 22.4991
23.0000 22.9053
23.0000 23.1955
23.0000 22.2766
23.0000 22.8636
23.0000 22.5843
23.0000 22.1196
23.0000 23.7415
23.0000 22.3577
23.0000 23.2352
23.0000 22.9457
23.0000 22.7527
23.0000 23.0939
23.0000 22.6790
23.0000 22.6853
23.0000 23.8147
23.0000 23.6534
23.0000 22.6864
23.0000 21.7917
23.0000 21.9635
23.0000 22.8222
23.0000 22.7370
23.0000 22.7893
23.0000 22.2452
23.0000 23.2762
23.0000 22.4041
23.0000 23.8525
23.0000 23.0512
23.0000 22.5415
23.0000 23.5178
23.0000 22.9700
23.0000 23.0663
23.0000 21.8608
23.0000 21.5824
23.0000 22.0728
23.0000 21.9616
23.0000 23.0889
23.0000 22.4028
23.0000 22.4957
23.0000 23.1949
23.0000 22.8415
23.0000 22.9451
23.0000 22.8874
23.0000 22.6940
23.0000 22.8210
23.0000 22.8167
23.0000 22.4543
23.0000 24.5522
23.0000 23.0262
23.0000 22.4930
23.0000 21.6535
23.0000 23.5050
23.0000 23.1285
23.0000 23.1322
23.0000 23.4786
23.0000 23.1018
23.0000 23.2677
23.0000 22.6222
23.0000 23.2845
23.0000 22.8859
23.0000 23.4646
23.0000 22.2827
23.0000 21.9923
23.0000 22.7707
23.0000 23.5914
23.0000 22.5801
23.0000 23.0750
23.0000 22.9837
23.0000 22.9995
23.0000 22.9332
23.0000 23.1928
23.0000 22.1735
23.0000 21.8737
23.0000 22.1992
23.0000 22.9524
23.0000 22.7568
23.0000 22.5537
23.0000 22.9310
23.0000 21.7565
23.0000 23.3192
23.0000 22.9266
23.0000 23.0673
23.0000 22.1873
23.0000 22.5717
23.0000 23.8895
23.0000 22.8264
23.0000 23.0928
23.0000 22.7513
23.0000 23.4944
23.0000 23.4479
23.0000 23.3104
23.0000 22.4848
23.0000 22.3020
23.0000 23.3229
23.0000 22.3318
23.0000 23.1386
23.0000 22.3620
23.0000 23.8110
23.0000 23.2349
23.0000 22.9705
23.0000 23.5212
23.0000 23.1077
23.0000 22.4006
23.0000 22.3126
23.0000 23.1265
23.0000 22.7296
23.0000 22.6857
23.0000 22.3383
23.0000 22.8071
23.0000 22.8948
23.0000 22.2845
23.0000 23.3669
23.0000 22.3093
23.0000 23.7948
23.0000 22.3016
23.0000 22.7182
23.0000 22.6890
23.0000 22.6371
23.0000 23.5222
23.0000 23.7118
23.0000 23.2274
23.0000 22.6099
23.0000 22.3672
23.0000 24.0024
23.0000 22.4701
23.0000 23.1302
23.0000 22.3429
23.0000 23.6730
23.0000 22.4113
23.0000 22.2333
23.0000 23.4365
23.0000 22.0546
23.0000 23.2091
23.0000 22.8977
23.0000 22.9996
23.0000 22.3589
23.0000 23.1888
23.0000 23.1129
23.0000 22.4711
23.0000 22.2406
23.0000 22.4215
23.0000 22.6618
23.0000 22.4090
23.0000 23.3726
23.0000 22.9880
23.0000 22.4972
23.0000 23.0135
23.0000 22.5301
23.0000 23.1155
23.0000 23.2347
23.0000 22.8988
23.0000 22.0024
23.0000 23.2654
23.0000 24.0766
23.0000 22.4650
23.0000 22.4871
23.0000 23.6195
23.0000 23.2386
23.0000 23.9346
23.0000 22.2351
23.0000 22.7195
23.0000 22.7131
23.0000 23.1743
23.0000 23.5741
23.0000 23.4823
23.0000 23.3640
23.0000 24.1665
23.0000 22.9767
23.0000 23.5252
23.0000 22.4261
23.0000 22.3002
23.0000 21.4151
23.0000 23.3991
23.0000 22.6558
23.0000 23.5830
23.0000 23.0623
23.0000 22.5229
23.0000 23.5345
23.0000 23.5418
23.0000 22.4574
23.0000 22.1553
23.0000 23.5787
23.0000 23.2828
23.0000 21.9988
23.0000 22.1928
23.0000 24.0316
23.0000 22.4998
23.0000 23.1610
23.0000 23.8478
23.0000 22.7091
23.0000 23.2841
23.0000 22.8620
23.0000 23.2883
23.0000 23.4761
23.0000 22.3789
23.0000 23.5801
23.0000 24.0778
23.0000 22.4549
23.0000 23.1516
23.0000 22.0453
23.0000 22.9569
23.0000 22.7215
23.0000 23.1005
23.0000 23.0996
23.0000 23.6309
23.0000 22.3436
23.0000 23.3179
23.0000 23.1246
23.0000 24.1428
23.0000 23.2307
23.0000 23.0927
23.0000 23.0575
23.0000 22.9858
23.0000 22.5669
23.0000 23.1902
23.0000 22.8305
23.0000 22.8741
23.0000 22.6080
23.0000 22.9301
23.0000 23.6815
23.0000 22.2288
23.0000 23.3268
23.0000 22.9993
23.0000 23.7293
23.0000 23.6861
23.0000 22.6409
23.0000 22.9120
23.0000 22.6809
23.0000 22.2671
23.0000 21.0895
23.0000 23.1388
23.0000 23.6638
23.0000 23.4026
23.0000 23.3405
23.0000 22.9576
23.0000 22.3110
23.0000 23.1839
23.0000 22.8450
23.0000 23.5426
23.0000 22.5553
23.0000 23.3059
23.0000 22.9757
23.0000 23.0164
23.0000 23.9255
23.0000 23.3205
23.0000 21.8047
23.0000 23.4861
23.0000 23.0147
23.0000 23.6950
23.0000 23.2112
23.0000 24.2284
23.0000 23.2853
23.0000 23.0876
23.0000 22.1708
23.0000 23.9071
23.0000 24.3001
23.0000 23.4159
23.0000 21.8264
23.0000 22.6222
23.0000 23.5238
23.0000 22.2675
23.0000 22.3557
23.0000 23.4533
23.0000 22.4829
23.0000 22.9250
23.0000 22.8058
23.0000 22.8908
23.0000 23.6468
23.0000 23.8198
23.0000 23.4459
23.0000 22.6768
23.0000 22.1300
23.0000 21.9955
23.0000 23.8205
23.0000 23.2717
23.0000 23.1762
23.0000 22.3934
23.0000 23.2555
23.0000 22.7579
23.0000 24.0064
23.0000 22.9781
23.0000 22.7513
23.0000 22.2261
23.0000 22.5297
23.0000 23.0785
23.0000 22.5675
23.0000 22.8984
23.0000 22.9310
23.0000 23.0941
23.0000 22.2471
23.0000 23.1637
23.0000 21.8910
23.0000 22.2637
23.0000 22.6843
23.0000 22.4410
23.0000 22.1340
23.0000 21.7697
23.0000 22.7797
23.0000 23.4776
23.0000 24.2601
23.0000 23.2976
23.0000 23.6766
23.0000 22.6164
23.0000 22.8556
23.0000 23.0190
23.0000 22.4814
23.0000 22.4983
23.0000 22.3081
23.0000 23.7640
23.0000 22.3553
23.0000 22.7806
23.0000 23.9395
23.0000 23.3761
23.0000 22.5646
23.0000 21.7480
23.0000 22.2879
23.0000 22.3083
23.0000 23.4747
23.0000 23.2005
23.0000 24.2342
23.0000 22.2237
23.0000 23.1238
23.0000 22.7276
23.0000 22.7508
23.0000 21.2682
23.0000 23.5428
23.0000 23.5931
23.0000 21.9544
23.0000 22.8348
23.0000 23.8524
23.0000 22.7199
23.0000 22.9258
23.0000 22.7086
23.0000 23.1661
23.0000 22.3326
23.0000 24.4370
23.0000 23.3401
23.0000 22.7150
23.0000 22.8388
23.0000 23.7947
23.0000 24.0713
23.0000 24.3889
23.0000 23.1312
23.0000 23.3522
23.0000 23.2905
23.0000 24.2718
23.0000 22.8171
23.0000 22.8259
23.0000 22.7906
23.0000 23.4962
23.0000 22.7477
23.0000 22.6659
23.0000 23.2907
23.0000 22.8319
23.0000 23.5441
23.0000 22.6577
23.0000 22.9880
23.0000 22.6927
23.0000 22.0974
23.0000 22.6354
23.0000 23.1374
23.0000 23.4593
23.0000 23.5644
23.0000 24.0785
23.0000 23.6195
23.0000 23.6364
23.0000 23.3940
23.0000 23.0802
23.0000 23.6228
23.0000 22.7743
23.0000 23.6660
23.0000 24.1132
23.0000 22.2539
23.0000 22.9099
23.0000 23.2219
23.0000 22.7104
23.0000 22.6072
23.0000 22.7225
23.0000 23.2478
23.0000 21.9248
23.0000 22.3041
23.0000 22.8034
23.0000 22.5701
23.0000 22.2813
23.0000 23.7192
23.0000 23.8003
23.0000 22.9842
23.0000 22.7327
23.0000 22.4904
23.0000 23.0978
23.0000 24.0488
23.0000 23.1526
23.0000 23.0362
23.0000 23.2818
23.0000 22.4020
23.0000 22.9071
23.0000 23.1577
23.0000 22.4860
23.0000 23.5124
23.0000 23.3462
23.0000 22.3805
23.0000 23.4089
23.0000 23.1678
23.0000 22.9278
23.0000 23.8653
23.0000 22.9814
23.0000 23.2595
23.0000 23.1388
23.0000 24.0950
23.0000 23.7755
23.0000 23.9231
23.0000 22.8844
23.0000 22.9114
23.0000 22.6232
23.0000 22.8569
23.0000 22.8965
23.0000 22.6281
23.0000 23.9260
23.0000 22.2481
23.0000 22.6446
23.0000 22.9684
23.0000 23.0731
23.0000 21.5418
23.0000 23.0316
23.0000 22.7616
23.0000 22.6685
23.0000 23.7613
23.0000 22.5996
23.0000 23.4120
23.0000 23.4192
23.0000 22.3985
23.0000 22.2544
23.0000 22.8339
23.0000 23.0295
23.0000 22.5324
23.0000 23.2453
23.0000 22.7172
23.0000 22.7472
23.0000 21.1974
23.0000 23.5534
23.0000 23.2177
23.0000 22.7166
23.0000 22.7479
23.0000 23.3656
23.0000 23.3760
23.0000 24.5762
23.0000 23.8268
23.0000 24.3183
23.0000 22.5159
23.0000 22.8045
23.0000 22.2188
23.0000 23.4433
23.0000 23.1423
23.0000 22.6834
23.0000 22.4056
23.0000 23.9826
23.0000 23.3007
23.0000 22.8161
23.0000 22.6138
23.0000 22.4656
23.0000 23.3437
23.0000 23.3003
23.0000 22.6218
23.0000 22.6486
23.0000 23.5912
23.0000 22.8397
23.0000 22.8933
23.0000 22.8450
23.0000 24.3313
23.0000 23.9240
23.0000 22.9910
23.0000 23.1498
23.0000 22.0602
23.0000 23.0998
23.0000 23.0129
23.0000 22.8570
23.0000 23.1695
23.0000 22.0100
23.0000 23.3548
23.0000 23.1891
23.0000 23.2386
23.0000 23.0468
23.0000 24.2401
23.0000 22.3005
23.0000 22.6724
23.0000 23.5236
23.0000 22.7407
23.0000 22.8104
23.0000 23.3101
23.0000 23.5012
23.0000 23.0574
23.0000 23.3200
23.0000 22.4864
23.0000 23.2849
23.0000 22.6909
23.0000 21.5512
23.0000 23.1730
23.0000 23.3343
23.0000 23.5918
23.0000 22.3939
23.0000 22.8684
23.0000 23.2480
23.0000 22.7644
23.0000 23.8313
23.0000 23.0650
23.0000 23.0086
23.0000 23.3322
23.0000 22.8956
23.0000 21.8262
23.0000 23.7547
23.0000 22.5893
23.0000 22.3079
23.0000 22.6431
23.0000 22.5293
23.0000 22.7721
23.0000 22.6562
23.0000 23.4294
23.0000 22.8018
23.0000 23.6526
23.0000 22.7992
23.0000 23.8526
23.0000 22.6826
23.0000 23.9884
23.0000 23.7234
23.0000 22.4671
23.0000 23.0594
23.0000 23.8015
23.0000 22.4533
23.0000 22.1126
23.0000 23.6099
23.0000 23.1775
23.0000 22.3037
23.0000 23.1935
23.0000 22.5612
23.0000 23.1239
23.0000 23.1223
23.0000 22.2461
23.0000 23.6235
23.0000 22.3072
23.0000 23.8799
23.0000 22.8560
23.0000 22.6698
23.0000 23.3829
23.0000 23.1168
23.0000 22.8002
23.0000 23.4243
23.0000 22.2247
23.0000 22.7164
23.0000 24.9463
23.0000 23.4450
23.0000 23.2443
23.0000 23.0754
23.0000 23.4530
23.0000 23.2899
23.0000 22.8220
23.0000 23.2179
23.0000 22.9817
23.0000 23.3752
23.0000 22.1116
23.0000 23.0895
23.0000 22.9936
23.0000 22.9231
23.0000 23.1494
23.0000 23.2999
23.0000 21.7333
23.0000 23.6783
23.0000 22.7499
23.0000 22.5999
23.0000 22.5203
23.0000 22.8998
23.0000 22.5644
23.0000 23.1268
23.0000 23.0756
23.0000 22.8385
23.0000 23.7801
23.0000 23.3892
23.0000 22.4456
23.0000 22.4037
23.0000 22.4578
23.0000 22.3807
23.0000 23.1536
23.0000 22.7408
23.0000 23.3080
23.0000 22.3410
23.0000 23.8142
23.0000 24.1381
23.0000 22.3067
23.0000 22.6206
23.0000 23.1155
23.0000 22.3581
23.0000 23.7376
23.0000 22.5992
23.0000 22.8071
23.0000 22.9245
23.0000 22.7645
23.0000 21.9035
23.0000 23.0842
23.0000 23.9301
23.0000 23.0734
23.0000 22.2992
23.0000 23.7284
23.0000 24.0151
23.0000 22.9191
23.0000 23.1985
23.0000 22.4562
23.0000 23.6453
23.0000 22.6669
23.0000 22.5663
23.0000 22.3005
23.0000 22.1724
23.0000 22.6169
23.0000 22.9794
23.0000 23.0251
23.0000 22.0671
23.0000 22.5308
23.0000 21.7652
23.0000 22.9248
23.0000 22.1917
23.0000 24.5297
23.0000 23.3449
23.0000 23.1299
23.0000 23.6373
23.0000 21.9779
23.0000 22.4751
23.0000 22.4267
23.0000 22.9453
23.0000 22.9203
23.0000 22.4074
23.0000 22.7901
23.0000 22.3991
23.0000 22.8049
23.0000 22.6185
23.0000 22.7550
23.0000 23.0301
23.0000 22.2187
23.0000 23.4702
23.0000 23.6952
23.0000 23.0617
23.0000 22.3692
23.0000 22.7137
23.0000 23.3642
23.0000 22.5191
23.0000 22.7759
23.0000 23.4944
23.0000 22.9581
23.0000 22.4556
23.0000 23.8761
23.0000 22.9382
23.0000 23.2911
23.0000 21.7055
23.0000 22.2947
23.0000 22.6595
23.0000 23.1116
23.0000 22.2878
23.0000 23.8425
23.0000 22.3524
23.0000 22.5790
23.0000 22.6051
23.0000 22.1363
23.0000 23.0330
23.0000 23.2086
23.0000 21.2291
23.0000 22.7413
23.0000 22.8587
23.0000 22.2421
23.0000 23.4740
23.0000 23.3416
23.0000 23.2623
23.0000 22.4768
23.0000 23.0090
23.0000 22.9176
23.0000 23.3888
23.0000 21.5705
23.0000 23.0542
23.0000 24.2258
23.0000 22.4330
23.0000 23.4764
23.0000 22.9908
23.0000 23.4758
23.0000 24.3700
23.0000 23.3398
23.0000 23.1943
23.0000 23.3630
23.0000 22.4230
23.0000 24.0571
23.0000 23.3028
23.0000 22.9576
23.0000 22.2791
23.0000 22.9812
23.0000 22.3361
23.0000 22.0901
23.0000 23.9064
23.0000 22.1383
23.0000 21.4631
23.0000 22.5102
23.0000 22.8961
23.0000 23.0406
23.0000 23.1228
23.0000 22.7595
23.0000 22.4998
23.0000 24.0814
23.0000 23.7378
23.0000 22.9023
23.0000 22.8643
23.0000 22.5143
23.0000 23.1214
23.0000 22.7678
23.0000 21.9907
23.0000 23.0578
23.0000 22.7709
23.0000 22.3881
23.0000 23.4924
23.0000 23.5166
23.0000 22.7911
23.0000 22.4246
23.0000 22.7857
23.0000 22.9249
23.0000 23.0637
23.0000 23.2619
23.0000 22.6730
23.0000 22.0268
23.0000 23.5950
23.0000 23.1816
23.0000 22.9490
23.0000 24.5840
23.0000 22.3184
23.0000 23.1760
23.0000 22.7703
23.0000 23.0016
23.0000 22.6176
23.0000 22.7066
23.0000 24.5598
23.0000 22.7209
23.0000 21.7858
23.0000 22.7755
23.0000 22.9346
23.0000 23.7420
23.0000 23.2325
23.0000 22.8113
23.0000 22.4053
23.0000 22.6138
23.0000 22.5040
23.0000 22.7268
23.0000 22.5276
23.0000 21.6954
23.0000 22.1791
23.0000 23.3416
23.0000 23.0641
23.0000 21.4703
23.0000 23.3649
23.0000 23.1308
23.0000 23.2498
23.0000 22.1958
23.0000 23.3948
23.0000 22.4255
23.0000 22.7543
23.0000 23.7678
23.0000 22.6751
23.0000 22.4837
23.0000 22.9281
23.0000 22.2957
23.0000 22.8383
23.0000 23.2705
23.0000 22.0407
23.0000 23.5119
23.0000 23.0397
23.0000 23.2071
23.0000 22.1128
23.0000 23.2475
23.0000 21.5913
23.0000 22.9900
23.0000 22.6897
23.0000 23.2055
23.0000 23.2635
23.0000 22.3340
23.0000 23.4868
23.0000 22.8291
23.0000 23.3544
23.0000 23.3827
23.0000 23.4158
23.0000 22.1373
23.0000 23.0915
23.0000 22.6059
23.0000 23.7205
23.0000 23.1403
23.0000 22.0761
23.0000 22.9882
23.0000 23.4806
23.0000 22.5690
23.0000 22.2187
23.0000 22.5662
23.0000 23.7198
23.0000 23.4629
23.0000 23.6123
23.0000 23.1225
23.0000 22.1141
23.0000 22.1167
23.0000 22.3370
23.0000 22.9719
23.0000 22.5638
23.0000 23.1780
23.0000 23.4135
23.0000 23.5789
23.0000 22.6637
23.0000 23.4476
23.0000 21.9153
23.0000 23.8601
23.0000 23.2231
23.0000 22.8132
23.0000 22.6812
23.0000 23.3113
23.0000 23.3330
23.0000 23.1798
23.0000 22.7372
23.0000 23.2078
23.0000 21.8921
23.0000 23.1713
23.0000 23.6555
23.0000 22.7379
23.0000 23.2988
23.0000 23.0715
23.0000 22.5081
23.0000 23.5406
23.0000 23.0064
23.0000 22.7446
23.0000 22.6279
23.0000 22.0405
23.0000 21.9073
23.0000 23.5084
23.0000 23.3437
23.0000 22.5120
23.0000 22.9249
23.0000 23.1361
23.0000 23.9480
23.0000 22.6596
23.0000 22.4258
23.0000 24.0859
23.0000 23.5542
23.0000 23.7090
23.0000 23.8778
23.0000 22.9498
23.0000 23.0204
23.0000 22.0650
23.0000 22.1810
23.0000 22.4651
23.0000 21.7848
23.0000 22.7381
23.0000 22.4548
23.0000 21.8236
23.0000 23.2325
23.0000 22.7565
23.0000 22.9243
23.0000 22.5159
23.0000 23.1353
23.0000 23.2458
23.0000 22.8586
23.0000 22.6038
23.0000 22.2756
23.0000 23.4851
23.0000 23.2453
23.0000 23.1054
23.0000 22.8324
23.0000 22.5966
23.0000 22.2486
23.0000 22.3267
23.0000 23.0279
23.0000 22.8977
23.0000 23.6313
23.0000 21.9478
23.0000 22.9105
23.0000 22.8605
23.0000 23.5288
23.0000 22.9731
23.0000 23.6068
23.0000 22.8517
23.0000 23.5769
23.0000 22.8452
23.0000 22.7402
23.0000 22.7428
23.0000 23.8278
23.0000 22.3658
23.0000 23.6456
23.0000 23.3641
23.0000 22.2680
23.0000 22.6734
23.0000 23.6537
23.0000 22.6417
23.0000 22.9474
23.0000 23.3925
23.0000 23.4872
23.0000 22.8037
23.0000 22.3221
23.0000 23.4252
23.0000 22.7223
23.0000 23.3600
23.0000 23.3164
23.0000 22.6916
23.0000 22.5148
23.0000 23.0063
23.0000 22.4761
23.0000 22.3527
23.0000 22.2701
23.0000 22.2662
23.0000 22.2373
23.0000 23.4554
23.0000 21.8274
23.0000 22.5902
23.0000 23.0739
23.0000 22.9556
23.0000 21.7346
23.0000 23.1357
23.0000 22.7276
23.0000 23.5811
23.0000 22.4620
23.0000 23.3159
23.0000 22.6315
23.0000 23.7386
23.0000 23.1145
23.0000 23.0808
23.0000 22.9856
23.0000 20.7309
23.0000 23.9744
23.0000 22.9471
23.0000 22.5840
23.0000 22.5590
23.0000 22.7574
23.0000 23.1291
23.0000 22.3111
23.0000 22.6471
23.0000 23.2214
23.0000 22.6726
23.0000 23.7969
23.0000 22.6599
23.0000 22.2698
23.0000 22.3210
23.0000 21.9416
23.0000 21.8162
23.0000 22.4569
23.0000 23.7375
23.0000 22.4842
23.0000 22.7864
23.0000 22.5359
23.0000 22.3061
23.0000 23.3554
23.0000 24.0847
23.0000 22.6659
23.0000 21.8316
23.0000 23.0266
23.0000 23.2124
23.0000 22.4702
23.0000 21.8253
23.0000 23.0046
23.0000 22.8308
23.0000 24.3084
23.0000 23.3339
23.0000 22.9162
23.0000 22.5083
23.0000 23.2286
23.0000 23.0001
23.0000 22.0880
23.0000 23.2691
23.0000 23.4159
23.0000 23.0450
23.0000 21.6169
23.0000 23.2483
23.0000 23.1657
23.0000 22.8508
23.0000 22.9642
23.0000 23.9058
23.0000 22.8616
23.0000 23.5597
23.0000 23.1278
23.0000 22.3012
23.0000 22.3683
23.0000 23.1062
23.0000 22.5053
23.0000 23.6644
23.0000 23.6124
23.0000 23.0620
23.0000 22.9638
23.0000 22.9229
23.0000 22.3807
23.0000 22.6026
23.0000 22.2135
23.0000 24.0983
23.0000 23.1229
23.0000 23.1265
23.0000 23.3537
23.0000 22.9515
23.0000 22.6321
23.0000 23.2361
23.0000 22.0284
23.0000 23.3436
23.0000 21.9352
23.0000 22.6789
23.0000 23.2134
23.0000 23.6738
23.0000 23.9817
23.0000 22.2970
23.0000 22.4619
23.0000 23.2609
23.0000 22.4728
23.0000 22.9147
23.0000 22.6167
23.0000 22.2504
23.0000 22.7851
23.0000 23.2562
23.0000 22.7863
23.0000 23.2229
23.0000 23.4969
23.0000 22.4993
23.0000 22.0465
23.0000 23.6955
23.0000 22.3131
23.0000 23.5018
23.0000 23.0172
23.0000 23.1815
23.0000 22.7020
23.0000 22.6055
23.0000 22.1979
23.0000 23.6862
23.0000 22.4827
23.0000 23.4000
23.0000 22.7763
23.0000 23.7568
23.0000 22.8594
23.0000 23.0900
23.0000 22.3608
23.0000 23.2026
23.0000 23.3588
23.0000 22.7163
23.0000 23.3204
23.0000 23.2604
23.0000 23.6123
23.0000 23.2698
23.0000 23.6672
23.0000 23.3102
23.0000 21.8325
23.0000 22.1571
23.0000 22.4372
23.0000 22.4926
23.0000 23.2707
23.0000 23.6293
23.0000 23.2023
23.0000 22.6982
23.0000 22.6825
23.0000 21.5487
23.0000 23.0884
23.0000 22.8379
23.0000 22.6152
23.0000 22.3538
23.0000 22.7973
23.0000 21.0470
23.0000 23.8247
23.0000 22.7430
23.0000 22.7624
23.0000 21.6145
23.0000 23.8011
23.0000 23.1030
23.0000 23.0026
23.0000 22.3441
23.0000 23.2144
23.0000 22.6708
23.0000 22.8432
23.0000 22.9127
23.0000 22.2257
23.0000 22.1739
23.0000 23.1814
23.0000 23.3431
23.0000 23.0660
23.0000 22.9295
23.0000 22.6027
23.0000 22.5050
23.0000 23.5101
23.0000 22.2890
23.0000 23.2675
23.0000 22.8529
23.0000 22.6548
23.0000 22.9511
23.0000 24.2873
23.0000 22.5899
23.0000 23.3740
23.0000 22.6379
23.0000 22.6681
23.0000 23.2888
23.0000 23.9753
23.0000 24.1313
23.0000 22.6689
23.0000 22.7624
23.0000 22.2981
23.0000 22.1533
23.0000 21.9577
23.0000 22.6587
23.0000 22.9908
23.0000 22.4314
23.0000 21.6153
23.0000 23.0911
23.0000 23.1297
23.0000 23.0378
23.0000 24.1286
23.0000 22.7258
23.0000 22.5503
23.0000 22.8913
23.0000 21.8623
23.0000 22.7132
23.0000 22.7121
23.0000 23.1339
23.0000 23.4191
23.0000 23.0311
23.0000 22.4956
23.0000 24.2113
23.0000 21.8483
23.0000 22.8525
23.0000 23.1784
23.0000 23.5278
23.0000 22.4175
23.0000 22.5063
23.0000 22.6391
23.0000 22.2245
23.0000 22.8970
23.0000 23.1587
23.0000 22.7210
23.0000 23.1642
23.0000 22.5511
23.0000 22.7366
23.0000 22.9976
23.0000 23.0116
23.0000 23.1918
23.0000 23.4088
23.0000 22.2552
23.0000 22.4771
23.0000 22.4032
23.0000 24.1652
23.0000 22.6720
23.0000 22.9089
23.0000 22.5485
23.0000 22.8496
23.0000 23.3515
23.0000 23.0933
23.0000 23.0702
23.0000 22.1183
23.0000 22.8300
23.0000 23.2874
23.0000 22.3881
23.0000 23.3621
23.0000 22.2487
23.0000 23.4841
23.0000 23.7144
23.0000 22.0374
23.0000 22.7388
23.0000 23.2444
23.0000 23.3995
23.0000 23.5120
23.0000 22.3189
23.0000 22.5666
23.0000 23.8337
23.0000 22.5104
23.0000 22.7120
23.0000 22.9913
23.0000 23.4230
23.0000 23.5312
23.0000 24.1710
23.0000 23.1727
23.0000 23.6613
23.0000 22.4075
23.0000 22.6238
23.0000 23.1727
23.0000 22.6612
23.0000 23.3409
23.0000 23.3578
23.0000 22.6980
23.0000 22.8429
23.0000 23.8075
23.0000 24.2869
23.0000 23.4907
23.0000 23.0992
23.0000 23.6117
23.0000 23.1417
23.0000 22.5401
23.0000 23.3016
23.0000 22.7113
23.0000 22.0693
23.0000 23.0796
23.0000 22.4898
23.0000 23.4311
23.0000 22.7446
23.0000 23.3642
23.0000 21.9172
23.0000 23.8710
23.0000 23.5556
23.0000 22.6137
23.0000 24.1452
23.0000 22.6345
23.0000 22.8442
23.0000 23.6408
23.0000 23.7321
23.0000 22.9885
23.0000 23.2576
23.0000 22.5234
23.0000 22.7211
23.0000 22.2981
23.0000 22.9771
23.0000 23.7864
23.0000 22.3948
23.0000 23.1985
23.0000 24.3051
23.0000 22.6957
23.0000 23.2835
23.0000 22.5833
23.0000 23.4406
23.0000 23.2519
23.0000 24.4589
23.0000 23.8740
23.0000 22.7592
23.0000 22.9132
23.0000 22.9931
23.0000 23.5720
23.0000 23.0009
23.0000 22.0988
23.0000 22.7565
23.0000 23.2945
23.0000 23.3474
23.0000 21.9999
23.0000 23.3589
23.0000 22.2793
23.0000 22.6866
23.0000 22.8561
23.0000 22.8035
23.0000 23.2185
23.0000 21.9014
23.0000 22.6627
23.0000 22.9962
23.0000 23.0226
23.0000 22.9084
23.0000 24.2473
23.0000 22.1239
23.0000 23.5865
23.0000 22.8077
23.0000 22.3400
23.0000 22.6580
23.0000 23.1193
23.0000 22.1461
23.0000 23.0847
23.0000 23.1119
23.0000 22.6278
23.0000 22.2436
23.0000 23.3212
23.0000 22.2072
23.0000 22.5232
23.0000 23.1579
23.0000 21.8542
23.0000 23.1792
23.0000 23.2609
23.0000 22.8685
23.0000 23.2991
23.0000 23.7081
23.0000 23.3222
23.0000 22.9891
23.0000 22.7049
23.0000 22.3816
23.0000 22.4785
23.0000 22.9180
23.0000 24.2230
23.0000 22.9127
23.0000 22.2614
23.0000 23.1676
23.0000 22.7708
23.0000 23.2310
23.0000 23.0014
23.0000 21.5426
23.0000 22.9105
23.0000 23.2880
23.0000 23.4700
23.0000 22.7042
23.0000 23.2094
23.0000 23.4083
23.0000 23.2892
23.0000 22.8838
23.0000 23.1307
23.0000 22.7442
23.0000 23.0994
23.0000 22.7323
23.0000 22.7553
23.0000 22.4827
23.0000 23.0035
23.0000 23.0855
23.0000 23.0465
23.0000 23.2334
23.0000 22.7486
23.0000 22.4054
23.0000 22.7273
23.0000 23.5123
23.0000 22.6402
23.0000 23.0063
23.0000 23.0202
23.0000 23.4634
23.0000 23.2814
23.0000 22.4541
23.0000 23.5142
23.0000 22.0436
23.0000 22.0539
23.0000 22.1955
23.0000 22.9174
23.0000 22.6219
23.0000 22.8571
23.0000 23.3990
23.0000 23.4488
23.0000 22.9023
23.0000 22.6957
23.0000 22.9393
23.0000 22.8708
23.0000 23.4798
23.0000 22.2741
23.0000 22.9041
23.0000 23.1693
23.0000 22.6532
23.0000 21.9174
23.0000 22.8849
23.0000 22.5789
23.0000 23.1864
23.0000 23.2631
23.0000 22.5420
23.0000 21.9419
23.0000 22.4492
23.0000 23.6752
23.0000 22.7183
23.0000 22.1567
23.0000 22.9623
23.0000 20.7423
23.0000 22.8493
23.0000 22.9288
23.0000 22.6623
23.0000 23.2282
23.0000 22.9291
23.0000 23.8535
23.0000 23.1960
23.0000 22.9992
23.0000 23.0046
23.0000 22.6444
23.0000 21.5020
23.0000 23.3468
23.0000 22.5142
23.0000 22.5973
23.0000 22.9228
23.0000 22.7910
23.0000 23.1403
23.0000 23.4498
23.0000 23.0470
23.0000 23.0720
23.0000 23.3192
23.0000 22.8386
23.0000 22.5310
23.0000 22.1266
23.0000 22.9942
23.0000 22.5841
23.0000 22.4241
23.0000 24.3630
23.0000 22.3643
23.0000 23.5037
23.0000 23.2150
23.0000 23.4575
23.0000 22.7859
23.0000 22.6685
23.0000 22.4685
23.0000 23.2087
23.0000 22.7616
23.0000 22.7153
23.0000 22.6135
23.0000 23.2250
23.0000 23.1274
23.0000 22.0778
23.0000 22.2806
23.0000 23.0588
23.0000 23.5936
23.0000 22.2237
23.0000 22.5599
23.0000 21.9361
23.0000 23.0407
23.0000 22.7647
23.0000 23.8852
23.0000 22.4127
23.0000 22.9811
23.0000 22.5884
23.0000 23.4445
23.0000 23.2936
23.0000 22.6660
23.0000 23.1907
23.0000 22.0695
23.0000 22.7707
23.0000 22.1081
23.0000 23.1435
23.0000 23.4129
23.0000 23.3433
23.0000 23.2286
23.0000 22.1864
23.0000 22.8088
23.0000 23.2074
23.0000 23.4297
23.0000 22.5915
23.0000 22.4173
23.0000 22.7943
23.0000 22.7151
23.0000 22.9487
23.0000 23.1884
23.0000 22.4711
23.0000 21.8960
23.0000 23.4008
23.0000 23.4686
23.0000 22.4967
23.0000 22.9291
23.0000 23.0981
23.0000 22.1965
23.0000 23.4346
23.0000 22.7104
23.0000 22.3956
23.0000 22.9486
23.0000 23.0278
23.0000 22.7558
23.0000 22.8158
23.0000 22.9447
23.0000 24.2105
23.0000 22.8652
23.0000 22.3974
23.0000 22.3901
23.0000 23.2207
23.0000 22.6134
23.0000 22.8007
23.0000 23.7014
23.0000 23.7778
23.0000 22.4568
23.0000 24.4126
23.0000 23.1908
23.0000 23.3866
23.0000 22.9034
23.0000 21.8438
23.0000 23.2553
23.0000 23.6153
23.0000 23.2471
23.0000 22.6152
23.0000 23.2756
23.0000 22.3977
23.0000 21.7430
23.0000 22.8297
23.0000 22.6971
23.0000 22.6628
23.0000 22.8462
23.0000 22.7059
23.0000 23.1611
23.0000 23.6254
23.0000 23.5748
23.0000 22.2622
23.0000 22.8307
23.0000 23.5967
23.0000 22.2592
23.0000 22.6198
23.0000 22.5042
23.0000 24.2093
23.0000 23.4965
23.0000 23.8270
23.0000 22.4298
23.0000 22.6990
23.0000 22.2293
23.0000 22.8159
23.0000 22.7038
23.0000 23.5064
23.0000 23.1512
23.0000 23.3387
23.0000 22.4030
23.0000 23.4892
23.0000 22.4164
23.0000 23.1719
23.0000 22.6847
23.0000 23.2974
23.0000 23.0332
23.0000 22.1058
23.0000 23.3742
23.0000 22.4330
23.0000 23.8471
23.0000 22.3986
23.0000 23.7717
23.0000 22.9258
23.0000 22.2455
23.0000 22.2538
23.0000 22.7469
23.0000 22.8690
23.0000 23.5372
23.0000 23.4856
23.0000 23.1098
23.0000 22.8211
23.0000 22.5413
23.0000 23.1872
23.0000 22.9039
23.0000 22.3750
23.0000 22.6275
23.0000 23.5569
23.0000 23.6182
23.0000 23.9157
23.0000 22.4695
23.0000 22.7652
23.0000 22.7389
23.0000 23.7229
23.0000 23.5580
23.0000 23.1019
23.0000 23.8352
23.0000 21.9044
23.0000 23.5715
23.0000 23.0255
23.0000 23.2334
23.0000 22.5259
23.0000 21.3610
23.0000 23.6214
23.0000 22.4839
23.0000 23.1511
23.0000 22.5601
23.0000 22.5541
23.0000 22.7391
23.0000 23.0953
23.0000 23.6446
23.0000 22.2792
23.0000 23.1319
23.0000 23.7749
23.0000 23.7256
23.0000 23.2199
23.0000 23.0269
23.0000 22.6085
23.0000 22.8223
23.0000 22.8024
23.0000 22.3423
23.0000 23.9137
23.0000 23.1462
23.0000 22.6212
23.0000 23.1415
23.0000 23.7819
23.0000 22.0462
23.0000 22.8478
23.0000 23.2797
23.0000 22.6974
23.0000 23.1071
23.0000 23.3381
23.0000 22.7852
23.0000 22.7461
23.0000 23.8056
23.0000 21.7468
23.0000 22.0750
23.0000 22.9844
23.0000 22.1886
23.0000 22.6936
23.0000 23.8444
23.0000 22.1154
23.0000 23.1756
23.0000 22.1745
23.0000 23.7657
23.0000 22.1502
23.0000 22.1347
23.0000 22.9084
23.0000 23.7111
23.0000 22.9406
23.0000 22.3911
23.0000 21.6331
23.0000 23.0256
23.0000 23.4482
23.0000 21.9487
23.0000 23.4330
23.0000 21.7113
23.0000 22.5361
23.0000 23.4121
23.0000 23.5929
23.0000 22.6472
23.0000 22.3024
23.0000 23.3674
23.0000 23.6104
23.0000 23.1939
23.0000 23.1781
23.0000 22.7249
23.0000 22.7127
23.0000 23.6491
23.0000 22.1950
23.0000 23.8188
23.0000 23.7222
23.0000 23.1363
23.0000 22.4299
23.0000 23.9168
23.0000 23.0408
23.0000 22.8298
23.0000 23.7225
23.0000 22.6365
23.0000 22.8477
23.0000 22.9958
23.0000 22.6064
23.0000 23.5406
23.0000 23.0034
23.0000 22.5850
23.0000 23.4966
23.0000 22.6971
23.0000 22.9439
23.0000 23.6656
23.0000 22.5487
23.0000 23.0844
23.0000 22.9004
23.0000 23.6601
23.0000 24.3966
23.0000 22.7117
23.0000 22.4778
23.0000 22.5938
23.0000 23.0609
23.0000 23.4536
23.0000 22.3580
23.0000 21.6736
23.0000 22.3802
23.0000 23.9471
23.0000 23.2984
23.0000 22.5261
23.0000 24.0874
23.0000 22.2447
23.0000 23.3644
23.0000 23.0718
23.0000 22.6094
23.0000 23.2349
23.0000 22.0931
23.0000 22.6252
23.0000 23.5449
23.0000 22.3907
23.0000 24.3781
23.0000 23.3134
23.0000 22.6008
23.0000 22.3895
23.0000 22.7696
23.0000 23.0154
23.0000 23.9882
23.0000 23.1175
23.0000 21.9046
23.0000 23.4069
23.0000 23.1117
23.0000 22.7042
23.0000 23.3562
23.0000 23.5733
23.0000 22.3727
23.0000 23.6545
23.0000 22.3609
23.0000 22.9948
23.0000 22.8575
23.0000 21.7755
23.0000 22.8390
23.0000 22.4022
23.0000 22.6853
23.0000 22.5820
23.0000 22.9146
23.0000 21.8042
23.0000 22.3753
23.0000 23.6868
23.0000 22.6486
23.0000 23.4841
23.0000 23.1515
23.0000 22.7026
23.0000 21.4617
23.0000 22.4485
23.0000 23.2036
23.0000 22.4324
23.0000 23.2211
23.0000 22.9523
23.0000 22.7984
23.0000 23.1993
23.0000 22.7454
23.0000 21.9232
23.0000 23.1249
23.0000 22.4802
23.0000 23.5722
23.0000 22.4760
23.0000 22.8026
23.0000 23.2784
23.0000 22.4717
23.0000 22.3037
23.0000 22.9323
23.0000 23.9627
23.0000 24.0375
23.0000 23.4587
23.0000 23.3570
23.0000 22.6727
23.0000 23.0786
23.0000 22.6472
23.0000 22.2589
23.0000 23.4692
23.0000 23.9690
