24.0000 24.0740
24.0000 24.4055
24.0000 23.9249
24.0000 24.1812
24.0000 23.6549
24.0000 23.8657
24.0000 22.9563
24.0000 23.9174
24.0000 23.4041
24.0000 24.1824
24.0000 24.5716
24.0000 23.8439
24.0000 24.6644
24.0000 23.9931
24.0000 24.4375
24.0000 24.5040
24.0000 23.4126
24.0000 23.3867
24.0000 24.0088
24.0000 24.3315
24.0000 24.0129
24.0000 23.9289
24.0000 23.9861
24.0000 23.0520
24.0000 24.6885
24.0000 24.8106
24.0000 22.9174
24.0000 24.2770
24.0000 22.7435
24.0000 24.3369
24.0000 24.1963
24.0000 24.6504
24.0000 22.7389
24.0000 25.5745
24.0000 23.5531
24.0000 22.8443
24.0000 23.5660
24.0000 22.9575
24.0000 23.9378
24.0000 23.9479
24.0000 24.1982
24.0000 23.5207
24.0000 23.4930
24.0000 23.1461
24.0000 24.8918
24.0000 23.8684
24.0000 23.6958
24.0000 23.9659
24.0000 23.9790
24.0000 23.7564
24.0000 23.6488
24.0000 23.6930
24.0000 23.8417
24.0000 23.7608
24.0000 24.0866
24.0000 23.8224
24.0000 23.7389
24.0000 23.6070
24.0000 23.7260
24.0000 23.8551
24.0000 23.5138
24.0000 24.6074
24.0000 23.8618
24.0000 23.8677
24.0000 22.7496
24.0000 23.9143
24.0000 23.2164
24.0000 25.0323
24.0000 23.5962
24.0000 23.3627
24.0000 24.0570
24.0000 23.8800
24.0000 24.1669
24.0000 24.4067
24.0000 23.2965
24.0000 23.6292
24.0000 23.5090
24.0000 22.9735
24.0000 24.0113
24.0000 24.3120
24.0000 23.1748
24.0000 23.8825
24.0000 23.1586
24.0000 23.3725
24.0000 23.0320
24.0000 23.2854
24.0000 23.4781
24.0000 24.0904
24.0000 23.4761
24.0000 23.7865
24.0000 23.8632
24.0000 23.4538
24.0000 24.3125
24.0000 22.6958
24.0000 24.0218
24.0000 23.8362
24.0000 23.6341
24.0000 24.0173
24.0000 24.0717
24.0000 23.4486
24.0000 23.6594
24.0000 23.6618
24.0000 23.9134
24.0000 23.2177
24.0000 23.3778
24.0000 24.6892
24.0000 24.1347
24.0000 24.1192
24.0000 23.3527
24.0000 24.0274
24.0000 23.7630
24.0000 23.5843
24.0000 24.3111
24.0000 25.1883
24.0000 23.3154
24.0000 23.4578
24.0000 23.4722
24.0000 23.6307
24.0000 23.8148
24.0000 23.1799
24.0000 24.3829
24.0000 23.5305
24.0000 24.1790
24.0000 23.7342
24.0000 24.7463
24.0000 24.1570
24.0000 23.9908
24.0000 23.9503
24.0000 23.5074
24.0000 24.3809
24.0000 23.4865
24.0000 22.6640
24.0000 23.5582
24.0000 24.1125
24.0000 23.0857
24.0000 23.6930
24.0000 24.7543
24.0000 22.9021
24.0000 24.0011
24.0000 24.5395
24.0000 23.2564
24.0000 23.4844
24.0000 23.1412
24.0000 23.7979
24.0000 23.9991
24.0000 25.0280
24.0000 24.0869
24.0000 23.2729
24.0000 23.6932
24.0000 24.7190
24.0000 24.2282
24.0000 23.2511
24.0000 23.4476
24.0000 24.2842
24.0000 23.9542
24.0000 23.6003
24.0000 23.5783
24.0000 23.3963
24.0000 23.6733
24.0000 23.4001
24.0000 23.3946
24.0000 23.7344
24.0000 24.4945
24.0000 23.4728
24.0000 23.0490
24.0000 23.3800
24.0000 23.3083
24.0000 22.9413
24.0000 23.6550
24.0000 24.1365
24.0000 23.1220
24.0000 24.1080
24.0000 23.4598
24.0000 23.8466
24.0000 23.6424
24.0000 24.3427
24.0000 23.4549
24.0000 23.0463
24.0000 23.2654
24.0000 23.1313
24.0000 23.5190
24.0000 24.8862
24.0000 24.0929
24.0000 23.5777
24.0000 24.1763
24.0000 24.5466
24.0000 22.3418
24.0000 23.5932
24.0000 23.8096
24.0000 23.4118
24.0000 24.2142
24.0000 24.8747
24.0000 23.8339
24.0000 23.8480
24.0000 23.9027
24.0000 23.6670
24.0000 23.0674
24.0000 23.1240
24.0000 23.3752
24.0000 23.2773
24.0000 24.4177
24.0000 23.1555
24.0000 23.4946
24.0000 23.6357
24.0000 22.8120
24.0000 22.9274
24.0000 23.2543
24.0000 23.9274
24.0000 24.4601
24.0000 22.6609
24.0000 23.5596
24.0000 23.9156
24.0000 23.2270
24.0000 23.9967
24.0000 23.3497
24.0000 23.1474
24.0000 24.1466
24.0000 23.5923
24.0000 23.9252
24.0000 23.9524
24.0000 23.8475
24.0000 23.1953
24.0000 23.3690
24.0000 23.9555
24.0000 23.6704
24.0000 24.2801
24.0000 24.8395
24.0000 24.0031
24.0000 24.1660
24.0000 23.6015
24.0000 25.0400
24.0000 23.1804
24.0000 24.6437
24.0000 23.4764
24.0000 24.0890
24.0000 23.8573
24.0000 24.1975
24.0000 24.3472
24.0000 23.8428
24.0000 24.3639
24.0000 24.3856
24.0000 22.6084
24.0000 24.5305
24.0000 23.7378
24.0000 23.2975
24.0000 24.3668
24.0000 24.3250
24.0000 23.7689
24.0000 22.5622
24.0000 24.2306
24.0000 23.9084
24.0000 23.1936
24.0000 23.5581
24.0000 24.4227
24.0000 22.8737
24.0000 24.4266
24.0000 23.1133
24.0000 23.5324
24.0000 23.4035
24.0000 23.0669
24.0000 23.7755
24.0000 24.0785
24.0000 24.6152
24.0000 23.0336
24.0000 23.1742
24.0000 23.5346
24.0000 24.5989
24.0000 22.7897
24.0000 23.9148
24.0000 24.4083
24.0000 23.6535
24.0000 24.2832
24.0000 24.0130
24.0000 23.4761
24.0000 24.7371
24.0000 24.1952
24.0000 23.1941
24.0000 24.1590
24.0000 23.8826
24.0000 23.6160
24.0000 23.5825
24.0000 23.3326
24.0000 22.8822
24.0000 23.4245
24.0000 23.1325
24.0000 23.4870
24.0000 24.4129
24.0000 24.0438
24.0000 24.1502
24.0000 23.6615
24.0000 23.5078
24.0000 24.1016
24.0000 24.7859
24.0000 23.7567
24.0000 23.5638
24.0000 23.2411
24.0000 24.1303
24.0000 23.9830
24.0000 23.9989
24.0000 24.2083
24.0000 23.3007
24.0000 24.1169
24.0000 23.2322
24.0000 22.8463
24.0000 24.4873
24.0000 23.9295
24.0000 23.4942
24.0000 23.8419
24.0000 24.0431
24.0000 23.4336
24.0000 23.0842
24.0000 24.0784
24.0000 24.2927
24.0000 23.7496
24.0000 23.1944
24.0000 23.1028
24.0000 23.9750
24.0000 23.3021
24.0000 23.6638
24.0000 23.9997
24.0000 23.1676
24.0000 23.6934
24.0000 22.8954
24.0000 24.5459
24.0000 23.5361
24.0000 23.9649
24.0000 23.7857
24.0000 24.3883
24.0000 22.6796
24.0000 23.5168
24.0000 24.2187
24.0000 24.1040
24.0000 23.3485
24.0000 24.6051
24.0000 24.2622
24.0000 23.9956
24.0000 24.4868
24.0000 23.8969
24.0000 24.6057
24.0000 24.2428
24.0000 23.3137
24.0000 22.7429
24.0000 23.1856
24.0000 23.2772
24.0000 24.9684
24.0000 23.8214
24.0000 23.3015
24.0000 23.3225
24.0000 24.2288
24.0000 23.8919
24.0000 24.5188
24.0000 23.5850
24.0000 23.3044
24.0000 23.5457
24.0000 23.9289
24.0000 23.9456
24.0000 23.8840
24.0000 23.5006
24.0000 24.9694
24.0000 24.0640
24.0000 24.1494
24.0000 24.2185
24.0000 23.0127
24.0000 24.0612
24.0000 23.7234
24.0000 23.5501
24.0000 23.0892
24.0000 23.3755
24.0000 24.7371
24.0000 23.6753
24.0000 23.7353
24.0000 24.2223
24.0000 24.6819
24.0000 23.6293
24.0000 23.7201
24.0000 23.9603
24.0000 24.4498
24.0000 23.9522
24.0000 24.0260
24.0000 23.2411
24.0000 23.5738
24.0000 24.1042
24.0000 22.8708
24.0000 24.3408
24.0000 23.1042
24.0000 23.7511
24.0000 24.0681
24.0000 23.6733
24.0000 24.0660
24.0000 23.9883
24.0000 23.4668
24.0000 23.8553
24.0000 23.8301
24.0000 22.8986
24.0000 24.2490
24.0000 23.2063
24.0000 23.8503
24.0000 23.9470
24.0000 24.1919
24.0000 23.9510
24.0000 23.8872
24.0000 24.4004
24.0000 23.3719
24.0000 23.4215
24.0000 23.3247
24.0000 23.8889
24.0000 23.3789
24.0000 22.8766
24.0000 24.5418
24.0000 24.4412
24.0000 23.7833
24.0000 24.2424
24.0000 24.8351
24.0000 23.6491
24.0000 24.0608
24.0000 24.8261
24.0000 23.1337
24.0000 24.5809
24.0000 23.8327
24.0000 24.8241
24.0000 24.1377
24.0000 23.2761
24.0000 24.0813
24.0000 24.1471
24.0000 23.8311
24.0000 23.0433
24.0000 24.2681
24.0000 23.8622
24.0000 23.7274
24.0000 23.1794
24.0000 22.9219
24.0000 22.9325
24.0000 23.2530
24.0000 24.3566
24.0000 23.5761
24.0000 24.1894
24.0000 23.8849
24.0000 23.9713
24.0000 23.7579
24.0000 24.2159
24.0000 23.8959
24.0000 23.7311
24.0000 21.7904
24.0000 23.5202
24.0000 23.6310
24.0000 22.8498
24.0000 24.2404
24.0000 23.8493
24.0000 23.8604
24.0000 23.8282
24.0000 24.2594
24.0000 24.3958
24.0000 23.7524
24.0000 23.1975
24.0000 24.1003
24.0000 22.9225
24.0000 23.7788
24.0000 24.2291
24.0000 24.6215
24.0000 23.9913
24.0000 23.5363
24.0000 23.6287
24.0000 23.8599
24.0000 23.5176
24.0000 24.0573
24.0000 23.4511
24.0000 23.9999
24.0000 24.3983
24.0000 23.7969
24.0000 24.3185
24.0000 24.4661
24.0000 23.3390
24.0000 23.2904
24.0000 23.9807
24.0000 23.5468
24.0000 24.0915
24.0000 23.7378
24.0000 23.4815
24.0000 24.2522
24.0000 23.7552
24.0000 23.4107
24.0000 24.0476
24.0000 23.2062
24.0000 23.3298
24.0000 24.1535
24.0000 23.9083
24.0000 24.7963
24.0000 23.5860
24.0000 24.1077
24.0000 24.2876
24.0000 24.3373
24.0000 24.0345
24.0000 23.2843
24.0000 23.8480
24.0000 23.3850
24.0000 24.4809
24.0000 22.9354
24.0000 23.2201
24.0000 23.7819
24.0000 24.4089
24.0000 22.4435
24.0000 24.4469
24.0000 24.8829
24.0000 24.0042
24.0000 23.9965
24.0000 25.1082
24.0000 22.2858
24.0000 23.5595
24.0000 23.9653
24.0000 24.1431
24.0000 24.1744
24.0000 23.4626
24.0000 24.2501
24.0000 23.8209
24.0000 23.5772
24.0000 23.8837
24.0000 24.9030
24.0000 24.0218
24.0000 23.1835
24.0000 23.2052
24.0000 23.5716
24.0000 24.7070
24.0000 23.9764
24.0000 23.9102
24.0000 24.2022
24.0000 23.0509
24.0000 23.3456
24.0000 24.1607
24.0000 22.6486
24.0000 24.3179
24.0000 23.2522
24.0000 23.7780
24.0000 25.2383
24.0000 23.8252
24.0000 24.4804
24.0000 24.5117
24.0000 23.8527
24.0000 24.5232
24.0000 22.9689
24.0000 23.5506
24.0000 24.1509
24.0000 22.9234
24.0000 23.6366
24.0000 24.5515
24.0000 23.5878
24.0000 24.6512
24.0000 24.0121
24.0000 23.1513
24.0000 23.9484
24.0000 23.9826
24.0000 23.5895
24.0000 24.0716
24.0000 23.8292
24.0000 23.3196
24.0000 22.9349
24.0000 22.9559
24.0000 23.0718
24.0000 24.7273
24.0000 24.0022
24.0000 24.0249
24.0000 24.0552
24.0000 23.5537
24.0000 22.4275
24.0000 22.4381
24.0000 23.3088
24.0000 23.6660
24.0000 24.2002
24.0000 23.7748
24.0000 23.5027
24.0000 24.2347
24.0000 23.7202
24.0000 24.1891
24.0000 23.4728
24.0000 23.1999
24.0000 24.6356
24.0000 23.4079
24.0000 24.7403
24.0000 23.5791
24.0000 23.1288
24.0000 24.2050
24.0000 24.4895
24.0000 23.2413
24.0000 24.1898
24.0000 23.7269
24.0000 23.4003
24.0000 23.7871
24.0000 24.2254
24.0000 23.1304
24.0000 23.3387
24.0000 24.3159
24.0000 24.0921
24.0000 23.9942
24.0000 24.0466
24.0000 22.6930
24.0000 24.1098
24.0000 23.4966
24.0000 24.1755
24.0000 23.7160
24.0000 24.5026
24.0000 23.6143
24.0000 23.2484
24.0000 23.2857
24.0000 22.7686
24.0000 23.9974
24.0000 24.2284
24.0000 23.6564
24.0000 23.0504
24.0000 23.8344
24.0000 23.9792
24.0000 23.1769
24.0000 23.8535
24.0000 23.7285
24.0000 23.5016
24.0000 23.1969
24.0000 24.1638
24.0000 23.2797
24.0000 23.9432
24.0000 23.7446
24.0000 23.7775
24.0000 24.1994
24.0000 24.1279
24.0000 22.9055
24.0000 24.5709
24.0000 22.6677
24.0000 23.8014
24.0000 24.1419
24.0000 23.9716
24.0000 23.9519
24.0000 24.2183
24.0000 25.1692
24.0000 22.8535
24.0000 24.0337
24.0000 23.8601
24.0000 23.3459
24.0000 24.6984
24.0000 23.4481
24.0000 24.4951
24.0000 23.6231
24.0000 24.5507
24.0000 24.4453
24.0000 23.8829
24.0000 23.0069
24.0000 23.4912
24.0000 23.8659
24.0000 24.1671
24.0000 23.8336
24.0000 23.4394
24.0000 23.8833
24.0000 24.2153
24.0000 23.9946
24.0000 23.8427
24.0000 23.5107
24.0000 23.3444
24.0000 23.4124
24.0000 22.9033
24.0000 23.2803
24.0000 23.4020
24.0000 23.5657
24.0000 23.5998
24.0000 23.5145
24.0000 23.8751
24.0000 23.6238
24.0000 23.9448
24.0000 23.4432
24.0000 24.0621
24.0000 24.4350
24.0000 23.3953
24.0000 22.2759
24.0000 23.3976
24.0000 24.5645
24.0000 24.3112
24.0000 24.6343
24.0000 24.2329
24.0000 23.9943
24.0000 24.1074
24.0000 23.8304
24.0000 23.5784
24.0000 23.2139
24.0000 23.6838
24.0000 24.4292
24.0000 24.1156
24.0000 22.7949
24.0000 23.8879
24.0000 23.7839
24.0000 23.6702
24.0000 23.5517
24.0000 23.5618
24.0000 23.7059
24.0000 23.7610
24.0000 24.7768
24.0000 23.2717
24.0000 22.2079
24.0000 24.1954
24.0000 24.9186
24.0000 22.8809
24.0000 23.9252
24.0000 23.5261
24.0000 22.5905
24.0000 23.9928
24.0000 23.4822
24.0000 23.8865
24.0000 24.3086
24.0000 23.3897
24.0000 24.4594
24.0000 23.1347
24.0000 24.3728
24.0000 23.9689
24.0000 23.9955
24.0000 24.8069
24.0000 23.6640
24.0000 24.4708
24.0000 23.2604
24.0000 23.9260
24.0000 23.1090
24.0000 24.2228
24.0000 24.0653
24.0000 23.6105
24.0000 23.7529
24.0000 23.3677
24.0000 23.2092
24.0000 23.8781
24.0000 23.7118
24.0000 23.7365
24.0000 23.2161
24.0000 23.6462
24.0000 23.7486
24.0000 24.0212
24.0000 24.0148
24.0000 23.9497
24.0000 24.1044
24.0000 23.9424
24.0000 23.8426
24.0000 24.2937
24.0000 23.5145
24.0000 23.4447
24.0000 24.4718
24.0000 23.0634
24.0000 23.6594
24.0000 23.6166
24.0000 22.9695
24.0000 24.8025
24.0000 22.8457
24.0000 23.6311
24.0000 23.5397
24.0000 24.5377
24.0000 23.6225
24.0000 23.6377
24.0000 24.3584
24.0000 24.0934
24.0000 24.0509
24.0000 23.7942
24.0000 23.8348
24.0000 23.8433
24.0000 24.1835
24.0000 23.1858
24.0000 23.9040
24.0000 24.0675
24.0000 24.4257
24.0000 23.5665
24.0000 24.2505
24.0000 23.9784
24.0000 22.8042
24.0000 23.9811
24.0000 24.1335
24.0000 22.5123
24.0000 23.8669
24.0000 23.0147
24.0000 24.0265
24.0000 23.9705
24.0000 23.5193
24.0000 23.9258
24.0000 24.1742
24.0000 23.6987
24.0000 24.3471
24.0000 25.1123
24.0000 24.0133
24.0000 24.3879
24.0000 24.0435
24.0000 24.1679
24.0000 22.9898
24.0000 22.9306
24.0000 23.7914
24.0000 23.3794
24.0000 23.6888
24.0000 24.0994
24.0000 23.8861
24.0000 22.3848
24.0000 23.2507
24.0000 23.1484
24.0000 24.0080
24.0000 23.9756
24.0000 23.6419
24.0000 24.0703
24.0000 24.0779
24.0000 23.4918
24.0000 23.9699
24.0000 23.4714
24.0000 23.4639
24.0000 23.7969
24.0000 24.5011
24.0000 24.2067
24.0000 23.5846
24.0000 23.4146
24.0000 24.6955
24.0000 23.7345
24.0000 23.4660
24.0000 23.7604
24.0000 23.8136
24.0000 24.2541
24.0000 23.9710
24.0000 24.6572
24.0000 24.1274
24.0000 24.7621
24.0000 23.8665
24.0000 23.5664
24.0000 23.6047
24.0000 24.4985
24.0000 23.6294
24.0000 23.9744
24.0000 23.4446
24.0000 24.2667
24.0000 23.7296
24.0000 23.1977
24.0000 23.6895
24.0000 23.5966
24.0000 23.3468
24.0000 24.3829
24.0000 23.7749
24.0000 22.6406
24.0000 24.1636
24.0000 23.8644
24.0000 23.8643
24.0000 22.5325
24.0000 22.3589
24.0000 23.8863
24.0000 24.0376
24.0000 23.8393
24.0000 23.0710
24.0000 23.7365
24.0000 23.9771
24.0000 23.5891
24.0000 23.6247
24.0000 24.2160
24.0000 23.5750
24.0000 23.0883
24.0000 23.8738
24.0000 24.0348
24.0000 23.3775
24.0000 23.6413
24.0000 23.5929
24.0000 23.1476
24.0000 24.5910
24.0000 23.4041
24.0000 23.8070
24.0000 24.1115
24.0000 22.5382
24.0000 22.7360
24.0000 24.3430
24.0000 23.2467
24.0000 24.4993
24.0000 22.9272
24.0000 24.4910
24.0000 23.0058
24.0000 23.4713
24.0000 23.4031
24.0000 23.0884
24.0000 23.9850
24.0000 22.9877
24.0000 23.0593
24.0000 22.9138
24.0000 23.7206
24.0000 23.3812
24.0000 23.3248
24.0000 23.8159
24.0000 23.9773
24.0000 24.3586
24.0000 23.2719
24.0000 24.3397
24.0000 23.9310
24.0000 23.4645
24.0000 24.0347
24.0000 23.6121
24.0000 24.3031
24.0000 23.3875
24.0000 23.6883
24.0000 24.3620
24.0000 24.5532
24.0000 23.8185
24.0000 24.3099
24.0000 23.9844
24.0000 23.9234
24.0000 23.6015
24.0000 23.4911
24.0000 23.7545
24.0000 23.9255
24.0000 23.2392
24.0000 24.1484
24.0000 22.8886
24.0000 24.1376
24.0000 22.9583
24.0000 23.5451
24.0000 24.0985
24.0000 23.6501
24.0000 24.2743
24.0000 23.8265
24.0000 23.6728
24.0000 22.7913
24.0000 23.9694
24.0000 23.4674
24.0000 24.4134
24.0000 24.0788
24.0000 22.5234
24.0000 24.2365
24.0000 24.1382
24.0000 23.8710
24.0000 24.2200
24.0000 24.7220
24.0000 23.4131
24.0000 23.5464
24.0000 23.7682
24.0000 24.2834
24.0000 23.5585
24.0000 23.7956
24.0000 24.4531
24.0000 23.9569
24.0000 22.6087
24.0000 22.8388
24.0000 24.2826
24.0000 23.6722
24.0000 23.1390
24.0000 23.2884
24.0000 24.0007
24.0000 23.9118
24.0000 23.0278
24.0000 23.2162
24.0000 23.0400
24.0000 23.4698
24.0000 24.5175
24.0000 23.0359
24.0000 22.9290
24.0000 23.4475
24.0000 23.2495
24.0000 23.4980
24.0000 24.0843
24.0000 23.8106
24.0000 23.7160
24.0000 23.6894
24.0000 22.9342
24.0000 23.8141
24.0000 23.7403
24.0000 23.5929
24.0000 24.0906
24.0000 24.5257
24.0000 23.8432
24.0000 24.4072
24.0000 24.0312
24.0000 24.0904
24.0000 22.8920
24.0000 23.8023
24.0000 22.4920
24.0000 23.1782
24.0000 23.6723
24.0000 23.3995
24.0000 24.0869
24.0000 23.0608
24.0000 23.5929
24.0000 24.7034
24.0000 23.9949
24.0000 24.0322
24.0000 23.2574
24.0000 24.0878
24.0000 24.9997
24.0000 24.7867
24.0000 24.2408
24.0000 23.4808
24.0000 24.6914
24.0000 25.1940
24.0000 23.8638
24.0000 24.2346
24.0000 23.0762
24.0000 24.5022
24.0000 23.9458
24.0000 23.9364
24.0000 23.2686
24.0000 23.4670
24.0000 23.5998
24.0000 23.6530
24.0000 23.4856
24.0000 24.4387
24.0000 23.5912
24.0000 23.3084
24.0000 23.7818
24.0000 23.2619
24.0000 24.0423
24.0000 21.6638
24.0000 23.8882
24.0000 24.5059
24.0000 23.8830
24.0000 22.6206
24.0000 23.9973
24.0000 23.7538
24.0000 23.9894
24.0000 23.6846
24.0000 22.7506
24.0000 23.5410
24.0000 23.6422
24.0000 23.5034
24.0000 24.9934
24.0000 23.5437
24.0000 24.2102
24.0000 24.1550
24.0000 23.9621
24.0000 23.2152
24.0000 23.9941
24.0000 23.8026
24.0000 23.3716
24.0000 23.2128
24.0000 24.1523
24.0000 23.5829
24.0000 23.7460
24.0000 24.1364
24.0000 24.3956
24.0000 24.0078
24.0000 22.4209
24.0000 23.1390
24.0000 24.4603
24.0000 24.2626
24.0000 24.1004
24.0000 23.4149
24.0000 23.5732
24.0000 22.9162
24.0000 23.4051
24.0000 23.6112
24.0000 24.6281
24.0000 23.0763
24.0000 24.0448
24.0000 24.3016
24.0000 24.6115
24.0000 23.2366
24.0000 25.1099
24.0000 23.4571
24.0000 24.1138
24.0000 24.1626
24.0000 24.4448
24.0000 23.1597
24.0000 23.1281
24.0000 23.7875
24.0000 23.8206
24.0000 22.9007
24.0000 24.0175
24.0000 24.5928
24.0000 23.9386
24.0000 22.7590
24.0000 24.4935
24.0000 24.1189
24.0000 24.3844
24.0000 24.2969
24.0000 23.8630
24.0000 23.8933
24.0000 23.9176
24.0000 24.1305
24.0000 24.1420
24.0000 22.8831
24.0000 24.8542
24.0000 23.9512
24.0000 24.0893
24.0000 23.8315
24.0000 23.3903
24.0000 23.6344
24.0000 23.3547
24.0000 23.8446
24.0000 23.2506
24.0000 24.2318
24.0000 23.9642
24.0000 24.3910
24.0000 24.0668
24.0000 24.0800
24.0000 22.8066
24.0000 24.6078
24.0000 24.0431
24.0000 23.7544
24.0000 23.0599
24.0000 23.0919
24.0000 23.7566
24.0000 23.1698
24.0000 24.2403
24.0000 23.9142
24.0000 24.4837
24.0000 23.7703
24.0000 24.2162
24.0000 23.7691
24.0000 23.4343
24.0000 24.0868
24.0000 23.7395
24.0000 22.6669
24.0000 22.8491
24.0000 23.1206
24.0000 23.9629
24.0000 23.2725
24.0000 24.4346
24.0000 23.6688
24.0000 24.2003
24.0000 24.1219
24.0000 22.8447
24.0000 23.4146
24.0000 23.9880
24.0000 23.2182
24.0000 23.8126
24.0000 23.4640
24.0000 23.7782
24.0000 23.0517
24.0000 23.5374
24.0000 23.8488
24.0000 24.5660
24.0000 24.2248
24.0000 23.7032
24.0000 23.7697
24.0000 24.1723
24.0000 23.1893
24.0000 23.7045
24.0000 23.5822
24.0000 24.4075
24.0000 23.1445
24.0000 23.9038
24.0000 23.9787
24.0000 24.3199
24.0000 23.4290
24.0000 24.5411
24.0000 23.6107
24.0000 23.5210
24.0000 23.4395
24.0000 24.3069
24.0000 24.5890
24.0000 24.2174
24.0000 23.5747
24.0000 23.9256
24.0000 23.7219
24.0000 23.0232
24.0000 23.0327
24.0000 24.9457
24.0000 23.7627
24.0000 23.2325
24.0000 24.7480
24.0000 23.7904
24.0000 23.2560
24.0000 23.7139
24.0000 23.0790
24.0000 24.1164
24.0000 23.6901
24.0000 24.2043
24.0000 23.8002
24.0000 24.7261
24.0000 23.5470
24.0000 23.8822
24.0000 24.0055
24.0000 24.1181
24.0000 22.8715
24.0000 24.0343
24.0000 23.7751
24.0000 24.8264
24.0000 22.9334
24.0000 23.9047
24.0000 23.5306
24.0000 24.3434
24.0000 23.7975
24.0000 24.6801
24.0000 23.5652
24.0000 23.2792
24.0000 24.1676
24.0000 24.1200
24.0000 24.8777
24.0000 23.2355
24.0000 23.8590
24.0000 23.6525
24.0000 24.9824
24.0000 23.5018
24.0000 23.4428
24.0000 23.3301
24.0000 23.2553
24.0000 22.6914
24.0000 23.2791
24.0000 24.2626
24.0000 24.0537
24.0000 24.5153
24.0000 22.9941
24.0000 24.6097
24.0000 22.5824
24.0000 24.2138
24.0000 23.3545
24.0000 23.3092
24.0000 23.9608
24.0000 24.4773
24.0000 24.7506
24.0000 24.3621
24.0000 23.0726
24.0000 24.3483
24.0000 22.5838
24.0000 23.0781
24.0000 22.9657
24.0000 24.3474
24.0000 23.7114
24.0000 23.4513
24.0000 23.7237
24.0000 23.4518
24.0000 23.5455
24.0000 23.5384
24.0000 23.9083
24.0000 23.1348
24.0000 23.0769
24.0000 24.2073
24.0000 24.4482
24.0000 22.9295
24.0000 23.7099
24.0000 22.7214
24.0000 23.6198
24.0000 23.5142
24.0000 24.3350
24.0000 24.4859
24.0000 23.9289
24.0000 22.8704
24.0000 23.5088
24.0000 23.2481
24.0000 24.0873
24.0000 23.0067
24.0000 23.2292
24.0000 23.5175
24.0000 24.4087
24.0000 23.3830
24.0000 23.3123
24.0000 24.0512
24.0000 24.3629
24.0000 22.5386
24.0000 24.1884
24.0000 23.5144
24.0000 24.1787
24.0000 24.1112
24.0000 23.6475
24.0000 23.4665
24.0000 23.2888
24.0000 23.9013
24.0000 24.7991
24.0000 24.5839
24.0000 23.9671
24.0000 24.4828
24.0000 21.8696
24.0000 23.6518
24.0000 23.3308
24.0000 23.5878
24.0000 23.8748
24.0000 24.3291
24.0000 24.2744
24.0000 24.0651
24.0000 23.5733
24.0000 23.8631
24.0000 23.2641
24.0000 24.5560
24.0000 22.9798
24.0000 23.9194
24.0000 23.9828
24.0000 23.8033
24.0000 23.8373
24.0000 24.0221
24.0000 23.6089
24.0000 25.2207
24.0000 24.0610
24.0000 23.3224
24.0000 23.9087
24.0000 24.0978
24.0000 23.0372
24.0000 23.9320
24.0000 24.3253
24.0000 23.4150
24.0000 24.1705
24.0000 23.5939
24.0000 23.6903
24.0000 23.7504
24.0000 24.2106
24.0000 23.6847
24.0000 23.1150
24.0000 23.9690
24.0000 23.7643
24.0000 23.3345
24.0000 23.4690
24.0000 24.1738
24.0000 23.9762
24.0000 23.5359
24.0000 24.5620
24.0000 24.0320
24.0000 23.4939
24.0000 23.5082
24.0000 23.4634
24.0000 24.6963
24.0000 23.3487
24.0000 23.3888
24.0000 24.3453
24.0000 23.3553
24.0000 23.8958
24.0000 22.9125
24.0000 24.3258
24.0000 24.0918
24.0000 24.1092
24.0000 23.8686
24.0000 23.1062
24.0000 25.8803
24.0000 23.1884
24.0000 23.9022
24.0000 23.4628
24.0000 23.7154
24.0000 23.6090
24.0000 23.9337
24.0000 23.1865
24.0000 23.4061
24.0000 23.9823
24.0000 24.3007
24.0000 23.7445
24.0000 23.4089
24.0000 23.2766
24.0000 23.8319
24.0000 23.5578
24.0000 23.7507
24.0000 24.0100
24.0000 23.6699
24.0000 23.9923
24.0000 23.7731
24.0000 24.0816
24.0000 23.9502
24.0000 23.0660
24.0000 23.0486
24.0000 23.0824
24.0000 23.4014
24.0000 23.8615
24.0000 23.0687
24.0000 24.4139
24.0000 23.5728
24.0000 23.4099
24.0000 24.2328
24.0000 24.2951
24.0000 24.4096
24.0000 23.5019
24.0000 24.0971
24.0000 23.4688
24.0000 24.1057
24.0000 24.0644
24.0000 23.9847
24.0000 23.8478
24.0000 24.1105
24.0000 23.8178
24.0000 23.0735
24.0000 24.0479
24.0000 23.1280
24.0000 23.0575
24.0000 23.5220
24.0000 23.4044
24.0000 23.8727
24.0000 23.4681
24.0000 23.1275
24.0000 22.5474
24.0000 23.6685
24.0000 23.3680
24.0000 23.4706
24.0000 23.1637
24.0000 24.0284
24.0000 23.3884
24.0000 23.0961
24.0000 24.5761
24.0000 22.6428
24.0000 24.2523
24.0000 23.9795
24.0000 23.6992
24.0000 24.8410
24.0000 23.4773
24.0000 23.7596
24.0000 22.9991
24.0000 24.1357
24.0000 23.3883
24.0000 23.7561
24.0000 24.5797
24.0000 23.7336
24.0000 23.8522
24.0000 23.1384
24.0000 24.4161
24.0000 23.9069
24.0000 23.4588
24.0000 23.7893
24.0000 23.6432
24.0000 22.7488
24.0000 23.4409
24.0000 24.1777
24.0000 23.1835
24.0000 22.8591
24.0000 24.0361
24.0000 23.4379
24.0000 23.7254
24.0000 24.0927
24.0000 23.3804
24.0000 23.7603
24.0000 24.0796
24.0000 23.4268
24.0000 25.0085
24.0000 22.7692
24.0000 23.7589
24.0000 24.2316
24.0000 23.9019
24.0000 23.1656
24.0000 23.6766
24.0000 24.1633
24.0000 23.5596
24.0000 23.5109
24.0000 23.5941
24.0000 23.8606
24.0000 23.3546
24.0000 23.3135
24.0000 23.9388
24.0000 23.2064
24.0000 24.1320
24.0000 23.3537
24.0000 24.4923
24.0000 23.6984
24.0000 24.3242
24.0000 23.9835
24.0000 22.9307
24.0000 24.5396
24.0000 24.0044
24.0000 23.6481
24.0000 23.7493
24.0000 24.3464
24.0000 22.8968
24.0000 23.8150
24.0000 22.7974
24.0000 24.5282
24.0000 23.8772
24.0000 23.8168
24.0000 24.3920
24.0000 24.2239
24.0000 24.1665
24.0000 24.1825
24.0000 23.0236
24.0000 22.9006
24.0000 23.6571
24.0000 24.3474
24.0000 23.4503
24.0000 24.3497
24.0000 23.8316
24.0000 23.3119
24.0000 23.3474
24.0000 23.5764
24.0000 23.3055
24.0000 23.0812
24.0000 24.1504
24.0000 23.9936
24.0000 24.3185
24.0000 22.7583
24.0000 24.2020
24.0000 23.7611
24.0000 23.1413
24.0000 24.4943
24.0000 23.7892
24.0000 23.9508
24.0000 24.0607
24.0000 23.9310
24.0000 24.9819
24.0000 23.9048
24.0000 23.6569
24.0000 22.8244
24.0000 24.2245
24.0000 24.1529
24.0000 23.8253
24.0000 24.0856
24.0000 25.0345
24.0000 22.8367
24.0000 24.2406
24.0000 24.5757
24.0000 24.5161
24.0000 23.9297
24.0000 23.7480
24.0000 24.2081
24.0000 24.0258
24.0000 23.9738
24.0000 23.4049
24.0000 23.5680
24.0000 23.9703
24.0000 23.2351
24.0000 23.3014
24.0000 23.0753
24.0000 23.9631
24.0000 23.5230
24.0000 22.7928
24.0000 23.5418
24.0000 23.1440
24.0000 22.8784
24.0000 23.7104
24.0000 24.1787
24.0000 23.0905
24.0000 24.0381
24.0000 24.6493
24.0000 23.7687
24.0000 24.9109
24.0000 23.3486
24.0000 23.3811
24.0000 24.0266
24.0000 24.2179
24.0000 23.4708
24.0000 22.4050
24.0000 26.0535
24.0000 23.6013
24.0000 23.4001
24.0000 23.1235
24.0000 24.5176
24.0000 24.6155
24.0000 22.5726
24.0000 23.5523
24.0000 24.2958
24.0000 23.5058
24.0000 23.4132
24.0000 23.5827
24.0000 23.8161
24.0000 23.5761
24.0000 23.7640
24.0000 22.9889
24.0000 23.7286
24.0000 23.8075
24.0000 23.4536
24.0000 24.2214
24.0000 23.7564
24.0000 24.7278
24.0000 23.7783
24.0000 23.0935
24.0000 24.6411
24.0000 23.5577
24.0000 23.8980
24.0000 24.3906
24.0000 23.7890
24.0000 22.7124
24.0000 23.2456
24.0000 22.8541
24.0000 23.9332
24.0000 23.3775
24.0000 24.6239
24.0000 24.9101
24.0000 24.4713
24.0000 23.1530
24.0000 24.5491
24.0000 24.0548
24.0000 23.6241
24.0000 22.9830
24.0000 24.6386
24.0000 23.5211
24.0000 23.6689
24.0000 24.5279
24.0000 23.5300
24.0000 24.9681
24.0000 24.7486
24.0000 24.0682
24.0000 23.3017
24.0000 24.6561
24.0000 23.7268
24.0000 23.4537
24.0000 24.4785
24.0000 23.9399
24.0000 23.7064
24.0000 24.4349
24.0000 24.0539
24.0000 23.7215
24.0000 24.3911
24.0000 23.3578
24.0000 22.2002
24.0000 23.8014
24.0000 24.8039
24.0000 23.4031
24.0000 23.0468
24.0000 23.0612
24.0000 24.7224
24.0000 24.1546
24.0000 24.2089
24.0000 23.0272
24.0000 23.9156
24.0000 23.3340
24.0000 23.1152
24.0000 22.4967
24.0000 23.1642
24.0000 23.9037
24.0000 24.2656
24.0000 24.2243
24.0000 23.6330
24.0000 23.4263
24.0000 23.7759
24.0000 23.3354
24.0000 24.5655
24.0000 24.1663
24.0000 23.2355
24.0000 23.3889
24.0000 23.9605
24.0000 25.2927
24.0000 23.7547
24.0000 24.5200
24.0000 24.5646
24.0000 24.5075
24.0000 24.0446
24.0000 23.2443
24.0000 24.3359
24.0000 23.2005
24.0000 24.6823
24.0000 23.7454
24.0000 23.6293
24.0000 23.9903
24.0000 23.0615
24.0000 23.7704
24.0000 23.3206
24.0000 23.6234
24.0000 24.5077
24.0000 23.6408
24.0000 23.4575
24.0000 23.6365
24.0000 23.4781
24.0000 24.3219
24.0000 23.7637
24.0000 23.7195
24.0000 23.2994
24.0000 24.0318
24.0000 23.9883
24.0000 23.7303
24.0000 23.7778
24.0000 23.1036
24.0000 23.7773
24.0000 23.2245
24.0000 23.7786
24.0000 24.1675
24.0000 24.1981
24.0000 24.5360
24.0000 23.5642
24.0000 23.9594
24.0000 24.0220
24.0000 22.8727
24.0000 23.0612
24.0000 23.3878
24.0000 24.7275
24.0000 23.6934
24.0000 25.0473
24.0000 23.3952
24.0000 23.4921
24.0000 24.3663
24.0000 23.0267
24.0000 23.6936
24.0000 23.9780
24.0000 23.5696
24.0000 23.4529
24.0000 24.4009
24.0000 23.0529
24.0000 23.3005
24.0000 22.9853
24.0000 23.7329
24.0000 24.8390
24.0000 23.9289
24.0000 23.8761
24.0000 23.9334
24.0000 24.3157
24.0000 23.5104
24.0000 23.0281
24.0000 22.7118
24.0000 23.7302
24.0000 22.8045
24.0000 24.0053
24.0000 24.2470
24.0000 23.4318
24.0000 23.6811
24.0000 24.2273
24.0000 23.9092
24.0000 24.2137
24.0000 23.6335
24.0000 23.3110
24.0000 23.9690
24.0000 24.8372
24.0000 23.5834
24.0000 24.2677
24.0000 23.5664
24.0000 24.0035
24.0000 24.6380
24.0000 22.9547
24.0000 23.8611
24.0000 24.1008
24.0000 23.6609
24.0000 23.9572
24.0000 23.5996
24.0000 24.4927
24.0000 23.8532
24.0000 24.2655
24.0000 23.4618
24.0000 23.6204
24.0000 24.0940
24.0000 23.8904
24.0000 23.6798
24.0000 23.9321
24.0000 23.9678
24.0000 24.4341
24.0000 23.6881
24.0000 23.9537
24.0000 24.0442
24.0000 23.8218
24.0000 23.2700
24.0000 23.0784
24.0000 24.1295
24.0000 23.3482
24.0000 23.1489
24.0000 23.4941
24.0000 23.7658
24.0000 23.5998
24.0000 24.2313
24.0000 23.5648
24.0000 24.5118
24.0000 22.8975
24.0000 23.1537
24.0000 22.9888
24.0000 23.8312
24.0000 24.4789
24.0000 23.9793
24.0000 23.8446
24.0000 22.1803
24.0000 23.4774
24.0000 24.4678
24.0000 23.8849
24.0000 24.1310
24.0000 23.4079
24.0000 23.0035
24.0000 23.1031
24.0000 24.3136
24.0000 23.8628
24.0000 23.2756
24.0000 23.6946
24.0000 23.4685
24.0000 23.8932
24.0000 24.6419
24.0000 24.8162
24.0000 23.8113
24.0000 23.6265
24.0000 23.4047
24.0000 23.6541
24.0000 23.2537
24.0000 22.8997
24.0000 23.5351
24.0000 23.3618
24.0000 23.8721
24.0000 23.3494
24.0000 24.4010
24.0000 22.9330
24.0000 24.1642
24.0000 23.8315
24.0000 24.3929
24.0000 24.0275
24.0000 23.9422
24.0000 23.9574
24.0000 23.7524
24.0000 23.8245
24.0000 24.1000
24.0000 23.0399
24.0000 23.5616
24.0000 24.1301
24.0000 23.3982
24.0000 23.7352
24.0000 23.9846
24.0000 22.8995
24.0000 22.9404
24.0000 23.1719
24.0000 24.2849
24.0000 24.0870
24.0000 23.4877
24.0000 23.5399
24.0000 23.6769
24.0000 23.5615
24.0000 23.7885
24.0000 24.1108
24.0000 24.7270
24.0000 23.6663
24.0000 24.3603
24.0000 23.6744
24.0000 22.9503
24.0000 24.0455
24.0000 23.8617
24.0000 23.9048
24.0000 23.7676
24.0000 23.8301
24.0000 23.7606
24.0000 24.0761
24.0000 22.9886
24.0000 22.8766
24.0000 23.0068
24.0000 23.6991
24.0000 23.5739
24.0000 23.5556
24.0000 23.6588
24.0000 25.2060
24.0000 23.9076
24.0000 23.8008
24.0000 23.9029
24.0000 23.7439
24.0000 24.3377
24.0000 23.1245
24.0000 23.3515
24.0000 24.1474
24.0000 24.7825
24.0000 23.6033
24.0000 23.8442
24.0000 22.9820
24.0000 23.9127
24.0000 24.3375
24.0000 23.2671
24.0000 23.7168
24.0000 23.9931
24.0000 23.6957
24.0000 24.6399
24.0000 24.3101
24.0000 22.6553
24.0000 24.1247
24.0000 24.2409
24.0000 24.4604
24.0000 23.7228
24.0000 24.8284
24.0000 23.5647
24.0000 24.5384
24.0000 24.8707
24.0000 23.9005
24.0000 22.9738
24.0000 23.3909
24.0000 24.1370
24.0000 24.4128
24.0000 23.2977
24.0000 23.7704
24.0000 23.6573
24.0000 24.0374
24.0000 24.3779
24.0000 24.2419
24.0000 24.2278
24.0000 23.2989
24.0000 24.3845
24.0000 23.1547
24.0000 23.3112
24.0000 24.1367
24.0000 23.5999
24.0000 24.1729
24.0000 23.3251
24.0000 24.6857
24.0000 23.5948
24.0000 24.0139
24.0000 23.4244
24.0000 25.1264
24.0000 23.7058
24.0000 23.9490
24.0000 23.7594
24.0000 24.3328
24.0000 23.3243
24.0000 23.4464
24.0000 23.5697
24.0000 23.4378
24.0000 23.8366
24.0000 23.2139
24.0000 24.0210
24.0000 23.6405
24.0000 23.8165
24.0000 24.5495
24.0000 23.7112
24.0000 23.2792
24.0000 24.1464
24.0000 23.3338
24.0000 23.8196
24.0000 23.4092
24.0000 23.8505
24.0000 23.7239
24.0000 24.1341
24.0000 24.2023
24.0000 23.3967
24.0000 23.9568
24.0000 23.3924
24.0000 24.4373
24.0000 23.4254
24.0000 23.9060
24.0000 22.2068
24.0000 23.4977
24.0000 23.5399
24.0000 22.8231
24.0000 23.7643
24.0000 22.6171
24.0000 24.7635
24.0000 22.3426
24.0000 23.6401
24.0000 24.0828
24.0000 25.0610
24.0000 23.6575
24.0000 24.3181
24.0000 23.7058
24.0000 23.9306
24.0000 24.1627
24.0000 23.2938
24.0000 24.2713
24.0000 24.2426
24.0000 24.6249
24.0000 24.2075
24.0000 24.0618
24.0000 23.7435
24.0000 23.8607
24.0000 23.7840
24.0000 23.2065
24.0000 24.3562
24.0000 24.5146
24.0000 23.4927
24.0000 22.5102
24.0000 23.5906
24.0000 24.7265
24.0000 23.9365
24.0000 24.4191
24.0000 23.9675
24.0000 23.7872
24.0000 24.1346
24.0000 23.2196
24.0000 23.1930
24.0000 24.1499
24.0000 23.0579
24.0000 24.1714
24.0000 23.8354
24.0000 23.3161
24.0000 23.3534
24.0000 23.5813
24.0000 23.6809
24.0000 23.7227
24.0000 22.8058
24.0000 23.7852
24.0000 23.4152
24.0000 23.9955
24.0000 24.1296
24.0000 23.8818
24.0000 23.5232
24.0000 23.8351
24.0000 24.3646
24.0000 23.4878
24.0000 24.1158
24.0000 24.5062
24.0000 24.5127
24.0000 24.3826
24.0000 23.2556
24.0000 24.0492
24.0000 23.8112
24.0000 24.0640
24.0000 23.3503
24.0000 23.3617
24.0000 24.1070
24.0000 23.4932
24.0000 24.3951
24.0000 24.3696
24.0000 23.8246
24.0000 23.2434
24.0000 23.6863
24.0000 24.2780
24.0000 24.2782
24.0000 23.8117
24.0000 24.0474
24.0000 23.6736
24.0000 23.8021
24.0000 23.2750
24.0000 23.3361
24.0000 24.5436
24.0000 23.7925
24.0000 23.2494
24.0000 24.3155
24.0000 24.2503
24.0000 23.3305
24.0000 23.9974
24.0000 23.7913
24.0000 23.8577
24.0000 23.6322
24.0000 24.3189
24.0000 23.9991
24.0000 23.7310
24.0000 23.0914
24.0000 22.1926
24.0000 23.6415
24.0000 23.8393
24.0000 23.2926
24.0000 24.0403
24.0000 23.6304
24.0000 24.1994
24.0000 24.1796
24.0000 24.2245
24.0000 23.2633
24.0000 23.9861
24.0000 23.3831
24.0000 23.2057
24.0000 23.9253
24.0000 24.1712
24.0000 23.9775
24.0000 24.5380
24.0000 24.3315
24.0000 23.6877
24.0000 23.4061
24.0000 23.8053
24.0000 24.1224
24.0000 22.8659
24.0000 24.3218
24.0000 24.2427
24.0000 23.8494
24.0000 23.8742
24.0000 23.2329
24.0000 22.9337
24.0000 23.2404
24.0000 23.4647
24.0000 23.8770
24.0000 23.7386
24.0000 23.4986
24.0000 23.8080
24.0000 23.6766
24.0000 23.8649
24.0000 23.5100
24.0000 24.0105
24.0000 23.7716
24.0000 24.4864
24.0000 24.5082
24.0000 23.7874
24.0000 24.5455
24.0000 23.3461
24.0000 23.7362
24.0000 24.3082
24.0000 24.5520
24.0000 24.1875
24.0000 24.1534
24.0000 23.7758
24.0000 24.0243
24.0000 24.5000
24.0000 24.3446
24.0000 23.7572
24.0000 24.2135
24.0000 24.1062
24.0000 23.8201
24.0000 23.4834
24.0000 23.6676
24.0000 23.8392
24.0000 23.3592
24.0000 23.6722
24.0000 23.4355
24.0000 24.3337
24.0000 23.8612
24.0000 24.9026
24.0000 24.0434
24.0000 24.6971
24.0000 23.5847
24.0000 23.7674
24.0000 23.9946
24.0000 23.5724
24.0000 24.1583
24.0000 23.9177
24.0000 23.7180
24.0000 23.9031
24.0000 23.2837
24.0000 23.0136
24.0000 23.2320
24.0000 24.3431
24.0000 24.0876
24.0000 23.2468
24.0000 23.6112
24.0000 23.3991
24.0000 23.4044
24.0000 24.1304
24.0000 23.1367
24.0000 23.5583
24.0000 23.7787
24.0000 23.6086
24.0000 24.0640
24.0000 23.8197
24.0000 23.2065
24.0000 24.4803
24.0000 24.1358
24.0000 24.2176
24.0000 23.8929
24.0000 23.2686
24.0000 23.9736
24.0000 23.3084
24.0000 23.7282
24.0000 24.2625
24.0000 24.0878
24.0000 22.7322
24.0000 24.0501
24.0000 23.2019
24.0000 23.5553
24.0000 24.7865
24.0000 25.1565
24.0000 22.9131
24.0000 22.9178
24.0000 23.5313
24.0000 23.3716
24.0000 23.3702
24.0000 23.6083
24.0000 23.4592
24.0000 22.9588
24.0000 24.0498
24.0000 24.5886
24.0000 24.0236
24.0000 24.7198
24.0000 23.7790
24.0000 22.8833
24.0000 24.3595
24.0000 24.2607
24.0000 23.6628
24.0000 24.1516
24.0000 23.1754
24.0000 23.8068
24.0000 23.3858
24.0000 23.4341
24.0000 23.2831
24.0000 24.6446
24.0000 24.2983
24.0000 23.3957
24.0000 23.8989
24.0000 23.3162
24.0000 24.4011
24.0000 24.3921
24.0000 24.3667
24.0000 23.6961
24.0000 23.4033
24.0000 25.0112
24.0000 23.9600
24.0000 24.7719
24.0000 23.6114
24.0000 23.3862
24.0000 24.5984
24.0000 22.7867
24.0000 23.8925
24.0000 23.5527
24.0000 24.2439
24.0000 22.8072
24.0000 24.2027
24.0000 23.7348
24.0000 24.2049
24.0000 23.8427
24.0000 23.9856
24.0000 23.6792
24.0000 24.1487
24.0000 24.1595
24.0000 22.6244
24.0000 24.1974
24.0000 23.6017
24.0000 23.3520
24.0000 23.8075
24.0000 23.4851
24.0000 23.6993
24.0000 22.8737
24.0000 23.7329
24.0000 23.4652
24.0000 23.4136
24.0000 23.5125
24.0000 24.3843
24.0000 24.3035
24.0000 24.3438
24.0000 24.3481
24.0000 24.1627
24.0000 23.5342
24.0000 23.4344
24.0000 24.2936
24.0000 23.0809
24.0000 23.3542
24.0000 23.2709
24.0000 23.8719
24.0000 24.5114
24.0000 23.7916
24.0000 23.9317
24.0000 23.8370
24.0000 23.4461
24.0000 23.6356
24.0000 24.1110
24.0000 23.8855
24.0000 24.6502
24.0000 22.9844
24.0000 23.4683
24.0000 23.4885
24.0000 23.7755
24.0000 24.6528
24.0000 23.3634
24.0000 24.0537
24.0000 23.4525
24.0000 23.7384
24.0000 23.8309
24.0000 24.1993
24.0000 24.5599
24.0000 24.6121
24.0000 23.3309
24.0000 24.6303
24.0000 24.0927
24.0000 23.3525
24.0000 23.9705
24.0000 24.4878
24.0000 24.8182
24.0000 23.9550
24.0000 24.2112
24.0000 23.3933
24.0000 23.3951
24.0000 23.5235
24.0000 23.6938
24.0000 23.3506
24.0000 23.8325
24.0000 22.9932
24.0000 23.8705
24.0000 23.6998
24.0000 24.2514
24.0000 22.9876
24.0000 23.2473
24.0000 22.8569
24.0000 23.4203
24.0000 23.7481
24.0000 23.6489
24.0000 23.4057
24.0000 22.7793
24.0000 23.6928
24.0000 23.9619
24.0000 22.5808
24.0000 23.8192
24.0000 23.7066
24.0000 23.4928
24.0000 24.3149
24.0000 23.7581
24.0000 23.8625
24.0000 22.6900
24.0000 24.2923
24.0000 24.1444
24.0000 22.8636
24.0000 24.1041
24.0000 23.5296
24.0000 24.2620
24.0000 23.9749
24.0000 23.9577
24.0000 24.3874
24.0000 24.1946
24.0000 22.8922
24.0000 23.2704
24.0000 22.9814
24.0000 22.9284
24.0000 23.5725
24.0000 24.1088
24.0000 23.7957
24.0000 24.1295
24.0000 22.4667
24.0000 24.3615
24.0000 22.7413
24.0000 23.7718
24.0000 23.9120
24.0000 23.3370
24.0000 23.8216
24.0000 22.4766
24.0000 24.0789
24.0000 23.3733
24.0000 25.1686
24.0000 23.9411
24.0000 23.2719
24.0000 23.7073
24.0000 23.7930
24.0000 24.4034
24.0000 23.8525
24.0000 23.5176
24.0000 23.2443
24.0000 23.7416
24.0000 23.7694
24.0000 23.5172
24.0000 23.0747
24.0000 24.1771
24.0000 23.3498
24.0000 24.6591
24.0000 24.3476
24.0000 24.3198
24.0000 24.3494
24.0000 23.3188
24.0000 23.5089
24.0000 24.4335
24.0000 24.0052
24.0000 23.7912
24.0000 23.8882
24.0000 24.5244
24.0000 23.3368
24.0000 23.9080
24.0000 23.7935
24.0000 23.5319
24.0000 23.4035
24.0000 24.2968
24.0000 24.2917
24.0000 23.4068
24.0000 24.2463
24.0000 23.5215
24.0000 24.6280
24.0000 24.1229
24.0000 23.1762
24.0000 23.1721
24.0000 24.1531
24.0000 23.5901
24.0000 24.1648
24.0000 24.3652
24.0000 24.6838
24.0000 24.4862
24.0000 23.4888
24.0000 23.7807
24.0000 24.1339
24.0000 24.3197
24.0000 23.6117
24.0000 24.0870
24.0000 24.5280
24.0000 24.1047
24.0000 24.4495
24.0000 24.8502
24.0000 24.5688
24.0000 24.1492
24.0000 24.0936
24.0000 23.4951
24.0000 24.6122
24.0000 22.8145
24.0000 23.9013
24.0000 23.7073
24.0000 22.8318
24.0000 22.9830
24.0000 23.0419
24.0000 23.8185
24.0000 25.2194
24.0000 23.9970
24.0000 23.8168
24.0000 23.5495
24.0000 24.9216
24.0000 23.7419
24.0000 23.5436
24.0000 23.8186
24.0000 23.3283
24.0000 23.7036
24.0000 23.3595
24.0000 23.9384
24.0000 23.5802
24.0000 24.0962
24.0000 23.4349
24.0000 24.2449
24.0000 23.9257
24.0000 23.1739
24.0000 24.6539
24.0000 23.9169
24.0000 22.9168
24.0000 22.9246
24.0000 24.1660
24.0000 24.1764
24.0000 23.6434
24.0000 25.1218
24.0000 24.0695
24.0000 23.6293
24.0000 23.9260
24.0000 24.1751
24.0000 23.8688
24.0000 23.2239
24.0000 23.5405
24.0000 22.9878
24.0000 23.5111
24.0000 23.8292
24.0000 23.8780
24.0000 22.8966
24.0000 23.3815
24.0000 23.9630
24.0000 23.9857
24.0000 24.0639
24.0000 24.4386
24.0000 24.4763
24.0000 23.6422
24.0000 22.2835
24.0000 23.5702
24.0000 23.8392
24.0000 23.1068
24.0000 23.5009
24.0000 23.2057
24.0000 23.0922
24.0000 22.6499
24.0000 22.9576
24.0000 23.6099
24.0000 23.1992
24.0000 23.9104
24.0000 24.1775
24.0000 23.8972
24.0000 23.4194
24.0000 24.6070
24.0000 24.1332
24.0000 23.5762
24.0000 22.8880
24.0000 23.7435
24.0000 22.7343
24.0000 23.7288
24.0000 23.3523
24.0000 24.4802
24.0000 25.1726
24.0000 23.5275
24.0000 23.7525
24.0000 24.4352
24.0000 23.4199
24.0000 23.0417
24.0000 23.9077
24.0000 24.4148
24.0000 24.2773
24.0000 24.4809
24.0000 23.8515
24.0000 22.8573
24.0000 24.0211
24.0000 23.0997
24.0000 23.8808
24.0000 22.4659
24.0000 23.7640
24.0000 23.9056
24.0000 23.9690
24.0000 23.5717
24.0000 23.3629
24.0000 23.6657
24.0000 23.9943
24.0000 24.4057
24.0000 23.0793
24.0000 23.7181
24.0000 22.1291
24.0000 23.0428
24.0000 24.1477
24.0000 24.4527
24.0000 24.5262
24.0000 23.8200
24.0000 24.1528
24.0000 23.2055
24.0000 23.3236
24.0000 24.1759
24.0000 22.8198
24.0000 24.2041
24.0000 25.6838
24.0000 24.5130
24.0000 22.7749
24.0000 23.7843
24.0000 24.2518
24.0000 24.2363
24.0000 24.5567
24.0000 25.1323
24.0000 25.3464
24.0000 23.7337
24.0000 24.7962
24.0000 23.4913
24.0000 24.7685
24.0000 24.0711
24.0000 24.1655
24.0000 23.5848
24.0000 22.7964
24.0000 24.0589
24.0000 23.9134
24.0000 23.0054
24.0000 22.7858
24.0000 23.7416
24.0000 23.6711
24.0000 23.8618
24.0000 24.0431
24.0000 23.7000
24.0000 23.9178
24.0000 24.4201
24.0000 23.9056
24.0000 23.7420
24.0000 23.8181
24.0000 23.9124
24.0000 23.3943
24.0000 23.5752
24.0000 23.1228
24.0000 23.9611
24.0000 23.8858
24.0000 23.1742
24.0000 22.9807
24.0000 24.1835
24.0000 23.9464
24.0000 23.9421
24.0000 24.4419
24.0000 24.0847
24.0000 24.1918
24.0000 23.2331
24.0000 24.7780
24.0000 24.7985
24.0000 23.7252
24.0000 23.6587
24.0000 24.9148
24.0000 24.3097
24.0000 24.9839
24.0000 23.9091
24.0000 24.0494
24.0000 23.6891
24.0000 23.2458
24.0000 23.6639
24.0000 23.8060
24.0000 22.8556
24.0000 23.8507
24.0000 23.6807
24.0000 22.8437
24.0000 23.7616
24.0000 24.0406
24.0000 24.0815
24.0000 23.6241
24.0000 24.2678
24.0000 23.8401
24.0000 24.2101
24.0000 23.9005
24.0000 24.0975
24.0000 23.9608
24.0000 23.1009
24.0000 24.0230
24.0000 24.2774
24.0000 24.4259
24.0000 24.1116
24.0000 23.7561
24.0000 23.2878
24.0000 23.5665
24.0000 23.4271
