26.0000 26.1764
26.0000 26.3170
26.0000 25.6239
26.0000 25.6211
26.0000 26.0209
26.0000 26.4204
26.0000 26.1208
26.0000 24.8935
26.0000 24.7550
26.0000 25.1014
26.0000 25.5961
26.0000 26.1796
26.0000 24.1135
26.0000 24.3347
26.0000 25.9518
26.0000 25.8387
26.0000 25.8145
26.0000 25.5817
26.0000 24.9846
26.0000 25.5142
26.0000 26.2874
26.0000 25.2731
26.0000 25.6264
26.0000 24.8065
26.0000 25.2220
26.0000 26.0035
26.0000 24.2781
26.0000 25.8688
26.0000 26.2441
26.0000 25.6687
26.0000 24.7348
26.0000 24.8267
26.0000 26.4399
26.0000 25.3705
26.0000 25.4574
26.0000 25.6138
26.0000 24.5615
26.0000 26.1293
26.0000 25.5181
26.0000 25.5713
26.0000 25.7780
26.0000 25.2640
26.0000 26.0817
26.0000 25.1203
26.0000 25.8484
26.0000 25.5213
26.0000 26.2707
26.0000 25.6667
26.0000 25.0046
26.0000 25.2281
26.0000 24.9398
26.0000 25.7761
26.0000 25.0086
26.0000 25.8642
26.0000 25.3534
26.0000 25.3474
26.0000 25.2350
26.0000 25.5127
26.0000 24.6433
26.0000 26.7302
26.0000 25.4372
26.0000 25.4284
26.0000 25.2670
26.0000 25.8936
26.0000 25.6350
26.0000 25.2568
26.0000 25.5237
26.0000 25.5324
26.0000 24.8016
26.0000 24.9925
26.0000 25.6727
26.0000 25.3840
26.0000 25.2915
26.0000 24.9454
26.0000 24.8579
26.0000 26.1824
26.0000 25.4359
26.0000 24.9838
26.0000 24.9834
26.0000 25.4439
26.0000 25.8802
26.0000 25.5194
26.0000 24.9314
26.0000 26.1047
26.0000 25.7528
26.0000 26.4409
26.0000 24.0895
26.0000 24.7324
26.0000 25.4399
26.0000 26.5827
26.0000 26.0690
26.0000 25.6443
26.0000 25.4838
26.0000 26.0295
26.0000 25.7728
26.0000 25.2782
26.0000 25.6561
26.0000 25.0803
26.0000 25.7953
26.0000 26.6330
26.0000 25.8478
26.0000 24.1686
26.0000 25.1231
26.0000 26.2480
26.0000 25.6409
26.0000 24.7623
26.0000 24.9574
26.0000 25.8809
26.0000 25.6000
26.0000 25.2452
26.0000 25.4563
26.0000 25.8166
26.0000 25.0634
26.0000 25.4887
26.0000 26.2432
26.0000 26.4465
26.0000 25.6787
26.0000 24.2664
26.0000 25.8072
26.0000 25.2893
26.0000 25.2805
26.0000 25.7724
26.0000 26.1832
26.0000 25.0492
26.0000 25.7498
26.0000 26.2143
26.0000 26.0481
26.0000 26.2105
26.0000 25.0960
26.0000 24.8768
26.0000 26.3239
26.0000 25.8054
26.0000 25.5024
26.0000 26.1941
26.0000 25.0291
26.0000 24.7421
26.0000 26.4007
26.0000 26.8889
26.0000 24.8016
26.0000 25.4254
26.0000 25.8975
26.0000 26.0316
26.0000 24.9276
26.0000 26.0631
26.0000 25.9866
26.0000 25.2830
26.0000 25.0355
26.0000 26.3129
26.0000 25.7374
26.0000 25.6923
26.0000 25.4589
26.0000 24.9566
26.0000 26.1399
26.0000 25.4336
26.0000 25.7066
26.0000 26.6815
26.0000 25.8573
26.0000 26.2188
26.0000 25.6261
26.0000 25.2834
26.0000 25.3270
26.0000 26.5283
26.0000 26.3769
26.0000 26.5649
26.0000 24.3993
26.0000 25.4479
26.0000 25.3640
26.0000 24.9483
26.0000 25.1889
26.0000 25.1979
26.0000 26.4179
26.0000 25.1926
26.0000 25.7894
26.0000 25.8270
26.0000 24.9772
26.0000 25.9917
26.0000 26.3699
26.0000 26.7321
26.0000 25.4610
26.0000 25.1468
26.0000 25.5603
26.0000 25.0731
26.0000 25.7546
26.0000 26.2849
26.0000 25.0117
26.0000 25.9111
26.0000 24.9539
26.0000 25.6424
26.0000 25.0249
26.0000 24.8363
26.0000 25.7478
26.0000 26.9782
26.0000 26.2134
26.0000 25.1269
26.0000 25.5242
26.0000 25.7371
26.0000 25.4505
26.0000 25.7104
26.0000 26.1983
26.0000 25.4017
26.0000 25.8209
26.0000 26.2538
26.0000 27.3403
26.0000 25.5031
26.0000 24.4321
26.0000 24.8159
26.0000 26.0329
26.0000 25.7568
26.0000 24.6755
26.0000 25.9242
26.0000 25.4323
26.0000 26.4263
26.0000 25.6655
26.0000 25.5171
26.0000 25.4916
26.0000 25.7384
26.0000 25.2386
26.0000 24.8786
26.0000 25.2976
26.0000 25.9119
26.0000 26.4315
26.0000 24.7492
26.0000 25.1575
26.0000 25.8390
26.0000 25.6263
26.0000 25.7615
26.0000 25.0643
26.0000 25.3780
26.0000 25.9214
26.0000 25.1411
26.0000 25.5882
26.0000 25.0087
26.0000 25.4034
26.0000 24.3607
26.0000 25.7783
26.0000 25.3818
26.0000 25.9310
26.0000 24.6687
26.0000 26.1152
26.0000 25.2891
26.0000 26.2092
26.0000 25.4901
26.0000 24.9624
26.0000 25.5075
26.0000 26.6310
26.0000 26.0808
26.0000 26.0999
26.0000 25.2118
26.0000 25.0198
26.0000 25.7264
26.0000 25.4237
26.0000 26.0517
26.0000 25.2261
26.0000 25.6848
26.0000 25.3346
26.0000 24.9738
26.0000 25.6429
26.0000 24.8399
26.0000 25.4352
26.0000 26.5602
26.0000 25.3292
26.0000 24.9686
26.0000 25.3562
26.0000 25.1948
26.0000 25.8516
26.0000 26.6145
26.0000 25.0974
26.0000 24.7404
26.0000 26.3354
26.0000 25.3701
26.0000 25.8563
26.0000 26.0368
26.0000 26.6999
26.0000 25.8254
26.0000 25.6383
26.0000 25.6878
26.0000 26.1847
26.0000 25.6432
26.0000 25.3646
26.0000 25.8629
26.0000 25.9428
26.0000 25.3612
26.0000 25.7906
26.0000 25.7405
26.0000 24.8749
26.0000 25.9664
26.0000 26.0008
26.0000 25.6192
26.0000 26.6432
26.0000 25.2590
26.0000 25.7839
26.0000 25.1552
26.0000 25.2354
26.0000 25.9293
26.0000 26.2981
26.0000 25.5082
26.0000 26.5987
26.0000 26.3153
26.0000 25.3093
26.0000 26.3464
26.0000 25.3359
26.0000 25.5822
26.0000 25.5200
26.0000 25.9275
26.0000 24.9355
26.0000 26.0278
26.0000 25.7430
26.0000 25.7377
26.0000 25.3666
26.0000 25.5114
26.0000 26.7735
26.0000 25.7786
26.0000 25.9525
26.0000 26.0628
26.0000 26.9063
26.0000 25.3466
26.0000 25.5501
26.0000 26.1736
26.0000 25.3722
26.0000 25.9751
26.0000 25.5441
26.0000 25.3989
26.0000 26.4805
26.0000 25.7099
26.0000 26.5224
26.0000 25.0717
26.0000 23.8099
26.0000 25.5760
26.0000 26.1353
26.0000 26.5514
26.0000 25.1826
26.0000 25.8285
26.0000 25.6028
26.0000 24.9466
26.0000 26.0026
26.0000 25.7962
26.0000 26.2187
26.0000 25.2094
26.0000 24.5074
26.0000 24.7536
26.0000 26.5473
26.0000 25.3365
26.0000 26.6856
26.0000 26.3599
26.0000 25.6099
26.0000 25.7970
26.0000 24.9951
26.0000 25.3360
26.0000 25.1807
26.0000 26.1067
26.0000 25.3924
26.0000 25.8667
26.0000 25.6502
26.0000 25.6562
26.0000 26.9390
26.0000 26.3228
26.0000 25.1852
26.0000 25.8812
26.0000 25.0064
26.0000 26.3104
26.0000 25.3360
26.0000 26.2219
26.0000 25.3006
26.0000 24.2304
26.0000 25.3685
26.0000 25.9497
26.0000 26.1650
26.0000 25.3084
26.0000 25.5400
26.0000 25.2906
26.0000 26.0240
26.0000 25.4527
26.0000 25.8702
26.0000 25.5357
26.0000 25.9206
26.0000 25.6691
26.0000 25.1887
26.0000 26.3858
26.0000 25.8285
26.0000 25.8348
26.0000 26.4412
26.0000 25.3021
26.0000 25.6084
26.0000 26.3832
26.0000 25.9499
26.0000 26.1415
26.0000 25.3275
26.0000 25.3440
26.0000 26.6268
26.0000 25.3343
26.0000 25.5639
26.0000 26.3608
26.0000 25.5376
26.0000 25.2014
26.0000 25.5656
26.0000 25.8816
26.0000 26.1347
26.0000 25.6170
26.0000 25.8332
26.0000 25.3398
26.0000 25.1648
26.0000 25.2561
26.0000 25.7436
26.0000 25.8453
26.0000 25.7752
26.0000 25.7051
26.0000 26.1615
26.0000 24.9225
26.0000 25.4338
26.0000 26.0406
26.0000 25.3737
26.0000 25.7006
26.0000 25.9237
26.0000 25.4423
26.0000 25.9441
26.0000 25.9838
26.0000 26.0660
26.0000 26.3543
26.0000 25.6892
26.0000 25.5506
26.0000 26.2734
26.0000 25.4512
26.0000 25.3893
26.0000 26.0828
26.0000 26.1944
26.0000 25.7829
26.0000 25.7758
26.0000 25.5916
26.0000 26.8147
26.0000 25.3054
26.0000 25.5675
26.0000 25.5455
26.0000 25.7685
26.0000 25.5669
26.0000 25.4352
26.0000 25.2951
26.0000 25.6048
26.0000 25.1291
26.0000 25.4318
26.0000 25.4241
26.0000 25.8920
26.0000 26.0256
26.0000 25.3940
26.0000 24.9439
26.0000 25.5487
26.0000 26.5582
26.0000 24.3609
26.0000 25.9634
26.0000 24.8016
26.0000 26.0055
26.0000 26.2172
26.0000 25.1686
26.0000 25.5621
26.0000 24.7736
26.0000 25.6436
26.0000 25.6774
26.0000 25.5964
26.0000 26.0699
26.0000 25.6588
26.0000 25.9223
26.0000 25.6533
26.0000 25.2898
26.0000 25.4093
26.0000 25.6317
26.0000 25.8372
26.0000 24.9987
26.0000 25.3308
26.0000 24.7703
26.0000 25.9687
26.0000 24.9322
26.0000 26.5181
26.0000 25.7645
26.0000 25.3508
26.0000 26.4133
26.0000 26.1923
26.0000 26.3021
26.0000 25.0858
26.0000 25.1440
26.0000 25.0444
26.0000 25.1784
26.0000 26.9457
26.0000 25.4695
26.0000 26.6733
26.0000 24.3552
26.0000 26.2503
26.0000 25.5406
26.0000 25.8337
26.0000 25.1617
26.0000 25.7863
26.0000 25.5691
26.0000 26.0418
26.0000 24.9039
26.0000 24.9892
26.0000 25.4512
26.0000 26.3097
26.0000 25.5734
26.0000 24.7356
26.0000 24.5517
26.0000 24.9169
26.0000 26.2951
26.0000 25.8951
26.0000 24.9478
26.0000 25.3876
26.0000 25.1198
26.0000 25.2313
26.0000 24.4602
26.0000 24.8476
26.0000 24.6438
26.0000 25.1348
26.0000 25.8815
26.0000 25.3677
26.0000 25.4770
26.0000 26.2536
26.0000 25.6333
26.0000 24.5025
26.0000 24.4247
26.0000 25.6814
26.0000 26.0200
26.0000 25.6543
26.0000 24.4513
26.0000 25.6361
26.0000 25.6324
26.0000 26.0820
26.0000 26.5890
26.0000 25.2994
26.0000 27.1558
26.0000 26.3874
26.0000 25.8569
26.0000 26.1908
26.0000 24.8033
26.0000 25.3803
26.0000 26.3247
26.0000 24.5237
26.0000 25.7632
26.0000 24.9945
26.0000 26.0329
26.0000 25.4378
26.0000 24.9721
26.0000 23.4467
26.0000 25.9825
26.0000 25.3371
26.0000 25.3459
26.0000 25.3547
26.0000 25.3500
26.0000 24.8517
26.0000 25.2446
26.0000 25.2786
26.0000 25.2558
26.0000 25.0392
26.0000 26.8840
26.0000 25.3892
26.0000 26.4570
26.0000 25.8089
26.0000 25.4001
26.0000 25.7284
26.0000 25.1977
26.0000 25.5113
26.0000 26.4419
26.0000 25.1542
26.0000 25.0161
26.0000 25.9321
26.0000 25.0531
26.0000 24.9916
26.0000 25.4783
26.0000 25.7740
26.0000 25.3990
26.0000 24.1948
26.0000 26.2992
26.0000 25.6417
26.0000 25.2367
26.0000 25.1642
26.0000 25.1090
26.0000 26.6451
26.0000 25.6188
26.0000 24.9751
26.0000 26.3393
26.0000 25.6226
26.0000 25.9800
26.0000 24.4666
26.0000 26.3110
26.0000 26.6409
26.0000 25.5336
26.0000 25.5810
26.0000 25.6164
26.0000 25.0062
26.0000 26.1917
26.0000 26.1389
26.0000 25.1998
26.0000 25.8722
26.0000 24.9201
26.0000 26.1015
26.0000 26.0897
26.0000 25.4544
26.0000 25.8523
26.0000 25.3858
26.0000 25.9960
26.0000 25.7425
26.0000 25.9202
26.0000 26.3429
26.0000 24.4896
26.0000 25.2839
26.0000 24.8319
26.0000 26.5441
26.0000 25.4113
26.0000 26.5521
26.0000 26.2236
26.0000 25.1862
26.0000 26.3550
26.0000 26.0977
26.0000 25.1994
26.0000 25.3888
26.0000 26.2567
26.0000 25.5477
26.0000 25.5393
26.0000 25.2932
26.0000 26.6557
26.0000 25.2409
26.0000 25.1003
26.0000 25.3254
26.0000 25.6909
26.0000 25.5896
26.0000 25.4334
26.0000 25.6176
26.0000 25.8403
26.0000 25.5390
26.0000 25.1145
26.0000 25.5083
26.0000 25.7778
26.0000 26.3818
26.0000 26.5056
26.0000 25.6706
26.0000 25.2746
26.0000 26.1353
26.0000 25.2859
26.0000 25.8643
26.0000 24.5906
26.0000 25.5012
26.0000 25.5121
26.0000 25.1838
26.0000 25.3630
26.0000 26.3213
26.0000 25.5932
26.0000 25.6104
26.0000 25.3912
26.0000 26.0296
26.0000 25.6147
26.0000 25.4862
26.0000 24.8166
26.0000 25.5305
26.0000 25.7467
26.0000 25.1167
26.0000 25.9011
26.0000 24.0501
26.0000 25.3377
26.0000 25.7317
26.0000 25.5904
26.0000 26.2455
26.0000 26.0564
26.0000 24.4508
26.0000 25.6257
26.0000 25.3881
26.0000 26.0759
26.0000 25.7202
26.0000 25.2681
26.0000 24.0159
26.0000 25.1443
26.0000 25.6888
26.0000 25.7581
26.0000 25.6313
26.0000 25.5948
26.0000 26.0921
26.0000 25.8167
26.0000 25.7992
26.0000 25.4777
26.0000 27.2004
26.0000 25.7397
26.0000 25.0184
26.0000 26.3517
26.0000 26.1858
26.0000 25.3875
26.0000 25.3197
26.0000 25.0100
26.0000 26.1427
26.0000 25.3831
26.0000 25.7934
26.0000 25.4497
26.0000 25.4257
26.0000 25.4083
26.0000 25.5734
26.0000 25.8187
26.0000 26.7513
26.0000 25.2909
26.0000 25.1979
26.0000 25.3193
26.0000 26.0936
26.0000 26.3532
26.0000 25.6955
26.0000 25.6107
26.0000 25.0269
26.0000 25.2777
26.0000 25.3916
26.0000 26.5686
26.0000 25.4150
26.0000 25.6507
26.0000 24.5049
26.0000 25.5105
26.0000 25.8678
26.0000 26.0050
26.0000 24.9804
26.0000 24.9943
26.0000 25.4647
26.0000 25.9240
26.0000 25.0145
26.0000 25.6833
26.0000 25.3508
26.0000 26.0852
26.0000 25.7642
26.0000 26.2985
26.0000 26.0954
26.0000 26.6779
26.0000 26.2137
26.0000 25.0663
26.0000 25.4405
26.0000 25.3267
26.0000 25.5958
26.0000 24.3473
26.0000 25.3513
26.0000 25.2125
26.0000 24.8830
26.0000 26.5827
26.0000 25.4804
26.0000 25.3542
26.0000 25.0838
26.0000 25.4448
26.0000 25.9207
26.0000 25.7784
26.0000 25.5438
26.0000 26.5360
26.0000 25.6149
26.0000 25.6876
26.0000 25.6526
26.0000 25.0237
26.0000 25.6911
26.0000 25.8902
26.0000 25.5388
26.0000 24.8087
26.0000 26.0064
26.0000 25.9524
26.0000 25.0974
26.0000 26.5059
26.0000 26.0458
26.0000 25.2719
26.0000 26.3223
26.0000 24.6181
26.0000 25.7210
26.0000 25.6774
26.0000 25.3273
26.0000 26.0024
26.0000 26.7220
26.0000 26.3531
26.0000 24.6027
26.0000 26.4407
26.0000 25.5901
26.0000 25.5634
26.0000 25.6821
26.0000 26.0325
26.0000 25.7763
26.0000 25.6654
26.0000 26.0823
26.0000 26.1855
26.0000 25.6193
26.0000 25.2954
26.0000 25.3225
26.0000 24.3886
26.0000 26.5114
26.0000 25.1079
26.0000 26.2492
26.0000 25.3534
26.0000 25.9397
26.0000 25.9982
26.0000 25.3927
26.0000 25.6881
26.0000 25.3998
26.0000 26.3869
26.0000 24.9507
26.0000 25.8479
26.0000 25.1412
26.0000 25.9496
26.0000 26.3324
26.0000 25.6809
26.0000 26.0821
26.0000 26.0233
26.0000 26.0276
26.0000 26.3169
26.0000 26.0132
26.0000 25.6315
26.0000 25.1253
26.0000 26.0907
26.0000 25.4864
26.0000 26.2140
26.0000 26.4683
26.0000 26.1171
26.0000 25.4902
26.0000 25.7316
26.0000 25.7504
26.0000 26.2993
26.0000 25.8215
26.0000 24.5351
26.0000 25.4809
26.0000 25.2045
26.0000 26.1081
26.0000 25.6574
26.0000 25.9326
26.0000 25.7265
26.0000 25.2696
26.0000 25.9436
26.0000 25.9154
26.0000 25.4775
26.0000 25.8645
26.0000 24.5026
26.0000 25.3063
26.0000 25.6771
26.0000 24.7270
26.0000 25.6638
26.0000 25.8624
26.0000 25.5138
26.0000 26.7878
26.0000 25.4667
26.0000 25.1204
26.0000 25.7540
26.0000 24.9746
26.0000 24.8579
26.0000 25.5246
26.0000 26.1467
26.0000 25.3723
26.0000 26.3286
26.0000 25.5183
26.0000 25.7467
26.0000 24.9218
26.0000 25.5196
26.0000 26.4457
26.0000 25.2062
26.0000 25.5456
26.0000 25.2798
26.0000 25.5819
26.0000 26.1396
26.0000 25.5554
26.0000 26.0085
26.0000 25.8915
26.0000 26.1054
26.0000 25.5279
26.0000 26.7356
26.0000 25.9530
26.0000 25.1141
26.0000 25.2054
26.0000 26.1569
26.0000 24.5927
26.0000 24.9730
26.0000 25.7336
26.0000 25.7698
26.0000 26.4250
26.0000 26.2453
26.0000 25.3042
26.0000 26.0419
26.0000 25.0500
26.0000 25.2966
26.0000 25.3920
26.0000 26.1811
26.0000 25.9416
26.0000 25.5948
26.0000 25.9053
26.0000 25.9281
26.0000 25.7181
26.0000 25.0031
26.0000 25.9726
26.0000 25.5855
26.0000 25.2978
26.0000 25.3944
26.0000 25.0522
26.0000 25.2593
26.0000 25.6458
26.0000 25.5672
26.0000 25.3650
26.0000 24.9304
26.0000 26.2887
26.0000 25.1436
26.0000 25.6878
26.0000 25.1775
26.0000 26.2062
26.0000 25.3113
26.0000 25.4407
26.0000 26.5929
26.0000 25.5365
26.0000 26.7246
26.0000 26.1594
26.0000 25.4920
26.0000 25.6569
26.0000 24.8844
26.0000 25.0714
26.0000 24.8062
26.0000 24.4003
26.0000 24.8767
26.0000 26.3684
26.0000 25.0693
26.0000 25.0209
26.0000 25.9561
26.0000 26.1742
26.0000 24.7632
26.0000 26.0149
26.0000 26.1995
26.0000 26.4264
26.0000 25.1899
26.0000 25.7528
26.0000 26.2082
26.0000 24.9612
26.0000 26.7678
26.0000 25.5621
26.0000 24.9170
26.0000 26.6093
26.0000 25.4361
26.0000 25.5488
26.0000 26.2066
26.0000 24.9142
26.0000 26.2324
26.0000 25.1488
26.0000 25.8558
26.0000 25.7770
26.0000 25.6874
26.0000 24.4311
26.0000 26.1369
26.0000 26.2895
26.0000 25.5986
26.0000 25.4775
26.0000 25.8050
26.0000 25.0128
26.0000 24.6493
26.0000 25.8326
26.0000 25.6962
26.0000 25.4093
26.0000 25.4056
26.0000 25.6098
26.0000 25.3350
26.0000 26.3998
26.0000 26.0434
26.0000 25.2568
26.0000 25.4973
26.0000 25.5773
26.0000 26.3961
26.0000 26.0900
26.0000 25.0233
26.0000 25.3487
26.0000 25.4097
26.0000 26.0180
26.0000 25.9455
26.0000 26.1035
26.0000 25.0354
26.0000 26.6247
26.0000 25.1722
26.0000 25.7817
26.0000 25.2796
26.0000 25.5297
26.0000 23.9121
26.0000 26.4663
26.0000 25.1436
26.0000 24.7822
26.0000 25.8208
26.0000 25.3540
26.0000 25.0708
26.0000 25.8018
26.0000 25.8923
26.0000 25.1156
26.0000 24.0857
26.0000 25.8854
26.0000 26.6195
26.0000 24.7934
26.0000 24.9451
26.0000 24.6936
26.0000 26.3941
26.0000 25.0379
26.0000 25.8610
26.0000 24.2416
26.0000 25.9306
26.0000 25.2199
26.0000 25.2114
26.0000 24.3422
26.0000 25.0162
26.0000 24.5637
26.0000 26.0389
26.0000 25.5925
26.0000 26.2723
26.0000 25.9120
26.0000 26.2911
26.0000 25.4035
26.0000 26.3861
26.0000 25.6565
26.0000 26.8324
26.0000 25.4975
26.0000 25.5371
26.0000 25.8753
26.0000 26.3269
26.0000 25.0805
26.0000 25.9049
26.0000 26.5225
26.0000 25.5742
26.0000 25.2040
26.0000 25.1351
26.0000 25.0742
26.0000 25.4394
26.0000 26.7683
26.0000 25.0916
26.0000 25.7655
26.0000 25.7843
26.0000 25.5447
26.0000 25.7234
26.0000 25.4451
26.0000 25.1846
26.0000 25.5637
26.0000 25.1967
26.0000 25.4604
26.0000 26.0363
26.0000 25.8423
26.0000 25.7506
26.0000 25.5184
26.0000 26.0747
26.0000 25.5543
26.0000 25.8944
26.0000 25.9163
26.0000 25.9461
26.0000 25.5078
26.0000 25.8253
26.0000 27.0156
26.0000 26.2834
26.0000 26.2997
26.0000 25.3215
26.0000 26.4027
26.0000 25.6749
26.0000 25.7877
26.0000 25.5055
26.0000 25.6791
26.0000 26.2037
26.0000 26.2929
26.0000 24.8415
26.0000 25.8947
26.0000 25.1758
26.0000 26.7898
26.0000 25.2168
26.0000 25.4063
26.0000 25.8959
26.0000 25.6101
26.0000 25.4448
26.0000 25.9320
26.0000 26.0743
26.0000 25.8778
26.0000 24.9125
26.0000 25.6925
26.0000 25.9761
26.0000 25.0433
26.0000 25.5466
26.0000 26.2740
26.0000 25.7168
26.0000 25.6503
26.0000 26.3344
26.0000 24.6582
26.0000 25.3328
26.0000 25.6324
26.0000 24.7886
26.0000 26.6065
26.0000 26.4491
26.0000 25.4472
26.0000 26.3321
26.0000 25.6801
26.0000 25.6510
26.0000 25.5395
26.0000 25.6394
26.0000 24.7513
26.0000 25.7388
26.0000 25.3870
26.0000 25.2246
26.0000 25.4173
26.0000 24.6932
26.0000 25.7806
26.0000 26.0296
26.0000 25.2970
26.0000 25.6716
26.0000 24.9989
26.0000 26.6453
26.0000 26.6493
26.0000 27.1030
26.0000 25.9780
26.0000 25.5197
26.0000 25.3819
26.0000 26.2681
26.0000 24.7328
26.0000 25.2836
26.0000 25.6978
26.0000 25.2569
26.0000 26.3870
26.0000 25.7832
26.0000 25.8981
26.0000 24.9465
26.0000 25.4327
26.0000 25.6795
26.0000 25.7603
26.0000 26.5652
26.0000 25.9334
26.0000 26.7040
26.0000 25.1751
26.0000 25.1570
26.0000 25.3100
26.0000 24.5327
26.0000 26.0964
26.0000 25.7356
26.0000 25.3522
26.0000 25.0421
26.0000 25.7662
26.0000 25.8525
26.0000 27.1161
26.0000 25.7780
26.0000 24.7973
26.0000 25.8156
26.0000 24.6881
26.0000 25.7303
26.0000 24.7998
26.0000 25.3256
26.0000 24.6395
26.0000 27.0935
26.0000 25.0814
26.0000 25.6829
26.0000 24.3296
26.0000 25.5116
26.0000 26.4480
26.0000 25.4386
26.0000 25.6405
26.0000 26.3896
26.0000 26.4469
26.0000 25.6855
26.0000 26.5124
26.0000 25.7440
26.0000 25.6643
26.0000 26.4918
26.0000 25.5473
26.0000 25.2766
26.0000 26.2913
26.0000 25.8604
26.0000 25.7433
26.0000 26.1299
26.0000 25.7497
26.0000 25.4760
26.0000 25.1910
26.0000 25.3524
26.0000 25.3403
26.0000 25.1618
26.0000 25.7179
26.0000 25.5479
26.0000 25.4914
26.0000 25.3965
26.0000 25.3418
26.0000 25.6151
26.0000 26.3530
26.0000 26.5522
26.0000 25.7993
26.0000 24.8454
26.0000 27.2301
26.0000 24.8780
26.0000 26.3001
26.0000 24.5802
26.0000 26.0484
26.0000 24.7854
26.0000 24.9701
26.0000 24.6232
26.0000 25.1840
26.0000 26.1438
26.0000 23.9990
26.0000 24.5474
26.0000 25.9927
26.0000 25.7834
26.0000 26.3308
26.0000 24.3286
26.0000 24.4445
26.0000 25.3416
26.0000 25.4526
26.0000 25.5678
26.0000 25.9231
26.0000 25.6146
26.0000 25.3692
26.0000 25.9309
26.0000 26.0813
26.0000 25.3492
26.0000 25.4736
26.0000 24.9652
26.0000 25.6366
26.0000 25.4871
26.0000 25.5848
26.0000 25.4777
26.0000 25.7664
26.0000 27.1213
26.0000 24.8275
26.0000 26.2796
26.0000 25.9143
26.0000 25.4164
26.0000 25.5951
26.0000 24.9905
26.0000 25.3659
26.0000 25.2399
26.0000 26.0727
26.0000 26.4674
26.0000 25.5997
26.0000 25.5895
26.0000 26.5889
26.0000 26.3319
26.0000 26.0917
26.0000 25.3870
26.0000 26.6066
26.0000 25.4395
26.0000 25.5937
26.0000 25.4896
26.0000 23.9069
26.0000 25.1141
26.0000 25.9959
26.0000 25.6359
26.0000 24.9361
26.0000 24.3387
26.0000 25.3971
26.0000 26.1519
26.0000 25.5521
26.0000 26.0866
26.0000 25.1364
26.0000 26.5342
26.0000 26.1777
26.0000 26.5941
26.0000 25.8477
26.0000 25.9865
26.0000 25.8271
26.0000 25.7536
26.0000 26.5094
26.0000 24.3801
26.0000 26.0943
26.0000 25.8949
26.0000 25.5379
26.0000 25.4530
26.0000 25.3381
26.0000 25.0547
26.0000 26.2843
26.0000 24.7224
26.0000 26.5849
26.0000 25.3358
26.0000 26.2799
26.0000 25.4152
26.0000 27.0326
26.0000 25.1273
26.0000 25.8632
26.0000 24.7885
26.0000 25.6608
26.0000 25.2805
26.0000 26.3568
26.0000 26.3565
26.0000 24.6799
26.0000 25.7108
26.0000 26.3133
26.0000 26.3442
26.0000 25.6178
26.0000 25.5593
26.0000 25.6163
26.0000 25.0296
26.0000 25.9081
26.0000 24.9983
26.0000 25.5813
26.0000 25.1757
26.0000 25.7038
26.0000 26.6055
26.0000 24.9674
26.0000 26.2245
26.0000 27.2547
26.0000 25.7168
26.0000 25.8615
26.0000 25.0525
26.0000 26.9116
26.0000 25.4239
26.0000 25.2185
26.0000 26.0204
26.0000 25.3932
26.0000 25.2348
26.0000 26.1618
26.0000 26.2111
26.0000 25.3360
26.0000 24.9537
26.0000 26.0461
26.0000 25.6436
26.0000 25.0810
26.0000 25.5235
26.0000 25.9121
26.0000 25.3502
26.0000 25.9432
26.0000 25.6615
26.0000 25.5804
26.0000 25.5953
26.0000 25.5913
26.0000 25.7050
26.0000 25.2715
26.0000 25.9895
26.0000 25.4517
26.0000 24.8510
26.0000 25.9626
26.0000 26.1151
26.0000 25.2956
26.0000 24.7517
26.0000 25.6480
26.0000 25.8483
26.0000 25.3230
26.0000 25.3427
26.0000 25.6966
26.0000 24.6641
26.0000 25.7103
26.0000 26.2259
26.0000 26.4441
26.0000 25.2421
26.0000 26.3437
26.0000 27.0917
26.0000 26.3590
26.0000 25.2954
26.0000 24.9099
26.0000 25.7070
26.0000 26.2147
26.0000 26.1933
26.0000 24.8548
26.0000 25.3157
26.0000 24.9334
26.0000 25.1480
26.0000 25.0539
26.0000 25.3203
26.0000 25.4021
26.0000 25.8125
26.0000 25.1788
26.0000 25.4724
26.0000 24.9339
26.0000 24.9652
26.0000 25.7200
26.0000 26.9133
26.0000 25.2040
26.0000 25.3217
26.0000 25.4414
26.0000 25.6204
26.0000 25.6267
26.0000 25.4069
26.0000 25.3634
26.0000 25.3364
26.0000 26.0751
26.0000 26.0084
26.0000 26.2213
26.0000 26.0220
26.0000 25.2599
26.0000 25.9235
26.0000 24.9254
26.0000 26.3673
26.0000 25.2006
26.0000 26.1950
26.0000 25.3963
26.0000 25.5511
26.0000 25.5097
26.0000 25.4776
26.0000 24.2758
26.0000 25.4049
26.0000 24.9707
26.0000 25.4272
26.0000 25.1708
26.0000 25.1920
26.0000 24.9160
26.0000 25.9327
26.0000 25.8016
26.0000 26.6365
26.0000 25.8786
26.0000 25.1838
26.0000 25.8278
26.0000 24.8680
26.0000 25.3999
26.0000 25.9034
26.0000 25.3964
26.0000 25.1996
26.0000 25.2246
26.0000 25.6282
26.0000 25.2683
26.0000 26.5341
26.0000 25.2643
26.0000 25.2049
26.0000 26.2223
26.0000 24.8480
26.0000 25.3865
26.0000 24.9105
26.0000 25.3999
26.0000 26.3999
26.0000 26.3736
26.0000 25.2196
26.0000 23.9496
26.0000 25.9665
26.0000 24.7020
26.0000 25.3273
26.0000 25.9192
26.0000 26.8668
26.0000 25.5054
26.0000 25.9176
26.0000 26.3432
26.0000 26.1219
26.0000 26.0266
26.0000 25.9964
26.0000 26.2498
26.0000 25.2028
26.0000 26.4804
26.0000 25.5590
26.0000 25.4964
26.0000 25.0654
26.0000 26.2080
26.0000 25.5594
26.0000 24.9161
26.0000 25.7321
26.0000 26.2439
26.0000 25.4183
26.0000 25.7999
26.0000 26.3744
26.0000 26.7057
26.0000 25.4390
26.0000 25.3464
26.0000 26.2309
26.0000 25.0849
26.0000 25.9202
26.0000 25.5144
26.0000 26.2701
26.0000 26.3520
26.0000 25.3682
26.0000 25.3852
26.0000 25.1478
26.0000 25.7106
26.0000 25.2000
26.0000 25.3239
26.0000 24.6604
26.0000 25.7364
26.0000 25.5594
26.0000 25.9951
26.0000 25.5191
26.0000 25.3102
26.0000 24.5831
26.0000 24.9746
26.0000 25.8785
26.0000 25.6211
26.0000 23.6009
26.0000 24.5577
26.0000 25.8053
26.0000 25.7015
26.0000 26.7230
26.0000 25.6604
26.0000 26.2805
26.0000 25.1887
26.0000 25.7101
26.0000 25.6112
26.0000 25.1192
26.0000 24.8724
26.0000 25.3239
26.0000 26.7010
26.0000 24.5133
26.0000 24.8118
26.0000 25.4926
26.0000 25.2142
26.0000 25.3891
26.0000 24.8690
26.0000 26.0053
26.0000 26.0098
26.0000 24.6312
26.0000 25.5748
26.0000 27.1730
26.0000 26.3471
26.0000 24.9460
26.0000 24.9578
26.0000 24.7532
26.0000 25.6233
26.0000 25.4658
26.0000 25.9624
26.0000 26.1060
26.0000 25.5591
26.0000 26.0098
26.0000 25.1598
26.0000 25.0445
26.0000 25.4134
26.0000 25.3644
26.0000 26.3265
26.0000 26.2914
26.0000 25.7511
26.0000 25.2526
26.0000 25.1015
26.0000 23.9834
26.0000 25.4528
26.0000 25.0337
26.0000 25.9967
26.0000 25.4813
26.0000 25.1989
26.0000 25.2414
26.0000 25.6474
26.0000 25.6033
26.0000 25.6278
26.0000 26.7946
26.0000 25.3881
26.0000 25.8847
26.0000 25.2876
26.0000 25.6425
26.0000 24.9284
26.0000 25.4571
26.0000 24.6883
26.0000 25.6316
26.0000 25.9887
26.0000 25.0776
26.0000 24.6342
26.0000 26.0057
26.0000 25.3626
26.0000 25.4313
26.0000 25.5015
26.0000 25.6058
26.0000 25.3975
26.0000 26.1626
26.0000 25.4404
26.0000 25.5305
26.0000 25.8593
26.0000 25.7049
26.0000 24.9205
26.0000 25.6215
26.0000 26.1901
26.0000 25.2981
26.0000 25.6304
26.0000 26.0482
26.0000 26.3737
26.0000 24.6742
26.0000 26.0066
26.0000 25.3278
26.0000 26.3024
26.0000 25.2008
26.0000 25.0786
26.0000 25.7098
26.0000 25.6388
26.0000 24.7974
26.0000 26.4163
26.0000 24.9626
26.0000 24.9566
26.0000 25.6693
26.0000 25.9268
26.0000 24.9165
26.0000 26.5350
26.0000 25.6939
26.0000 26.0163
26.0000 25.8703
26.0000 25.8664
26.0000 27.1145
26.0000 25.5345
26.0000 25.3153
26.0000 26.2196
26.0000 25.5788
26.0000 26.4625
26.0000 24.8408
26.0000 24.5314
26.0000 25.2313
26.0000 25.0908
26.0000 24.7132
26.0000 25.1483
26.0000 26.0061
26.0000 24.8729
26.0000 25.9605
26.0000 26.5091
26.0000 25.8373
26.0000 25.6967
26.0000 25.6119
26.0000 24.7967
26.0000 25.4498
26.0000 25.2299
26.0000 25.7429
26.0000 25.9958
26.0000 25.5371
26.0000 24.7837
26.0000 26.9844
26.0000 26.1600
26.0000 26.2636
26.0000 25.4220
26.0000 25.7099
26.0000 25.0368
26.0000 24.7767
26.0000 26.6335
26.0000 25.9283
26.0000 26.5151
26.0000 24.7980
26.0000 25.2516
26.0000 26.3468
26.0000 25.9815
26.0000 26.0906
26.0000 25.2927
26.0000 24.7743
26.0000 26.0613
26.0000 24.9452
26.0000 25.1479
26.0000 25.1334
26.0000 25.2966
26.0000 25.8424
26.0000 25.9834
26.0000 25.5555
26.0000 26.0565
26.0000 26.1312
26.0000 25.2048
26.0000 25.5204
26.0000 25.8269
26.0000 26.4872
26.0000 25.4264
26.0000 25.3298
26.0000 26.5346
26.0000 25.5297
26.0000 25.0318
26.0000 25.0634
26.0000 24.9622
26.0000 24.7820
26.0000 25.0586
26.0000 25.8462
26.0000 25.2360
26.0000 26.0947
26.0000 25.8252
26.0000 24.6458
26.0000 25.3215
26.0000 24.5514
26.0000 25.8559
26.0000 24.8355
26.0000 25.2469
26.0000 25.7789
26.0000 25.0967
26.0000 25.7567
26.0000 25.0864
26.0000 25.5315
26.0000 25.5285
26.0000 26.3933
26.0000 24.9388
26.0000 25.5207
26.0000 26.3549
26.0000 25.8921
26.0000 25.4258
26.0000 26.0688
26.0000 25.9644
26.0000 24.9064
26.0000 26.4013
26.0000 25.3755
26.0000 24.8781
26.0000 25.9761
26.0000 24.8049
26.0000 24.9153
26.0000 25.5641
26.0000 25.1899
26.0000 25.8749
26.0000 25.1717
26.0000 24.6305
26.0000 25.1824
26.0000 25.5584
26.0000 25.6681
26.0000 25.1585
26.0000 24.2804
26.0000 25.5581
26.0000 26.2689
26.0000 25.8223
26.0000 24.8277
26.0000 25.7447
26.0000 26.0704
26.0000 25.7819
26.0000 25.7757
26.0000 25.4672
26.0000 25.4190
26.0000 25.2097
26.0000 26.5819
26.0000 25.1628
26.0000 25.5102
26.0000 25.8023
26.0000 25.7354
26.0000 24.9070
26.0000 25.3826
26.0000 25.1331
26.0000 26.4739
26.0000 26.0003
26.0000 25.1838
26.0000 25.5737
26.0000 26.3961
26.0000 25.3657
26.0000 24.4656
26.0000 25.3776
26.0000 26.0010
26.0000 25.5478
26.0000 25.8663
26.0000 25.2446
26.0000 26.8443
26.0000 26.1963
26.0000 25.3047
26.0000 26.2193
26.0000 24.9239
26.0000 25.4642
26.0000 24.8044
26.0000 25.2037
26.0000 24.9553
26.0000 25.2817
26.0000 25.6163
26.0000 25.8394
26.0000 26.4592
26.0000 26.2058
26.0000 25.6130
26.0000 25.8482
26.0000 26.1312
26.0000 25.8294
26.0000 25.6910
26.0000 24.5446
26.0000 25.3328
26.0000 24.9717
26.0000 24.8866
26.0000 25.6460
26.0000 24.3155
26.0000 25.4366
26.0000 25.1575
26.0000 26.1793
26.0000 25.2942
26.0000 25.9500
26.0000 25.1033
26.0000 25.1073
26.0000 25.9736
26.0000 25.2026
26.0000 24.9107
26.0000 25.6786
26.0000 24.4921
26.0000 24.9977
26.0000 26.2648
26.0000 24.8732
26.0000 25.5308
26.0000 25.4492
26.0000 25.1039
26.0000 25.7795
26.0000 25.3523
26.0000 24.8828
26.0000 26.3463
26.0000 25.2556
26.0000 25.7028
26.0000 25.4190
26.0000 25.8600
26.0000 24.5728
26.0000 25.2602
26.0000 24.9090
26.0000 25.5300
26.0000 25.8057
26.0000 24.7005
26.0000 24.4058
26.0000 24.8854
26.0000 25.6569
26.0000 25.8171
26.0000 25.0566
26.0000 25.5949
26.0000 25.0936
26.0000 26.0871
26.0000 25.9545
26.0000 25.0130
26.0000 25.0790
26.0000 24.6639
26.0000 24.8958
26.0000 25.7617
26.0000 25.4492
26.0000 25.3836
26.0000 26.3467
26.0000 25.4816
26.0000 25.6160
26.0000 25.2401
26.0000 25.5945
26.0000 25.5438
26.0000 26.3543
26.0000 26.1117
26.0000 25.7295
26.0000 25.6020
26.0000 26.0408
26.0000 25.5730
26.0000 25.2534
26.0000 25.2545
26.0000 25.1414
26.0000 24.4244
26.0000 25.0633
26.0000 25.1237
26.0000 24.9060
26.0000 26.2982
26.0000 25.3059
26.0000 25.9070
26.0000 25.6712
26.0000 25.8910
26.0000 25.3844
26.0000 24.7283
26.0000 25.6734
26.0000 25.0540
26.0000 26.4460
26.0000 24.9704
26.0000 26.6606
26.0000 25.2753
26.0000 26.3307
26.0000 25.2452
26.0000 24.8491
26.0000 24.5835
26.0000 26.0467
26.0000 25.0698
26.0000 26.5066
26.0000 25.7096
26.0000 24.6717
26.0000 25.0454
26.0000 25.6245
26.0000 26.3065
26.0000 25.9392
26.0000 25.6672
26.0000 25.6039
26.0000 24.8063
26.0000 25.1427
26.0000 25.8728
26.0000 25.9696
26.0000 25.8793
26.0000 25.5674
26.0000 25.0428
26.0000 25.4971
26.0000 25.4607
26.0000 26.1006
26.0000 25.9393
26.0000 25.0316
26.0000 24.6913
26.0000 25.4091
26.0000 24.5600
26.0000 25.9486
26.0000 25.4905
26.0000 26.6550
26.0000 25.6982
26.0000 26.0719
26.0000 25.1865
26.0000 25.3113
26.0000 26.1787
26.0000 25.8953
26.0000 25.3001
26.0000 24.5827
26.0000 26.1025
26.0000 25.8019
26.0000 25.7432
26.0000 25.5121
26.0000 25.3258
26.0000 25.4335
26.0000 25.1344
26.0000 24.9518
26.0000 25.0641
26.0000 25.5666
26.0000 26.2988
26.0000 25.4011
26.0000 25.2317
26.0000 26.3740
26.0000 25.9162
26.0000 25.8621
26.0000 25.9334
26.0000 26.0617
26.0000 25.2766
26.0000 25.9270
26.0000 24.9271
26.0000 25.3331
26.0000 26.2271
26.0000 25.7227
26.0000 24.8401
26.0000 25.5685
26.0000 25.4924
26.0000 26.1205
26.0000 25.9780
26.0000 25.8633
26.0000 25.9419
26.0000 25.9847
26.0000 26.5770
26.0000 25.5589
26.0000 25.2786
26.0000 25.2403
26.0000 26.1649
26.0000 26.1468
26.0000 25.2480
26.0000 25.0368
26.0000 25.1484
26.0000 24.2352
26.0000 26.0072
26.0000 25.9953
26.0000 25.3273
26.0000 26.2390
26.0000 24.7047
26.0000 25.2704
26.0000 25.2963
26.0000 26.5027
26.0000 25.6168
26.0000 27.1712
26.0000 25.5759
26.0000 25.2702
26.0000 26.0005
26.0000 25.7897
26.0000 24.5959
26.0000 25.9476
26.0000 25.4613
26.0000 26.2272
26.0000 24.1823
26.0000 26.2136
26.0000 24.7558
26.0000 26.6729
26.0000 26.1106
26.0000 25.5046
26.0000 25.7359
26.0000 25.8127
26.0000 26.0015
26.0000 25.4045
26.0000 24.7812
26.0000 25.8328
26.0000 25.6246
26.0000 25.7000
26.0000 25.0953
26.0000 26.4404
26.0000 26.0692
26.0000 25.4104
26.0000 25.6468
26.0000 25.8967
26.0000 25.2024
26.0000 25.6137
26.0000 25.2063
26.0000 25.7059
26.0000 24.1922
26.0000 25.1845
26.0000 24.7996
26.0000 24.9423
26.0000 24.7652
26.0000 25.8734
26.0000 25.6667
26.0000 26.3030
26.0000 26.1266
26.0000 25.5066
26.0000 25.2301
26.0000 25.4922
26.0000 26.9879
26.0000 26.1241
26.0000 25.3255
26.0000 25.4716
26.0000 24.5954
26.0000 25.4956
26.0000 26.0932
26.0000 25.3013
26.0000 26.5909
26.0000 25.7508
26.0000 25.2616
26.0000 24.7396
26.0000 26.1889
26.0000 26.4102
26.0000 26.1834
26.0000 25.2764
26.0000 25.4549
26.0000 25.8600
26.0000 25.6783
26.0000 26.6387
26.0000 25.7892
26.0000 23.4279
26.0000 26.1611
26.0000 24.9044
26.0000 25.0429
26.0000 24.8827
26.0000 25.8820
26.0000 25.2871
26.0000 25.5989
26.0000 24.8934
26.0000 26.3051
26.0000 25.5274
26.0000 26.1577
26.0000 26.0598
26.0000 25.6665
26.0000 25.8603
26.0000 25.8265
26.0000 24.9066
26.0000 25.6454
26.0000 26.3544
26.0000 25.8549
26.0000 25.7452
26.0000 25.1337
26.0000 26.2351
26.0000 26.3049
26.0000 26.5179
26.0000 25.5725
26.0000 25.6432
26.0000 25.5392
26.0000 25.5775
26.0000 26.8857
26.0000 25.9853
26.0000 25.9195
26.0000 25.0059
26.0000 26.7346
26.0000 25.3019
26.0000 24.3972
26.0000 25.9344
26.0000 26.0925
26.0000 25.9108
26.0000 26.6850
26.0000 25.5419
26.0000 25.5126
26.0000 26.4243
26.0000 25.1570
26.0000 25.4091
26.0000 25.3443
26.0000 24.3037
26.0000 25.5005
26.0000 25.5210
26.0000 25.2112
26.0000 24.7571
26.0000 26.3044
26.0000 25.6127
26.0000 25.3373
26.0000 25.8722
26.0000 26.2283
26.0000 24.1741
26.0000 25.9516
26.0000 25.3139
26.0000 26.0045
26.0000 24.8509
26.0000 25.8351
26.0000 26.1629
26.0000 25.7152
26.0000 24.3720
26.0000 25.6396
26.0000 25.0338
26.0000 25.5660
26.0000 25.8226
26.0000 24.5623
26.0000 25.9795
26.0000 25.2411
26.0000 25.6913
26.0000 24.4838
26.0000 25.6836
26.0000 25.7412
26.0000 25.3423
26.0000 23.9912
26.0000 26.6768
26.0000 25.7223
26.0000 25.4095
26.0000 25.1234
26.0000 25.0281
26.0000 25.5677
26.0000 24.7903
26.0000 26.0282
26.0000 26.1121
26.0000 25.5832
26.0000 25.0681
26.0000 24.5130
26.0000 24.8395
26.0000 25.6626
26.0000 25.9115
26.0000 25.2415
26.0000 26.0840
26.0000 25.5622
26.0000 25.3995
26.0000 25.7888
26.0000 25.8145
26.0000 26.6821
26.0000 26.1319
26.0000 24.9247
26.0000 25.9649
26.0000 25.3490
26.0000 25.3855
26.0000 26.0983
26.0000 25.3496
26.0000 26.3382
26.0000 25.3975
26.0000 25.3254
26.0000 27.0806
26.0000 26.2046
26.0000 25.4070
26.0000 25.9239
26.0000 24.5728
26.0000 26.3545
26.0000 25.3078
26.0000 26.7087
26.0000 25.5251
26.0000 25.6063
26.0000 25.0542
26.0000 25.4599
26.0000 25.2591
26.0000 24.6638
26.0000 25.0054
26.0000 25.8458
26.0000 25.8346
26.0000 25.2048
26.0000 24.9640
26.0000 25.8024
26.0000 26.3579
26.0000 26.5910
26.0000 25.7394
26.0000 25.1111
26.0000 24.9184
26.0000 24.6403
26.0000 25.9996
26.0000 25.4655
26.0000 25.8052
26.0000 25.3426
26.0000 25.4620
26.0000 25.7006
26.0000 25.7499
26.0000 25.6532
26.0000 25.5823
26.0000 26.4138
26.0000 25.7467
26.0000 24.8744
26.0000 26.4559
26.0000 25.5629
26.0000 25.8912
26.0000 25.9307
26.0000 25.0366
26.0000 25.3846
26.0000 25.4364
26.0000 25.3773
26.0000 26.2672
26.0000 25.1971
26.0000 26.0977
26.0000 24.6037
26.0000 25.9179
26.0000 25.0191
26.0000 26.0712
26.0000 25.6222
26.0000 26.3077
26.0000 25.2460
26.0000 26.1786
26.0000 25.5032
26.0000 25.9236
26.0000 25.8159
26.0000 26.7982
26.0000 25.3228
26.0000 25.5278
26.0000 24.9020
26.0000 24.8578
26.0000 25.6482
26.0000 25.2597
26.0000 26.7216
26.0000 23.8303
26.0000 25.1937
26.0000 25.7989
26.0000 25.1233
26.0000 25.3120
26.0000 26.1621
26.0000 26.3002
26.0000 24.8402
26.0000 25.8332
26.0000 25.8407
26.0000 25.0903
26.0000 26.1427
26.0000 25.4310
26.0000 25.6529
26.0000 25.1001
26.0000 26.0431
26.0000 25.9421
26.0000 25.6672
26.0000 25.5931
26.0000 26.3549
26.0000 25.7837
26.0000 25.6717
26.0000 26.1185
26.0000 25.0822
26.0000 25.7927
26.0000 25.5823
26.0000 24.9472
26.0000 24.8977
26.0000 25.7330
26.0000 25.8165
26.0000 26.0443
26.0000 25.6107
26.0000 26.3704
26.0000 25.4322
26.0000 25.5554
26.0000 25.7854
26.0000 24.9419
26.0000 25.9910
26.0000 26.0923
26.0000 25.6024
26.0000 24.2063
26.0000 25.7630
26.0000 26.3452
26.0000 26.0315
26.0000 25.1654
26.0000 25.6672
26.0000 25.7913
26.0000 26.3014
26.0000 25.8529
26.0000 25.8420
26.0000 25.8081
26.0000 26.6912
26.0000 25.0505
26.0000 24.8514
26.0000 26.2718
26.0000 26.5826
26.0000 25.7684
26.0000 24.9357
26.0000 24.8290
26.0000 26.3505
26.0000 24.6985
26.0000 25.3213
26.0000 25.9649
26.0000 25.6299
26.0000 24.6021
26.0000 26.0023
26.0000 25.8243
26.0000 26.3018
26.0000 25.4475
26.0000 25.5237
26.0000 25.3309
26.0000 25.9727
26.0000 26.3647
26.0000 25.5662
26.0000 25.3824
26.0000 25.7322
26.0000 26.3018
26.0000 25.4081
26.0000 25.7831
26.0000 25.6084
26.0000 25.1826
26.0000 25.6475
26.0000 25.3316
26.0000 25.7726
26.0000 26.6754
26.0000 24.7792
26.0000 24.6921
26.0000 26.2273
26.0000 25.8718
26.0000 25.8292
26.0000 25.6143
26.0000 26.1041
26.0000 25.7111
26.0000 25.4530
26.0000 25.7418
26.0000 24.8798
26.0000 24.7338
26.0000 25.1648
26.0000 24.8058
26.0000 25.5612
26.0000 25.8059
26.0000 25.3339
26.0000 26.2495
26.0000 25.9995
26.0000 24.5931
26.0000 25.2332
26.0000 24.8270
26.0000 24.9416
26.0000 25.6590
26.0000 25.8212
26.0000 26.4511
26.0000 25.4754
26.0000 25.6101
26.0000 26.4159
26.0000 24.6277
26.0000 25.0502
26.0000 25.3955
26.0000 25.5495
26.0000 25.6491
26.0000 25.9304
26.0000 25.6039
26.0000 25.6003
26.0000 24.7459
26.0000 25.1793
26.0000 25.6543
26.0000 25.4307
26.0000 25.4179
26.0000 26.2569
26.0000 27.1045
26.0000 24.1898
26.0000 25.2915
26.0000 25.5538
26.0000 25.3506
26.0000 24.9833
26.0000 24.7952
26.0000 25.0927
26.0000 25.3927
26.0000 26.6477
26.0000 25.0404
26.0000 25.9464
26.0000 25.9195
26.0000 25.4138
26.0000 25.6019
26.0000 25.3253
26.0000 25.3379
26.0000 25.9568
26.0000 25.1112
26.0000 25.9108
26.0000 26.1498
26.0000 25.3571
26.0000 25.4593
26.0000 26.7821
26.0000 25.2109
26.0000 25.2920
26.0000 26.6251
26.0000 25.3245
26.0000 25.3422
26.0000 25.3109
26.0000 23.9255
26.0000 25.4330
26.0000 26.6149
26.0000 26.2407
26.0000 25.5057
26.0000 25.0063
26.0000 25.9623
26.0000 27.2007
26.0000 25.5879
26.0000 26.1498
26.0000 25.6272
26.0000 25.9641
26.0000 26.4773
26.0000 24.9140
26.0000 25.9499
26.0000 26.0276
26.0000 26.2096
26.0000 24.5663
26.0000 25.4462
26.0000 26.0781
26.0000 26.1266
26.0000 25.9721
26.0000 25.3768
26.0000 26.2845
26.0000 26.6647
26.0000 25.8736
26.0000 26.7502
26.0000 24.7709
26.0000 25.7081
26.0000 25.9302
26.0000 24.8462
26.0000 26.1449
26.0000 25.1607
26.0000 25.9626
26.0000 24.7449
26.0000 25.5285
26.0000 25.7944
26.0000 26.5030
26.0000 25.5935
26.0000 26.3154
26.0000 25.2557
26.0000 25.3480
26.0000 25.2968
26.0000 25.2510
26.0000 26.2892
26.0000 25.3726
26.0000 25.9062
26.0000 26.1588
26.0000 25.3197
26.0000 24.5799
26.0000 25.6579
26.0000 25.1557
26.0000 25.5122
26.0000 25.3715
26.0000 26.6536
26.0000 25.8917
26.0000 25.7571
26.0000 25.5357
26.0000 25.3286
26.0000 26.0053
26.0000 25.1066
26.0000 25.8942
26.0000 25.6409
26.0000 25.4486
26.0000 26.2142
26.0000 25.9936
26.0000 25.3224
26.0000 25.2391
26.0000 24.6929
26.0000 25.9348
26.0000 26.0627
26.0000 25.5375
26.0000 25.6348
26.0000 25.0492
26.0000 25.9219
26.0000 25.6758
26.0000 24.7711
26.0000 26.0980
26.0000 24.9679
26.0000 25.8627
26.0000 26.0602
26.0000 24.1563
26.0000 24.4139
26.0000 25.3514
26.0000 25.4052
26.0000 26.3217
26.0000 26.0101
26.0000 25.6373
26.0000 26.2169
26.0000 26.1774
26.0000 24.8937
26.0000 26.6757
26.0000 24.8509
26.0000 25.0929
26.0000 25.0613
26.0000 24.8435
26.0000 25.7087
26.0000 25.5459
26.0000 26.3592
26.0000 25.1218
26.0000 25.6252
26.0000 24.2946
26.0000 25.5032
26.0000 26.1740
26.0000 25.4983
26.0000 24.4661
26.0000 25.1464
26.0000 25.6796
26.0000 25.9822
26.0000 25.8617
26.0000 24.8489
26.0000 25.9937
26.0000 24.1084
26.0000 26.2302
26.0000 26.0205
26.0000 24.9948
26.0000 25.3322
26.0000 24.9223
26.0000 25.2395
26.0000 25.7686
26.0000 26.1153
26.0000 25.5258
26.0000 25.9382
26.0000 25.5649
26.0000 25.7871
26.0000 24.6892
26.0000 25.9039
26.0000 25.8698
26.0000 26.3209
26.0000 24.6795
26.0000 25.5521
26.0000 26.1143
26.0000 25.4777
26.0000 26.0315
26.0000 25.6887
26.0000 26.4085
26.0000 25.8284
26.0000 27.1430
26.0000 24.8734
26.0000 26.0728
26.0000 25.7076
26.0000 26.8149
26.0000 24.5442
26.0000 25.5006
26.0000 26.5749
26.0000 25.3855
26.0000 24.9780
26.0000 27.0368
26.0000 25.8053
26.0000 25.8925
26.0000 24.9860
26.0000 25.8400
26.0000 25.2265
26.0000 25.3659
26.0000 26.3033
26.0000 25.7284
26.0000 25.4710
26.0000 25.5237
26.0000 25.9255
26.0000 24.8312
26.0000 25.7618
26.0000 25.7194
26.0000 25.9597
26.0000 25.9693
26.0000 25.7084
26.0000 25.0749
26.0000 25.6570
26.0000 26.2365
26.0000 25.8763
26.0000 25.1247
26.0000 25.1902
26.0000 24.9312
26.0000 26.4854
26.0000 25.3926
26.0000 25.3589
26.0000 25.4607
26.0000 24.9018
26.0000 24.8628
26.0000 25.3886
26.0000 25.4932
26.0000 25.2724
26.0000 25.6637
26.0000 25.4744
26.0000 24.5653
26.0000 25.8775
26.0000 27.0369
26.0000 25.0963
26.0000 25.3814
26.0000 25.5515
26.0000 25.1053
26.0000 25.3250
26.0000 24.8271
26.0000 24.9650
26.0000 24.3926
26.0000 24.3661
26.0000 25.6939
26.0000 25.4158
26.0000 25.6291
26.0000 25.9826
26.0000 25.9589
26.0000 26.4929
26.0000 25.0902
26.0000 26.0113
26.0000 26.0174
26.0000 26.5604
26.0000 26.7275
26.0000 26.0866
26.0000 25.7802
26.0000 25.5019
26.0000 24.8893
26.0000 25.4583
26.0000 26.1524
26.0000 25.7700
26.0000 26.1403
26.0000 26.4064
26.0000 24.8757
26.0000 25.5530
