28.0000 28.7240
28.0000 27.0707
28.0000 28.0052
28.0000 27.8183
28.0000 28.1087
28.0000 26.8700
28.0000 27.5223
28.0000 27.7778
28.0000 28.0557
28.0000 28.3874
28.0000 28.9132
28.0000 28.6162
28.0000 27.4823
28.0000 29.1303
28.0000 28.2264
28.0000 28.1172
28.0000 27.8375
28.0000 27.1651
28.0000 26.7967
28.0000 27.7471
28.0000 29.0374
28.0000 27.8589
28.0000 28.4109
28.0000 26.5020
28.0000 26.4492
28.0000 26.7610
28.0000 26.4321
28.0000 27.2700
28.0000 27.2804
28.0000 28.1632
28.0000 28.3437
28.0000 27.3561
28.0000 27.6376
28.0000 27.5121
28.0000 27.6225
28.0000 26.9647
28.0000 27.2859
28.0000 28.2282
28.0000 27.5310
28.0000 28.6875
28.0000 27.0252
28.0000 26.7096
28.0000 28.0343
28.0000 27.8503
28.0000 27.3909
28.0000 28.2532
28.0000 26.5918
28.0000 28.6505
28.0000 27.5571
28.0000 28.2619
28.0000 26.5640
28.0000 27.0745
28.0000 27.0983
28.0000 27.1394
28.0000 26.5742
28.0000 28.6276
28.0000 26.5958
28.0000 27.6578
28.0000 28.3552
28.0000 27.2499
28.0000 27.6655
28.0000 28.0585
28.0000 27.3842
28.0000 28.1308
28.0000 28.1858
28.0000 27.5836
28.0000 27.9836
28.0000 27.6792
28.0000 27.0471
28.0000 27.7104
28.0000 27.1648
28.0000 27.4795
28.0000 28.7375
28.0000 28.3732
28.0000 28.7666
28.0000 27.0054
28.0000 27.9440
28.0000 28.3081
28.0000 27.9418
28.0000 28.2486
28.0000 27.8076
28.0000 27.9519
28.0000 27.7252
28.0000 28.4472
28.0000 27.6333
28.0000 27.4047
28.0000 29.0211
28.0000 28.2998
28.0000 28.3249
28.0000 27.8340
28.0000 28.1117
28.0000 27.2648
28.0000 27.2488
28.0000 27.2014
28.0000 28.2153
28.0000 27.8980
28.0000 28.8149
28.0000 27.9718
28.0000 27.8344
28.0000 28.2482
28.0000 27.5751
28.0000 28.3445
28.0000 26.8499
28.0000 26.7244
28.0000 27.6709
28.0000 27.9046
28.0000 28.2457
28.0000 27.1540
28.0000 27.3607
28.0000 26.5398
28.0000 26.9639
28.0000 27.0433
28.0000 27.4651
28.0000 28.3187
28.0000 26.6085
28.0000 27.6361
28.0000 27.7774
28.0000 26.6394
28.0000 27.8633
28.0000 28.3135
28.0000 28.2143
28.0000 28.6862
28.0000 29.3325
28.0000 27.9283
28.0000 27.1478
28.0000 27.1075
28.0000 27.4424
28.0000 27.6056
28.0000 27.0478
28.0000 27.5269
28.0000 28.0702
28.0000 27.4942
28.0000 28.5377
28.0000 27.9418
28.0000 28.1752
28.0000 27.5178
28.0000 28.0741
28.0000 27.4669
28.0000 27.7096
28.0000 26.4700
28.0000 27.3438
28.0000 27.9341
28.0000 27.6958
28.0000 28.5703
28.0000 28.2277
28.0000 28.3355
28.0000 27.6205
28.0000 27.5739
28.0000 28.2196
28.0000 28.8972
28.0000 27.3927
28.0000 28.1582
28.0000 27.1049
28.0000 27.4843
28.0000 27.9458
28.0000 27.3514
28.0000 27.5137
28.0000 27.6639
28.0000 27.6146
28.0000 28.8725
28.0000 28.1732
28.0000 28.6371
28.0000 27.8325
28.0000 27.4117
28.0000 27.1946
28.0000 28.1852
28.0000 28.0471
28.0000 28.2178
28.0000 27.9063
28.0000 27.3400
28.0000 27.7947
28.0000 27.3340
28.0000 27.0176
28.0000 27.0840
28.0000 28.2015
28.0000 28.3784
28.0000 27.8178
28.0000 29.1773
28.0000 27.3632
28.0000 28.8207
28.0000 26.7681
28.0000 27.6924
28.0000 27.2472
28.0000 27.5022
28.0000 27.5237
28.0000 28.1915
28.0000 26.7469
28.0000 26.5573
28.0000 27.8228
28.0000 26.8453
28.0000 28.1693
28.0000 28.8557
28.0000 27.9422
28.0000 27.5038
28.0000 28.6774
28.0000 27.5737
28.0000 27.0533
28.0000 27.3868
28.0000 26.0850
28.0000 27.6889
28.0000 27.8656
28.0000 27.7577
28.0000 27.9415
28.0000 27.7054
28.0000 28.9294
28.0000 27.3521
28.0000 27.9233
28.0000 27.4668
28.0000 28.1171
28.0000 27.3931
28.0000 28.1847
28.0000 27.4770
28.0000 26.9832
28.0000 27.7348
28.0000 27.6230
28.0000 27.2937
28.0000 28.3373
28.0000 26.9488
28.0000 27.2729
28.0000 27.5878
28.0000 27.4602
28.0000 27.7753
28.0000 27.9798
28.0000 27.4759
28.0000 27.4429
28.0000 27.3585
28.0000 28.5298
28.0000 29.0297
28.0000 27.7585
28.0000 28.3995
28.0000 27.2251
28.0000 28.1752
28.0000 26.7960
28.0000 28.2837
28.0000 27.9783
28.0000 26.3451
28.0000 28.2668
28.0000 28.0150
28.0000 28.2560
28.0000 27.2628
28.0000 27.4724
28.0000 27.9448
28.0000 27.7158
28.0000 27.7506
28.0000 27.4664
28.0000 27.1424
28.0000 27.9242
28.0000 27.9731
28.0000 29.0096
28.0000 27.8321
28.0000 28.5389
28.0000 27.6584
28.0000 27.6208
28.0000 27.9059
28.0000 27.2210
28.0000 27.3896
28.0000 26.9886
28.0000 28.1551
28.0000 27.9273
28.0000 28.8373
28.0000 26.6599
28.0000 27.7645
28.0000 28.4490
28.0000 28.2574
28.0000 27.3716
28.0000 28.2262
28.0000 27.2094
28.0000 27.4524
28.0000 27.5644
28.0000 28.2515
28.0000 27.3593
28.0000 27.7133
28.0000 27.5320
28.0000 26.7662
28.0000 28.1235
28.0000 27.5992
28.0000 27.7250
28.0000 29.0751
28.0000 27.3989
28.0000 27.2527
28.0000 27.9588
28.0000 27.2426
28.0000 27.9063
28.0000 27.2405
28.0000 27.7395
28.0000 26.8607
28.0000 27.3636
28.0000 26.9924
28.0000 27.9734
28.0000 27.2626
28.0000 27.6877
28.0000 27.8698
28.0000 28.3905
28.0000 26.9780
28.0000 28.0824
28.0000 27.8946
28.0000 27.2963
28.0000 26.7949
28.0000 27.9708
28.0000 28.0510
28.0000 29.0614
28.0000 28.3313
28.0000 27.2486
28.0000 27.9249
28.0000 27.7878
28.0000 27.4609
28.0000 28.4059
28.0000 26.9999
28.0000 27.9814
28.0000 28.0282
28.0000 28.4612
28.0000 27.6068
28.0000 28.4757
28.0000 27.2647
28.0000 28.0138
28.0000 27.2366
28.0000 26.9469
28.0000 27.6503
28.0000 27.9254
28.0000 28.1609
28.0000 28.9699
28.0000 27.2031
28.0000 27.6449
28.0000 27.1909
28.0000 27.9073
28.0000 27.0650
28.0000 27.3909
28.0000 27.9466
28.0000 27.2576
28.0000 28.3690
28.0000 27.4898
28.0000 28.3527
28.0000 27.6328
28.0000 28.1050
28.0000 27.8270
28.0000 27.7009
28.0000 27.4548
28.0000 27.7486
28.0000 27.3201
28.0000 27.9285
28.0000 28.0976
28.0000 27.9087
28.0000 27.9427
28.0000 27.5043
28.0000 27.1689
28.0000 28.4888
28.0000 27.2301
28.0000 26.2642
28.0000 27.5612
28.0000 28.3410
28.0000 27.7562
28.0000 26.0656
28.0000 27.9479
28.0000 27.2778
28.0000 28.0320
28.0000 26.8790
28.0000 27.8024
28.0000 28.4073
28.0000 27.5714
28.0000 27.4188
28.0000 27.4425
28.0000 27.5353
28.0000 27.8511
28.0000 27.1350
28.0000 28.0937
28.0000 29.2594
28.0000 28.1690
28.0000 27.4995
28.0000 27.6053
28.0000 28.0554
28.0000 27.2213
28.0000 27.6783
28.0000 27.6582
28.0000 28.1479
28.0000 27.2721
28.0000 26.7083
28.0000 27.4220
28.0000 27.3897
28.0000 28.7785
28.0000 27.4344
28.0000 27.4293
28.0000 27.4271
28.0000 28.5162
28.0000 25.7707
28.0000 28.4622
28.0000 27.8599
28.0000 27.1989
28.0000 28.6269
28.0000 27.1276
28.0000 27.8845
28.0000 27.8530
28.0000 27.4616
28.0000 28.0504
28.0000 27.2572
28.0000 28.0693
28.0000 28.6036
28.0000 26.5611
28.0000 28.0246
28.0000 27.9700
28.0000 26.8268
28.0000 26.5063
28.0000 27.7463
28.0000 27.6406
28.0000 28.5949
28.0000 28.5960
28.0000 27.7416
28.0000 28.1862
28.0000 27.3331
28.0000 27.8143
28.0000 27.4497
28.0000 28.1085
28.0000 27.1996
28.0000 27.8698
28.0000 28.0107
28.0000 28.0516
28.0000 27.9282
28.0000 28.1166
28.0000 28.8335
28.0000 28.7404
28.0000 27.4599
28.0000 28.2058
28.0000 27.7405
28.0000 27.2807
28.0000 27.8694
28.0000 27.8582
28.0000 28.5787
28.0000 28.1416
28.0000 27.5262
28.0000 27.3415
28.0000 28.7753
28.0000 27.8146
28.0000 27.1103
28.0000 28.4362
28.0000 27.3724
28.0000 27.4476
28.0000 27.4819
28.0000 27.9718
28.0000 27.8684
28.0000 26.6557
28.0000 28.1596
28.0000 27.4655
28.0000 27.7241
28.0000 28.6956
28.0000 27.3190
28.0000 27.4980
28.0000 28.9612
28.0000 27.0860
28.0000 27.9748
28.0000 28.8961
28.0000 27.3301
28.0000 27.6061
28.0000 28.5751
28.0000 27.9665
28.0000 27.8027
28.0000 28.2680
28.0000 28.0156
28.0000 27.4495
28.0000 27.2792
28.0000 28.8054
28.0000 28.4522
28.0000 27.5524
28.0000 27.4307
28.0000 27.9490
28.0000 27.5474
28.0000 28.5711
28.0000 28.2913
28.0000 27.1918
28.0000 28.1950
28.0000 27.7946
28.0000 27.8110
28.0000 28.2410
28.0000 27.7691
28.0000 28.0577
28.0000 27.5398
28.0000 28.1144
28.0000 27.9021
28.0000 28.2117
28.0000 27.4074
28.0000 27.1772
28.0000 28.1125
28.0000 28.4372
28.0000 27.4530
28.0000 27.5716
28.0000 27.7784
28.0000 28.8449
28.0000 27.9974
28.0000 27.3781
28.0000 27.4451
28.0000 27.5288
28.0000 27.6809
28.0000 28.8207
28.0000 28.1512
28.0000 28.6345
28.0000 27.2365
28.0000 27.0922
28.0000 27.1517
28.0000 27.4296
28.0000 26.9784
28.0000 28.8926
28.0000 27.5891
28.0000 28.0579
28.0000 27.6386
28.0000 27.7007
28.0000 27.3038
28.0000 27.8838
28.0000 28.3759
28.0000 26.5735
28.0000 28.9347
28.0000 27.6337
28.0000 28.6019
28.0000 28.3475
28.0000 27.9498
28.0000 27.5055
28.0000 28.7164
28.0000 28.5246
28.0000 27.4370
28.0000 27.6627
28.0000 28.3653
28.0000 27.8337
28.0000 27.4689
28.0000 27.0559
28.0000 28.0460
28.0000 27.4664
28.0000 27.9331
28.0000 26.8670
28.0000 29.1796
28.0000 27.9845
28.0000 26.8565
28.0000 27.2546
28.0000 27.7603
28.0000 27.6650
28.0000 28.2657
28.0000 28.9241
28.0000 28.1514
28.0000 27.5519
28.0000 28.0653
28.0000 26.7855
28.0000 28.0635
28.0000 28.4032
28.0000 28.0997
28.0000 27.8095
28.0000 27.6560
28.0000 28.2359
28.0000 27.2184
28.0000 27.6823
28.0000 27.9717
28.0000 27.6670
28.0000 27.3026
28.0000 27.9431
28.0000 28.1031
28.0000 28.2334
28.0000 28.3569
28.0000 28.4607
28.0000 27.6299
28.0000 28.2003
28.0000 27.0523
28.0000 27.9231
28.0000 27.5889
28.0000 27.2647
28.0000 27.2454
28.0000 28.1083
28.0000 27.1060
28.0000 26.8599
28.0000 28.3286
28.0000 27.9912
28.0000 27.5707
28.0000 27.9683
28.0000 28.3163
28.0000 29.2787
28.0000 27.7306
28.0000 28.8318
28.0000 28.2721
28.0000 27.5235
28.0000 28.0194
28.0000 27.7878
28.0000 27.7815
28.0000 28.7761
28.0000 27.5530
28.0000 29.2800
28.0000 26.6733
28.0000 27.4088
28.0000 27.1650
28.0000 27.9678
28.0000 28.4459
28.0000 26.3300
28.0000 27.2365
28.0000 27.8458
28.0000 28.4401
28.0000 27.3462
28.0000 28.5431
28.0000 27.3132
28.0000 28.6076
28.0000 28.2099
28.0000 27.6922
28.0000 28.6140
28.0000 28.4764
28.0000 27.4065
28.0000 27.8711
28.0000 27.6430
28.0000 27.9211
28.0000 27.7180
28.0000 28.0176
28.0000 27.3014
28.0000 27.5566
28.0000 28.9308
28.0000 28.1088
28.0000 26.9413
28.0000 26.6960
28.0000 27.7856
28.0000 28.0063
28.0000 28.3133
28.0000 27.5750
28.0000 27.4260
28.0000 27.9347
28.0000 27.5500
28.0000 28.1830
28.0000 27.8573
28.0000 27.2531
28.0000 28.0544
28.0000 27.5808
28.0000 27.0688
28.0000 28.1507
28.0000 28.2569
28.0000 27.9725
28.0000 26.9160
28.0000 27.6212
28.0000 27.1782
28.0000 27.9335
28.0000 27.9973
28.0000 28.3882
28.0000 27.2069
28.0000 28.1472
28.0000 27.7626
28.0000 28.0936
28.0000 27.7185
28.0000 28.5788
28.0000 28.1242
28.0000 27.2907
28.0000 27.6503
28.0000 27.5528
28.0000 27.5057
28.0000 27.7751
28.0000 27.0536
28.0000 27.1618
28.0000 26.9205
28.0000 27.7197
28.0000 27.3063
28.0000 27.1242
28.0000 28.6763
28.0000 26.0013
28.0000 28.0740
28.0000 27.9329
28.0000 27.9437
28.0000 28.3926
28.0000 28.0361
28.0000 27.9917
28.0000 27.7839
28.0000 27.9584
28.0000 28.2036
28.0000 27.9905
28.0000 27.7734
28.0000 28.3887
28.0000 27.5905
28.0000 27.2553
28.0000 28.1589
28.0000 27.5039
28.0000 27.3802
28.0000 27.4883
28.0000 26.8548
28.0000 27.1681
28.0000 27.8339
28.0000 27.9014
28.0000 27.1554
28.0000 27.3497
28.0000 28.0850
28.0000 28.2812
28.0000 28.4457
28.0000 28.0899
28.0000 26.7754
28.0000 27.4629
28.0000 26.5030
28.0000 27.6935
28.0000 27.8236
28.0000 27.5838
28.0000 28.0297
28.0000 28.6830
28.0000 27.8034
28.0000 28.1430
28.0000 28.5021
28.0000 25.9729
28.0000 26.7578
28.0000 26.6116
28.0000 28.1339
28.0000 28.7475
28.0000 26.3838
28.0000 27.4771
28.0000 27.4534
28.0000 28.1620
28.0000 26.7952
28.0000 28.2282
28.0000 28.1073
28.0000 27.1240
28.0000 28.0257
28.0000 28.7123
28.0000 28.2495
28.0000 28.1381
28.0000 27.2782
28.0000 28.8520
28.0000 27.4537
28.0000 27.3907
28.0000 27.8417
28.0000 28.3702
28.0000 28.1723
28.0000 28.1495
28.0000 28.2504
28.0000 28.6347
28.0000 27.9271
28.0000 27.4151
28.0000 28.2047
28.0000 27.9832
28.0000 27.2372
28.0000 27.5856
28.0000 29.0438
28.0000 27.2954
28.0000 27.2251
28.0000 28.0863
28.0000 27.4450
28.0000 26.7566
28.0000 28.1760
28.0000 27.6141
28.0000 28.1059
28.0000 27.2353
28.0000 27.7487
28.0000 28.4796
28.0000 29.2866
28.0000 28.6223
28.0000 27.3816
28.0000 28.3766
28.0000 28.5707
28.0000 27.4181
28.0000 27.5432
28.0000 28.2157
28.0000 28.0880
28.0000 26.9838
28.0000 27.6078
28.0000 27.6264
28.0000 28.8434
28.0000 28.2477
28.0000 27.6038
28.0000 26.8161
28.0000 26.8520
28.0000 28.0157
28.0000 26.7778
28.0000 28.3557
28.0000 26.4167
28.0000 27.5856
28.0000 27.0078
28.0000 27.1681
28.0000 27.5408
28.0000 28.4488
28.0000 27.7358
28.0000 27.6682
28.0000 28.3372
28.0000 28.5729
28.0000 27.5732
28.0000 27.6001
28.0000 27.7051
28.0000 28.4051
28.0000 27.5585
28.0000 26.9422
28.0000 27.6172
28.0000 27.8151
28.0000 27.6490
28.0000 26.8752
28.0000 27.8491
28.0000 28.2953
28.0000 27.9080
28.0000 28.7448
28.0000 28.4017
28.0000 27.0534
28.0000 28.0587
28.0000 27.0922
28.0000 26.8887
28.0000 28.3835
28.0000 27.7484
28.0000 27.7717
28.0000 28.2938
28.0000 26.9042
28.0000 27.5862
28.0000 28.0708
28.0000 29.0098
28.0000 28.0878
28.0000 28.1103
28.0000 28.1916
28.0000 28.3243
28.0000 26.8680
28.0000 27.1634
28.0000 28.1170
28.0000 26.9381
28.0000 26.8344
28.0000 28.3903
28.0000 28.2921
28.0000 28.0575
28.0000 27.7834
28.0000 27.4473
28.0000 28.0545
28.0000 28.0144
28.0000 27.2602
28.0000 27.1642
28.0000 28.0351
28.0000 27.7185
28.0000 28.1454
28.0000 27.1823
28.0000 26.2420
28.0000 28.1245
28.0000 26.9175
28.0000 27.4169
28.0000 27.8172
28.0000 27.6195
28.0000 27.0380
28.0000 28.8454
28.0000 27.9575
28.0000 27.8351
28.0000 28.2211
28.0000 27.7648
28.0000 28.1243
28.0000 28.4633
28.0000 27.8282
28.0000 27.5416
28.0000 28.2830
28.0000 28.7910
28.0000 26.9471
28.0000 28.0546
28.0000 27.3291
28.0000 27.5424
28.0000 27.5899
28.0000 26.8048
28.0000 27.4973
28.0000 28.3857
28.0000 27.5264
28.0000 26.7774
28.0000 28.3402
28.0000 27.7866
28.0000 27.6756
28.0000 28.1836
28.0000 28.6524
28.0000 27.8102
28.0000 28.8078
28.0000 28.0320
28.0000 28.3128
28.0000 28.6699
28.0000 27.9045
28.0000 27.2968
28.0000 27.5015
28.0000 28.8593
28.0000 28.0900
28.0000 27.5489
28.0000 27.9853
28.0000 27.3018
28.0000 26.9994
28.0000 27.1252
28.0000 27.6664
28.0000 27.7497
28.0000 28.4486
28.0000 28.4296
28.0000 28.4813
28.0000 27.1042
28.0000 27.5298
28.0000 28.3859
28.0000 28.0450
28.0000 26.7083
28.0000 28.1041
28.0000 28.5199
28.0000 28.0166
28.0000 26.0380
28.0000 28.0685
28.0000 26.5361
28.0000 27.9844
28.0000 27.4294
28.0000 28.1879
28.0000 28.0857
28.0000 27.8895
28.0000 27.2663
28.0000 27.9137
28.0000 28.5864
28.0000 28.0774
28.0000 28.2712
28.0000 27.7252
28.0000 28.6601
28.0000 27.0877
28.0000 28.0829
28.0000 27.5242
28.0000 27.2931
28.0000 27.9358
28.0000 27.6447
28.0000 27.6477
28.0000 27.7114
28.0000 29.1013
28.0000 27.7081
28.0000 28.8092
28.0000 27.7824
28.0000 28.0289
28.0000 27.5828
28.0000 27.6178
28.0000 27.9829
28.0000 27.2360
28.0000 28.7926
28.0000 28.1585
28.0000 27.2408
28.0000 27.3810
28.0000 28.2389
28.0000 28.4457
28.0000 27.3212
28.0000 27.9140
28.0000 28.2272
28.0000 27.3812
28.0000 28.3733
28.0000 28.1071
28.0000 27.6266
28.0000 27.0958
28.0000 28.1994
28.0000 27.1924
28.0000 27.4991
28.0000 27.9948
28.0000 28.3748
28.0000 29.0923
28.0000 27.4737
28.0000 28.3794
28.0000 27.8006
28.0000 27.2725
28.0000 26.2967
28.0000 27.7118
28.0000 26.9947
28.0000 27.6824
28.0000 26.9331
28.0000 27.3418
28.0000 27.6328
28.0000 28.1436
28.0000 28.1512
28.0000 27.3388
28.0000 28.0690
28.0000 28.3406
28.0000 27.8281
28.0000 28.1765
28.0000 27.8660
28.0000 28.6838
28.0000 27.5321
28.0000 27.1646
28.0000 27.8541
28.0000 26.3569
28.0000 27.7747
28.0000 28.2195
28.0000 28.4317
28.0000 28.4490
28.0000 27.9512
28.0000 28.7888
28.0000 27.1984
28.0000 27.0024
28.0000 27.6735
28.0000 29.2496
28.0000 27.2676
28.0000 28.2182
28.0000 27.1260
28.0000 26.8377
28.0000 27.6899
28.0000 28.4885
28.0000 28.0885
28.0000 27.6341
28.0000 27.4831
28.0000 27.2044
28.0000 27.9286
28.0000 28.3947
28.0000 27.8747
28.0000 27.8442
28.0000 28.1853
28.0000 27.6424
28.0000 27.8016
28.0000 27.8534
28.0000 27.5851
28.0000 27.8352
28.0000 26.7660
28.0000 26.7244
28.0000 29.1273
28.0000 28.6455
28.0000 27.8020
28.0000 28.3821
28.0000 27.7819
28.0000 27.7368
28.0000 27.8204
28.0000 27.4031
28.0000 27.5763
28.0000 27.2668
28.0000 28.5977
28.0000 27.7595
28.0000 27.5563
28.0000 27.3841
28.0000 28.2234
28.0000 27.1189
28.0000 27.9308
28.0000 27.9184
28.0000 26.4406
28.0000 27.2584
28.0000 27.2589
28.0000 27.3693
28.0000 28.5387
28.0000 27.7202
28.0000 27.6963
28.0000 27.4960
28.0000 28.7246
28.0000 28.0323
28.0000 28.0041
28.0000 27.0099
28.0000 27.5810
28.0000 27.6229
28.0000 27.6876
28.0000 28.3054
28.0000 27.3699
28.0000 28.5954
28.0000 28.2045
28.0000 28.1479
28.0000 27.3301
28.0000 28.2008
28.0000 27.8876
28.0000 28.3410
28.0000 28.3158
28.0000 28.9034
28.0000 27.4901
28.0000 27.4486
28.0000 27.7648
28.0000 27.9771
28.0000 27.5226
28.0000 26.7132
28.0000 27.4122
28.0000 27.6338
28.0000 27.0855
28.0000 27.5381
28.0000 27.4757
28.0000 27.7723
28.0000 28.0771
28.0000 28.5077
28.0000 27.3952
28.0000 28.4523
28.0000 27.5810
28.0000 28.7373
28.0000 27.9575
28.0000 27.9255
28.0000 27.3766
28.0000 28.1163
28.0000 27.5285
28.0000 27.7971
28.0000 28.0928
28.0000 27.1649
28.0000 28.0645
28.0000 28.7413
28.0000 27.3525
28.0000 28.3190
28.0000 26.8684
28.0000 28.0290
28.0000 28.0120
28.0000 28.1720
28.0000 27.4468
28.0000 28.6511
28.0000 28.6547
28.0000 27.5367
28.0000 29.0745
28.0000 26.5689
28.0000 28.0799
28.0000 28.5583
28.0000 28.0431
28.0000 27.4283
28.0000 27.6961
28.0000 27.5071
28.0000 28.3343
28.0000 28.0392
28.0000 27.1373
28.0000 28.6198
28.0000 27.7848
28.0000 26.8523
28.0000 27.3824
28.0000 27.6680
28.0000 27.5458
28.0000 27.2870
28.0000 28.1997
28.0000 28.1212
28.0000 27.2494
28.0000 28.2818
28.0000 27.9351
28.0000 28.4460
28.0000 27.0491
28.0000 27.0905
28.0000 27.2978
28.0000 28.0212
28.0000 26.9725
28.0000 28.3002
28.0000 26.7648
28.0000 27.6438
28.0000 27.5281
28.0000 27.8543
28.0000 27.8529
28.0000 27.0014
28.0000 26.7911
28.0000 27.6426
28.0000 28.3331
28.0000 27.5501
28.0000 28.8481
28.0000 26.7393
28.0000 27.6044
28.0000 28.0119
28.0000 27.9616
28.0000 27.6248
28.0000 27.4200
28.0000 27.4224
28.0000 27.8527
28.0000 27.5740
28.0000 27.4326
28.0000 29.2349
28.0000 27.6919
28.0000 28.3330
28.0000 27.5731
28.0000 27.7155
28.0000 28.9338
28.0000 28.2654
28.0000 27.3226
28.0000 29.0065
28.0000 28.2206
28.0000 28.1671
28.0000 27.7708
28.0000 27.5876
28.0000 27.6592
28.0000 27.7857
28.0000 27.3228
28.0000 27.3850
28.0000 27.4847
28.0000 28.2866
28.0000 27.6002
28.0000 27.5430
28.0000 28.1198
28.0000 27.1645
28.0000 28.5370
28.0000 28.7033
28.0000 28.2987
28.0000 27.6406
28.0000 28.4111
28.0000 27.3105
28.0000 28.8459
28.0000 28.0906
28.0000 28.2551
28.0000 27.5140
28.0000 27.1883
28.0000 27.8235
28.0000 27.7497
28.0000 27.6107
28.0000 27.6548
28.0000 28.3554
28.0000 28.3666
28.0000 27.9744
28.0000 27.7521
28.0000 28.5209
28.0000 27.4165
28.0000 28.8134
28.0000 27.6570
28.0000 27.5784
28.0000 27.6972
28.0000 27.0222
28.0000 27.7207
28.0000 27.4315
28.0000 28.6756
28.0000 27.5947
28.0000 27.3634
28.0000 28.3260
28.0000 27.1068
28.0000 27.1672
28.0000 28.2882
28.0000 27.2052
28.0000 27.1290
28.0000 28.2555
28.0000 27.2064
28.0000 28.2147
28.0000 27.4124
28.0000 27.7160
28.0000 27.3358
28.0000 26.7210
28.0000 27.2410
28.0000 28.0064
28.0000 27.6505
28.0000 27.9134
28.0000 27.3953
28.0000 27.7533
28.0000 28.0067
28.0000 27.6766
28.0000 27.1953
28.0000 28.6733
28.0000 28.3858
28.0000 27.5047
28.0000 29.7243
28.0000 27.7482
28.0000 27.7931
28.0000 29.0932
28.0000 27.1638
28.0000 28.0089
28.0000 27.0452
28.0000 27.9293
28.0000 28.2607
28.0000 28.8596
28.0000 27.8914
28.0000 27.6906
28.0000 27.0961
28.0000 28.2603
28.0000 27.8092
28.0000 27.9977
28.0000 27.5861
28.0000 28.2464
28.0000 27.8077
28.0000 27.4199
28.0000 28.0770
28.0000 27.9325
28.0000 28.5192
28.0000 27.5370
28.0000 28.1021
28.0000 28.1285
28.0000 27.4428
28.0000 27.5982
28.0000 27.5927
28.0000 27.9078
28.0000 28.1398
28.0000 27.5267
28.0000 29.1020
28.0000 26.6002
28.0000 28.3648
28.0000 27.8820
28.0000 28.0651
28.0000 26.9530
28.0000 27.9247
28.0000 27.4790
28.0000 28.3273
28.0000 27.6268
28.0000 26.5928
28.0000 27.7376
28.0000 28.0084
28.0000 27.9473
28.0000 28.0125
28.0000 28.1809
28.0000 27.9763
28.0000 27.5702
28.0000 27.7633
28.0000 28.0133
28.0000 27.6674
28.0000 26.9458
28.0000 27.6425
28.0000 28.0366
28.0000 28.5417
28.0000 28.5249
28.0000 28.0776
28.0000 27.9578
28.0000 27.6322
28.0000 28.2969
28.0000 28.7991
28.0000 27.9057
28.0000 27.2456
28.0000 27.1508
28.0000 28.4291
28.0000 26.8797
28.0000 27.8422
28.0000 27.0087
28.0000 27.7291
28.0000 27.3569
28.0000 27.5432
28.0000 27.4212
28.0000 27.6316
28.0000 27.2040
28.0000 28.4370
28.0000 27.5865
28.0000 26.8915
28.0000 27.0900
28.0000 26.6073
28.0000 26.7577
28.0000 28.2360
28.0000 27.2217
28.0000 28.0393
28.0000 28.7054
28.0000 26.7251
28.0000 28.0728
28.0000 27.0484
28.0000 27.5094
28.0000 27.3310
28.0000 27.7808
28.0000 27.6542
28.0000 27.3542
28.0000 28.2882
28.0000 28.1778
28.0000 28.6013
28.0000 28.2423
28.0000 27.3162
28.0000 27.1643
28.0000 27.3982
28.0000 28.3489
28.0000 27.8221
28.0000 27.5510
28.0000 27.2746
28.0000 27.2086
28.0000 27.7467
28.0000 27.3949
28.0000 27.1416
28.0000 27.0242
28.0000 28.5220
28.0000 27.7107
28.0000 28.3431
28.0000 27.4972
28.0000 28.4663
28.0000 27.4554
28.0000 28.1369
28.0000 28.1414
28.0000 27.4948
28.0000 27.2751
28.0000 27.2129
28.0000 27.6831
28.0000 28.4596
28.0000 28.0974
28.0000 27.5389
28.0000 27.7161
28.0000 27.9119
28.0000 27.3684
28.0000 28.6183
28.0000 27.3041
28.0000 27.8219
28.0000 27.3282
28.0000 27.4960
28.0000 28.1575
28.0000 28.0565
28.0000 26.9570
28.0000 28.4373
28.0000 27.4864
28.0000 27.1597
28.0000 28.2611
28.0000 27.8206
28.0000 28.6910
28.0000 27.0704
28.0000 29.2954
28.0000 27.1599
28.0000 29.2707
28.0000 27.9791
28.0000 28.6864
28.0000 28.4463
28.0000 27.6510
28.0000 28.0450
28.0000 27.3952
28.0000 27.7440
28.0000 27.7390
28.0000 28.1725
28.0000 27.0017
28.0000 28.3318
28.0000 28.1816
28.0000 26.5490
28.0000 28.0742
28.0000 27.3394
28.0000 28.3915
28.0000 28.1654
28.0000 27.6947
28.0000 27.3365
28.0000 27.7308
28.0000 28.0014
28.0000 27.4716
28.0000 27.6732
28.0000 27.5271
28.0000 27.7432
28.0000 27.5500
28.0000 27.3773
28.0000 27.5796
28.0000 27.1683
28.0000 28.4701
28.0000 27.9788
28.0000 27.7565
28.0000 26.9175
28.0000 28.4964
28.0000 28.5148
28.0000 27.5083
28.0000 28.1970
28.0000 27.2785
28.0000 28.7517
28.0000 27.4163
28.0000 27.2144
28.0000 27.7700
28.0000 27.8533
28.0000 28.0224
28.0000 27.1882
28.0000 27.8288
28.0000 27.6840
28.0000 27.3257
28.0000 27.1917
28.0000 27.3276
28.0000 28.1159
28.0000 27.9505
28.0000 28.6414
28.0000 27.4203
28.0000 27.3593
28.0000 27.8166
28.0000 27.0582
28.0000 28.4079
28.0000 26.8744
28.0000 29.0759
28.0000 27.9020
28.0000 27.8027
28.0000 27.5981
28.0000 27.7660
28.0000 27.6507
28.0000 27.2957
28.0000 28.1612
28.0000 27.0492
28.0000 27.2418
28.0000 27.5019
28.0000 27.1607
28.0000 28.3162
28.0000 28.2229
28.0000 27.8395
28.0000 28.3554
28.0000 27.7804
28.0000 27.5664
28.0000 27.7890
28.0000 27.7548
28.0000 28.7054
28.0000 27.4412
28.0000 27.0976
28.0000 27.3316
28.0000 27.5646
28.0000 27.0991
28.0000 28.1051
28.0000 27.7512
28.0000 27.1874
28.0000 27.1031
28.0000 28.2436
28.0000 27.5016
28.0000 27.0413
28.0000 27.5212
28.0000 28.1736
28.0000 27.6836
28.0000 28.0478
28.0000 27.9609
28.0000 27.9417
28.0000 27.1575
28.0000 27.8782
28.0000 28.2467
28.0000 27.3977
28.0000 28.6916
28.0000 27.8566
28.0000 27.3140
28.0000 28.4434
28.0000 27.5879
28.0000 28.6523
28.0000 29.1608
28.0000 28.4059
28.0000 27.8656
28.0000 27.2101
28.0000 28.9728
28.0000 26.8169
28.0000 27.3447
28.0000 26.4920
28.0000 27.6707
28.0000 27.6422
28.0000 28.2429
28.0000 27.0478
28.0000 27.4292
28.0000 27.4586
28.0000 27.6425
28.0000 28.3802
28.0000 28.9541
28.0000 27.4837
28.0000 27.5281
28.0000 29.1682
28.0000 27.9308
28.0000 26.4968
28.0000 26.8831
28.0000 26.8815
28.0000 27.5781
28.0000 28.1400
28.0000 26.8164
28.0000 28.0006
28.0000 27.9629
28.0000 28.6519
28.0000 28.0519
28.0000 27.7250
28.0000 27.6834
28.0000 27.9198
28.0000 27.0927
28.0000 27.8919
28.0000 28.1962
28.0000 27.5296
28.0000 27.4229
28.0000 27.0871
28.0000 26.8497
28.0000 28.8061
28.0000 27.6470
28.0000 27.7340
28.0000 26.9184
28.0000 29.1198
28.0000 27.8198
28.0000 28.5819
28.0000 27.6519
28.0000 27.9531
28.0000 28.7972
28.0000 27.7088
28.0000 27.6282
28.0000 28.1767
28.0000 28.7178
28.0000 27.9452
28.0000 28.1644
28.0000 26.6002
28.0000 28.1523
28.0000 28.1519
28.0000 27.5547
28.0000 26.5756
28.0000 27.3484
28.0000 28.6781
28.0000 27.0714
28.0000 27.2325
28.0000 27.2326
28.0000 27.1041
28.0000 26.8476
28.0000 28.2522
28.0000 28.8647
28.0000 27.6968
28.0000 26.2707
28.0000 27.3666
28.0000 27.5700
28.0000 27.3690
28.0000 27.5713
28.0000 28.1974
28.0000 26.9521
28.0000 28.2248
28.0000 27.6959
28.0000 28.1118
28.0000 26.8787
28.0000 27.6000
28.0000 27.7879
28.0000 27.6220
28.0000 28.3814
28.0000 27.4555
28.0000 27.8437
28.0000 28.1154
28.0000 28.4001
28.0000 27.0852
28.0000 27.7629
28.0000 27.6822
28.0000 27.7554
28.0000 27.1117
28.0000 27.6502
28.0000 27.7510
28.0000 27.9117
28.0000 27.8919
28.0000 28.4800
28.0000 28.9331
28.0000 27.6749
28.0000 27.6141
28.0000 26.7410
28.0000 27.2721
28.0000 28.6312
28.0000 27.0111
28.0000 27.8742
28.0000 26.9990
28.0000 27.4573
28.0000 27.9448
28.0000 28.5176
28.0000 27.2744
28.0000 26.6480
28.0000 28.0382
28.0000 27.7848
28.0000 27.7160
28.0000 28.3020
28.0000 26.6806
28.0000 27.9548
28.0000 27.9879
28.0000 28.0185
28.0000 26.7687
28.0000 27.0387
28.0000 28.5588
28.0000 27.1434
28.0000 28.1529
28.0000 28.1261
28.0000 27.2747
28.0000 28.0582
28.0000 28.1433
28.0000 27.4303
28.0000 27.9024
28.0000 27.0800
28.0000 27.6355
28.0000 27.5095
28.0000 27.0876
28.0000 26.9522
28.0000 26.6444
28.0000 27.6437
28.0000 28.2518
28.0000 27.7960
28.0000 28.8294
28.0000 28.0670
28.0000 27.1790
28.0000 27.6371
28.0000 27.2250
28.0000 28.0057
28.0000 26.9770
28.0000 27.6670
28.0000 27.1231
28.0000 27.2114
28.0000 27.6396
28.0000 28.1678
28.0000 27.6458
28.0000 28.3154
28.0000 28.3194
28.0000 28.0517
28.0000 28.1797
28.0000 27.3392
28.0000 27.1998
28.0000 28.6212
28.0000 27.8354
28.0000 28.6147
28.0000 27.4338
28.0000 27.4491
28.0000 29.0742
28.0000 27.5800
28.0000 29.7291
28.0000 26.9857
28.0000 28.3542
28.0000 26.9210
28.0000 27.3077
28.0000 28.7702
28.0000 27.6054
28.0000 27.9375
28.0000 27.3759
28.0000 26.5340
28.0000 27.4065
28.0000 27.1607
28.0000 27.7066
28.0000 27.8869
28.0000 27.9830
28.0000 27.1741
28.0000 26.6701
28.0000 27.8672
28.0000 28.5140
28.0000 27.4196
28.0000 27.8306
28.0000 27.4035
28.0000 28.4649
28.0000 28.0636
28.0000 27.6383
28.0000 28.4495
28.0000 26.5381
28.0000 28.1972
28.0000 27.6036
28.0000 27.7223
28.0000 27.6245
28.0000 28.4016
28.0000 27.8850
28.0000 28.0925
28.0000 28.1031
28.0000 28.2238
28.0000 26.7382
28.0000 27.7142
28.0000 27.9968
28.0000 28.4162
28.0000 27.5622
28.0000 27.5692
28.0000 26.5836
28.0000 26.9073
28.0000 28.8974
28.0000 28.6222
28.0000 28.4327
28.0000 27.5756
28.0000 28.1053
28.0000 28.0640
28.0000 27.5261
28.0000 26.4946
28.0000 27.1080
28.0000 27.4539
28.0000 27.3689
28.0000 27.4028
28.0000 27.0072
28.0000 27.7096
28.0000 27.5152
28.0000 27.9582
28.0000 28.3832
28.0000 27.9307
28.0000 27.5867
28.0000 27.5069
28.0000 28.5601
28.0000 28.0882
28.0000 27.0950
28.0000 28.0657
28.0000 27.4663
28.0000 28.3644
28.0000 27.5120
28.0000 28.1460
28.0000 27.2863
28.0000 27.4766
28.0000 28.6895
28.0000 26.3605
28.0000 27.6038
28.0000 28.3519
28.0000 27.7317
28.0000 27.8726
28.0000 26.6839
28.0000 26.6180
28.0000 27.6417
28.0000 27.3902
28.0000 27.3330
28.0000 28.0899
28.0000 29.0270
28.0000 27.3654
28.0000 26.9797
28.0000 28.8019
28.0000 27.2120
28.0000 29.2877
28.0000 27.8059
28.0000 27.7122
28.0000 27.4256
28.0000 28.5390
28.0000 27.8428
28.0000 29.2167
28.0000 27.6221
28.0000 27.6068
28.0000 27.1418
28.0000 27.3344
28.0000 27.6032
28.0000 28.1775
28.0000 27.9096
28.0000 27.9949
28.0000 27.6403
28.0000 27.5985
28.0000 27.2152
28.0000 27.4882
28.0000 27.8513
28.0000 27.8908
28.0000 28.0250
28.0000 27.6685
28.0000 27.9854
28.0000 27.8670
28.0000 28.1681
28.0000 27.7479
28.0000 27.5868
28.0000 27.5570
28.0000 26.9857
28.0000 27.8749
28.0000 26.6070
28.0000 26.9227
28.0000 26.8469
28.0000 28.4932
28.0000 27.6096
28.0000 27.5350
28.0000 28.3897
28.0000 27.0807
28.0000 28.2090
28.0000 27.7519
28.0000 28.0517
28.0000 27.0064
28.0000 27.2367
28.0000 27.3805
28.0000 27.4969
28.0000 28.1445
28.0000 26.9409
28.0000 28.8148
28.0000 27.7218
28.0000 28.3378
28.0000 27.4384
28.0000 28.0929
28.0000 28.0544
28.0000 28.5951
28.0000 27.0560
28.0000 27.7113
28.0000 27.5116
28.0000 27.9713
28.0000 27.9818
28.0000 28.4999
28.0000 28.5688
28.0000 28.0169
28.0000 27.8825
28.0000 28.5901
28.0000 27.1592
28.0000 28.1481
28.0000 27.5126
28.0000 28.3433
28.0000 27.8221
28.0000 27.9438
28.0000 28.7950
28.0000 28.5579
28.0000 28.0261
28.0000 27.3950
28.0000 27.1206
28.0000 27.2989
28.0000 27.9437
28.0000 27.5457
28.0000 28.0518
28.0000 28.1399
28.0000 26.5309
28.0000 28.2999
28.0000 26.7181
28.0000 27.0451
28.0000 28.4623
28.0000 27.8681
28.0000 27.0474
28.0000 27.8870
28.0000 27.3938
28.0000 27.2129
28.0000 27.9830
28.0000 27.7106
28.0000 29.2037
28.0000 28.1126
28.0000 26.5947
28.0000 27.9844
28.0000 28.9300
28.0000 27.7397
28.0000 27.9153
28.0000 27.7742
28.0000 27.2297
28.0000 28.3280
28.0000 27.6609
28.0000 28.2359
28.0000 27.6823
28.0000 27.2839
28.0000 27.4876
28.0000 27.0100
28.0000 27.3889
28.0000 28.0856
28.0000 27.4818
28.0000 28.3124
28.0000 27.1865
28.0000 28.4101
28.0000 27.8125
28.0000 27.1197
28.0000 27.3667
28.0000 27.3165
28.0000 28.6926
28.0000 27.4277
28.0000 28.3288
28.0000 27.2673
28.0000 28.0981
28.0000 28.3046
28.0000 26.0091
28.0000 27.9689
28.0000 28.1162
28.0000 28.5453
28.0000 28.1331
28.0000 28.5627
28.0000 28.7903
28.0000 29.2078
28.0000 27.2669
28.0000 28.3341
28.0000 28.8911
28.0000 26.7337
28.0000 27.2364
28.0000 28.0684
28.0000 27.2695
28.0000 27.7075
28.0000 28.2158
28.0000 27.3054
28.0000 27.6244
28.0000 27.5501
28.0000 26.8527
28.0000 27.5214
28.0000 27.8864
28.0000 27.7755
28.0000 28.0664
28.0000 26.8317
28.0000 27.6602
28.0000 27.9181
28.0000 27.8851
28.0000 27.9528
28.0000 27.8386
28.0000 27.9046
28.0000 26.9309
28.0000 27.8064
28.0000 28.4304
28.0000 28.0165
28.0000 27.6719
28.0000 28.1877
28.0000 28.4694
28.0000 28.1995
28.0000 28.4309
28.0000 27.0249
28.0000 28.1487
28.0000 26.5447
28.0000 27.6952
28.0000 28.0878
28.0000 28.7059
28.0000 27.6733
28.0000 27.4069
28.0000 28.4571
28.0000 27.6034
28.0000 26.7791
28.0000 27.6618
28.0000 27.8660
28.0000 28.1695
28.0000 27.1466
28.0000 27.4053
28.0000 28.1202
28.0000 28.3747
28.0000 27.2510
28.0000 27.7980
28.0000 27.6559
28.0000 26.9507
28.0000 27.5712
28.0000 27.6363
28.0000 27.7059
28.0000 27.5952
28.0000 26.8172
28.0000 27.0652
28.0000 28.4413
28.0000 27.6090
28.0000 27.9169
28.0000 28.7596
28.0000 27.1553
28.0000 28.2628
28.0000 26.7636
28.0000 27.2784
28.0000 27.6740
28.0000 27.5718
28.0000 27.7819
28.0000 27.4910
28.0000 28.9486
28.0000 27.0838
28.0000 27.0880
28.0000 27.6822
28.0000 28.0771
28.0000 27.1913
28.0000 27.7275
28.0000 27.3391
28.0000 28.5591
28.0000 27.9879
28.0000 27.9110
28.0000 26.8174
28.0000 28.5070
28.0000 27.6246
28.0000 28.1839
28.0000 28.0989
28.0000 27.2842
28.0000 27.5433
28.0000 28.1462
28.0000 28.2123
28.0000 28.7055
28.0000 26.9014
28.0000 27.9012
28.0000 27.7617
28.0000 27.9878
28.0000 28.5225
28.0000 27.9907
28.0000 27.4341
28.0000 28.7077
28.0000 27.7191
28.0000 27.6211
28.0000 27.8125
28.0000 28.1119
28.0000 27.3321
28.0000 27.7579
28.0000 27.3762
28.0000 27.7767
28.0000 27.3795
28.0000 27.9585
28.0000 28.7172
28.0000 27.4491
28.0000 27.9747
28.0000 28.0486
28.0000 27.9684
28.0000 27.5825
28.0000 27.1036
28.0000 28.2710
28.0000 27.6337
28.0000 27.5086
28.0000 27.9452
28.0000 27.8287
28.0000 27.1088
28.0000 27.1672
28.0000 27.1932
28.0000 28.4531
28.0000 28.8057
28.0000 28.4679
28.0000 28.6329
28.0000 27.4573
28.0000 27.4631
28.0000 27.7053
28.0000 28.7751
28.0000 28.4102
28.0000 28.8334
28.0000 27.9275
28.0000 28.7163
28.0000 27.0731
28.0000 28.2617
28.0000 27.5015
28.0000 27.5979
28.0000 27.7914
28.0000 27.1614
28.0000 28.8463
28.0000 28.1336
28.0000 26.9786
28.0000 27.9646
28.0000 27.3348
28.0000 27.9515
28.0000 28.1738
28.0000 28.1203
28.0000 27.8560
28.0000 26.9956
28.0000 28.3674
28.0000 27.4548
28.0000 28.6160
28.0000 28.5725
28.0000 26.8930
28.0000 27.6190
28.0000 28.0667
28.0000 27.5526
28.0000 27.3575
28.0000 27.2980
28.0000 28.2422
28.0000 28.5662
28.0000 27.2303
28.0000 26.4423
28.0000 27.6549
28.0000 28.4203
28.0000 27.8982
28.0000 28.3167
28.0000 27.9515
28.0000 27.6592
28.0000 27.2216
28.0000 27.3937
28.0000 27.1484
28.0000 27.2437
28.0000 27.6414
28.0000 27.0472
28.0000 28.3855
28.0000 27.9065
28.0000 27.0880
28.0000 26.9715
28.0000 28.0292
28.0000 28.5829
28.0000 28.5302
28.0000 28.1221
28.0000 28.2225
28.0000 27.8928
28.0000 26.3759
28.0000 28.1551
28.0000 27.6389
28.0000 27.7000
28.0000 27.6736
28.0000 27.4484
28.0000 27.8266
28.0000 28.2178
28.0000 27.6678
28.0000 28.2288
28.0000 27.3015
28.0000 27.7146
28.0000 27.9822
28.0000 28.1545
28.0000 27.4311
28.0000 28.6778
28.0000 29.8430
28.0000 27.4285
28.0000 27.5086
28.0000 27.2048
28.0000 26.5962
28.0000 28.0035
28.0000 27.7045
28.0000 27.2554
28.0000 28.6145
28.0000 27.4700
28.0000 28.0457
28.0000 27.2372
28.0000 28.6776
28.0000 27.2695
28.0000 28.3284
28.0000 27.9187
28.0000 27.8470
28.0000 26.9787
28.0000 27.0795
28.0000 27.2613
28.0000 27.5857
28.0000 27.4579
28.0000 28.1642
28.0000 27.3516
28.0000 28.0852
28.0000 28.0945
28.0000 26.8779
28.0000 28.7301
28.0000 28.4594
28.0000 26.7328
28.0000 28.4266
28.0000 27.9631
28.0000 27.9612
28.0000 28.0150
28.0000 28.4577
28.0000 28.2724
28.0000 28.6995
28.0000 27.6234
28.0000 27.6959
28.0000 27.3853
28.0000 27.1339
28.0000 27.5461
28.0000 27.1778
28.0000 29.1882
28.0000 28.2333
28.0000 27.7120
28.0000 27.3709
28.0000 27.2531
28.0000 28.1248
28.0000 27.7462
28.0000 27.6545
28.0000 27.3551
28.0000 27.1889
28.0000 27.3776
28.0000 28.0885
28.0000 27.1278
28.0000 28.5820
28.0000 28.7992
28.0000 26.7103
28.0000 26.9566
28.0000 27.2712
28.0000 29.4822
28.0000 26.9298
28.0000 28.2162
28.0000 27.3650
28.0000 27.6508
28.0000 27.4542
28.0000 28.3315
28.0000 26.8879
28.0000 26.7386
28.0000 27.9265
28.0000 27.0894
28.0000 27.6051
28.0000 27.1997
28.0000 27.6759
28.0000 27.2960
28.0000 27.6684
28.0000 27.7744
28.0000 28.0540
28.0000 26.7404
28.0000 27.5380
28.0000 27.3979
28.0000 27.4010
28.0000 27.2436
28.0000 28.0000
28.0000 27.5083
28.0000 27.0571
28.0000 27.7270
28.0000 28.3899
28.0000 26.7764
28.0000 27.3944
28.0000 27.6971
28.0000 28.0994
28.0000 26.9000
28.0000 27.6350
28.0000 27.8518
28.0000 28.0761
28.0000 27.5163
28.0000 27.9010
28.0000 28.1305
28.0000 27.4706
28.0000 27.5556
28.0000 27.8362
28.0000 26.2336
28.0000 27.6486
28.0000 27.5034
28.0000 27.6535
28.0000 26.9891
28.0000 28.0006
28.0000 28.8829
28.0000 28.4724
28.0000 27.6800
28.0000 28.8043
28.0000 29.4299
28.0000 27.3867
28.0000 28.2948
28.0000 28.2219
28.0000 28.6182
28.0000 27.1539
28.0000 28.3821
28.0000 28.9029
28.0000 27.4116
28.0000 27.6955
28.0000 27.7175
28.0000 27.1652
28.0000 27.9377
28.0000 26.9017
28.0000 27.9579
28.0000 27.0357
28.0000 27.8234
28.0000 28.1365
28.0000 27.6854
28.0000 27.9376
28.0000 28.6724
28.0000 27.9384
28.0000 28.9276
28.0000 28.8028
28.0000 27.0841
28.0000 27.5243
28.0000 27.9968
28.0000 28.8089
28.0000 27.7876
28.0000 28.2079
28.0000 27.3161
28.0000 28.3726
28.0000 28.0307
28.0000 28.0317
28.0000 27.9920
28.0000 28.7082
28.0000 26.8250
28.0000 28.4013
28.0000 27.6931
28.0000 27.6291
28.0000 27.2666
28.0000 28.1076
28.0000 27.6230
28.0000 27.1331
28.0000 27.0749
28.0000 28.5086
28.0000 28.7466
28.0000 27.6232
28.0000 27.7234
28.0000 26.8537
28.0000 27.9935
28.0000 27.4392
28.0000 27.7720
28.0000 28.7178
28.0000 28.1966
28.0000 28.2972
28.0000 27.3440
28.0000 28.4146
28.0000 27.3880
28.0000 28.0900
28.0000 28.4376
28.0000 28.1569
28.0000 27.9001
28.0000 27.5578
28.0000 28.0353
28.0000 28.3842
28.0000 26.7158
28.0000 28.0464
28.0000 27.2671
28.0000 26.7222
28.0000 26.0836
28.0000 27.9912
28.0000 27.1327
28.0000 28.0661
28.0000 28.3693
28.0000 28.4054
28.0000 27.7576
28.0000 27.1384
28.0000 27.2338
28.0000 28.1928
28.0000 28.4375
28.0000 28.6607
28.0000 27.8638
28.0000 28.2112
28.0000 27.8537
28.0000 27.5997
28.0000 27.1882
28.0000 26.8184
28.0000 26.6123
28.0000 26.8404
28.0000 27.8952
28.0000 27.3757
28.0000 27.4568
28.0000 27.6197
28.0000 27.5815
28.0000 27.5232
28.0000 28.5851
28.0000 27.1547
28.0000 27.3805
28.0000 27.3328
28.0000 26.8185
28.0000 28.4491
28.0000 28.2018
28.0000 28.0841
28.0000 27.7004
28.0000 26.3555
28.0000 27.8511
28.0000 28.2281
28.0000 27.0008
28.0000 26.9741
28.0000 27.1382
28.0000 28.8786
28.0000 27.5761
28.0000 28.7081
28.0000 27.3698
28.0000 28.1173
28.0000 27.5721
28.0000 28.0700
28.0000 27.9318
28.0000 28.2082
28.0000 26.8795
28.0000 27.1830
28.0000 28.0299
28.0000 26.9562
28.0000 27.7843
28.0000 28.7913
28.0000 27.4510
28.0000 27.6422
28.0000 27.7349
28.0000 27.4360
28.0000 26.9808
28.0000 28.1501
28.0000 26.7242
28.0000 27.4900
28.0000 28.0080
28.0000 28.5283
28.0000 27.5579
28.0000 27.7345
28.0000 27.7394
28.0000 28.0095
28.0000 27.7895
28.0000 27.4016
28.0000 27.0571
28.0000 27.6993
28.0000 27.3252
28.0000 27.0621
28.0000 27.1988
28.0000 27.7126
28.0000 27.3642
28.0000 27.4094
28.0000 27.5233
28.0000 27.2296
28.0000 27.1362
28.0000 27.5463
28.0000 27.6878
28.0000 27.2862
28.0000 27.0728
28.0000 26.5390
28.0000 27.7515
28.0000 28.6920
28.0000 27.1906
28.0000 26.8224
28.0000 27.1156
28.0000 27.7201
28.0000 28.1462
28.0000 27.9248
28.0000 27.6182
28.0000 27.4906
28.0000 27.9569
28.0000 27.2459
28.0000 28.2101
28.0000 27.0196
28.0000 27.0915
28.0000 28.1968
28.0000 27.0337
28.0000 28.0492
28.0000 27.6931
28.0000 28.0358
28.0000 27.1859
28.0000 28.4445
28.0000 27.4466
28.0000 28.2928
28.0000 26.3466
28.0000 27.1551
28.0000 28.0674
28.0000 26.9691
28.0000 27.8504
28.0000 28.8193
28.0000 28.0292
28.0000 27.8617
28.0000 27.3776
28.0000 28.0854
28.0000 27.0385
28.0000 27.9738
28.0000 27.4360
28.0000 28.0946
28.0000 28.3589
28.0000 27.4166
28.0000 27.7641
28.0000 27.4064
28.0000 28.2606
28.0000 27.7427
28.0000 28.4170
28.0000 28.4367
28.0000 27.8262
28.0000 26.9379
28.0000 27.6821
28.0000 27.8003
28.0000 28.0775
28.0000 27.7404
28.0000 27.2858
28.0000 27.6189
28.0000 28.8877
28.0000 27.9029
28.0000 27.9845
28.0000 27.9776
28.0000 28.0923
28.0000 27.3441
28.0000 26.9522
28.0000 28.4241
28.0000 26.5941
28.0000 27.9908
28.0000 27.6076
28.0000 27.8288
28.0000 28.3608
28.0000 28.9791
28.0000 27.9879
28.0000 28.1007
28.0000 28.0279
28.0000 27.0961
28.0000 29.1601
28.0000 27.9202
28.0000 26.9003
28.0000 27.7545
28.0000 28.0339
28.0000 27.0179
28.0000 27.3907
28.0000 28.3552
28.0000 27.9620
28.0000 27.2730
28.0000 28.2401
28.0000 27.5274
28.0000 27.4032
28.0000 26.9162
28.0000 29.4669
28.0000 28.0372
28.0000 26.8408
28.0000 28.1194
28.0000 28.0740
28.0000 26.7590
28.0000 28.3214
28.0000 27.1328
28.0000 27.3583
28.0000 27.8591
28.0000 27.9383
28.0000 27.7198
28.0000 27.7000
28.0000 27.5947
28.0000 26.8774
28.0000 26.3307
28.0000 29.6497
28.0000 27.1294
28.0000 27.9518
28.0000 27.5508
28.0000 27.7589
28.0000 28.6136
28.0000 27.6906
28.0000 28.3360
28.0000 27.8115
28.0000 28.3099
28.0000 27.9846
28.0000 28.2043
28.0000 28.2644
28.0000 27.1127
28.0000 28.0978
28.0000 28.1184
28.0000 27.5396
28.0000 27.3105
28.0000 28.1492
28.0000 27.0845
28.0000 27.0595
28.0000 27.1749
28.0000 27.5557
28.0000 27.6703
28.0000 28.6267
28.0000 27.9272
28.0000 28.6022
28.0000 27.5623
28.0000 27.3482
28.0000 26.7433
28.0000 28.0615
28.0000 27.7175
28.0000 28.2864
28.0000 27.7897
28.0000 27.5696
28.0000 27.8532
28.0000 28.9045
28.0000 28.9883
28.0000 28.4908
28.0000 27.5266
28.0000 28.1439
28.0000 28.5289
28.0000 28.4949
28.0000 27.4993
28.0000 27.1912
28.0000 28.5934
28.0000 27.5843
28.0000 27.6168
28.0000 27.7804
28.0000 27.9465
28.0000 27.7808
28.0000 26.9705
28.0000 27.7041
28.0000 27.8220
28.0000 27.5523
28.0000 27.7055
28.0000 26.9990
28.0000 27.6867
28.0000 28.8210
28.0000 28.1856
28.0000 27.0740
28.0000 27.8751
28.0000 26.7842
28.0000 27.7267
28.0000 26.7422
28.0000 28.0006
28.0000 27.7525
28.0000 27.5444
28.0000 27.8583
28.0000 28.6227
28.0000 27.5923
28.0000 26.9273
28.0000 27.5156
28.0000 28.1871
28.0000 27.6023
28.0000 27.8089
28.0000 27.8317
28.0000 27.7097
28.0000 26.8384
28.0000 27.1695
