3.0000 3.9394
3.0000 2.4228
3.0000 3.6279
3.0000 2.6379
3.0000 4.5868
3.0000 3.1447
3.0000 2.8394
3.0000 3.8330
3.0000 3.6456
3.0000 4.4399
3.0000 3.5357
3.0000 2.3808
3.0000 4.1319
3.0000 3.0040
3.0000 3.1787
3.0000 3.4334
3.0000 3.5392
3.0000 3.3700
3.0000 3.2683
3.0000 3.2899
3.0000 3.8610
3.0000 3.3207
3.0000 3.9804
3.0000 3.7247
3.0000 3.5272
3.0000 3.9719
3.0000 4.1150
3.0000 2.9602
3.0000 4.5974
3.0000 4.0837
3.0000 4.6706
3.0000 4.7113
3.0000 3.5920
3.0000 3.3078
3.0000 3.8882
3.0000 4.1944
3.0000 3.8269
3.0000 3.6552
3.0000 4.4663
3.0000 3.7404
3.0000 4.3506
3.0000 4.1496
3.0000 4.1623
3.0000 2.7909
3.0000 4.9165
3.0000 3.9701
3.0000 4.2766
3.0000 4.0977
3.0000 3.6075
3.0000 3.6506
3.0000 2.2311
3.0000 3.7106
3.0000 4.3901
3.0000 3.4645
3.0000 3.0762
3.0000 4.2182
3.0000 3.7085
3.0000 3.4947
3.0000 4.2406
3.0000 4.1584
3.0000 3.4703
3.0000 2.7026
3.0000 3.2224
3.0000 3.3405
3.0000 3.7944
3.0000 4.0844
3.0000 4.4852
3.0000 4.5297
3.0000 2.8329
3.0000 3.3020
3.0000 2.1110
3.0000 3.1006
3.0000 3.2001
3.0000 4.0855
3.0000 4.0676
3.0000 2.5877
3.0000 3.8770
3.0000 3.3544
3.0000 4.1934
3.0000 3.2504
3.0000 3.6442
3.0000 3.7432
3.0000 4.1951
3.0000 3.6679
3.0000 3.3364
3.0000 3.4839
3.0000 3.5786
3.0000 3.8109
3.0000 3.1833
3.0000 3.6953
3.0000 3.6941
3.0000 3.8191
3.0000 5.0080
3.0000 3.1100
3.0000 3.1070
3.0000 3.4583
3.0000 3.8117
3.0000 3.2323
3.0000 3.3669
3.0000 3.3593
3.0000 3.2867
3.0000 3.7317
3.0000 3.0493
3.0000 3.7796
3.0000 3.7794
3.0000 3.2532
3.0000 3.5412
3.0000 3.2471
3.0000 5.0152
3.0000 4.1219
3.0000 3.5736
3.0000 3.5472
3.0000 4.2334
3.0000 4.3822
3.0000 4.0458
3.0000 3.6389
3.0000 4.1383
3.0000 4.4349
3.0000 3.6073
3.0000 3.6939
3.0000 4.1154
3.0000 3.0176
3.0000 4.5389
3.0000 4.2338
3.0000 3.8989
3.0000 3.1078
3.0000 4.5649
3.0000 4.3914
3.0000 3.6416
3.0000 4.1271
3.0000 3.3625
3.0000 4.4550
3.0000 3.0091
3.0000 3.1107
3.0000 3.5962
3.0000 3.7543
3.0000 2.9176
3.0000 4.8023
3.0000 4.1885
3.0000 3.3704
3.0000 3.7853
3.0000 4.7274
3.0000 4.2350
3.0000 3.6743
3.0000 3.4059
3.0000 4.3333
3.0000 4.2509
3.0000 3.0670
3.0000 4.1110
3.0000 4.2239
3.0000 3.7392
3.0000 3.6783
3.0000 4.3256
3.0000 3.5509
3.0000 4.0292
3.0000 3.7751
3.0000 3.8430
3.0000 4.2248
3.0000 3.8249
3.0000 3.6005
3.0000 3.9961
3.0000 4.6944
3.0000 4.8938
3.0000 3.3733
3.0000 3.7931
3.0000 3.6319
3.0000 3.1628
3.0000 3.5725
3.0000 3.7237
3.0000 3.8425
3.0000 3.6251
3.0000 4.2078
3.0000 3.0786
3.0000 3.0318
3.0000 3.2696
3.0000 3.3245
3.0000 3.8622
3.0000 3.7341
3.0000 3.1487
3.0000 2.8363
3.0000 3.7842
3.0000 3.8304
3.0000 3.6878
3.0000 3.2408
3.0000 4.3734
3.0000 4.2746
3.0000 3.5736
3.0000 3.1244
3.0000 4.1274
3.0000 3.2805
3.0000 3.5864
3.0000 4.0242
3.0000 3.4919
3.0000 3.6050
3.0000 3.5764
3.0000 4.5844
3.0000 3.7758
3.0000 4.0188
3.0000 3.3642
3.0000 2.6922
3.0000 4.0168
3.0000 4.1885
3.0000 3.8971
3.0000 2.2452
3.0000 3.0661
3.0000 3.0154
3.0000 3.5841
3.0000 4.0191
3.0000 4.0726
3.0000 4.0513
3.0000 4.5093
3.0000 3.8838
3.0000 4.0261
3.0000 3.8582
3.0000 3.7613
3.0000 3.4989
3.0000 4.4194
3.0000 3.8822
3.0000 4.5457
3.0000 3.1834
3.0000 3.5321
3.0000 3.0243
3.0000 3.6722
3.0000 3.8565
3.0000 3.7324
3.0000 4.1671
3.0000 4.1222
3.0000 3.7284
3.0000 2.5710
3.0000 3.9319
3.0000 2.9907
3.0000 3.3414
3.0000 3.5276
3.0000 3.4291
3.0000 4.2217
3.0000 3.9792
3.0000 4.3052
3.0000 4.2243
3.0000 4.1714
3.0000 4.0934
3.0000 3.4756
3.0000 3.6697
3.0000 2.8797
3.0000 3.9653
3.0000 2.9059
3.0000 3.7825
3.0000 2.4683
3.0000 3.9280
3.0000 3.6435
3.0000 3.4229
3.0000 4.2645
3.0000 3.1199
3.0000 3.1431
3.0000 5.1766
3.0000 4.3653
3.0000 4.6061
3.0000 4.1305
3.0000 3.0363
3.0000 3.6572
3.0000 3.4265
3.0000 3.9245
3.0000 3.3216
3.0000 3.5182
3.0000 3.5396
3.0000 2.8671
3.0000 3.9644
3.0000 4.1337
3.0000 4.5952
3.0000 2.9259
3.0000 3.3864
3.0000 3.7506
3.0000 4.6935
3.0000 2.7917
3.0000 4.1849
3.0000 3.1077
3.0000 4.1722
3.0000 2.5048
3.0000 3.2716
3.0000 3.3007
3.0000 3.4559
3.0000 2.4673
3.0000 4.4444
3.0000 3.8010
3.0000 3.9810
3.0000 3.7482
3.0000 3.6762
3.0000 3.6739
3.0000 3.0722
3.0000 4.1345
3.0000 2.8040
3.0000 3.2554
3.0000 3.9219
3.0000 4.2407
3.0000 4.6006
3.0000 3.8426
3.0000 4.1150
3.0000 3.3309
3.0000 4.2994
3.0000 2.8991
3.0000 3.0801
3.0000 4.3005
3.0000 3.9687
3.0000 4.1705
3.0000 3.6406
3.0000 3.7410
3.0000 3.3561
3.0000 4.1254
3.0000 4.7416
3.0000 3.6806
3.0000 4.2722
3.0000 2.8361
3.0000 2.9743
3.0000 4.0166
3.0000 3.8220
3.0000 4.0714
3.0000 3.1780
3.0000 1.9760
3.0000 4.3984
3.0000 3.1143
3.0000 3.5566
3.0000 3.1217
3.0000 4.9727
3.0000 3.3981
3.0000 4.3361
3.0000 4.0090
3.0000 3.2188
3.0000 3.5329
3.0000 3.7371
3.0000 3.6840
3.0000 4.5686
3.0000 2.9081
3.0000 2.9540
3.0000 3.3677
3.0000 2.9336
3.0000 4.3642
3.0000 3.9835
3.0000 4.7929
3.0000 3.2272
3.0000 2.9746
3.0000 3.6948
3.0000 3.0814
3.0000 3.4443
3.0000 3.7550
3.0000 3.9765
3.0000 3.2314
3.0000 3.4442
3.0000 4.2257
3.0000 5.2560
3.0000 3.6172
3.0000 3.4501
3.0000 4.2862
3.0000 4.2519
3.0000 2.7081
3.0000 4.4633
3.0000 3.5853
3.0000 3.7253
3.0000 3.9709
3.0000 3.8622
3.0000 4.7421
3.0000 2.9164
3.0000 3.5839
3.0000 4.5835
3.0000 3.4805
3.0000 3.3446
3.0000 3.5880
3.0000 3.4457
3.0000 3.9274
3.0000 3.3589
3.0000 3.1100
3.0000 3.5256
3.0000 3.4309
3.0000 2.5871
3.0000 3.4782
3.0000 4.6017
3.0000 4.2720
3.0000 3.1083
3.0000 4.0897
3.0000 3.9606
3.0000 3.6095
3.0000 3.8224
3.0000 3.5165
3.0000 3.3291
3.0000 2.7077
3.0000 3.6184
3.0000 2.8071
3.0000 4.7274
3.0000 4.1901
3.0000 3.6218
3.0000 3.6050
3.0000 4.3451
3.0000 3.2315
3.0000 3.5619
3.0000 3.2718
3.0000 4.3113
3.0000 3.6565
3.0000 4.5360
3.0000 3.8529
3.0000 4.5611
3.0000 4.2572
3.0000 3.0361
3.0000 3.8299
3.0000 3.8408
3.0000 3.4218
3.0000 3.5055
3.0000 3.0669
3.0000 3.4487
3.0000 3.4174
3.0000 3.7753
3.0000 3.6073
3.0000 2.9293
3.0000 3.2709
3.0000 3.4950
3.0000 3.6848
3.0000 3.4814
3.0000 4.2180
3.0000 3.9866
3.0000 2.8928
3.0000 3.5728
3.0000 5.1126
3.0000 2.0697
3.0000 2.8284
3.0000 2.1308
3.0000 3.6938
3.0000 4.4736
3.0000 3.7663
3.0000 3.5167
3.0000 2.6170
3.0000 2.7473
3.0000 2.9312
3.0000 4.1450
3.0000 4.2009
3.0000 3.5450
3.0000 2.9449
3.0000 3.3103
3.0000 3.7562
3.0000 3.4158
3.0000 3.6254
3.0000 3.9179
3.0000 4.6022
3.0000 3.2947
3.0000 4.0673
3.0000 3.5393
3.0000 4.2635
3.0000 3.9139
3.0000 3.7035
3.0000 3.0988
3.0000 3.2016
3.0000 3.0711
3.0000 3.6135
3.0000 4.1600
3.0000 3.8291
3.0000 3.7018
3.0000 3.4057
3.0000 2.8891
3.0000 3.6929
3.0000 3.9073
3.0000 3.2470
3.0000 4.1679
3.0000 3.4760
3.0000 4.0791
3.0000 2.8602
3.0000 3.6729
3.0000 2.8467
3.0000 3.9017
3.0000 3.3827
3.0000 3.5537
3.0000 3.5391
3.0000 4.8041
3.0000 3.7664
3.0000 3.1410
3.0000 3.3729
3.0000 3.4355
3.0000 4.0984
3.0000 4.4239
3.0000 4.6792
3.0000 2.9721
3.0000 3.5774
3.0000 4.1571
3.0000 3.9349
3.0000 3.4026
3.0000 3.7532
3.0000 4.5052
3.0000 4.3052
3.0000 5.1625
3.0000 3.9080
3.0000 3.9123
3.0000 3.3168
3.0000 4.4638
3.0000 3.1326
3.0000 3.0733
3.0000 2.5702
3.0000 4.3715
3.0000 3.7145
3.0000 3.2325
3.0000 3.4048
3.0000 4.0322
3.0000 2.7637
3.0000 4.0985
3.0000 3.6806
3.0000 4.0778
3.0000 4.0546
3.0000 5.1282
3.0000 3.9471
3.0000 3.8375
3.0000 3.9941
3.0000 3.8178
3.0000 3.8681
3.0000 3.1636
3.0000 4.5026
3.0000 3.1994
3.0000 4.3620
3.0000 4.7996
3.0000 3.2521
3.0000 2.9467
3.0000 3.9766
3.0000 3.8271
3.0000 4.5448
3.0000 2.4821
3.0000 4.6497
3.0000 4.3090
3.0000 2.9686
3.0000 3.8523
3.0000 3.7915
3.0000 3.2588
3.0000 4.5432
3.0000 2.4548
3.0000 2.9633
3.0000 3.2186
3.0000 2.7850
3.0000 3.1153
3.0000 3.7427
3.0000 4.1315
3.0000 3.0675
3.0000 3.4814
3.0000 3.7869
3.0000 4.1818
3.0000 4.3326
3.0000 3.7128
3.0000 3.2818
3.0000 3.3983
3.0000 4.1716
3.0000 3.4691
3.0000 3.6007
3.0000 3.5995
3.0000 2.8021
3.0000 3.4469
3.0000 3.6814
3.0000 3.8071
3.0000 3.6262
3.0000 3.6801
3.0000 3.6888
3.0000 3.7364
3.0000 4.3658
3.0000 4.5845
3.0000 3.4220
3.0000 3.8710
3.0000 4.0685
3.0000 3.4445
3.0000 3.3861
3.0000 3.1624
3.0000 4.4408
3.0000 3.0144
3.0000 3.7678
3.0000 4.0752
3.0000 3.7111
3.0000 3.4892
3.0000 3.3328
3.0000 3.4056
3.0000 3.6421
3.0000 3.7940
3.0000 3.0032
3.0000 3.9096
3.0000 3.8007
3.0000 3.0502
3.0000 3.8274
3.0000 3.5948
3.0000 4.5565
3.0000 3.5331
3.0000 4.1663
3.0000 3.0176
3.0000 4.1381
3.0000 3.5998
3.0000 3.3258
3.0000 4.2557
3.0000 3.8884
3.0000 3.3782
3.0000 5.0074
3.0000 3.3807
3.0000 3.4182
3.0000 3.6860
3.0000 4.1496
3.0000 3.4815
3.0000 3.7366
3.0000 3.7852
3.0000 3.3762
3.0000 3.4210
3.0000 4.1338
3.0000 3.8276
3.0000 3.7513
3.0000 3.6909
3.0000 4.6069
3.0000 3.7583
3.0000 4.1524
3.0000 3.4735
3.0000 3.8104
3.0000 4.1283
3.0000 3.2436
3.0000 3.1657
3.0000 3.6285
3.0000 3.3029
3.0000 4.3523
3.0000 4.0392
3.0000 4.0936
3.0000 3.4513
3.0000 2.7145
3.0000 4.1079
3.0000 3.2114
3.0000 3.5596
3.0000 4.7105
3.0000 4.1633
3.0000 2.8810
3.0000 3.4830
3.0000 3.5527
3.0000 3.6818
3.0000 4.5502
3.0000 3.3564
3.0000 3.2560
3.0000 4.4518
3.0000 3.8189
3.0000 2.4655
3.0000 3.9573
3.0000 3.7595
3.0000 4.0024
3.0000 4.4445
3.0000 3.6754
3.0000 3.5769
3.0000 3.3974
3.0000 3.2864
3.0000 3.3933
3.0000 3.0064
3.0000 4.3087
3.0000 4.5637
3.0000 4.0563
3.0000 4.3943
3.0000 3.9006
3.0000 4.5138
3.0000 3.6372
3.0000 2.7018
3.0000 3.9737
3.0000 3.3745
3.0000 3.8279
3.0000 3.7530
3.0000 3.0764
3.0000 3.7988
3.0000 4.5801
3.0000 3.8462
3.0000 4.8756
3.0000 2.3057
3.0000 3.7665
3.0000 4.2038
3.0000 3.9884
3.0000 4.0710
3.0000 3.7659
3.0000 3.6522
3.0000 3.7525
3.0000 4.8946
3.0000 3.0305
3.0000 3.8109
3.0000 4.6045
3.0000 3.8952
3.0000 3.5493
3.0000 3.3549
3.0000 4.3148
3.0000 3.8556
3.0000 4.3520
3.0000 3.5859
3.0000 2.8129
3.0000 2.8464
3.0000 3.5387
3.0000 3.9931
3.0000 2.9177
3.0000 3.8419
3.0000 4.1588
3.0000 3.6417
3.0000 2.8177
3.0000 4.6378
3.0000 3.3808
3.0000 4.1023
3.0000 2.5727
3.0000 4.2467
3.0000 4.7570
3.0000 2.4666
3.0000 3.3457
3.0000 2.9280
3.0000 3.4592
3.0000 3.1611
3.0000 3.7465
3.0000 3.1771
3.0000 3.8660
3.0000 3.1622
3.0000 3.2133
3.0000 3.9483
3.0000 3.5195
3.0000 4.9192
3.0000 3.7132
3.0000 3.3316
3.0000 4.2589
3.0000 3.9345
3.0000 3.6569
3.0000 3.1533
3.0000 3.5319
3.0000 3.9609
3.0000 2.4786
3.0000 3.2905
3.0000 5.0909
3.0000 4.1940
3.0000 4.0207
3.0000 4.0851
3.0000 3.7943
3.0000 3.5385
3.0000 3.5822
3.0000 5.1937
3.0000 3.2187
3.0000 3.6163
3.0000 3.6385
3.0000 3.1148
3.0000 4.5015
3.0000 3.5361
3.0000 4.3274
3.0000 4.0812
3.0000 4.6980
3.0000 3.9777
3.0000 4.6061
3.0000 3.5085
3.0000 3.9009
3.0000 3.6025
3.0000 3.4359
3.0000 4.5791
3.0000 3.3336
3.0000 3.1369
3.0000 4.1129
3.0000 4.4102
3.0000 3.8158
3.0000 3.3754
3.0000 3.8735
3.0000 4.6622
3.0000 3.0233
3.0000 3.9440
3.0000 3.4000
3.0000 3.7423
3.0000 3.4468
3.0000 3.9220
3.0000 3.3576
3.0000 3.1049
3.0000 3.2072
3.0000 4.3380
3.0000 4.2936
3.0000 4.0956
3.0000 3.6393
3.0000 2.9821
3.0000 3.6690
3.0000 2.7643
3.0000 4.4694
3.0000 3.9372
3.0000 3.7915
3.0000 3.2416
3.0000 3.1566
3.0000 2.8600
3.0000 4.2587
3.0000 3.8417
3.0000 3.9985
3.0000 3.8974
3.0000 3.3582
3.0000 2.8537
3.0000 3.2431
3.0000 3.0105
3.0000 3.5422
3.0000 2.6298
3.0000 3.6357
3.0000 3.7785
3.0000 4.3145
3.0000 4.4841
3.0000 4.2748
3.0000 4.1723
3.0000 3.6409
3.0000 2.7007
3.0000 4.4036
3.0000 3.3377
3.0000 3.5703
3.0000 4.5405
3.0000 3.6810
3.0000 3.9359
3.0000 3.7672
3.0000 4.2549
3.0000 3.3590
3.0000 3.3906
3.0000 4.1126
3.0000 4.4316
3.0000 4.4267
3.0000 3.7483
3.0000 3.3107
3.0000 2.8214
3.0000 3.6180
3.0000 2.5956
3.0000 4.1742
3.0000 4.5507
3.0000 4.3273
3.0000 3.4916
3.0000 3.0905
3.0000 2.9677
3.0000 4.7344
3.0000 3.8196
3.0000 3.5773
3.0000 3.4950
3.0000 3.9359
3.0000 3.6157
3.0000 3.9902
3.0000 4.1764
3.0000 5.0148
3.0000 4.2050
3.0000 3.7855
3.0000 4.1263
3.0000 3.1479
3.0000 3.8048
3.0000 3.2365
3.0000 3.6494
3.0000 2.9947
3.0000 4.2885
3.0000 4.5318
3.0000 4.0905
3.0000 3.4532
3.0000 4.3700
3.0000 4.4330
3.0000 3.6253
3.0000 3.3429
3.0000 4.7828
3.0000 3.8148
3.0000 3.7738
3.0000 3.2807
3.0000 4.2700
3.0000 4.1164
3.0000 4.0673
3.0000 4.0132
3.0000 2.7160
3.0000 3.9811
3.0000 3.4482
3.0000 4.3673
3.0000 4.7871
3.0000 3.2779
3.0000 4.2658
3.0000 3.1113
3.0000 4.1675
3.0000 3.8440
3.0000 3.9562
3.0000 3.5218
3.0000 3.2448
3.0000 4.0286
3.0000 3.8434
3.0000 3.8780
3.0000 3.1073
3.0000 3.4755
3.0000 3.5304
3.0000 2.9933
3.0000 3.9713
3.0000 3.1337
3.0000 3.9953
3.0000 2.2688
3.0000 3.7781
3.0000 3.2939
3.0000 4.3307
3.0000 3.9538
3.0000 3.6407
3.0000 3.6565
3.0000 3.6450
3.0000 3.9591
3.0000 4.5973
3.0000 5.1375
3.0000 3.2626
3.0000 3.4281
3.0000 3.5759
3.0000 3.3793
3.0000 4.6357
3.0000 4.2919
3.0000 3.0324
3.0000 2.8354
3.0000 3.5396
3.0000 1.2981
3.0000 3.3699
3.0000 4.1499
3.0000 2.7727
3.0000 3.4614
3.0000 3.1519
3.0000 2.9546
3.0000 3.4904
3.0000 4.0184
3.0000 3.5296
3.0000 3.7834
3.0000 4.0243
3.0000 2.8184
3.0000 2.3503
3.0000 3.6428
3.0000 4.1829
3.0000 3.4744
3.0000 3.2830
3.0000 3.8587
3.0000 2.8453
3.0000 3.6977
3.0000 4.4088
3.0000 4.2611
3.0000 4.5325
3.0000 3.0073
3.0000 4.7745
3.0000 3.3899
3.0000 3.7850
3.0000 4.0511
3.0000 3.4358
3.0000 3.6207
3.0000 3.8461
3.0000 3.4371
3.0000 4.4868
3.0000 4.6438
3.0000 4.2531
3.0000 3.6571
3.0000 3.7140
3.0000 3.2591
3.0000 4.0027
3.0000 4.1289
3.0000 3.0853
3.0000 4.4410
3.0000 4.5046
3.0000 3.5336
3.0000 5.2108
3.0000 3.8002
3.0000 3.7015
3.0000 3.0598
3.0000 3.3810
3.0000 2.7508
3.0000 5.2414
3.0000 3.5943
3.0000 4.2759
3.0000 3.2631
3.0000 3.8547
3.0000 3.2973
3.0000 2.9682
3.0000 3.2571
3.0000 5.0483
3.0000 3.8152
3.0000 4.3006
3.0000 2.7656
3.0000 2.5432
3.0000 4.9032
3.0000 3.1989
3.0000 4.2325
3.0000 4.3705
3.0000 4.4215
3.0000 3.7556
3.0000 3.1701
3.0000 4.4379
3.0000 4.1400
3.0000 2.6740
3.0000 4.2233
3.0000 4.2899
3.0000 3.6880
3.0000 3.6690
3.0000 4.1300
3.0000 4.3634
3.0000 3.5348
3.0000 3.8265
3.0000 3.8676
3.0000 4.5614
3.0000 3.4544
3.0000 3.1643
3.0000 3.7679
3.0000 3.8745
3.0000 3.5130
3.0000 3.8241
3.0000 3.9261
3.0000 3.2211
3.0000 3.7432
3.0000 4.1645
3.0000 4.0676
3.0000 5.0831
3.0000 3.3581
3.0000 4.6497
3.0000 3.2541
3.0000 4.3034
3.0000 3.8788
3.0000 3.0574
3.0000 3.9046
3.0000 3.7559
3.0000 5.2048
3.0000 3.4616
3.0000 3.3959
3.0000 3.0521
3.0000 3.2151
3.0000 2.1912
3.0000 3.7029
3.0000 3.7139
3.0000 4.5617
3.0000 3.5495
3.0000 3.6176
3.0000 4.4255
3.0000 4.3347
3.0000 4.9649
3.0000 3.2339
3.0000 3.5077
3.0000 4.0644
3.0000 3.6642
3.0000 3.6651
3.0000 4.2593
3.0000 3.6879
3.0000 3.9040
3.0000 2.9706
3.0000 4.7084
3.0000 3.5658
3.0000 3.1321
3.0000 3.4941
3.0000 4.5322
3.0000 3.4320
3.0000 3.2599
3.0000 2.8666
3.0000 2.7595
3.0000 3.9887
3.0000 3.7924
3.0000 3.7988
3.0000 4.0180
3.0000 3.1768
3.0000 3.8781
3.0000 3.8119
3.0000 3.0461
3.0000 3.6310
3.0000 3.9815
3.0000 4.2057
3.0000 4.6916
3.0000 4.4158
3.0000 3.0693
3.0000 3.3659
3.0000 3.2829
3.0000 4.3140
3.0000 3.0534
3.0000 3.3666
3.0000 3.8317
3.0000 3.9167
3.0000 3.0862
3.0000 3.6564
3.0000 4.3608
3.0000 3.5933
3.0000 2.6919
3.0000 3.9735
3.0000 4.3512
3.0000 3.4119
3.0000 4.0464
3.0000 3.5482
3.0000 2.5992
3.0000 3.9681
3.0000 3.9725
3.0000 4.0678
3.0000 3.4335
3.0000 3.5655
3.0000 3.1413
3.0000 3.1095
3.0000 3.7195
3.0000 2.8677
3.0000 3.4798
3.0000 4.6530
3.0000 3.6884
3.0000 3.7464
3.0000 3.8072
3.0000 3.9370
3.0000 4.7405
3.0000 3.9766
3.0000 3.9371
3.0000 4.7390
3.0000 3.9780
3.0000 4.4427
3.0000 3.6739
3.0000 3.9444
3.0000 4.8688
3.0000 4.3819
3.0000 2.7479
3.0000 3.3005
3.0000 4.7306
3.0000 3.4653
3.0000 3.9707
3.0000 4.1882
3.0000 3.6045
3.0000 4.5298
3.0000 4.5575
3.0000 3.3051
3.0000 3.5114
3.0000 3.8758
3.0000 2.7674
3.0000 3.0170
3.0000 3.8270
3.0000 3.5242
3.0000 4.3215
3.0000 3.6426
3.0000 3.6307
3.0000 3.5942
3.0000 4.8878
3.0000 2.8872
3.0000 3.8263
3.0000 2.8891
3.0000 4.2335
3.0000 4.0241
3.0000 3.4474
3.0000 3.6232
3.0000 2.9417
3.0000 3.3495
3.0000 4.1911
3.0000 3.1667
3.0000 3.5958
3.0000 3.2635
3.0000 2.8341
3.0000 4.1277
3.0000 4.0281
3.0000 3.4558
3.0000 2.2516
3.0000 3.2552
3.0000 3.1165
3.0000 3.8995
3.0000 3.4300
3.0000 3.7625
3.0000 3.4476
3.0000 3.3352
3.0000 4.7960
3.0000 3.1907
3.0000 4.8546
3.0000 3.3963
3.0000 4.5771
3.0000 4.3366
3.0000 2.1688
3.0000 4.4384
3.0000 3.3066
3.0000 4.9230
3.0000 3.7454
3.0000 2.8265
3.0000 4.2181
3.0000 3.8732
3.0000 3.9155
3.0000 4.1090
3.0000 3.9038
3.0000 4.0476
3.0000 4.4626
3.0000 3.0615
3.0000 3.3881
3.0000 4.1238
3.0000 3.6180
3.0000 3.4859
3.0000 2.9382
3.0000 3.6868
3.0000 3.6843
3.0000 3.8874
3.0000 3.2649
3.0000 3.4611
3.0000 3.5051
3.0000 4.2446
3.0000 3.5234
3.0000 3.4448
3.0000 3.3521
3.0000 3.3775
3.0000 4.1718
3.0000 3.9746
3.0000 3.8632
3.0000 4.6227
3.0000 3.6691
3.0000 4.1261
3.0000 3.2482
3.0000 3.5816
3.0000 3.6186
3.0000 2.4137
3.0000 4.7956
3.0000 3.7726
3.0000 4.1515
3.0000 2.6130
3.0000 3.7432
3.0000 3.1841
3.0000 3.1255
3.0000 3.6838
3.0000 3.3918
3.0000 3.8220
3.0000 3.4291
3.0000 4.3948
3.0000 4.4635
3.0000 3.6856
3.0000 3.9187
3.0000 3.7917
3.0000 3.7729
3.0000 3.5238
3.0000 3.7764
3.0000 2.9573
3.0000 3.6375
3.0000 4.0662
3.0000 3.9270
3.0000 3.3560
3.0000 3.7517
3.0000 4.2279
3.0000 3.7363
3.0000 4.2568
3.0000 4.2852
3.0000 3.8202
3.0000 4.5095
3.0000 4.3470
3.0000 3.1719
3.0000 3.1575
3.0000 4.5055
3.0000 4.2788
3.0000 3.3798
3.0000 3.3145
3.0000 3.8104
3.0000 3.3350
3.0000 2.7998
3.0000 5.1122
3.0000 4.1927
3.0000 4.5866
3.0000 4.1503
3.0000 4.0224
3.0000 3.9746
3.0000 2.9731
3.0000 3.1250
3.0000 3.1664
3.0000 3.3525
3.0000 3.1189
3.0000 3.3907
3.0000 4.1097
3.0000 3.9042
3.0000 4.1786
3.0000 4.3529
3.0000 3.3640
3.0000 3.7878
3.0000 4.5236
3.0000 4.2074
3.0000 4.6329
3.0000 3.7735
3.0000 3.5058
3.0000 2.9707
3.0000 3.5146
3.0000 3.5131
3.0000 4.1079
3.0000 3.2652
3.0000 3.7901
3.0000 4.0365
3.0000 3.6731
3.0000 4.3079
3.0000 2.9070
3.0000 3.6323
3.0000 4.2574
3.0000 3.5695
3.0000 3.2846
3.0000 3.7235
3.0000 4.1746
3.0000 3.7153
3.0000 4.6810
3.0000 3.2183
3.0000 4.4723
3.0000 3.5070
3.0000 4.4800
3.0000 4.3432
3.0000 4.5486
3.0000 4.3234
3.0000 3.5533
3.0000 3.5337
3.0000 5.3748
3.0000 4.1366
3.0000 4.6115
3.0000 3.8465
3.0000 3.2372
3.0000 3.8058
3.0000 3.1109
3.0000 3.8072
3.0000 3.7606
3.0000 3.6246
3.0000 4.2024
3.0000 2.5674
3.0000 3.6857
3.0000 3.8955
3.0000 3.4427
3.0000 3.9379
3.0000 2.9672
3.0000 3.9530
3.0000 3.3662
3.0000 3.9666
3.0000 4.0822
3.0000 3.4155
3.0000 4.2686
3.0000 3.4161
3.0000 3.1256
3.0000 2.7579
3.0000 3.1198
3.0000 2.9704
3.0000 4.3469
3.0000 4.2732
3.0000 3.3161
3.0000 3.6486
3.0000 3.1054
3.0000 4.0263
3.0000 3.1323
3.0000 2.9571
3.0000 4.2682
3.0000 4.2391
3.0000 2.5465
3.0000 3.3710
3.0000 2.7115
3.0000 3.6818
3.0000 3.4891
3.0000 3.7390
3.0000 3.5668
3.0000 3.7641
3.0000 3.7197
3.0000 3.6607
3.0000 3.8243
3.0000 3.0424
3.0000 3.4754
3.0000 4.0398
3.0000 4.2298
3.0000 3.5240
3.0000 3.2452
3.0000 4.1786
3.0000 4.0183
3.0000 4.7179
3.0000 3.4031
3.0000 3.6591
3.0000 4.3299
3.0000 4.0707
3.0000 3.8158
3.0000 3.3753
3.0000 3.5101
3.0000 4.3935
3.0000 3.5844
3.0000 2.7649
3.0000 3.2941
3.0000 3.7330
3.0000 3.7074
3.0000 3.5490
3.0000 3.4929
3.0000 3.1633
3.0000 3.2387
3.0000 3.9550
3.0000 3.2297
3.0000 3.9383
3.0000 3.6277
3.0000 4.4340
3.0000 3.6981
3.0000 3.7965
3.0000 3.5884
3.0000 3.9139
3.0000 3.3813
3.0000 3.4496
3.0000 4.7935
3.0000 3.0803
3.0000 3.3638
3.0000 4.5717
3.0000 2.9834
3.0000 4.0591
3.0000 3.3840
3.0000 3.0864
3.0000 4.3949
3.0000 3.6679
3.0000 3.9653
3.0000 3.7090
3.0000 4.4488
3.0000 3.8490
3.0000 3.1826
3.0000 3.3079
3.0000 3.3468
3.0000 3.6025
3.0000 4.2384
3.0000 3.3251
3.0000 4.4266
3.0000 4.5220
3.0000 3.8975
3.0000 4.4097
3.0000 4.2149
3.0000 3.6781
3.0000 3.2578
3.0000 3.9467
3.0000 4.3349
3.0000 3.6841
3.0000 3.6342
3.0000 3.5738
3.0000 2.7554
3.0000 3.9007
3.0000 3.8444
3.0000 3.7092
3.0000 3.9071
3.0000 3.0356
3.0000 3.2991
3.0000 3.4027
3.0000 3.8224
3.0000 3.5189
3.0000 3.6849
3.0000 4.1345
3.0000 3.8588
3.0000 4.5004
3.0000 3.0485
3.0000 3.7785
3.0000 4.4854
3.0000 3.9485
3.0000 2.9452
3.0000 3.2229
3.0000 3.9208
3.0000 3.7484
3.0000 3.8253
3.0000 3.8717
3.0000 4.4621
3.0000 3.6843
3.0000 2.1156
3.0000 3.3787
3.0000 4.1518
3.0000 3.1191
3.0000 3.6736
3.0000 3.5462
3.0000 3.1516
3.0000 2.8807
3.0000 3.7422
3.0000 3.1979
3.0000 3.2386
3.0000 3.0529
3.0000 3.9500
3.0000 2.8288
3.0000 3.3974
3.0000 4.5210
3.0000 4.4910
3.0000 2.8820
3.0000 3.6429
3.0000 3.4633
3.0000 2.9958
3.0000 3.3965
3.0000 2.8896
3.0000 2.6227
3.0000 2.8716
3.0000 3.6115
3.0000 3.2975
3.0000 3.3135
3.0000 4.6602
3.0000 2.8860
3.0000 3.7728
3.0000 3.2759
3.0000 4.1101
3.0000 4.4181
3.0000 3.9954
3.0000 3.2104
3.0000 3.4734
3.0000 4.5047
3.0000 4.3160
3.0000 4.1535
3.0000 3.3917
3.0000 3.7412
3.0000 3.7411
3.0000 2.7402
3.0000 4.1532
3.0000 3.4906
3.0000 3.9178
3.0000 3.6484
3.0000 4.6030
3.0000 4.4358
3.0000 4.0641
3.0000 4.3136
3.0000 3.6148
3.0000 4.6256
3.0000 3.0767
3.0000 3.2406
3.0000 3.0375
3.0000 3.2934
3.0000 3.6856
3.0000 3.4642
3.0000 3.8347
3.0000 4.2108
3.0000 3.6567
3.0000 3.3322
3.0000 2.8346
3.0000 3.8534
3.0000 3.0420
3.0000 3.8053
3.0000 3.8897
3.0000 4.0777
3.0000 2.9189
3.0000 3.6630
3.0000 3.8855
3.0000 3.2823
3.0000 4.5123
3.0000 3.3546
3.0000 3.5033
3.0000 4.3256
3.0000 4.2729
3.0000 3.3354
3.0000 3.5044
3.0000 4.6671
3.0000 3.2557
3.0000 3.3457
3.0000 3.5283
3.0000 3.4882
3.0000 4.2215
3.0000 3.4474
3.0000 4.7150
3.0000 4.3738
3.0000 3.9868
3.0000 3.7040
3.0000 3.2193
3.0000 3.6941
3.0000 3.5148
3.0000 2.8509
3.0000 3.8072
3.0000 3.9502
3.0000 4.2169
3.0000 3.8465
3.0000 2.9808
3.0000 3.6840
3.0000 4.8587
3.0000 3.6460
3.0000 3.5822
3.0000 2.7879
3.0000 3.8556
3.0000 5.0906
3.0000 3.6931
3.0000 4.1482
3.0000 4.2802
3.0000 3.3414
3.0000 3.6919
3.0000 4.4782
3.0000 3.3494
3.0000 3.7304
3.0000 4.2884
3.0000 3.6389
3.0000 3.2877
3.0000 4.0994
3.0000 2.6056
3.0000 3.1062
3.0000 4.0790
3.0000 3.3462
3.0000 3.3639
3.0000 3.5366
3.0000 4.1207
3.0000 3.2216
3.0000 4.1178
3.0000 4.4708
3.0000 4.6665
3.0000 3.3423
3.0000 3.6219
3.0000 3.4574
3.0000 4.4986
3.0000 4.3550
3.0000 4.2268
3.0000 3.0968
3.0000 4.1359
3.0000 3.7959
3.0000 4.1821
3.0000 4.0033
3.0000 3.5332
3.0000 4.1017
3.0000 3.7809
3.0000 4.1519
3.0000 3.6647
3.0000 4.1647
3.0000 3.5338
3.0000 3.3003
3.0000 3.2486
3.0000 4.9269
3.0000 4.2494
3.0000 3.8649
3.0000 4.3602
3.0000 3.4831
3.0000 3.1983
3.0000 3.3461
3.0000 3.8883
3.0000 3.4980
3.0000 4.5301
3.0000 4.6252
3.0000 3.2240
3.0000 4.2690
3.0000 3.0890
3.0000 3.3246
3.0000 3.1477
3.0000 3.2795
3.0000 3.2299
3.0000 4.2143
3.0000 3.2491
3.0000 3.9565
3.0000 3.3300
3.0000 3.8584
3.0000 3.9347
3.0000 3.8272
3.0000 4.1087
3.0000 3.5124
3.0000 3.2054
3.0000 4.1127
3.0000 3.3670
3.0000 4.8539
3.0000 2.9697
3.0000 3.5982
3.0000 3.9788
3.0000 4.8745
3.0000 3.4756
3.0000 2.7209
3.0000 4.4094
3.0000 3.6813
3.0000 3.8674
3.0000 3.1905
3.0000 4.2875
3.0000 3.6653
3.0000 3.8723
3.0000 3.3765
3.0000 4.2668
3.0000 3.1360
3.0000 3.8932
3.0000 3.5659
3.0000 3.9607
3.0000 3.9934
3.0000 3.5217
3.0000 3.6434
3.0000 3.4906
3.0000 3.6987
3.0000 3.9061
3.0000 4.0371
3.0000 3.7342
3.0000 3.6370
3.0000 3.8657
3.0000 4.2819
3.0000 4.5642
3.0000 2.7144
3.0000 3.4050
3.0000 4.2109
3.0000 3.8046
3.0000 2.7030
3.0000 3.4911
3.0000 4.7201
3.0000 2.9388
3.0000 3.6408
3.0000 4.0271
3.0000 3.9967
3.0000 3.8541
3.0000 4.5148
3.0000 3.8098
3.0000 3.9517
3.0000 3.4526
3.0000 4.7095
3.0000 3.8368
3.0000 3.1588
3.0000 3.5142
3.0000 4.4412
3.0000 3.8890
3.0000 3.3464
3.0000 3.8908
3.0000 4.7035
3.0000 4.5200
3.0000 3.3577
3.0000 2.9254
3.0000 4.1705
3.0000 4.2026
3.0000 3.7252
3.0000 4.3626
3.0000 3.8392
3.0000 4.8914
3.0000 4.5040
3.0000 4.2450
3.0000 3.8796
3.0000 3.1330
3.0000 3.7215
3.0000 4.0826
3.0000 3.8161
3.0000 3.9533
3.0000 3.3860
3.0000 3.7583
3.0000 3.0686
3.0000 4.2083
3.0000 3.8145
3.0000 3.6983
3.0000 3.9593
3.0000 4.0289
3.0000 3.4528
3.0000 4.4219
3.0000 3.6276
3.0000 3.8698
3.0000 3.9664
3.0000 3.9826
3.0000 4.1610
3.0000 3.0986
3.0000 4.2849
3.0000 3.5158
3.0000 3.5599
3.0000 4.3144
3.0000 3.7962
3.0000 2.2233
3.0000 3.7171
3.0000 3.1803
3.0000 3.1699
3.0000 3.2256
3.0000 3.6356
3.0000 4.1393
3.0000 3.4730
3.0000 3.7255
3.0000 4.6956
3.0000 3.0630
3.0000 4.2264
3.0000 3.1538
3.0000 3.5739
3.0000 3.0568
3.0000 2.8840
3.0000 3.7166
3.0000 3.6860
3.0000 4.1550
3.0000 3.1820
3.0000 3.8279
3.0000 4.2783
3.0000 4.1755
3.0000 3.3651
3.0000 4.1596
3.0000 4.0219
3.0000 4.0361
3.0000 3.7518
3.0000 2.8844
3.0000 3.4873
3.0000 2.9104
3.0000 3.0987
3.0000 3.2422
3.0000 3.5933
3.0000 3.3838
3.0000 3.3781
3.0000 3.9610
3.0000 3.1453
3.0000 4.2909
3.0000 3.9704
3.0000 4.3360
3.0000 3.7938
3.0000 3.6535
3.0000 2.7245
3.0000 4.4470
3.0000 2.7273
3.0000 3.0120
3.0000 4.3539
3.0000 3.3277
3.0000 3.8829
3.0000 3.8515
3.0000 3.2832
3.0000 3.5872
3.0000 4.1363
3.0000 3.7306
3.0000 4.1275
3.0000 4.2077
3.0000 4.5158
3.0000 3.7225
3.0000 2.6794
3.0000 4.8956
3.0000 3.2803
3.0000 3.7470
3.0000 4.5590
3.0000 4.0767
3.0000 3.3604
3.0000 3.4322
3.0000 3.7525
3.0000 3.8450
3.0000 4.6689
3.0000 3.9998
3.0000 4.4528
3.0000 4.0701
3.0000 4.0880
3.0000 3.5934
3.0000 3.5021
3.0000 4.4990
3.0000 2.8518
3.0000 3.6056
3.0000 4.1872
3.0000 2.7008
3.0000 3.1782
3.0000 3.3959
3.0000 3.6542
3.0000 3.2929
3.0000 3.7626
3.0000 3.3449
3.0000 3.3872
3.0000 2.9153
3.0000 4.0140
3.0000 4.1142
3.0000 3.2565
3.0000 4.4758
3.0000 2.8510
3.0000 3.6616
3.0000 3.7930
3.0000 4.5126
3.0000 3.4997
3.0000 3.1718
3.0000 2.3881
3.0000 4.1078
3.0000 3.9914
3.0000 2.8292
3.0000 3.9913
3.0000 4.1887
3.0000 4.5933
3.0000 3.4904
3.0000 3.4678
3.0000 4.6607
3.0000 3.6021
3.0000 3.8939
3.0000 3.3680
3.0000 4.4024
3.0000 4.4273
3.0000 2.8769
3.0000 2.7552
3.0000 4.2579
3.0000 3.5552
3.0000 4.6432
3.0000 4.0535
3.0000 4.0766
3.0000 2.9125
3.0000 2.4492
3.0000 3.6410
3.0000 3.4140
3.0000 3.9705
3.0000 3.6848
3.0000 3.3171
3.0000 3.9740
3.0000 3.7751
3.0000 4.0533
3.0000 5.1410
3.0000 3.7823
3.0000 4.0233
3.0000 3.3755
3.0000 4.2696
3.0000 4.0978
3.0000 3.5151
3.0000 3.9715
3.0000 3.6607
3.0000 3.8311
3.0000 4.2475
3.0000 3.7375
3.0000 3.3256
3.0000 2.8783
3.0000 4.1463
3.0000 4.1957
3.0000 3.5986
3.0000 4.1282
3.0000 3.6167
3.0000 3.4756
3.0000 2.9791
3.0000 3.6762
3.0000 3.5655
3.0000 3.6185
3.0000 2.7781
3.0000 2.1900
3.0000 3.8462
3.0000 3.0871
3.0000 3.8160
3.0000 2.8736
3.0000 3.4850
3.0000 3.5251
3.0000 4.0161
3.0000 3.7110
3.0000 3.1504
3.0000 3.4830
3.0000 4.2370
3.0000 3.9758
3.0000 3.6596
3.0000 3.1568
3.0000 3.9890
3.0000 3.7598
3.0000 3.6188
3.0000 3.7243
3.0000 3.6880
3.0000 3.8445
3.0000 2.5422
3.0000 2.5588
3.0000 4.0092
3.0000 3.9477
3.0000 3.9455
3.0000 2.8087
3.0000 4.1374
3.0000 3.5975
3.0000 4.1504
3.0000 3.1209
3.0000 3.2981
3.0000 4.2471
3.0000 2.6983
3.0000 4.5182
3.0000 3.7158
3.0000 3.4295
3.0000 4.7226
3.0000 4.3194
3.0000 4.5214
3.0000 4.8128
3.0000 3.8558
3.0000 4.8123
3.0000 3.6958
3.0000 3.7081
3.0000 3.4691
3.0000 4.0317
3.0000 4.1084
3.0000 3.5223
3.0000 3.4906
3.0000 3.8899
3.0000 3.5521
3.0000 4.0585
3.0000 2.9444
3.0000 3.3498
3.0000 2.5618
3.0000 4.4384
3.0000 3.2700
3.0000 3.8560
3.0000 3.8592
3.0000 3.3579
3.0000 3.8968
3.0000 4.5348
3.0000 3.9518
3.0000 3.9715
3.0000 4.1482
3.0000 3.3806
3.0000 4.2510
3.0000 3.5388
3.0000 3.5050
3.0000 3.5876
3.0000 4.0752
3.0000 3.4642
3.0000 3.4479
3.0000 3.7270
3.0000 3.0602
3.0000 4.2046
3.0000 3.6779
3.0000 4.1422
3.0000 3.0336
3.0000 3.6060
3.0000 4.0169
3.0000 3.8682
3.0000 3.4665
3.0000 3.3069
3.0000 3.9829
3.0000 3.0283
3.0000 3.1838
3.0000 4.1982
3.0000 3.5462
3.0000 4.5893
3.0000 3.1330
3.0000 3.4434
3.0000 3.7090
3.0000 3.6069
3.0000 3.7965
3.0000 3.8795
3.0000 4.3978
3.0000 3.9038
3.0000 4.1500
3.0000 3.2113
3.0000 3.7137
3.0000 4.9230
3.0000 3.3848
3.0000 2.8625
3.0000 3.3882
3.0000 2.9354
3.0000 4.7317
3.0000 3.8985
3.0000 2.5725
3.0000 3.3161
3.0000 3.6097
3.0000 3.0273
3.0000 3.6426
3.0000 3.9098
3.0000 3.3413
3.0000 2.4001
3.0000 3.1194
3.0000 2.9354
3.0000 3.7320
3.0000 3.9216
3.0000 3.1063
3.0000 3.8971
3.0000 4.0962
3.0000 2.7826
3.0000 3.3218
3.0000 3.0037
3.0000 4.0365
3.0000 2.9143
3.0000 3.2623
3.0000 3.5144
3.0000 3.9026
3.0000 3.1587
3.0000 3.3613
3.0000 3.6684
3.0000 3.4464
3.0000 3.1633
3.0000 3.9356
3.0000 3.8541
3.0000 3.6485
3.0000 3.1346
3.0000 4.5432
3.0000 4.0731
3.0000 4.3747
3.0000 2.5339
3.0000 3.9811
3.0000 3.2292
3.0000 3.6783
3.0000 4.3282
3.0000 3.8019
3.0000 4.3347
3.0000 3.8507
3.0000 3.7616
3.0000 3.7849
3.0000 3.2417
3.0000 2.5357
3.0000 4.1616
3.0000 4.4382
3.0000 3.2755
3.0000 3.4314
3.0000 4.4421
3.0000 4.2290
3.0000 3.0905
3.0000 5.1673
3.0000 3.7972
3.0000 4.2898
3.0000 3.6798
3.0000 4.5146
3.0000 4.1177
3.0000 3.8584
3.0000 4.0616
3.0000 4.9903
3.0000 3.4634
3.0000 4.4669
3.0000 3.2097
3.0000 2.8273
3.0000 5.2597
3.0000 4.4850
3.0000 3.4415
3.0000 3.4327
3.0000 4.4663
3.0000 4.3828
3.0000 3.7460
3.0000 3.2148
3.0000 4.6132
3.0000 4.0223
3.0000 3.9524
3.0000 3.8814
3.0000 3.6335
3.0000 3.2815
3.0000 3.8493
3.0000 3.9878
3.0000 3.2105
3.0000 3.4522
3.0000 4.0022
3.0000 4.3097
3.0000 3.9409
3.0000 3.5365
3.0000 3.5738
3.0000 3.5748
3.0000 3.9007
3.0000 3.4130
3.0000 3.4767
3.0000 3.8987
3.0000 3.2255
3.0000 3.5233
3.0000 3.5763
3.0000 2.6692
3.0000 3.9605
3.0000 4.5361
3.0000 3.8912
3.0000 2.6894
3.0000 3.5937
3.0000 3.9399
3.0000 3.5947
3.0000 3.1237
3.0000 3.8438
3.0000 3.6137
3.0000 3.8243
3.0000 3.8061
3.0000 3.5847
3.0000 3.0211
3.0000 3.4784
3.0000 3.3854
3.0000 4.0196
3.0000 3.9765
3.0000 4.3870
3.0000 4.0896
3.0000 3.7377
3.0000 3.2483
3.0000 3.9332
3.0000 3.5307
3.0000 3.7119
3.0000 2.7871
3.0000 2.8838
3.0000 4.2732
3.0000 3.6414
3.0000 3.4050
3.0000 3.0722
3.0000 3.1938
3.0000 4.6812
3.0000 3.2483
3.0000 3.8191
3.0000 3.1150
3.0000 4.9491
3.0000 2.7367
3.0000 4.2905
3.0000 3.5834
3.0000 2.7233
3.0000 4.3496
3.0000 4.4727
3.0000 4.2120
3.0000 4.0902
3.0000 3.9224
3.0000 3.8132
3.0000 3.2509
3.0000 4.6267
3.0000 3.8984
3.0000 3.5040
3.0000 3.9081
3.0000 3.9895
3.0000 3.0216
3.0000 3.8767
3.0000 3.9092
3.0000 4.4351
3.0000 3.9992
3.0000 3.9839
3.0000 3.8167
3.0000 4.9077
3.0000 3.4299
3.0000 2.2862
3.0000 3.0955
3.0000 4.3480
3.0000 3.8666
3.0000 4.0312
3.0000 4.0533
3.0000 3.1830
3.0000 3.2468
3.0000 2.9688
3.0000 2.8556
3.0000 4.1742
3.0000 4.1334
3.0000 4.0197
3.0000 3.7774
3.0000 4.4422
3.0000 4.2897
3.0000 3.8447
3.0000 3.3634
3.0000 3.7246
3.0000 3.6171
3.0000 3.6590
3.0000 4.3562
3.0000 3.5405
3.0000 3.5680
3.0000 3.8490
3.0000 4.0881
3.0000 4.0108
3.0000 3.1126
3.0000 3.4298
3.0000 3.4833
3.0000 4.0730
3.0000 3.3637
3.0000 3.9193
3.0000 3.9583
3.0000 2.8442
3.0000 3.7659
3.0000 4.1629
3.0000 4.4976
3.0000 3.6477
3.0000 3.2583
3.0000 4.2212
3.0000 4.1612
3.0000 3.6432
3.0000 4.4909
3.0000 4.4957
3.0000 4.8787
3.0000 3.1736
3.0000 3.3039
3.0000 4.6626
3.0000 3.4458
3.0000 5.0464
3.0000 4.0086
3.0000 3.3575
3.0000 3.9977
3.0000 3.9695
3.0000 3.4671
3.0000 4.2209
3.0000 4.3676
3.0000 3.7536
3.0000 3.4670
3.0000 3.7825
3.0000 3.7392
3.0000 3.5079
3.0000 2.8937
3.0000 3.5632
3.0000 3.5565
3.0000 3.2426
3.0000 4.3480
3.0000 3.1249
3.0000 3.4599
3.0000 4.3335
3.0000 3.8122
3.0000 3.9583
3.0000 3.7543
3.0000 3.9502
3.0000 3.7808
3.0000 4.1863
3.0000 3.9874
3.0000 4.6717
3.0000 3.9733
3.0000 3.3237
3.0000 3.2284
3.0000 3.0039
3.0000 4.5839
3.0000 4.5569
3.0000 3.6069
3.0000 4.3035
3.0000 3.6161
3.0000 2.2925
3.0000 2.5680
3.0000 3.7624
3.0000 3.8164
3.0000 5.2102
3.0000 2.6399
3.0000 3.4197
3.0000 4.0030
3.0000 3.2757
3.0000 4.8677
3.0000 4.2011
3.0000 2.8879
3.0000 4.7696
3.0000 2.4463
3.0000 3.4843
3.0000 3.9864
3.0000 4.0911
3.0000 3.1782
3.0000 3.8689
3.0000 4.7476
3.0000 3.4415
3.0000 3.7850
3.0000 3.6851
3.0000 3.7055
3.0000 3.0220
3.0000 4.4531
3.0000 4.3996
3.0000 3.8710
3.0000 4.0491
3.0000 4.3418
3.0000 2.6125
3.0000 3.3485
3.0000 3.7124
3.0000 3.6138
3.0000 3.6367
3.0000 2.4115
3.0000 2.4630
3.0000 4.0239
3.0000 3.8725
3.0000 2.9510
3.0000 4.3342
3.0000 4.6370
3.0000 3.2062
3.0000 3.6285
3.0000 3.2259
3.0000 3.5088
3.0000 3.9246
3.0000 3.1433
3.0000 3.9100
3.0000 4.1784
3.0000 3.5406
3.0000 4.0377
3.0000 4.2967
3.0000 3.8655
3.0000 3.6035
3.0000 2.7272
3.0000 3.4171
3.0000 4.2724
3.0000 3.6571
3.0000 4.3800
3.0000 3.0933
3.0000 4.2130
3.0000 3.7588
3.0000 3.1411
3.0000 2.6616
3.0000 3.2805
3.0000 3.2664
3.0000 3.7974
3.0000 4.0100
3.0000 3.7641
3.0000 4.3894
3.0000 3.4195
3.0000 3.8085
3.0000 3.6775
3.0000 3.7731
3.0000 5.5607
3.0000 3.3727
3.0000 3.6651
3.0000 4.6612
3.0000 3.0033
3.0000 3.7897
3.0000 2.5403
3.0000 4.8984
3.0000 3.1900
3.0000 2.9083
3.0000 2.6851
3.0000 3.7977
3.0000 4.0634
3.0000 3.4555
3.0000 3.3746
3.0000 3.9413
3.0000 3.5547
3.0000 3.8428
3.0000 4.3588
3.0000 4.6058
3.0000 3.2091
3.0000 3.7798
3.0000 4.5025
3.0000 2.9646
3.0000 3.2695
3.0000 3.2357
3.0000 3.8688
3.0000 3.8102
3.0000 3.3647
3.0000 3.0924
3.0000 3.6848
3.0000 3.0999
3.0000 4.3157
3.0000 3.7555
3.0000 2.4685
3.0000 2.7127
3.0000 4.4529
3.0000 4.0293
3.0000 3.7211
3.0000 4.1260
3.0000 3.6787
3.0000 4.2622
3.0000 3.7475
3.0000 3.5055
3.0000 3.6258
3.0000 3.5033
3.0000 4.2744
3.0000 3.3709
3.0000 4.0134
3.0000 3.2660
3.0000 3.3382
3.0000 4.2688
3.0000 3.1582
3.0000 3.6784
3.0000 3.0765
3.0000 3.9744
3.0000 3.6444
3.0000 3.7702
3.0000 4.4426
3.0000 4.0054
3.0000 3.1266
3.0000 3.2371
3.0000 3.3055
3.0000 2.8688
3.0000 3.8738
3.0000 3.3900
3.0000 3.4705
3.0000 4.3011
3.0000 2.8706
3.0000 3.6966
3.0000 4.1057
3.0000 4.5820
3.0000 3.7106
3.0000 3.6697
3.0000 3.2574
3.0000 4.5126
3.0000 3.4769
3.0000 4.3153
3.0000 3.5523
3.0000 4.3210
3.0000 4.0721
3.0000 3.6087
3.0000 4.1088
3.0000 3.7592
3.0000 3.9099
3.0000 3.0907
3.0000 4.0577
3.0000 3.8373
3.0000 3.9521
3.0000 3.6620
3.0000 4.5989
3.0000 4.3148
3.0000 3.5630
3.0000 3.0516
3.0000 2.9779
3.0000 3.1773
3.0000 4.4120
3.0000 3.4691
3.0000 4.2602
3.0000 4.2974
3.0000 3.6928
3.0000 3.6204
3.0000 3.3848
3.0000 3.1693
3.0000 4.2166
3.0000 4.2234
3.0000 3.4681
3.0000 3.0227
3.0000 3.8223
3.0000 4.0078
3.0000 3.9453
3.0000 3.1015
3.0000 3.2741
3.0000 3.4014
3.0000 4.3701
3.0000 3.0116
3.0000 4.4193
3.0000 4.3374
3.0000 3.5075
3.0000 3.4172
3.0000 4.3811
3.0000 3.2302
3.0000 4.5181
3.0000 4.5065
3.0000 3.8927
3.0000 3.3711
3.0000 2.8761
3.0000 3.4696
3.0000 4.5843
3.0000 3.2168
3.0000 4.0022
3.0000 4.0538
3.0000 3.2360
3.0000 4.8429
3.0000 3.8817
3.0000 3.3743
3.0000 3.4294
3.0000 5.0456
3.0000 3.6522
3.0000 3.4106
3.0000 2.7477
3.0000 3.2405
3.0000 3.5982
3.0000 3.6016
3.0000 3.6968
3.0000 3.9184
3.0000 4.0053
3.0000 3.5407
3.0000 3.5992
3.0000 3.2551
3.0000 3.8430
3.0000 4.5480
3.0000 3.4590
3.0000 3.9644
3.0000 3.5260
3.0000 3.8539
3.0000 4.1389
3.0000 3.3687
3.0000 3.2327
3.0000 4.7203
3.0000 2.7362
3.0000 2.9882
3.0000 4.4053
3.0000 4.5627
3.0000 2.9834
3.0000 3.4642
3.0000 4.2969
3.0000 3.3419
3.0000 4.2327
3.0000 2.9948
3.0000 3.7139
3.0000 3.4085
3.0000 3.3707
3.0000 3.0925
3.0000 3.6875
3.0000 4.3690
3.0000 3.5439
3.0000 3.2256
3.0000 4.0533
3.0000 3.4488
3.0000 3.6254
3.0000 3.8672
3.0000 2.8724
3.0000 4.0606
3.0000 4.0849
3.0000 3.8417
3.0000 4.2050
3.0000 4.0331
3.0000 2.7860
3.0000 5.1453
3.0000 3.9017
3.0000 3.8965
3.0000 3.3058
3.0000 3.3134
3.0000 4.0753
3.0000 4.1474
3.0000 3.8520
3.0000 3.3474
3.0000 4.3220
3.0000 3.8833
3.0000 4.6869
3.0000 3.8273
3.0000 4.8731
3.0000 3.0873
3.0000 3.7503
3.0000 3.4136
3.0000 3.2855
3.0000 3.2411
3.0000 2.9647
3.0000 3.8716
3.0000 3.0073
3.0000 3.3777
3.0000 4.2716
3.0000 3.1407
3.0000 4.7163
3.0000 4.3331
3.0000 3.0593
3.0000 4.7052
3.0000 3.3537
3.0000 2.8765
3.0000 3.7517
3.0000 2.7521
3.0000 3.4394
3.0000 4.0064
3.0000 3.0415
3.0000 4.6301
3.0000 3.5314
3.0000 4.5641
3.0000 3.2566
3.0000 2.9234
