11.0000 100.1179
11.0000 85.7270
11.0000 42.1119
11.0000 25.5667
11.0000 114.0145
11.0000 74.7018
11.0000 17.8720
11.0000 47.9237
11.0000 110.3340
11.0000 35.8531
11.0000 37.2322
11.0000 53.0576
11.0000 125.1156
11.0000 117.2136
11.0000 87.3759
11.0000 102.0721
11.0000 112.6491
11.0000 49.5691
11.0000 115.2107
11.0000 66.6436
11.0000 116.2442
11.0000 108.8189
11.0000 112.2241
11.0000 40.0438
11.0000 125.0877
11.0000 34.7158
11.0000 15.2267
11.0000 102.5616
11.0000 23.6827
11.0000 88.5593
11.0000 25.9035
11.0000 50.0703
11.0000 61.7351
11.0000 72.6486
11.0000 104.9425
11.0000 31.5998
11.0000 111.4834
11.0000 31.1820
11.0000 119.9098
11.0000 119.2082
11.0000 129.9737
11.0000 25.1438
11.0000 101.2994
11.0000 119.2076
11.0000 114.9063
11.0000 109.2671
11.0000 111.5280
11.0000 92.3047
11.0000 41.5939
11.0000 136.6007
11.0000 122.1844
11.0000 87.5796
11.0000 50.2597
11.0000 108.3966
11.0000 25.5838
11.0000 50.4004
11.0000 93.1289
11.0000 95.8288
11.0000 121.9415
11.0000 43.8277
11.0000 39.5413
11.0000 108.4369
11.0000 90.9379
11.0000 40.2370
11.0000 108.3637
11.0000 58.7052
11.0000 120.7826
11.0000 82.0086
11.0000 135.3782
11.0000 49.8019
11.0000 31.0270
11.0000 56.8736
11.0000 122.2788
11.0000 104.0113
11.0000 9.4975
11.0000 135.8250
11.0000 100.0066
11.0000 39.5615
11.0000 106.3801
11.0000 71.4646
11.0000 36.2648
11.0000 27.2521
11.0000 69.3136
11.0000 137.8349
11.0000 142.0687
11.0000 87.3682
11.0000 51.2055
11.0000 40.6428
11.0000 47.4662
11.0000 59.1129
11.0000 77.9358
11.0000 92.1681
11.0000 11.6103
11.0000 57.2674
11.0000 39.7320
11.0000 31.3950
11.0000 31.9548
11.0000 28.8749
11.0000 84.6509
11.0000 64.1062
11.0000 5.2017
11.0000 103.9713
11.0000 129.9858
11.0000 53.2841
11.0000 26.0599
11.0000 99.5696
11.0000 78.2084
11.0000 124.2052
11.0000 99.5112
11.0000 107.7303
11.0000 105.0698
11.0000 39.5924
11.0000 46.6646
11.0000 57.4082
11.0000 41.6092
11.0000 129.3448
11.0000 110.0989
11.0000 40.2485
11.0000 41.2815
11.0000 32.8340
11.0000 106.4498
11.0000 96.1265
11.0000 112.4758
11.0000 104.2580
11.0000 27.0183
11.0000 24.7990
11.0000 101.3898
11.0000 134.4695
11.0000 74.7333
11.0000 147.3729
11.0000 65.2834
11.0000 42.6552
11.0000 65.0820
11.0000 106.1722
11.0000 141.1671
11.0000 102.8178
11.0000 73.7492
11.0000 40.6419
11.0000 104.4118
11.0000 98.8461
11.0000 28.4555
11.0000 75.4850
11.0000 61.3477
11.0000 82.8755
11.0000 129.1291
11.0000 123.2862
11.0000 107.7688
11.0000 80.8650
11.0000 41.2609
11.0000 91.4697
11.0000 110.2572
11.0000 69.8756
11.0000 40.2268
11.0000 98.3861
11.0000 90.1014
11.0000 95.4907
11.0000 107.2972
11.0000 105.6685
11.0000 79.9068
11.0000 16.5565
11.0000 34.7317
11.0000 59.8337
11.0000 85.2806
11.0000 13.1549
11.0000 64.7374
11.0000 94.5457
11.0000 66.7450
11.0000 102.4024
11.0000 97.5161
11.0000 37.4947
11.0000 24.4910
11.0000 122.8633
11.0000 110.8148
11.0000 99.8168
11.0000 49.5093
11.0000 55.2221
11.0000 123.1708
11.0000 68.7235
11.0000 47.2832
11.0000 57.4322
11.0000 54.1983
11.0000 64.6547
11.0000 101.2525
11.0000 45.0745
11.0000 132.8354
11.0000 121.8543
11.0000 69.8702
11.0000 33.6611
11.0000 119.3326
11.0000 90.8849
11.0000 56.4964
11.0000 12.0700
11.0000 95.3910
11.0000 28.8690
11.0000 103.8270
11.0000 95.6954
11.0000 112.4173
11.0000 119.1100
11.0000 90.2763
11.0000 99.8632
11.0000 18.4748
11.0000 105.5194
11.0000 63.6523
11.0000 94.6633
11.0000 95.3448
11.0000 42.3671
11.0000 77.1875
11.0000 90.7267
11.0000 58.2250
11.0000 62.9280
11.0000 27.4079
11.0000 122.6825
11.0000 64.3981
11.0000 68.2285
11.0000 75.4884
11.0000 37.8476
11.0000 128.9063
11.0000 102.7805
11.0000 77.8304
11.0000 116.8058
11.0000 42.8069
11.0000 66.6218
11.0000 123.3531
11.0000 20.0681
11.0000 80.3522
11.0000 104.6614
11.0000 111.5844
11.0000 105.0155
11.0000 78.7733
11.0000 122.3453
11.0000 69.6810
11.0000 130.9036
11.0000 103.7445
11.0000 34.4846
11.0000 111.6781
11.0000 11.4211
11.0000 24.5563
11.0000 93.8114
11.0000 96.7596
11.0000 71.0374
11.0000 95.2770
11.0000 46.3108
11.0000 80.9774
11.0000 50.7520
11.0000 51.7132
11.0000 120.2006
11.0000 46.5628
11.0000 50.5147
11.0000 14.9360
11.0000 95.8230
11.0000 71.4299
11.0000 93.7018
11.0000 133.8942
11.0000 117.2787
11.0000 46.7032
11.0000 97.6058
11.0000 95.7368
11.0000 29.6522
11.0000 73.8113
11.0000 8.7450
11.0000 110.9047
11.0000 100.3806
11.0000 117.9266
11.0000 94.6521
11.0000 100.8576
11.0000 60.0041
11.0000 121.1929
11.0000 89.9374
11.0000 101.8329
11.0000 89.7321
11.0000 59.9682
11.0000 98.9423
11.0000 63.1391
11.0000 41.4824
11.0000 28.0405
11.0000 85.8705
11.0000 127.8110
11.0000 104.5003
11.0000 80.4634
11.0000 135.6776
11.0000 97.3870
11.0000 74.6899
11.0000 55.6558
11.0000 71.1825
11.0000 121.8623
11.0000 45.2188
11.0000 104.8977
11.0000 75.1535
11.0000 92.9144
11.0000 85.8246
11.0000 118.1974
11.0000 33.0714
11.0000 24.4479
11.0000 99.1961
11.0000 116.5341
11.0000 85.0575
11.0000 41.8347
11.0000 90.4318
11.0000 73.1823
11.0000 81.7727
11.0000 62.3733
11.0000 95.8179
11.0000 49.1400
11.0000 84.2892
11.0000 45.7802
11.0000 52.9873
11.0000 29.4068
11.0000 42.0884
11.0000 78.0562
11.0000 104.7913
11.0000 120.1863
11.0000 41.8802
11.0000 111.4368
11.0000 32.2008
11.0000 121.0900
11.0000 98.5143
11.0000 105.4105
11.0000 97.1191
11.0000 95.6347
11.0000 127.7914
11.0000 104.6344
11.0000 126.9431
11.0000 105.1561
11.0000 64.0525
11.0000 121.1139
11.0000 114.8023
11.0000 46.2445
11.0000 61.6370
11.0000 34.1543
11.0000 23.8642
11.0000 106.4601
11.0000 24.9882
11.0000 4.9851
11.0000 53.9335
11.0000 111.9698
11.0000 106.5817
11.0000 135.9494
11.0000 133.3914
11.0000 116.6446
11.0000 44.7088
11.0000 46.4945
11.0000 93.0062
11.0000 75.9729
11.0000 19.0722
11.0000 138.3306
11.0000 75.3969
11.0000 75.9166
11.0000 117.0767
11.0000 56.3643
11.0000 113.6662
11.0000 100.4803
11.0000 123.7420
11.0000 25.6926
11.0000 39.6304
11.0000 41.8229
11.0000 62.4380
11.0000 78.9589
11.0000 113.1617
11.0000 24.7817
11.0000 53.4286
11.0000 52.4689
11.0000 94.0639
11.0000 61.4693
11.0000 50.2247
11.0000 57.8552
11.0000 131.3414
11.0000 124.6233
11.0000 87.2471
11.0000 63.4893
11.0000 104.5073
11.0000 43.1715
11.0000 66.4342
11.0000 30.0522
11.0000 108.8591
11.0000 120.7468
11.0000 75.2849
11.0000 128.5885
11.0000 111.7449
11.0000 111.1015
11.0000 96.5285
11.0000 117.3975
11.0000 18.0937
11.0000 44.5291
11.0000 125.4570
11.0000 106.3115
11.0000 56.3736
11.0000 69.5129
11.0000 127.0304
11.0000 20.2381
11.0000 85.7528
11.0000 62.8250
11.0000 88.0784
11.0000 2.1715
11.0000 8.5096
11.0000 66.6392
11.0000 69.7846
11.0000 94.2047
11.0000 115.3973
11.0000 102.5572
11.0000 87.5062
11.0000 27.4699
11.0000 74.6158
11.0000 133.1459
11.0000 57.3288
11.0000 93.4089
11.0000 112.3572
11.0000 66.4271
11.0000 24.7143
11.0000 108.9848
11.0000 81.4678
11.0000 109.2443
11.0000 67.7790
11.0000 67.7354
11.0000 82.7996
11.0000 140.9165
11.0000 117.8880
11.0000 101.9686
11.0000 26.7657
11.0000 85.2134
11.0000 111.6488
11.0000 88.6973
11.0000 89.5778
11.0000 59.1835
11.0000 37.9417
11.0000 144.1358
11.0000 113.1832
11.0000 117.7240
11.0000 97.3408
11.0000 56.1399
11.0000 43.4394
11.0000 56.0529
11.0000 125.0148
11.0000 115.5715
11.0000 47.0007
11.0000 100.9355
11.0000 112.6686
11.0000 125.9333
11.0000 75.0254
11.0000 109.9044
11.0000 89.6126
11.0000 68.8489
11.0000 100.7282
11.0000 59.4634
11.0000 102.7154
11.0000 34.8073
11.0000 36.9877
11.0000 38.6569
11.0000 39.6936
11.0000 36.6376
11.0000 44.5624
11.0000 83.8264
11.0000 129.1324
11.0000 100.0822
11.0000 42.9344
11.0000 14.0114
11.0000 73.0740
11.0000 115.1406
11.0000 90.8261
11.0000 71.0971
11.0000 91.1615
11.0000 129.7675
11.0000 77.2341
11.0000 70.8742
11.0000 81.2928
11.0000 72.7016
11.0000 47.9592
11.0000 108.5730
11.0000 68.2562
11.0000 62.5989
11.0000 123.9153
11.0000 54.2321
11.0000 121.7560
11.0000 80.6296
11.0000 53.9788
11.0000 30.7429
11.0000 134.5254
11.0000 45.8582
11.0000 96.5686
11.0000 32.4597
11.0000 123.9412
11.0000 39.0421
11.0000 58.6327
11.0000 123.9601
11.0000 67.4206
11.0000 27.8606
11.0000 69.8637
11.0000 78.3463
11.0000 97.8423
11.0000 66.0801
11.0000 115.8228
11.0000 77.3210
11.0000 89.9679
11.0000 76.5434
11.0000 150.8111
11.0000 109.0315
11.0000 87.4431
11.0000 56.0402
11.0000 107.5348
11.0000 66.7812
11.0000 107.5602
11.0000 89.2066
11.0000 43.2611
11.0000 99.8891
11.0000 93.3524
11.0000 41.1850
11.0000 124.3005
11.0000 49.2425
11.0000 31.2056
11.0000 115.1144
11.0000 24.1074
11.0000 100.7030
11.0000 13.5724
11.0000 94.4753
11.0000 70.7834
11.0000 119.5750
11.0000 35.2365
11.0000 54.3651
11.0000 123.5806
11.0000 70.8147
11.0000 121.5507
11.0000 104.3395
11.0000 101.2231
11.0000 78.8268
11.0000 114.3630
11.0000 47.0990
11.0000 120.8350
11.0000 97.8594
11.0000 31.8096
11.0000 128.9834
11.0000 40.4668
11.0000 105.5396
11.0000 89.6811
11.0000 98.4767
11.0000 26.4598
11.0000 101.4501
11.0000 107.9855
11.0000 90.4656
11.0000 57.8531
11.0000 76.6953
11.0000 102.7616
11.0000 71.7289
11.0000 99.3640
11.0000 20.0312
11.0000 108.5308
11.0000 99.7809
11.0000 39.9299
11.0000 129.6235
11.0000 111.9038
11.0000 34.1616
11.0000 107.4910
11.0000 65.7835
11.0000 97.1363
11.0000 25.5548
11.0000 25.7760
11.0000 53.3903
11.0000 120.3941
11.0000 61.6431
11.0000 31.1021
11.0000 46.8778
11.0000 41.1632
11.0000 126.5895
11.0000 87.1988
11.0000 19.5886
11.0000 107.0534
11.0000 112.7054
11.0000 74.9464
11.0000 105.2022
11.0000 107.5978
11.0000 96.3585
11.0000 118.1193
11.0000 89.9322
11.0000 120.0526
11.0000 117.0719
11.0000 76.9153
11.0000 19.6599
11.0000 41.0367
11.0000 112.1287
11.0000 48.7411
11.0000 134.7706
11.0000 110.4665
11.0000 104.5580
11.0000 74.7331
11.0000 34.5617
11.0000 36.4792
11.0000 101.9900
11.0000 48.5708
11.0000 93.8464
11.0000 102.4418
11.0000 63.9119
11.0000 112.3529
11.0000 92.5421
11.0000 100.6912
11.0000 69.9168
11.0000 130.3557
11.0000 38.8235
11.0000 116.5884
11.0000 17.2212
11.0000 72.8021
11.0000 33.9940
11.0000 91.7550
11.0000 80.8315
11.0000 55.8661
11.0000 26.8746
11.0000 67.3510
11.0000 19.4776
11.0000 20.2851
11.0000 63.2435
11.0000 50.7027
11.0000 128.7147
11.0000 19.1207
11.0000 112.9725
11.0000 83.8123
11.0000 124.1568
11.0000 69.9172
11.0000 25.0351
11.0000 100.3902
11.0000 90.7110
11.0000 104.4581
11.0000 25.1817
11.0000 95.1855
11.0000 119.6355
11.0000 50.4499
11.0000 67.8497
11.0000 25.5076
11.0000 47.8585
11.0000 104.5822
11.0000 89.6686
11.0000 93.6380
11.0000 107.1550
11.0000 131.1071
11.0000 113.1218
11.0000 114.2155
11.0000 83.8729
11.0000 81.1549
11.0000 76.5935
11.0000 127.7705
11.0000 40.6880
11.0000 73.5541
11.0000 25.0503
11.0000 98.8220
11.0000 116.8730
11.0000 9.6184
11.0000 54.1177
11.0000 70.2423
11.0000 97.0474
11.0000 69.9186
11.0000 103.8306
11.0000 44.5830
11.0000 143.0208
11.0000 8.0938
11.0000 119.0761
11.0000 84.5086
11.0000 51.8837
11.0000 37.9396
11.0000 102.4245
11.0000 73.1620
11.0000 126.5146
11.0000 29.3088
11.0000 133.1459
11.0000 43.4364
11.0000 74.8567
11.0000 62.1633
11.0000 66.1030
11.0000 92.5410
11.0000 121.6473
11.0000 98.3318
11.0000 119.3968
11.0000 48.2432
11.0000 77.5444
11.0000 126.7191
11.0000 62.6681
11.0000 109.7230
11.0000 126.0921
11.0000 67.7426
11.0000 37.8120
11.0000 108.0319
11.0000 49.4365
11.0000 112.5912
11.0000 37.6711
11.0000 55.2030
11.0000 102.7802
11.0000 24.3548
11.0000 90.8605
11.0000 64.7995
11.0000 79.7931
11.0000 67.6167
11.0000 58.3618
11.0000 78.7470
11.0000 129.1130
11.0000 12.9134
11.0000 116.0939
11.0000 120.3293
11.0000 73.7173
11.0000 121.0493
11.0000 59.9148
11.0000 90.0950
11.0000 18.8506
11.0000 57.9303
11.0000 20.8352
11.0000 75.2197
11.0000 46.9662
11.0000 71.8515
11.0000 128.4478
11.0000 64.9610
11.0000 41.0572
11.0000 89.6671
11.0000 32.8333
11.0000 35.2240
11.0000 118.5551
11.0000 68.9612
11.0000 65.4530
11.0000 78.6776
11.0000 41.8394
11.0000 126.7210
11.0000 90.8345
11.0000 86.6074
11.0000 92.0816
11.0000 95.4116
11.0000 13.6049
11.0000 63.3100
11.0000 46.4369
11.0000 104.8856
11.0000 74.4255
11.0000 50.2859
11.0000 57.5577
11.0000 97.2659
11.0000 22.4253
11.0000 46.3332
11.0000 74.8656
11.0000 66.5323
11.0000 91.2845
11.0000 110.8448
11.0000 15.8697
11.0000 15.8949
11.0000 66.6715
11.0000 134.9969
11.0000 124.9265
11.0000 117.4981
11.0000 80.0799
11.0000 141.2636
11.0000 94.2051
11.0000 90.6590
11.0000 81.1978
11.0000 46.3232
11.0000 127.4831
11.0000 47.6716
11.0000 103.5224
11.0000 69.0222
11.0000 83.2790
11.0000 108.3172
11.0000 49.5171
11.0000 75.8072
11.0000 71.0677
11.0000 64.6258
11.0000 118.9870
11.0000 121.6316
11.0000 43.3112
11.0000 130.6146
11.0000 92.4646
11.0000 15.0800
11.0000 132.7406
11.0000 80.2625
11.0000 122.8286
11.0000 68.5000
11.0000 48.1780
11.0000 95.6989
11.0000 109.1227
11.0000 115.3275
11.0000 48.6622
11.0000 114.1662
11.0000 101.8549
11.0000 37.5408
11.0000 82.0209
11.0000 73.0790
11.0000 101.6458
11.0000 56.7094
11.0000 74.5189
11.0000 78.1784
11.0000 69.5010
11.0000 17.9075
11.0000 42.2490
11.0000 54.7379
11.0000 24.2519
11.0000 129.5705
11.0000 44.5199
11.0000 57.9487
11.0000 83.1775
11.0000 61.7835
11.0000 96.7383
11.0000 56.5615
11.0000 97.3776
11.0000 22.9107
11.0000 72.6655
11.0000 112.9782
11.0000 98.4607
11.0000 122.7466
11.0000 116.3059
11.0000 119.9445
11.0000 63.5298
11.0000 87.7465
11.0000 106.6432
11.0000 129.0315
11.0000 100.6139
11.0000 130.3074
11.0000 55.2190
11.0000 100.5439
11.0000 121.7714
11.0000 120.5226
11.0000 35.7808
11.0000 107.4580
11.0000 90.5921
11.0000 50.3474
11.0000 133.0970
11.0000 71.4789
11.0000 2.9172
11.0000 97.5601
11.0000 79.9187
11.0000 87.0066
11.0000 105.4710
11.0000 14.1341
11.0000 109.6844
11.0000 122.2350
11.0000 21.3097
11.0000 97.2053
11.0000 96.9143
11.0000 95.9449
11.0000 18.0640
11.0000 101.6620
11.0000 112.3000
11.0000 128.8819
11.0000 23.5774
11.0000 64.8379
11.0000 85.3454
11.0000 62.1881
11.0000 91.2446
11.0000 67.7769
11.0000 31.9584
11.0000 92.1343
11.0000 130.5468
11.0000 124.2627
11.0000 88.3220
11.0000 80.5842
11.0000 40.9381
11.0000 89.1804
11.0000 115.0779
11.0000 80.4191
11.0000 44.8838
11.0000 132.1745
11.0000 120.9725
11.0000 30.9975
11.0000 37.9143
11.0000 74.7869
11.0000 63.5056
11.0000 125.6411
11.0000 25.9731
11.0000 38.1865
11.0000 134.0289
11.0000 148.5179
11.0000 74.6303
11.0000 100.1908
11.0000 115.7431
11.0000 69.2712
11.0000 135.2569
11.0000 32.9805
11.0000 15.1288
11.0000 66.3844
11.0000 14.1181
11.0000 2.4178
11.0000 65.4511
11.0000 111.0680
11.0000 59.3320
11.0000 100.0288
11.0000 55.5490
11.0000 107.5062
11.0000 23.8713
11.0000 67.3155
11.0000 25.3529
11.0000 55.5509
11.0000 104.5642
11.0000 39.8304
11.0000 54.4449
11.0000 107.4685
11.0000 90.0395
11.0000 101.1160
11.0000 80.6607
11.0000 134.5982
11.0000 71.8717
11.0000 109.9456
11.0000 73.6054
11.0000 110.3998
11.0000 76.3005
11.0000 80.2046
11.0000 119.0677
11.0000 135.0599
11.0000 50.3283
11.0000 56.4744
11.0000 82.9791
11.0000 58.4502
11.0000 93.1356
11.0000 99.4129
11.0000 52.9504
11.0000 142.0599
11.0000 108.3386
11.0000 29.8747
11.0000 107.2477
11.0000 97.3935
11.0000 120.4617
11.0000 86.4155
11.0000 108.8690
11.0000 101.1684
11.0000 66.3843
11.0000 95.8927
11.0000 52.0585
11.0000 65.3192
11.0000 101.7710
11.0000 54.1130
11.0000 117.7686
11.0000 26.7429
11.0000 89.1507
11.0000 112.2355
11.0000 102.0325
11.0000 92.3301
11.0000 100.9326
11.0000 112.3826
11.0000 62.3151
11.0000 27.9777
11.0000 37.3738
11.0000 72.2961
11.0000 95.8421
11.0000 47.3919
11.0000 78.5793
11.0000 44.4963
11.0000 35.3750
11.0000 10.0885
11.0000 89.2473
11.0000 16.6939
11.0000 38.7430
11.0000 87.7979
11.0000 79.8871
11.0000 101.9916
11.0000 117.8117
11.0000 21.4512
11.0000 114.0312
11.0000 85.4810
11.0000 80.7022
11.0000 4.0262
11.0000 46.4849
11.0000 74.9759
11.0000 82.4328
11.0000 21.1116
11.0000 113.8087
11.0000 67.3267
11.0000 63.2960
11.0000 49.4385
11.0000 124.9703
11.0000 103.3335
11.0000 126.4465
11.0000 24.3416
11.0000 76.9417
11.0000 56.7221
11.0000 86.8645
11.0000 88.2912
11.0000 132.8309
11.0000 101.9454
11.0000 86.8251
11.0000 87.6880
11.0000 59.3387
11.0000 70.9107
11.0000 98.5812
11.0000 108.2835
11.0000 105.1753
11.0000 48.5051
11.0000 111.2979
11.0000 125.6566
11.0000 86.2716
11.0000 48.8313
11.0000 94.1975
11.0000 46.7061
11.0000 64.2691
11.0000 128.0111
11.0000 101.7556
11.0000 144.4261
11.0000 81.5987
11.0000 117.2377
11.0000 83.2833
11.0000 32.4650
11.0000 37.8218
11.0000 58.2242
11.0000 58.4804
11.0000 46.8491
11.0000 75.1218
11.0000 115.3658
11.0000 93.2507
11.0000 108.5630
11.0000 89.6363
11.0000 108.7343
11.0000 122.3046
11.0000 59.0536
11.0000 22.5832
11.0000 86.8644
11.0000 87.8561
11.0000 83.0176
11.0000 36.9091
11.0000 51.1607
11.0000 96.9926
11.0000 130.6147
11.0000 100.0370
11.0000 30.3853
11.0000 101.4966
11.0000 110.7010
11.0000 93.3547
11.0000 121.1723
11.0000 43.2195
11.0000 143.1409
11.0000 84.0272
11.0000 15.2740
11.0000 76.0983
11.0000 19.7281
11.0000 65.3208
11.0000 131.8929
11.0000 66.8941
11.0000 97.4717
11.0000 49.9655
11.0000 61.7836
11.0000 108.9671
11.0000 48.9330
11.0000 32.0271
11.0000 97.2663
11.0000 106.5069
11.0000 56.9930
11.0000 97.5872
11.0000 88.9441
11.0000 68.7040
11.0000 95.5939
11.0000 51.3559
11.0000 109.9278
11.0000 100.6144
11.0000 114.8853
11.0000 124.7448
11.0000 99.1744
11.0000 126.7007
11.0000 121.7428
11.0000 38.6300
11.0000 103.6176
11.0000 66.4901
11.0000 77.0857
11.0000 42.2327
11.0000 43.3444
11.0000 20.1305
11.0000 140.6237
11.0000 56.9760
11.0000 98.4237
11.0000 14.8180
11.0000 36.6365
11.0000 50.5492
11.0000 119.3972
11.0000 94.2949
11.0000 112.4982
11.0000 124.2787
11.0000 117.8985
11.0000 134.7111
11.0000 102.6016
11.0000 59.3092
11.0000 111.9120
11.0000 118.8304
11.0000 6.6306
11.0000 123.0058
11.0000 60.0716
11.0000 63.4353
11.0000 102.0097
11.0000 103.1408
11.0000 92.3138
11.0000 18.3906
11.0000 55.6510
11.0000 125.4948
11.0000 81.7542
11.0000 101.8541
11.0000 49.0095
11.0000 91.6266
11.0000 80.7029
11.0000 62.9129
11.0000 102.9175
11.0000 79.2403
11.0000 52.6904
11.0000 90.4565
11.0000 39.6622
11.0000 67.2956
11.0000 115.4765
11.0000 68.0051
11.0000 106.1476
11.0000 140.6713
11.0000 8.4074
11.0000 15.2725
11.0000 123.7435
11.0000 34.2586
11.0000 20.7077
11.0000 34.4726
11.0000 108.6437
11.0000 33.5625
11.0000 57.0088
11.0000 53.6088
11.0000 100.3453
11.0000 90.5433
11.0000 16.0644
11.0000 37.7516
11.0000 33.5695
11.0000 128.0637
11.0000 111.1722
11.0000 106.7701
11.0000 70.8491
11.0000 21.9897
11.0000 90.2362
11.0000 103.5123
11.0000 53.0242
11.0000 125.4828
11.0000 54.9823
11.0000 99.4692
11.0000 15.5671
11.0000 121.1548
11.0000 103.3140
11.0000 94.6955
11.0000 14.5901
11.0000 19.6772
11.0000 99.2394
11.0000 88.4438
11.0000 111.7605
11.0000 74.2433
11.0000 27.9931
11.0000 66.4946
11.0000 14.9863
11.0000 116.1861
11.0000 51.9551
11.0000 71.5326
11.0000 54.3536
11.0000 17.4271
11.0000 86.1005
11.0000 33.1490
11.0000 103.1318
11.0000 20.4756
11.0000 27.4980
11.0000 28.8768
11.0000 120.5932
11.0000 129.8726
11.0000 37.5755
11.0000 115.6447
11.0000 112.8295
11.0000 75.4629
11.0000 34.8973
11.0000 17.7631
11.0000 112.7633
11.0000 88.4345
11.0000 29.5830
11.0000 78.5309
11.0000 88.0174
11.0000 82.8784
11.0000 88.3013
11.0000 60.7250
11.0000 117.3870
11.0000 106.3493
11.0000 66.4353
11.0000 117.9144
11.0000 87.9969
11.0000 30.3796
11.0000 128.6353
11.0000 14.9741
11.0000 14.8781
11.0000 44.5734
11.0000 86.3913
11.0000 92.8115
11.0000 35.7124
11.0000 44.0043
11.0000 70.8271
11.0000 82.1625
11.0000 64.3716
11.0000 42.7857
11.0000 82.7738
11.0000 60.4217
11.0000 108.4434
11.0000 105.0332
11.0000 132.3887
11.0000 29.7099
11.0000 92.1893
11.0000 66.4644
11.0000 120.7133
11.0000 18.7951
11.0000 43.7840
11.0000 14.9461
11.0000 89.4193
11.0000 29.5256
11.0000 13.0204
11.0000 131.3560
11.0000 12.4125
11.0000 112.2371
11.0000 84.5577
11.0000 24.9018
11.0000 39.8050
11.0000 90.2128
11.0000 87.1121
11.0000 103.7999
11.0000 87.1463
11.0000 77.7725
11.0000 119.2215
11.0000 80.4002
11.0000 103.8576
11.0000 44.2919
11.0000 48.2722
11.0000 116.4105
11.0000 108.3117
11.0000 89.5233
11.0000 47.5196
11.0000 97.1171
11.0000 15.1245
11.0000 122.6297
11.0000 43.6496
11.0000 45.8173
11.0000 111.8852
11.0000 124.3454
11.0000 33.8751
11.0000 45.7406
11.0000 19.3680
11.0000 87.7588
11.0000 130.3113
11.0000 134.2727
11.0000 8.9125
11.0000 107.2533
11.0000 127.0012
11.0000 116.5231
11.0000 47.4422
11.0000 79.8284
11.0000 104.2050
11.0000 104.6842
11.0000 122.1163
11.0000 54.2321
11.0000 56.1819
11.0000 72.5194
11.0000 76.6589
11.0000 45.8426
11.0000 110.5590
11.0000 25.8413
11.0000 123.9488
11.0000 36.5312
11.0000 113.8524
11.0000 49.3155
11.0000 35.2388
11.0000 140.0765
11.0000 63.3824
11.0000 34.2298
11.0000 29.6021
11.0000 108.9135
11.0000 48.1721
11.0000 100.5394
11.0000 102.1302
11.0000 50.9761
11.0000 12.1199
11.0000 93.1237
11.0000 43.3560
11.0000 31.0806
11.0000 99.6254
11.0000 54.4041
11.0000 18.2576
11.0000 90.2916
11.0000 107.6329
11.0000 54.7928
11.0000 18.2456
11.0000 95.2084
11.0000 61.6891
11.0000 138.3968
11.0000 60.5322
11.0000 71.4137
11.0000 100.0288
11.0000 97.6289
11.0000 52.8910
11.0000 86.9130
11.0000 80.2811
11.0000 107.4754
11.0000 49.1678
11.0000 72.3758
11.0000 101.8759
11.0000 50.4716
11.0000 46.4596
11.0000 99.0862
11.0000 124.1207
11.0000 101.1482
11.0000 11.3534
11.0000 28.9554
11.0000 29.6088
11.0000 93.3356
11.0000 101.7136
11.0000 38.5725
11.0000 100.0649
11.0000 44.4624
11.0000 53.0813
11.0000 44.6510
11.0000 75.7976
11.0000 84.6716
11.0000 62.7358
11.0000 123.5026
11.0000 62.8940
11.0000 40.0818
11.0000 86.4644
11.0000 74.7813
11.0000 87.0344
11.0000 89.7137
11.0000 47.8972
11.0000 122.1522
11.0000 61.4414
11.0000 106.7566
11.0000 96.2013
11.0000 79.8187
11.0000 56.8564
11.0000 36.1997
11.0000 107.0535
11.0000 119.5487
11.0000 113.5747
11.0000 54.1806
11.0000 79.2144
11.0000 43.8352
11.0000 127.4551
11.0000 111.3152
11.0000 123.8009
11.0000 129.4955
11.0000 119.2117
11.0000 109.0468
11.0000 52.9784
11.0000 23.7478
11.0000 78.7872
11.0000 113.7488
11.0000 55.5396
11.0000 117.8874
11.0000 18.5448
11.0000 72.7150
11.0000 52.5368
11.0000 34.0193
11.0000 84.4793
11.0000 34.6715
11.0000 124.0172
11.0000 70.0253
11.0000 67.2184
11.0000 80.3863
11.0000 70.9647
11.0000 114.7020
11.0000 58.5540
11.0000 102.3171
11.0000 18.7007
11.0000 48.8812
11.0000 66.7999
11.0000 45.2639
11.0000 124.8447
11.0000 71.8324
11.0000 49.3333
11.0000 29.9407
11.0000 124.6281
11.0000 60.3169
11.0000 22.0883
11.0000 29.7177
11.0000 93.0370
11.0000 61.0540
11.0000 81.9384
11.0000 81.8141
11.0000 84.2169
11.0000 107.7563
11.0000 95.7889
11.0000 99.0785
11.0000 48.3583
11.0000 103.5158
11.0000 64.9210
11.0000 90.6280
11.0000 32.3828
11.0000 95.5431
11.0000 72.9501
11.0000 108.0580
11.0000 44.5539
11.0000 61.0411
11.0000 108.1935
11.0000 49.0201
11.0000 109.3710
11.0000 19.6505
11.0000 112.8033
11.0000 32.2136
11.0000 85.0491
11.0000 62.1011
11.0000 91.7691
11.0000 28.4926
11.0000 83.1118
11.0000 114.7655
11.0000 87.5514
11.0000 31.9720
11.0000 82.3098
11.0000 86.1518
11.0000 53.5760
11.0000 108.1419
11.0000 59.4588
11.0000 53.6644
11.0000 122.4375
11.0000 110.9088
11.0000 105.3261
11.0000 39.4066
11.0000 103.7276
11.0000 106.4080
11.0000 105.9131
11.0000 78.8185
11.0000 74.6333
11.0000 78.2263
11.0000 90.1333
11.0000 102.9097
11.0000 116.8733
11.0000 100.1604
11.0000 69.2741
11.0000 122.1698
11.0000 119.2389
11.0000 93.5748
11.0000 88.4092
11.0000 63.4250
11.0000 60.2177
11.0000 102.2505
11.0000 57.0506
11.0000 102.5779
11.0000 130.7386
11.0000 50.0855
11.0000 38.6606
11.0000 26.8133
11.0000 76.1629
11.0000 103.2424
11.0000 124.6296
11.0000 77.0520
11.0000 29.7501
11.0000 125.4142
11.0000 127.0921
11.0000 62.2767
11.0000 110.7558
11.0000 86.1309
11.0000 111.0194
11.0000 55.2386
11.0000 48.6811
11.0000 110.5851
11.0000 93.5046
11.0000 41.0174
11.0000 146.5501
11.0000 45.5291
11.0000 104.5361
11.0000 94.0727
11.0000 116.9630
11.0000 45.1773
11.0000 102.8147
11.0000 98.6718
11.0000 15.9789
11.0000 130.7595
11.0000 32.9814
11.0000 99.2237
11.0000 60.3968
11.0000 79.9393
11.0000 46.0970
11.0000 66.1363
11.0000 81.4988
11.0000 34.5555
11.0000 44.9614
11.0000 69.0382
11.0000 67.6913
11.0000 17.8069
11.0000 113.0186
11.0000 125.1409
11.0000 93.6016
11.0000 53.8241
11.0000 48.5252
11.0000 113.9820
11.0000 102.4583
11.0000 103.1672
11.0000 126.3791
11.0000 125.7061
11.0000 32.5616
11.0000 64.3752
11.0000 104.8701
11.0000 115.1156
11.0000 103.3559
11.0000 17.6226
11.0000 97.8094
11.0000 80.2549
11.0000 127.1519
11.0000 66.9139
11.0000 102.6362
11.0000 1.9148
11.0000 97.0228
11.0000 12.8194
11.0000 75.9397
11.0000 53.9734
11.0000 67.2492
11.0000 116.7893
11.0000 93.2300
11.0000 42.2720
11.0000 30.6499
11.0000 20.4834
11.0000 71.1356
11.0000 75.1643
11.0000 89.1215
11.0000 56.3717
11.0000 55.6251
11.0000 54.8816
11.0000 69.9525
11.0000 44.1896
11.0000 138.4971
11.0000 102.5722
11.0000 28.4969
11.0000 81.2033
11.0000 79.4608
11.0000 82.9486
11.0000 96.8637
11.0000 55.4906
11.0000 46.3575
11.0000 75.5605
11.0000 40.3068
11.0000 124.4383
11.0000 56.1902
11.0000 75.5778
11.0000 44.8299
11.0000 115.5735
11.0000 110.7466
11.0000 54.5265
11.0000 92.2128
11.0000 9.8154
11.0000 4.9188
11.0000 45.9627
11.0000 85.2444
11.0000 89.4775
11.0000 91.5914
11.0000 57.5582
11.0000 139.1920
11.0000 62.7507
11.0000 92.8956
11.0000 66.9767
11.0000 132.0071
11.0000 109.7798
11.0000 23.5871
11.0000 112.6886
11.0000 112.0206
11.0000 38.8224
11.0000 107.3348
11.0000 49.1646
11.0000 101.2452
11.0000 33.0804
11.0000 45.6296
11.0000 70.8707
11.0000 53.2602
11.0000 95.7443
11.0000 106.6318
11.0000 119.7431
11.0000 28.5136
11.0000 119.3371
11.0000 45.7923
11.0000 55.0117
11.0000 34.7491
11.0000 114.2296
11.0000 106.2135
11.0000 69.6718
11.0000 24.2685
11.0000 21.9795
11.0000 21.7489
11.0000 42.6746
11.0000 83.6855
11.0000 11.2183
11.0000 20.1802
11.0000 123.0698
11.0000 42.6939
11.0000 135.1803
11.0000 113.3632
11.0000 92.0752
11.0000 44.5196
11.0000 56.6801
11.0000 110.8361
11.0000 26.2166
11.0000 42.2478
11.0000 97.9758
11.0000 48.9252
11.0000 64.6839
11.0000 114.3613
11.0000 22.0071
11.0000 33.9511
11.0000 117.1335
11.0000 91.3133
11.0000 76.4745
11.0000 68.9098
11.0000 52.2208
11.0000 58.8416
11.0000 128.3932
11.0000 118.2390
11.0000 33.4180
11.0000 119.0341
11.0000 83.9063
11.0000 116.9420
11.0000 77.0757
11.0000 106.9437
11.0000 103.8593
11.0000 120.2636
11.0000 116.8799
11.0000 48.8509
11.0000 70.2153
11.0000 101.1968
11.0000 44.1317
11.0000 110.3863
11.0000 73.5865
11.0000 96.7277
11.0000 115.5270
11.0000 46.7527
11.0000 33.3406
11.0000 34.4989
11.0000 108.8565
11.0000 42.0707
11.0000 80.8047
11.0000 109.8738
11.0000 36.0200
11.0000 29.7706
11.0000 117.1577
11.0000 123.0752
11.0000 111.8728
11.0000 35.3600
11.0000 75.2053
11.0000 68.7410
11.0000 27.1738
11.0000 40.9019
11.0000 27.2979
11.0000 4.5817
11.0000 39.3188
11.0000 54.4974
11.0000 147.5090
11.0000 29.0544
11.0000 20.1893
11.0000 96.3587
11.0000 26.9215
11.0000 19.3727
11.0000 61.8863
11.0000 91.3103
11.0000 124.9819
11.0000 72.4244
11.0000 83.9991
11.0000 33.6314
11.0000 105.8440
11.0000 29.8032
11.0000 108.1663
11.0000 129.4146
11.0000 102.1987
11.0000 16.0277
11.0000 120.7987
11.0000 101.3471
11.0000 84.7113
11.0000 76.9584
11.0000 130.6687
11.0000 89.4329
11.0000 71.3412
11.0000 112.9524
11.0000 116.9761
11.0000 34.0506
11.0000 71.7864
11.0000 24.3499
11.0000 106.8864
11.0000 18.7383
11.0000 126.7236
11.0000 68.1599
11.0000 97.5179
11.0000 25.9191
11.0000 94.2538
11.0000 85.7865
11.0000 121.0475
11.0000 30.1266
11.0000 119.7031
11.0000 72.9326
11.0000 57.7111
11.0000 67.3877
11.0000 92.2813
11.0000 8.9463
11.0000 90.6231
11.0000 59.6688
11.0000 97.1960
11.0000 94.4528
11.0000 37.1654
11.0000 50.2659
11.0000 51.3270
11.0000 121.9929
11.0000 67.2617
11.0000 60.7610
11.0000 89.2548
11.0000 83.6853
11.0000 117.9239
11.0000 60.6887
11.0000 66.9320
11.0000 79.0560
11.0000 97.9697
11.0000 143.8995
11.0000 105.8392
11.0000 27.1477
11.0000 127.4083
11.0000 63.5611
11.0000 117.1347
11.0000 66.0166
11.0000 14.5112
11.0000 86.0930
11.0000 81.5151
11.0000 78.9245
11.0000 54.6714
11.0000 102.2077
11.0000 88.8406
11.0000 49.6624
11.0000 97.1349
11.0000 135.8318
11.0000 26.6082
11.0000 107.2666
11.0000 127.4083
11.0000 74.8536
11.0000 36.9555
11.0000 43.6218
11.0000 109.5206
11.0000 135.0363
11.0000 103.5235
11.0000 66.2429
11.0000 97.1009
11.0000 16.4725
11.0000 52.6127
11.0000 107.8734
11.0000 115.9937
11.0000 112.0002
11.0000 74.5366
11.0000 60.4484
11.0000 19.1858
11.0000 120.4985
11.0000 89.4134
11.0000 115.3585
11.0000 9.1135
11.0000 64.2059
11.0000 58.5856
11.0000 43.9331
11.0000 32.1459
11.0000 93.9761
11.0000 40.3449
11.0000 34.1254
11.0000 44.7201
11.0000 51.1715
11.0000 34.9959
11.0000 94.4623
11.0000 73.1906
11.0000 86.7794
11.0000 39.4335
11.0000 122.2680
11.0000 95.6043
11.0000 115.1415
11.0000 15.0205
11.0000 106.2649
11.0000 42.1979
11.0000 89.0146
11.0000 22.1678
11.0000 65.5420
11.0000 114.8347
11.0000 95.4412
11.0000 95.1042
11.0000 93.8604
11.0000 15.2958
11.0000 97.9546
11.0000 44.6347
11.0000 65.0989
11.0000 122.5647
11.0000 95.1656
11.0000 47.1100
11.0000 106.4587
11.0000 115.9616
11.0000 82.3561
11.0000 61.1778
11.0000 129.9689
11.0000 137.6857
11.0000 99.6781
11.0000 98.7819
11.0000 93.1904
11.0000 57.5195
11.0000 136.5368
11.0000 92.6269
11.0000 53.3750
11.0000 123.8105
11.0000 52.8602
11.0000 88.6351
11.0000 93.2752
11.0000 58.2662
11.0000 113.0277
11.0000 77.4940
11.0000 49.4438
11.0000 105.6815
11.0000 36.8364
11.0000 135.8339
11.0000 12.5219
11.0000 113.7802
11.0000 100.5667
11.0000 98.7933
11.0000 28.5069
11.0000 45.1764
11.0000 90.6078
11.0000 11.8848
11.0000 45.6157
11.0000 68.7895
11.0000 115.3657
11.0000 51.6638
11.0000 70.3243
11.0000 93.7959
11.0000 107.4644
11.0000 134.8167
11.0000 61.5756
11.0000 82.5042
11.0000 102.6380
11.0000 25.5180
11.0000 46.8060
11.0000 110.4101
11.0000 70.3101
11.0000 75.5120
11.0000 122.4224
11.0000 116.3853
11.0000 123.0522
11.0000 45.9666
11.0000 91.3636
11.0000 83.1997
11.0000 15.2150
11.0000 48.2574
11.0000 103.3291
11.0000 86.2860
11.0000 25.9736
11.0000 102.1603
11.0000 116.1602
11.0000 71.5219
11.0000 21.2289
11.0000 106.0483
11.0000 78.7836
11.0000 47.1835
11.0000 98.2621
11.0000 76.1859
11.0000 37.4752
11.0000 16.1074
11.0000 93.3687
11.0000 90.5650
11.0000 110.1829
11.0000 91.5056
11.0000 28.6706
11.0000 97.5627
11.0000 93.3865
11.0000 91.4405
11.0000 111.0382
11.0000 41.2888
11.0000 87.1479
11.0000 71.0389
11.0000 65.4847
11.0000 112.8777
11.0000 52.7691
11.0000 48.8269
11.0000 30.2917
11.0000 50.1302
11.0000 67.0246
11.0000 108.2236
11.0000 85.4917
11.0000 113.3057
11.0000 117.2275
11.0000 91.4131
11.0000 44.2543
11.0000 61.7301
11.0000 89.5283
11.0000 104.3465
11.0000 68.4052
11.0000 79.6111
11.0000 101.8878
11.0000 20.7303
11.0000 107.0334
11.0000 62.0556
11.0000 107.6719
11.0000 98.4863
11.0000 43.0465
11.0000 106.7540
11.0000 105.3392
11.0000 88.6011
11.0000 84.9214
11.0000 97.5617
11.0000 123.5708
11.0000 105.7630
11.0000 111.8627
11.0000 88.4466
11.0000 80.1458
11.0000 66.3439
11.0000 99.4799
11.0000 8.8205
11.0000 75.4984
11.0000 114.5033
11.0000 22.9760
11.0000 62.6356
11.0000 81.0964
11.0000 51.1708
11.0000 93.1702
11.0000 117.8467
11.0000 19.6390
11.0000 18.7732
11.0000 132.5122
11.0000 36.8867
11.0000 100.9052
11.0000 96.8850
11.0000 24.5197
11.0000 22.1889
11.0000 135.0639
11.0000 135.5771
11.0000 92.6161
11.0000 125.1715
11.0000 72.2560
11.0000 17.1169
11.0000 73.3901
11.0000 68.2890
11.0000 96.2884
11.0000 102.0540
11.0000 90.5427
11.0000 43.0743
11.0000 50.5709
11.0000 84.3942
11.0000 30.4183
11.0000 47.2037
11.0000 125.1731
11.0000 68.4333
11.0000 3.7761
11.0000 50.4487
11.0000 39.0057
11.0000 58.1050
11.0000 65.2469
11.0000 91.1953
11.0000 30.8576
11.0000 74.6035
11.0000 38.6758
11.0000 89.8194
11.0000 37.4500
11.0000 72.5550
11.0000 48.4002
11.0000 40.7578
11.0000 84.3954
11.0000 101.8420
11.0000 25.6960
11.0000 123.8635
11.0000 49.2750
11.0000 116.5202
11.0000 135.6454
11.0000 62.1466
11.0000 23.8973
11.0000 135.4653
11.0000 81.7030
11.0000 37.5435
11.0000 67.8451
11.0000 31.2327
11.0000 65.5185
11.0000 45.3726
11.0000 100.0656
11.0000 96.8845
11.0000 113.8110
11.0000 11.6782
11.0000 100.2608
11.0000 25.8553
11.0000 113.7349
11.0000 113.8535
11.0000 49.7822
11.0000 82.4011
11.0000 114.2312
11.0000 66.2714
11.0000 20.1985
11.0000 41.6561
11.0000 96.5533
11.0000 104.1845
11.0000 100.6181
11.0000 78.2598
11.0000 96.6656
11.0000 103.5172
11.0000 84.6146
11.0000 52.2852
11.0000 114.3688
11.0000 56.0162
11.0000 86.4907
11.0000 29.8961
11.0000 99.6931
11.0000 94.5946
11.0000 72.2579
11.0000 49.5943
11.0000 135.4757
11.0000 109.8745
11.0000 84.3546
11.0000 110.5887
11.0000 43.3103
11.0000 134.4197
11.0000 72.1989
11.0000 114.1176
11.0000 69.7278
11.0000 91.3974
11.0000 118.4512
11.0000 18.7362
11.0000 33.6953
11.0000 58.5191
11.0000 80.4271
11.0000 30.2843
11.0000 82.9476
11.0000 56.4481
11.0000 77.5639
11.0000 77.6631
11.0000 99.4567
11.0000 109.7386
11.0000 115.7426
11.0000 88.5374
11.0000 29.3101
11.0000 69.1768
11.0000 105.8925
11.0000 115.9510
11.0000 82.8771
11.0000 72.0763
11.0000 54.3821
11.0000 109.1195
11.0000 60.7746
11.0000 15.5303
11.0000 91.1045
11.0000 103.3773
11.0000 23.2354
11.0000 107.0700
11.0000 23.2964
11.0000 69.6054
11.0000 101.6184
11.0000 27.3808
11.0000 11.7344
11.0000 45.7687
11.0000 61.3675
11.0000 127.2154
11.0000 96.4893
11.0000 117.2429
11.0000 99.5335
11.0000 62.3498
11.0000 119.3987
11.0000 106.2531
11.0000 77.0914
11.0000 46.7810
11.0000 114.1933
11.0000 112.6323
11.0000 78.6747
11.0000 75.6492
11.0000 104.4558
11.0000 94.4681
11.0000 60.2029
11.0000 85.2850
11.0000 91.7586
11.0000 107.2416
11.0000 50.7932
11.0000 5.1948
11.0000 12.0501
11.0000 113.3992
11.0000 62.1238
11.0000 17.7708
11.0000 105.1612
11.0000 24.0411
11.0000 118.4745
11.0000 65.4578
11.0000 90.7284
11.0000 47.9157
11.0000 60.5500
11.0000 13.7636
11.0000 118.7209
11.0000 114.8322
11.0000 63.3383
11.0000 43.1837
11.0000 86.8534
11.0000 91.5669
11.0000 115.2591
11.0000 46.0316
11.0000 58.9877
11.0000 62.6647
11.0000 72.3918
11.0000 13.3601
11.0000 115.4617
11.0000 109.4243
11.0000 89.3691
11.0000 128.2819
11.0000 89.0859
11.0000 72.3823
11.0000 96.2204
11.0000 64.8772
11.0000 19.9846
11.0000 102.3784
11.0000 61.5622
11.0000 25.0866
11.0000 79.7228
11.0000 117.9689
11.0000 123.0992
11.0000 123.7461
11.0000 25.6125
11.0000 23.4156
11.0000 29.3609
11.0000 12.4493
11.0000 95.5515
11.0000 31.6535
11.0000 29.5399
11.0000 70.5240
11.0000 62.8707
11.0000 56.2811
11.0000 114.3411
11.0000 40.6585
11.0000 74.8243
11.0000 40.7879
11.0000 59.8052
11.0000 28.0437
11.0000 23.9033
11.0000 33.4359
11.0000 110.0099
11.0000 43.9298
11.0000 119.6442
11.0000 89.1869
11.0000 110.0971
11.0000 86.3616
11.0000 93.1081
11.0000 135.5631
11.0000 51.8765
11.0000 59.5782
11.0000 116.4515
11.0000 57.3097
11.0000 117.7010
11.0000 125.1000
11.0000 117.1642
11.0000 33.8613
11.0000 113.3097
11.0000 70.8441
11.0000 89.6458
11.0000 93.6042
11.0000 79.3595
11.0000 48.7416
11.0000 105.5062
11.0000 32.3206
11.0000 26.2582
11.0000 82.1526
11.0000 105.5125
11.0000 138.1473
11.0000 73.9093
11.0000 30.8280
11.0000 70.5236
11.0000 18.4000
11.0000 52.4610
11.0000 115.2169
11.0000 112.2354
11.0000 88.6958
11.0000 32.9640
11.0000 10.9656
11.0000 35.7720
11.0000 73.1135
11.0000 19.4640
11.0000 138.4245
11.0000 89.5845
11.0000 68.3197
11.0000 43.2075
11.0000 81.8563
11.0000 77.0738
11.0000 130.4632
11.0000 100.0732
11.0000 86.9257
11.0000 132.4951
11.0000 49.7317
11.0000 77.3758
11.0000 114.8989
11.0000 77.6006
11.0000 18.9005
11.0000 49.8594
11.0000 6.7038
11.0000 14.3017
11.0000 79.0088
11.0000 55.6629
11.0000 88.9127
11.0000 135.5744
11.0000 85.4884
11.0000 83.4533
11.0000 92.6140
11.0000 127.7577
11.0000 119.9057
11.0000 75.6928
11.0000 94.0094
11.0000 55.8950
11.0000 15.1680
11.0000 125.1528
11.0000 57.6414
11.0000 81.2637
11.0000 18.2815
11.0000 61.8919
11.0000 31.3556
11.0000 28.6743
11.0000 75.4433
11.0000 82.1894
11.0000 42.7315
11.0000 93.7426
11.0000 102.9581
11.0000 116.3642
11.0000 88.4386
11.0000 68.9593
11.0000 90.0964
11.0000 93.1853
11.0000 29.4392
11.0000 35.4755
11.0000 50.2561
11.0000 46.6790
11.0000 114.4474
11.0000 110.1410
11.0000 67.1236
11.0000 53.7609
11.0000 47.1801
11.0000 99.2882
11.0000 93.7043
11.0000 46.7530
11.0000 31.4356
11.0000 102.2946
11.0000 128.6418
11.0000 85.2793
11.0000 41.4617
11.0000 26.4006
11.0000 66.5800
11.0000 31.3654
11.0000 22.7854
11.0000 104.6566
11.0000 44.3215
11.0000 21.7664
11.0000 75.5969
11.0000 21.6808
11.0000 24.8551
11.0000 85.2557
11.0000 25.2740
11.0000 117.0786
11.0000 106.4973
11.0000 86.0498
11.0000 30.5674
11.0000 54.2002
11.0000 56.5276
11.0000 36.7335
11.0000 110.9352
11.0000 22.0248
11.0000 92.4470
11.0000 60.1352
11.0000 40.6692
11.0000 34.1125
11.0000 75.6058
11.0000 102.1858
11.0000 26.8056
11.0000 112.2771
11.0000 80.7485
11.0000 80.8578
11.0000 31.3759
11.0000 114.9092
11.0000 16.1697
11.0000 128.4213
11.0000 93.6509
11.0000 113.4559
11.0000 80.5425
11.0000 89.5078
11.0000 114.1309
11.0000 34.6150
11.0000 109.7805
11.0000 82.0538
11.0000 48.5004
11.0000 127.9089
11.0000 103.5014
11.0000 103.2472
11.0000 51.9939
11.0000 77.6031
11.0000 124.0033
11.0000 105.6202
11.0000 80.2622
11.0000 124.9048
11.0000 136.9819
11.0000 103.9425
11.0000 87.5534
11.0000 84.3213
11.0000 75.6227
11.0000 113.1861
11.0000 33.0407
11.0000 73.0716
11.0000 26.2656
11.0000 62.0111
11.0000 94.8440
11.0000 105.6211
11.0000 18.9015
11.0000 75.3276
11.0000 101.2112
11.0000 99.6080
11.0000 53.4457
11.0000 95.7821
11.0000 133.7245
11.0000 125.6911
11.0000 16.6985
11.0000 65.5018
11.0000 15.6594
11.0000 114.3464
11.0000 109.4149
11.0000 41.7240
11.0000 74.5256
11.0000 121.8789
11.0000 129.3762
11.0000 92.6609
11.0000 37.1389
11.0000 51.5238
11.0000 53.6718
11.0000 67.4513
11.0000 97.4310
11.0000 77.1148
11.0000 107.0135
11.0000 24.8666
11.0000 45.4258
11.0000 114.4530
11.0000 21.7782
11.0000 80.7093
11.0000 98.9205
11.0000 130.5582
11.0000 17.2586
11.0000 96.7480
11.0000 52.2165
11.0000 92.1369
11.0000 104.8688
11.0000 138.6623
11.0000 68.9619
11.0000 25.9262
11.0000 116.1260
11.0000 99.4845
11.0000 38.4560
11.0000 143.1154
11.0000 20.8123
11.0000 55.7745
11.0000 118.3041
11.0000 120.2471
11.0000 102.0596
11.0000 65.2558
11.0000 91.8329
11.0000 116.6796
11.0000 45.4776
11.0000 38.9760
11.0000 106.6584
11.0000 43.2777
11.0000 66.6114
11.0000 94.7673
11.0000 127.3678
11.0000 32.1027
11.0000 92.6769
11.0000 78.9360
11.0000 16.8391
11.0000 30.6773
11.0000 115.2011
11.0000 122.9142
11.0000 98.7625
11.0000 110.0188
11.0000 43.1184
11.0000 24.4176
11.0000 106.4098
11.0000 87.0036
11.0000 73.3592
11.0000 103.4307
11.0000 35.5275
11.0000 82.8689
11.0000 108.5871
11.0000 35.3321
11.0000 91.3319
11.0000 36.5605
11.0000 7.7998
11.0000 139.4681
11.0000 50.2419
11.0000 36.8531
11.0000 128.5113
11.0000 92.5959
11.0000 17.9755
11.0000 36.1947
11.0000 31.7930
11.0000 108.5672
11.0000 40.1373
11.0000 51.2736
11.0000 113.9789
11.0000 86.4088
11.0000 107.8291
11.0000 17.1504
11.0000 14.2228
11.0000 35.0382
11.0000 27.4180
11.0000 92.6832
11.0000 108.0426
11.0000 70.3378
11.0000 46.8523
11.0000 84.0211
11.0000 125.3045
11.0000 41.6364
11.0000 141.0252
11.0000 78.8111
11.0000 91.5871
11.0000 107.2405
11.0000 42.1071
11.0000 63.0347
11.0000 139.7218
11.0000 67.2940
11.0000 30.9120
11.0000 109.8465
11.0000 20.2224
11.0000 86.5380
11.0000 116.2408
11.0000 89.7833
11.0000 59.3691
11.0000 77.1404
11.0000 34.3515
11.0000 122.8863
11.0000 43.1339
11.0000 99.1919
11.0000 24.6627
11.0000 53.8645
11.0000 50.3436
11.0000 96.3150
11.0000 116.3934
11.0000 113.7711
11.0000 0.8728
11.0000 90.0415
11.0000 127.3140
11.0000 77.0973
11.0000 101.4245
11.0000 99.1089
11.0000 14.4358
11.0000 40.6512
11.0000 81.6631
11.0000 91.8948
11.0000 139.1563
11.0000 91.5733
11.0000 123.0035
11.0000 116.2851
11.0000 67.0119
11.0000 121.3853
11.0000 118.2319
11.0000 46.5526
11.0000 19.0142
11.0000 42.6105
11.0000 51.2519
11.0000 16.8741
11.0000 56.9077
11.0000 33.7594
11.0000 44.6873
11.0000 60.2698
11.0000 10.0884
11.0000 100.2936
11.0000 132.0856
11.0000 55.1844
11.0000 139.2046
11.0000 97.9669
11.0000 106.4848
11.0000 80.5637
11.0000 100.9701
11.0000 61.2607
11.0000 51.1922
11.0000 35.6408
11.0000 70.3683
11.0000 124.6723
11.0000 113.2142
11.0000 110.2436
11.0000 103.1693
11.0000 99.5000
11.0000 71.6622
11.0000 37.4428
11.0000 62.3961
11.0000 86.1268
11.0000 124.0720
11.0000 107.7418
11.0000 81.9414
11.0000 47.8163
11.0000 23.9539
11.0000 109.1445
11.0000 93.0082
11.0000 122.5386
11.0000 110.7115
11.0000 140.0022
11.0000 127.0611
11.0000 76.0431
11.0000 110.8646
11.0000 117.9478
11.0000 24.8343
11.0000 50.7824
11.0000 96.7931
11.0000 112.4180
11.0000 81.4770
11.0000 124.3602
11.0000 57.2649
11.0000 109.3535
11.0000 116.3219
11.0000 122.2957
11.0000 22.1863
11.0000 19.9935
11.0000 125.5321
11.0000 50.8606
11.0000 93.4488
11.0000 74.1335
11.0000 119.6839
11.0000 110.9745
11.0000 92.1736
11.0000 69.0457
11.0000 41.9807
11.0000 37.7548
11.0000 134.3295
11.0000 112.6192
11.0000 65.6593
11.0000 136.2390
11.0000 23.1940
11.0000 119.8770
11.0000 57.4002
11.0000 85.1700
11.0000 42.4972
11.0000 118.9322
11.0000 67.1430
11.0000 58.0795
11.0000 75.1762
11.0000 71.7470
11.0000 77.6484
11.0000 73.7825
11.0000 51.3074
