18.0000 66.4692
18.0000 52.4830
18.0000 92.5463
18.0000 79.8952
18.0000 39.7628
18.0000 66.0092
18.0000 31.3560
18.0000 20.0646
18.0000 68.9962
18.0000 24.9538
18.0000 42.4562
18.0000 105.1928
18.0000 49.6509
18.0000 70.7481
18.0000 18.4983
18.0000 80.8240
18.0000 77.1055
18.0000 17.4521
18.0000 77.4200
18.0000 43.4987
18.0000 42.1248
18.0000 8.2031
18.0000 49.0671
18.0000 95.7954
18.0000 73.9742
18.0000 76.2493
18.0000 140.8529
18.0000 71.1093
18.0000 18.7149
18.0000 30.1126
18.0000 64.9973
18.0000 70.7536
18.0000 43.8299
18.0000 38.1603
18.0000 70.3078
18.0000 26.6534
18.0000 38.6866
18.0000 61.3492
18.0000 127.7834
18.0000 42.9705
18.0000 77.8604
18.0000 44.2828
18.0000 45.4882
18.0000 11.9102
18.0000 30.3498
18.0000 55.2672
18.0000 67.0741
18.0000 34.3726
18.0000 87.2234
18.0000 54.6922
18.0000 48.2631
18.0000 74.9940
18.0000 1.9633
18.0000 39.8932
18.0000 17.8015
18.0000 47.3791
18.0000 84.6927
18.0000 31.5098
18.0000 104.2030
18.0000 64.7637
18.0000 53.4798
18.0000 11.3414
18.0000 40.4935
18.0000 89.5580
18.0000 15.2313
18.0000 34.2964
18.0000 24.2754
18.0000 54.6240
18.0000 46.4426
18.0000 51.0706
18.0000 65.7822
18.0000 48.9307
18.0000 27.1998
18.0000 38.1765
18.0000 53.4265
18.0000 6.1035
18.0000 11.6210
18.0000 20.8960
18.0000 12.7643
18.0000 58.7545
18.0000 10.4938
18.0000 64.2613
18.0000 11.8421
18.0000 24.0695
18.0000 102.3216
18.0000 29.3652
18.0000 42.0589
18.0000 16.6631
18.0000 22.9098
18.0000 56.2412
18.0000 16.5985
18.0000 72.9473
18.0000 64.6716
18.0000 89.6810
18.0000 81.6439
18.0000 80.9646
18.0000 61.8194
18.0000 89.2475
18.0000 14.1183
18.0000 57.3573
18.0000 43.1082
18.0000 20.0507
18.0000 27.7916
18.0000 53.4917
18.0000 59.3488
18.0000 76.3727
18.0000 113.8445
18.0000 66.1521
18.0000 72.9764
18.0000 73.5224
18.0000 59.0577
18.0000 38.5369
18.0000 22.6448
18.0000 36.4531
18.0000 22.1640
18.0000 47.4466
18.0000 40.4387
18.0000 45.9991
18.0000 18.1906
18.0000 5.8809
18.0000 66.6968
18.0000 105.5467
18.0000 53.4728
18.0000 52.8735
18.0000 19.0062
18.0000 51.8860
18.0000 78.1902
18.0000 32.9440
18.0000 11.0223
18.0000 47.0102
18.0000 25.7897
18.0000 51.3119
18.0000 56.6035
18.0000 34.6948
18.0000 26.2205
18.0000 55.7265
18.0000 53.9731
18.0000 62.2167
18.0000 93.8063
18.0000 95.9261
18.0000 52.6124
18.0000 43.1873
18.0000 25.1403
18.0000 15.8517
18.0000 59.1981
18.0000 55.5167
18.0000 38.1687
18.0000 31.3903
18.0000 97.6865
18.0000 107.0470
18.0000 35.2616
18.0000 68.1058
18.0000 112.3804
18.0000 16.0711
18.0000 48.8309
18.0000 111.0898
18.0000 21.0770
18.0000 40.8698
18.0000 18.0169
18.0000 46.7864
18.0000 16.2226
18.0000 79.9987
18.0000 36.3155
18.0000 70.0405
18.0000 26.0868
18.0000 14.1611
18.0000 25.0364
18.0000 55.0857
18.0000 46.7698
18.0000 12.7987
18.0000 33.7352
18.0000 35.1329
18.0000 79.2463
18.0000 40.6821
18.0000 28.3562
18.0000 48.0666
18.0000 30.9770
18.0000 32.4970
18.0000 62.5908
18.0000 76.5975
18.0000 101.1300
18.0000 85.3871
18.0000 77.8302
18.0000 18.5434
18.0000 39.5236
18.0000 61.2790
18.0000 48.9232
18.0000 29.8382
18.0000 46.1498
18.0000 74.8457
18.0000 33.4933
18.0000 61.1895
18.0000 109.5246
18.0000 84.0545
18.0000 84.3413
18.0000 36.2332
18.0000 57.0630
18.0000 43.1686
18.0000 55.3630
18.0000 61.0887
18.0000 12.8710
18.0000 56.8455
18.0000 88.8165
18.0000 51.0750
18.0000 91.4111
18.0000 42.6724
18.0000 32.0139
18.0000 41.8327
18.0000 61.9166
18.0000 65.3625
18.0000 96.1615
18.0000 9.0350
18.0000 90.0961
18.0000 49.7743
18.0000 74.2103
18.0000 42.2731
18.0000 36.1006
18.0000 42.9747
18.0000 61.8908
18.0000 21.1654
18.0000 37.0961
18.0000 66.3568
18.0000 35.9873
18.0000 90.9545
18.0000 92.9859
18.0000 24.8037
18.0000 45.8798
18.0000 47.9906
18.0000 125.1430
18.0000 24.0474
18.0000 68.9144
18.0000 100.5731
18.0000 48.7994
18.0000 20.9961
18.0000 35.4466
18.0000 3.2083
18.0000 64.4436
18.0000 92.1420
18.0000 39.8302
18.0000 39.7064
18.0000 61.6598
18.0000 30.0379
18.0000 11.8329
18.0000 43.1323
18.0000 19.5590
18.0000 5.2788
18.0000 55.9220
18.0000 86.3492
18.0000 64.9193
18.0000 32.6869
18.0000 13.5871
18.0000 43.1573
18.0000 42.6702
18.0000 41.4676
18.0000 42.1807
18.0000 96.7970
18.0000 31.1529
18.0000 19.9225
18.0000 113.4246
18.0000 53.4435
18.0000 42.1478
18.0000 102.8295
18.0000 41.2114
18.0000 69.4111
18.0000 5.2142
18.0000 49.1978
18.0000 20.0529
18.0000 96.6258
18.0000 1.9662
18.0000 27.2404
18.0000 134.3572
18.0000 62.0378
18.0000 46.6493
18.0000 32.9578
18.0000 44.2175
18.0000 52.6459
18.0000 39.2055
18.0000 91.2242
18.0000 62.8460
18.0000 41.6952
18.0000 70.4661
18.0000 30.9528
18.0000 82.2056
18.0000 35.9061
18.0000 27.7697
18.0000 37.4638
18.0000 110.9973
18.0000 60.5200
18.0000 46.9026
18.0000 20.5467
18.0000 29.1102
18.0000 92.6948
18.0000 10.9955
18.0000 1.2035
18.0000 15.3654
18.0000 33.2822
18.0000 58.6085
18.0000 79.6563
18.0000 30.3860
18.0000 5.0671
18.0000 61.4021
18.0000 70.7570
18.0000 43.3346
18.0000 43.3050
18.0000 54.3553
18.0000 10.2706
18.0000 21.7495
18.0000 42.5169
18.0000 86.8476
18.0000 23.0373
18.0000 15.8014
18.0000 112.6522
18.0000 70.9534
18.0000 19.8196
18.0000 37.1813
18.0000 29.0456
18.0000 14.5135
18.0000 24.0684
18.0000 27.6454
18.0000 98.5103
18.0000 48.5488
18.0000 82.1979
18.0000 119.4510
18.0000 2.8060
18.0000 21.7548
18.0000 20.0635
18.0000 62.2858
18.0000 88.6149
18.0000 41.0187
18.0000 80.1952
18.0000 56.0163
18.0000 26.8437
18.0000 29.7860
18.0000 28.0722
18.0000 85.5308
18.0000 23.9987
18.0000 47.5597
18.0000 25.3915
18.0000 4.9848
18.0000 46.2290
18.0000 26.4354
18.0000 106.8508
18.0000 89.7739
18.0000 20.1922
18.0000 17.8048
18.0000 15.8746
18.0000 0.8728
18.0000 99.7297
18.0000 28.8515
18.0000 63.8126
18.0000 23.5515
18.0000 33.1289
18.0000 40.7172
18.0000 35.4422
18.0000 58.8177
18.0000 73.6089
18.0000 37.6852
18.0000 42.0253
18.0000 20.0876
18.0000 83.8205
18.0000 29.2006
18.0000 26.2837
18.0000 89.8990
18.0000 38.0486
18.0000 13.1501
18.0000 46.7491
18.0000 75.8589
18.0000 18.9310
18.0000 78.1373
18.0000 69.2920
18.0000 23.9559
18.0000 45.9786
18.0000 7.7732
18.0000 30.5789
18.0000 24.4277
18.0000 57.8673
18.0000 58.0780
18.0000 8.0732
18.0000 79.0838
18.0000 26.6664
18.0000 92.7606
18.0000 35.3554
18.0000 27.0834
18.0000 7.6083
18.0000 76.2274
18.0000 35.2683
18.0000 89.9289
18.0000 73.8032
18.0000 43.0830
18.0000 47.0131
18.0000 49.3036
18.0000 42.6626
18.0000 38.6353
18.0000 26.3713
18.0000 38.4053
18.0000 32.0469
18.0000 26.3040
18.0000 26.2350
18.0000 31.9970
18.0000 48.6826
18.0000 53.1307
18.0000 88.9825
18.0000 28.3944
18.0000 3.7496
18.0000 28.2554
18.0000 57.4303
18.0000 24.3186
18.0000 17.7108
18.0000 69.1244
18.0000 18.4338
18.0000 29.5426
18.0000 50.3338
18.0000 55.9735
18.0000 97.6311
18.0000 53.4694
18.0000 56.3425
18.0000 50.3915
18.0000 34.7675
18.0000 33.9951
18.0000 48.3817
18.0000 89.4165
18.0000 70.9023
18.0000 59.8589
18.0000 17.2046
18.0000 41.1682
18.0000 20.0140
18.0000 24.7298
18.0000 20.7193
18.0000 40.2433
18.0000 105.6532
18.0000 68.5578
18.0000 139.1879
18.0000 27.8222
18.0000 51.5426
18.0000 18.1202
18.0000 34.3964
18.0000 51.4763
18.0000 11.5415
18.0000 66.4221
18.0000 37.0832
18.0000 8.4320
18.0000 17.6860
18.0000 15.5112
18.0000 121.8249
18.0000 68.8451
18.0000 38.6796
18.0000 56.0393
18.0000 50.7225
18.0000 82.6240
18.0000 86.1083
18.0000 17.0898
18.0000 12.9954
18.0000 75.1785
18.0000 57.7998
18.0000 51.8850
18.0000 26.8075
18.0000 45.1573
18.0000 81.5186
18.0000 70.0877
18.0000 15.7237
18.0000 12.0584
18.0000 63.7188
18.0000 100.5762
18.0000 29.0370
18.0000 42.9701
18.0000 9.0754
18.0000 114.2849
18.0000 27.4947
18.0000 39.5168
18.0000 26.8812
18.0000 75.8368
18.0000 13.1086
18.0000 56.7576
18.0000 33.0145
18.0000 69.9599
18.0000 57.4907
18.0000 95.3598
18.0000 79.6335
18.0000 3.4535
18.0000 42.4398
18.0000 32.1820
18.0000 32.0604
18.0000 23.7664
18.0000 30.8680
18.0000 110.2249
18.0000 68.1569
18.0000 65.6678
18.0000 49.8515
18.0000 44.7534
18.0000 113.1271
18.0000 73.4985
18.0000 32.4912
18.0000 8.4290
18.0000 47.2363
18.0000 33.4802
18.0000 20.9050
18.0000 33.1642
18.0000 22.7547
18.0000 26.1217
18.0000 35.3126
18.0000 32.0570
18.0000 121.6670
18.0000 79.2573
18.0000 34.6289
18.0000 46.2705
18.0000 35.6611
18.0000 68.7533
18.0000 49.4247
18.0000 62.9680
18.0000 81.9275
18.0000 24.5448
18.0000 22.9758
18.0000 63.7769
18.0000 9.1670
18.0000 102.7378
18.0000 61.9309
18.0000 88.6999
18.0000 43.6126
18.0000 30.5486
18.0000 51.0977
18.0000 17.0109
18.0000 12.2324
18.0000 43.7152
18.0000 17.4728
18.0000 40.3834
18.0000 13.7127
18.0000 26.6822
18.0000 13.0720
18.0000 70.4290
18.0000 24.6415
18.0000 45.2971
18.0000 10.4083
18.0000 51.3850
18.0000 19.3382
18.0000 68.1612
18.0000 46.8898
18.0000 36.9457
18.0000 20.9028
18.0000 24.8050
18.0000 31.1690
18.0000 56.6558
18.0000 62.7619
18.0000 65.6310
18.0000 22.8593
18.0000 66.4414
18.0000 61.2787
18.0000 64.2827
18.0000 101.6009
18.0000 28.6970
18.0000 74.0257
18.0000 68.3476
18.0000 89.7153
18.0000 19.4177
18.0000 97.8221
18.0000 41.4746
18.0000 29.6093
18.0000 44.3074
18.0000 48.9984
18.0000 21.0563
18.0000 51.3647
18.0000 96.3634
18.0000 139.0259
18.0000 96.0753
18.0000 23.0496
18.0000 92.3432
18.0000 25.9925
18.0000 47.3747
18.0000 51.2989
18.0000 35.5198
18.0000 50.7114
18.0000 38.1758
18.0000 102.1840
18.0000 7.4478
18.0000 63.5029
18.0000 111.0041
18.0000 12.4985
18.0000 35.2921
18.0000 25.1957
18.0000 6.6860
18.0000 64.7395
18.0000 33.3499
18.0000 6.1647
18.0000 51.9957
18.0000 35.6007
18.0000 24.0043
18.0000 39.4647
18.0000 25.0535
18.0000 5.5762
18.0000 49.2012
18.0000 40.3872
18.0000 47.8796
18.0000 21.2986
18.0000 90.2988
18.0000 36.7375
18.0000 11.6011
18.0000 38.9594
18.0000 67.5615
18.0000 19.0615
18.0000 21.4166
18.0000 59.0123
18.0000 98.7150
18.0000 34.1174
18.0000 92.3906
18.0000 3.0978
18.0000 78.4852
18.0000 99.0194
18.0000 32.4209
18.0000 16.6327
18.0000 74.9053
18.0000 22.1196
18.0000 58.9212
18.0000 58.6509
18.0000 39.5742
18.0000 149.5491
18.0000 42.6911
18.0000 45.0841
18.0000 51.4630
18.0000 20.3973
18.0000 44.6286
18.0000 21.9160
18.0000 48.7081
18.0000 44.8033
18.0000 70.3118
18.0000 82.1419
18.0000 25.1900
18.0000 47.2781
18.0000 22.1690
18.0000 59.1803
18.0000 105.1945
18.0000 57.4970
18.0000 52.6536
18.0000 19.1527
18.0000 39.9242
18.0000 73.7787
18.0000 45.4826
18.0000 20.2670
18.0000 32.5839
18.0000 64.7895
18.0000 59.3635
18.0000 57.5484
18.0000 0.8728
18.0000 56.6802
18.0000 47.8360
18.0000 86.5162
18.0000 75.3135
18.0000 56.8147
18.0000 10.6891
18.0000 86.4422
18.0000 101.4680
18.0000 86.6521
18.0000 44.8140
18.0000 24.5755
18.0000 87.0558
18.0000 72.2070
18.0000 57.8714
18.0000 43.9769
18.0000 41.3264
18.0000 12.9871
18.0000 116.0392
18.0000 10.2057
18.0000 94.2029
18.0000 63.3403
18.0000 64.9725
18.0000 74.9827
18.0000 50.9464
18.0000 122.3394
18.0000 105.2506
18.0000 19.1696
18.0000 22.7599
18.0000 38.2367
18.0000 26.6416
18.0000 8.6530
18.0000 64.2550
18.0000 111.6868
18.0000 48.2290
18.0000 36.8552
18.0000 27.3352
18.0000 92.7258
18.0000 54.1399
18.0000 53.1827
18.0000 112.9342
18.0000 33.7785
18.0000 8.6024
18.0000 33.0349
18.0000 27.4822
18.0000 100.2267
18.0000 25.0488
18.0000 58.9518
18.0000 94.3867
18.0000 94.7808
18.0000 24.6026
18.0000 83.2987
18.0000 0.9175
18.0000 53.1031
18.0000 78.3792
18.0000 46.9521
18.0000 54.9850
18.0000 30.0652
18.0000 118.3362
18.0000 70.4016
18.0000 7.4020
18.0000 50.2153
18.0000 20.3122
18.0000 56.9905
18.0000 9.6818
18.0000 106.9770
18.0000 100.1119
18.0000 86.1998
18.0000 41.6608
18.0000 56.8276
18.0000 38.4828
18.0000 45.9245
18.0000 17.7556
18.0000 33.3816
18.0000 132.0315
18.0000 58.8886
18.0000 30.5702
18.0000 55.5812
18.0000 43.7138
18.0000 55.8130
18.0000 106.4921
18.0000 17.0478
18.0000 40.2042
18.0000 47.5906
18.0000 55.2386
18.0000 18.0093
18.0000 15.6446
18.0000 47.2526
18.0000 11.8767
18.0000 44.0700
18.0000 39.2403
18.0000 61.3475
18.0000 67.5111
18.0000 78.9717
18.0000 25.3928
18.0000 29.8088
18.0000 58.8541
18.0000 75.2893
18.0000 90.2079
18.0000 59.0099
18.0000 78.6706
18.0000 69.9182
18.0000 79.8701
18.0000 59.5980
18.0000 25.3985
18.0000 49.4528
18.0000 44.5181
18.0000 62.9023
18.0000 21.5687
18.0000 70.3853
18.0000 12.6212
18.0000 35.2210
18.0000 50.8893
18.0000 16.7604
18.0000 28.8577
18.0000 15.1028
18.0000 57.4442
18.0000 29.8116
18.0000 30.9280
18.0000 33.3008
18.0000 48.7509
18.0000 32.2254
18.0000 55.4466
18.0000 84.3734
18.0000 27.6235
18.0000 46.6665
18.0000 17.0365
18.0000 61.4419
18.0000 51.7140
18.0000 62.6426
18.0000 65.0407
18.0000 23.7473
18.0000 12.5172
18.0000 15.1848
18.0000 128.8571
18.0000 80.3495
18.0000 55.2094
18.0000 46.9424
18.0000 22.1967
18.0000 64.4142
18.0000 104.3024
18.0000 43.9303
18.0000 32.2463
18.0000 18.2590
18.0000 77.4840
18.0000 24.5798
18.0000 102.9598
18.0000 39.4989
18.0000 43.5395
18.0000 41.4139
18.0000 38.6646
18.0000 27.6816
18.0000 16.5501
18.0000 50.8014
18.0000 34.6432
18.0000 34.5087
18.0000 31.8878
18.0000 34.3499
18.0000 64.7628
18.0000 76.4516
18.0000 13.7552
18.0000 60.0361
18.0000 16.9875
18.0000 37.2929
18.0000 76.0529
18.0000 86.7504
18.0000 61.2374
18.0000 29.1141
18.0000 86.0722
18.0000 105.0250
18.0000 43.3713
18.0000 24.8223
18.0000 16.6601
18.0000 143.1805
18.0000 58.6103
18.0000 41.1678
18.0000 48.8900
18.0000 60.1394
18.0000 75.4862
18.0000 49.3816
18.0000 39.9497
18.0000 39.6582
18.0000 33.0974
18.0000 91.0888
18.0000 90.3762
18.0000 33.7600
18.0000 29.2748
18.0000 51.0128
18.0000 25.7002
18.0000 33.9945
18.0000 57.9992
18.0000 36.5866
18.0000 17.0720
18.0000 76.2081
18.0000 26.2302
18.0000 93.8136
18.0000 33.3721
18.0000 8.6989
18.0000 14.0711
18.0000 26.0062
18.0000 20.1260
18.0000 79.8189
18.0000 61.8717
18.0000 33.5318
18.0000 14.3072
18.0000 21.0647
18.0000 16.1694
18.0000 75.2952
18.0000 104.5858
18.0000 23.8296
18.0000 66.8025
18.0000 46.5043
18.0000 114.3888
18.0000 44.0364
18.0000 82.8717
18.0000 23.4415
18.0000 85.2073
18.0000 64.1906
18.0000 58.1566
18.0000 61.4258
18.0000 65.5552
18.0000 115.5969
18.0000 13.5834
18.0000 62.7952
18.0000 60.4322
18.0000 5.7084
18.0000 48.3615
18.0000 56.9964
18.0000 65.7070
18.0000 76.4841
18.0000 67.5549
18.0000 20.0702
18.0000 23.8004
18.0000 87.9895
18.0000 20.5412
18.0000 115.1720
18.0000 24.8530
18.0000 69.7849
18.0000 100.8525
18.0000 65.4198
18.0000 47.0043
18.0000 79.6686
18.0000 58.9944
18.0000 44.6948
18.0000 2.7881
18.0000 47.2932
18.0000 97.3915
18.0000 13.4898
18.0000 17.7578
18.0000 43.0171
18.0000 44.4787
18.0000 92.5149
18.0000 58.5139
18.0000 96.6014
18.0000 68.3678
18.0000 71.6760
18.0000 26.8636
18.0000 59.3704
18.0000 49.6945
18.0000 28.8268
18.0000 42.8372
18.0000 2.4144
18.0000 13.9700
18.0000 28.7126
18.0000 73.5973
18.0000 22.9608
18.0000 12.8213
18.0000 52.6390
18.0000 79.0105
18.0000 38.7004
18.0000 41.3769
18.0000 75.4569
18.0000 12.0132
18.0000 107.1625
18.0000 53.5112
18.0000 42.9756
18.0000 55.0466
18.0000 48.2686
18.0000 2.0417
18.0000 67.0341
18.0000 61.3374
18.0000 44.9770
18.0000 42.3487
18.0000 121.9524
18.0000 39.0036
18.0000 58.2378
18.0000 38.5942
18.0000 61.5266
18.0000 35.2936
18.0000 62.1285
18.0000 12.4046
18.0000 55.0373
18.0000 14.2521
18.0000 66.7325
18.0000 24.3381
18.0000 35.4619
18.0000 35.9105
18.0000 47.0251
18.0000 43.8824
18.0000 76.9671
18.0000 36.8109
18.0000 63.8777
18.0000 46.4302
18.0000 32.8963
18.0000 11.1759
18.0000 35.1879
18.0000 73.8759
18.0000 32.7627
18.0000 45.1565
18.0000 85.9907
18.0000 86.4979
18.0000 52.6149
18.0000 20.8601
18.0000 74.2020
18.0000 40.1593
18.0000 9.2033
18.0000 80.2961
18.0000 14.5116
18.0000 98.5078
18.0000 12.9874
18.0000 48.9274
18.0000 34.1248
18.0000 37.8148
18.0000 75.4627
18.0000 35.7138
18.0000 81.4456
18.0000 14.4999
18.0000 51.3473
18.0000 103.8900
18.0000 49.3653
18.0000 44.2674
18.0000 36.7958
18.0000 95.6640
18.0000 80.0284
18.0000 84.4697
18.0000 43.3993
18.0000 22.5100
18.0000 79.6092
18.0000 36.2569
18.0000 13.4459
18.0000 49.3601
18.0000 43.8098
18.0000 93.5362
18.0000 44.7911
18.0000 103.4384
18.0000 60.7850
18.0000 15.5347
18.0000 61.3462
18.0000 92.6288
18.0000 101.6139
18.0000 63.8541
18.0000 103.0577
18.0000 53.0936
18.0000 56.2066
18.0000 64.6806
18.0000 14.0780
18.0000 34.9924
18.0000 60.9721
18.0000 28.1619
18.0000 38.0278
18.0000 41.4686
18.0000 39.6660
18.0000 43.2740
18.0000 51.2370
18.0000 33.1054
18.0000 85.2204
18.0000 79.9895
18.0000 40.7178
18.0000 49.4923
18.0000 79.5810
18.0000 15.7239
18.0000 11.6982
18.0000 43.6858
18.0000 31.8871
18.0000 46.6521
18.0000 20.6442
18.0000 78.3488
18.0000 55.7041
18.0000 63.9763
18.0000 25.4886
18.0000 68.6745
18.0000 24.9672
18.0000 66.7279
18.0000 25.3428
18.0000 7.8678
18.0000 11.4380
18.0000 51.6330
18.0000 101.1305
18.0000 41.4516
18.0000 74.0269
18.0000 46.1618
18.0000 20.1547
18.0000 39.9069
18.0000 41.8426
18.0000 48.8725
18.0000 39.7232
18.0000 23.9002
18.0000 24.9842
18.0000 75.7238
18.0000 91.5017
18.0000 73.6146
18.0000 110.1855
18.0000 35.0095
18.0000 50.5535
18.0000 80.9456
18.0000 20.4797
18.0000 5.6999
18.0000 18.3867
18.0000 21.5268
18.0000 73.5556
18.0000 66.8963
18.0000 22.2707
18.0000 89.5140
18.0000 13.5020
18.0000 14.2515
18.0000 40.8148
18.0000 32.4482
18.0000 30.1606
18.0000 53.6378
18.0000 61.4159
18.0000 12.3411
18.0000 31.5860
18.0000 54.6971
18.0000 21.0779
18.0000 40.0411
18.0000 17.8010
18.0000 75.9496
18.0000 36.7339
18.0000 57.7983
18.0000 62.0028
18.0000 31.2765
18.0000 46.0739
18.0000 14.0821
18.0000 62.3787
18.0000 48.9742
18.0000 122.8300
18.0000 62.9406
18.0000 63.5594
18.0000 21.0071
18.0000 43.5507
18.0000 69.3810
18.0000 51.5151
18.0000 91.9931
18.0000 83.3012
18.0000 20.1625
18.0000 59.3380
18.0000 69.0605
18.0000 56.4539
18.0000 10.8649
18.0000 93.2472
18.0000 28.9700
18.0000 22.3802
18.0000 51.2410
18.0000 37.6606
18.0000 68.7377
18.0000 51.8731
18.0000 72.9327
18.0000 58.0387
18.0000 76.5742
18.0000 27.7132
18.0000 66.6129
18.0000 147.4361
18.0000 31.7427
18.0000 46.8115
18.0000 105.7076
18.0000 58.7627
18.0000 78.0013
18.0000 94.8117
18.0000 58.7414
18.0000 83.7748
18.0000 62.9328
18.0000 72.5047
18.0000 40.9021
18.0000 13.3180
18.0000 15.9461
18.0000 25.6378
18.0000 3.0210
18.0000 35.7915
18.0000 35.1004
18.0000 81.9898
18.0000 115.5941
18.0000 15.4214
18.0000 64.4111
18.0000 27.4429
18.0000 84.9941
18.0000 29.9578
18.0000 19.1154
18.0000 33.8918
18.0000 46.8234
18.0000 13.8149
18.0000 66.1969
18.0000 87.9129
18.0000 73.3117
18.0000 53.1194
18.0000 77.8254
18.0000 73.6421
18.0000 20.6387
18.0000 81.2158
18.0000 9.0440
18.0000 92.4812
18.0000 31.6780
18.0000 80.9210
18.0000 25.0486
18.0000 27.9552
18.0000 60.6890
18.0000 37.1858
18.0000 46.0634
18.0000 44.2299
18.0000 37.1001
18.0000 44.2583
18.0000 46.0854
18.0000 53.6219
18.0000 28.7884
18.0000 66.5658
18.0000 62.2862
18.0000 22.1336
18.0000 65.2116
18.0000 69.8323
18.0000 14.9129
18.0000 31.4414
18.0000 66.6153
18.0000 43.9695
18.0000 28.5173
18.0000 52.2449
18.0000 56.6700
18.0000 48.2200
18.0000 13.1631
18.0000 66.1825
18.0000 31.1815
18.0000 50.1331
18.0000 10.0570
18.0000 48.3285
18.0000 20.2101
18.0000 38.0986
18.0000 28.1451
18.0000 50.9004
18.0000 37.5227
18.0000 67.9147
18.0000 44.9574
18.0000 41.5066
18.0000 43.4007
18.0000 57.9143
18.0000 107.1565
18.0000 51.0527
18.0000 52.8154
18.0000 55.1338
18.0000 8.7785
18.0000 84.1725
18.0000 63.3275
18.0000 46.6725
18.0000 90.9722
18.0000 76.3347
18.0000 27.2968
18.0000 83.4427
18.0000 65.8619
18.0000 33.6415
18.0000 74.2555
18.0000 15.9053
18.0000 64.3833
18.0000 57.3114
18.0000 42.9927
18.0000 19.5130
18.0000 40.1606
18.0000 78.1419
18.0000 53.9397
18.0000 14.2617
18.0000 88.8960
18.0000 46.3814
18.0000 12.1107
18.0000 47.9411
18.0000 77.2845
18.0000 48.7855
18.0000 22.9724
18.0000 32.6782
18.0000 67.9118
18.0000 40.3823
18.0000 16.6587
18.0000 36.1366
18.0000 80.4105
18.0000 40.7882
18.0000 30.8284
18.0000 42.5655
18.0000 28.2871
18.0000 46.1345
18.0000 28.4439
18.0000 25.3907
18.0000 84.6818
18.0000 32.0216
18.0000 19.9940
18.0000 28.9481
18.0000 19.7727
18.0000 59.8239
18.0000 119.1324
18.0000 51.9008
18.0000 119.4351
18.0000 88.8738
18.0000 25.5058
18.0000 16.1912
18.0000 55.6146
18.0000 39.3670
18.0000 63.3074
18.0000 57.7287
18.0000 69.6447
18.0000 89.3105
18.0000 24.1659
18.0000 26.9355
18.0000 3.5210
18.0000 28.2585
18.0000 31.2272
18.0000 40.1185
18.0000 60.8604
18.0000 26.8923
18.0000 45.8816
18.0000 42.4406
18.0000 15.4212
18.0000 31.1583
18.0000 34.2956
18.0000 58.5706
18.0000 50.7038
18.0000 135.2629
18.0000 40.0162
18.0000 40.1560
18.0000 19.2430
18.0000 93.5125
18.0000 59.4438
18.0000 72.0404
18.0000 70.9097
18.0000 69.0307
18.0000 20.0726
18.0000 32.0641
18.0000 59.1883
18.0000 35.7364
18.0000 51.5842
18.0000 70.9488
18.0000 42.2260
18.0000 30.8279
18.0000 19.6054
18.0000 93.0695
18.0000 17.0600
18.0000 24.9235
18.0000 36.3270
18.0000 23.7076
18.0000 18.8393
18.0000 92.9038
18.0000 45.2460
18.0000 70.2974
18.0000 28.5114
18.0000 43.7138
18.0000 90.1698
18.0000 37.1177
18.0000 23.0988
18.0000 2.8509
18.0000 34.8056
18.0000 58.3237
18.0000 13.4361
18.0000 35.3695
18.0000 15.6408
18.0000 72.4699
18.0000 21.8903
18.0000 64.9966
18.0000 76.2715
18.0000 47.7000
18.0000 120.0750
18.0000 21.6477
18.0000 104.1030
18.0000 54.5931
18.0000 38.4839
18.0000 38.9133
18.0000 40.7496
18.0000 20.0969
18.0000 53.6733
18.0000 25.2410
18.0000 51.5084
18.0000 81.0863
18.0000 38.5161
18.0000 82.9138
18.0000 63.3443
18.0000 43.7364
18.0000 31.6045
18.0000 65.3898
18.0000 106.3768
18.0000 22.0830
18.0000 22.7707
18.0000 20.1728
18.0000 51.3108
18.0000 13.8247
18.0000 33.8736
18.0000 4.6691
18.0000 61.7603
18.0000 62.2152
18.0000 121.1361
18.0000 65.4101
18.0000 25.2029
18.0000 22.7503
18.0000 24.3906
18.0000 50.7467
18.0000 26.2555
18.0000 83.2255
18.0000 104.1463
18.0000 35.9296
18.0000 22.2340
18.0000 42.0969
18.0000 79.6918
18.0000 33.2893
18.0000 71.3504
18.0000 107.7674
18.0000 56.6672
18.0000 57.4193
18.0000 37.8782
18.0000 50.5931
18.0000 73.9336
18.0000 33.7561
18.0000 53.3861
18.0000 79.4638
18.0000 67.3000
18.0000 10.3145
18.0000 38.2621
18.0000 49.7659
18.0000 58.2102
18.0000 27.4470
18.0000 44.9364
18.0000 22.8180
18.0000 19.1804
18.0000 5.4680
18.0000 103.4783
18.0000 16.9358
18.0000 30.1753
18.0000 45.0123
18.0000 111.7595
18.0000 88.5864
18.0000 54.0762
18.0000 9.5070
18.0000 74.0323
18.0000 47.1805
18.0000 40.9219
18.0000 33.0151
18.0000 52.5199
18.0000 87.4720
18.0000 34.4788
18.0000 22.8796
18.0000 95.8357
18.0000 95.0190
18.0000 40.5777
18.0000 26.1872
18.0000 27.0135
18.0000 23.2308
18.0000 26.8391
18.0000 56.9071
18.0000 88.4218
18.0000 56.0470
18.0000 50.0428
18.0000 40.9364
18.0000 48.9306
18.0000 9.4927
18.0000 33.6717
18.0000 103.0371
18.0000 71.1215
18.0000 42.6765
18.0000 28.2227
18.0000 35.2113
18.0000 63.6679
18.0000 62.0378
18.0000 51.4232
18.0000 110.0377
18.0000 29.4767
18.0000 50.8653
18.0000 20.0547
18.0000 14.0147
18.0000 34.2202
18.0000 79.3721
18.0000 58.2299
18.0000 76.6252
18.0000 39.2435
18.0000 106.8318
18.0000 31.8928
18.0000 51.9748
18.0000 83.1370
18.0000 12.2785
18.0000 74.4316
18.0000 19.3368
18.0000 23.0853
18.0000 12.8007
18.0000 5.1703
18.0000 96.4921
18.0000 35.4858
18.0000 49.9710
18.0000 30.4825
18.0000 15.9198
18.0000 39.7976
18.0000 86.6392
18.0000 57.1334
18.0000 16.1416
18.0000 25.3251
18.0000 21.4156
18.0000 49.6678
18.0000 21.2638
18.0000 27.3476
18.0000 75.3222
18.0000 34.6932
18.0000 18.4675
18.0000 36.5754
18.0000 66.5942
18.0000 12.0281
18.0000 107.6524
18.0000 8.6640
18.0000 94.8616
18.0000 45.7334
18.0000 56.5944
18.0000 16.4301
18.0000 4.5934
18.0000 20.6820
18.0000 97.6845
18.0000 35.2267
18.0000 18.4838
18.0000 31.2019
18.0000 8.3883
18.0000 69.5463
18.0000 60.6428
18.0000 116.4357
18.0000 11.1509
18.0000 43.0834
18.0000 81.3079
18.0000 38.0466
18.0000 100.9013
18.0000 6.5168
18.0000 59.2487
18.0000 40.0282
18.0000 33.3076
18.0000 70.3519
18.0000 3.1593
18.0000 37.9192
18.0000 87.7350
18.0000 35.8692
18.0000 37.8148
18.0000 19.5727
18.0000 9.4712
18.0000 19.3315
18.0000 69.5313
18.0000 55.1155
18.0000 69.7355
18.0000 74.6118
18.0000 133.3054
18.0000 56.2879
18.0000 38.7013
18.0000 90.9453
18.0000 18.8293
18.0000 43.8227
18.0000 27.0756
18.0000 37.7997
18.0000 56.7118
18.0000 31.7196
18.0000 51.8753
18.0000 10.5615
18.0000 15.7526
18.0000 44.7680
18.0000 49.1043
18.0000 20.8104
18.0000 69.6126
18.0000 28.9685
18.0000 21.4149
18.0000 75.1869
18.0000 46.1791
18.0000 112.6644
18.0000 108.4979
18.0000 19.8545
18.0000 10.1874
18.0000 34.6604
18.0000 15.2805
18.0000 38.4310
18.0000 58.7889
18.0000 12.9090
18.0000 35.9859
18.0000 123.6744
18.0000 16.1469
18.0000 57.7134
18.0000 39.3961
18.0000 30.9305
18.0000 65.2507
18.0000 54.9123
18.0000 82.7642
18.0000 77.6633
18.0000 88.8044
18.0000 2.4313
18.0000 61.4394
18.0000 17.8302
18.0000 47.2769
18.0000 76.8705
18.0000 34.7785
18.0000 35.5831
18.0000 61.3343
18.0000 62.2892
18.0000 12.1650
18.0000 101.6005
18.0000 44.2090
18.0000 15.3553
18.0000 35.4000
18.0000 18.5154
18.0000 33.4215
18.0000 20.8917
18.0000 14.9289
18.0000 21.5572
18.0000 17.5213
18.0000 92.7212
18.0000 19.5211
18.0000 44.4266
18.0000 53.2349
18.0000 37.2522
18.0000 64.5214
18.0000 35.4108
18.0000 46.4135
18.0000 44.8992
18.0000 33.8323
18.0000 72.7464
18.0000 39.6229
18.0000 6.9942
18.0000 28.5138
18.0000 58.1944
18.0000 29.7881
18.0000 75.4210
18.0000 28.9261
18.0000 20.4727
18.0000 79.9025
18.0000 6.3148
18.0000 65.2053
18.0000 18.4898
18.0000 7.0773
18.0000 16.5774
18.0000 55.0542
18.0000 38.4002
18.0000 47.8522
18.0000 70.2455
18.0000 107.0364
18.0000 38.3049
18.0000 123.7495
18.0000 32.5836
18.0000 113.4970
18.0000 18.6687
18.0000 11.7471
18.0000 17.0006
18.0000 9.6054
18.0000 26.5972
18.0000 96.5020
18.0000 72.5516
18.0000 38.5654
18.0000 42.5350
18.0000 14.5736
18.0000 10.2386
18.0000 97.5786
18.0000 113.6539
18.0000 19.8417
18.0000 80.2022
18.0000 29.5169
18.0000 26.5914
18.0000 44.6086
18.0000 43.5883
18.0000 12.1530
18.0000 44.3618
18.0000 1.0311
18.0000 70.3568
18.0000 58.4138
18.0000 49.5579
18.0000 13.9528
18.0000 51.1544
18.0000 52.0403
18.0000 6.9570
18.0000 24.3296
18.0000 48.9596
18.0000 85.5880
18.0000 54.9913
18.0000 15.9570
18.0000 71.4183
18.0000 25.6859
18.0000 24.5914
18.0000 114.4044
18.0000 70.8200
18.0000 26.5683
18.0000 74.5161
18.0000 76.5903
18.0000 21.5586
18.0000 23.4401
18.0000 35.1552
18.0000 10.9735
18.0000 80.0883
18.0000 57.1362
18.0000 9.2158
18.0000 39.1668
18.0000 19.6777
18.0000 53.9417
18.0000 29.7363
18.0000 48.0979
18.0000 76.7732
18.0000 51.8840
18.0000 45.0089
18.0000 49.7711
18.0000 34.2648
18.0000 80.7021
18.0000 26.2457
18.0000 60.7997
18.0000 70.4321
18.0000 29.1517
18.0000 24.3477
18.0000 34.2376
18.0000 77.4135
18.0000 33.8634
18.0000 51.2254
18.0000 73.3031
18.0000 66.4053
18.0000 18.5982
18.0000 46.7143
18.0000 98.5450
18.0000 71.3592
18.0000 55.9129
18.0000 63.0903
18.0000 69.4389
18.0000 10.1569
18.0000 73.8910
18.0000 51.5780
18.0000 68.8990
18.0000 42.6525
18.0000 63.6367
18.0000 50.4332
18.0000 32.5622
18.0000 13.9394
18.0000 82.0010
18.0000 9.7966
18.0000 56.0875
18.0000 48.1620
18.0000 58.7442
18.0000 35.9394
18.0000 86.2680
18.0000 37.6579
18.0000 61.3090
18.0000 98.2515
18.0000 38.5730
18.0000 62.2860
18.0000 108.0992
18.0000 38.4696
18.0000 74.0909
18.0000 49.8136
18.0000 29.5913
18.0000 46.7520
18.0000 58.6258
18.0000 59.8853
18.0000 3.1052
18.0000 113.3285
18.0000 6.8038
18.0000 38.5118
18.0000 17.5918
18.0000 47.7454
18.0000 60.6152
18.0000 23.5564
18.0000 25.2116
18.0000 32.8377
18.0000 53.7015
18.0000 71.9649
18.0000 17.6850
18.0000 43.0935
18.0000 37.2386
18.0000 46.3630
18.0000 66.1151
18.0000 17.0742
18.0000 59.0381
18.0000 70.8076
18.0000 65.0656
18.0000 105.4517
18.0000 33.2186
18.0000 38.0364
18.0000 20.2921
18.0000 36.3180
18.0000 44.0843
18.0000 27.7234
18.0000 113.5099
18.0000 59.2413
18.0000 32.0420
18.0000 115.3384
18.0000 37.6369
18.0000 82.3671
18.0000 109.2593
18.0000 41.8503
18.0000 108.0572
18.0000 48.1147
18.0000 24.0465
18.0000 91.9502
18.0000 38.5907
18.0000 34.2601
18.0000 6.5038
18.0000 103.6989
18.0000 86.4620
18.0000 80.5051
18.0000 64.9802
18.0000 99.0750
18.0000 20.7644
18.0000 69.2307
18.0000 29.2852
18.0000 48.0465
18.0000 19.1464
18.0000 27.6463
18.0000 21.5278
18.0000 9.4610
18.0000 25.2308
18.0000 37.0021
18.0000 29.0208
18.0000 31.0148
18.0000 53.9091
18.0000 31.6595
18.0000 109.4683
18.0000 25.4190
18.0000 20.5910
18.0000 35.0405
18.0000 41.6625
18.0000 35.9571
18.0000 76.3395
18.0000 30.2603
18.0000 124.3642
18.0000 74.5828
18.0000 40.4653
18.0000 53.3475
18.0000 13.4239
18.0000 38.9454
18.0000 84.3686
18.0000 64.3528
18.0000 93.9397
18.0000 86.6928
18.0000 20.9363
18.0000 17.1447
18.0000 16.8896
18.0000 30.0557
18.0000 99.0107
18.0000 12.2406
18.0000 21.8888
18.0000 9.9619
18.0000 31.6750
18.0000 12.7932
18.0000 32.5759
18.0000 36.0879
18.0000 18.1919
18.0000 42.4228
18.0000 62.0117
18.0000 86.8901
18.0000 17.5112
18.0000 29.6254
18.0000 19.2967
18.0000 50.2543
18.0000 34.9541
18.0000 77.3778
18.0000 39.1427
18.0000 3.3645
18.0000 100.5161
18.0000 24.5980
18.0000 64.5770
18.0000 36.5941
18.0000 38.1432
18.0000 40.2876
18.0000 73.4587
18.0000 28.5044
18.0000 12.1986
18.0000 67.1816
18.0000 17.3358
18.0000 71.7319
18.0000 47.1218
18.0000 39.3615
18.0000 86.7325
18.0000 37.0356
18.0000 52.3523
18.0000 88.7052
18.0000 28.4488
18.0000 48.5112
18.0000 97.0825
18.0000 8.9784
18.0000 38.8550
18.0000 59.6378
18.0000 83.9184
18.0000 23.9774
18.0000 45.4376
18.0000 114.0823
18.0000 42.8778
18.0000 114.3130
18.0000 7.4730
18.0000 84.2556
18.0000 34.3766
18.0000 55.3271
18.0000 42.5891
18.0000 19.7126
18.0000 64.4967
18.0000 30.4754
18.0000 66.5193
18.0000 11.6953
18.0000 45.0545
18.0000 37.1568
18.0000 27.3026
18.0000 26.7163
18.0000 3.1583
18.0000 25.9528
18.0000 17.4019
18.0000 91.4105
18.0000 99.1009
18.0000 44.2935
18.0000 77.2926
18.0000 39.2748
18.0000 69.7609
18.0000 55.1077
18.0000 18.9222
18.0000 57.3707
18.0000 58.9919
18.0000 15.2811
18.0000 76.0001
18.0000 55.9975
18.0000 32.1415
18.0000 65.7965
18.0000 46.9237
18.0000 101.5325
18.0000 44.9845
18.0000 55.3419
18.0000 99.2871
18.0000 30.6142
18.0000 8.7161
18.0000 114.5784
18.0000 26.6800
18.0000 32.6016
18.0000 88.3257
18.0000 15.9077
18.0000 62.2977
18.0000 39.5464
18.0000 71.4277
18.0000 60.9169
18.0000 13.2961
18.0000 7.8026
18.0000 44.9314
18.0000 74.6766
18.0000 22.9559
18.0000 57.1371
18.0000 26.7292
18.0000 89.5161
18.0000 41.1553
18.0000 17.0031
18.0000 3.9690
18.0000 47.0222
18.0000 91.4313
18.0000 36.0680
18.0000 23.5530
18.0000 104.1421
18.0000 86.8310
18.0000 20.9421
18.0000 53.6275
18.0000 38.3700
18.0000 63.1781
18.0000 73.7370
18.0000 62.3901
18.0000 62.8902
18.0000 98.9731
18.0000 102.1308
18.0000 14.0324
18.0000 25.6604
18.0000 49.6352
18.0000 21.1241
18.0000 48.9008
18.0000 67.5692
18.0000 79.7019
18.0000 36.1413
18.0000 35.0487
18.0000 33.6831
18.0000 46.5656
18.0000 92.6654
18.0000 20.6341
18.0000 60.6043
18.0000 54.5048
18.0000 43.9723
18.0000 43.6743
18.0000 109.8226
18.0000 41.8102
18.0000 34.0305
18.0000 17.5566
18.0000 51.1033
18.0000 46.7177
18.0000 43.4878
18.0000 62.6663
18.0000 23.6823
18.0000 20.5487
18.0000 98.8520
18.0000 35.3169
18.0000 101.0055
18.0000 25.0397
18.0000 13.8489
18.0000 65.0026
18.0000 23.7237
18.0000 29.6392
18.0000 41.8259
18.0000 48.0302
18.0000 47.8757
18.0000 51.6618
18.0000 116.0216
18.0000 67.4852
18.0000 42.9037
18.0000 50.2248
18.0000 36.6668
18.0000 20.2904
18.0000 63.9714
18.0000 68.0270
18.0000 59.0856
18.0000 72.2315
18.0000 48.0029
18.0000 13.4973
18.0000 111.6937
18.0000 36.1025
18.0000 21.7698
18.0000 20.3787
18.0000 45.1333
18.0000 44.2345
18.0000 64.5624
18.0000 21.5893
18.0000 74.7725
18.0000 52.1809
18.0000 39.4447
18.0000 50.2908
18.0000 38.3203
18.0000 79.2800
18.0000 17.5818
18.0000 22.3999
18.0000 10.8179
18.0000 36.1263
18.0000 36.1554
18.0000 13.6802
18.0000 23.7076
18.0000 105.4715
18.0000 6.4737
18.0000 43.4037
18.0000 45.7959
18.0000 28.2667
18.0000 26.2936
18.0000 57.9697
18.0000 41.6602
18.0000 91.7948
18.0000 68.1182
18.0000 29.7376
18.0000 32.4333
18.0000 50.3154
18.0000 76.2041
18.0000 90.3238
18.0000 56.3992
18.0000 51.7313
18.0000 37.1800
18.0000 33.3331
18.0000 6.2619
18.0000 27.3352
18.0000 28.8084
18.0000 69.2951
18.0000 19.0660
18.0000 65.9915
18.0000 77.9687
18.0000 53.5218
18.0000 28.5670
18.0000 79.1811
18.0000 47.1959
18.0000 31.7874
18.0000 49.1813
18.0000 28.1367
18.0000 30.8766
18.0000 66.0247
18.0000 60.2615
18.0000 5.4462
18.0000 38.4701
18.0000 62.0350
18.0000 16.6178
18.0000 36.3997
18.0000 60.8442
18.0000 61.1188
18.0000 42.9678
18.0000 48.4307
18.0000 71.0454
18.0000 130.9304
18.0000 2.7878
18.0000 82.6194
18.0000 78.4347
18.0000 87.7550
18.0000 21.3057
18.0000 91.0185
18.0000 54.6477
18.0000 38.7575
18.0000 46.3779
18.0000 38.7851
18.0000 28.7334
18.0000 56.1033
18.0000 36.3029
18.0000 19.4207
18.0000 63.0062
18.0000 19.2835
18.0000 11.3910
18.0000 17.6105
18.0000 62.6275
18.0000 7.1095
18.0000 15.6663
18.0000 46.4492
18.0000 19.7805
18.0000 18.0564
18.0000 12.2537
18.0000 92.5654
18.0000 67.7718
18.0000 50.9840
18.0000 111.5730
18.0000 8.3984
18.0000 59.6118
18.0000 87.3522
18.0000 16.0147
18.0000 51.5162
18.0000 48.9341
18.0000 48.3660
18.0000 37.6387
18.0000 13.9000
18.0000 11.2749
18.0000 37.6827
18.0000 49.7254
18.0000 28.5516
18.0000 36.3533
18.0000 37.6728
18.0000 23.7789
18.0000 36.1025
18.0000 50.5635
18.0000 6.7170
18.0000 24.7173
18.0000 36.4868
18.0000 24.6560
18.0000 18.9608
18.0000 54.9425
18.0000 24.1943
18.0000 37.7689
18.0000 26.7527
18.0000 53.2379
18.0000 48.3010
18.0000 27.4624
18.0000 84.3415
18.0000 70.8665
18.0000 5.7026
18.0000 17.5053
18.0000 12.7371
18.0000 88.2109
18.0000 27.2764
18.0000 109.2236
18.0000 58.2789
18.0000 52.4460
18.0000 73.4916
18.0000 114.2486
18.0000 66.1719
18.0000 70.9962
18.0000 37.9641
18.0000 51.2692
18.0000 61.4476
18.0000 34.6610
18.0000 27.9133
18.0000 36.6760
18.0000 28.2405
18.0000 60.2470
18.0000 87.9012
18.0000 11.8469
18.0000 98.8633
18.0000 39.9733
18.0000 105.0777
18.0000 56.6345
18.0000 8.9137
18.0000 74.4243
18.0000 40.7363
18.0000 46.9545
18.0000 10.9602
18.0000 13.2924
18.0000 84.4757
18.0000 41.4727
18.0000 63.5913
18.0000 46.6454
18.0000 40.0969
18.0000 20.2320
18.0000 91.3841
18.0000 4.8660
18.0000 51.8803
18.0000 29.4985
18.0000 102.3180
18.0000 61.9946
18.0000 59.7266
18.0000 22.7006
18.0000 88.3274
18.0000 28.7379
18.0000 44.0952
18.0000 53.4987
18.0000 19.4822
18.0000 44.2118
18.0000 1.7351
18.0000 75.6633
18.0000 43.1462
18.0000 69.0823
18.0000 72.3919
18.0000 61.6687
18.0000 24.3060
18.0000 14.0233
18.0000 10.0268
18.0000 34.4789
18.0000 98.9075
18.0000 76.9714
18.0000 55.4150
18.0000 32.4364
18.0000 87.0246
18.0000 12.0395
18.0000 25.8105
18.0000 74.0346
18.0000 42.8856
18.0000 8.1297
18.0000 18.8002
18.0000 20.0952
18.0000 62.8662
18.0000 14.1199
18.0000 52.9667
18.0000 86.3147
18.0000 36.9972
18.0000 66.4001
18.0000 49.3913
18.0000 65.9315
18.0000 89.2433
18.0000 17.8053
18.0000 58.0216
18.0000 60.2655
18.0000 31.2967
18.0000 23.8742
18.0000 56.2252
18.0000 73.7899
18.0000 114.0111
18.0000 20.8485
18.0000 78.4823
18.0000 18.5479
18.0000 51.7550
18.0000 38.8343
18.0000 26.9512
18.0000 60.3089
18.0000 50.3823
18.0000 123.0238
18.0000 66.7259
18.0000 62.9344
18.0000 27.5160
18.0000 88.7279
18.0000 4.7166
18.0000 82.1821
18.0000 83.6836
18.0000 18.5600
18.0000 80.3516
18.0000 4.9693
18.0000 24.4225
18.0000 22.0570
18.0000 29.8143
18.0000 31.6881
18.0000 14.4729
18.0000 11.7840
18.0000 71.2495
18.0000 85.4702
18.0000 104.3962
18.0000 71.2836
18.0000 80.4484
18.0000 28.1708
18.0000 113.3403
18.0000 5.4895
18.0000 38.9368
18.0000 95.1552
18.0000 25.5736
18.0000 57.6707
18.0000 69.3227
18.0000 73.8694
18.0000 40.8872
18.0000 80.0940
18.0000 28.3545
18.0000 11.0387
18.0000 84.4912
18.0000 12.2496
18.0000 22.0093
18.0000 40.9586
18.0000 112.8006
18.0000 37.2806
18.0000 69.4071
18.0000 37.1908
18.0000 71.5479
18.0000 37.3576
18.0000 131.0403
18.0000 31.6696
18.0000 65.7602
18.0000 80.0800
18.0000 53.4785
18.0000 36.7886
18.0000 67.3791
18.0000 10.1647
18.0000 38.9728
18.0000 94.1703
18.0000 46.3634
18.0000 16.2984
18.0000 52.6867
18.0000 57.2067
18.0000 25.0295
18.0000 112.9527
18.0000 35.4364
18.0000 64.8521
18.0000 45.9833
18.0000 43.1069
18.0000 25.0004
18.0000 47.4138
18.0000 10.2977
18.0000 83.9362
18.0000 27.9856
18.0000 14.2822
18.0000 43.1559
18.0000 28.3853
18.0000 14.5378
18.0000 33.0089
18.0000 92.8769
18.0000 26.8655
18.0000 19.4943
18.0000 74.8442
18.0000 86.9890
18.0000 53.7692
18.0000 70.8269
18.0000 122.2277
18.0000 35.9514
18.0000 78.6512
18.0000 30.9025
18.0000 41.6412
18.0000 116.1373
18.0000 102.3438
18.0000 29.8896
18.0000 97.6578
18.0000 34.7128
18.0000 47.6535
18.0000 25.8019
18.0000 16.5020
18.0000 16.3601
18.0000 30.5017
18.0000 39.2895
18.0000 45.5277
18.0000 61.0435
18.0000 21.6435
18.0000 21.5106
18.0000 75.4831
18.0000 27.2838
18.0000 123.4194
18.0000 15.8174
18.0000 106.8943
18.0000 38.4481
18.0000 23.5408
18.0000 17.2485
18.0000 16.6956
18.0000 119.9275
18.0000 100.4707
18.0000 10.6978
18.0000 12.6351
18.0000 11.9709
18.0000 12.0878
18.0000 41.4885
18.0000 43.7959
18.0000 52.4243
18.0000 79.7235
18.0000 26.4256
18.0000 41.3285
18.0000 60.8545
18.0000 15.6838
18.0000 56.9752
18.0000 135.7155
18.0000 28.6361
18.0000 31.5067
18.0000 25.3274
18.0000 40.9263
18.0000 21.1184
18.0000 24.6138
18.0000 55.2263
18.0000 50.5091
18.0000 24.1186
18.0000 29.6300
18.0000 40.0567
18.0000 120.6666
18.0000 47.5674
18.0000 40.1017
18.0000 119.8843
18.0000 80.6122
18.0000 66.9686
18.0000 38.2460
18.0000 31.0872
18.0000 96.3853
18.0000 14.7195
18.0000 29.6778
18.0000 48.2728
18.0000 104.4027
18.0000 31.3979
18.0000 29.0430
18.0000 92.2174
18.0000 37.9822
18.0000 82.0595
18.0000 67.6356
18.0000 89.8324
18.0000 33.4221
18.0000 87.4565
18.0000 72.7532
18.0000 23.7910
18.0000 59.2479
18.0000 11.9960
18.0000 35.4868
18.0000 27.1599
18.0000 87.7856
18.0000 47.5365
18.0000 6.9935
18.0000 7.6421
18.0000 74.6603
18.0000 74.1184
18.0000 39.0644
18.0000 113.2205
18.0000 51.9313
18.0000 46.6552
18.0000 13.1207
18.0000 64.8450
18.0000 116.9434
18.0000 43.0181
18.0000 14.5896
18.0000 30.1661
18.0000 26.0600
18.0000 66.8485
18.0000 129.1459
18.0000 54.2156
18.0000 99.8287
18.0000 86.3310
18.0000 36.1703
18.0000 25.5288
18.0000 73.2042
18.0000 33.6356
18.0000 73.6640
18.0000 50.2188
18.0000 15.2689
18.0000 80.9641
18.0000 81.6178
18.0000 20.7821
18.0000 63.5886
18.0000 32.6697
18.0000 20.6450
18.0000 23.2179
18.0000 41.0876
18.0000 78.2954
18.0000 9.8932
18.0000 74.4399
18.0000 51.0980
18.0000 39.2366
18.0000 34.7748
18.0000 102.5655
18.0000 99.0002
18.0000 39.2884
18.0000 52.9312
18.0000 33.3902
18.0000 51.4682
18.0000 72.9421
18.0000 17.4931
18.0000 38.1182
18.0000 50.9811
18.0000 19.1202
18.0000 44.3950
18.0000 76.5623
18.0000 39.9787
18.0000 67.7107
18.0000 39.1960
18.0000 116.3396
18.0000 13.2341
18.0000 28.3749
18.0000 56.7355
18.0000 18.5045
18.0000 39.8089
18.0000 48.5080
18.0000 72.4468
18.0000 20.3153
18.0000 27.7475
18.0000 21.3297
18.0000 16.5064
18.0000 119.4291
18.0000 75.2336
18.0000 27.2558
18.0000 54.2767
18.0000 86.4651
18.0000 32.2622
18.0000 31.6280
18.0000 4.9616
18.0000 23.9010
18.0000 106.8584
18.0000 21.6075
18.0000 50.9285
18.0000 26.9071
18.0000 32.7993
18.0000 36.4568
18.0000 26.3831
18.0000 46.0347
18.0000 64.7705
18.0000 27.9057
18.0000 44.1924
18.0000 17.7791
18.0000 37.5638
18.0000 46.9528
18.0000 26.0983
18.0000 45.9560
18.0000 38.1598
18.0000 51.8598
18.0000 105.9532
18.0000 66.7942
18.0000 22.4604
18.0000 13.8225
18.0000 51.1804
18.0000 10.8009
18.0000 21.6560
18.0000 114.8745
18.0000 5.1828
18.0000 60.2382
18.0000 42.8343
18.0000 2.4320
18.0000 95.2974
18.0000 65.4401
18.0000 65.4234
18.0000 19.3983
18.0000 8.0107
18.0000 42.4699
18.0000 17.1461
18.0000 32.9671
18.0000 60.4146
18.0000 17.9823
18.0000 3.9380
18.0000 73.8687
18.0000 101.0007
18.0000 83.4231
18.0000 24.6043
18.0000 20.2644
18.0000 73.5302
18.0000 97.4099
18.0000 81.8797
18.0000 71.5804
18.0000 90.6279
18.0000 113.7422
18.0000 44.7197
18.0000 62.9384
18.0000 26.9948
18.0000 76.9088
18.0000 65.3657
18.0000 52.0390
18.0000 75.9847
18.0000 97.8392
18.0000 122.1835
18.0000 63.2067
18.0000 62.4023
18.0000 30.6001
18.0000 55.4930
18.0000 56.0201
18.0000 123.1485
18.0000 85.5340
18.0000 90.4402
18.0000 15.5520
18.0000 71.2014
18.0000 6.2031
18.0000 97.0835
18.0000 23.7575
18.0000 91.2483
18.0000 72.2824
18.0000 28.1688
18.0000 48.4834
18.0000 51.4529
18.0000 43.8331
18.0000 110.8405
18.0000 45.2533
18.0000 29.9932
18.0000 65.3065
18.0000 84.5067
