30.0000 137.8926
30.0000 112.5085
30.0000 44.6688
30.0000 118.4629
30.0000 112.8022
30.0000 145.7667
30.0000 108.3787
30.0000 107.6346
30.0000 57.0105
30.0000 144.9480
30.0000 129.9632
30.0000 75.9608
30.0000 79.4986
30.0000 18.6371
30.0000 39.6497
30.0000 105.1784
30.0000 129.0622
30.0000 52.6590
30.0000 72.9903
30.0000 113.4415
30.0000 43.1723
30.0000 44.1060
30.0000 151.0407
30.0000 69.1251
30.0000 160.6528
30.0000 72.1006
30.0000 93.8000
30.0000 96.7555
30.0000 66.5011
30.0000 100.8734
30.0000 128.9900
30.0000 148.3175
30.0000 146.7331
30.0000 157.5252
30.0000 81.4236
30.0000 170.5316
30.0000 105.4044
30.0000 103.5663
30.0000 123.0628
30.0000 108.3736
30.0000 81.3806
30.0000 69.6624
30.0000 108.0526
30.0000 102.5181
30.0000 124.1644
30.0000 83.9785
30.0000 142.2513
30.0000 85.5621
30.0000 51.5729
30.0000 107.4144
30.0000 129.5921
30.0000 132.5564
30.0000 90.9922
30.0000 149.8864
30.0000 35.3688
30.0000 97.7373
30.0000 27.3870
30.0000 5.5697
30.0000 109.4841
30.0000 113.0967
30.0000 61.3233
30.0000 117.4440
30.0000 152.5805
30.0000 166.9839
30.0000 63.8682
30.0000 114.2540
30.0000 130.4418
30.0000 138.8675
30.0000 99.8431
30.0000 46.9115
30.0000 109.3431
30.0000 79.0194
30.0000 115.4456
30.0000 82.1995
30.0000 146.5222
30.0000 125.6519
30.0000 126.3305
30.0000 161.0386
30.0000 122.6140
30.0000 152.9922
30.0000 134.5243
30.0000 104.5933
30.0000 71.0130
30.0000 97.9578
30.0000 1.2835
30.0000 123.9151
30.0000 69.8588
30.0000 107.6804
30.0000 158.7264
30.0000 130.7933
30.0000 145.8236
30.0000 70.1781
30.0000 80.3627
30.0000 136.7711
30.0000 160.8036
30.0000 157.0398
30.0000 99.9924
30.0000 116.6615
30.0000 96.8069
30.0000 120.9613
30.0000 115.1326
30.0000 102.1095
30.0000 174.0574
30.0000 36.2139
30.0000 40.7614
30.0000 51.2162
30.0000 66.8088
30.0000 160.1722
30.0000 146.4023
30.0000 105.5671
30.0000 29.9599
30.0000 62.9994
30.0000 104.1080
30.0000 51.5696
30.0000 126.0025
30.0000 90.4396
30.0000 22.6590
30.0000 151.8180
30.0000 120.5844
30.0000 151.1395
30.0000 112.5505
30.0000 96.7693
30.0000 171.3672
30.0000 169.1583
30.0000 88.5994
30.0000 90.7526
30.0000 149.8631
30.0000 159.5366
30.0000 59.4616
30.0000 105.0122
30.0000 62.9072
30.0000 120.9698
30.0000 113.4838
30.0000 95.4609
30.0000 156.1621
30.0000 163.1646
30.0000 139.6073
30.0000 114.4660
30.0000 105.6341
30.0000 114.5774
30.0000 34.0906
30.0000 123.7530
30.0000 94.7634
30.0000 90.5100
30.0000 108.7260
30.0000 95.2965
30.0000 24.5721
30.0000 51.1065
30.0000 63.8433
30.0000 58.1468
30.0000 28.9664
30.0000 156.6425
30.0000 64.4930
30.0000 66.1478
30.0000 55.7332
30.0000 144.6347
30.0000 118.1620
30.0000 151.4680
30.0000 89.5217
30.0000 104.2756
30.0000 166.0811
30.0000 144.7107
30.0000 84.0919
30.0000 26.2843
30.0000 134.7579
30.0000 113.5190
30.0000 54.0699
30.0000 83.1378
30.0000 85.0535
30.0000 171.8851
30.0000 34.0751
30.0000 63.2641
30.0000 143.4704
30.0000 68.9210
30.0000 39.9730
30.0000 58.6930
30.0000 98.4992
30.0000 68.9576
30.0000 121.1701
30.0000 113.4288
30.0000 96.5656
30.0000 100.5618
30.0000 83.1360
30.0000 92.0816
30.0000 116.0312
30.0000 111.7135
30.0000 120.7461
30.0000 85.8458
30.0000 54.8551
30.0000 78.7467
30.0000 123.6871
30.0000 154.9690
30.0000 103.2115
30.0000 73.1484
30.0000 127.8953
30.0000 57.0139
30.0000 120.3242
30.0000 122.1547
30.0000 165.4531
30.0000 115.4203
30.0000 79.0429
30.0000 143.3743
30.0000 63.8216
30.0000 115.3425
30.0000 85.9479
30.0000 77.5798
30.0000 104.9053
30.0000 73.5674
30.0000 108.7230
30.0000 23.8976
30.0000 150.9511
30.0000 134.8002
30.0000 110.5027
30.0000 139.3479
30.0000 40.4809
30.0000 44.9180
30.0000 135.1535
30.0000 110.5935
30.0000 119.7974
30.0000 114.0635
30.0000 143.0214
30.0000 121.4058
30.0000 95.1122
30.0000 68.0070
30.0000 128.1587
30.0000 168.6700
30.0000 66.2407
30.0000 139.9438
30.0000 73.7991
30.0000 173.9818
30.0000 94.4750
30.0000 62.4706
30.0000 142.9644
30.0000 71.5244
30.0000 116.1492
30.0000 101.4476
30.0000 94.6947
30.0000 121.0643
30.0000 152.6681
30.0000 120.9244
30.0000 116.0151
30.0000 138.4437
30.0000 103.4104
30.0000 20.9344
30.0000 129.1450
30.0000 54.1634
30.0000 112.1655
30.0000 58.5356
30.0000 106.0483
30.0000 122.0154
30.0000 88.0553
30.0000 96.3923
30.0000 95.9467
30.0000 71.8758
30.0000 50.2926
30.0000 55.9274
30.0000 90.7903
30.0000 88.4905
30.0000 69.8972
30.0000 113.6678
30.0000 20.3102
30.0000 63.4245
30.0000 15.1216
30.0000 42.2890
30.0000 136.4343
30.0000 139.4932
30.0000 139.4181
30.0000 93.5862
30.0000 61.1570
30.0000 149.0935
30.0000 119.1322
30.0000 104.6158
30.0000 136.3691
30.0000 151.0519
30.0000 118.1123
30.0000 81.9205
30.0000 159.6018
30.0000 82.8087
30.0000 109.3943
30.0000 164.4764
30.0000 150.3195
30.0000 132.1530
30.0000 30.3648
30.0000 141.3524
30.0000 109.4080
30.0000 74.4663
30.0000 122.8865
30.0000 149.1258
30.0000 90.9459
30.0000 115.8116
30.0000 102.9873
30.0000 120.1575
30.0000 38.1451
30.0000 114.6207
30.0000 67.9337
30.0000 118.9092
30.0000 55.2122
30.0000 107.6505
30.0000 137.1283
30.0000 132.8827
30.0000 145.4027
30.0000 164.0974
30.0000 120.9779
30.0000 57.5662
30.0000 113.2709
30.0000 71.4400
30.0000 49.1745
30.0000 65.1414
30.0000 136.7415
30.0000 120.8289
30.0000 47.4781
30.0000 115.8115
30.0000 135.5396
30.0000 132.4039
30.0000 129.6773
30.0000 136.3263
30.0000 102.7565
30.0000 114.7407
30.0000 72.8082
30.0000 44.6926
30.0000 104.9156
30.0000 52.9261
30.0000 125.6513
30.0000 162.8661
30.0000 88.6564
30.0000 73.8372
30.0000 153.2682
30.0000 46.9443
30.0000 72.4633
30.0000 81.2037
30.0000 110.4110
30.0000 49.0043
30.0000 24.9901
30.0000 170.9785
30.0000 55.4753
30.0000 133.0320
30.0000 123.3517
30.0000 115.1541
30.0000 113.9480
30.0000 90.3531
30.0000 93.3599
30.0000 65.7712
30.0000 117.2931
30.0000 88.9978
30.0000 117.6719
30.0000 113.8005
30.0000 117.5032
30.0000 84.4714
30.0000 133.0444
30.0000 115.2256
30.0000 130.7922
30.0000 81.9584
30.0000 124.0344
30.0000 86.9925
30.0000 117.0685
30.0000 129.4915
30.0000 113.9451
30.0000 129.7420
30.0000 175.0056
30.0000 96.3956
30.0000 83.2077
30.0000 63.9676
30.0000 70.7711
30.0000 129.5760
30.0000 113.4858
30.0000 138.6647
30.0000 134.1266
30.0000 98.0051
30.0000 111.2288
30.0000 49.2120
30.0000 107.4901
30.0000 52.7160
30.0000 90.7683
30.0000 108.8434
30.0000 147.9960
30.0000 76.6330
30.0000 128.3908
30.0000 116.1006
30.0000 135.1228
30.0000 92.9422
30.0000 173.6437
30.0000 151.4057
30.0000 127.2443
30.0000 153.8105
30.0000 47.2631
30.0000 105.9344
30.0000 163.1081
30.0000 175.1754
30.0000 106.0396
30.0000 149.1367
30.0000 120.7254
30.0000 136.6962
30.0000 79.0129
30.0000 148.5395
30.0000 120.2345
30.0000 112.4519
30.0000 153.0753
30.0000 156.6756
30.0000 173.5139
30.0000 119.0167
30.0000 108.7986
30.0000 87.6108
30.0000 47.6826
30.0000 157.6963
30.0000 94.6578
30.0000 137.0056
30.0000 143.0189
30.0000 59.4404
30.0000 148.1078
30.0000 145.7229
30.0000 112.5820
30.0000 134.6563
30.0000 94.0338
30.0000 50.1496
30.0000 88.7180
30.0000 86.7888
30.0000 136.0097
30.0000 146.0514
30.0000 113.1954
30.0000 138.7228
30.0000 103.5858
30.0000 122.0131
30.0000 21.1960
30.0000 134.1350
30.0000 120.2848
30.0000 75.3170
30.0000 156.5978
30.0000 25.9104
30.0000 131.4919
30.0000 125.5207
30.0000 117.2475
30.0000 139.2737
30.0000 101.5494
30.0000 95.6479
30.0000 179.4040
30.0000 114.9925
30.0000 123.6820
30.0000 58.0312
30.0000 158.3150
30.0000 82.3649
30.0000 129.2196
30.0000 93.1761
30.0000 126.0060
30.0000 113.1899
30.0000 128.4988
30.0000 127.1042
30.0000 107.3713
30.0000 118.1071
30.0000 133.5788
30.0000 83.3617
30.0000 160.3522
30.0000 160.1248
30.0000 111.2917
30.0000 74.7929
30.0000 54.2615
30.0000 91.0056
30.0000 96.7910
30.0000 164.9167
30.0000 131.3971
30.0000 92.6504
30.0000 92.0936
30.0000 96.0381
30.0000 8.3360
30.0000 112.0152
30.0000 123.1939
30.0000 134.2934
30.0000 59.4176
30.0000 161.6827
30.0000 64.1826
30.0000 34.9689
30.0000 72.3035
30.0000 89.2313
30.0000 90.1113
30.0000 102.5277
30.0000 66.8269
30.0000 44.2649
30.0000 141.6325
30.0000 156.8437
30.0000 56.1986
30.0000 90.1819
30.0000 108.6449
30.0000 125.8590
30.0000 113.7533
30.0000 72.3682
30.0000 129.2648
30.0000 108.1791
30.0000 147.2267
30.0000 38.1481
30.0000 138.7120
30.0000 156.2756
30.0000 122.8573
30.0000 103.9797
30.0000 80.1116
30.0000 92.9685
30.0000 104.5618
30.0000 107.8054
30.0000 118.3469
30.0000 123.5901
30.0000 161.8162
30.0000 49.4208
30.0000 67.5685
30.0000 83.2986
30.0000 122.0773
30.0000 56.4617
30.0000 132.0979
30.0000 100.2399
30.0000 160.7644
30.0000 52.8100
30.0000 104.6589
30.0000 95.6297
30.0000 172.0380
30.0000 109.5706
30.0000 104.5268
30.0000 114.3254
30.0000 109.4828
30.0000 142.5979
30.0000 108.8083
30.0000 101.7761
30.0000 103.0567
30.0000 69.2017
30.0000 48.0325
30.0000 94.2239
30.0000 96.4358
30.0000 140.6995
30.0000 92.8091
30.0000 132.9116
30.0000 80.7050
30.0000 149.5130
30.0000 67.6388
30.0000 76.4574
30.0000 141.1445
30.0000 137.3480
30.0000 142.1449
30.0000 85.9869
30.0000 126.1576
30.0000 98.8681
30.0000 42.0926
30.0000 38.6396
30.0000 88.1856
30.0000 159.0630
30.0000 133.1814
30.0000 89.6044
30.0000 113.2856
30.0000 138.1861
30.0000 103.8074
30.0000 134.2642
30.0000 175.9366
30.0000 90.0703
30.0000 108.0523
30.0000 112.0105
30.0000 115.0170
30.0000 118.7700
30.0000 46.9199
30.0000 115.0916
30.0000 122.9007
30.0000 108.4524
30.0000 88.1421
30.0000 77.2981
30.0000 104.3709
30.0000 95.8589
30.0000 122.6150
30.0000 160.1335
30.0000 163.4860
30.0000 103.7883
30.0000 104.4240
30.0000 110.4450
30.0000 162.1037
30.0000 91.1084
30.0000 72.8843
30.0000 125.4771
30.0000 98.5555
30.0000 138.4725
30.0000 84.8411
30.0000 106.1078
30.0000 146.7426
30.0000 70.0704
30.0000 69.3855
30.0000 150.4079
30.0000 58.2842
30.0000 80.4508
30.0000 81.6127
30.0000 71.4342
30.0000 119.8546
30.0000 109.4697
30.0000 81.3507
30.0000 125.7522
30.0000 49.7455
30.0000 106.0036
30.0000 137.4144
30.0000 119.7486
30.0000 74.5712
30.0000 118.9026
30.0000 85.3757
30.0000 36.4650
30.0000 95.9217
30.0000 120.3988
30.0000 134.5015
30.0000 59.5816
30.0000 168.5549
30.0000 135.8483
30.0000 125.7268
30.0000 110.3708
30.0000 110.6935
30.0000 166.3643
30.0000 129.8454
30.0000 111.3134
30.0000 34.0629
30.0000 24.4847
30.0000 91.3952
30.0000 130.4258
30.0000 39.4780
30.0000 127.3599
30.0000 132.8519
30.0000 100.0867
30.0000 89.5758
30.0000 44.3032
30.0000 102.8532
30.0000 130.1988
30.0000 139.6132
30.0000 114.9607
30.0000 133.1181
30.0000 155.0541
30.0000 66.2711
30.0000 112.9584
30.0000 146.4983
30.0000 76.9257
30.0000 144.0051
30.0000 136.6781
30.0000 136.9524
30.0000 129.2076
30.0000 108.8831
30.0000 155.2017
30.0000 70.1108
30.0000 138.3568
30.0000 98.6192
30.0000 105.4681
30.0000 122.1575
30.0000 102.4411
30.0000 98.7599
30.0000 88.8337
30.0000 121.6552
30.0000 13.4765
30.0000 122.1413
30.0000 106.9349
30.0000 61.2105
30.0000 73.1644
30.0000 87.2206
30.0000 105.5068
30.0000 88.0932
30.0000 93.6814
30.0000 145.5980
30.0000 42.7800
30.0000 119.8309
30.0000 117.4592
30.0000 65.2753
30.0000 123.5994
30.0000 114.9934
30.0000 93.0030
30.0000 102.1644
30.0000 40.9429
30.0000 151.4984
30.0000 118.3241
30.0000 71.4609
30.0000 127.9161
30.0000 130.2190
30.0000 50.6029
30.0000 156.3450
30.0000 90.3118
30.0000 125.0350
30.0000 96.4315
30.0000 139.0143
30.0000 104.4684
30.0000 128.2925
30.0000 68.6060
30.0000 79.9126
30.0000 16.4831
30.0000 55.3975
30.0000 119.7736
30.0000 131.2148
30.0000 92.9296
30.0000 144.2640
30.0000 7.8245
30.0000 19.1802
30.0000 132.9842
30.0000 156.0831
30.0000 105.9125
30.0000 122.9814
30.0000 113.7283
30.0000 66.9857
30.0000 131.3711
30.0000 90.7641
30.0000 75.3494
30.0000 141.8581
30.0000 99.7577
30.0000 104.6444
30.0000 114.7939
30.0000 164.8291
30.0000 120.1685
30.0000 142.4100
30.0000 119.6528
30.0000 132.0089
30.0000 101.0107
30.0000 35.6609
30.0000 163.0177
30.0000 114.0521
30.0000 115.8535
30.0000 132.6321
30.0000 127.9278
30.0000 115.8907
30.0000 100.4084
30.0000 131.6543
30.0000 51.6643
30.0000 15.0715
30.0000 80.3227
30.0000 68.0920
30.0000 81.3204
30.0000 81.8790
30.0000 97.2170
30.0000 60.3204
30.0000 113.0022
30.0000 133.6833
30.0000 87.2809
30.0000 101.0685
30.0000 74.5125
30.0000 138.5419
30.0000 166.6134
30.0000 134.1286
30.0000 93.4408
30.0000 116.7621
30.0000 135.8082
30.0000 119.9401
30.0000 99.2370
30.0000 116.5643
30.0000 47.0424
30.0000 129.5374
30.0000 87.2530
30.0000 62.7296
30.0000 53.6180
30.0000 24.9371
30.0000 117.8653
30.0000 138.1893
30.0000 46.9321
30.0000 109.7784
30.0000 100.9851
30.0000 52.7672
30.0000 104.1556
30.0000 134.5617
30.0000 121.6279
30.0000 112.8754
30.0000 153.0263
30.0000 82.3456
30.0000 107.8189
30.0000 86.2745
30.0000 158.9361
30.0000 154.8706
30.0000 125.3468
30.0000 141.5338
30.0000 88.8147
30.0000 63.4968
30.0000 101.1290
30.0000 79.0776
30.0000 86.7754
30.0000 81.4849
30.0000 138.5461
30.0000 82.2210
30.0000 113.2451
30.0000 61.7092
30.0000 94.2821
30.0000 76.7925
30.0000 97.8425
30.0000 101.7614
30.0000 48.4883
30.0000 107.2830
30.0000 109.7260
30.0000 140.0586
30.0000 135.2030
30.0000 137.8487
30.0000 153.9706
30.0000 38.7683
30.0000 137.0330
30.0000 72.8017
30.0000 63.6575
30.0000 104.6339
30.0000 148.6070
30.0000 72.7451
30.0000 19.4309
30.0000 146.6747
30.0000 111.4436
30.0000 97.3718
30.0000 136.1061
30.0000 159.3756
30.0000 128.3884
30.0000 106.4966
30.0000 128.5951
30.0000 98.9383
30.0000 158.0533
30.0000 109.8300
30.0000 65.2303
30.0000 102.7040
30.0000 73.5972
30.0000 54.7353
30.0000 115.3402
30.0000 89.0043
30.0000 90.2231
30.0000 92.6869
30.0000 65.0208
30.0000 73.7404
30.0000 142.0177
30.0000 70.4611
30.0000 14.0690
30.0000 127.6813
30.0000 97.2799
30.0000 73.9867
30.0000 89.3134
30.0000 91.2258
30.0000 111.7748
30.0000 141.6573
30.0000 90.0295
30.0000 53.6795
30.0000 133.1739
30.0000 105.6080
30.0000 46.3862
30.0000 160.9468
30.0000 71.1314
30.0000 112.4747
30.0000 87.7319
30.0000 157.1676
30.0000 73.8125
30.0000 64.4612
30.0000 72.1434
30.0000 144.4747
30.0000 156.4851
30.0000 133.5861
30.0000 135.1591
30.0000 45.3023
30.0000 88.5531
30.0000 45.0981
30.0000 92.3603
30.0000 108.0082
30.0000 55.2062
30.0000 71.7099
30.0000 112.7179
30.0000 121.1366
30.0000 73.2171
30.0000 149.6508
30.0000 115.5211
30.0000 94.4459
30.0000 144.3914
30.0000 64.6285
30.0000 139.0867
30.0000 124.3572
30.0000 116.6215
30.0000 126.2313
30.0000 106.7962
30.0000 88.1002
30.0000 178.7268
30.0000 75.4589
30.0000 134.2049
30.0000 89.4950
30.0000 123.8188
30.0000 130.9159
30.0000 52.3352
30.0000 150.0362
30.0000 77.6073
30.0000 38.6426
30.0000 99.9057
30.0000 53.1783
30.0000 102.2868
30.0000 139.5255
30.0000 97.5957
30.0000 91.8050
30.0000 116.8073
30.0000 33.5824
30.0000 134.0247
30.0000 80.0750
30.0000 134.9681
30.0000 115.7638
30.0000 131.0777
30.0000 35.1314
30.0000 121.1846
30.0000 35.8121
30.0000 153.0076
30.0000 127.8160
30.0000 117.8661
30.0000 109.7470
30.0000 115.4945
30.0000 152.2409
30.0000 127.9667
30.0000 169.5474
30.0000 101.5666
30.0000 74.1539
30.0000 152.8691
30.0000 145.6152
30.0000 113.4654
30.0000 135.8713
30.0000 144.9512
30.0000 104.8400
30.0000 85.7010
30.0000 140.4123
30.0000 143.7803
30.0000 116.1613
30.0000 147.6942
30.0000 107.2189
30.0000 125.3985
30.0000 156.5644
30.0000 131.5533
30.0000 29.0976
30.0000 78.2260
30.0000 56.1029
30.0000 108.0652
30.0000 129.5135
30.0000 121.4441
30.0000 153.1087
30.0000 63.2584
30.0000 85.8110
30.0000 101.1030
30.0000 108.5388
30.0000 128.7849
30.0000 125.9817
30.0000 117.3635
30.0000 108.3945
30.0000 157.3902
30.0000 125.5503
30.0000 100.9713
30.0000 120.5974
30.0000 61.1981
30.0000 175.5226
30.0000 113.1590
30.0000 161.6616
30.0000 95.3686
30.0000 114.6113
30.0000 136.5362
30.0000 126.5511
30.0000 102.0592
30.0000 104.1632
30.0000 145.6589
30.0000 97.7307
30.0000 102.9931
30.0000 27.0114
30.0000 61.5283
30.0000 97.9869
30.0000 68.5806
30.0000 87.3569
30.0000 68.0235
30.0000 65.6257
30.0000 151.7741
30.0000 109.5625
30.0000 85.7955
30.0000 93.6823
30.0000 125.2554
30.0000 155.2988
30.0000 65.5133
30.0000 118.0580
30.0000 85.4216
30.0000 133.7227
30.0000 118.1665
30.0000 106.4094
30.0000 91.3023
30.0000 59.7437
30.0000 119.6493
30.0000 107.6244
30.0000 35.4702
30.0000 173.8336
30.0000 100.0080
30.0000 115.1645
30.0000 131.7753
30.0000 142.6336
30.0000 119.9249
30.0000 152.2501
30.0000 143.0786
30.0000 141.7432
30.0000 85.1118
30.0000 98.4578
30.0000 95.0463
30.0000 147.5760
30.0000 150.9959
30.0000 58.5034
30.0000 72.5123
30.0000 122.7552
30.0000 138.9522
30.0000 33.0410
30.0000 84.6479
30.0000 30.5070
30.0000 23.8933
30.0000 97.9120
30.0000 106.3590
30.0000 84.0889
30.0000 72.2975
30.0000 59.6154
30.0000 67.2687
30.0000 81.0088
30.0000 99.3366
30.0000 129.7155
30.0000 17.0626
30.0000 142.6990
30.0000 49.8068
30.0000 87.9857
30.0000 146.7824
30.0000 46.8385
30.0000 93.3682
30.0000 162.2117
30.0000 161.6404
30.0000 104.0701
30.0000 136.2068
30.0000 119.0039
30.0000 168.8612
30.0000 136.9746
30.0000 110.3517
30.0000 52.3184
30.0000 126.7930
30.0000 62.1799
30.0000 97.4464
30.0000 82.5720
30.0000 96.8496
30.0000 111.9794
30.0000 154.2703
30.0000 140.7105
30.0000 76.1654
30.0000 121.1295
30.0000 86.8064
30.0000 137.8513
30.0000 104.0477
30.0000 116.3781
30.0000 100.1685
30.0000 104.7707
30.0000 141.9332
30.0000 90.9798
30.0000 91.9267
30.0000 86.2372
30.0000 101.5746
30.0000 75.7593
30.0000 156.0591
30.0000 126.0513
30.0000 89.1274
30.0000 133.5739
30.0000 147.9728
30.0000 72.7404
30.0000 16.2765
30.0000 124.1000
30.0000 48.7207
30.0000 106.5208
30.0000 78.8466
30.0000 60.5482
30.0000 148.8809
30.0000 162.4153
30.0000 115.3543
30.0000 110.9410
30.0000 75.5135
30.0000 106.5529
30.0000 156.4350
30.0000 87.4246
30.0000 91.8823
30.0000 104.0529
30.0000 144.8860
30.0000 166.1697
30.0000 37.5081
30.0000 40.0316
30.0000 63.5887
30.0000 158.4687
30.0000 139.7779
30.0000 107.6459
30.0000 132.8366
30.0000 138.5176
30.0000 110.3244
30.0000 100.2800
30.0000 129.8936
30.0000 41.2599
30.0000 62.4591
30.0000 139.9404
30.0000 126.6566
30.0000 104.2822
30.0000 101.5357
30.0000 124.2144
30.0000 106.6048
30.0000 39.2507
30.0000 78.8488
30.0000 44.2726
30.0000 109.2781
30.0000 72.0497
30.0000 34.9509
30.0000 110.8787
30.0000 69.9487
30.0000 92.5148
30.0000 63.6684
30.0000 97.5428
30.0000 84.7728
30.0000 145.0500
30.0000 94.5698
30.0000 130.5571
30.0000 78.9644
30.0000 28.2276
30.0000 133.0708
30.0000 53.5032
30.0000 95.5981
30.0000 66.6233
30.0000 139.0157
30.0000 154.6569
30.0000 103.3284
30.0000 59.2658
30.0000 151.1328
30.0000 81.5459
30.0000 55.1684
30.0000 70.3793
30.0000 111.1275
30.0000 110.3978
30.0000 134.9188
30.0000 96.1131
30.0000 64.1835
30.0000 152.3359
30.0000 127.2905
30.0000 15.3827
30.0000 134.2588
30.0000 67.1401
30.0000 46.7829
30.0000 100.1300
30.0000 102.5470
30.0000 101.9409
30.0000 40.3098
30.0000 132.0390
30.0000 122.3313
30.0000 136.3795
30.0000 49.4266
30.0000 52.6643
30.0000 63.7634
30.0000 58.6972
30.0000 90.0195
30.0000 43.9020
30.0000 120.7312
30.0000 136.3821
30.0000 72.0191
30.0000 130.3332
30.0000 101.9078
30.0000 67.4957
30.0000 123.5333
30.0000 117.6206
30.0000 127.5094
30.0000 83.0482
30.0000 140.0806
30.0000 126.9053
30.0000 128.5148
30.0000 157.2986
30.0000 92.9547
30.0000 89.9854
30.0000 93.9099
30.0000 102.0694
30.0000 63.1350
30.0000 74.8940
30.0000 59.7125
30.0000 100.9893
30.0000 96.2787
30.0000 20.2971
30.0000 147.5213
30.0000 108.8015
30.0000 135.3636
30.0000 70.7282
30.0000 86.9608
30.0000 106.2590
30.0000 82.5534
30.0000 61.6062
30.0000 58.4109
30.0000 57.5063
30.0000 134.3758
30.0000 79.3478
30.0000 150.7932
30.0000 137.4459
30.0000 98.5572
30.0000 54.8059
30.0000 121.5045
30.0000 20.3621
30.0000 153.1492
30.0000 138.0882
30.0000 109.2495
30.0000 151.6732
30.0000 91.1981
30.0000 134.8578
30.0000 116.7579
30.0000 88.7819
30.0000 145.6990
30.0000 134.9721
30.0000 120.8784
30.0000 105.4497
30.0000 43.3471
30.0000 102.3765
30.0000 100.0000
30.0000 171.1537
30.0000 146.6372
30.0000 107.1600
30.0000 72.3581
30.0000 126.5895
30.0000 42.3168
30.0000 80.0991
30.0000 105.9709
30.0000 134.0324
30.0000 74.8934
30.0000 147.0390
30.0000 121.8114
30.0000 67.7403
30.0000 99.5452
30.0000 127.1128
30.0000 70.7493
30.0000 156.4805
30.0000 127.1491
30.0000 99.7285
30.0000 167.7106
30.0000 68.8287
30.0000 121.1032
30.0000 113.1471
30.0000 130.2189
30.0000 132.9584
30.0000 112.4949
30.0000 132.4785
30.0000 108.1988
30.0000 122.8724
30.0000 92.8937
30.0000 154.2042
30.0000 117.2149
30.0000 91.5879
30.0000 145.1313
30.0000 76.6285
30.0000 78.4564
30.0000 171.6289
30.0000 72.4624
30.0000 153.1611
30.0000 14.1554
30.0000 73.1786
30.0000 109.8568
30.0000 86.3906
30.0000 85.7687
30.0000 148.7960
30.0000 155.9696
30.0000 105.2530
30.0000 140.7663
30.0000 151.3394
30.0000 92.2460
30.0000 92.0688
30.0000 122.6028
30.0000 155.4293
30.0000 66.2114
30.0000 158.4044
30.0000 80.1674
30.0000 128.8729
30.0000 107.7965
30.0000 118.1916
30.0000 149.3249
30.0000 83.1107
30.0000 77.7076
30.0000 158.2352
30.0000 89.4029
30.0000 57.1652
30.0000 140.8703
30.0000 126.5303
30.0000 149.6072
30.0000 114.0240
30.0000 149.9902
30.0000 128.3765
30.0000 96.4736
30.0000 34.4981
30.0000 103.6243
30.0000 155.8628
30.0000 85.5030
30.0000 93.3361
30.0000 69.4108
30.0000 98.3915
30.0000 87.6603
30.0000 98.4043
30.0000 127.9353
30.0000 128.8774
30.0000 103.4376
30.0000 147.9202
30.0000 106.1666
30.0000 107.4133
30.0000 103.9427
30.0000 106.6548
30.0000 152.4447
30.0000 85.5874
30.0000 41.2138
30.0000 71.9905
30.0000 123.8021
30.0000 116.6155
30.0000 113.9003
30.0000 108.7666
30.0000 107.2498
30.0000 100.9219
30.0000 97.6947
30.0000 94.1640
30.0000 113.4195
30.0000 113.4259
30.0000 161.1482
30.0000 144.5289
30.0000 106.6550
30.0000 46.9871
30.0000 148.2095
30.0000 95.4687
30.0000 113.9137
30.0000 114.4277
30.0000 83.4241
30.0000 106.2333
30.0000 89.5984
30.0000 80.7592
30.0000 143.3211
30.0000 140.9262
30.0000 129.6902
30.0000 132.8542
30.0000 113.6256
30.0000 132.6724
30.0000 137.4300
30.0000 127.5554
30.0000 172.4177
30.0000 152.0976
30.0000 159.3054
30.0000 123.6899
30.0000 136.4343
30.0000 112.6477
30.0000 28.3787
30.0000 119.2463
30.0000 124.8347
30.0000 103.2773
30.0000 119.1002
30.0000 122.9524
30.0000 148.2855
30.0000 37.1016
30.0000 96.0259
30.0000 109.0002
30.0000 127.5309
30.0000 69.1215
30.0000 101.0874
30.0000 24.9628
30.0000 123.2670
30.0000 117.3833
30.0000 81.5055
30.0000 39.8103
30.0000 156.5710
30.0000 65.0226
30.0000 60.1778
30.0000 66.0206
30.0000 100.0905
30.0000 76.9991
30.0000 95.5466
30.0000 117.6419
30.0000 132.0690
30.0000 105.3789
30.0000 149.5304
30.0000 66.9040
30.0000 96.6659
30.0000 138.1282
30.0000 111.2932
30.0000 87.9047
30.0000 138.6890
30.0000 93.9874
30.0000 154.2215
30.0000 45.4203
30.0000 35.5076
30.0000 59.7682
30.0000 77.2121
30.0000 141.0100
30.0000 121.6805
30.0000 103.3370
30.0000 95.9351
30.0000 125.4517
30.0000 116.9535
30.0000 87.6671
30.0000 124.8506
30.0000 85.7798
30.0000 84.4815
30.0000 113.0700
30.0000 86.5028
30.0000 131.9433
30.0000 126.1834
30.0000 101.4014
30.0000 143.1869
30.0000 63.8971
30.0000 117.7640
30.0000 120.7983
30.0000 35.0317
30.0000 127.4841
30.0000 32.1700
30.0000 84.4861
30.0000 138.4899
30.0000 107.9497
30.0000 127.7587
30.0000 94.6142
30.0000 76.6215
30.0000 105.2091
30.0000 108.7529
30.0000 113.9107
30.0000 113.2395
30.0000 28.5786
30.0000 55.3436
30.0000 67.2722
30.0000 124.2935
30.0000 95.9698
30.0000 119.8715
30.0000 67.2603
30.0000 58.9979
30.0000 106.7052
30.0000 125.3362
30.0000 106.5380
30.0000 99.4001
30.0000 118.9521
30.0000 118.4479
30.0000 55.6085
30.0000 141.0397
30.0000 113.5388
30.0000 69.2204
30.0000 143.1637
30.0000 28.9553
30.0000 133.1216
30.0000 153.6893
30.0000 139.1654
30.0000 104.2033
30.0000 138.0897
30.0000 42.5561
30.0000 67.3831
30.0000 155.0321
30.0000 102.3087
30.0000 0.8728
30.0000 79.9349
30.0000 46.5544
30.0000 110.8810
30.0000 92.0122
30.0000 129.5404
30.0000 151.4255
30.0000 34.3957
30.0000 70.0420
30.0000 76.1890
30.0000 130.3333
30.0000 102.2887
30.0000 116.4543
30.0000 135.6734
30.0000 113.8026
30.0000 156.2361
30.0000 131.4788
30.0000 89.2582
30.0000 106.1130
30.0000 82.7174
30.0000 82.3303
30.0000 112.6549
30.0000 127.9522
30.0000 104.9142
30.0000 59.9379
30.0000 164.7876
30.0000 20.7537
30.0000 104.4676
30.0000 153.3813
30.0000 129.8620
30.0000 45.0763
30.0000 88.1293
30.0000 103.5433
30.0000 78.4819
30.0000 131.8748
30.0000 37.6890
30.0000 113.1372
30.0000 154.2638
30.0000 79.7235
30.0000 94.4239
30.0000 130.8041
30.0000 124.7893
30.0000 80.7921
30.0000 38.7351
30.0000 18.9707
30.0000 99.0381
30.0000 124.3942
30.0000 58.0741
30.0000 74.9238
30.0000 125.2810
30.0000 111.0308
30.0000 56.0573
30.0000 87.9680
30.0000 88.7191
30.0000 97.9856
30.0000 47.4569
30.0000 106.4536
30.0000 125.9131
30.0000 68.1088
30.0000 120.1427
30.0000 101.7478
30.0000 16.6235
30.0000 151.1442
30.0000 140.1914
30.0000 103.1640
30.0000 99.7419
30.0000 26.6712
30.0000 113.3737
30.0000 92.0703
30.0000 91.4877
30.0000 105.0428
30.0000 120.7790
30.0000 98.6292
30.0000 67.3192
30.0000 15.0694
30.0000 140.0621
30.0000 111.6502
30.0000 45.8874
30.0000 61.9918
30.0000 138.6561
30.0000 101.3661
30.0000 108.1976
30.0000 143.6267
30.0000 138.0814
30.0000 166.6155
30.0000 6.5816
30.0000 171.9834
30.0000 133.8560
30.0000 108.4986
30.0000 117.1772
30.0000 111.1129
30.0000 108.3981
30.0000 60.2462
30.0000 78.5098
30.0000 48.2126
30.0000 95.3421
30.0000 35.0473
30.0000 41.5746
30.0000 127.9547
30.0000 131.0354
30.0000 119.8292
30.0000 130.9070
30.0000 158.5249
30.0000 131.0825
30.0000 119.2682
30.0000 134.4050
30.0000 8.8892
30.0000 123.1023
30.0000 164.1400
30.0000 101.5415
30.0000 60.7476
30.0000 74.5188
30.0000 153.8868
30.0000 134.9135
30.0000 106.2584
30.0000 138.1453
30.0000 159.4513
30.0000 87.2420
30.0000 175.6633
30.0000 64.5003
30.0000 152.3897
30.0000 143.2293
30.0000 143.2850
30.0000 74.7027
30.0000 90.8541
30.0000 63.7405
30.0000 112.3332
30.0000 145.4089
30.0000 112.3985
30.0000 37.5589
30.0000 71.1225
30.0000 87.0275
30.0000 115.8328
30.0000 157.9797
30.0000 132.5512
30.0000 44.1760
30.0000 41.5108
30.0000 71.6567
30.0000 129.4357
30.0000 134.0210
30.0000 97.5999
30.0000 83.0209
30.0000 62.2620
30.0000 140.9209
30.0000 118.5260
30.0000 35.3453
30.0000 138.4326
30.0000 111.9782
30.0000 133.7264
30.0000 117.0608
30.0000 102.5444
30.0000 105.4174
30.0000 70.3037
30.0000 151.8297
30.0000 141.5480
30.0000 135.4844
30.0000 37.5698
30.0000 127.7056
30.0000 68.8943
30.0000 110.7165
30.0000 122.6566
30.0000 92.1158
30.0000 107.9841
30.0000 81.4605
30.0000 109.2468
30.0000 56.4665
30.0000 122.5626
30.0000 149.5998
30.0000 126.2083
30.0000 125.6416
30.0000 19.4455
30.0000 123.4698
30.0000 97.6501
30.0000 55.6254
30.0000 84.0772
30.0000 130.8545
30.0000 164.3238
30.0000 88.1998
30.0000 122.8764
30.0000 104.9019
30.0000 135.0566
30.0000 134.2621
30.0000 113.4935
30.0000 118.0763
30.0000 132.0069
30.0000 159.5587
30.0000 112.5969
30.0000 93.4012
30.0000 133.2427
30.0000 123.6809
30.0000 76.6123
30.0000 4.7919
30.0000 116.8329
30.0000 105.2197
30.0000 136.1401
30.0000 118.4858
30.0000 49.2175
30.0000 149.3969
30.0000 49.5273
30.0000 98.3018
30.0000 57.7606
30.0000 113.8590
30.0000 141.2022
30.0000 105.0133
30.0000 175.2472
30.0000 126.6098
30.0000 21.6365
30.0000 85.3722
30.0000 131.5696
30.0000 178.2159
30.0000 46.6255
30.0000 108.7940
30.0000 102.0730
30.0000 61.2432
30.0000 77.7924
30.0000 43.6767
30.0000 88.8790
30.0000 25.1871
30.0000 83.1424
30.0000 156.0482
30.0000 75.9300
30.0000 150.7618
30.0000 115.8040
30.0000 133.1785
30.0000 156.6769
30.0000 62.3569
30.0000 64.4737
30.0000 150.3849
30.0000 162.1310
30.0000 134.6571
30.0000 68.9424
30.0000 93.7454
30.0000 70.0472
30.0000 105.0754
30.0000 148.9452
30.0000 67.4741
30.0000 75.2572
30.0000 31.8081
30.0000 54.9486
30.0000 110.0564
30.0000 120.0721
30.0000 74.7488
30.0000 154.5284
30.0000 153.3010
30.0000 32.3784
30.0000 51.6948
30.0000 101.0565
30.0000 54.2880
30.0000 44.6234
30.0000 138.8199
30.0000 112.6863
30.0000 135.7248
30.0000 115.2941
30.0000 149.2495
30.0000 70.5766
30.0000 129.7037
30.0000 142.4630
30.0000 48.7409
30.0000 92.5403
30.0000 47.3481
30.0000 129.8317
30.0000 100.2559
30.0000 115.8935
30.0000 148.9800
30.0000 76.5270
30.0000 133.1205
30.0000 81.1396
30.0000 97.7250
30.0000 75.7181
30.0000 122.9446
30.0000 118.9195
30.0000 141.8438
30.0000 40.1424
30.0000 112.5862
30.0000 164.0569
30.0000 146.2169
30.0000 93.2807
30.0000 108.0068
30.0000 130.6539
30.0000 104.0982
30.0000 133.2606
30.0000 113.3852
30.0000 130.1947
30.0000 120.9852
30.0000 99.8507
30.0000 62.1196
30.0000 104.9971
30.0000 135.5224
30.0000 76.4807
30.0000 155.2904
30.0000 129.2324
30.0000 69.3683
30.0000 121.4220
30.0000 34.0653
30.0000 101.3093
30.0000 127.3017
30.0000 131.9640
30.0000 101.7951
30.0000 108.2640
30.0000 151.6502
30.0000 118.3087
30.0000 120.8466
30.0000 105.8315
30.0000 120.9015
30.0000 141.7662
30.0000 146.6009
30.0000 27.9990
30.0000 113.0479
30.0000 101.8622
30.0000 132.5886
30.0000 166.9540
30.0000 112.2988
30.0000 133.5549
30.0000 57.5559
30.0000 26.9852
30.0000 109.9779
30.0000 124.8548
30.0000 115.8817
30.0000 114.3532
30.0000 77.0268
30.0000 137.6520
30.0000 119.3818
30.0000 80.7788
30.0000 40.6442
30.0000 58.6238
30.0000 80.3390
30.0000 124.3117
30.0000 126.5878
30.0000 55.8729
30.0000 140.8071
30.0000 86.1969
30.0000 45.4569
30.0000 113.3432
30.0000 82.5834
30.0000 86.8630
30.0000 133.1879
30.0000 148.5724
30.0000 24.8008
30.0000 78.7031
30.0000 104.5108
30.0000 41.2435
30.0000 88.5938
30.0000 34.2646
30.0000 102.2676
30.0000 21.8717
30.0000 155.1397
30.0000 129.1033
30.0000 86.6411
30.0000 99.9329
30.0000 65.1067
30.0000 43.5311
30.0000 138.4817
30.0000 98.7600
30.0000 131.8256
30.0000 77.1472
30.0000 137.0679
30.0000 82.1246
30.0000 132.3754
30.0000 147.2592
30.0000 125.1702
30.0000 54.7931
30.0000 106.4723
30.0000 79.9720
30.0000 46.7375
30.0000 128.0398
30.0000 65.3212
30.0000 138.2530
30.0000 40.8068
30.0000 104.5027
30.0000 136.4883
30.0000 148.0961
30.0000 68.9505
30.0000 80.9213
30.0000 144.6503
30.0000 51.0603
30.0000 100.6322
30.0000 100.9116
30.0000 38.9583
30.0000 103.9632
30.0000 121.4582
30.0000 82.4889
30.0000 130.2850
30.0000 86.6927
30.0000 108.5748
30.0000 94.4345
30.0000 138.5197
30.0000 119.8606
30.0000 133.6289
30.0000 113.6553
30.0000 150.5915
30.0000 121.0959
30.0000 107.2761
30.0000 102.8711
30.0000 90.5417
30.0000 88.3991
30.0000 84.1386
30.0000 38.5212
30.0000 63.9031
30.0000 20.9403
30.0000 120.3828
30.0000 132.3989
30.0000 132.3778
30.0000 44.5219
30.0000 81.3099
30.0000 87.5631
30.0000 85.0244
30.0000 150.7314
30.0000 107.3640
30.0000 123.3805
30.0000 122.0070
30.0000 58.8526
30.0000 39.7130
30.0000 109.6295
30.0000 127.5727
30.0000 75.3428
30.0000 169.8759
30.0000 153.8229
30.0000 128.5645
30.0000 0.8728
30.0000 79.1974
30.0000 137.8753
30.0000 84.9268
30.0000 85.9681
30.0000 55.9668
30.0000 59.8692
30.0000 88.2872
30.0000 106.9204
30.0000 127.8522
30.0000 74.1924
30.0000 132.9686
30.0000 81.4616
30.0000 117.9657
30.0000 50.6582
30.0000 82.5109
30.0000 76.6072
30.0000 132.1556
30.0000 88.9716
30.0000 59.8931
30.0000 43.4168
30.0000 117.8300
30.0000 114.0890
30.0000 85.6494
30.0000 111.6796
30.0000 87.2015
30.0000 13.7416
30.0000 115.8285
30.0000 167.8494
30.0000 137.5400
30.0000 133.1538
30.0000 145.9524
30.0000 127.7105
30.0000 158.1929
30.0000 60.0559
30.0000 89.4405
30.0000 131.5183
30.0000 72.9938
30.0000 106.1160
30.0000 134.3383
30.0000 36.3997
30.0000 89.9529
30.0000 105.8812
30.0000 77.5794
30.0000 108.8891
30.0000 109.9939
30.0000 55.6004
30.0000 47.8824
30.0000 125.8762
30.0000 165.3570
30.0000 54.0436
30.0000 100.1004
30.0000 136.5789
30.0000 128.4070
30.0000 42.4543
30.0000 103.6574
30.0000 135.7255
30.0000 139.5076
30.0000 89.4310
30.0000 143.4342
30.0000 139.7888
30.0000 115.6805
30.0000 133.3582
30.0000 116.3965
30.0000 78.2174
30.0000 67.6763
30.0000 35.5411
30.0000 76.1997
30.0000 118.4068
30.0000 150.0151
30.0000 19.8878
30.0000 125.2345
30.0000 120.2558
30.0000 139.5824
30.0000 81.9721
30.0000 58.4648
30.0000 60.9216
30.0000 120.7566
30.0000 130.0249
30.0000 116.5112
30.0000 108.2568
30.0000 100.8711
30.0000 95.7685
30.0000 109.4025
30.0000 46.0687
30.0000 27.4963
30.0000 114.5887
30.0000 56.4420
30.0000 146.5725
30.0000 79.7896
30.0000 41.5139
30.0000 130.8980
30.0000 114.8477
30.0000 100.6688
30.0000 135.7443
30.0000 153.6681
30.0000 61.2198
30.0000 136.9377
30.0000 145.3446
30.0000 127.9496
30.0000 93.6314
30.0000 111.4913
30.0000 79.6610
30.0000 94.7770
30.0000 142.3996
30.0000 131.9862
30.0000 165.3675
30.0000 112.2281
30.0000 98.1640
30.0000 80.4200
30.0000 130.7600
30.0000 100.6821
30.0000 60.9215
30.0000 32.5127
30.0000 72.3267
30.0000 124.5087
30.0000 108.0460
30.0000 109.3953
30.0000 124.9910
30.0000 80.5949
30.0000 149.2010
30.0000 53.3816
30.0000 103.7145
30.0000 130.3359
30.0000 61.1489
30.0000 94.8425
30.0000 116.9433
30.0000 119.1202
30.0000 85.8060
30.0000 145.4222
30.0000 59.9518
30.0000 112.6528
30.0000 45.6546
30.0000 18.5057
30.0000 140.0621
30.0000 50.3541
30.0000 77.2562
30.0000 115.4234
30.0000 144.8994
30.0000 119.8948
30.0000 141.0340
30.0000 120.0752
30.0000 39.1747
30.0000 154.2630
30.0000 96.7454
30.0000 66.1445
30.0000 86.3813
30.0000 104.0234
30.0000 73.6333
30.0000 96.1731
30.0000 92.5853
30.0000 45.7629
30.0000 66.2997
30.0000 62.4831
30.0000 71.0831
30.0000 104.2327
30.0000 95.3227
30.0000 141.3076
30.0000 30.4962
30.0000 101.6619
30.0000 95.0521
30.0000 59.4139
30.0000 123.4686
30.0000 142.0391
30.0000 74.1955
30.0000 38.2061
30.0000 147.6311
30.0000 63.0731
30.0000 117.9401
30.0000 129.6159
30.0000 110.1689
30.0000 49.6724
30.0000 130.2935
30.0000 109.1032
30.0000 154.7872
30.0000 60.5686
30.0000 102.3473
30.0000 85.9895
30.0000 66.1130
30.0000 65.2752
30.0000 119.1187
30.0000 159.6791
30.0000 70.0898
30.0000 103.6747
30.0000 128.4385
30.0000 126.2725
30.0000 43.1393
30.0000 50.4090
30.0000 136.2927
30.0000 124.8522
30.0000 97.6343
30.0000 70.0179
30.0000 134.3128
30.0000 84.2880
30.0000 70.4078
30.0000 136.2264
30.0000 132.6668
30.0000 116.7260
30.0000 46.0231
30.0000 94.3717
30.0000 112.6619
30.0000 26.0214
30.0000 110.9396
30.0000 140.6026
30.0000 40.3272
30.0000 165.3877
30.0000 111.8728
30.0000 97.4654
30.0000 91.8328
30.0000 114.6096
30.0000 39.3460
30.0000 87.2918
30.0000 14.9938
30.0000 75.3779
30.0000 106.9388
30.0000 83.3228
30.0000 78.3455
30.0000 141.5200
30.0000 128.1670
30.0000 85.0718
30.0000 86.5132
30.0000 145.5467
30.0000 81.1539
30.0000 70.7121
30.0000 113.3787
30.0000 89.5554
30.0000 152.9413
30.0000 120.1553
30.0000 89.6284
30.0000 55.8003
30.0000 142.9725
30.0000 80.5559
30.0000 133.9890
30.0000 121.1638
30.0000 143.8485
30.0000 117.4737
30.0000 81.7900
30.0000 100.5343
30.0000 17.9206
30.0000 125.9404
30.0000 94.8807
30.0000 125.1077
30.0000 58.8061
30.0000 52.1080
30.0000 35.1545
30.0000 110.4039
30.0000 33.3164
30.0000 51.1304
30.0000 66.0379
30.0000 67.0335
30.0000 111.2484
30.0000 64.7980
30.0000 131.4770
30.0000 91.6682
30.0000 115.4089
30.0000 118.0835
30.0000 113.0806
30.0000 99.7846
30.0000 163.5572
30.0000 116.2510
30.0000 102.2625
30.0000 101.5601
30.0000 129.5069
30.0000 163.1356
30.0000 104.7923
30.0000 80.7354
30.0000 91.4522
30.0000 100.9320
30.0000 114.9041
30.0000 126.9137
30.0000 109.1090
30.0000 108.1211
30.0000 138.5664
30.0000 51.0134
30.0000 143.3275
30.0000 80.9913
30.0000 124.0114
30.0000 140.3921
30.0000 81.7824
30.0000 89.5120
30.0000 95.9987
30.0000 111.5997
30.0000 59.8494
30.0000 162.3179
30.0000 90.2466
30.0000 83.1700
30.0000 129.9995
30.0000 74.1280
30.0000 76.0178
30.0000 67.2362
30.0000 151.8621
30.0000 160.2855
30.0000 122.4615
30.0000 74.6670
30.0000 93.5314
30.0000 93.5648
30.0000 160.4532
30.0000 98.6217
30.0000 123.7788
30.0000 65.0351
30.0000 34.1699
30.0000 74.3820
30.0000 36.6838
30.0000 94.2924
30.0000 43.3066
30.0000 87.8246
30.0000 94.3170
30.0000 112.3464
30.0000 127.0867
30.0000 95.8359
30.0000 151.0345
30.0000 83.2060
30.0000 144.6422
30.0000 152.2968
30.0000 148.3925
30.0000 159.8806
30.0000 104.4693
30.0000 10.4641
30.0000 150.1486
30.0000 44.9543
30.0000 19.9599
30.0000 114.6527
30.0000 121.1028
30.0000 32.7208
30.0000 97.3312
30.0000 77.1918
30.0000 130.6648
30.0000 62.4966
30.0000 76.7845
30.0000 114.2478
30.0000 119.1605
30.0000 38.2981
30.0000 71.7082
30.0000 135.6838
30.0000 47.5021
30.0000 118.4687
30.0000 47.6484
30.0000 123.6029
30.0000 35.8608
30.0000 72.3888
30.0000 138.7695
30.0000 46.4376
30.0000 90.4756
30.0000 121.7017
30.0000 67.3199
30.0000 133.0885
30.0000 90.5817
30.0000 26.8445
30.0000 125.2710
30.0000 108.1476
30.0000 97.1582
30.0000 103.9522
30.0000 69.8544
30.0000 26.5240
30.0000 63.1302
30.0000 114.8155
30.0000 124.7981
30.0000 103.7402
30.0000 88.8691
30.0000 150.9486
30.0000 99.4329
30.0000 142.3647
30.0000 83.7933
30.0000 44.2186
30.0000 100.7905
30.0000 100.7701
30.0000 63.2686
30.0000 104.3649
30.0000 105.2578
30.0000 45.2401
30.0000 114.3740
30.0000 137.6129
30.0000 68.4290
30.0000 57.2875
30.0000 132.6941
30.0000 67.6446
30.0000 63.4306
30.0000 61.3746
30.0000 40.9068
30.0000 148.4216
30.0000 160.7960
30.0000 29.5099
30.0000 86.5210
30.0000 134.3147
30.0000 127.8357
30.0000 157.3406
30.0000 117.9031
30.0000 67.2161
30.0000 164.6660
30.0000 109.6723
30.0000 176.3818
30.0000 67.6895
30.0000 93.5499
30.0000 127.8693
30.0000 117.4614
30.0000 113.6040
30.0000 57.4657
30.0000 137.2911
30.0000 100.3321
30.0000 72.6467
30.0000 130.5327
30.0000 103.4691
30.0000 104.9611
30.0000 114.5184
30.0000 85.2805
30.0000 46.6497
30.0000 75.7365
30.0000 100.7051
30.0000 72.9925
30.0000 50.9048
30.0000 143.3902
30.0000 120.4555
30.0000 98.6897
30.0000 67.7163
30.0000 111.3687
30.0000 99.4767
30.0000 128.1654
30.0000 149.4730
30.0000 153.2367
30.0000 37.2146
30.0000 103.0375
30.0000 104.5062
30.0000 106.8141
30.0000 70.7417
30.0000 53.4697
30.0000 156.2533
30.0000 20.7569
30.0000 66.1325
30.0000 118.8788
30.0000 171.0651
30.0000 116.3461
30.0000 128.7595
30.0000 67.3168
30.0000 90.0300
30.0000 103.2814
30.0000 128.9215
30.0000 128.4814
30.0000 91.2610
30.0000 127.2139
30.0000 106.2240
30.0000 127.7292
30.0000 157.0016
30.0000 131.2879
30.0000 78.1108
30.0000 126.9875
30.0000 111.1870
30.0000 114.0829
30.0000 98.4554
30.0000 78.0189
30.0000 78.9921
30.0000 60.5101
30.0000 49.0024
30.0000 109.3323
30.0000 133.3286
30.0000 111.7750
30.0000 132.0336
30.0000 78.7152
30.0000 50.9250
30.0000 178.0678
30.0000 112.3542
30.0000 113.1341
30.0000 125.1008
30.0000 82.1794
30.0000 80.4778
30.0000 166.2019
30.0000 52.4522
30.0000 81.1673
30.0000 105.2036
30.0000 171.3589
30.0000 66.1815
30.0000 88.6279
30.0000 135.3273
30.0000 72.6086
30.0000 25.6507
30.0000 93.5463
30.0000 99.3852
30.0000 167.2616
30.0000 156.2404
30.0000 149.4477
30.0000 113.8379
30.0000 111.3423
30.0000 146.3792
30.0000 162.2373
30.0000 143.7263
30.0000 108.3436
30.0000 90.5449
30.0000 106.7632
30.0000 64.9960
30.0000 28.1680
30.0000 115.0870
30.0000 119.4181
30.0000 76.0986
30.0000 94.0108
30.0000 160.7322
30.0000 129.8030
30.0000 77.6935
30.0000 95.6343
30.0000 135.5741
30.0000 136.0193
30.0000 125.5591
30.0000 116.9753
30.0000 57.9490
30.0000 58.1111
30.0000 134.7386
30.0000 93.7825
30.0000 138.3139
30.0000 132.5279
30.0000 84.5991
30.0000 90.6337
30.0000 51.7968
30.0000 40.1415
30.0000 118.1471
30.0000 128.5962
30.0000 93.8013
30.0000 120.0354
30.0000 135.0278
30.0000 34.4758
30.0000 105.7110
30.0000 98.0256
30.0000 133.9021
30.0000 144.4768
30.0000 131.9482
30.0000 41.3011
30.0000 64.9662
30.0000 151.1193
30.0000 69.4795
30.0000 99.4590
30.0000 164.5695
30.0000 99.8399
30.0000 98.0038
30.0000 128.2341
30.0000 48.9130
30.0000 166.7008
30.0000 102.3532
30.0000 139.3638
30.0000 130.7612
30.0000 119.2646
30.0000 59.1530
30.0000 75.4248
30.0000 126.5519
30.0000 133.1473
30.0000 132.6151
30.0000 106.7271
30.0000 87.0901
30.0000 93.9721
30.0000 129.7579
30.0000 141.4919
30.0000 40.7801
30.0000 93.9671
30.0000 61.0967
30.0000 80.8291
30.0000 74.0859
30.0000 46.7592
30.0000 74.0141
30.0000 95.1859
30.0000 128.5320
30.0000 107.5241
30.0000 33.2684
30.0000 154.7587
30.0000 124.1123
30.0000 107.2871
30.0000 58.6050
30.0000 127.9476
30.0000 70.8870
30.0000 145.5002
30.0000 143.2164
30.0000 130.5176
30.0000 113.2837
30.0000 60.3812
30.0000 75.1086
30.0000 101.7049
30.0000 123.0559
30.0000 53.6973
30.0000 152.6408
30.0000 95.1700
30.0000 114.3457
30.0000 90.2719
30.0000 62.7150
30.0000 105.1447
30.0000 94.6908
30.0000 81.1206
30.0000 105.5293
30.0000 122.3039
30.0000 37.2460
30.0000 131.2991
30.0000 145.2486
30.0000 123.9646
30.0000 102.5325
30.0000 106.3735
30.0000 165.7791
30.0000 95.2013
30.0000 79.9035
30.0000 164.8997
30.0000 108.4953
30.0000 30.7323
30.0000 127.7209
30.0000 86.6773
30.0000 39.3425
30.0000 154.1211
30.0000 63.1031
30.0000 133.8234
30.0000 97.0930
30.0000 77.4246
30.0000 154.0540
30.0000 88.6506
30.0000 46.6210
30.0000 150.7282
30.0000 101.9989
30.0000 131.1053
30.0000 155.2580
30.0000 127.4716
30.0000 64.7023
30.0000 78.3053
30.0000 146.6339
30.0000 127.3507
30.0000 89.1287
30.0000 102.0681
30.0000 87.3253
30.0000 72.5674
30.0000 148.0378
30.0000 149.4990
30.0000 129.7722
30.0000 116.1434
30.0000 95.2668
30.0000 139.5550
30.0000 36.0712
30.0000 137.1271
30.0000 68.3395
30.0000 71.0120
30.0000 60.5324
30.0000 60.8310
30.0000 108.8964
30.0000 128.6768
30.0000 134.9589
30.0000 105.3113
30.0000 142.5283
30.0000 74.4700
30.0000 121.0946
30.0000 102.8325
30.0000 48.3656
30.0000 93.6570
30.0000 56.4001
30.0000 86.4351
30.0000 105.5616
30.0000 146.8005
30.0000 66.6681
30.0000 93.1928
30.0000 126.0003
30.0000 96.9740
30.0000 118.9204
30.0000 115.3701
30.0000 143.2568
30.0000 125.0997
30.0000 106.5890
30.0000 88.4664
30.0000 119.1155
30.0000 67.4154
30.0000 100.2266
30.0000 127.0440
30.0000 82.8393
30.0000 99.9773
30.0000 150.1685
30.0000 149.5663
30.0000 79.2131
30.0000 107.2981
30.0000 95.5812
30.0000 65.3422
30.0000 108.5924
