7.0000 97.0853
7.0000 98.6101
7.0000 123.2769
7.0000 61.3448
7.0000 77.6473
7.0000 113.5939
7.0000 128.8351
7.0000 55.8933
7.0000 146.6533
7.0000 131.6540
7.0000 135.2622
7.0000 140.0085
7.0000 139.0533
7.0000 126.5322
7.0000 90.8356
7.0000 137.2007
7.0000 111.4477
7.0000 130.1566
7.0000 99.7481
7.0000 96.9977
7.0000 133.5440
7.0000 74.7758
7.0000 117.4543
7.0000 112.3690
7.0000 73.4064
7.0000 136.1814
7.0000 111.8959
7.0000 77.8268
7.0000 107.5893
7.0000 110.6708
7.0000 103.9464
7.0000 154.3419
7.0000 77.3987
7.0000 119.6265
7.0000 127.5922
7.0000 82.6295
7.0000 129.0265
7.0000 101.8867
7.0000 131.8180
7.0000 106.1640
7.0000 111.5650
7.0000 119.7206
7.0000 139.5948
7.0000 75.1508
7.0000 77.6145
7.0000 122.6774
7.0000 107.2554
7.0000 117.3228
7.0000 69.4858
7.0000 89.2924
7.0000 122.3088
7.0000 122.4830
7.0000 106.7003
7.0000 97.6921
7.0000 122.4986
7.0000 140.5117
7.0000 80.5224
7.0000 120.3736
7.0000 120.5421
7.0000 115.0286
7.0000 101.1118
7.0000 81.6435
7.0000 157.7464
7.0000 135.8636
7.0000 131.8911
7.0000 70.6284
7.0000 132.6115
7.0000 127.6174
7.0000 73.8856
7.0000 77.8268
7.0000 143.0954
7.0000 141.1084
7.0000 85.6286
7.0000 141.0087
7.0000 62.1868
7.0000 117.7367
7.0000 128.3350
7.0000 66.0468
7.0000 136.9574
7.0000 77.4477
7.0000 122.5228
7.0000 110.0581
7.0000 111.6211
7.0000 116.2390
7.0000 117.7322
7.0000 115.3518
7.0000 36.2538
7.0000 143.3527
7.0000 115.2774
7.0000 131.2810
7.0000 104.2667
7.0000 144.0388
7.0000 139.3277
7.0000 104.8786
7.0000 129.3694
7.0000 103.0286
7.0000 110.0109
7.0000 121.7764
7.0000 57.9332
7.0000 98.6592
7.0000 113.3861
7.0000 131.2389
7.0000 112.5795
7.0000 67.8447
7.0000 90.5905
7.0000 77.4512
7.0000 84.2122
7.0000 139.8294
7.0000 104.4109
7.0000 145.4628
7.0000 37.8674
7.0000 115.9437
7.0000 120.5146
7.0000 138.8688
7.0000 132.5804
7.0000 125.3122
7.0000 74.9568
7.0000 148.6183
7.0000 146.9788
7.0000 78.8810
7.0000 144.5757
7.0000 88.5489
7.0000 104.3984
7.0000 127.0142
7.0000 138.1683
7.0000 137.0885
7.0000 146.1018
7.0000 101.0902
7.0000 61.9527
7.0000 82.6418
7.0000 122.1170
7.0000 42.8156
7.0000 113.9466
7.0000 100.3917
7.0000 110.4852
7.0000 111.4919
7.0000 116.1638
7.0000 104.7691
7.0000 139.4226
7.0000 52.9109
7.0000 134.0799
7.0000 79.1816
7.0000 117.4047
7.0000 113.7303
7.0000 158.5413
7.0000 110.5694
7.0000 148.1533
7.0000 141.3075
7.0000 129.8767
7.0000 134.8158
7.0000 100.8868
7.0000 148.6339
7.0000 120.5386
7.0000 110.5948
7.0000 138.0798
7.0000 76.8249
7.0000 133.3119
7.0000 160.7410
7.0000 120.2789
7.0000 149.1403
7.0000 114.0873
7.0000 114.5354
7.0000 149.1738
7.0000 136.3584
7.0000 136.2915
7.0000 60.5005
7.0000 116.6770
7.0000 129.9767
7.0000 146.8115
7.0000 70.9047
7.0000 100.4187
7.0000 116.4061
7.0000 112.2448
7.0000 144.1179
7.0000 84.2575
7.0000 123.6374
7.0000 126.6620
7.0000 153.1455
7.0000 119.8194
7.0000 106.9404
7.0000 133.6556
7.0000 134.8287
7.0000 121.5804
7.0000 124.4846
7.0000 159.4972
7.0000 133.0907
7.0000 86.2318
7.0000 70.4152
7.0000 100.1240
7.0000 115.3448
7.0000 53.8518
7.0000 77.7280
7.0000 86.8205
7.0000 88.1157
7.0000 121.0078
7.0000 135.5024
7.0000 49.6892
7.0000 133.6426
7.0000 87.5491
7.0000 102.2492
7.0000 98.0634
7.0000 37.7803
7.0000 140.5727
7.0000 9.7933
7.0000 134.4493
7.0000 124.3537
7.0000 104.7130
7.0000 139.2566
7.0000 163.0270
7.0000 107.7313
7.0000 151.2617
7.0000 51.5508
7.0000 95.5032
7.0000 111.3869
7.0000 70.5268
7.0000 144.6705
7.0000 128.2610
7.0000 109.6978
7.0000 143.3657
7.0000 84.5841
7.0000 96.7457
7.0000 102.1109
7.0000 111.5951
7.0000 119.0386
7.0000 131.5248
7.0000 65.0326
7.0000 91.5347
7.0000 94.2285
7.0000 155.6488
7.0000 99.8706
7.0000 85.1262
7.0000 127.3803
7.0000 114.8150
7.0000 93.8599
7.0000 59.0949
7.0000 78.9082
7.0000 92.0662
7.0000 82.6763
7.0000 119.3060
7.0000 131.8420
7.0000 118.6584
7.0000 148.6340
7.0000 91.8953
7.0000 136.0149
7.0000 109.0451
7.0000 114.4921
7.0000 75.2367
7.0000 107.5079
7.0000 118.9944
7.0000 72.6929
7.0000 126.9539
7.0000 142.8806
7.0000 86.1631
7.0000 112.4517
7.0000 105.5935
7.0000 46.6834
7.0000 143.3553
7.0000 120.3518
7.0000 128.9632
7.0000 93.0564
7.0000 76.4157
7.0000 143.0778
7.0000 101.4863
7.0000 107.1401
7.0000 76.4838
7.0000 84.5985
7.0000 127.9804
7.0000 114.5922
7.0000 136.9696
7.0000 146.6542
7.0000 118.6027
7.0000 118.9508
7.0000 157.8570
7.0000 52.2830
7.0000 136.4599
7.0000 65.5109
7.0000 136.1036
7.0000 146.2731
7.0000 127.7651
7.0000 106.0075
7.0000 92.4947
7.0000 108.4503
7.0000 78.3600
7.0000 125.6470
7.0000 109.5589
7.0000 136.1072
7.0000 121.0196
7.0000 98.6395
7.0000 137.2611
7.0000 156.7899
7.0000 94.8376
7.0000 60.0217
7.0000 110.9180
7.0000 75.3486
7.0000 148.8517
7.0000 156.1316
7.0000 137.8414
7.0000 78.4080
7.0000 132.0977
7.0000 72.4807
7.0000 109.1008
7.0000 97.7073
7.0000 115.5763
7.0000 142.3212
7.0000 101.7200
7.0000 127.1208
7.0000 114.8810
7.0000 80.7837
7.0000 112.9898
7.0000 46.5796
7.0000 95.4112
7.0000 139.9566
7.0000 73.8771
7.0000 107.2669
7.0000 132.8506
7.0000 135.6651
7.0000 105.7801
7.0000 141.3983
7.0000 127.8550
7.0000 52.7070
7.0000 124.4799
7.0000 160.8534
7.0000 97.3617
7.0000 113.5058
7.0000 77.5692
7.0000 123.6963
7.0000 121.5142
7.0000 68.7190
7.0000 80.7364
7.0000 123.2532
7.0000 139.6406
7.0000 70.2766
7.0000 126.3393
7.0000 80.6945
7.0000 159.3527
7.0000 143.7439
7.0000 120.0598
7.0000 83.1326
7.0000 137.6346
7.0000 126.4681
7.0000 96.1290
7.0000 74.9535
7.0000 145.8043
7.0000 112.0882
7.0000 76.7245
7.0000 79.4666
7.0000 145.2439
7.0000 102.3334
7.0000 63.5423
7.0000 117.9144
7.0000 99.4161
7.0000 120.2876
7.0000 22.0157
7.0000 133.5291
7.0000 109.7418
7.0000 47.9157
7.0000 115.0164
7.0000 89.8624
7.0000 123.0198
7.0000 137.8082
7.0000 89.7979
7.0000 129.2831
7.0000 125.8746
7.0000 156.7954
7.0000 121.6948
7.0000 108.3413
7.0000 108.6427
7.0000 152.7940
7.0000 118.9179
7.0000 129.2589
7.0000 92.9756
7.0000 68.4260
7.0000 94.5370
7.0000 78.6989
7.0000 139.4109
7.0000 121.3343
7.0000 100.1682
7.0000 89.0832
7.0000 140.5676
7.0000 80.0045
7.0000 50.3522
7.0000 108.6833
7.0000 90.6799
7.0000 128.2270
7.0000 134.6213
7.0000 53.9355
7.0000 146.3637
7.0000 80.5576
7.0000 130.8058
7.0000 50.6740
7.0000 104.3726
7.0000 133.2025
7.0000 122.5326
7.0000 80.1110
7.0000 50.6119
7.0000 64.0152
7.0000 72.9709
7.0000 114.9584
7.0000 141.1841
7.0000 135.6984
7.0000 108.7575
7.0000 86.1330
7.0000 133.2185
7.0000 93.7732
7.0000 138.0607
7.0000 68.8626
7.0000 89.1078
7.0000 117.2771
7.0000 157.3629
7.0000 144.9886
7.0000 135.6877
7.0000 135.1018
7.0000 113.8173
7.0000 101.6856
7.0000 93.4670
7.0000 25.8314
7.0000 123.6671
7.0000 126.6053
7.0000 64.8889
7.0000 90.9731
7.0000 36.6572
7.0000 113.0755
7.0000 124.6208
7.0000 141.4970
7.0000 144.5979
7.0000 127.3994
7.0000 128.4573
7.0000 63.9111
7.0000 122.9447
7.0000 102.8298
7.0000 110.5284
7.0000 112.6582
7.0000 114.1112
7.0000 133.8458
7.0000 92.8256
7.0000 101.0883
7.0000 118.8685
7.0000 109.2653
7.0000 133.0004
7.0000 132.4858
7.0000 121.4270
7.0000 68.7427
7.0000 138.4168
7.0000 106.7379
7.0000 120.8914
7.0000 141.5174
7.0000 132.9510
7.0000 128.0352
7.0000 118.9018
7.0000 101.0205
7.0000 167.7533
7.0000 80.0975
7.0000 49.0727
7.0000 56.4090
7.0000 74.0220
7.0000 99.2971
7.0000 137.0350
7.0000 100.8487
7.0000 163.3496
7.0000 105.5561
7.0000 91.3489
7.0000 120.3915
7.0000 67.3214
7.0000 98.2488
7.0000 132.5228
7.0000 138.4571
7.0000 128.3866
7.0000 135.3575
7.0000 85.8268
7.0000 69.3119
7.0000 95.5034
7.0000 86.2963
7.0000 143.2570
7.0000 80.9271
7.0000 119.4740
7.0000 97.1237
7.0000 56.3585
7.0000 53.0492
7.0000 125.4999
7.0000 79.0283
7.0000 138.9077
7.0000 110.7710
7.0000 135.0292
7.0000 139.8053
7.0000 68.7857
7.0000 141.2242
7.0000 118.3688
7.0000 115.4055
7.0000 140.6327
7.0000 136.0119
7.0000 114.7645
7.0000 135.5412
7.0000 132.7719
7.0000 139.0012
7.0000 127.8688
7.0000 128.8620
7.0000 149.2492
7.0000 90.2199
7.0000 116.1188
7.0000 111.2860
7.0000 116.6165
7.0000 37.8316
7.0000 69.4514
7.0000 115.2119
7.0000 133.5384
7.0000 113.8334
7.0000 147.3328
7.0000 108.6931
7.0000 108.2940
7.0000 151.1461
7.0000 139.7531
7.0000 125.0658
7.0000 138.1054
7.0000 97.6797
7.0000 138.6433
7.0000 128.2590
7.0000 140.1123
7.0000 134.8238
7.0000 110.0678
7.0000 131.4601
7.0000 133.9290
7.0000 81.8436
7.0000 68.4695
7.0000 148.4920
7.0000 92.5413
7.0000 98.4131
7.0000 115.1112
7.0000 139.8782
7.0000 157.4646
7.0000 75.9654
7.0000 128.4131
7.0000 99.2492
7.0000 135.7113
7.0000 132.3839
7.0000 114.7722
7.0000 101.5966
7.0000 71.6477
7.0000 123.3316
7.0000 135.5538
7.0000 96.0310
7.0000 85.9114
7.0000 94.3562
7.0000 111.6023
7.0000 90.4148
7.0000 131.4753
7.0000 101.0613
7.0000 97.2213
7.0000 115.0993
7.0000 99.1584
7.0000 101.8433
7.0000 107.7165
7.0000 100.5329
7.0000 108.6112
7.0000 91.6137
7.0000 113.3596
7.0000 110.5587
7.0000 81.0759
7.0000 114.3128
7.0000 131.6820
7.0000 140.9836
7.0000 70.1628
7.0000 141.8331
7.0000 84.0280
7.0000 118.2776
7.0000 131.6307
7.0000 129.0932
7.0000 124.5358
7.0000 147.2915
7.0000 80.2961
7.0000 108.3054
7.0000 90.0689
7.0000 129.2469
7.0000 161.1384
7.0000 110.0662
7.0000 124.6341
7.0000 112.9176
7.0000 93.6555
7.0000 138.5151
7.0000 139.8312
7.0000 132.3316
7.0000 148.2728
7.0000 144.9992
7.0000 120.6667
7.0000 38.2184
7.0000 109.0509
7.0000 64.2148
7.0000 126.9762
7.0000 97.3870
7.0000 63.1605
7.0000 19.4954
7.0000 37.8120
7.0000 101.8569
7.0000 126.8806
7.0000 86.9798
7.0000 132.5146
7.0000 122.3904
7.0000 68.0967
7.0000 121.2220
7.0000 123.3359
7.0000 77.2805
7.0000 110.5541
7.0000 141.3040
7.0000 102.2571
7.0000 134.5379
7.0000 17.4721
7.0000 104.8771
7.0000 102.0750
7.0000 133.1987
7.0000 123.8541
7.0000 124.3879
7.0000 118.9460
7.0000 106.3523
7.0000 113.4626
7.0000 73.1922
7.0000 159.0388
7.0000 155.1759
7.0000 94.7576
7.0000 120.7650
7.0000 114.3684
7.0000 144.4092
7.0000 103.1356
7.0000 126.0783
7.0000 133.9518
7.0000 124.4665
7.0000 130.6955
7.0000 101.0453
7.0000 103.0895
7.0000 126.6581
7.0000 113.6563
7.0000 87.3429
7.0000 153.5021
7.0000 164.3359
7.0000 89.7991
7.0000 106.7123
7.0000 84.2149
7.0000 140.7985
7.0000 128.4132
7.0000 135.1131
7.0000 82.9921
7.0000 105.2656
7.0000 88.0104
7.0000 142.5241
7.0000 128.5401
7.0000 129.0908
7.0000 109.7863
7.0000 71.4916
7.0000 105.0018
7.0000 82.0935
7.0000 91.4971
7.0000 90.9715
7.0000 130.9264
7.0000 125.6961
7.0000 84.5689
7.0000 105.5754
7.0000 62.3056
7.0000 98.2772
7.0000 86.8055
7.0000 98.9634
7.0000 103.9692
7.0000 30.1062
7.0000 143.6556
7.0000 122.1971
7.0000 128.1420
7.0000 128.4573
7.0000 64.7606
7.0000 101.9494
7.0000 123.3330
7.0000 54.7378
7.0000 121.6910
7.0000 147.2343
7.0000 119.6522
7.0000 106.5680
7.0000 109.0820
7.0000 117.3512
7.0000 68.0373
7.0000 111.8389
7.0000 128.9379
7.0000 143.3517
7.0000 143.1493
7.0000 109.1766
7.0000 66.3913
7.0000 115.9368
7.0000 77.2620
7.0000 136.3243
7.0000 137.3664
7.0000 115.3818
7.0000 86.7417
7.0000 150.7512
7.0000 147.6999
7.0000 39.2529
7.0000 95.2788
7.0000 112.8682
7.0000 86.2016
7.0000 108.1310
7.0000 122.0717
7.0000 84.8107
7.0000 128.7952
7.0000 142.0176
7.0000 96.3950
7.0000 95.0712
7.0000 115.6356
7.0000 114.2295
7.0000 120.3058
7.0000 159.8223
7.0000 110.6008
7.0000 95.5947
7.0000 111.8784
7.0000 136.9328
7.0000 119.5689
7.0000 104.3369
7.0000 116.0023
7.0000 126.2383
7.0000 126.1252
7.0000 136.1378
7.0000 112.1812
7.0000 142.2277
7.0000 94.7048
7.0000 134.5070
7.0000 129.8973
7.0000 54.4988
7.0000 151.4445
7.0000 82.0587
7.0000 131.9915
7.0000 135.2199
7.0000 92.8637
7.0000 126.9148
7.0000 74.0421
7.0000 158.0434
7.0000 111.6494
7.0000 132.2147
7.0000 75.1160
7.0000 146.8929
7.0000 98.4286
7.0000 122.9985
7.0000 91.6048
7.0000 124.8609
7.0000 90.0383
7.0000 89.9582
7.0000 71.0804
7.0000 102.7958
7.0000 114.6637
7.0000 130.4190
7.0000 111.8717
7.0000 131.8714
7.0000 127.6884
7.0000 131.3141
7.0000 58.2141
7.0000 52.0958
7.0000 73.2889
7.0000 85.2441
7.0000 120.2743
7.0000 139.4988
7.0000 102.7768
7.0000 77.6398
7.0000 125.0402
7.0000 133.4299
7.0000 141.9993
7.0000 125.4771
7.0000 122.2873
7.0000 71.3860
7.0000 131.0995
7.0000 107.2512
7.0000 94.9744
7.0000 84.2219
7.0000 125.8410
7.0000 118.5227
7.0000 62.0255
7.0000 127.2553
7.0000 129.1997
7.0000 88.4323
7.0000 95.3345
7.0000 58.3056
7.0000 140.0137
7.0000 133.3540
7.0000 139.2040
7.0000 137.6273
7.0000 124.2086
7.0000 77.1425
7.0000 148.1389
7.0000 95.3714
7.0000 126.1680
7.0000 143.2306
7.0000 125.5645
7.0000 121.6391
7.0000 97.9059
7.0000 94.6147
7.0000 56.4329
7.0000 131.4385
7.0000 92.7401
7.0000 88.5615
7.0000 129.8398
7.0000 94.0073
7.0000 139.6722
7.0000 82.4709
7.0000 68.8888
7.0000 121.1350
7.0000 117.6759
7.0000 157.3631
7.0000 140.7403
7.0000 100.4057
7.0000 139.0260
7.0000 111.2283
7.0000 137.7742
7.0000 139.8087
7.0000 141.8870
7.0000 114.1321
7.0000 96.7323
7.0000 141.5572
7.0000 142.6239
7.0000 102.8734
7.0000 49.3033
7.0000 136.8656
7.0000 124.2666
7.0000 43.8693
7.0000 104.0896
7.0000 94.1690
7.0000 118.7709
7.0000 95.5205
7.0000 111.2965
7.0000 91.2758
7.0000 127.6067
7.0000 118.4206
7.0000 143.8183
7.0000 147.6819
7.0000 119.0046
7.0000 121.9603
7.0000 131.2382
7.0000 114.3667
7.0000 117.6797
7.0000 120.0627
7.0000 57.1866
7.0000 64.1252
7.0000 138.8054
7.0000 108.2829
7.0000 78.9893
7.0000 136.4251
7.0000 85.4645
7.0000 98.2557
7.0000 131.8232
7.0000 125.8771
7.0000 129.9037
7.0000 115.1569
7.0000 97.5240
7.0000 114.2997
7.0000 127.0720
7.0000 145.5074
7.0000 130.3994
7.0000 54.8613
7.0000 78.3076
7.0000 97.0635
7.0000 123.6219
7.0000 84.2601
7.0000 80.0193
7.0000 128.9512
7.0000 129.7696
7.0000 36.8380
7.0000 87.3745
7.0000 145.8192
7.0000 102.3412
7.0000 110.1341
7.0000 96.4726
7.0000 138.7961
7.0000 104.6309
7.0000 131.4776
7.0000 120.9860
7.0000 145.9753
7.0000 129.4553
7.0000 86.3504
7.0000 133.2022
7.0000 124.2209
7.0000 81.1213
7.0000 117.4315
7.0000 42.5705
7.0000 112.8223
7.0000 115.6310
7.0000 58.7403
7.0000 125.7190
7.0000 66.3253
7.0000 69.6650
7.0000 129.4139
7.0000 136.9279
7.0000 118.9817
7.0000 159.5227
7.0000 142.4086
7.0000 123.7844
7.0000 117.5213
7.0000 94.6924
7.0000 120.5062
7.0000 96.0773
7.0000 49.4742
7.0000 144.9093
7.0000 106.3334
7.0000 84.0488
7.0000 112.0927
7.0000 140.1300
7.0000 42.0571
7.0000 121.9157
7.0000 95.1233
7.0000 153.2499
7.0000 136.3537
7.0000 137.8549
7.0000 114.9787
7.0000 123.9181
7.0000 140.1598
7.0000 115.3865
7.0000 117.3646
7.0000 115.1182
7.0000 119.4981
7.0000 118.5350
7.0000 121.9499
7.0000 148.9150
7.0000 128.0907
7.0000 138.3575
7.0000 157.3342
7.0000 137.7646
7.0000 90.6824
7.0000 151.0691
7.0000 130.6221
7.0000 85.7339
7.0000 146.7207
7.0000 149.9411
7.0000 98.6676
7.0000 92.1228
7.0000 71.3162
7.0000 133.2038
7.0000 59.9499
7.0000 85.9325
7.0000 83.5151
7.0000 97.0078
7.0000 162.9067
7.0000 140.5888
7.0000 92.5426
7.0000 77.5785
7.0000 78.7365
7.0000 134.5837
7.0000 110.4982
7.0000 22.9194
7.0000 93.1761
7.0000 119.0262
7.0000 41.5498
7.0000 97.5692
7.0000 101.6259
7.0000 86.9293
7.0000 136.6971
7.0000 125.9471
7.0000 113.0567
7.0000 140.1320
7.0000 117.1443
7.0000 75.5251
7.0000 137.2051
7.0000 99.8028
7.0000 79.9828
7.0000 127.0566
7.0000 133.1437
7.0000 75.6327
7.0000 113.6976
7.0000 108.8931
7.0000 111.9062
7.0000 115.6728
7.0000 145.8486
7.0000 137.9504
7.0000 72.6757
7.0000 94.4038
7.0000 114.4079
7.0000 121.8182
7.0000 110.5350
7.0000 45.1511
7.0000 135.3376
7.0000 77.0793
7.0000 88.0991
7.0000 152.0027
7.0000 49.0421
7.0000 101.6385
7.0000 110.9074
7.0000 126.9721
7.0000 135.4793
7.0000 127.2290
7.0000 145.8577
7.0000 99.6577
7.0000 36.3512
7.0000 67.6830
7.0000 105.0811
7.0000 118.4537
7.0000 107.3625
7.0000 110.3560
7.0000 144.1130
7.0000 104.6406
7.0000 74.6592
7.0000 119.3605
7.0000 128.4275
7.0000 116.9027
7.0000 72.3470
7.0000 136.4432
7.0000 110.1301
7.0000 45.5892
7.0000 122.3628
7.0000 143.0010
7.0000 128.2744
7.0000 106.5913
7.0000 139.4517
7.0000 116.0054
7.0000 143.8916
7.0000 121.4466
7.0000 78.4724
7.0000 111.6923
7.0000 102.0211
7.0000 64.9142
7.0000 144.9525
7.0000 156.8852
7.0000 121.7432
7.0000 130.5790
7.0000 125.9603
7.0000 139.5653
7.0000 77.8578
7.0000 139.3334
7.0000 130.3752
7.0000 136.4570
7.0000 90.7320
7.0000 13.7024
7.0000 117.1526
7.0000 128.2697
7.0000 77.3304
7.0000 141.8965
7.0000 93.0716
7.0000 138.9951
7.0000 70.2446
7.0000 135.1450
7.0000 124.0675
7.0000 113.5622
7.0000 107.7727
7.0000 132.6368
7.0000 89.9007
7.0000 74.9684
7.0000 89.8376
7.0000 145.9878
7.0000 123.0116
7.0000 123.8057
7.0000 110.3867
7.0000 109.1998
7.0000 126.2870
7.0000 147.6369
7.0000 65.0578
7.0000 53.0111
7.0000 145.3578
7.0000 116.2455
7.0000 151.4233
7.0000 142.1975
7.0000 93.1082
7.0000 107.3179
7.0000 109.7116
7.0000 117.8827
7.0000 147.5521
7.0000 93.7466
7.0000 91.5878
7.0000 36.1924
7.0000 111.1819
7.0000 137.0890
7.0000 97.4487
7.0000 117.9533
7.0000 125.9341
7.0000 118.0459
7.0000 80.4416
7.0000 131.7260
7.0000 138.5523
7.0000 95.3855
7.0000 70.8335
7.0000 139.4609
7.0000 135.7230
7.0000 102.3276
7.0000 86.2011
7.0000 70.8044
7.0000 152.1327
7.0000 100.5370
7.0000 120.7425
7.0000 95.0508
7.0000 111.0062
7.0000 143.2068
7.0000 18.0375
7.0000 117.6763
7.0000 81.8665
7.0000 116.4828
7.0000 110.5712
7.0000 146.8973
7.0000 74.0891
7.0000 88.6014
7.0000 127.9754
7.0000 135.3104
7.0000 103.1489
7.0000 126.2548
7.0000 117.3768
7.0000 149.5812
7.0000 119.9927
7.0000 118.2535
7.0000 50.4960
7.0000 124.7591
7.0000 119.7375
7.0000 140.9785
7.0000 97.8557
7.0000 155.4240
7.0000 108.4368
7.0000 133.5543
7.0000 117.3287
7.0000 79.0751
7.0000 127.4973
7.0000 122.0211
7.0000 90.3318
7.0000 84.0505
7.0000 120.2493
7.0000 97.7091
7.0000 41.2502
7.0000 143.1102
7.0000 126.7017
7.0000 143.3428
7.0000 142.2741
7.0000 101.7532
7.0000 126.2307
7.0000 103.5473
7.0000 154.9310
7.0000 94.9814
7.0000 127.3427
7.0000 138.4493
7.0000 117.3338
7.0000 77.7684
7.0000 130.9556
7.0000 165.5149
7.0000 117.3596
7.0000 165.4464
7.0000 99.8814
7.0000 133.5233
7.0000 109.3626
7.0000 164.9442
7.0000 119.6521
7.0000 136.5281
7.0000 105.7429
7.0000 123.7173
7.0000 81.5775
7.0000 83.3403
7.0000 106.0075
7.0000 143.9018
7.0000 130.2691
7.0000 93.0213
7.0000 102.1503
7.0000 140.8244
7.0000 127.1690
7.0000 107.1874
7.0000 106.3105
7.0000 134.3754
7.0000 99.5224
7.0000 41.9388
7.0000 129.7578
7.0000 101.1045
7.0000 147.4906
7.0000 133.7138
7.0000 108.0923
7.0000 134.4259
7.0000 127.4117
7.0000 94.3472
7.0000 110.4639
7.0000 105.5116
7.0000 116.0102
7.0000 113.2842
7.0000 116.5838
7.0000 71.8835
7.0000 95.6649
7.0000 103.7496
7.0000 96.4290
7.0000 117.8063
7.0000 87.4435
7.0000 79.1501
7.0000 108.0883
7.0000 145.4468
7.0000 118.4053
7.0000 118.5786
7.0000 101.2560
7.0000 133.5621
7.0000 51.5824
7.0000 46.4337
7.0000 72.0953
7.0000 134.3683
7.0000 94.9628
7.0000 105.0660
7.0000 119.6754
7.0000 107.9435
7.0000 104.3332
7.0000 106.4841
7.0000 129.4222
7.0000 143.4601
7.0000 95.6612
7.0000 91.9140
7.0000 138.0688
7.0000 146.5595
7.0000 127.6748
7.0000 125.7478
7.0000 143.1390
7.0000 92.6409
7.0000 121.8056
7.0000 124.6793
7.0000 134.1852
7.0000 64.0372
7.0000 73.4212
7.0000 123.9274
7.0000 139.2261
7.0000 133.8196
7.0000 125.2241
7.0000 90.0960
7.0000 145.1378
7.0000 84.5839
7.0000 136.7111
7.0000 74.8862
7.0000 106.4270
7.0000 157.5678
7.0000 117.8442
7.0000 97.1371
7.0000 121.6466
7.0000 62.7248
7.0000 129.5891
7.0000 136.0047
7.0000 73.5868
7.0000 72.2994
7.0000 118.3972
7.0000 87.6744
7.0000 111.8596
7.0000 116.0613
7.0000 125.6361
7.0000 25.6696
7.0000 137.5648
7.0000 40.5752
7.0000 106.9678
7.0000 123.7444
7.0000 110.2647
7.0000 92.8703
7.0000 76.5143
7.0000 85.6542
7.0000 134.9059
7.0000 117.2176
7.0000 94.8977
7.0000 108.8055
7.0000 85.9706
7.0000 69.0299
7.0000 127.7766
7.0000 129.2244
7.0000 107.4128
7.0000 96.4720
7.0000 111.7605
7.0000 142.6340
7.0000 76.2573
7.0000 121.9999
7.0000 105.9236
7.0000 147.2301
7.0000 100.4688
7.0000 81.1871
7.0000 127.8997
7.0000 92.5010
7.0000 76.7515
7.0000 133.7636
7.0000 139.4114
7.0000 126.5526
7.0000 93.6675
7.0000 68.2697
7.0000 120.1145
7.0000 52.1529
7.0000 80.6621
7.0000 39.0856
7.0000 158.9759
7.0000 105.3057
7.0000 99.9470
7.0000 131.8897
7.0000 82.9858
7.0000 100.9954
7.0000 121.4583
7.0000 108.3674
7.0000 122.7589
7.0000 75.4597
7.0000 141.8033
7.0000 60.8200
7.0000 119.9879
7.0000 124.6167
7.0000 152.8368
7.0000 90.8539
7.0000 136.9754
7.0000 140.8836
7.0000 121.4087
7.0000 150.7918
7.0000 140.3668
7.0000 110.1742
7.0000 145.7789
7.0000 112.3192
7.0000 22.6616
7.0000 139.2917
7.0000 133.0152
7.0000 13.7129
7.0000 102.1232
7.0000 117.7990
7.0000 131.0156
7.0000 69.4210
7.0000 110.5398
7.0000 133.8539
7.0000 134.1414
7.0000 128.1199
7.0000 130.6271
7.0000 77.4063
7.0000 136.1354
7.0000 148.4849
7.0000 108.3262
7.0000 62.2747
7.0000 79.9471
7.0000 104.7821
7.0000 72.6390
7.0000 111.1196
7.0000 118.9757
7.0000 120.0089
7.0000 124.0361
7.0000 79.7294
7.0000 131.1478
7.0000 98.6485
7.0000 39.1986
7.0000 57.2063
7.0000 88.1492
7.0000 87.3601
7.0000 58.1778
7.0000 79.0491
7.0000 76.7801
7.0000 99.1532
7.0000 147.8590
7.0000 126.3850
7.0000 143.5021
7.0000 79.1623
7.0000 139.1936
7.0000 66.3310
7.0000 103.3955
7.0000 92.0595
7.0000 110.5621
7.0000 143.5087
7.0000 124.8834
7.0000 123.7466
7.0000 30.8192
7.0000 145.8863
7.0000 130.2529
7.0000 53.1745
7.0000 75.2803
7.0000 62.5458
7.0000 106.9344
7.0000 114.2388
7.0000 127.4302
7.0000 119.6136
7.0000 124.5753
7.0000 134.8354
7.0000 116.8998
7.0000 135.3336
7.0000 121.5853
7.0000 60.9035
7.0000 80.2100
7.0000 111.2937
7.0000 154.0534
7.0000 101.8284
7.0000 138.2727
7.0000 142.3698
7.0000 112.9359
7.0000 79.0213
7.0000 74.7928
7.0000 118.2672
7.0000 89.4215
7.0000 69.5774
7.0000 132.3132
7.0000 155.9521
7.0000 101.7173
7.0000 123.1550
7.0000 27.9863
7.0000 126.3197
7.0000 161.8702
7.0000 11.1893
7.0000 76.2615
7.0000 99.5216
7.0000 110.6997
7.0000 116.4895
7.0000 90.5317
7.0000 55.4376
7.0000 127.1974
7.0000 136.6131
7.0000 77.6295
7.0000 115.0496
7.0000 126.5435
7.0000 66.5003
7.0000 113.8874
7.0000 113.0062
7.0000 59.9976
7.0000 134.0295
7.0000 124.6145
7.0000 80.6185
7.0000 84.4616
7.0000 74.1478
7.0000 129.5020
7.0000 129.8787
7.0000 143.4830
7.0000 137.4254
7.0000 150.5240
7.0000 128.8490
7.0000 143.2352
7.0000 130.6797
7.0000 127.7169
7.0000 110.0229
7.0000 59.8074
7.0000 81.2688
7.0000 123.3619
7.0000 87.0241
7.0000 81.3984
7.0000 130.0496
7.0000 100.9590
7.0000 136.4457
7.0000 97.0585
7.0000 136.3384
7.0000 72.0693
7.0000 147.1279
7.0000 108.2368
7.0000 106.5493
7.0000 106.3722
7.0000 100.0298
7.0000 89.2462
7.0000 105.8985
7.0000 114.4858
7.0000 137.5026
7.0000 130.7185
7.0000 108.0903
7.0000 123.9679
7.0000 120.6759
7.0000 44.9517
7.0000 65.7718
7.0000 125.2239
7.0000 132.5036
7.0000 81.1826
7.0000 105.1725
7.0000 96.9584
7.0000 130.6523
7.0000 67.0797
7.0000 139.7114
7.0000 116.6374
7.0000 16.6030
7.0000 153.8614
7.0000 135.1896
7.0000 128.3119
7.0000 128.1687
7.0000 75.4773
7.0000 78.7405
7.0000 137.0580
7.0000 143.9784
7.0000 161.2882
7.0000 126.7952
7.0000 115.1513
7.0000 102.5126
7.0000 126.7565
7.0000 120.2417
7.0000 54.4442
7.0000 142.5473
7.0000 86.1263
7.0000 130.8241
7.0000 122.9480
7.0000 134.1108
7.0000 134.8274
7.0000 108.6291
7.0000 119.1632
7.0000 144.2482
7.0000 83.8025
7.0000 76.9364
7.0000 145.4268
7.0000 150.6507
7.0000 78.7604
7.0000 73.0143
7.0000 117.5671
7.0000 66.4586
7.0000 16.0125
7.0000 136.8013
7.0000 118.3369
7.0000 68.2007
7.0000 130.9525
7.0000 126.1308
7.0000 69.5589
7.0000 63.4074
7.0000 107.6489
7.0000 73.5284
7.0000 99.7213
7.0000 145.3517
7.0000 34.5089
7.0000 89.7175
7.0000 132.2387
7.0000 130.5785
7.0000 134.4593
7.0000 100.8160
7.0000 141.9231
7.0000 110.6730
7.0000 150.1867
7.0000 143.2943
7.0000 30.1933
7.0000 88.9655
7.0000 120.7749
7.0000 131.2291
7.0000 81.3705
7.0000 70.3555
7.0000 86.3815
7.0000 87.4905
7.0000 125.6959
7.0000 127.7658
7.0000 117.5453
7.0000 132.7775
7.0000 77.6095
7.0000 116.2179
7.0000 150.6121
7.0000 136.4082
7.0000 117.0591
7.0000 149.1902
7.0000 146.6298
7.0000 109.8703
7.0000 103.9042
7.0000 74.4995
7.0000 141.9841
7.0000 118.5270
7.0000 89.5351
7.0000 148.2573
7.0000 105.0587
7.0000 119.8419
7.0000 101.2994
7.0000 87.0260
7.0000 79.4953
7.0000 68.9585
7.0000 107.4804
7.0000 128.2852
7.0000 147.1642
7.0000 130.7875
7.0000 72.6519
7.0000 116.8618
7.0000 64.7933
7.0000 124.1458
7.0000 99.8180
7.0000 31.3157
7.0000 144.1598
7.0000 88.0280
7.0000 137.5269
7.0000 128.6323
7.0000 125.2777
7.0000 130.2408
7.0000 132.6975
7.0000 99.8564
7.0000 104.3137
7.0000 70.0040
7.0000 67.8692
7.0000 108.3157
7.0000 151.1376
7.0000 140.3798
7.0000 94.7749
7.0000 162.5283
7.0000 98.8415
7.0000 110.7648
7.0000 99.7606
7.0000 110.7587
7.0000 128.5411
7.0000 78.4072
7.0000 74.4166
7.0000 118.5956
7.0000 120.2785
7.0000 100.4617
7.0000 125.0667
7.0000 110.1448
7.0000 98.8899
7.0000 100.4671
7.0000 62.1397
7.0000 114.0368
7.0000 123.0122
7.0000 126.4956
7.0000 136.2356
7.0000 64.0127
7.0000 108.4843
7.0000 129.7988
7.0000 117.9578
7.0000 43.1878
7.0000 120.7425
7.0000 152.2395
7.0000 70.2275
7.0000 100.9812
7.0000 81.9109
7.0000 139.8417
7.0000 147.1586
7.0000 110.8937
7.0000 95.3277
7.0000 131.1940
7.0000 125.3434
7.0000 108.4874
7.0000 122.4667
7.0000 126.6380
7.0000 95.7169
7.0000 37.9633
7.0000 96.4936
7.0000 137.9270
7.0000 121.7883
7.0000 83.2429
7.0000 136.1722
7.0000 131.8713
7.0000 78.9147
7.0000 128.1038
7.0000 102.6979
7.0000 127.9885
7.0000 111.0076
7.0000 111.9514
7.0000 104.8302
7.0000 109.4926
7.0000 63.5201
7.0000 102.7601
7.0000 109.3323
7.0000 139.0203
7.0000 147.9642
7.0000 111.4696
7.0000 99.3855
7.0000 107.8584
7.0000 100.2205
7.0000 134.2057
7.0000 101.3029
7.0000 138.7807
7.0000 123.9660
7.0000 64.7410
7.0000 90.3480
7.0000 138.3190
7.0000 81.8635
7.0000 93.9460
7.0000 117.3062
7.0000 107.6271
7.0000 135.6119
7.0000 102.5139
7.0000 137.1657
7.0000 131.6590
7.0000 146.2324
7.0000 101.4031
7.0000 110.7947
7.0000 116.4019
7.0000 137.7463
7.0000 100.5947
7.0000 121.3831
7.0000 103.6902
7.0000 135.7169
7.0000 123.7988
7.0000 140.9985
7.0000 86.8899
7.0000 149.6055
7.0000 142.0392
7.0000 114.1827
7.0000 112.1356
7.0000 100.6012
7.0000 128.4319
7.0000 82.5451
7.0000 59.7448
7.0000 131.5144
7.0000 121.5416
7.0000 148.2653
7.0000 126.5108
7.0000 120.2263
7.0000 66.4436
7.0000 43.2021
7.0000 112.9205
7.0000 130.4253
7.0000 88.8405
7.0000 134.7699
7.0000 120.1433
7.0000 22.3955
7.0000 150.2623
7.0000 86.8803
7.0000 98.3639
7.0000 17.1285
7.0000 102.4205
7.0000 82.7764
7.0000 122.2812
7.0000 126.1448
7.0000 115.3254
7.0000 130.6040
7.0000 129.8515
7.0000 113.8450
7.0000 119.9004
7.0000 143.5924
7.0000 56.8487
7.0000 140.8861
7.0000 91.1458
7.0000 132.3997
7.0000 86.3737
7.0000 151.8567
7.0000 52.2242
7.0000 85.7524
7.0000 117.1731
7.0000 140.4825
7.0000 158.3236
7.0000 58.3016
7.0000 103.3403
7.0000 114.4797
7.0000 148.0915
7.0000 142.8367
7.0000 78.5590
7.0000 71.9466
7.0000 119.0640
7.0000 155.8155
7.0000 144.8191
7.0000 107.1491
7.0000 104.3028
7.0000 151.9681
7.0000 127.0571
7.0000 39.9485
7.0000 123.2518
7.0000 115.2283
7.0000 137.7497
7.0000 105.0905
7.0000 108.3081
7.0000 166.6879
7.0000 133.2975
7.0000 146.0908
7.0000 99.1304
7.0000 112.2710
7.0000 125.9991
7.0000 83.9071
7.0000 80.1515
7.0000 142.7771
7.0000 131.4725
7.0000 78.1227
7.0000 134.8295
7.0000 113.4957
7.0000 138.7832
7.0000 65.7654
7.0000 71.3991
7.0000 99.4194
7.0000 105.5181
7.0000 116.8068
7.0000 88.0165
7.0000 144.0333
7.0000 104.8148
7.0000 128.3110
7.0000 105.3094
7.0000 128.8484
7.0000 145.1885
7.0000 135.7898
7.0000 124.6345
7.0000 153.5404
7.0000 151.7130
7.0000 136.8165
7.0000 120.7198
7.0000 124.5877
7.0000 115.9653
7.0000 116.8083
7.0000 144.1822
7.0000 74.5224
7.0000 145.1349
7.0000 103.4100
7.0000 95.7496
7.0000 128.2028
7.0000 136.0120
7.0000 151.9736
7.0000 127.8602
7.0000 100.9420
7.0000 132.6336
7.0000 107.2224
7.0000 81.2256
7.0000 83.6029
7.0000 125.2353
7.0000 106.4837
7.0000 128.2925
7.0000 155.3959
7.0000 126.3942
7.0000 124.6237
7.0000 87.0426
7.0000 149.1295
7.0000 144.4328
7.0000 107.9448
7.0000 66.8788
7.0000 120.1792
7.0000 93.7870
7.0000 124.5063
7.0000 124.2349
7.0000 136.5622
7.0000 152.8621
7.0000 125.9557
7.0000 104.3834
7.0000 104.2129
7.0000 114.4178
7.0000 116.4117
7.0000 134.8107
7.0000 143.2004
7.0000 114.5079
7.0000 81.4450
7.0000 126.3934
7.0000 138.6845
7.0000 87.3529
7.0000 133.4784
7.0000 135.9722
7.0000 115.4796
7.0000 57.9041
7.0000 49.5309
7.0000 120.0790
7.0000 115.5300
7.0000 122.3427
7.0000 24.7679
7.0000 68.3135
7.0000 141.5075
7.0000 49.6160
7.0000 66.3998
7.0000 110.4633
7.0000 53.8152
7.0000 87.6753
7.0000 80.1727
7.0000 141.6680
7.0000 61.5065
7.0000 126.5983
7.0000 108.7615
7.0000 88.6980
7.0000 106.1998
7.0000 49.8563
7.0000 72.1691
7.0000 56.1335
7.0000 121.5393
7.0000 130.7071
7.0000 85.4662
7.0000 125.7685
7.0000 149.5002
7.0000 103.7807
7.0000 146.5141
7.0000 120.7219
7.0000 86.3938
7.0000 79.3360
7.0000 161.0675
7.0000 129.9718
7.0000 131.6545
7.0000 115.7546
7.0000 94.5344
7.0000 89.5935
7.0000 142.1322
7.0000 120.0370
7.0000 146.6497
7.0000 102.4595
7.0000 114.6799
7.0000 141.8275
7.0000 129.1875
7.0000 105.3881
7.0000 151.2059
7.0000 150.4560
7.0000 41.5007
7.0000 85.4691
7.0000 126.1822
7.0000 60.3622
7.0000 98.0745
7.0000 113.7648
7.0000 95.3800
7.0000 125.5970
7.0000 138.3680
7.0000 96.4805
7.0000 80.0805
7.0000 131.1525
7.0000 141.3191
7.0000 107.4523
7.0000 114.7668
7.0000 92.1508
7.0000 129.3041
7.0000 104.4977
7.0000 99.4020
7.0000 106.9189
7.0000 78.7332
7.0000 105.6221
7.0000 54.3891
7.0000 131.9014
7.0000 82.4454
7.0000 60.2649
7.0000 37.1712
7.0000 152.0295
7.0000 135.4979
7.0000 134.7900
7.0000 14.1557
7.0000 154.8841
7.0000 134.7076
7.0000 103.0224
7.0000 156.3975
7.0000 117.4461
7.0000 93.1733
7.0000 121.7361
7.0000 120.9250
7.0000 102.8264
7.0000 120.1638
7.0000 84.2120
7.0000 146.2901
7.0000 84.2281
7.0000 134.5116
7.0000 143.9946
7.0000 44.0528
7.0000 89.5909
7.0000 157.0294
7.0000 79.2811
7.0000 129.8390
7.0000 95.3075
7.0000 136.7028
7.0000 120.0967
7.0000 143.0333
7.0000 128.4002
7.0000 98.0241
7.0000 92.5151
7.0000 126.8046
7.0000 121.3667
7.0000 120.6174
7.0000 121.4905
7.0000 136.5453
7.0000 66.7007
7.0000 149.9317
7.0000 104.0861
7.0000 58.5366
7.0000 102.6858
7.0000 106.4943
7.0000 143.3696
7.0000 76.4828
7.0000 120.6003
7.0000 131.1057
7.0000 87.9457
7.0000 63.7568
7.0000 120.7784
7.0000 119.1250
7.0000 153.6694
7.0000 152.8636
7.0000 132.2044
7.0000 137.6298
7.0000 143.3778
7.0000 97.1670
7.0000 104.8985
7.0000 139.4141
7.0000 143.6134
7.0000 44.3651
7.0000 126.0027
7.0000 12.2044
7.0000 75.5150
7.0000 104.8503
7.0000 131.2105
7.0000 128.6740
7.0000 84.7937
7.0000 80.3185
7.0000 116.8640
7.0000 149.0197
7.0000 139.9811
7.0000 122.2742
7.0000 111.2594
7.0000 60.0373
7.0000 122.8093
7.0000 67.3016
7.0000 132.0846
7.0000 104.8644
7.0000 129.1590
7.0000 158.7492
7.0000 27.8664
7.0000 153.7197
7.0000 142.2446
7.0000 117.7834
7.0000 60.7051
7.0000 133.7950
7.0000 122.3997
7.0000 139.0887
7.0000 128.6939
7.0000 101.7107
7.0000 53.4919
7.0000 107.8688
7.0000 137.5406
7.0000 127.2478
7.0000 146.0377
7.0000 140.3778
7.0000 115.4895
7.0000 136.4027
7.0000 81.0219
7.0000 116.5251
7.0000 75.2040
7.0000 69.6562
7.0000 88.3115
7.0000 78.2600
7.0000 132.4276
7.0000 128.7698
7.0000 106.1173
7.0000 132.7530
7.0000 83.2832
7.0000 118.3432
7.0000 94.4687
7.0000 117.3212
7.0000 111.6766
7.0000 114.5635
7.0000 76.7099
7.0000 71.4999
7.0000 62.0449
7.0000 136.7312
7.0000 129.3479
7.0000 128.6518
7.0000 132.4167
7.0000 95.8159
7.0000 118.1427
7.0000 125.8470
7.0000 144.2270
7.0000 106.7885
7.0000 120.4334
7.0000 43.0687
7.0000 114.9664
7.0000 128.8113
7.0000 75.4799
7.0000 128.1820
7.0000 143.7303
7.0000 117.2749
7.0000 116.1706
7.0000 97.1603
7.0000 75.6367
7.0000 105.4310
7.0000 97.7506
7.0000 138.7167
7.0000 136.0888
7.0000 71.9082
7.0000 108.2824
7.0000 81.7928
7.0000 113.9752
7.0000 138.0074
7.0000 77.1022
7.0000 125.7510
7.0000 130.6952
7.0000 129.9403
7.0000 89.2345
7.0000 90.3873
7.0000 72.9556
7.0000 80.9847
7.0000 104.1835
7.0000 133.0270
7.0000 114.1081
7.0000 139.7536
7.0000 105.3592
7.0000 144.2304
7.0000 46.8161
7.0000 127.9212
7.0000 148.3408
7.0000 104.9592
7.0000 136.3246
7.0000 143.9340
7.0000 133.6893
7.0000 112.8491
7.0000 132.1334
7.0000 98.4621
7.0000 124.9076
7.0000 85.2989
7.0000 135.3332
7.0000 75.4165
7.0000 106.6106
7.0000 158.9770
7.0000 108.5178
7.0000 126.5930
7.0000 119.1971
7.0000 93.2233
7.0000 127.3763
7.0000 64.9973
7.0000 133.0560
7.0000 147.2908
7.0000 129.6142
7.0000 86.4596
7.0000 107.3426
7.0000 118.8424
7.0000 86.4913
7.0000 149.2884
7.0000 136.8175
7.0000 104.0185
7.0000 108.5583
7.0000 122.4753
7.0000 146.0624
7.0000 96.8592
7.0000 121.2962
7.0000 55.9204
7.0000 76.2910
7.0000 89.4655
7.0000 106.3152
7.0000 115.2441
7.0000 53.1243
7.0000 131.1496
7.0000 138.7283
7.0000 135.4495
7.0000 72.4685
7.0000 94.5671
7.0000 87.1843
7.0000 114.3002
7.0000 121.2148
7.0000 130.7565
7.0000 100.3601
7.0000 74.1085
7.0000 148.6730
7.0000 138.9549
7.0000 111.7148
7.0000 36.2313
7.0000 140.4839
7.0000 135.7283
7.0000 39.4603
7.0000 149.2634
7.0000 127.2612
7.0000 132.8833
7.0000 109.9475
7.0000 98.1780
7.0000 71.0048
7.0000 120.6733
7.0000 91.3328
7.0000 139.5426
7.0000 144.6799
7.0000 68.9451
7.0000 126.6759
7.0000 158.2715
7.0000 60.1125
7.0000 130.2672
7.0000 133.7965
7.0000 143.6123
7.0000 143.0579
7.0000 117.5123
7.0000 125.3857
7.0000 107.1320
7.0000 119.3498
7.0000 84.7077
7.0000 120.0742
7.0000 130.9124
7.0000 115.5968
7.0000 108.2920
7.0000 96.6178
7.0000 93.4915
7.0000 143.7054
7.0000 33.1449
7.0000 142.4313
7.0000 142.1828
7.0000 97.7539
7.0000 67.8472
7.0000 83.1921
7.0000 104.1473
7.0000 103.6926
7.0000 82.9788
7.0000 130.6002
7.0000 130.8372
7.0000 145.9573
7.0000 109.0781
7.0000 126.3528
7.0000 84.1172
7.0000 58.2156
7.0000 63.7478
7.0000 130.9578
7.0000 141.6895
7.0000 70.9047
7.0000 119.8962
7.0000 131.0806
7.0000 82.1575
7.0000 41.0866
7.0000 121.2289
7.0000 116.2143
7.0000 105.9957
7.0000 130.4550
7.0000 31.4095
7.0000 84.6837
7.0000 116.6628
7.0000 111.1041
7.0000 55.9514
7.0000 98.9265
7.0000 99.1848
7.0000 144.9962
7.0000 147.6366
7.0000 122.5672
7.0000 109.2519
7.0000 142.0282
7.0000 141.2725
7.0000 109.7830
7.0000 70.3912
7.0000 138.4443
7.0000 104.8552
7.0000 70.0685
7.0000 78.2030
7.0000 147.7986
7.0000 97.4989
7.0000 45.1079
7.0000 112.5161
7.0000 138.0074
7.0000 131.7232
7.0000 77.4285
7.0000 96.8942
7.0000 92.7549
7.0000 120.1163
7.0000 93.6140
7.0000 130.6640
7.0000 70.3959
7.0000 131.9027
7.0000 87.3107
7.0000 147.7925
7.0000 91.0200
7.0000 131.6177
7.0000 120.1982
7.0000 62.6933
7.0000 93.6712
7.0000 110.5222
7.0000 117.0687
7.0000 78.1056
7.0000 130.3623
7.0000 128.4760
7.0000 107.1643
7.0000 87.9208
7.0000 148.8230
7.0000 135.2976
7.0000 86.3676
7.0000 155.0450
7.0000 87.9900
7.0000 143.7291
7.0000 101.9436
7.0000 95.9632
7.0000 90.6069
7.0000 126.0231
7.0000 123.7083
7.0000 139.3967
7.0000 109.2555
7.0000 132.1736
7.0000 90.4812
7.0000 137.3887
7.0000 17.8406
7.0000 143.5050
7.0000 107.3705
7.0000 55.1814
7.0000 50.2076
7.0000 112.1914
7.0000 51.8623
7.0000 129.1111
7.0000 113.0538
7.0000 98.4744
7.0000 101.9794
7.0000 120.4228
7.0000 112.1753
7.0000 86.2498
7.0000 123.8366
7.0000 124.1341
7.0000 140.5002
7.0000 116.6670
7.0000 108.4236
7.0000 145.1915
7.0000 111.1707
7.0000 149.8897
7.0000 99.0552
7.0000 120.5275
7.0000 139.1666
7.0000 114.6674
7.0000 82.5798
7.0000 71.2626
7.0000 101.0772
7.0000 127.8070
7.0000 89.0412
7.0000 53.8699
7.0000 137.0339
7.0000 108.8099
7.0000 120.5622
7.0000 83.7185
7.0000 144.6025
7.0000 81.6314
7.0000 47.3362
7.0000 83.4316
7.0000 133.7651
7.0000 89.8304
7.0000 112.2575
7.0000 111.5334
7.0000 78.1529
7.0000 142.4933
7.0000 117.3458
7.0000 73.3158
7.0000 76.6231
7.0000 129.6679
7.0000 123.6500
7.0000 90.4706
7.0000 77.9083
7.0000 150.1940
7.0000 137.6862
7.0000 114.5426
7.0000 36.0071
7.0000 143.6704
7.0000 135.0004
7.0000 151.4277
7.0000 116.9574
7.0000 115.4866
7.0000 135.6482
7.0000 124.6541
7.0000 90.2332
7.0000 111.2238
7.0000 119.1241
7.0000 154.7091
7.0000 109.1099
7.0000 148.7516
7.0000 132.4060
7.0000 64.5080
7.0000 73.3108
7.0000 125.5363
7.0000 106.8657
7.0000 120.7989
7.0000 124.7520
7.0000 108.7827
7.0000 138.1353
7.0000 69.5640
7.0000 102.1932
7.0000 128.1576
7.0000 105.7861
7.0000 148.6300
7.0000 87.5746
7.0000 84.1234
7.0000 129.0524
7.0000 131.6448
7.0000 86.5773
7.0000 120.7920
7.0000 145.8880
7.0000 63.3431
7.0000 69.4010
7.0000 70.0307
7.0000 137.1012
7.0000 145.4408
7.0000 111.4149
7.0000 58.7850
7.0000 54.8474
7.0000 88.1943
7.0000 124.7150
7.0000 62.4159
7.0000 121.0242
7.0000 111.9289
7.0000 113.3925
7.0000 34.2116
7.0000 131.3389
7.0000 129.6350
7.0000 108.7018
7.0000 138.1853
7.0000 107.1420
7.0000 144.1956
7.0000 100.3739
7.0000 125.7381
7.0000 78.3080
7.0000 56.8368
7.0000 71.2642
7.0000 139.6923
7.0000 140.7126
7.0000 138.3260
7.0000 73.5718
7.0000 106.4352
7.0000 124.7918
7.0000 41.3764
7.0000 131.2175
7.0000 80.0383
7.0000 138.5096
7.0000 111.5211
7.0000 110.7619
7.0000 140.1036
7.0000 104.5368
7.0000 76.2272
7.0000 89.7716
7.0000 108.1241
7.0000 145.5626
7.0000 133.2271
7.0000 162.9925
7.0000 144.7706
7.0000 95.7996
7.0000 50.8577
7.0000 96.4166
7.0000 61.0324
7.0000 116.0436
7.0000 108.2993
7.0000 69.6329
7.0000 118.3109
7.0000 153.7905
7.0000 129.0427
7.0000 101.6590
7.0000 27.5242
7.0000 128.0414
7.0000 154.2076
7.0000 88.6288
7.0000 74.5890
7.0000 144.5337
7.0000 107.9676
7.0000 137.6032
7.0000 71.3870
7.0000 145.9826
7.0000 119.8252
7.0000 101.2302
7.0000 117.5225
7.0000 117.6748
7.0000 85.4773
7.0000 123.5271
7.0000 104.7336
7.0000 117.7349
7.0000 145.5254
7.0000 123.5628
7.0000 137.6401
7.0000 127.8940
7.0000 126.6548
7.0000 72.1337
7.0000 137.3038
7.0000 85.0920
7.0000 125.4080
7.0000 122.7738
7.0000 63.5975
7.0000 133.5265
7.0000 133.4919
7.0000 102.9104
7.0000 90.9998
7.0000 83.3592
7.0000 33.1061
7.0000 60.4987
7.0000 146.5610
7.0000 87.8267
7.0000 124.4131
7.0000 97.0512
7.0000 131.7616
7.0000 105.1434
7.0000 129.4699
7.0000 114.5839
7.0000 126.2771
7.0000 117.2742
7.0000 8.0484
7.0000 150.8987
7.0000 78.7019
7.0000 71.5478
7.0000 68.0974
7.0000 129.4080
7.0000 118.3986
7.0000 117.6137
7.0000 141.8464
7.0000 73.2004
7.0000 71.4795
7.0000 116.4676
7.0000 88.9676
7.0000 52.1665
7.0000 104.5430
7.0000 124.0143
7.0000 126.9729
7.0000 136.7576
7.0000 118.8866
7.0000 135.3918
7.0000 141.8972
7.0000 130.8155
7.0000 136.4517
7.0000 102.6970
7.0000 111.4838
7.0000 22.7075
7.0000 124.3768
7.0000 126.2530
7.0000 131.7432
7.0000 130.2136
7.0000 114.8796
7.0000 120.6525
7.0000 145.0860
7.0000 144.5198
7.0000 137.9957
7.0000 78.9583
7.0000 138.2524
7.0000 151.7599
7.0000 105.2953
7.0000 71.7678
7.0000 64.8254
7.0000 143.3990
7.0000 133.0568
7.0000 78.8431
7.0000 102.2573
7.0000 107.8462
7.0000 82.7453
7.0000 118.9326
7.0000 105.8990
7.0000 124.9543
7.0000 122.8326
7.0000 144.6761
7.0000 125.4070
7.0000 89.2574
7.0000 119.9824
7.0000 102.0528
7.0000 69.6472
7.0000 111.9985
7.0000 82.2704
7.0000 132.7401
7.0000 57.5071
7.0000 99.4658
7.0000 94.7900
7.0000 139.1627
7.0000 132.2417
7.0000 104.3628
7.0000 125.9143
7.0000 35.0069
7.0000 146.3044
7.0000 139.4904
7.0000 125.8675
7.0000 119.7766
7.0000 106.3332
7.0000 138.9799
7.0000 68.3482
7.0000 143.9311
7.0000 124.0416
7.0000 115.6324
7.0000 154.1331
7.0000 136.7219
7.0000 130.6919
7.0000 77.3884
7.0000 89.8587
7.0000 126.2712
7.0000 134.5880
7.0000 42.1881
7.0000 120.3987
7.0000 126.0874
7.0000 111.2444
7.0000 157.5013
7.0000 137.5428
7.0000 153.4121
7.0000 133.8474
7.0000 135.4071
7.0000 106.5295
7.0000 88.7194
7.0000 135.7049
7.0000 148.8724
7.0000 37.5914
7.0000 80.9253
7.0000 137.5665
7.0000 93.9020
